<TICKER>,<PER>,<DATE>,<TIME>,<OPEN>,<HIGH>,<LOW>,<CLOSE>,<VOL>,<OPENINT>
COHN.US,5,20210922,153000,20.8,20.8,20.8,20.8,900,0
COHN.US,5,20210922,154000,20.355,20.6805,20.355,20.6805,403,0
COHN.US,5,20210922,155500,20.42,20.42,20.42,20.42,200,0
COHN.US,5,20210922,160000,20.55,20.76,20.55,20.76,300,0
COHN.US,5,20210922,160500,20.54,20.65,20.54,20.54,900,0
COHN.US,5,20210922,161000,20.54,20.54,20.446,20.446,400,0
COHN.US,5,20210922,161500,20.109,20.109,20.109,20.109,200,0
COHN.US,5,20210922,174000,20.2101,20.2101,20.2101,20.2101,300,0
COHN.US,5,20210922,174500,20.49,20.49,20.239,20.239,299,0
COHN.US,5,20210922,175500,20.5,20.51,20.5,20.51,200,0
COHN.US,5,20210922,180000,20.5,20.54,20.44,20.54,500,0
COHN.US,5,20210922,180500,20.54,20.54,20.54,20.54,300,0
COHN.US,5,20210922,185000,20.545,20.545,20.545,20.545,100,0
COHN.US,5,20210922,190500,20.4313,20.4313,20.4313,20.4313,100,0
COHN.US,5,20210922,201500,20.5193,20.72,20.5193,20.72,465,0
COHN.US,5,20210922,211500,20.6158,20.675,20.6158,20.66,1200,0
COHN.US,5,20210922,213000,20.51,20.51,20.51,20.51,200,0
COHN.US,5,20210922,215500,20.624,20.624,20.4,20.4,580,0
COHN.US,5,20210923,155000,20.74,20.74,20.5,20.5,2240,0
COHN.US,5,20210923,155500,20.555,20.555,20.555,20.555,882,0
COHN.US,5,20210923,161000,20.56,20.67,20.56,20.67,200,0
COHN.US,5,20210923,161500,20.58,20.58,20.5,20.5,200,0
COHN.US,5,20210923,162500,20.6747,20.7,20.6747,20.7,575,0
COHN.US,5,20210923,164500,20.7017,20.7017,20.7017,20.7017,401,0
COHN.US,5,20210923,165000,20.75,21.12,20.75,21.06,3703,0
COHN.US,5,20210923,165500,21.2999,21.2999,20.95,21.04,500,0
COHN.US,5,20210923,170500,20.91,20.91,20.9,20.9,200,0
COHN.US,5,20210923,171000,20.74,20.74,20.74,20.74,200,0
COHN.US,5,20210923,173500,20.78,20.78,20.75,20.75,200,0
COHN.US,5,20210923,191000,20.89,20.9,20.89,20.9,250,0
COHN.US,5,20210923,191500,20.9,20.91,20.853,20.853,800,0
COHN.US,5,20210923,192500,21,21,21,21,100,0
COHN.US,5,20210923,200000,20.97,20.97,20.97,20.97,100,0
COHN.US,5,20210923,200500,20.91,20.91,20.91,20.91,100,0
COHN.US,5,20210923,210000,20.845,20.845,20.6901,20.6901,311,0
COHN.US,5,20210923,211000,20.71,20.71,20.71,20.71,215,0
COHN.US,5,20210923,212500,20.9999,20.9999,20.9999,20.9999,100,0
COHN.US,5,20210923,213000,20.71,20.805,20.6201,20.6201,1047,0
COHN.US,5,20210924,153000,20.51,20.51,20.47,20.47,225,0
COHN.US,5,20210924,153500,20.35,20.54,20.35,20.54,600,0
COHN.US,5,20210924,155000,20.45,20.45,20.45,20.45,100,0
COHN.US,5,20210924,160000,20.45,20.45,20.45,20.45,100,0
COHN.US,5,20210924,160500,20.94,20.94,20.94,20.94,100,0
COHN.US,5,20210924,161000,20.7,20.7,20.7,20.7,100,0
COHN.US,5,20210924,162000,20.8,20.8,20.8,20.8,100,0
COHN.US,5,20210924,163500,20.9499,20.9499,20.9499,20.9499,100,0
COHN.US,5,20210924,165000,20.51,20.51,20.5001,20.5001,304,0
COHN.US,5,20210924,170500,20.6,20.6,20.6,20.6,100,0
COHN.US,5,20210924,172500,20.5,20.5,20.5,20.5,300,0
COHN.US,5,20210924,180000,20.56,20.56,20.55,20.55,1099,0
COHN.US,5,20210924,180500,20.8452,20.8452,20.8452,20.8452,186,0
COHN.US,5,20210924,183500,20.5,20.5,20.49,20.49,400,0
COHN.US,5,20210924,184500,20.54,20.54,20.54,20.54,376,0
COHN.US,5,20210924,191500,20.74,20.74,20.74,20.74,100,0
COHN.US,5,20210924,195500,20.71,20.73,20.71,20.73,200,0
COHN.US,5,20210924,202000,20.7234,20.74,20.7234,20.74,800,0
COHN.US,5,20210924,204000,20.72,20.73,20.72,20.73,333,0
COHN.US,5,20210924,215500,20.74,20.74,20.7,20.7,500,0
COHN.US,5,20210927,153000,20.72,20.7502,20.18,20.18,2135,0
COHN.US,5,20210927,154500,20.6545,20.6545,20.6545,20.6545,100,0
COHN.US,5,20210927,155000,20.62,20.7,20.62,20.7,524,0
COHN.US,5,20210927,155500,20.6999,20.7,20.6639,20.6639,600,0
COHN.US,5,20210927,160000,20.6742,20.6742,20.6742,20.6742,100,0
COHN.US,5,20210927,160500,20.67,20.67,20.67,20.67,120,0
COHN.US,5,20210927,161000,20.77,20.87,20.77,20.87,200,0
COHN.US,5,20210927,161500,20.98,21.25,20.98,21.0949,1712,0
COHN.US,5,20210927,162000,21.07,21.07,21.07,21.07,200,0
COHN.US,5,20210927,162500,21.09,21.09,21.0147,21.05,450,0
COHN.US,5,20210927,163000,21.09,21.15,21.09,21.09,2453,0
COHN.US,5,20210927,163500,21.07,21.15,20.97,21.15,950,0
COHN.US,5,20210927,165000,20.9,20.99,20.9,20.99,400,0
COHN.US,5,20210927,165500,20.87,20.87,20.87,20.87,100,0
COHN.US,5,20210927,170500,20.77,20.77,20.77,20.77,100,0
COHN.US,5,20210927,171000,20.676,20.676,20.676,20.676,300,0
COHN.US,5,20210927,173500,20.8,20.8,20.8,20.8,100,0
COHN.US,5,20210927,174000,20.76,20.76,20.76,20.76,100,0
COHN.US,5,20210927,190500,20.965,20.965,20.965,20.965,200,0
COHN.US,5,20210927,192500,20.7618,20.95,20.7618,20.95,950,0
COHN.US,5,20210927,193000,20.9499,20.9499,20.9499,20.9499,150,0
COHN.US,5,20210927,202000,20.88,20.96,20.855,20.96,1860,0
COHN.US,5,20210927,202500,21,21.13,21,21.13,797,0
COHN.US,5,20210927,203000,21.06,21.11,21.06,21.11,400,0
COHN.US,5,20210927,204000,21.07,21.07,21.07,21.07,100,0
COHN.US,5,20210927,204500,21.03,21.2,21.03,21.2,1400,0
COHN.US,5,20210927,205000,21.1941,21.3,21.17,21.3,4647,0
COHN.US,5,20210927,210000,21.2001,21.2001,21.06,21.06,4100,0
COHN.US,5,20210927,211000,21.21,21.21,21.21,21.21,100,0
COHN.US,5,20210927,212000,21.2346,21.38,21.2346,21.37,1046,0
COHN.US,5,20210927,213000,21.6499,21.7161,21.485,21.7161,6877,0
COHN.US,5,20210927,213500,21.7399,21.77,21.41,21.4103,11728,0
COHN.US,5,20210927,214000,21.9,21.9,21.9,21.9,100,0
COHN.US,5,20210927,214500,21.8382,21.8382,21.8382,21.8382,104,0
COHN.US,5,20210927,215000,21.88,21.88,21.745,21.745,238,0
COHN.US,5,20210927,215500,21.745,21.8799,21.7325,21.86,3390,0
COHN.US,5,20210928,153000,21.51,21.51,21.27,21.27,541,0
COHN.US,5,20210928,155500,21.3275,21.4982,21.3275,21.4982,350,0
COHN.US,5,20210928,160000,21.51,21.51,21.4001,21.4001,1100,0
COHN.US,5,20210928,160500,21.4,21.4,21.12,21.12,1100,0
COHN.US,5,20210928,161000,21.162,21.4848,21.162,21.4848,200,0
COHN.US,5,20210928,162000,21.01,21.1,21.01,21.1,396,0
COHN.US,5,20210928,162500,21.0488,21.0488,21.0488,21.0488,575,0
COHN.US,5,20210928,163500,21.35,21.35,21.35,21.35,100,0
COHN.US,5,20210928,164000,21.04,21.04,21,21,511,0
COHN.US,5,20210928,164500,20.76,20.76,20.76,20.76,100,0
COHN.US,5,20210928,170000,20.775,20.7798,20.5501,20.5501,3400,0
COHN.US,5,20210928,170500,20.9034,20.9034,20.9034,20.9034,100,0
COHN.US,5,20210928,171000,20.825,20.825,20.825,20.825,100,0
COHN.US,5,20210928,171500,20.755,20.755,20.755,20.755,100,0
COHN.US,5,20210928,173000,20.85,20.85,20.85,20.85,100,0
COHN.US,5,20210928,175000,20.78,20.78,20.78,20.78,100,0
COHN.US,5,20210928,180000,20.725,20.725,20.725,20.725,100,0
COHN.US,5,20210928,190000,20.7303,20.7303,20.59,20.59,200,0
COHN.US,5,20210928,192500,20.695,20.7261,20.695,20.695,400,0
COHN.US,5,20210928,193000,20.7997,20.88,20.695,20.765,2500,0
COHN.US,5,20210928,195500,20.53,20.53,20.53,20.53,100,0
COHN.US,5,20210928,200500,20.74,20.74,20.74,20.74,200,0
COHN.US,5,20210928,202000,20.41,20.6999,20.41,20.6999,200,0
COHN.US,5,20210928,205000,20.59,20.6,20.59,20.59,400,0
COHN.US,5,20210928,205500,20.43,20.43,20.43,20.43,100,0
COHN.US,5,20210928,210500,20.71,20.71,20.69,20.69,300,0
COHN.US,5,20210928,215500,20.5,20.8,20.49,20.8,400,0
COHN.US,5,20210929,153000,20.71,20.71,20.71,20.71,363,0
COHN.US,5,20210929,154000,20.61,20.61,20.5,20.5,500,0
COHN.US,5,20210929,160000,20.6999,20.6999,20.5,20.5,200,0
COHN.US,5,20210929,164000,20.44,20.44,20.4,20.4,200,0
COHN.US,5,20210929,174000,20.4,20.4,20.4,20.4,100,0
COHN.US,5,20210929,182000,20.28,20.3177,20.28,20.3177,958,0
COHN.US,5,20210929,183000,20.214,20.214,20.214,20.214,200,0
COHN.US,5,20210929,183500,20,20.2364,19.88,19.88,1266,0
COHN.US,5,20210929,184500,20.03,20.07,20.03,20.07,200,0
COHN.US,5,20210929,185000,20.07,20.29,19.985,20.29,400,0
COHN.US,5,20210929,193000,20.36,20.36,20.36,20.36,118,0
COHN.US,5,20210929,195000,20.34,20.34,20.34,20.34,100,0
COHN.US,5,20210929,195500,20.41,20.42,20.41,20.42,700,0
COHN.US,5,20210929,201000,20.6,20.6,20.51,20.51,200,0
COHN.US,5,20210929,202000,20.44,20.44,20.4006,20.43,500,0
COHN.US,5,20210929,210000,20.26,20.26,20.26,20.26,189,0
COHN.US,5,20210929,211000,20.3334,20.3334,20.3334,20.3334,200,0
COHN.US,5,20210929,211500,20.3334,20.3334,20.3334,20.3334,200,0
COHN.US,5,20210929,215500,20,20,19.92,19.92,234,0
COHN.US,5,20210930,153000,20.23,20.23,20.23,20.23,263,0
COHN.US,5,20210930,154500,20.13,20.13,20.13,20.13,100,0
COHN.US,5,20210930,155500,20.11,20.11,20.01,20.01,700,0
COHN.US,5,20210930,162000,19.98,19.98,19.98,19.98,100,0
COHN.US,5,20210930,162500,19.6201,19.6201,19.6201,19.6201,500,0
COHN.US,5,20210930,170000,19.7001,19.7001,19.7001,19.7001,200,0
COHN.US,5,20210930,171000,19.835,19.835,19.835,19.835,500,0
COHN.US,5,20210930,173000,19.7,19.7,19.57,19.57,1300,0
COHN.US,5,20210930,173500,19.55,19.58,19.55,19.58,365,0
COHN.US,5,20210930,175000,19.38,19.38,19.38,19.38,100,0
COHN.US,5,20210930,181000,19.38,19.38,19.2,19.2,1869,0
COHN.US,5,20210930,181500,19.15,19.3458,19.1,19.2042,5096,0
COHN.US,5,20210930,182000,19.33,19.4,19.3006,19.37,1000,0
COHN.US,5,20210930,182500,19.31,19.31,19.31,19.31,100,0
COHN.US,5,20210930,183500,19.28,19.28,19.28,19.28,100,0
COHN.US,5,20210930,184500,19.22,19.22,19.2,19.2,1306,0
COHN.US,5,20210930,190500,19.57,19.57,19.57,19.57,100,0
COHN.US,5,20210930,195000,19.58,19.58,19.57,19.57,1600,0
COHN.US,5,20210930,200000,19.4332,19.4332,19.4332,19.4332,150,0
COHN.US,5,20210930,204000,19.07,19.07,19.07,19.07,100,0
COHN.US,5,20210930,210000,19.2866,19.4,19.2866,19.4,200,0
COHN.US,5,20210930,211000,19.39,19.39,19.39,19.39,300,0
COHN.US,5,20210930,211500,19.39,19.39,19.39,19.39,100,0
COHN.US,5,20210930,212500,19.2201,19.2201,19.2201,19.2201,160,0
COHN.US,5,20210930,213000,19.35,19.42,19.35,19.42,700,0
COHN.US,5,20210930,214500,19.45,19.45,19.3168,19.3168,404,0
COHN.US,5,20210930,215500,19.37,19.37,19.2681,19.29,439,0
COHN.US,5,20211001,153000,19.52,19.805,19.52,19.805,1990,0
COHN.US,5,20211001,153500,19.91,19.91,19.91,19.91,100,0
COHN.US,5,20211001,154000,19.8396,19.8396,19.8396,19.8396,500,0
COHN.US,5,20211001,154500,19.9091,19.95,19.88,19.88,500,0
COHN.US,5,20211001,161000,19.61,19.62,19.53,19.61,500,0
COHN.US,5,20211001,170500,19.8,20.1,19.582,19.73,12385,0
COHN.US,5,20211001,171000,19.73,20.34,19.73,19.7976,6908,0
COHN.US,5,20211001,171500,19.8,20.2,19.7801,20.1622,17148,0
COHN.US,5,20211001,173000,20,20,20,20,200,0
COHN.US,5,20211001,175000,19.63,19.63,19.63,19.63,100,0
COHN.US,5,20211001,175500,19.63,19.99,19.6001,19.63,1885,0
COHN.US,5,20211001,182500,19.88,19.88,19.88,19.88,200,0
COHN.US,5,20211001,183000,20.0132,20.0132,20.0132,20.0132,500,0
COHN.US,5,20211001,184000,19.943,20.18,19.9127,20.13,900,0
COHN.US,5,20211001,184500,20.0101,20.2,20.0101,20.2,1001,0
COHN.US,5,20211001,185000,20.18,20.21,20,20,1050,0
COHN.US,5,20211001,202000,20,20.001,19.9,19.9,1800,0
COHN.US,5,20211001,202500,19.95,20.05,19.87,20.05,1480,0
COHN.US,5,20211001,203000,19.9,19.9,19.9,19.9,100,0
COHN.US,5,20211001,203500,19.955,19.955,19.955,19.955,250,0
COHN.US,5,20211001,211500,19.99,19.99,19.94,19.985,1295,0
COHN.US,5,20211001,212000,19.97,19.985,19.97,19.985,200,0
COHN.US,5,20211001,212500,19.895,19.895,19.895,19.895,100,0
COHN.US,5,20211001,214000,19.82,19.82,19.76,19.8,1100,0
COHN.US,5,20211001,214500,19.85,19.85,19.85,19.85,200,0
COHN.US,5,20211001,215500,19.56,19.9,19.5,19.52,3078,0
COHN.US,5,20211004,153000,19.9,19.9,19.9,19.9,162,0
COHN.US,5,20211004,153500,19.5863,19.5863,19.5,19.5,2542,0
COHN.US,5,20211004,154500,19.1457,19.1457,19.1457,19.1457,101,0
COHN.US,5,20211004,155000,19.15,19.44,19.15,19.44,330,0
COHN.US,5,20211004,155500,19.4,19.41,19.4,19.41,700,0
COHN.US,5,20211004,161000,19.59,19.59,19.59,19.59,100,0
COHN.US,5,20211004,161500,19.445,19.445,19.445,19.445,200,0
COHN.US,5,20211004,162500,19.3,19.3,19.3,19.3,435,0
COHN.US,5,20211004,163000,19.25,19.25,19.25,19.25,100,0
COHN.US,5,20211004,163500,19.1701,19.1701,19.17,19.17,899,0
COHN.US,5,20211004,164000,19.16,19.16,19.1,19.1,241,0
COHN.US,5,20211004,165000,19.1,19.12,19.06,19.1,1225,0
COHN.US,5,20211004,165500,19.2,19.2,19.2,19.2,200,0
COHN.US,5,20211004,172000,19.43,19.43,19.43,19.43,200,0
COHN.US,5,20211004,174000,19.3,19.3,19.3,19.3,200,0
COHN.US,5,20211004,175000,19.15,19.15,19.1,19.1,1200,0
COHN.US,5,20211004,180000,19.242,19.242,19.242,19.242,375,0
COHN.US,5,20211004,183000,19.3,19.3,19.3,19.3,100,0
COHN.US,5,20211004,183500,19.3,19.3,19.26,19.3,400,0
COHN.US,5,20211004,185000,19.21,19.2208,19.12,19.19,1500,0
COHN.US,5,20211004,190000,19.192,19.192,19.1,19.1,700,0
COHN.US,5,20211004,193000,19.24,19.24,19.24,19.24,960,0
COHN.US,5,20211004,193500,19.25,19.2715,19.25,19.2715,250,0
COHN.US,5,20211004,194000,19.19,19.19,19.19,19.19,100,0
COHN.US,5,20211004,194500,19.14,19.21,19.1,19.21,700,0
COHN.US,5,20211004,201000,19.26,19.26,19.26,19.26,170,0
COHN.US,5,20211004,201500,19.26,19.26,19.26,19.26,100,0
COHN.US,5,20211004,202000,19.26,19.295,19.26,19.295,1000,0
COHN.US,5,20211004,202500,19.25,19.25,19.25,19.25,100,0
COHN.US,5,20211004,203000,19.18,19.18,19.18,19.18,100,0
COHN.US,5,20211004,203500,19.1,19.1,19.1,19.1,435,0
COHN.US,5,20211004,204000,19.2,19.2,19.2,19.2,200,0
COHN.US,5,20211004,204500,19.205,19.205,19.2,19.2,400,0
COHN.US,5,20211004,205000,19.19,19.2,19.19,19.2,948,0
COHN.US,5,20211004,210000,19.4,19.4,19.4,19.4,326,0
COHN.US,5,20211004,210500,19.4,19.54,19.4,19.45,1377,0
COHN.US,5,20211004,215000,19.3968,19.3968,19.3968,19.3968,200,0
COHN.US,5,20211004,215500,19.41,19.41,19.26,19.26,1500,0
COHN.US,5,20211005,153000,19.59,19.7138,19.59,19.7138,1111,0
COHN.US,5,20211005,153500,19.7409,19.7409,19.7409,19.7409,1215,0
COHN.US,5,20211005,154000,19.4837,19.4837,19.4837,19.4837,160,0
COHN.US,5,20211005,160000,19.3493,19.3493,19.3493,19.3493,100,0
COHN.US,5,20211005,160500,19.585,19.585,19.585,19.585,200,0
COHN.US,5,20211005,161000,19.575,19.575,19.42,19.42,600,0
COHN.US,5,20211005,161500,19.416,19.416,19.416,19.416,500,0
COHN.US,5,20211005,162500,19.51,20.5,19.5,20.5,32018,0
COHN.US,5,20211005,163000,20.2985,20.88,20.02,20.64,47666,0
COHN.US,5,20211005,163500,20.79,20.79,20.5,20.5,300,0
COHN.US,5,20211005,164000,20.4006,20.6,20.4,20.495,3700,0
COHN.US,5,20211005,164500,20.5241,20.59,20.4,20.495,5600,0
COHN.US,5,20211005,165500,20.4,20.7249,20.4,20.7058,5324,0
COHN.US,5,20211005,170000,20.4001,20.8,20.4,20.595,3882,0
COHN.US,5,20211005,170500,20.79,20.79,20.79,20.79,300,0
COHN.US,5,20211005,171500,20.4001,20.595,20.4,20.4,1419,0
COHN.US,5,20211005,174000,20.7035,20.7035,20.7035,20.7035,154,0
COHN.US,5,20211005,175000,20.05,20.05,20,20,900,0
COHN.US,5,20211005,180500,20.35,20.35,20.35,20.35,850,0
COHN.US,5,20211005,182500,20.32,20.32,20.32,20.32,2000,0
COHN.US,5,20211005,183000,20.145,20.29,20.145,20.29,3400,0
COHN.US,5,20211005,184000,20.0159,20.0159,20.0159,20.0159,850,0
COHN.US,5,20211005,184500,20.0223,20.14,20.0223,20.14,444,0
COHN.US,5,20211005,200000,20.09,20.09,20.09,20.09,200,0
COHN.US,5,20211005,202000,19.84,19.93,19.61,19.61,11890,0
COHN.US,5,20211005,204500,19.72,19.72,19.72,19.72,200,0
COHN.US,5,20211005,205000,19.7,19.7,19.7,19.7,200,0
COHN.US,5,20211005,210000,19.78,19.78,19.735,19.735,600,0
COHN.US,5,20211005,213000,19.85,19.85,19.85,19.85,100,0
COHN.US,5,20211005,213500,19.68,19.8,19.65,19.78,3445,0
COHN.US,5,20211005,215500,19.98,20.22,19.96,20.22,2282,0
COHN.US,5,20211006,153000,19.82,19.82,19.82,19.82,500,0
COHN.US,5,20211006,153500,19.66,19.87,19.66,19.855,1191,0
COHN.US,5,20211006,154000,20.0366,20.0366,19.82,19.825,1295,0
COHN.US,5,20211006,155000,20.0513,20.0513,20.0513,20.0513,125,0
COHN.US,5,20211006,160500,20.02,20.02,20.02,20.02,100,0
COHN.US,5,20211006,162000,19.9001,19.9001,19.9001,19.9001,112,0
COHN.US,5,20211006,170000,20.05,20.06,20.05,20.06,200,0
COHN.US,5,20211006,171000,20,20,19.95,20,480,0
COHN.US,5,20211006,171500,20,20.3,19.97,20.3,700,0
COHN.US,5,20211006,182000,20.13,20.13,20.1,20.1,400,0
COHN.US,5,20211006,184000,19.92,20.07,19.92,20.07,550,0
COHN.US,5,20211006,184500,20.07,20.07,20.07,20.07,300,0
COHN.US,5,20211006,185500,20.08,20.08,20.08,20.08,500,0
COHN.US,5,20211006,190500,19.9558,19.9558,19.9558,19.9558,300,0
COHN.US,5,20211006,193500,20.25,20.25,20.25,20.25,200,0
COHN.US,5,20211006,201000,20.23,20.3,20.22,20.3,3100,0
COHN.US,5,20211006,201500,20.464,20.464,20.3429,20.36,600,0
COHN.US,5,20211006,202000,20.36,20.4,20.1429,20.2285,1500,0
COHN.US,5,20211006,215500,20.44,20.48,20.44,20.48,241,0
COHN.US,5,20211007,153500,20.7,20.7,20.64,20.7,700,0
COHN.US,5,20211007,154000,20.8354,20.8354,20.81,20.81,600,0
COHN.US,5,20211007,155500,20.9864,20.9864,20.9864,20.9864,500,0
COHN.US,5,20211007,160000,20.94,20.99,20.75,20.75,3800,0
COHN.US,5,20211007,161500,20.85,21.2892,20.845,20.845,2408,0
COHN.US,5,20211007,162000,20.8959,20.8959,20.8959,20.8959,100,0
COHN.US,5,20211007,164000,21.2,21.2,21.2,21.2,100,0
COHN.US,5,20211007,164500,20.91,20.91,20.91,20.91,100,0
COHN.US,5,20211007,165500,20.95,20.95,20.95,20.95,200,0
COHN.US,5,20211007,170000,20.95,20.95,20.83,20.83,200,0
COHN.US,5,20211007,170500,20.95,20.95,20.95,20.95,350,0
COHN.US,5,20211007,171500,21.05,21.05,21.05,21.05,100,0
COHN.US,5,20211007,172500,20.71,20.71,20.71,20.71,100,0
COHN.US,5,20211007,173500,20.7504,20.7504,20.7504,20.7504,1000,0
COHN.US,5,20211007,174000,20.8,20.8,20.75,20.75,400,0
COHN.US,5,20211007,174500,21.05,21.05,21.05,21.05,100,0
COHN.US,5,20211007,180000,20.74,20.75,20.732,20.732,593,0
COHN.US,5,20211007,180500,20.7501,20.7501,20.7501,20.7501,124,0
COHN.US,5,20211007,182500,20.965,20.965,20.965,20.965,151,0
COHN.US,5,20211007,184500,21.15,21.15,21.15,21.15,100,0
COHN.US,5,20211007,191000,21.15,21.15,21.15,21.15,100,0
COHN.US,5,20211007,200500,20.9782,20.9782,20.926,20.926,500,0
COHN.US,5,20211007,202000,20.89,20.94,20.89,20.94,200,0
COHN.US,5,20211007,203000,21,21,21,21,100,0
COHN.US,5,20211007,203500,20.85,20.85,20.85,20.85,100,0
COHN.US,5,20211007,204500,20.88,20.89,20.88,20.88,300,0
COHN.US,5,20211007,205000,20.89,21,20.89,21,800,0
COHN.US,5,20211007,211000,20.81,20.81,20.81,20.81,100,0
COHN.US,5,20211007,215500,20.75,20.75,20.75,20.75,224,0
COHN.US,5,20211008,153000,20.7,20.7,20.7,20.7,291,0
COHN.US,5,20211008,154500,20.89,21.1544,20.89,20.98,1200,0
COHN.US,5,20211008,155500,20.6178,20.706,20.6178,20.706,500,0
COHN.US,5,20211008,160000,20.6178,20.795,20.59,20.59,1500,0
COHN.US,5,20211008,160500,20.5901,20.5901,20.5901,20.5901,1000,0
COHN.US,5,20211008,161000,20.9061,20.91,20.9061,20.91,350,0
COHN.US,5,20211008,162000,20.93,20.93,20.77,20.77,250,0
COHN.US,5,20211008,165500,20.648,20.648,20.46,20.495,1492,0
COHN.US,5,20211008,171000,20.495,20.495,20.495,20.495,100,0
COHN.US,5,20211008,172500,20.4,20.4,20.4,20.4,496,0
COHN.US,5,20211008,174500,20.54,20.54,20.54,20.54,200,0
COHN.US,5,20211008,175000,20.45,20.53,20.45,20.53,200,0
COHN.US,5,20211008,181500,20.4926,20.4926,20.4926,20.4926,360,0
COHN.US,5,20211008,182500,20.355,20.51,20.24,20.24,700,0
COHN.US,5,20211008,184500,20.37,20.37,20.37,20.37,100,0
COHN.US,5,20211008,200000,20.27,20.49,20.27,20.365,1800,0
COHN.US,5,20211008,202500,20.32,20.32,20.32,20.32,200,0
COHN.US,5,20211008,203500,20.415,20.415,20.0101,20.0101,16748,0
COHN.US,5,20211008,210000,20.39,20.39,20.245,20.245,400,0
COHN.US,5,20211008,210500,20.313,20.313,20.313,20.313,100,0
COHN.US,5,20211008,211000,20.14,20.14,19.89,19.99,15190,0
COHN.US,5,20211008,212500,20,20,19.98,19.99,500,0
COHN.US,5,20211008,214500,19.92,19.995,19.92,19.995,500,0
COHN.US,5,20211008,215500,20.03,20.05,19.88,19.88,2074,0
COHN.US,5,20211011,155000,19.8427,19.8427,19.8427,19.8427,200,0
COHN.US,5,20211011,155500,19.84,19.84,19.83,19.83,200,0
COHN.US,5,20211011,160000,19.83,19.835,19.775,19.835,400,0
COHN.US,5,20211011,160500,19.84,20.17,19.84,20.05,2099,0
COHN.US,5,20211011,162500,19.845,19.845,19.845,19.845,100,0
COHN.US,5,20211011,163000,19.9363,19.9363,19.9363,19.9363,500,0
COHN.US,5,20211011,171000,19.76,19.76,19.76,19.76,100,0
COHN.US,5,20211011,172000,19.8,19.8,19.8,19.8,100,0
COHN.US,5,20211011,173000,20.02,20.02,20.02,20.02,100,0
COHN.US,5,20211011,175000,19.8,19.8,19.8,19.8,400,0
COHN.US,5,20211011,175500,19.95,19.96,19.91,19.91,900,0
COHN.US,5,20211011,181000,20.02,20.02,20.02,20.02,200,0
COHN.US,5,20211011,185000,20.18,20.18,20.18,20.18,200,0
COHN.US,5,20211011,190000,20.065,20.065,20.065,20.065,125,0
COHN.US,5,20211011,190500,19.96,19.96,19.96,19.96,100,0
COHN.US,5,20211011,194500,19.8,19.8,19.8,19.8,300,0
COHN.US,5,20211011,201500,19.695,19.695,19.695,19.695,107,0
COHN.US,5,20211011,202000,19.7871,19.7871,19.7871,19.7871,500,0
COHN.US,5,20211011,203000,19.75,19.75,19.75,19.75,100,0
COHN.US,5,20211011,213000,19.5625,19.5625,19.5625,19.5625,200,0
COHN.US,5,20211011,213500,19.56,19.56,19.56,19.56,100,0
COHN.US,5,20211011,215500,19.57,19.71,19.57,19.71,205,0
COHN.US,5,20211012,153000,19.7,19.7,19.7,19.7,106,0
COHN.US,5,20211012,154000,20.22,20.22,20.22,20.22,100,0
COHN.US,5,20211012,161500,19.85,19.86,19.85,19.86,200,0
COHN.US,5,20211012,162500,19.71,19.86,19.71,19.86,523,0
COHN.US,5,20211012,164000,19.675,19.74,19.675,19.73,600,0
COHN.US,5,20211012,170000,19.86,19.86,19.69,19.69,700,0
COHN.US,5,20211012,172000,19.7468,19.7468,19.7468,19.7468,100,0
COHN.US,5,20211012,180000,19.85,19.85,19.84,19.85,300,0
COHN.US,5,20211012,182000,19.94,19.94,19.94,19.94,200,0
COHN.US,5,20211012,182500,19.85,19.85,19.75,19.75,350,0
COHN.US,5,20211012,185000,19.9,19.9,19.9,19.9,1000,0
COHN.US,5,20211012,185500,19.8,19.8,19.8,19.8,124,0
COHN.US,5,20211012,194000,19.8,19.8,19.8,19.8,100,0
COHN.US,5,20211012,201500,19.85,19.85,19.85,19.85,300,0
COHN.US,5,20211012,202000,19.8743,19.89,19.8743,19.89,600,0
COHN.US,5,20211012,205000,19.75,19.78,19.65,19.65,999,0
COHN.US,5,20211012,210500,19.68,19.8688,19.68,19.8688,650,0
COHN.US,5,20211013,153000,19.9,19.9945,19.9,19.9945,205,0
COHN.US,5,20211013,161000,20.1444,20.1444,20.1444,20.1444,500,0
COHN.US,5,20211013,161500,19.88,19.88,19.88,19.88,100,0
COHN.US,5,20211013,170500,19.9924,19.9924,19.9924,19.9924,250,0
COHN.US,5,20211013,174000,19.91,19.91,19.91,19.91,500,0
COHN.US,5,20211013,183500,19.91,19.91,19.83,19.8783,975,0
COHN.US,5,20211013,184500,19.823,19.9071,19.823,19.9071,500,0
COHN.US,5,20211013,185000,19.8652,19.8652,19.8652,19.8652,500,0
COHN.US,5,20211013,191000,19.63,19.63,19.63,19.63,500,0
COHN.US,5,20211013,193500,19.77,19.77,19.77,19.77,1000,0
COHN.US,5,20211013,194500,19.63,19.63,19.63,19.63,750,0
COHN.US,5,20211013,205000,19.75,19.81,19.75,19.81,300,0
COHN.US,5,20211013,205500,19.91,20.13,19.91,19.96,1274,0
COHN.US,5,20211014,153000,19.9813,19.9813,19.9813,19.9813,423,0
COHN.US,5,20211014,153500,19.97,20,19.97,20,350,0
COHN.US,5,20211014,154000,19.7326,19.7326,19.7326,19.7326,360,0
COHN.US,5,20211014,155500,19.94,20,19.94,19.96,600,0
COHN.US,5,20211014,160500,20.13,20.13,20.13,20.13,250,0
COHN.US,5,20211014,161000,20.13,20.13,20.13,20.13,100,0
COHN.US,5,20211014,161500,20.08,20.08,20.08,20.08,300,0
COHN.US,5,20211014,163000,20.105,20.23,20.1,20.23,300,0
COHN.US,5,20211014,163500,20.405,20.4399,20.405,20.4399,300,0
COHN.US,5,20211014,164000,20.42,20.42,19.73,19.73,5227,0
COHN.US,5,20211014,171000,20.1,20.1,20.1,20.1,399,0
COHN.US,5,20211014,181000,20,20,19.95,19.95,300,0
COHN.US,5,20211014,185000,20.05,20.05,19.9,19.9,233,0
COHN.US,5,20211014,190500,19.86,19.89,19.86,19.89,800,0
COHN.US,5,20211014,193000,19.8408,19.8408,19.8408,19.8408,100,0
COHN.US,5,20211014,202500,19.97,19.97,19.935,19.935,1000,0
COHN.US,5,20211014,203500,19.885,19.885,19.885,19.885,100,0
COHN.US,5,20211014,215500,19.8301,19.9725,19.8301,19.9725,200,0
COHN.US,5,20211015,153000,20,20.88,20,20.88,7059,0
COHN.US,5,20211015,153500,20.7951,21.3894,20.66,20.995,14903,0
COHN.US,5,20211015,154000,20.9884,21.43,20.76,21.105,7238,0
COHN.US,5,20211015,154500,21.105,21.81,20.825,21.373,23238,0
COHN.US,5,20211015,155000,21.55,21.57,21.19,21.19,9116,0
COHN.US,5,20211015,155500,21.0527,21.55,21.02,21.2,4652,0
COHN.US,5,20211015,160000,21.275,21.55,21.275,21.275,2000,0
COHN.US,5,20211015,160500,21.44,21.44,21.19,21.19,400,0
COHN.US,5,20211015,161000,20.8929,21.43,20.85,20.85,4470,0
COHN.US,5,20211015,161500,20.805,20.99,20.805,20.8163,1760,0
COHN.US,5,20211015,162000,20.8841,20.8841,20.8841,20.8841,500,0
COHN.US,5,20211015,163000,20.76,20.905,20.56,20.905,1328,0
COHN.US,5,20211015,163500,21.3,21.3,20.87,21.0273,1616,0
COHN.US,5,20211015,171500,20.62,20.62,20.62,20.62,750,0
COHN.US,5,20211015,182500,20.7899,20.79,20.7899,20.79,254,0
COHN.US,5,20211015,185500,20.74,20.74,20.74,20.74,100,0
COHN.US,5,20211015,190000,20.6576,20.6576,20.6576,20.6576,100,0
COHN.US,5,20211015,190500,20.6226,20.6226,20.61,20.61,600,0
COHN.US,5,20211015,191000,20.61,20.61,20.57,20.6,600,0
COHN.US,5,20211015,192000,20.5,20.5,20.16,20.49,1158,0
COHN.US,5,20211015,192500,20.28,20.29,20.28,20.29,400,0
COHN.US,5,20211015,193000,20.345,20.345,20.345,20.345,250,0
COHN.US,5,20211015,203000,20.52,20.52,20.52,20.52,100,0
COHN.US,5,20211015,213000,20.45,20.45,20.45,20.45,150,0
COHN.US,5,20211015,213500,20.445,20.445,20.4402,20.445,400,0
COHN.US,5,20211015,214000,20.445,20.445,20.445,20.445,100,0
COHN.US,5,20211015,215000,20.508,20.508,20.44,20.44,600,0
COHN.US,5,20211015,215500,20.48,20.48,20.31,20.31,661,0
COHN.US,5,20211018,153000,20.33,20.33,20.33,20.33,105,0
COHN.US,5,20211018,160000,20.22,20.22,20.22,20.22,100,0
COHN.US,5,20211018,170500,20.35,20.35,20.35,20.35,200,0
COHN.US,5,20211018,180500,20.2201,20.26,20.2201,20.26,330,0
COHN.US,5,20211018,181500,20.35,20.35,20.3,20.35,630,0
COHN.US,5,20211018,184000,20.41,20.41,20.41,20.41,100,0
COHN.US,5,20211018,185500,20.41,20.41,20.41,20.41,100,0
COHN.US,5,20211018,190500,20.6277,20.6277,20.6277,20.6277,500,0
COHN.US,5,20211018,191500,20.62,20.97,20.61,20.97,3000,0
COHN.US,5,20211018,192000,21.03,21.3186,20.93,20.93,400,0
COHN.US,5,20211018,193000,20.79,21.015,20.3705,20.3705,10654,0
COHN.US,5,20211018,193500,20.425,20.715,20.2,20.2,11984,0
COHN.US,5,20211018,194000,20.73,20.73,20.73,20.73,100,0
COHN.US,5,20211018,194500,20.344,20.344,20.34,20.34,200,0
COHN.US,5,20211018,200500,20.4,20.45,20.3,20.4,1001,0
COHN.US,5,20211018,201000,20.31,20.31,20.3,20.3,1284,0
COHN.US,5,20211018,210000,20.31,20.31,20.31,20.31,100,0
COHN.US,5,20211018,211000,20.43,20.43,20.43,20.43,300,0
COHN.US,5,20211018,214000,20.4408,20.4408,20.4408,20.4408,1000,0
COHN.US,5,20211018,215500,20.325,20.325,20.2,20.21,350,0
COHN.US,5,20211019,153500,20.25,20.25,20.25,20.25,100,0
COHN.US,5,20211019,154500,20.13,20.13,19.8201,19.8201,1510,0
COHN.US,5,20211019,160500,20.01,20.01,20,20,800,0
COHN.US,5,20211019,174000,20,20,20,20,245,0
COHN.US,5,20211019,175500,20.2586,20.2586,20.16,20.22,600,0
COHN.US,5,20211019,180500,20.22,20.22,20.21,20.22,400,0
COHN.US,5,20211019,181000,20.32,20.73,20.32,20.73,2750,0
COHN.US,5,20211019,181500,20.6375,20.71,20.6,20.6,898,0
COHN.US,5,20211019,182000,20.75,20.75,20.6,20.6,1522,0
COHN.US,5,20211019,183000,20.42,20.49,20.42,20.49,600,0
COHN.US,5,20211019,183500,20.75,20.75,20.75,20.75,100,0
COHN.US,5,20211019,184000,20.71,20.71,20.71,20.71,100,0
COHN.US,5,20211019,185000,20.51,20.51,20.5,20.5,400,0
COHN.US,5,20211019,191500,20.415,20.415,20.415,20.415,100,0
COHN.US,5,20211019,195000,20.53,20.55,20.53,20.55,300,0
COHN.US,5,20211019,195500,20.61,20.61,20.61,20.61,200,0
COHN.US,5,20211019,200000,20.65,20.65,20.5,20.5,400,0
COHN.US,5,20211019,200500,20.85,20.85,20.85,20.85,100,0
COHN.US,5,20211019,202500,20.5,20.51,20.5,20.51,300,0
COHN.US,5,20211019,204000,20.51,20.51,20.5,20.5,200,0
COHN.US,5,20211019,205500,20.41,20.41,20.41,20.41,200,0
COHN.US,5,20211019,210500,20.3899,20.3899,20.3899,20.3899,300,0
COHN.US,5,20211019,211000,20.215,20.215,20.215,20.215,2500,0
COHN.US,5,20211019,213500,20.3788,20.3788,20.3788,20.3788,500,0
COHN.US,5,20211019,215500,20.385,20.385,20.35,20.35,200,0
COHN.US,5,20211020,153500,20.8062,20.8062,20.8062,20.8062,800,0
COHN.US,5,20211020,154000,20.81,20.81,20.81,20.81,100,0
COHN.US,5,20211020,154500,20.81,20.81,20.81,20.81,337,0
COHN.US,5,20211020,155000,20.61,20.61,20.61,20.61,100,0
COHN.US,5,20211020,155500,20.68,21.54,20.68,21.36,9555,0
COHN.US,5,20211020,160000,21,21.4381,21,21.4381,600,0
COHN.US,5,20211020,160500,21.11,21.47,21,21.47,5181,0
COHN.US,5,20211020,161000,21.46,21.46,21.23,21.4597,925,0
COHN.US,5,20211020,161500,21.38,21.44,21.25,21.25,1400,0
COHN.US,5,20211020,162000,21.01,21.01,21.01,21.01,125,0
COHN.US,5,20211020,164000,21.28,21.28,21.08,21.08,6282,0
COHN.US,5,20211020,172000,21.26,21.26,21.25,21.25,200,0
COHN.US,5,20211020,172500,21.25,21.25,21.25,21.25,300,0
COHN.US,5,20211020,173500,21.25,21.25,21.25,21.25,200,0
COHN.US,5,20211020,174000,21.1533,21.1533,21.1533,21.1533,100,0
COHN.US,5,20211020,183500,21.07,21.27,21.07,21.27,600,0
COHN.US,5,20211020,184000,21.3344,21.3344,21.3344,21.3344,150,0
COHN.US,5,20211020,185000,21.215,21.215,21.215,21.215,100,0
COHN.US,5,20211020,190500,21.3408,21.3599,21.3408,21.3599,318,0
COHN.US,5,20211020,191000,21.34,21.34,21.34,21.34,100,0
COHN.US,5,20211020,191500,21.23,21.2326,21.14,21.19,2183,0
COHN.US,5,20211020,192500,21.1,21.1,21.01,21.01,200,0
COHN.US,5,20211020,205000,21.27,21.27,21.27,21.27,100,0
COHN.US,5,20211020,205500,21.36,21.36,21.36,21.36,125,0
COHN.US,5,20211020,210000,21.34,21.42,21.28,21.42,2900,0
COHN.US,5,20211020,214000,21.16,21.17,20.95,21.1,2676,0
COHN.US,5,20211020,214500,21.1,21.1,21.1,21.1,100,0
COHN.US,5,20211020,215500,20.9,20.9,20.9,20.9,100,0
COHN.US,5,20211021,153000,21.06,21.3058,21.06,21.3058,475,0
COHN.US,5,20211021,155000,21.2454,21.2454,21.2297,21.2297,2601,0
COHN.US,5,20211021,160000,21.31,21.57,21.31,21.57,380,0
COHN.US,5,20211021,161000,21.5263,21.5263,21.39,21.39,525,0
COHN.US,5,20211021,161500,21.482,21.482,21.482,21.482,100,0
COHN.US,5,20211021,162500,21.4,21.4,21.32,21.32,400,0
COHN.US,5,20211021,164500,21.4001,21.4001,21.4,21.4,550,0
COHN.US,5,20211021,165500,21.23,21.23,21.08,21.08,723,0
COHN.US,5,20211021,170000,21.0278,21.2505,20.7161,20.935,5202,0
COHN.US,5,20211021,173500,21.3,21.3,21.3,21.3,100,0
COHN.US,5,20211021,175000,21.105,21.18,21.105,21.18,990,0
COHN.US,5,20211021,181500,20.9,20.9,20.9,20.9,200,0
COHN.US,5,20211021,182000,20.8,20.8,20.8,20.8,4418,0
COHN.US,5,20211021,190000,20.81,20.81,20.81,20.81,100,0
COHN.US,5,20211021,195500,20.955,20.955,20.955,20.955,100,0
COHN.US,5,20211021,202000,20.9,20.99,20.8,20.8,632,0
COHN.US,5,20211021,203500,20.8998,20.8998,20.8998,20.8998,300,0
COHN.US,5,20211021,214500,20.84,20.84,20.83,20.83,200,0
COHN.US,5,20211021,215500,20.84,20.93,20.84,20.93,319,0
COHN.US,5,20211022,153000,21.21,21.21,21.2,21.2,224,0
COHN.US,5,20211022,153500,21.2,21.2,21.2,21.2,101,0
COHN.US,5,20211022,154000,21.15,21.15,21.15,21.15,100,0
COHN.US,5,20211022,155000,21.09,21.09,20.81,20.81,578,0
COHN.US,5,20211022,155500,20.768,20.9899,20.67,20.67,1117,0
COHN.US,5,20211022,160000,20.69,20.69,20.69,20.69,338,0
COHN.US,5,20211022,160500,20.69,20.7145,20.69,20.7145,1192,0
COHN.US,5,20211022,161000,20.72,20.72,20.72,20.72,399,0
COHN.US,5,20211022,161500,21.0007,21.0133,20.86,20.86,1650,0
COHN.US,5,20211022,162000,20.86,20.86,20.6701,20.8405,1400,0
COHN.US,5,20211022,162500,20.84,20.9999,20.67,20.76,7882,0
COHN.US,5,20211022,163000,20.81,20.81,20.66,20.6601,4250,0
COHN.US,5,20211022,163500,20.7045,20.7045,20.7045,20.7045,100,0
COHN.US,5,20211022,164500,20.71,20.71,20.7001,20.7001,1000,0
COHN.US,5,20211022,165000,20.7,20.7042,20.66,20.7042,2600,0
COHN.US,5,20211022,172000,20.5,20.5,20.48,20.48,700,0
COHN.US,5,20211022,174500,20.365,20.4418,20.365,20.4418,808,0
COHN.US,5,20211022,180500,20.385,20.385,20.385,20.385,100,0
COHN.US,5,20211022,182000,20.3696,20.3696,20.3696,20.3696,326,0
COHN.US,5,20211022,185500,20.42,20.479,20.42,20.479,328,0
COHN.US,5,20211022,192000,20.4,20.51,20.4,20.51,200,0
COHN.US,5,20211022,193000,20.29,20.29,20.29,20.29,300,0
COHN.US,5,20211022,194500,20.34,20.4,20.28,20.34,3885,0
COHN.US,5,20211022,195000,20.3999,20.8298,20.34,20.68,6035,0
COHN.US,5,20211022,195500,20.88,21.5252,20.855,21.16,25957,0
COHN.US,5,20211022,200000,21.06,21.195,20.883,21.195,8600,0
COHN.US,5,20211022,200500,21.195,21.195,21.195,21.195,100,0
COHN.US,5,20211022,201000,21,21.2361,20.87,21.2361,3470,0
COHN.US,5,20211022,201500,21.045,21.045,21.045,21.045,150,0
COHN.US,5,20211022,202500,21.04,21.04,21.04,21.04,300,0
COHN.US,5,20211022,203000,21,21,21,21,345,0
COHN.US,5,20211022,203500,21.05,21.05,21.05,21.05,1200,0
COHN.US,5,20211022,204000,21.05,21.065,21.05,21.065,233,0
COHN.US,5,20211022,204500,21.13,21.13,21.13,21.13,100,0
COHN.US,5,20211022,205000,21.05,21.05,20.75,20.75,1700,0
COHN.US,5,20211022,205500,20.79,21.17,20.79,20.83,1584,0
COHN.US,5,20211022,210000,20.85,21.19,20.85,21,1500,0
COHN.US,5,20211022,210500,20.8,20.8,20.52,20.52,1100,0
COHN.US,5,20211022,212000,20.53,20.805,20.52,20.805,6057,0
COHN.US,5,20211022,213500,20.6759,20.6759,20.5,20.5,2609,0
COHN.US,5,20211022,214000,20.5,20.5,20.5,20.5,500,0
COHN.US,5,20211022,214500,20.595,20.595,20.595,20.595,200,0
COHN.US,5,20211022,215000,20.6,20.6,20.6,20.6,100,0
COHN.US,5,20211022,215500,20.575,20.76,20.35,20.76,2861,0
COHN.US,5,20211025,153000,20.81,20.81,20.34,20.34,405,0
COHN.US,5,20211025,153500,20.9534,20.9534,20.9499,20.9499,1700,0
COHN.US,5,20211025,154000,20.84,20.86,20.832,20.832,2399,0
COHN.US,5,20211025,154500,20.7463,21.15,20.7463,21.15,2044,0
COHN.US,5,20211025,155000,21.2499,21.6,21.2499,21.6,2615,0
COHN.US,5,20211025,155500,21.6,21.77,21.5,21.77,3941,0
COHN.US,5,20211025,160500,21.35,21.35,21.22,21.22,300,0
COHN.US,5,20211025,161000,21.57,21.57,21.25,21.25,243,0
COHN.US,5,20211025,161500,21.25,21.57,21.25,21.57,1308,0
COHN.US,5,20211025,162000,21.449,21.5699,21.16,21.16,300,0
COHN.US,5,20211025,163000,21.24,21.6,21.19,21.6,3708,0
COHN.US,5,20211025,163500,21.6,21.64,21.6,21.64,704,0
COHN.US,5,20211025,164000,21.6,21.6,21.6,21.6,360,0
COHN.US,5,20211025,164500,21.5209,21.5209,21.5209,21.5209,100,0
COHN.US,5,20211025,165000,21.56,21.58,21.56,21.56,1567,0
COHN.US,5,20211025,171000,21.6111,21.65,21.56,21.56,2400,0
COHN.US,5,20211025,172000,21.72,21.72,21.72,21.72,300,0
COHN.US,5,20211025,172500,20.81,21.14,20.81,21.13,400,0
COHN.US,5,20211025,173500,21.45,21.45,21.45,21.45,2000,0
COHN.US,5,20211025,174500,21.2,21.2,21.2,21.2,100,0
COHN.US,5,20211025,180500,21.27,21.47,21.27,21.47,400,0
COHN.US,5,20211025,183500,21.06,21.06,21.06,21.06,100,0
COHN.US,5,20211025,184500,21.15,21.15,21.15,21.15,200,0
COHN.US,5,20211025,191500,21.46,21.5,21.33,21.5,2209,0
COHN.US,5,20211025,192000,21.71,22.4361,21.56,22.0553,23897,0
COHN.US,5,20211025,192500,21.93,21.93,21.73,21.83,1300,0
COHN.US,5,20211025,193000,21.8,21.8,21.8,21.8,100,0
COHN.US,5,20211025,193500,21.15,21.21,21.11,21.15,888,0
COHN.US,5,20211025,200000,21.213,21.6527,21.213,21.6527,1100,0
COHN.US,5,20211025,203000,21.0741,21.0741,21.0741,21.0741,390,0
COHN.US,5,20211025,210000,21.24,21.24,21.2106,21.2106,200,0
COHN.US,5,20211025,210500,21.21,21.21,21.21,21.21,100,0
COHN.US,5,20211025,211500,21.5,21.5,21.5,21.5,400,0
COHN.US,5,20211025,215500,21.43,21.82,21.31,21.82,908,0
COHN.US,5,20211026,153000,21.85,22.5,21.85,22.4676,1429,0
COHN.US,5,20211026,153500,22.4437,22.86,22.4437,22.69,3767,0
COHN.US,5,20211026,154000,22.541,22.6165,22.53,22.53,600,0
COHN.US,5,20211026,154500,22.52,22.52,22.16,22.4142,3325,0
COHN.US,5,20211026,155000,22.25,22.5,22.24,22.494,964,0
COHN.US,5,20211026,155500,22.51,22.51,22.494,22.5,868,0
COHN.US,5,20211026,160000,22.84,22.84,22.55,22.55,650,0
COHN.US,5,20211026,160500,22.75,22.82,22.5,22.8,1300,0
COHN.US,5,20211026,161000,22.7,23.31,22.7,23.05,3521,0
COHN.US,5,20211026,161500,23.06,23.23,23.06,23.2,1645,0
COHN.US,5,20211026,162000,23.29,23.75,23.2495,23.7082,2653,0
COHN.US,5,20211026,162500,23.8857,23.8857,23.4,23.4,1500,0
COHN.US,5,20211026,163000,23.19,23.509,23.19,23.33,1542,0
COHN.US,5,20211026,163500,23.48,23.5,23.3,23.3,400,0
COHN.US,5,20211026,164000,23.1421,23.2245,23.09,23.09,448,0
COHN.US,5,20211026,165000,22.83,22.9683,22.63,22.9683,1100,0
COHN.US,5,20211026,170000,22.95,22.985,22.83,22.985,1669,0
COHN.US,5,20211026,170500,22.75,22.75,22.75,22.75,429,0
COHN.US,5,20211026,171000,22.75,22.75,22.75,22.75,100,0
COHN.US,5,20211026,172000,22.85,22.85,22.85,22.85,200,0
COHN.US,5,20211026,174500,22.35,22.6,22.35,22.6,745,0
COHN.US,5,20211026,180000,22.45,22.45,22.3,22.45,370,0
COHN.US,5,20211026,180500,22.16,22.4175,21.7,22.4175,6998,0
COHN.US,5,20211026,181000,22.4509,22.49,22.1003,22.3175,650,0
COHN.US,5,20211026,181500,22.4999,22.4999,22.4999,22.4999,100,0
COHN.US,5,20211026,182000,22.4396,22.4396,22.4396,22.4396,227,0
COHN.US,5,20211026,183000,22.01,22.01,22.01,22.01,200,0
COHN.US,5,20211026,184000,22.3407,22.3407,22.3407,22.3407,1500,0
COHN.US,5,20211026,184500,21.6085,21.99,21.551,21.923,1193,0
COHN.US,5,20211026,185000,21.9,21.9,21.8567,21.8567,200,0
COHN.US,5,20211026,185500,21.8599,21.8599,21.42,21.5,2965,0
COHN.US,5,20211026,190000,21.5,21.5,21,21,2835,0
COHN.US,5,20211026,190500,20.94,20.94,20.78,20.8779,4276,0
COHN.US,5,20211026,191000,21.1582,21.1582,21.1582,21.1582,250,0
COHN.US,5,20211026,192000,20.91,20.91,20.91,20.91,100,0
COHN.US,5,20211026,192500,21.3,21.3,21.3,21.3,100,0
COHN.US,5,20211026,194000,21.1877,21.1877,21.05,21.05,200,0
COHN.US,5,20211026,195000,21.2907,21.2907,21.23,21.23,600,0
COHN.US,5,20211026,200000,21.2538,21.2538,21.2538,21.2538,250,0
COHN.US,5,20211026,200500,21.2426,21.2426,21.2,21.2,363,0
COHN.US,5,20211026,202000,21.27,21.865,21.27,21.6,4415,0
COHN.US,5,20211026,202500,21.39,21.61,21.39,21.45,1350,0
COHN.US,5,20211026,203000,21.44,22.25,21.26,21.44,6758,0
COHN.US,5,20211026,203500,21.49,22.1,21.4,22,7758,0
COHN.US,5,20211026,204000,21.95,21.95,21.7,21.75,2960,0
COHN.US,5,20211026,205500,21.41,21.41,21.41,21.41,100,0
COHN.US,5,20211026,212500,21.4433,21.4433,21.4433,21.4433,700,0
COHN.US,5,20211026,214000,22.41,22.57,21.51,21.51,614,0
COHN.US,5,20211026,215500,22.47,22.47,21.98,22.11,623,0
COHN.US,5,20211027,153000,22,22.42,22,22.42,1220,0
COHN.US,5,20211027,153500,22,22.77,22,22.77,200,0
COHN.US,5,20211027,154000,22.08,22.08,22.08,22.08,100,0
COHN.US,5,20211027,160000,22.06,22.06,22,22,1105,0
COHN.US,5,20211027,160500,21.8396,21.8396,21.41,21.792,3300,0
COHN.US,5,20211027,162000,21.32,21.86,21.2,21.218,2400,0
COHN.US,5,20211027,164500,21.7264,21.7264,21.23,21.23,300,0
COHN.US,5,20211027,170000,21.22,21.22,21.22,21.22,166,0
COHN.US,5,20211027,170500,21.29,21.29,21.26,21.26,200,0
COHN.US,5,20211027,172500,21.48,21.48,21.48,21.48,100,0
COHN.US,5,20211027,173000,21.398,21.398,21.398,21.398,100,0
COHN.US,5,20211027,174500,21.39,21.39,21.39,21.39,100,0
COHN.US,5,20211027,175000,21.48,21.575,21.48,21.575,919,0
COHN.US,5,20211027,175500,21.58,21.58,21.58,21.58,100,0
COHN.US,5,20211027,180500,21.39,21.3901,21.3,21.3,2004,0
COHN.US,5,20211027,181500,21.36,21.36,21.36,21.36,100,0
COHN.US,5,20211027,183500,21.3,21.3,21.3,21.3,161,0
COHN.US,5,20211027,184000,21.35,21.35,21.25,21.25,440,0
COHN.US,5,20211027,190000,21.29,21.51,21.28,21.51,1290,0
COHN.US,5,20211027,191000,21.51,21.51,21.5,21.5,200,0
COHN.US,5,20211027,191500,21.4,21.4,21.18,21.18,674,0
COHN.US,5,20211027,192000,21.26,21.26,21.26,21.26,100,0
COHN.US,5,20211027,194500,21.31,21.31,21.15,21.15,600,0
COHN.US,5,20211027,195000,21.48,21.48,21.473,21.473,400,0
COHN.US,5,20211027,210000,21.15,21.15,21.15,21.15,299,0
COHN.US,5,20211027,210500,21.04,21.06,20.88,20.88,3182,0
COHN.US,5,20211027,211000,20.872,20.872,20.872,20.872,488,0
COHN.US,5,20211027,212000,20.93,21.3,20.93,21.3,335,0
COHN.US,5,20211027,214500,21.29,21.29,21.29,21.29,100,0
COHN.US,5,20211027,215500,21.2,21.2,21.2,21.2,110,0
COHN.US,5,20211028,153000,21.42,21.42,21.2,21.2,427,0
COHN.US,5,20211028,153500,21.15,21.15,21.15,21.15,100,0
COHN.US,5,20211028,154500,21.3,21.3,20.89,20.89,1337,0
COHN.US,5,20211028,160000,21.5754,21.6599,21.5754,21.6599,556,0
COHN.US,5,20211028,170500,21.3,21.3,21.3,21.3,100,0
COHN.US,5,20211028,171500,21.1161,21.1161,21.1161,21.1161,100,0
COHN.US,5,20211028,172000,21.1,21.1415,21.1,21.1415,300,0
COHN.US,5,20211028,172500,20.95,20.95,20.95,20.95,100,0
COHN.US,5,20211028,180500,21,21.0001,21,21,600,0
COHN.US,5,20211028,182000,21,21,21,21,200,0
COHN.US,5,20211028,182500,20.99,21,20.99,21,400,0
COHN.US,5,20211028,184000,20.9999,21,20.9999,21,700,0
COHN.US,5,20211028,191000,21,21,20.9955,21,375,0
COHN.US,5,20211028,192000,20.8,20.8,20.8,20.8,100,0
COHN.US,5,20211028,194000,20.86,20.8601,20.75,20.75,419,0
COHN.US,5,20211028,194500,20.7,20.7001,20.62,20.65,922,0
COHN.US,5,20211028,201000,20.72,20.7201,20.6,20.6001,969,0
COHN.US,5,20211028,201500,20.58,20.58,20.58,20.58,200,0
COHN.US,5,20211028,204000,21.1524,21.1524,21.1524,21.1524,100,0
COHN.US,5,20211028,204500,20.8393,20.85,20.8393,20.85,500,0
COHN.US,5,20211028,211000,21.1,21.1,21.1,21.1,132,0
COHN.US,5,20211028,211500,20.98,21.105,20.98,21.105,400,0
COHN.US,5,20211028,212000,21.075,21.075,21.075,21.075,100,0
COHN.US,5,20211028,212500,20.9679,21,20.95,20.95,562,0
COHN.US,5,20211028,213000,20.83,20.83,20.82,20.82,200,0
COHN.US,5,20211028,213500,20.8,20.8,20.8,20.8,461,0
COHN.US,5,20211028,214500,20.75,20.75,20.75,20.75,225,0
COHN.US,5,20211028,215500,20.82,20.82,20.82,20.82,108,0
COHN.US,5,20211029,153000,20.75,20.75,20.75,20.75,121,0
COHN.US,5,20211029,154000,21.1457,21.1457,21.1457,21.1457,100,0
COHN.US,5,20211029,154500,20.7938,20.7938,20.7938,20.7938,100,0
COHN.US,5,20211029,155500,20.9539,20.9539,20.9539,20.9539,250,0
COHN.US,5,20211029,160000,20.75,20.75,20.75,20.75,311,0
COHN.US,5,20211029,160500,20.769,20.769,20.7,20.7,400,0
COHN.US,5,20211029,162500,20.8565,20.8565,20.8565,20.8565,100,0
COHN.US,5,20211029,163000,20.89,20.89,20.7567,20.7567,300,0
COHN.US,5,20211029,164000,20.58,20.58,20.58,20.58,119,0
COHN.US,5,20211029,164500,20.5,20.51,20.5,20.51,200,0
COHN.US,5,20211029,165000,20.35,20.42,20.35,20.35,1104,0
COHN.US,5,20211029,165500,20.42,20.42,20.42,20.42,180,0
COHN.US,5,20211029,170500,20.6,20.63,20.6,20.63,800,0
COHN.US,5,20211029,171000,20.7,20.7,20.62,20.63,300,0
COHN.US,5,20211029,173000,20.84,20.84,20.684,20.684,400,0
COHN.US,5,20211029,173500,20.8072,20.8072,20.6,20.61,700,0
COHN.US,5,20211029,174500,20.83,21.18,20.83,21.18,800,0
COHN.US,5,20211029,175000,21.1,21.1,21,21,401,0
COHN.US,5,20211029,175500,20.99,21,20.79,20.79,1098,0
COHN.US,5,20211029,183000,20.4966,20.4966,20.4966,20.4966,300,0
COHN.US,5,20211029,190500,20.82,20.82,20.45,20.45,350,0
COHN.US,5,20211029,193500,20.4822,20.4822,20.4822,20.4822,275,0
COHN.US,5,20211029,194500,20.7706,20.7706,20.7706,20.7706,100,0
COHN.US,5,20211029,203500,20.5159,20.5159,20.5,20.5,206,0
COHN.US,5,20211029,204000,20.63,20.63,20.63,20.63,300,0
COHN.US,5,20211029,212500,20.9,20.9,20.9,20.9,300,0
COHN.US,5,20211029,214000,20.7564,20.7564,20.7564,20.7564,300,0
COHN.US,5,20211029,214500,20.7604,20.7604,20.7604,20.7604,200,0
COHN.US,5,20211029,215500,20.97,21.02,20.97,21.02,429,0
COHN.US,5,20211101,143000,20.92,20.92,20.92,20.92,106,0
COHN.US,5,20211101,143500,21,21,21,21,130,0
COHN.US,5,20211101,144500,21.03,21.03,21.03,21.03,100,0
COHN.US,5,20211101,153000,20.9,21.15,20.9,21.15,430,0
COHN.US,5,20211101,153500,21.1,21.2465,21.1,21.2465,786,0
COHN.US,5,20211101,161000,20.9456,20.9456,20.9456,20.9456,100,0
COHN.US,5,20211101,162500,21.2013,21.72,21.11,21.11,5591,0
COHN.US,5,20211101,165500,21.5318,21.5318,21.5318,21.5318,100,0
COHN.US,5,20211101,170000,21.61,21.72,21.36,21.36,1500,0
COHN.US,5,20211101,172000,21.5073,21.5073,21.48,21.48,470,0
COHN.US,5,20211101,172500,21.48,21.6128,21.48,21.6128,200,0
COHN.US,5,20211101,173000,21.945,21.945,21.945,21.945,335,0
COHN.US,5,20211101,180000,21.59,21.59,21.59,21.59,202,0
COHN.US,5,20211101,180500,21.69,21.75,21.69,21.75,327,0
COHN.US,5,20211101,183000,21.75,21.75,21.75,21.75,254,0
COHN.US,5,20211101,183500,21.771,21.771,21.771,21.771,200,0
COHN.US,5,20211101,184000,21.66,21.66,21.66,21.66,300,0
COHN.US,5,20211101,184500,21.66,21.66,21.66,21.66,415,0
COHN.US,5,20211101,191500,21.4055,21.4055,21.4055,21.4055,221,0
COHN.US,5,20211101,192500,21.8947,21.8947,21.8947,21.8947,200,0
COHN.US,5,20211101,193500,21.43,21.6109,21.43,21.6109,200,0
COHN.US,5,20211101,194000,21.5749,21.5749,21.5749,21.5749,2000,0
COHN.US,5,20211101,200500,21.51,21.5747,21.51,21.5747,400,0
COHN.US,5,20211101,201500,21.51,21.6594,21.26,21.6594,2430,0
COHN.US,5,20211101,203000,21.4551,21.4551,21.4551,21.4551,150,0
COHN.US,5,20211101,203500,21.585,21.585,21.585,21.585,265,0
COHN.US,5,20211101,204500,21.7462,21.7462,21.56,21.56,667,0
COHN.US,5,20211101,205000,21.6,21.7,21.6,21.7,497,0
COHN.US,5,20211101,205500,21.706,22.16,21.53,22.16,700,0
COHN.US,5,20211102,143000,19.5,20.31,19.4144,19.8,15951,0
COHN.US,5,20211102,143500,19.7,19.85,19.5,19.6605,2946,0
COHN.US,5,20211102,144000,19.5912,19.5912,19.5,19.5,935,0
COHN.US,5,20211102,144500,19.42,19.42,19.25,19.3031,4630,0
COHN.US,5,20211102,145000,19.25,19.26,19.03,19.03,1338,0
COHN.US,5,20211102,145500,19.476,19.68,19.41,19.68,2093,0
COHN.US,5,20211102,150000,19.689,20,19.4,19.4,7002,0
COHN.US,5,20211102,150500,19.6504,19.6504,19.65,19.65,1100,0
COHN.US,5,20211102,151000,19.65,19.7366,19.65,19.65,727,0
COHN.US,5,20211102,151500,19.45,19.45,19.45,19.45,128,0
COHN.US,5,20211102,152000,19.45,19.45,19.45,19.45,123,0
COHN.US,5,20211102,155000,19.48,19.601,19.48,19.601,200,0
COHN.US,5,20211102,155500,19.4,19.4,19.4,19.4,779,0
COHN.US,5,20211102,160000,19.4,19.4,19.4,19.4,132,0
COHN.US,5,20211102,161500,19.5,19.5,19.35,19.35,1429,0
COHN.US,5,20211102,162000,19.6,19.6,19.5,19.5,500,0
COHN.US,5,20211102,162500,19.4,19.4009,19.4,19.4,1500,0
COHN.US,5,20211102,163000,19.4062,19.79,19.4062,19.78,1501,0
COHN.US,5,20211102,163500,19.75,19.75,19.75,19.75,100,0
COHN.US,5,20211102,164000,19.4525,19.4525,19.39,19.39,200,0
COHN.US,5,20211102,170000,19.405,19.74,19.405,19.67,600,0
COHN.US,5,20211102,170500,19.4958,19.4958,19.4958,19.4958,200,0
COHN.US,5,20211102,173000,19.3751,19.3751,19.3751,19.3751,115,0
COHN.US,5,20211102,174500,19.5225,19.5225,19.442,19.442,1100,0
COHN.US,5,20211102,180000,19.45,19.45,19.45,19.45,100,0
COHN.US,5,20211102,182000,19.43,19.43,19,19.0209,6583,0
COHN.US,5,20211102,182500,19,19,18.585,18.65,2864,0
COHN.US,5,20211102,183000,18.64,18.65,18.64,18.65,200,0
COHN.US,5,20211102,183500,18.65,18.75,18.65,18.7405,1347,0
COHN.US,5,20211102,184000,18.75,18.75,18.5,18.5,1210,0
COHN.US,5,20211102,184500,18.54,18.54,18.5,18.5,594,0
COHN.US,5,20211102,185000,18.635,18.77,18.635,18.64,615,0
COHN.US,5,20211102,185500,18.5,18.5,18.5,18.5,107,0
COHN.US,5,20211102,190000,18.5,18.5,18.5,18.5,199,0
COHN.US,5,20211102,190500,18.5,18.5,18.25,18.33,1522,0
COHN.US,5,20211102,191000,18.1975,18.5,18.1975,18.5,400,0
COHN.US,5,20211102,191500,18.44,18.48,18.44,18.48,446,0
COHN.US,5,20211102,192000,18.46,18.5,18.36,18.43,1400,0
COHN.US,5,20211102,192500,18.64,18.74,18.64,18.74,600,0
COHN.US,5,20211102,193000,18.65,18.65,18.65,18.65,200,0
COHN.US,5,20211102,193500,18.8462,18.8462,18.8462,18.8462,400,0
COHN.US,5,20211102,194500,18.85,18.98,18.815,18.85,3982,0
COHN.US,5,20211102,195000,18.99,19,18.85,19,500,0
COHN.US,5,20211102,200000,19.4081,19.6,19.17,19.17,1400,0
COHN.US,5,20211102,203000,19.24,19.24,19.2105,19.2105,400,0
COHN.US,5,20211102,203500,19.4233,19.4233,19.4233,19.4233,260,0
COHN.US,5,20211102,204000,19.2,19.24,19.15,19.205,771,0
COHN.US,5,20211102,204500,19.33,19.38,19.2937,19.2937,1662,0
COHN.US,5,20211102,205000,19.03,19.03,18.7502,18.7502,1642,0
COHN.US,5,20211102,205500,18.75,18.84,18.75,18.84,416,0
COHN.US,5,20211103,143000,18.11,18.6,18.11,18.5,450,0
COHN.US,5,20211103,143500,18.8,18.8,18.8,18.8,300,0
COHN.US,5,20211103,144000,18.925,19.03,18.925,19.03,400,0
COHN.US,5,20211103,145000,19.1489,19.1489,19.1489,19.1489,100,0
COHN.US,5,20211103,150000,19.25,19.25,19.25,19.25,100,0
COHN.US,5,20211103,151000,19.3,19.3,19.3,19.3,200,0
COHN.US,5,20211103,153000,19.3609,19.3609,19.3609,19.3609,1000,0
COHN.US,5,20211103,154000,19.41,19.42,19.41,19.42,423,0
COHN.US,5,20211103,154500,19.3408,19.3408,19.3408,19.3408,124,0
COHN.US,5,20211103,155500,19.1212,19.1212,19.1,19.1,700,0
COHN.US,5,20211103,161000,19.01,19.01,18.97,18.97,200,0
COHN.US,5,20211103,163500,18.7,18.73,18.65,18.65,2623,0
COHN.US,5,20211103,164000,18.5999,18.6,18.5235,18.5235,850,0
COHN.US,5,20211103,164500,18.53,18.53,18.45,18.45,2880,0
COHN.US,5,20211103,165000,18.47,18.48,18.4,18.4,700,0
COHN.US,5,20211103,165500,18.33,18.51,18.33,18.33,1190,0
COHN.US,5,20211103,170000,18.64,18.64,18.62,18.62,280,0
COHN.US,5,20211103,170500,18.33,18.33,18.33,18.33,100,0
COHN.US,5,20211103,171500,18.3,18.3,18.25,18.25,1166,0
COHN.US,5,20211103,173000,18.2894,18.2894,18.2729,18.2729,1756,0
COHN.US,5,20211103,181000,18.35,18.6764,18.3201,18.6764,400,0
COHN.US,5,20211103,181500,18.6525,18.68,18.5306,18.5306,650,0
COHN.US,5,20211103,184000,18.3238,18.3238,18.3238,18.3238,1050,0
COHN.US,5,20211103,184500,18.51,18.52,18.5,18.5,900,0
COHN.US,5,20211103,192500,18.58,18.58,18.48,18.5,400,0
COHN.US,5,20211103,193500,18.67,18.67,18.67,18.67,200,0
COHN.US,5,20211103,194000,18.37,18.37,18.37,18.37,200,0
COHN.US,5,20211103,200500,18.57,18.57,18.37,18.371,8719,0
COHN.US,5,20211103,201500,18.645,18.645,18.645,18.645,280,0
COHN.US,5,20211103,202500,18.705,18.705,18.705,18.705,100,0
COHN.US,5,20211103,203000,18.86,18.86,18.86,18.86,100,0
COHN.US,5,20211103,204000,18.75,18.75,18.75,18.75,100,0
COHN.US,5,20211104,143000,18.73,18.73,18.4,18.41,2333,0
COHN.US,5,20211104,143500,18.36,18.36,18.3,18.3,639,0
COHN.US,5,20211104,144500,18.9,18.95,18.4,18.4,580,0
COHN.US,5,20211104,145500,18.41,18.41,18.41,18.41,200,0
COHN.US,5,20211104,150000,18.4,18.4,18.4,18.4,100,0
COHN.US,5,20211104,151000,18.5078,18.5078,18.5078,18.5078,139,0
COHN.US,5,20211104,152000,18.4911,18.4911,18.4911,18.4911,100,0
COHN.US,5,20211104,153000,18.54,18.54,18.54,18.54,100,0
COHN.US,5,20211104,155000,18.5,18.5,18.5,18.5,2776,0
COHN.US,5,20211104,155500,18.4,18.4711,18.2,18.2,2650,0
COHN.US,5,20211104,160000,18.2,18.424,18.15,18.15,626,0
COHN.US,5,20211104,160500,18.1873,18.1873,18.1873,18.1873,100,0
COHN.US,5,20211104,161500,18.19,18.2,18.172,18.172,1866,0
COHN.US,5,20211104,165000,18.18,18.18,18.1775,18.18,413,0
COHN.US,5,20211104,165500,18.18,18.19,18.155,18.155,400,0
COHN.US,5,20211104,170000,18.19,18.19,18.19,18.19,100,0
COHN.US,5,20211104,171000,18.1737,18.2,18.1737,18.2,700,0
COHN.US,5,20211104,171500,18.2,18.2,18.2,18.2,3776,0
COHN.US,5,20211104,172000,18.27,18.287,18.21,18.287,2000,0
COHN.US,5,20211104,172500,18.21,18.4407,18.18,18.4407,1900,0
COHN.US,5,20211104,175500,18.21,18.21,18.21,18.21,100,0
COHN.US,5,20211104,184000,18.6733,18.6733,18.6733,18.6733,100,0
COHN.US,5,20211104,184500,18.26,18.4658,18.26,18.285,600,0
COHN.US,5,20211104,185500,18.74,18.74,18.74,18.74,100,0
COHN.US,5,20211104,192000,18.74,18.74,18.74,18.74,249,0
COHN.US,5,20211104,194000,18.6,18.6,18.6,18.6,100,0
COHN.US,5,20211104,201000,18.43,18.43,18.43,18.43,200,0
COHN.US,5,20211104,201500,18.568,18.568,18.568,18.568,100,0
COHN.US,5,20211104,202000,18.57,18.57,18.57,18.57,200,0
COHN.US,5,20211104,203000,18.3193,18.3193,18.3193,18.3193,150,0
COHN.US,5,20211104,204000,18.38,18.38,18.3793,18.3793,200,0
COHN.US,5,20211104,204500,18.38,18.38,18.38,18.38,600,0
COHN.US,5,20211105,143000,18.74,18.74,18.74,18.74,1459,0
COHN.US,5,20211105,144500,18.13,18.3033,18.11,18.3033,700,0
COHN.US,5,20211105,145000,18.365,18.365,18.365,18.365,500,0
COHN.US,5,20211105,150000,18.3432,18.3432,18.3432,18.3432,455,0
COHN.US,5,20211105,150500,18.2501,18.3,18.2501,18.3,225,0
COHN.US,5,20211105,152500,18.33,18.34,18.33,18.34,211,0
COHN.US,5,20211105,160500,18.35,18.35,18.35,18.35,100,0
COHN.US,5,20211105,162500,18.3527,18.3527,18.352,18.352,200,0
COHN.US,5,20211105,163000,18.29,18.4528,18.25,18.25,850,0
COHN.US,5,20211105,164000,18.25,18.28,18.1,18.28,937,0
COHN.US,5,20211105,165500,18.2691,18.2691,18.2691,18.2691,504,0
COHN.US,5,20211105,170000,18.3299,18.3299,18.3299,18.3299,570,0
COHN.US,5,20211105,175500,18.37,18.505,18.3,18.505,1980,0
COHN.US,5,20211105,180000,18.6,18.6,18.6,18.6,700,0
COHN.US,5,20211105,181500,18.31,18.31,18.31,18.31,100,0
COHN.US,5,20211105,182500,18.3,18.3507,18.3,18.3507,460,0
COHN.US,5,20211105,183500,18.31,18.31,18.31,18.31,221,0
COHN.US,5,20211105,190000,18.35,18.35,18.35,18.35,100,0
COHN.US,5,20211105,191000,18.49,18.49,18.36,18.4284,400,0
COHN.US,5,20211105,193500,18.35,18.357,18.35,18.357,200,0
COHN.US,5,20211105,194000,18.35,18.4081,18.35,18.4081,1171,0
COHN.US,5,20211105,202000,18.3,18.3,18.3,18.3,600,0
COHN.US,5,20211105,203500,18.39,18.39,18.39,18.39,400,0
COHN.US,5,20211105,204000,18.4626,18.4626,18.4626,18.4626,500,0
COHN.US,5,20211105,204500,18.3,18.3,18.3,18.3,300,0
COHN.US,5,20211105,205500,18.345,18.35,18.25,18.32,1575,0
COHN.US,5,20211108,153000,18.27,18.27,18.27,18.27,442,0
COHN.US,5,20211108,154000,18.3969,18.3969,18.3969,18.3969,100,0
COHN.US,5,20211108,163000,18.41,18.41,18.4,18.4002,1000,0
COHN.US,5,20211108,170500,18.3366,18.3366,18.3366,18.3366,135,0
COHN.US,5,20211108,171500,18.29,18.315,18.15,18.15,4745,0
COHN.US,5,20211108,181000,18.37,18.37,18.37,18.37,100,0
COHN.US,5,20211108,185500,18.44,18.44,18.44,18.44,100,0
COHN.US,5,20211108,193000,18.37,18.37,18.37,18.37,100,0
COHN.US,5,20211108,194000,18.37,18.37,18.37,18.37,468,0
COHN.US,5,20211108,204500,18.37,18.37,18.37,18.37,200,0
COHN.US,5,20211108,213000,18.35,18.35,18.35,18.35,100,0
COHN.US,5,20211108,215000,18.39,18.39,18.32,18.32,541,0
COHN.US,5,20211108,215500,18.25,18.25,18.25,18.25,279,0
COHN.US,5,20211109,153000,18.45,18.45,18.45,18.45,1368,0
COHN.US,5,20211109,154000,18.37,18.37,18.3331,18.3331,255,0
COHN.US,5,20211109,160500,18.25,18.25,18.25,18.25,1234,0
COHN.US,5,20211109,161500,18.2408,18.2408,18.2408,18.2408,250,0
COHN.US,5,20211109,171000,18.26,18.26,18.26,18.26,100,0
COHN.US,5,20211109,171500,18.3,18.3,18.3,18.3,388,0
COHN.US,5,20211109,174500,18.295,18.295,18.295,18.295,100,0
COHN.US,5,20211109,175000,18.26,18.26,18.24,18.26,950,0
COHN.US,5,20211109,175500,18.2,18.2,18.1,18.1,917,0
COHN.US,5,20211109,183000,18.2759,18.2759,18.2759,18.2759,100,0
COHN.US,5,20211109,183500,18.3,18.3,18.3,18.3,100,0
COHN.US,5,20211109,191000,18.2576,18.2576,18.2576,18.2576,150,0
COHN.US,5,20211109,192500,18.265,18.265,18.265,18.265,100,0
COHN.US,5,20211109,195500,18.3393,18.3393,18.3292,18.3292,400,0
COHN.US,5,20211109,200000,18.33,18.33,18.33,18.33,250,0
COHN.US,5,20211109,211500,18.3217,18.3217,18.3217,18.3217,100,0
COHN.US,5,20211109,214500,18.36,18.36,18.36,18.36,300,0
COHN.US,5,20211109,215000,18.4,18.4,18.4,18.4,100,0
COHN.US,5,20211109,215500,18.41,18.41,18.41,18.41,838,0
COHN.US,5,20211110,153000,18.452,18.452,18.44,18.44,500,0
COHN.US,5,20211110,160000,18.46,18.46,18.46,18.46,642,0
COHN.US,5,20211110,165500,18.4225,18.4225,18.4225,18.4225,200,0
COHN.US,5,20211110,170500,18.23,18.3077,18.21,18.21,700,0
COHN.US,5,20211110,172000,18.24,18.24,18.19,18.2,1106,0
COHN.US,5,20211110,174500,18.21,18.21,18.2,18.2,977,0
COHN.US,5,20211110,175500,18.15,18.15,18.15,18.15,407,0
COHN.US,5,20211110,181500,18.2518,18.259,18.25,18.259,325,0
COHN.US,5,20211110,184000,18.2,18.2,18.16,18.16,489,0
COHN.US,5,20211110,195000,18.14,18.14,18.12,18.12,727,0
COHN.US,5,20211110,195500,18.12,18.12,18.12,18.12,100,0
COHN.US,5,20211110,201000,18.1,18.1,18.1,18.1,300,0
COHN.US,5,20211110,201500,18.1,18.1,18.1,18.1,300,0
COHN.US,5,20211110,202000,18.1,18.1,18.09,18.09,303,0
COHN.US,5,20211110,203500,18.125,18.125,18.06,18.06,667,0
COHN.US,5,20211110,204000,18.01,18.04,18.01,18.01,400,0
COHN.US,5,20211110,204500,18.03,18.05,18,18,5438,0
COHN.US,5,20211110,205000,18,18.0799,18,18.0799,1806,0
COHN.US,5,20211110,210500,18.08,18.21,18.08,18.21,600,0
COHN.US,5,20211110,214500,18.3323,18.3323,18.3323,18.3323,200,0
COHN.US,5,20211110,215000,18.44,18.44,18.44,18.44,300,0
COHN.US,5,20211111,160000,18.3627,18.3627,18.3627,18.3627,1000,0
COHN.US,5,20211111,161500,18.2,18.2,18.2,18.2,100,0
COHN.US,5,20211111,164500,18.1,18.1,18.03,18.03,1386,0
COHN.US,5,20211111,181500,18.04,18.05,18.01,18.01,1226,0
COHN.US,5,20211111,182000,18.1,18.1,18.1,18.1,120,0
COHN.US,5,20211111,194000,18.065,18.065,18.065,18.065,200,0
COHN.US,5,20211111,203000,18.13,18.13,18.13,18.13,200,0
COHN.US,5,20211111,204000,18.13,18.13,18,18,400,0
COHN.US,5,20211111,204500,17.9,17.9315,17.78,17.78,1312,0
COHN.US,5,20211111,210500,17.99,17.99,17.94,17.94,200,0
COHN.US,5,20211111,211000,17.79,17.79,17.79,17.79,300,0
COHN.US,5,20211111,212500,17.93,17.95,17.93,17.93,400,0
COHN.US,5,20211111,214000,17.96,17.96,17.94,17.95,928,0
COHN.US,5,20211111,215500,17.95,17.95,17.95,17.95,1000,0
