<TICKER>,<PER>,<DATE>,<TIME>,<OPEN>,<HIGH>,<LOW>,<CLOSE>,<VOL>,<OPENINT>
CTEK.US,5,20210922,153000,1.87,1.87,1.8,1.8001,29474,0
CTEK.US,5,20210922,153500,1.8015,1.81,1.8,1.8028,17483,0
CTEK.US,5,20210922,154000,1.82,1.82,1.8199,1.8199,2467,0
CTEK.US,5,20210922,154500,1.8267,1.8267,1.8267,1.8267,500,0
CTEK.US,5,20210922,155000,1.8001,1.8001,1.8001,1.8001,100,0
CTEK.US,5,20210922,160000,1.8272,1.8272,1.8216,1.8216,1540,0
CTEK.US,5,20210922,160500,1.8299,1.85,1.8,1.85,17300,0
CTEK.US,5,20210922,161000,1.835,1.85,1.8247,1.83,9005,0
CTEK.US,5,20210922,161500,1.82,1.85,1.82,1.85,17719,0
CTEK.US,5,20210922,162000,1.8488,1.85,1.84,1.849,2425,0
CTEK.US,5,20210922,162500,1.8489,1.85,1.8479,1.85,2100,0
CTEK.US,5,20210922,163000,1.85,1.85,1.85,1.85,100,0
CTEK.US,5,20210922,163500,1.85,1.85,1.8492,1.8492,1100,0
CTEK.US,5,20210922,164000,1.85,1.87,1.85,1.87,2104,0
CTEK.US,5,20210922,165000,1.865,1.865,1.865,1.865,100,0
CTEK.US,5,20210922,165500,1.86,1.86,1.86,1.86,100,0
CTEK.US,5,20210922,170000,1.8692,1.87,1.85,1.86,12737,0
CTEK.US,5,20210922,170500,1.845,1.845,1.845,1.845,300,0
CTEK.US,5,20210922,171000,1.849,1.849,1.849,1.849,437,0
CTEK.US,5,20210922,171500,1.842,1.842,1.8414,1.8414,200,0
CTEK.US,5,20210922,172000,1.8498,1.85,1.8498,1.8498,300,0
CTEK.US,5,20210922,174000,1.85,1.85,1.8458,1.8458,629,0
CTEK.US,5,20210922,174500,1.8487,1.8487,1.8487,1.8487,100,0
CTEK.US,5,20210922,175000,1.85,1.85,1.8497,1.8499,775,0
CTEK.US,5,20210922,175500,1.8413,1.8413,1.8413,1.8413,100,0
CTEK.US,5,20210922,180000,1.84,1.84,1.84,1.84,1835,0
CTEK.US,5,20210922,180500,1.835,1.835,1.835,1.835,201,0
CTEK.US,5,20210922,181000,1.8148,1.8148,1.8148,1.8148,100,0
CTEK.US,5,20210922,181500,1.8399,1.8399,1.8399,1.8399,7500,0
CTEK.US,5,20210922,182000,1.835,1.835,1.835,1.835,400,0
CTEK.US,5,20210922,182500,1.8399,1.8399,1.8399,1.8399,1000,0
CTEK.US,5,20210922,183500,1.8381,1.8381,1.8381,1.8381,300,0
CTEK.US,5,20210922,185000,1.8375,1.8375,1.8375,1.8375,100,0
CTEK.US,5,20210922,190000,1.83,1.84,1.83,1.84,300,0
CTEK.US,5,20210922,191500,1.8499,1.8499,1.8499,1.8499,1200,0
CTEK.US,5,20210922,193500,1.82,1.8201,1.82,1.82,7590,0
CTEK.US,5,20210922,194000,1.825,1.835,1.825,1.835,2000,0
CTEK.US,5,20210922,195000,1.8247,1.8247,1.8247,1.8247,200,0
CTEK.US,5,20210922,195500,1.8247,1.8247,1.8247,1.8247,200,0
CTEK.US,5,20210922,201500,1.8301,1.8301,1.8301,1.8301,1000,0
CTEK.US,5,20210922,204000,1.8301,1.8301,1.8301,1.8301,100,0
CTEK.US,5,20210922,205000,1.8469,1.8469,1.8301,1.8301,225,0
CTEK.US,5,20210922,211000,1.84,1.84,1.84,1.84,600,0
CTEK.US,5,20210922,212000,1.8483,1.8483,1.8483,1.8483,1000,0
CTEK.US,5,20210922,212500,1.8483,1.8483,1.8483,1.8483,1000,0
CTEK.US,5,20210922,213000,1.83,1.83,1.83,1.83,540,0
CTEK.US,5,20210922,213500,1.8358,1.85,1.8358,1.85,3200,0
CTEK.US,5,20210922,214500,1.84,1.84,1.84,1.84,2628,0
CTEK.US,5,20210922,215000,1.84,1.84,1.84,1.84,100,0
CTEK.US,5,20210922,215500,1.84,1.85,1.84,1.84,18879,0
CTEK.US,5,20210923,153000,1.85,1.85,1.85,1.85,8434,0
CTEK.US,5,20210923,153500,1.8499,1.8654,1.8499,1.8654,8500,0
CTEK.US,5,20210923,154500,1.87,1.87,1.87,1.87,450,0
CTEK.US,5,20210923,155000,1.8631,1.8631,1.8631,1.8631,200,0
CTEK.US,5,20210923,155500,1.88,1.88,1.8725,1.8725,5372,0
CTEK.US,5,20210923,160000,1.875,1.875,1.87,1.87,3034,0
CTEK.US,5,20210923,160500,1.86,1.869,1.86,1.869,1500,0
CTEK.US,5,20210923,161000,1.87,1.87,1.86,1.86,300,0
CTEK.US,5,20210923,162000,1.8613,1.8613,1.8613,1.8613,100,0
CTEK.US,5,20210923,163500,1.87,1.87,1.87,1.87,100,0
CTEK.US,5,20210923,170000,1.87,1.88,1.87,1.88,7160,0
CTEK.US,5,20210923,170500,1.8758,1.8758,1.875,1.875,400,0
CTEK.US,5,20210923,172500,1.8781,1.8781,1.8781,1.8781,184,0
CTEK.US,5,20210923,173000,1.87,1.87,1.87,1.87,100,0
CTEK.US,5,20210923,180500,1.88,1.88,1.88,1.88,398,0
CTEK.US,5,20210923,181000,1.88,1.89,1.88,1.89,1201,0
CTEK.US,5,20210923,181500,1.88,1.88,1.88,1.88,100,0
CTEK.US,5,20210923,183000,1.8965,1.8965,1.8965,1.8965,180,0
CTEK.US,5,20210923,183500,1.8965,1.8965,1.8965,1.8965,120,0
CTEK.US,5,20210923,184500,1.8835,1.8965,1.8835,1.8965,662,0
CTEK.US,5,20210923,185000,1.8835,1.8835,1.88,1.88,670,0
CTEK.US,5,20210923,190500,1.89,1.89,1.89,1.89,100,0
CTEK.US,5,20210923,193500,1.885,1.89,1.885,1.8883,300,0
CTEK.US,5,20210923,194000,1.89,1.8901,1.88,1.88,31750,0
CTEK.US,5,20210923,194500,1.8765,1.8765,1.8765,1.8765,100,0
CTEK.US,5,20210923,195500,1.86,1.86,1.86,1.86,100,0
CTEK.US,5,20210923,200500,1.86,1.8647,1.86,1.8647,2395,0
CTEK.US,5,20210923,202000,1.87,1.87,1.87,1.87,500,0
CTEK.US,5,20210923,203000,1.8783,1.8783,1.875,1.875,511,0
CTEK.US,5,20210923,204500,1.87,1.87,1.87,1.87,600,0
CTEK.US,5,20210923,210000,1.8799,1.8799,1.87,1.87,333,0
CTEK.US,5,20210923,210500,1.875,1.8788,1.875,1.8788,400,0
CTEK.US,5,20210923,211500,1.87,1.87,1.87,1.87,100,0
CTEK.US,5,20210923,213500,1.88,1.88,1.875,1.875,1600,0
CTEK.US,5,20210923,214000,1.875,1.875,1.875,1.875,742,0
CTEK.US,5,20210923,214500,1.8799,1.8799,1.8799,1.8799,3182,0
CTEK.US,5,20210923,215000,1.88,1.88,1.875,1.88,600,0
CTEK.US,5,20210923,215500,1.87,1.88,1.87,1.88,400,0
CTEK.US,5,20210924,153000,1.88,1.88,1.88,1.88,2581,0
CTEK.US,5,20210924,153500,1.86,1.86,1.85,1.85,3758,0
CTEK.US,5,20210924,154000,1.8365,1.8365,1.8365,1.8365,150,0
CTEK.US,5,20210924,154500,1.8233,1.8233,1.8233,1.8233,500,0
CTEK.US,5,20210924,155000,1.83,1.83,1.83,1.83,150,0
CTEK.US,5,20210924,155500,1.83,1.83,1.83,1.83,150,0
CTEK.US,5,20210924,160000,1.84,1.84,1.84,1.84,100,0
CTEK.US,5,20210924,160500,1.84,1.84,1.84,1.84,100,0
CTEK.US,5,20210924,161000,1.8499,1.8499,1.8499,1.8499,500,0
CTEK.US,5,20210924,162500,1.8415,1.8415,1.8415,1.8415,100,0
CTEK.US,5,20210924,164000,1.85,1.86,1.845,1.85,5100,0
CTEK.US,5,20210924,170500,1.86,1.86,1.86,1.86,1500,0
CTEK.US,5,20210924,171000,1.85,1.8503,1.85,1.85,2600,0
CTEK.US,5,20210924,172000,1.845,1.845,1.8409,1.8409,3000,0
CTEK.US,5,20210924,173000,1.8471,1.85,1.8471,1.85,900,0
CTEK.US,5,20210924,173500,1.85,1.85,1.85,1.85,200,0
CTEK.US,5,20210924,174500,1.86,1.86,1.86,1.86,900,0
CTEK.US,5,20210924,175000,1.86,1.86,1.86,1.86,940,0
CTEK.US,5,20210924,175500,1.85,1.855,1.85,1.8503,2400,0
CTEK.US,5,20210924,180500,1.86,1.86,1.86,1.86,420,0
CTEK.US,5,20210924,181000,1.8516,1.8516,1.8516,1.8516,293,0
CTEK.US,5,20210924,181500,1.8513,1.86,1.8513,1.86,900,0
CTEK.US,5,20210924,182000,1.86,1.86,1.855,1.855,1050,0
CTEK.US,5,20210924,183500,1.85,1.85,1.85,1.85,100,0
CTEK.US,5,20210924,184500,1.86,1.87,1.85,1.87,10200,0
CTEK.US,5,20210924,185500,1.87,1.87,1.87,1.87,700,0
CTEK.US,5,20210924,191000,1.85,1.86,1.85,1.86,895,0
CTEK.US,5,20210924,191500,1.85,1.85,1.85,1.85,1000,0
CTEK.US,5,20210924,192500,1.8501,1.8575,1.8501,1.8575,1875,0
CTEK.US,5,20210924,193000,1.851,1.851,1.85,1.8502,1200,0
CTEK.US,5,20210924,193500,1.8587,1.8587,1.8587,1.8587,200,0
CTEK.US,5,20210924,194500,1.8571,1.8571,1.855,1.855,1500,0
CTEK.US,5,20210924,195000,1.8591,1.8591,1.8591,1.8591,1000,0
CTEK.US,5,20210924,195500,1.8599,1.8599,1.8599,1.8599,268,0
CTEK.US,5,20210924,201000,1.8527,1.8527,1.8527,1.8527,100,0
CTEK.US,5,20210924,210000,1.8516,1.8516,1.8501,1.8501,1229,0
CTEK.US,5,20210924,211000,1.85,1.86,1.85,1.86,2482,0
CTEK.US,5,20210924,211500,1.85,1.85,1.85,1.85,150,0
CTEK.US,5,20210924,213000,1.86,1.86,1.86,1.86,220,0
CTEK.US,5,20210924,214000,1.8529,1.8529,1.85,1.85,200,0
CTEK.US,5,20210924,215000,1.86,1.86,1.86,1.86,1500,0
CTEK.US,5,20210924,215500,1.85,1.86,1.85,1.86,841,0
CTEK.US,5,20210927,153000,1.88,1.88,1.86,1.868,10268,0
CTEK.US,5,20210927,154500,1.85,1.87,1.85,1.87,19888,0
CTEK.US,5,20210927,160500,1.8446,1.8446,1.8446,1.8446,1254,0
CTEK.US,5,20210927,163500,1.855,1.855,1.855,1.855,2999,0
CTEK.US,5,20210927,170000,1.85,1.85,1.85,1.85,250,0
CTEK.US,5,20210927,171000,1.85,1.85,1.85,1.85,4346,0
CTEK.US,5,20210927,171500,1.85,1.85,1.85,1.85,667,0
CTEK.US,5,20210927,172000,1.85,1.85,1.85,1.85,800,0
CTEK.US,5,20210927,174500,1.84,1.84,1.84,1.84,100,0
CTEK.US,5,20210927,180000,1.85,1.85,1.85,1.85,6975,0
CTEK.US,5,20210927,180500,1.85,1.85,1.85,1.85,5330,0
CTEK.US,5,20210927,181000,1.8666,1.8666,1.8666,1.8666,100,0
CTEK.US,5,20210927,184500,1.8699,1.87,1.865,1.87,5473,0
CTEK.US,5,20210927,185000,1.8687,1.87,1.8687,1.87,1000,0
CTEK.US,5,20210927,190000,1.87,1.87,1.87,1.87,611,0
CTEK.US,5,20210927,190500,1.87,1.87,1.87,1.87,500,0
CTEK.US,5,20210927,191000,1.87,1.87,1.87,1.87,600,0
CTEK.US,5,20210927,191500,1.87,1.87,1.87,1.87,600,0
CTEK.US,5,20210927,192500,1.87,1.87,1.87,1.87,600,0
CTEK.US,5,20210927,193000,1.8699,1.8699,1.8699,1.8699,130,0
CTEK.US,5,20210927,193500,1.8659,1.8659,1.8659,1.8659,100,0
CTEK.US,5,20210927,194500,1.87,1.87,1.87,1.87,600,0
CTEK.US,5,20210927,204000,1.8677,1.8677,1.8677,1.8677,1600,0
CTEK.US,5,20210927,210500,1.87,1.87,1.87,1.87,830,0
CTEK.US,5,20210927,211000,1.8699,1.8699,1.8687,1.8687,200,0
CTEK.US,5,20210927,211500,1.8689,1.8699,1.8689,1.8699,300,0
CTEK.US,5,20210927,212000,1.87,1.87,1.87,1.87,300,0
CTEK.US,5,20210927,214000,1.87,1.87,1.87,1.87,200,0
CTEK.US,5,20210927,215500,1.87,1.87,1.87,1.87,1914,0
CTEK.US,5,20210928,153000,1.84,1.88,1.84,1.87,18103,0
CTEK.US,5,20210928,160500,1.855,1.86,1.85,1.85,2050,0
CTEK.US,5,20210928,161000,1.86,1.86,1.86,1.86,500,0
CTEK.US,5,20210928,162500,1.85,1.85,1.85,1.85,1200,0
CTEK.US,5,20210928,163000,1.8513,1.8513,1.84,1.84,1575,0
CTEK.US,5,20210928,163500,1.84,1.8486,1.84,1.84,816,0
CTEK.US,5,20210928,164500,1.847,1.847,1.847,1.847,100,0
CTEK.US,5,20210928,170000,1.8421,1.8421,1.8421,1.8421,100,0
CTEK.US,5,20210928,170500,1.84,1.8414,1.84,1.8414,1927,0
CTEK.US,5,20210928,172500,1.8401,1.8401,1.8401,1.8401,300,0
CTEK.US,5,20210928,173500,1.85,1.85,1.85,1.85,1800,0
CTEK.US,5,20210928,175000,1.85,1.85,1.85,1.85,100,0
CTEK.US,5,20210928,182000,1.84,1.84,1.84,1.84,300,0
CTEK.US,5,20210928,182500,1.84,1.84,1.84,1.84,300,0
CTEK.US,5,20210928,183000,1.83,1.83,1.83,1.83,199,0
CTEK.US,5,20210928,184500,1.83,1.83,1.83,1.83,700,0
CTEK.US,5,20210928,185000,1.84,1.84,1.84,1.84,280,0
CTEK.US,5,20210928,191500,1.84,1.84,1.84,1.84,2300,0
CTEK.US,5,20210928,194000,1.841,1.841,1.841,1.841,500,0
CTEK.US,5,20210928,195000,1.84,1.8478,1.84,1.8478,1804,0
CTEK.US,5,20210928,195500,1.85,1.85,1.85,1.85,252,0
CTEK.US,5,20210928,201500,1.85,1.85,1.85,1.85,4000,0
CTEK.US,5,20210928,212500,1.84,1.84,1.84,1.84,10157,0
CTEK.US,5,20210928,215500,1.8406,1.86,1.84,1.84,1837,0
CTEK.US,5,20210929,153000,1.83,1.83,1.83,1.83,188,0
CTEK.US,5,20210929,153500,1.84,1.8499,1.8023,1.8023,7843,0
CTEK.US,5,20210929,154000,1.8,1.825,1.8,1.8006,12444,0
CTEK.US,5,20210929,155500,1.816,1.816,1.81,1.81,1000,0
CTEK.US,5,20210929,160000,1.83,1.83,1.83,1.83,500,0
CTEK.US,5,20210929,160500,1.83,1.83,1.83,1.83,700,0
CTEK.US,5,20210929,162000,1.83,1.83,1.83,1.83,1000,0
CTEK.US,5,20210929,165500,1.8329,1.8329,1.8329,1.8329,100,0
CTEK.US,5,20210929,174000,1.82,1.83,1.82,1.83,1200,0
CTEK.US,5,20210929,181500,1.8121,1.8121,1.8121,1.8121,100,0
CTEK.US,5,20210929,182500,1.82,1.82,1.82,1.82,225,0
CTEK.US,5,20210929,184000,1.82,1.82,1.82,1.82,523,0
CTEK.US,5,20210929,191000,1.83,1.83,1.83,1.83,400,0
CTEK.US,5,20210929,200000,1.83,1.83,1.8297,1.83,10116,0
CTEK.US,5,20210929,203000,1.8358,1.85,1.8358,1.8358,900,0
CTEK.US,5,20210929,210000,1.84,1.84,1.84,1.84,100,0
CTEK.US,5,20210929,211500,1.8494,1.8494,1.8494,1.8494,200,0
CTEK.US,5,20210929,214500,1.84,1.84,1.84,1.84,1800,0
CTEK.US,5,20210929,215500,1.82,1.82,1.82,1.82,173,0
CTEK.US,5,20210930,153000,1.95,2,1.95,1.9608,331187,0
CTEK.US,5,20210930,153500,1.97,1.98,1.86,1.86,328085,0
CTEK.US,5,20210930,154000,1.86,1.8711,1.86,1.86,123764,0
CTEK.US,5,20210930,154500,1.86,1.88,1.86,1.88,71539,0
CTEK.US,5,20210930,155000,1.8791,1.88,1.83,1.8379,124514,0
CTEK.US,5,20210930,155500,1.8347,1.86,1.83,1.8394,73267,0
CTEK.US,5,20210930,160000,1.84,1.86,1.84,1.8421,48062,0
CTEK.US,5,20210930,160500,1.841,1.841,1.79,1.7986,114458,0
CTEK.US,5,20210930,161000,1.79,1.83,1.79,1.83,69698,0
CTEK.US,5,20210930,161500,1.8201,1.8202,1.79,1.81,18778,0
CTEK.US,5,20210930,162000,1.8005,1.85,1.8,1.845,33073,0
CTEK.US,5,20210930,162500,1.845,1.87,1.82,1.83,50508,0
CTEK.US,5,20210930,163000,1.8305,1.84,1.8,1.805,37069,0
CTEK.US,5,20210930,163500,1.8016,1.82,1.8016,1.81,9701,0
CTEK.US,5,20210930,164000,1.805,1.81,1.78,1.7801,58582,0
CTEK.US,5,20210930,164500,1.78,1.79,1.78,1.785,9215,0
CTEK.US,5,20210930,165000,1.785,1.83,1.785,1.8,47385,0
CTEK.US,5,20210930,165500,1.8075,1.82,1.78,1.81,42161,0
CTEK.US,5,20210930,170000,1.81,1.85,1.8,1.8088,49169,0
CTEK.US,5,20210930,170500,1.805,1.81,1.7901,1.8097,22878,0
CTEK.US,5,20210930,171000,1.8025,1.82,1.8,1.8099,23681,0
CTEK.US,5,20210930,171500,1.81,1.86,1.805,1.81,161936,0
CTEK.US,5,20210930,172000,1.8114,1.8119,1.81,1.8119,2651,0
CTEK.US,5,20210930,172500,1.8182,1.8182,1.8182,1.8182,257,0
CTEK.US,5,20210930,173000,1.82,1.8296,1.815,1.829,5838,0
CTEK.US,5,20210930,173500,1.82,1.84,1.8,1.8,43253,0
CTEK.US,5,20210930,174000,1.795,1.81,1.785,1.8,20942,0
CTEK.US,5,20210930,174500,1.8,1.81,1.8,1.81,11266,0
CTEK.US,5,20210930,175000,1.8091,1.81,1.78,1.78,17039,0
CTEK.US,5,20210930,175500,1.8,1.8,1.7959,1.7959,3100,0
CTEK.US,5,20210930,180000,1.7916,1.8,1.7916,1.8,13600,0
CTEK.US,5,20210930,180500,1.7999,1.8,1.79,1.8,1170,0
CTEK.US,5,20210930,181000,1.795,1.8,1.795,1.7999,9274,0
CTEK.US,5,20210930,181500,1.8,1.81,1.795,1.805,8004,0
CTEK.US,5,20210930,182000,1.8001,1.8001,1.79,1.795,12380,0
CTEK.US,5,20210930,182500,1.7909,1.8,1.7901,1.8,3100,0
CTEK.US,5,20210930,183000,1.8,1.8,1.79,1.7918,4951,0
CTEK.US,5,20210930,183500,1.799,1.8,1.7901,1.7901,4178,0
CTEK.US,5,20210930,184000,1.8,1.8,1.7906,1.8,2400,0
CTEK.US,5,20210930,184500,1.7909,1.8,1.79,1.8,3100,0
CTEK.US,5,20210930,185000,1.795,1.8,1.795,1.8,8734,0
CTEK.US,5,20210930,185500,1.8,1.81,1.791,1.81,13577,0
CTEK.US,5,20210930,190000,1.8075,1.81,1.8001,1.81,4208,0
CTEK.US,5,20210930,190500,1.81,1.81,1.79,1.79,15200,0
CTEK.US,5,20210930,191000,1.7973,1.8,1.79,1.8,21461,0
CTEK.US,5,20210930,191500,1.795,1.795,1.775,1.7875,39848,0
CTEK.US,5,20210930,192000,1.79,1.79,1.76,1.77,43969,0
CTEK.US,5,20210930,192500,1.765,1.77,1.76,1.77,12675,0
CTEK.US,5,20210930,193000,1.765,1.7796,1.765,1.7796,10721,0
CTEK.US,5,20210930,193500,1.78,1.78,1.715,1.75,100623,0
CTEK.US,5,20210930,194000,1.74,1.75,1.729,1.7499,19622,0
CTEK.US,5,20210930,194500,1.7499,1.75,1.72,1.74,24089,0
CTEK.US,5,20210930,195000,1.74,1.74,1.735,1.735,1962,0
CTEK.US,5,20210930,195500,1.7385,1.74,1.72,1.735,23279,0
CTEK.US,5,20210930,200000,1.7284,1.74,1.7281,1.7399,2500,0
CTEK.US,5,20210930,200500,1.735,1.74,1.7306,1.7368,4950,0
CTEK.US,5,20210930,201000,1.7399,1.7575,1.7399,1.74,8000,0
CTEK.US,5,20210930,201500,1.7456,1.7665,1.74,1.76,11974,0
CTEK.US,5,20210930,202000,1.755,1.77,1.755,1.77,12032,0
CTEK.US,5,20210930,202500,1.765,1.77,1.74,1.74,12925,0
CTEK.US,5,20210930,203000,1.75,1.75,1.745,1.745,800,0
CTEK.US,5,20210930,203500,1.7499,1.77,1.7499,1.76,11554,0
CTEK.US,5,20210930,204000,1.7504,1.755,1.72,1.7299,35889,0
CTEK.US,5,20210930,204500,1.725,1.74,1.722,1.74,14106,0
CTEK.US,5,20210930,205000,1.7375,1.7399,1.725,1.73,12001,0
CTEK.US,5,20210930,205500,1.74,1.74,1.72,1.72,13642,0
CTEK.US,5,20210930,210000,1.7295,1.74,1.7273,1.735,12249,0
CTEK.US,5,20210930,210500,1.7327,1.75,1.7305,1.748,7300,0
CTEK.US,5,20210930,211000,1.75,1.75,1.75,1.75,100,0
CTEK.US,5,20210930,211500,1.7401,1.75,1.74,1.74,14404,0
CTEK.US,5,20210930,212000,1.75,1.75,1.74,1.75,11300,0
CTEK.US,5,20210930,212500,1.7401,1.7702,1.7401,1.7702,36363,0
CTEK.US,5,20210930,213000,1.77,1.79,1.77,1.79,56118,0
CTEK.US,5,20210930,213500,1.78,1.79,1.77,1.79,5400,0
CTEK.US,5,20210930,214000,1.7825,1.81,1.77,1.7899,82874,0
CTEK.US,5,20210930,214500,1.7885,1.8,1.775,1.7975,39685,0
CTEK.US,5,20210930,215000,1.79,1.8,1.79,1.8,53010,0
CTEK.US,5,20210930,215500,1.8,1.8,1.79,1.8,58270,0
CTEK.US,5,20211001,153000,1.8,1.808,1.7544,1.7653,22288,0
CTEK.US,5,20211001,153500,1.7776,1.7776,1.76,1.7647,6479,0
CTEK.US,5,20211001,154000,1.76,1.7665,1.7401,1.7514,8782,0
CTEK.US,5,20211001,154500,1.755,1.7695,1.7537,1.7537,1112,0
CTEK.US,5,20211001,155000,1.7543,1.77,1.75,1.7501,7867,0
CTEK.US,5,20211001,155500,1.75,1.75,1.7473,1.7473,1487,0
CTEK.US,5,20211001,160000,1.75,1.79,1.7497,1.78,7953,0
CTEK.US,5,20211001,160500,1.7624,1.7791,1.7624,1.765,3626,0
CTEK.US,5,20211001,161000,1.7629,1.7629,1.7629,1.7629,300,0
CTEK.US,5,20211001,161500,1.75,1.76,1.74,1.75,20621,0
CTEK.US,5,20211001,162000,1.74,1.74,1.7201,1.7213,14140,0
CTEK.US,5,20211001,162500,1.7247,1.7375,1.7101,1.7236,5475,0
CTEK.US,5,20211001,163000,1.72,1.7238,1.72,1.7238,5965,0
CTEK.US,5,20211001,163500,1.73,1.73,1.7201,1.7201,500,0
CTEK.US,5,20211001,164000,1.73,1.74,1.73,1.74,7257,0
CTEK.US,5,20211001,164500,1.7235,1.748,1.7235,1.748,1301,0
CTEK.US,5,20211001,165000,1.75,1.75,1.75,1.75,3188,0
CTEK.US,5,20211001,170000,1.7311,1.74,1.7311,1.74,3500,0
CTEK.US,5,20211001,170500,1.7599,1.7599,1.7599,1.7599,100,0
CTEK.US,5,20211001,171000,1.7431,1.7431,1.7431,1.7431,983,0
CTEK.US,5,20211001,171500,1.7435,1.7435,1.7435,1.7435,500,0
CTEK.US,5,20211001,172000,1.77,1.77,1.7689,1.77,6525,0
CTEK.US,5,20211001,172500,1.76,1.76,1.751,1.751,5000,0
CTEK.US,5,20211001,173000,1.77,1.77,1.77,1.77,339,0
CTEK.US,5,20211001,173500,1.77,1.77,1.77,1.77,2600,0
CTEK.US,5,20211001,174000,1.77,1.77,1.75,1.76,2300,0
CTEK.US,5,20211001,174500,1.76,1.76,1.76,1.76,327,0
CTEK.US,5,20211001,175000,1.75,1.7588,1.75,1.7588,382,0
CTEK.US,5,20211001,175500,1.75,1.75,1.75,1.75,513,0
CTEK.US,5,20211001,180000,1.74,1.7401,1.725,1.73,10029,0
CTEK.US,5,20211001,180500,1.7291,1.73,1.7201,1.73,9721,0
CTEK.US,5,20211001,181000,1.73,1.73,1.725,1.73,1600,0
CTEK.US,5,20211001,181500,1.72,1.725,1.72,1.722,11344,0
CTEK.US,5,20211001,182000,1.73,1.73,1.725,1.725,1800,0
CTEK.US,5,20211001,182500,1.73,1.738,1.73,1.738,300,0
CTEK.US,5,20211001,183500,1.7389,1.7389,1.7389,1.7389,261,0
CTEK.US,5,20211001,184000,1.7317,1.7317,1.72,1.72,8000,0
CTEK.US,5,20211001,184500,1.7269,1.7299,1.7269,1.7299,300,0
CTEK.US,5,20211001,190000,1.7286,1.73,1.725,1.73,2000,0
CTEK.US,5,20211001,190500,1.73,1.74,1.73,1.74,11400,0
CTEK.US,5,20211001,191500,1.75,1.7693,1.7376,1.7376,10737,0
CTEK.US,5,20211001,192500,1.74,1.74,1.74,1.74,1000,0
CTEK.US,5,20211001,193000,1.7301,1.735,1.7301,1.7301,4542,0
CTEK.US,5,20211001,193500,1.74,1.74,1.74,1.74,1100,0
CTEK.US,5,20211001,194000,1.73,1.73,1.73,1.73,400,0
CTEK.US,5,20211001,194500,1.74,1.7472,1.73,1.74,3200,0
CTEK.US,5,20211001,195000,1.7499,1.7499,1.7499,1.7499,1000,0
CTEK.US,5,20211001,195500,1.73,1.7399,1.73,1.7399,934,0
CTEK.US,5,20211001,200500,1.73,1.735,1.73,1.735,2648,0
CTEK.US,5,20211001,201000,1.7331,1.7331,1.7331,1.7331,580,0
CTEK.US,5,20211001,201500,1.7323,1.7323,1.7323,1.7323,600,0
CTEK.US,5,20211001,202000,1.7377,1.7377,1.73,1.73,300,0
CTEK.US,5,20211001,202500,1.7385,1.7385,1.7385,1.7385,323,0
CTEK.US,5,20211001,203000,1.735,1.735,1.73,1.73,1274,0
CTEK.US,5,20211001,203500,1.7311,1.7311,1.73,1.73,1100,0
CTEK.US,5,20211001,204500,1.7311,1.74,1.731,1.7383,1329,0
CTEK.US,5,20211001,205000,1.735,1.7401,1.735,1.7401,3080,0
CTEK.US,5,20211001,205500,1.75,1.77,1.75,1.77,5476,0
CTEK.US,5,20211001,210000,1.752,1.755,1.74,1.74,4515,0
CTEK.US,5,20211001,210500,1.7478,1.75,1.7409,1.7409,2935,0
CTEK.US,5,20211001,212500,1.7468,1.7534,1.7468,1.7534,600,0
CTEK.US,5,20211001,213000,1.759,1.759,1.7369,1.7535,2605,0
CTEK.US,5,20211001,213500,1.7375,1.7375,1.7375,1.7375,100,0
CTEK.US,5,20211001,214000,1.74,1.7509,1.74,1.7509,719,0
CTEK.US,5,20211001,214500,1.755,1.755,1.7428,1.75,5106,0
CTEK.US,5,20211001,215000,1.7428,1.759,1.7428,1.759,600,0
CTEK.US,5,20211001,215500,1.75,1.76,1.75,1.76,4290,0
CTEK.US,5,20211004,153000,1.73,1.73,1.6999,1.6999,22745,0
CTEK.US,5,20211004,153500,1.7,1.7,1.65,1.68,40756,0
CTEK.US,5,20211004,154000,1.68,1.69,1.67,1.6787,10379,0
CTEK.US,5,20211004,154500,1.6799,1.6799,1.671,1.671,970,0
CTEK.US,5,20211004,155000,1.67,1.677,1.67,1.6727,1218,0
CTEK.US,5,20211004,155500,1.67,1.6799,1.67,1.671,5329,0
CTEK.US,5,20211004,160000,1.677,1.677,1.6707,1.6738,2350,0
CTEK.US,5,20211004,161000,1.67,1.67,1.67,1.67,650,0
CTEK.US,5,20211004,162000,1.675,1.68,1.6701,1.68,2589,0
CTEK.US,5,20211004,163000,1.679,1.679,1.67,1.67,1982,0
CTEK.US,5,20211004,163500,1.68,1.68,1.6656,1.6688,11785,0
CTEK.US,5,20211004,164000,1.6692,1.6695,1.66,1.6688,635,0
CTEK.US,5,20211004,164500,1.663,1.67,1.663,1.6687,5200,0
CTEK.US,5,20211004,165000,1.665,1.665,1.66,1.66,5129,0
CTEK.US,5,20211004,165500,1.66,1.66,1.66,1.66,500,0
CTEK.US,5,20211004,170000,1.6617,1.67,1.6614,1.6614,4487,0
CTEK.US,5,20211004,170500,1.66,1.66,1.59,1.61,59348,0
CTEK.US,5,20211004,171000,1.61,1.625,1.6097,1.62,8169,0
CTEK.US,5,20211004,171500,1.6,1.6,1.6,1.6,100,0
CTEK.US,5,20211004,172000,1.6284,1.64,1.61,1.6299,26496,0
CTEK.US,5,20211004,172500,1.6291,1.6291,1.6291,1.6291,1399,0
CTEK.US,5,20211004,173500,1.6399,1.65,1.639,1.64,14400,0
CTEK.US,5,20211004,174000,1.64,1.659,1.64,1.659,9086,0
CTEK.US,5,20211004,174500,1.65,1.66,1.6499,1.66,3230,0
CTEK.US,5,20211004,175000,1.67,1.67,1.67,1.67,100,0
CTEK.US,5,20211004,175500,1.68,1.68,1.6799,1.6799,205,0
CTEK.US,5,20211004,181000,1.67,1.6938,1.6601,1.6938,2765,0
CTEK.US,5,20211004,181500,1.6601,1.69,1.6601,1.69,600,0
CTEK.US,5,20211004,182000,1.69,1.69,1.6855,1.6855,275,0
CTEK.US,5,20211004,182500,1.6639,1.675,1.66,1.66,3704,0
CTEK.US,5,20211004,183000,1.6797,1.6797,1.6797,1.6797,843,0
CTEK.US,5,20211004,183500,1.665,1.665,1.66,1.6602,5704,0
CTEK.US,5,20211004,184000,1.66,1.66,1.66,1.66,260,0
CTEK.US,5,20211004,184500,1.6599,1.6599,1.6599,1.6599,1000,0
CTEK.US,5,20211004,185000,1.6599,1.66,1.6599,1.66,7200,0
CTEK.US,5,20211004,190500,1.67,1.67,1.67,1.67,2400,0
CTEK.US,5,20211004,191000,1.67,1.67,1.67,1.67,1490,0
CTEK.US,5,20211004,191500,1.6701,1.6701,1.67,1.67,464,0
CTEK.US,5,20211004,192000,1.6701,1.6701,1.6701,1.6701,400,0
CTEK.US,5,20211004,192500,1.675,1.675,1.675,1.675,200,0
CTEK.US,5,20211004,193000,1.67,1.67,1.67,1.67,100,0
CTEK.US,5,20211004,194000,1.6704,1.6704,1.6401,1.6401,7435,0
CTEK.US,5,20211004,194500,1.6499,1.65,1.6499,1.65,2550,0
CTEK.US,5,20211004,195000,1.655,1.7,1.6469,1.68,34357,0
CTEK.US,5,20211004,200000,1.7,1.7039,1.6902,1.6902,3700,0
CTEK.US,5,20211004,201500,1.6993,1.6993,1.6993,1.6993,300,0
CTEK.US,5,20211004,202000,1.7,1.7,1.7,1.7,179,0
CTEK.US,5,20211004,203500,1.7,1.7,1.7,1.7,292,0
CTEK.US,5,20211004,204000,1.7199,1.72,1.7199,1.72,716,0
CTEK.US,5,20211004,204500,1.7199,1.7199,1.7199,1.7199,100,0
CTEK.US,5,20211004,205500,1.7032,1.7032,1.7032,1.7032,130,0
CTEK.US,5,20211004,210000,1.72,1.79,1.7075,1.76,40135,0
CTEK.US,5,20211004,211000,1.71,1.71,1.71,1.71,200,0
CTEK.US,5,20211004,211500,1.7,1.7,1.7,1.7,1000,0
CTEK.US,5,20211004,213500,1.72,1.72,1.72,1.72,200,0
CTEK.US,5,20211004,214000,1.71,1.7101,1.71,1.7101,3478,0
CTEK.US,5,20211004,214500,1.71,1.71,1.71,1.71,500,0
CTEK.US,5,20211004,215500,1.7138,1.7138,1.69,1.69,6110,0
CTEK.US,5,20211005,153000,1.68,1.68,1.68,1.68,703,0
CTEK.US,5,20211005,153500,1.69,1.69,1.6806,1.685,4584,0
CTEK.US,5,20211005,154000,1.69,1.69,1.69,1.69,700,0
CTEK.US,5,20211005,154500,1.7,1.7,1.7,1.7,2006,0
CTEK.US,5,20211005,155500,1.6805,1.6805,1.6805,1.6805,100,0
CTEK.US,5,20211005,160500,1.7,1.7,1.7,1.7,100,0
CTEK.US,5,20211005,161000,1.6812,1.6812,1.6812,1.6812,600,0
CTEK.US,5,20211005,161500,1.6904,1.691,1.6904,1.691,2000,0
CTEK.US,5,20211005,162000,1.6916,1.6916,1.6916,1.6916,100,0
CTEK.US,5,20211005,162500,1.7,1.7,1.7,1.7,679,0
CTEK.US,5,20211005,163000,1.7,1.7,1.7,1.7,100,0
CTEK.US,5,20211005,163500,1.6901,1.6902,1.68,1.6902,5895,0
CTEK.US,5,20211005,164000,1.67,1.67,1.67,1.67,250,0
CTEK.US,5,20211005,164500,1.68,1.69,1.6793,1.69,3700,0
CTEK.US,5,20211005,165500,1.6701,1.6701,1.6701,1.6701,2645,0
CTEK.US,5,20211005,170000,1.6701,1.6701,1.6701,1.6701,403,0
CTEK.US,5,20211005,170500,1.6742,1.6742,1.6742,1.6742,2400,0
CTEK.US,5,20211005,171500,1.6701,1.69,1.6701,1.69,2561,0
CTEK.US,5,20211005,173000,1.69,1.69,1.69,1.69,3000,0
CTEK.US,5,20211005,173500,1.67,1.68,1.67,1.68,14000,0
CTEK.US,5,20211005,174000,1.6667,1.6667,1.6667,1.6667,335,0
CTEK.US,5,20211005,174500,1.66,1.66,1.6451,1.6501,4400,0
CTEK.US,5,20211005,175000,1.65,1.67,1.65,1.67,5606,0
CTEK.US,5,20211005,175500,1.67,1.67,1.67,1.67,800,0
CTEK.US,5,20211005,180500,1.69,1.7,1.69,1.7,7534,0
CTEK.US,5,20211005,181000,1.6751,1.6751,1.6751,1.6751,6274,0
CTEK.US,5,20211005,183000,1.68,1.68,1.6523,1.6523,5135,0
CTEK.US,5,20211005,183500,1.65,1.65,1.65,1.65,100,0
CTEK.US,5,20211005,184000,1.66,1.66,1.66,1.66,250,0
CTEK.US,5,20211005,184500,1.67,1.67,1.662,1.662,527,0
CTEK.US,5,20211005,185000,1.665,1.67,1.665,1.67,5500,0
CTEK.US,5,20211005,185500,1.69,1.69,1.6862,1.69,400,0
CTEK.US,5,20211005,190000,1.68,1.68,1.68,1.68,290,0
CTEK.US,5,20211005,191000,1.67,1.68,1.67,1.68,6900,0
CTEK.US,5,20211005,191500,1.6892,1.6892,1.6892,1.6892,150,0
CTEK.US,5,20211005,193000,1.68,1.68,1.68,1.68,500,0
CTEK.US,5,20211005,193500,1.68,1.6874,1.68,1.6874,982,0
CTEK.US,5,20211005,195500,1.68,1.68,1.68,1.68,148,0
CTEK.US,5,20211005,201500,1.69,1.69,1.69,1.69,800,0
CTEK.US,5,20211005,205000,1.6809,1.6809,1.6809,1.6809,300,0
CTEK.US,5,20211005,205500,1.6889,1.69,1.6805,1.6805,6690,0
CTEK.US,5,20211005,210000,1.69,1.69,1.69,1.69,100,0
CTEK.US,5,20211005,211000,1.6827,1.7,1.6827,1.7,200,0
CTEK.US,5,20211005,213000,1.6815,1.6815,1.6815,1.6815,195,0
CTEK.US,5,20211005,213500,1.68,1.68,1.68,1.68,200,0
CTEK.US,5,20211005,215000,1.6917,1.6917,1.6917,1.6917,205,0
CTEK.US,5,20211005,215500,1.7,1.7,1.7,1.7,567,0
CTEK.US,5,20211006,153000,1.62,1.6527,1.62,1.65,4235,0
CTEK.US,5,20211006,153500,1.65,1.6501,1.6492,1.6501,1465,0
CTEK.US,5,20211006,154000,1.65,1.6542,1.65,1.6542,1854,0
CTEK.US,5,20211006,154500,1.66,1.66,1.6501,1.6501,650,0
CTEK.US,5,20211006,155000,1.6576,1.6576,1.6576,1.6576,100,0
CTEK.US,5,20211006,155500,1.6731,1.6731,1.6731,1.6731,100,0
CTEK.US,5,20211006,160000,1.66,1.66,1.66,1.66,5971,0
CTEK.US,5,20211006,160500,1.651,1.651,1.651,1.651,650,0
CTEK.US,5,20211006,161000,1.6548,1.6548,1.6548,1.6548,500,0
CTEK.US,5,20211006,161500,1.65,1.6517,1.65,1.6517,11440,0
CTEK.US,5,20211006,162000,1.6319,1.6319,1.6319,1.6319,1002,0
CTEK.US,5,20211006,162500,1.65,1.65,1.648,1.65,5245,0
CTEK.US,5,20211006,163000,1.66,1.66,1.65,1.65,4220,0
CTEK.US,5,20211006,163500,1.6501,1.6501,1.6501,1.6501,400,0
CTEK.US,5,20211006,164500,1.655,1.655,1.655,1.655,175,0
CTEK.US,5,20211006,165000,1.6538,1.66,1.6538,1.66,1066,0
CTEK.US,5,20211006,165500,1.66,1.66,1.66,1.66,100,0
CTEK.US,5,20211006,170500,1.66,1.67,1.65,1.67,5034,0
CTEK.US,5,20211006,171000,1.66,1.66,1.66,1.66,4500,0
CTEK.US,5,20211006,171500,1.6587,1.6587,1.6587,1.6587,100,0
CTEK.US,5,20211006,172500,1.655,1.655,1.655,1.655,500,0
CTEK.US,5,20211006,173000,1.65,1.6587,1.65,1.6587,254,0
CTEK.US,5,20211006,174000,1.6587,1.6587,1.6587,1.6587,4000,0
CTEK.US,5,20211006,174500,1.6501,1.66,1.65,1.66,2940,0
CTEK.US,5,20211006,175500,1.67,1.67,1.67,1.67,1000,0
CTEK.US,5,20211006,180500,1.68,1.68,1.68,1.68,900,0
CTEK.US,5,20211006,183500,1.6619,1.6619,1.6619,1.6619,1300,0
CTEK.US,5,20211006,190500,1.67,1.67,1.67,1.67,352,0
CTEK.US,5,20211006,195000,1.68,1.68,1.68,1.68,600,0
CTEK.US,5,20211006,200000,1.68,1.68,1.68,1.68,1081,0
CTEK.US,5,20211006,200500,1.68,1.68,1.68,1.68,500,0
CTEK.US,5,20211006,201500,1.68,1.68,1.68,1.68,920,0
CTEK.US,5,20211006,203000,1.68,1.68,1.68,1.68,800,0
CTEK.US,5,20211006,203500,1.6783,1.6783,1.6783,1.6783,168,0
CTEK.US,5,20211006,210000,1.67,1.67,1.67,1.67,1812,0
CTEK.US,5,20211006,211500,1.6688,1.6688,1.665,1.665,2184,0
CTEK.US,5,20211006,213000,1.67,1.67,1.67,1.67,655,0
CTEK.US,5,20211006,213500,1.6699,1.6699,1.66,1.66,1095,0
CTEK.US,5,20211006,214000,1.669,1.67,1.6684,1.67,2700,0
CTEK.US,5,20211006,214500,1.67,1.67,1.67,1.67,400,0
CTEK.US,5,20211006,215000,1.6798,1.68,1.6798,1.68,4000,0
CTEK.US,5,20211006,215500,1.67,1.67,1.66,1.66,369,0
CTEK.US,5,20211007,153000,1.65,1.6612,1.65,1.6612,1496,0
CTEK.US,5,20211007,153500,1.6612,1.665,1.66,1.66,2633,0
CTEK.US,5,20211007,154000,1.67,1.67,1.66,1.66,800,0
CTEK.US,5,20211007,154500,1.68,1.68,1.68,1.68,650,0
CTEK.US,5,20211007,155500,1.68,1.68,1.67,1.67,600,0
CTEK.US,5,20211007,161000,1.6878,1.69,1.67,1.67,2551,0
CTEK.US,5,20211007,161500,1.6815,1.7,1.67,1.7,2178,0
CTEK.US,5,20211007,162500,1.698,1.698,1.68,1.68,1100,0
CTEK.US,5,20211007,163500,1.7,1.7,1.7,1.7,200,0
CTEK.US,5,20211007,164000,1.69,1.7,1.69,1.7,1320,0
CTEK.US,5,20211007,164500,1.6901,1.695,1.67,1.67,19890,0
CTEK.US,5,20211007,165500,1.6799,1.6799,1.6799,1.6799,1150,0
CTEK.US,5,20211007,170000,1.67,1.68,1.66,1.68,1000,0
CTEK.US,5,20211007,170500,1.68,1.68,1.67,1.67,900,0
CTEK.US,5,20211007,171000,1.6701,1.6701,1.6701,1.6701,878,0
CTEK.US,5,20211007,171500,1.68,1.68,1.68,1.68,200,0
CTEK.US,5,20211007,172500,1.685,1.7,1.685,1.7,6710,0
CTEK.US,5,20211007,173000,1.709,1.71,1.7,1.7,2900,0
CTEK.US,5,20211007,173500,1.7,1.7,1.7,1.7,100,0
CTEK.US,5,20211007,175000,1.69,1.69,1.69,1.69,200,0
CTEK.US,5,20211007,175500,1.7,1.7,1.7,1.7,100,0
CTEK.US,5,20211007,180000,1.7,1.71,1.69,1.69,7479,0
CTEK.US,5,20211007,181000,1.6924,1.6924,1.69,1.69,2369,0
CTEK.US,5,20211007,182000,1.6923,1.6923,1.6923,1.6923,200,0
CTEK.US,5,20211007,182500,1.696,1.696,1.696,1.696,2500,0
CTEK.US,5,20211007,183500,1.6913,1.6913,1.6913,1.6913,116,0
CTEK.US,5,20211007,184000,1.69,1.69,1.69,1.69,296,0
CTEK.US,5,20211007,184500,1.695,1.695,1.695,1.695,500,0
CTEK.US,5,20211007,185000,1.6994,1.7,1.6994,1.7,469,0
CTEK.US,5,20211007,185500,1.7,1.7,1.7,1.7,1250,0
CTEK.US,5,20211007,190000,1.7077,1.7077,1.7077,1.7077,539,0
CTEK.US,5,20211007,190500,1.705,1.71,1.7,1.71,1400,0
CTEK.US,5,20211007,191000,1.7095,1.7095,1.7095,1.7095,210,0
CTEK.US,5,20211007,192000,1.6916,1.71,1.6916,1.71,466,0
CTEK.US,5,20211007,194000,1.7,1.7,1.7,1.7,559,0
CTEK.US,5,20211007,201000,1.6901,1.6901,1.6901,1.6901,10000,0
CTEK.US,5,20211007,201500,1.7,1.7,1.7,1.7,350,0
CTEK.US,5,20211007,204500,1.6924,1.6924,1.69,1.69,900,0
CTEK.US,5,20211007,205000,1.69,1.69,1.69,1.69,100,0
CTEK.US,5,20211007,205500,1.695,1.695,1.695,1.695,300,0
CTEK.US,5,20211007,210000,1.7,1.7,1.7,1.7,200,0
CTEK.US,5,20211007,213500,1.7,1.705,1.7,1.705,800,0
CTEK.US,5,20211007,214000,1.7002,1.705,1.7002,1.705,2100,0
CTEK.US,5,20211007,215500,1.7,1.705,1.68,1.68,22433,0
CTEK.US,5,20211008,153000,1.67,1.68,1.67,1.68,553,0
CTEK.US,5,20211008,153500,1.7066,1.7066,1.7066,1.7066,580,0
CTEK.US,5,20211008,154500,1.7,1.7,1.7,1.7,1070,0
CTEK.US,5,20211008,161000,1.7,1.7,1.7,1.7,200,0
CTEK.US,5,20211008,163000,1.6801,1.6801,1.6801,1.6801,100,0
CTEK.US,5,20211008,163500,1.68,1.68,1.68,1.68,401,0
CTEK.US,5,20211008,164500,1.69,1.69,1.69,1.69,404,0
CTEK.US,5,20211008,170000,1.6975,1.6975,1.6975,1.6975,100,0
CTEK.US,5,20211008,173500,1.6962,1.6962,1.6962,1.6962,100,0
CTEK.US,5,20211008,180500,1.69,1.69,1.69,1.69,100,0
CTEK.US,5,20211008,181500,1.6827,1.6827,1.6827,1.6827,285,0
CTEK.US,5,20211008,182000,1.68,1.68,1.64,1.6404,3885,0
CTEK.US,5,20211008,182500,1.7,1.7,1.64,1.64,2000,0
CTEK.US,5,20211008,183000,1.63,1.63,1.63,1.63,593,0
CTEK.US,5,20211008,184000,1.6825,1.6825,1.6825,1.6825,676,0
CTEK.US,5,20211008,191500,1.6601,1.666,1.6601,1.6606,500,0
CTEK.US,5,20211008,192000,1.67,1.67,1.67,1.67,600,0
CTEK.US,5,20211008,193000,1.66,1.66,1.66,1.66,200,0
CTEK.US,5,20211008,194000,1.6688,1.6688,1.6688,1.6688,250,0
CTEK.US,5,20211008,202500,1.68,1.68,1.6701,1.6701,900,0
CTEK.US,5,20211008,203000,1.6721,1.69,1.6721,1.69,300,0
CTEK.US,5,20211008,204500,1.6863,1.6863,1.6863,1.6863,200,0
CTEK.US,5,20211008,210500,1.68,1.69,1.68,1.68,600,0
CTEK.US,5,20211008,211000,1.69,1.69,1.68,1.6885,518,0
CTEK.US,5,20211008,214000,1.67,1.67,1.67,1.67,6046,0
CTEK.US,5,20211008,215000,1.6715,1.6715,1.6715,1.6715,416,0
CTEK.US,5,20211008,215500,1.68,1.68,1.67,1.67,1318,0
CTEK.US,5,20211011,153000,1.64,1.64,1.64,1.64,694,0
CTEK.US,5,20211011,153500,1.67,1.67,1.67,1.67,494,0
CTEK.US,5,20211011,154000,1.67,1.67,1.67,1.67,100,0
CTEK.US,5,20211011,154500,1.685,1.685,1.68,1.68,655,0
CTEK.US,5,20211011,155500,1.67,1.67,1.67,1.67,991,0
CTEK.US,5,20211011,160500,1.65,1.68,1.65,1.68,668,0
CTEK.US,5,20211011,164000,1.65,1.65,1.65,1.65,583,0
CTEK.US,5,20211011,164500,1.68,1.68,1.6501,1.6501,1568,0
CTEK.US,5,20211011,165000,1.653,1.6534,1.653,1.6534,1655,0
CTEK.US,5,20211011,170500,1.68,1.698,1.68,1.698,4447,0
CTEK.US,5,20211011,173000,1.6615,1.67,1.6615,1.67,1199,0
CTEK.US,5,20211011,173500,1.69,1.69,1.69,1.69,100,0
CTEK.US,5,20211011,175500,1.67,1.67,1.67,1.67,2363,0
CTEK.US,5,20211011,181000,1.67,1.67,1.67,1.67,184,0
CTEK.US,5,20211011,182000,1.68,1.68,1.68,1.68,700,0
CTEK.US,5,20211011,183000,1.68,1.68,1.68,1.68,600,0
CTEK.US,5,20211011,190500,1.6605,1.6605,1.6605,1.6605,300,0
CTEK.US,5,20211011,193500,1.67,1.67,1.67,1.67,100,0
CTEK.US,5,20211011,194000,1.67,1.67,1.66,1.66,1100,0
CTEK.US,5,20211011,195500,1.6622,1.68,1.6622,1.6625,400,0
CTEK.US,5,20211011,200000,1.6799,1.6799,1.66,1.66,1900,0
CTEK.US,5,20211011,204000,1.6624,1.6624,1.6624,1.6624,100,0
CTEK.US,5,20211011,204500,1.6621,1.6621,1.6621,1.6621,300,0
CTEK.US,5,20211011,210500,1.6619,1.6619,1.6619,1.6619,485,0
CTEK.US,5,20211011,211000,1.66,1.66,1.66,1.66,3000,0
CTEK.US,5,20211011,212000,1.6632,1.6632,1.6632,1.6632,1750,0
CTEK.US,5,20211011,212500,1.65,1.65,1.65,1.65,100,0
CTEK.US,5,20211011,213000,1.66,1.66,1.66,1.66,225,0
CTEK.US,5,20211011,213500,1.66,1.66,1.66,1.66,200,0
CTEK.US,5,20211011,214000,1.67,1.67,1.66,1.67,2065,0
CTEK.US,5,20211011,215000,1.6655,1.68,1.665,1.677,10009,0
CTEK.US,5,20211011,215500,1.67,1.68,1.67,1.67,20311,0
CTEK.US,5,20211012,153000,1.68,1.68,1.68,1.68,9049,0
CTEK.US,5,20211012,153500,1.68,1.68,1.68,1.68,200,0
CTEK.US,5,20211012,154000,1.68,1.68,1.68,1.68,100,0
CTEK.US,5,20211012,154500,1.68,1.68,1.68,1.68,2671,0
CTEK.US,5,20211012,160500,1.69,1.69,1.69,1.69,100,0
CTEK.US,5,20211012,161500,1.6735,1.6735,1.6735,1.6735,100,0
CTEK.US,5,20211012,162000,1.67,1.67,1.67,1.67,100,0
CTEK.US,5,20211012,165500,1.6777,1.6777,1.6777,1.6777,100,0
CTEK.US,5,20211012,171500,1.7,1.7,1.68,1.68,800,0
CTEK.US,5,20211012,172000,1.69,1.69,1.69,1.69,388,0
CTEK.US,5,20211012,172500,1.69,1.69,1.69,1.69,100,0
CTEK.US,5,20211012,173000,1.7,1.72,1.7,1.72,895,0
CTEK.US,5,20211012,175000,1.7199,1.7199,1.705,1.705,3250,0
CTEK.US,5,20211012,175500,1.7,1.7,1.7,1.7,200,0
CTEK.US,5,20211012,180500,1.7,1.7,1.7,1.7,2500,0
CTEK.US,5,20211012,181000,1.71,1.72,1.71,1.72,2595,0
CTEK.US,5,20211012,182000,1.72,1.72,1.72,1.72,2383,0
CTEK.US,5,20211012,182500,1.7399,1.7399,1.7399,1.7399,2000,0
CTEK.US,5,20211012,183000,1.7399,1.75,1.7392,1.75,8405,0
CTEK.US,5,20211012,183500,1.7414,1.7414,1.74,1.74,6407,0
CTEK.US,5,20211012,184000,1.7403,1.7403,1.74,1.7401,7500,0
CTEK.US,5,20211012,184500,1.74,1.74,1.74,1.74,268,0
CTEK.US,5,20211012,191000,1.7202,1.7202,1.7202,1.7202,873,0
CTEK.US,5,20211012,193500,1.7231,1.7231,1.7231,1.7231,446,0
CTEK.US,5,20211012,194000,1.73,1.73,1.72,1.72,300,0
CTEK.US,5,20211012,194500,1.72,1.72,1.72,1.72,600,0
CTEK.US,5,20211012,200000,1.74,1.74,1.7105,1.7127,1432,0
CTEK.US,5,20211012,201500,1.72,1.72,1.72,1.72,100,0
CTEK.US,5,20211012,202500,1.74,1.74,1.74,1.74,900,0
CTEK.US,5,20211012,203000,1.74,1.74,1.74,1.74,300,0
CTEK.US,5,20211012,203500,1.73,1.73,1.73,1.73,1000,0
CTEK.US,5,20211012,204500,1.73,1.73,1.73,1.73,122,0
CTEK.US,5,20211012,212000,1.74,1.74,1.74,1.74,100,0
CTEK.US,5,20211012,213000,1.7444,1.7444,1.74,1.74,1100,0
CTEK.US,5,20211012,213500,1.7401,1.7401,1.7401,1.7401,843,0
CTEK.US,5,20211012,215000,1.76,1.76,1.76,1.76,284,0
CTEK.US,5,20211012,215500,1.7426,1.7426,1.7426,1.7426,100,0
CTEK.US,5,20211013,153000,1.76,1.76,1.6979,1.732,4701,0
CTEK.US,5,20211013,154000,1.74,1.74,1.74,1.74,100,0
CTEK.US,5,20211013,154500,1.7522,1.7522,1.7522,1.7522,150,0
CTEK.US,5,20211013,155500,1.74,1.74,1.74,1.74,400,0
CTEK.US,5,20211013,160500,1.7406,1.7406,1.7406,1.7406,200,0
CTEK.US,5,20211013,161000,1.7446,1.7446,1.7446,1.7446,1000,0
CTEK.US,5,20211013,161500,1.7446,1.7446,1.7446,1.7446,1000,0
CTEK.US,5,20211013,163000,1.75,1.75,1.75,1.75,8000,0
CTEK.US,5,20211013,164000,1.75,1.75,1.75,1.75,200,0
CTEK.US,5,20211013,165000,1.75,1.75,1.75,1.75,100,0
CTEK.US,5,20211013,165500,1.75,1.75,1.7427,1.75,2200,0
CTEK.US,5,20211013,172500,1.755,1.755,1.755,1.755,546,0
CTEK.US,5,20211013,173500,1.78,1.78,1.78,1.78,100,0
CTEK.US,5,20211013,174000,1.75,1.75,1.75,1.75,6100,0
CTEK.US,5,20211013,175500,1.78,1.78,1.78,1.78,20000,0
CTEK.US,5,20211013,180000,1.75,1.75,1.75,1.75,2900,0
CTEK.US,5,20211013,183500,1.78,1.78,1.78,1.78,100,0
CTEK.US,5,20211013,185500,1.7524,1.7524,1.7524,1.7524,279,0
CTEK.US,5,20211013,190000,1.7697,1.77,1.75,1.77,7860,0
CTEK.US,5,20211013,190500,1.76,1.76,1.76,1.76,600,0
CTEK.US,5,20211013,193000,1.7534,1.7534,1.7534,1.7534,500,0
CTEK.US,5,20211013,195000,1.75,1.77,1.75,1.751,1300,0
CTEK.US,5,20211013,195500,1.74,1.742,1.74,1.742,500,0
CTEK.US,5,20211013,200000,1.7672,1.7672,1.7672,1.7672,2000,0
CTEK.US,5,20211013,205500,1.7479,1.7479,1.7479,1.7479,100,0
CTEK.US,5,20211013,210500,1.76,1.76,1.76,1.76,500,0
CTEK.US,5,20211013,212000,1.76,1.76,1.76,1.76,152,0
CTEK.US,5,20211013,213000,1.76,1.77,1.76,1.77,1000,0
CTEK.US,5,20211013,215000,1.75,1.75,1.75,1.75,1900,0
CTEK.US,5,20211013,215500,1.7401,1.7425,1.7401,1.7425,700,0
CTEK.US,5,20211014,153000,1.75,1.7716,1.75,1.7716,623,0
CTEK.US,5,20211014,153500,1.74,1.75,1.7118,1.7118,3197,0
CTEK.US,5,20211014,154500,1.734,1.734,1.72,1.73,2500,0
CTEK.US,5,20211014,160000,1.74,1.74,1.74,1.74,200,0
CTEK.US,5,20211014,161000,1.74,1.7488,1.74,1.742,1200,0
CTEK.US,5,20211014,161500,1.73,1.73,1.73,1.73,125,0
CTEK.US,5,20211014,163500,1.7541,1.7541,1.7541,1.7541,200,0
CTEK.US,5,20211014,164500,1.76,1.76,1.76,1.76,200,0
CTEK.US,5,20211014,175500,1.77,1.78,1.76,1.76,7981,0
CTEK.US,5,20211014,180000,1.79,1.79,1.7747,1.7747,5075,0
CTEK.US,5,20211014,180500,1.7999,1.81,1.7999,1.8,27068,0
CTEK.US,5,20211014,181000,1.8023,1.82,1.8023,1.82,25168,0
CTEK.US,5,20211014,181500,1.8399,1.84,1.82,1.84,11624,0
CTEK.US,5,20211014,182000,1.8216,1.8216,1.8216,1.8216,371,0
CTEK.US,5,20211014,182500,1.8292,1.85,1.8,1.81,21628,0
CTEK.US,5,20211014,183000,1.81,1.85,1.81,1.81,36462,0
CTEK.US,5,20211014,183500,1.8201,1.8499,1.8201,1.83,8040,0
CTEK.US,5,20211014,184000,1.83,1.83,1.83,1.83,1000,0
CTEK.US,5,20211014,184500,1.8201,1.8201,1.8201,1.8201,3000,0
CTEK.US,5,20211014,185000,1.825,1.825,1.8182,1.8182,1000,0
CTEK.US,5,20211014,185500,1.825,1.825,1.825,1.825,500,0
CTEK.US,5,20211014,190000,1.81,1.81,1.81,1.81,1166,0
CTEK.US,5,20211014,190500,1.81,1.83,1.8,1.83,30600,0
CTEK.US,5,20211014,191000,1.82,1.82,1.82,1.82,600,0
CTEK.US,5,20211014,192000,1.82,1.8399,1.82,1.8399,1400,0
CTEK.US,5,20211014,192500,1.83,1.83,1.8201,1.8201,3100,0
CTEK.US,5,20211014,193000,1.83,1.83,1.82,1.82,9788,0
CTEK.US,5,20211014,193500,1.83,1.83,1.83,1.83,600,0
CTEK.US,5,20211014,194000,1.835,1.84,1.82,1.826,15052,0
CTEK.US,5,20211014,194500,1.82,1.82,1.82,1.82,2255,0
CTEK.US,5,20211014,195000,1.83,1.83,1.811,1.812,1680,0
CTEK.US,5,20211014,195500,1.8269,1.8269,1.82,1.82,700,0
CTEK.US,5,20211014,200000,1.82,1.82,1.82,1.82,200,0
CTEK.US,5,20211014,200500,1.8215,1.8215,1.8215,1.8215,318,0
CTEK.US,5,20211014,201500,1.816,1.82,1.816,1.82,2000,0
CTEK.US,5,20211014,202000,1.82,1.82,1.8115,1.82,2000,0
CTEK.US,5,20211014,202500,1.82,1.82,1.82,1.82,1000,0
CTEK.US,5,20211014,204000,1.81,1.8101,1.81,1.8101,2315,0
CTEK.US,5,20211014,210500,1.8199,1.8199,1.8199,1.8199,1000,0
CTEK.US,5,20211014,212000,1.82,1.82,1.81,1.81,204,0
CTEK.US,5,20211014,213000,1.811,1.82,1.811,1.82,450,0
CTEK.US,5,20211014,213500,1.8101,1.8101,1.8101,1.8101,900,0
CTEK.US,5,20211014,214000,1.815,1.815,1.815,1.815,1000,0
CTEK.US,5,20211014,215500,1.81,1.81,1.8,1.8,1915,0
CTEK.US,5,20211015,153000,1.82,1.82,1.7594,1.7594,2313,0
CTEK.US,5,20211015,153500,1.74,1.77,1.7101,1.7141,6271,0
CTEK.US,5,20211015,154000,1.7409,1.7501,1.7409,1.7501,2100,0
CTEK.US,5,20211015,154500,1.765,1.78,1.765,1.78,1100,0
CTEK.US,5,20211015,160000,1.8,1.8,1.8,1.8,1300,0
CTEK.US,5,20211015,160500,1.8,1.8,1.8,1.8,1270,0
CTEK.US,5,20211015,161500,1.8,1.8,1.7999,1.8,2280,0
CTEK.US,5,20211015,162500,1.83,1.83,1.81,1.81,3260,0
CTEK.US,5,20211015,163500,1.7979,1.8,1.7979,1.8,2000,0
CTEK.US,5,20211015,165500,1.81,1.81,1.81,1.81,400,0
CTEK.US,5,20211015,170500,1.81,1.81,1.81,1.81,178,0
CTEK.US,5,20211015,172000,1.81,1.81,1.81,1.81,500,0
CTEK.US,5,20211015,172500,1.7884,1.7884,1.7884,1.7884,598,0
CTEK.US,5,20211015,174500,1.81,1.81,1.81,1.81,600,0
CTEK.US,5,20211015,181500,1.801,1.801,1.792,1.792,524,0
CTEK.US,5,20211015,183500,1.8,1.8,1.8,1.8,485,0
CTEK.US,5,20211015,184000,1.7806,1.785,1.7806,1.785,2901,0
CTEK.US,5,20211015,184500,1.785,1.785,1.7801,1.7801,2000,0
CTEK.US,5,20211015,185000,1.79,1.79,1.79,1.79,600,0
CTEK.US,5,20211015,185500,1.7873,1.79,1.7873,1.79,620,0
CTEK.US,5,20211015,191000,1.78,1.78,1.78,1.78,300,0
CTEK.US,5,20211015,191500,1.79,1.8,1.79,1.7968,9941,0
CTEK.US,5,20211015,192000,1.79,1.79,1.79,1.79,100,0
CTEK.US,5,20211015,192500,1.8,1.835,1.7999,1.82,21269,0
CTEK.US,5,20211015,193500,1.8,1.8,1.8,1.8,2000,0
CTEK.US,5,20211015,194500,1.8,1.8,1.8,1.8,100,0
CTEK.US,5,20211015,195000,1.82,1.82,1.8,1.8,4300,0
CTEK.US,5,20211015,195500,1.82,1.845,1.82,1.845,5573,0
CTEK.US,5,20211015,200000,1.8441,1.8523,1.81,1.81,13370,0
CTEK.US,5,20211015,200500,1.83,1.84,1.8173,1.8173,2415,0
CTEK.US,5,20211015,201000,1.825,1.825,1.825,1.825,2080,0
CTEK.US,5,20211015,201500,1.8363,1.8363,1.8363,1.8363,312,0
CTEK.US,5,20211015,203000,1.83,1.83,1.82,1.83,3900,0
CTEK.US,5,20211015,203500,1.8243,1.83,1.8243,1.83,325,0
CTEK.US,5,20211015,204500,1.83,1.83,1.82,1.82,204,0
CTEK.US,5,20211015,205000,1.85,1.86,1.8301,1.86,4982,0
CTEK.US,5,20211015,205500,1.845,1.86,1.8334,1.8334,1700,0
CTEK.US,5,20211015,210000,1.841,1.841,1.8401,1.8401,800,0
CTEK.US,5,20211015,210500,1.84,1.8499,1.835,1.835,1055,0
CTEK.US,5,20211015,211000,1.8334,1.8334,1.8334,1.8334,1000,0
CTEK.US,5,20211015,211500,1.8301,1.8599,1.8301,1.8599,1700,0
CTEK.US,5,20211015,212000,1.8415,1.86,1.84,1.855,8689,0
CTEK.US,5,20211015,212500,1.851,1.87,1.851,1.86,3908,0
CTEK.US,5,20211015,213000,1.8601,1.8601,1.83,1.83,18403,0
CTEK.US,5,20211015,213500,1.83,1.83,1.8,1.815,3350,0
CTEK.US,5,20211015,214000,1.815,1.82,1.81,1.81,2547,0
CTEK.US,5,20211015,215000,1.8001,1.8001,1.8001,1.8001,6000,0
CTEK.US,5,20211015,215500,1.81,1.82,1.81,1.81,821,0
CTEK.US,5,20211018,153000,1.81,1.81,1.81,1.81,629,0
CTEK.US,5,20211018,153500,1.75,1.75,1.75,1.75,1012,0
CTEK.US,5,20211018,155000,1.775,1.8,1.775,1.8,1275,0
CTEK.US,5,20211018,161500,1.7801,1.81,1.7801,1.7895,4108,0
CTEK.US,5,20211018,162000,1.7843,1.7843,1.7843,1.7843,1000,0
CTEK.US,5,20211018,162500,1.7916,1.7916,1.7916,1.7916,200,0
CTEK.US,5,20211018,163500,1.78,1.78,1.78,1.78,353,0
CTEK.US,5,20211018,164000,1.785,1.79,1.782,1.782,2736,0
CTEK.US,5,20211018,164500,1.795,1.795,1.795,1.795,500,0
CTEK.US,5,20211018,165000,1.78,1.795,1.78,1.7801,314,0
CTEK.US,5,20211018,165500,1.7801,1.7801,1.7801,1.7801,100,0
CTEK.US,5,20211018,170000,1.8042,1.8061,1.8042,1.8061,400,0
CTEK.US,5,20211018,170500,1.81,1.81,1.795,1.795,800,0
CTEK.US,5,20211018,171500,1.8,1.8,1.8,1.8,100,0
CTEK.US,5,20211018,172500,1.795,1.8,1.795,1.8,1200,0
CTEK.US,5,20211018,173000,1.7962,1.7962,1.7962,1.7962,100,0
CTEK.US,5,20211018,173500,1.82,1.82,1.82,1.82,278,0
CTEK.US,5,20211018,175000,1.8098,1.8098,1.8098,1.8098,7500,0
CTEK.US,5,20211018,180000,1.7932,1.8,1.79,1.8,1411,0
CTEK.US,5,20211018,181500,1.79,1.79,1.79,1.79,1554,0
CTEK.US,5,20211018,182000,1.79,1.79,1.79,1.79,300,0
CTEK.US,5,20211018,182500,1.81,1.81,1.81,1.81,641,0
CTEK.US,5,20211018,183000,1.78,1.78,1.78,1.78,115,0
CTEK.US,5,20211018,185500,1.8,1.8,1.8,1.8,1500,0
CTEK.US,5,20211018,193000,1.795,1.8,1.795,1.8,1476,0
CTEK.US,5,20211018,194500,1.8,1.8,1.8,1.8,1000,0
CTEK.US,5,20211018,195000,1.8,1.8,1.8,1.8,1000,0
CTEK.US,5,20211018,195500,1.8082,1.8093,1.8082,1.8093,1500,0
CTEK.US,5,20211018,200000,1.8092,1.8092,1.8092,1.8092,165,0
CTEK.US,5,20211018,201500,1.8088,1.81,1.805,1.805,1168,0
CTEK.US,5,20211018,204000,1.8,1.8,1.8,1.8,646,0
CTEK.US,5,20211018,205500,1.8,1.805,1.8,1.805,1528,0
CTEK.US,5,20211018,212500,1.805,1.805,1.805,1.805,180,0
CTEK.US,5,20211018,213500,1.805,1.82,1.8,1.8,27275,0
CTEK.US,5,20211018,215000,1.7963,1.7963,1.7963,1.7963,1000,0
CTEK.US,5,20211018,215500,1.81,1.81,1.78,1.8,6684,0
CTEK.US,5,20211019,153000,1.79,1.79,1.7615,1.7615,459,0
CTEK.US,5,20211019,153500,1.8114,1.8114,1.8114,1.8114,505,0
CTEK.US,5,20211019,154500,1.757,1.82,1.757,1.7855,1800,0
CTEK.US,5,20211019,155000,1.8,1.82,1.8,1.82,650,0
CTEK.US,5,20211019,160000,1.8,1.8018,1.8,1.8018,5510,0
CTEK.US,5,20211019,160500,1.7891,1.7891,1.7891,1.7891,1500,0
CTEK.US,5,20211019,162500,1.7899,1.7899,1.7899,1.7899,100,0
CTEK.US,5,20211019,163000,1.7652,1.7652,1.7652,1.7652,200,0
CTEK.US,5,20211019,164000,1.78,1.78,1.78,1.78,500,0
CTEK.US,5,20211019,164500,1.7627,1.77,1.762,1.77,500,0
CTEK.US,5,20211019,165000,1.775,1.775,1.775,1.775,250,0
CTEK.US,5,20211019,165500,1.775,1.775,1.775,1.775,500,0
CTEK.US,5,20211019,171000,1.78,1.7925,1.78,1.7925,1000,0
CTEK.US,5,20211019,171500,1.7677,1.7677,1.7601,1.7601,613,0
CTEK.US,5,20211019,172500,1.7601,1.7601,1.7601,1.7601,113,0
CTEK.US,5,20211019,180000,1.775,1.775,1.775,1.775,1000,0
CTEK.US,5,20211019,181000,1.7862,1.79,1.7846,1.79,1810,0
CTEK.US,5,20211019,182000,1.76,1.76,1.76,1.76,100,0
CTEK.US,5,20211019,182500,1.79,1.8,1.79,1.8,954,0
CTEK.US,5,20211019,183000,1.79,1.79,1.79,1.79,490,0
CTEK.US,5,20211019,184000,1.81,1.81,1.7964,1.7964,801,0
CTEK.US,5,20211019,185000,1.8,1.8,1.8,1.8,270,0
CTEK.US,5,20211019,191000,1.8,1.82,1.785,1.82,34441,0
CTEK.US,5,20211019,192000,1.8175,1.825,1.8175,1.825,3000,0
CTEK.US,5,20211019,192500,1.8337,1.8399,1.83,1.835,9200,0
CTEK.US,5,20211019,193000,1.8301,1.84,1.8301,1.84,1791,0
CTEK.US,5,20211019,193500,1.8301,1.8499,1.8301,1.8499,5333,0
CTEK.US,5,20211019,194000,1.84,1.8499,1.82,1.84,28288,0
CTEK.US,5,20211019,194500,1.84,1.85,1.84,1.8409,4596,0
CTEK.US,5,20211019,195000,1.843,1.85,1.843,1.85,11000,0
CTEK.US,5,20211019,200000,1.8427,1.8427,1.84,1.84,2420,0
CTEK.US,5,20211019,202000,1.8201,1.8201,1.8201,1.8201,1000,0
CTEK.US,5,20211019,202500,1.83,1.84,1.83,1.835,16894,0
CTEK.US,5,20211019,203500,1.83,1.83,1.83,1.83,441,0
CTEK.US,5,20211019,204500,1.84,1.84,1.8373,1.8373,200,0
CTEK.US,5,20211019,205500,1.83,1.83,1.83,1.83,200,0
CTEK.US,5,20211019,210500,1.83,1.83,1.82,1.82,11000,0
CTEK.US,5,20211019,211000,1.8201,1.8201,1.82,1.8201,6200,0
CTEK.US,5,20211019,213000,1.82,1.82,1.82,1.82,3300,0
CTEK.US,5,20211019,213500,1.8399,1.8399,1.82,1.8299,13246,0
CTEK.US,5,20211019,214000,1.8101,1.815,1.8,1.8101,9687,0
CTEK.US,5,20211019,214500,1.809,1.82,1.809,1.81,1900,0
CTEK.US,5,20211019,215000,1.8001,1.808,1.8,1.808,8261,0
CTEK.US,5,20211019,215500,1.78,1.8,1.78,1.78,1702,0
CTEK.US,5,20211020,153000,1.81,1.82,1.81,1.82,310,0
CTEK.US,5,20211020,154500,1.82,1.82,1.82,1.82,100,0
CTEK.US,5,20211020,155000,1.81,1.81,1.81,1.81,500,0
CTEK.US,5,20211020,155500,1.7906,1.7906,1.7906,1.7906,536,0
CTEK.US,5,20211020,161500,1.79,1.79,1.78,1.781,2700,0
CTEK.US,5,20211020,163500,1.789,1.789,1.789,1.789,400,0
CTEK.US,5,20211020,164000,1.79,1.79,1.79,1.79,200,0
CTEK.US,5,20211020,165000,1.8,1.8,1.795,1.795,1400,0
CTEK.US,5,20211020,170500,1.79,1.79,1.79,1.79,3900,0
CTEK.US,5,20211020,171500,1.795,1.795,1.7904,1.7904,2000,0
CTEK.US,5,20211020,174500,1.79,1.79,1.79,1.79,100,0
CTEK.US,5,20211020,175500,1.7969,1.7969,1.7969,1.7969,126,0
CTEK.US,5,20211020,180500,1.8,1.82,1.7977,1.7977,1026,0
CTEK.US,5,20211020,182500,1.825,1.825,1.825,1.825,1500,0
CTEK.US,5,20211020,183500,1.8101,1.8101,1.8101,1.8101,1000,0
CTEK.US,5,20211020,185500,1.82,1.82,1.82,1.82,500,0
CTEK.US,5,20211020,190000,1.8139,1.8139,1.8139,1.8139,250,0
CTEK.US,5,20211020,191500,1.825,1.825,1.825,1.825,180,0
CTEK.US,5,20211020,193000,1.82,1.82,1.82,1.82,104,0
CTEK.US,5,20211020,193500,1.82,1.82,1.81,1.81,1952,0
CTEK.US,5,20211020,194500,1.81,1.81,1.81,1.81,449,0
CTEK.US,5,20211020,200000,1.81,1.8101,1.81,1.8101,200,0
CTEK.US,5,20211020,201000,1.815,1.828,1.815,1.828,1200,0
CTEK.US,5,20211020,201500,1.82,1.84,1.82,1.84,400,0
CTEK.US,5,20211020,203000,1.83,1.83,1.83,1.83,414,0
CTEK.US,5,20211020,203500,1.82,1.82,1.82,1.82,400,0
CTEK.US,5,20211020,204000,1.825,1.83,1.825,1.83,8500,0
CTEK.US,5,20211020,204500,1.84,1.84,1.8398,1.8398,4999,0
CTEK.US,5,20211020,210000,1.8201,1.8201,1.8201,1.8201,3500,0
CTEK.US,5,20211020,210500,1.8222,1.8222,1.8222,1.8222,250,0
CTEK.US,5,20211020,211500,1.8399,1.8399,1.8399,1.8399,500,0
CTEK.US,5,20211020,212500,1.83,1.83,1.825,1.825,200,0
CTEK.US,5,20211020,213500,1.83,1.83,1.83,1.83,100,0
CTEK.US,5,20211020,214000,1.8301,1.8301,1.83,1.83,2882,0
CTEK.US,5,20211020,214500,1.8301,1.8301,1.8301,1.8301,1000,0
CTEK.US,5,20211020,215000,1.83,1.8301,1.825,1.825,3400,0
CTEK.US,5,20211020,215500,1.8201,1.84,1.8201,1.84,2915,0
CTEK.US,5,20211021,153000,1.85,1.87,1.84,1.87,13421,0
CTEK.US,5,20211021,153500,1.84,1.84,1.8101,1.8101,799,0
CTEK.US,5,20211021,154500,1.8101,1.8146,1.81,1.8146,1463,0
CTEK.US,5,20211021,155000,1.8143,1.8143,1.8143,1.8143,500,0
CTEK.US,5,20211021,160000,1.835,1.835,1.835,1.835,150,0
CTEK.US,5,20211021,160500,1.82,1.835,1.82,1.82,5000,0
CTEK.US,5,20211021,161500,1.84,1.84,1.84,1.84,100,0
CTEK.US,5,20211021,162000,1.81,1.82,1.8,1.81,2396,0
CTEK.US,5,20211021,162500,1.81,1.81,1.81,1.81,400,0
CTEK.US,5,20211021,163000,1.8122,1.8122,1.8122,1.8122,445,0
CTEK.US,5,20211021,163500,1.83,1.83,1.83,1.83,1025,0
CTEK.US,5,20211021,164500,1.8155,1.8155,1.8155,1.8155,600,0
CTEK.US,5,20211021,173000,1.8226,1.8226,1.81,1.81,6400,0
CTEK.US,5,20211021,174000,1.8101,1.8101,1.81,1.81,10280,0
CTEK.US,5,20211021,174500,1.81,1.81,1.81,1.81,100,0
CTEK.US,5,20211021,175000,1.81,1.81,1.79,1.79,4000,0
CTEK.US,5,20211021,180000,1.79,1.79,1.79,1.79,100,0
CTEK.US,5,20211021,180500,1.7955,1.7955,1.79,1.79,2600,0
CTEK.US,5,20211021,181500,1.7801,1.79,1.7801,1.785,950,0
CTEK.US,5,20211021,182000,1.785,1.785,1.7811,1.7811,3309,0
CTEK.US,5,20211021,182500,1.785,1.785,1.785,1.785,200,0
CTEK.US,5,20211021,183000,1.785,1.785,1.785,1.785,100,0
CTEK.US,5,20211021,183500,1.7873,1.79,1.785,1.785,900,0
CTEK.US,5,20211021,184500,1.7901,1.7901,1.7901,1.7901,200,0
CTEK.US,5,20211021,190500,1.8,1.8,1.8,1.8,900,0
CTEK.US,5,20211021,191500,1.7999,1.83,1.795,1.83,44137,0
CTEK.US,5,20211021,192000,1.84,1.88,1.84,1.8744,43335,0
CTEK.US,5,20211021,192500,1.8712,1.8712,1.8678,1.8678,1050,0
CTEK.US,5,20211021,193000,1.85,1.85,1.85,1.85,3400,0
CTEK.US,5,20211021,193500,1.8475,1.87,1.8357,1.85,7770,0
CTEK.US,5,20211021,194000,1.8499,1.88,1.8493,1.88,8377,0
CTEK.US,5,20211021,194500,1.87,1.88,1.86,1.87,11613,0
CTEK.US,5,20211021,195000,1.8629,1.87,1.8601,1.8688,21738,0
CTEK.US,5,20211021,195500,1.86,1.87,1.86,1.87,2252,0
CTEK.US,5,20211021,201000,1.8517,1.86,1.8517,1.86,4887,0
CTEK.US,5,20211021,201500,1.86,1.86,1.84,1.8593,6379,0
CTEK.US,5,20211021,202000,1.85,1.85,1.85,1.85,100,0
CTEK.US,5,20211021,202500,1.8471,1.8471,1.8471,1.8471,1000,0
CTEK.US,5,20211021,203000,1.8241,1.84,1.8241,1.84,1100,0
CTEK.US,5,20211021,204000,1.84,1.84,1.84,1.84,150,0
CTEK.US,5,20211021,204500,1.8301,1.8301,1.83,1.8301,13106,0
CTEK.US,5,20211021,210000,1.8499,1.8499,1.8499,1.8499,100,0
CTEK.US,5,20211021,211500,1.85,1.85,1.82,1.82,4467,0
CTEK.US,5,20211021,212500,1.8476,1.8476,1.8476,1.8476,189,0
CTEK.US,5,20211021,213000,1.82,1.82,1.82,1.82,500,0
CTEK.US,5,20211021,213500,1.83,1.83,1.83,1.83,1000,0
CTEK.US,5,20211021,214000,1.82,1.82,1.82,1.82,981,0
CTEK.US,5,20211021,214500,1.828,1.84,1.828,1.84,2302,0
CTEK.US,5,20211021,215000,1.833,1.833,1.833,1.833,100,0
CTEK.US,5,20211021,215500,1.83,1.84,1.82,1.84,2600,0
CTEK.US,5,20211022,153000,1.81,1.82,1.6801,1.71,5830,0
CTEK.US,5,20211022,153500,1.72,1.785,1.72,1.785,8340,0
CTEK.US,5,20211022,154000,1.79,1.79,1.77,1.77,16014,0
CTEK.US,5,20211022,155000,1.75,1.7501,1.73,1.73,6957,0
CTEK.US,5,20211022,155500,1.75,1.75,1.7489,1.7489,730,0
CTEK.US,5,20211022,160500,1.74,1.755,1.74,1.755,2700,0
CTEK.US,5,20211022,161000,1.76,1.76,1.755,1.755,668,0
CTEK.US,5,20211022,161500,1.75,1.75,1.68,1.68,77133,0
CTEK.US,5,20211022,162000,1.6857,1.6857,1.6857,1.6857,150,0
CTEK.US,5,20211022,162500,1.7092,1.71,1.7001,1.71,1250,0
CTEK.US,5,20211022,163000,1.722,1.7301,1.722,1.7301,5388,0
CTEK.US,5,20211022,163500,1.72,1.73,1.72,1.727,2450,0
CTEK.US,5,20211022,164000,1.72,1.72,1.71,1.71,2498,0
CTEK.US,5,20211022,165000,1.718,1.718,1.7128,1.7128,239,0
CTEK.US,5,20211022,165500,1.7198,1.7198,1.71,1.71,5720,0
CTEK.US,5,20211022,170000,1.71,1.72,1.7001,1.72,3718,0
CTEK.US,5,20211022,170500,1.72,1.72,1.72,1.72,400,0
CTEK.US,5,20211022,171500,1.73,1.75,1.7224,1.7482,25750,0
CTEK.US,5,20211022,172000,1.7402,1.7402,1.71,1.71,3400,0
CTEK.US,5,20211022,173000,1.7,1.7,1.7,1.7,100,0
CTEK.US,5,20211022,173500,1.7271,1.73,1.715,1.73,7480,0
CTEK.US,5,20211022,174000,1.7182,1.7182,1.71,1.71,243,0
CTEK.US,5,20211022,175000,1.74,1.74,1.74,1.74,290,0
CTEK.US,5,20211022,175500,1.7206,1.7206,1.7206,1.7206,681,0
CTEK.US,5,20211022,180000,1.7399,1.7399,1.731,1.731,403,0
CTEK.US,5,20211022,182000,1.7398,1.7398,1.7398,1.7398,2968,0
CTEK.US,5,20211022,184000,1.7381,1.7381,1.7201,1.7201,700,0
CTEK.US,5,20211022,184500,1.7227,1.7227,1.7201,1.7201,200,0
CTEK.US,5,20211022,190000,1.73,1.7393,1.73,1.7376,550,0
CTEK.US,5,20211022,190500,1.7259,1.7259,1.7259,1.7259,518,0
CTEK.US,5,20211022,193000,1.74,1.74,1.7376,1.7376,200,0
CTEK.US,5,20211022,194500,1.7253,1.7253,1.7253,1.7253,1939,0
CTEK.US,5,20211022,195000,1.735,1.735,1.73,1.73,726,0
CTEK.US,5,20211022,195500,1.7394,1.7394,1.7394,1.7394,1500,0
CTEK.US,5,20211022,200000,1.73,1.7322,1.71,1.71,13220,0
CTEK.US,5,20211022,200500,1.705,1.71,1.7049,1.71,2265,0
CTEK.US,5,20211022,201500,1.71,1.71,1.71,1.71,200,0
CTEK.US,5,20211022,202000,1.73,1.73,1.73,1.73,100,0
CTEK.US,5,20211022,203000,1.7211,1.7299,1.7211,1.7299,1850,0
CTEK.US,5,20211022,203500,1.715,1.7237,1.7102,1.7237,5381,0
CTEK.US,5,20211022,204000,1.71,1.7102,1.71,1.7102,1800,0
CTEK.US,5,20211022,205000,1.705,1.705,1.705,1.705,1100,0
CTEK.US,5,20211022,205500,1.71,1.72,1.71,1.72,4020,0
CTEK.US,5,20211022,210000,1.75,1.7535,1.72,1.7535,4500,0
CTEK.US,5,20211022,210500,1.7533,1.7544,1.73,1.735,3360,0
CTEK.US,5,20211022,211000,1.7305,1.7305,1.7305,1.7305,200,0
CTEK.US,5,20211022,212500,1.7288,1.7288,1.72,1.72,1668,0
CTEK.US,5,20211022,215500,1.73,1.78,1.73,1.74,11029,0
CTEK.US,5,20211025,153000,1.72,1.74,1.72,1.74,428,0
CTEK.US,5,20211025,153500,1.7259,1.74,1.7259,1.74,3437,0
CTEK.US,5,20211025,154000,1.74,1.758,1.74,1.75,1082,0
CTEK.US,5,20211025,160000,1.7326,1.7326,1.7326,1.7326,272,0
CTEK.US,5,20211025,160500,1.73,1.73,1.73,1.73,800,0
CTEK.US,5,20211025,161000,1.75,1.75,1.75,1.75,2100,0
CTEK.US,5,20211025,161500,1.75,1.7675,1.75,1.7675,1029,0
CTEK.US,5,20211025,162000,1.7684,1.7684,1.74,1.74,2000,0
CTEK.US,5,20211025,163000,1.74,1.74,1.74,1.74,1500,0
CTEK.US,5,20211025,165000,1.7355,1.7355,1.7355,1.7355,190,0
CTEK.US,5,20211025,170000,1.7303,1.75,1.7303,1.75,4095,0
CTEK.US,5,20211025,170500,1.77,1.77,1.77,1.77,1874,0
CTEK.US,5,20211025,171000,1.74,1.74,1.74,1.74,494,0
CTEK.US,5,20211025,171500,1.76,1.77,1.74,1.77,3094,0
CTEK.US,5,20211025,172500,1.7688,1.7688,1.7303,1.7366,4600,0
CTEK.US,5,20211025,180000,1.7225,1.7225,1.7225,1.7225,500,0
CTEK.US,5,20211025,180500,1.7299,1.7299,1.7299,1.7299,280,0
CTEK.US,5,20211025,181000,1.7291,1.73,1.7291,1.73,1541,0
CTEK.US,5,20211025,181500,1.75,1.75,1.7366,1.75,2995,0
CTEK.US,5,20211025,183500,1.7329,1.7329,1.7329,1.7329,189,0
CTEK.US,5,20211025,184000,1.73,1.7306,1.73,1.7306,876,0
CTEK.US,5,20211025,185000,1.7479,1.7479,1.7479,1.7479,500,0
CTEK.US,5,20211025,185500,1.732,1.7326,1.732,1.7326,604,0
CTEK.US,5,20211025,190000,1.7499,1.7499,1.7499,1.7499,494,0
CTEK.US,5,20211025,190500,1.73,1.73,1.73,1.73,500,0
CTEK.US,5,20211025,191500,1.7332,1.7332,1.7332,1.7332,133,0
CTEK.US,5,20211025,192000,1.7301,1.7301,1.7301,1.7301,100,0
CTEK.US,5,20211025,193000,1.73,1.73,1.72,1.72,1715,0
CTEK.US,5,20211025,193500,1.72,1.72,1.7,1.7,11555,0
CTEK.US,5,20211025,195500,1.71,1.71,1.7,1.7018,1859,0
CTEK.US,5,20211025,200000,1.7005,1.7099,1.7,1.7,11967,0
CTEK.US,5,20211025,200500,1.7063,1.7063,1.7063,1.7063,3900,0
CTEK.US,5,20211025,201000,1.7063,1.7063,1.7063,1.7063,1335,0
CTEK.US,5,20211025,202000,1.71,1.71,1.708,1.71,4534,0
CTEK.US,5,20211025,202500,1.72,1.72,1.72,1.72,2625,0
CTEK.US,5,20211025,203000,1.73,1.73,1.73,1.73,500,0
CTEK.US,5,20211025,205500,1.73,1.73,1.73,1.73,300,0
CTEK.US,5,20211025,210500,1.72,1.72,1.72,1.72,1000,0
CTEK.US,5,20211025,211500,1.73,1.74,1.73,1.74,303,0
CTEK.US,5,20211025,212000,1.72,1.72,1.72,1.72,1000,0
CTEK.US,5,20211025,213500,1.7209,1.7209,1.7209,1.7209,1499,0
CTEK.US,5,20211025,215000,1.72,1.72,1.72,1.72,755,0
CTEK.US,5,20211025,215500,1.71,1.73,1.71,1.73,744,0
CTEK.US,5,20211026,153000,1.72,1.72,1.72,1.72,2590,0
CTEK.US,5,20211026,153500,1.76,1.76,1.76,1.76,100,0
CTEK.US,5,20211026,154000,1.75,1.75,1.74,1.74,1120,0
CTEK.US,5,20211026,154500,1.77,1.85,1.71,1.7596,41299,0
CTEK.US,5,20211026,155000,1.79,1.79,1.7501,1.7606,15655,0
CTEK.US,5,20211026,155500,1.75,1.75,1.74,1.74,652,0
CTEK.US,5,20211026,160000,1.74,1.74,1.74,1.74,2450,0
CTEK.US,5,20211026,160500,1.73,1.7607,1.73,1.7607,231,0
CTEK.US,5,20211026,161500,1.71,1.71,1.71,1.71,169,0
CTEK.US,5,20211026,162000,1.7177,1.7599,1.7177,1.7599,6400,0
CTEK.US,5,20211026,162500,1.7177,1.7177,1.7177,1.7177,131,0
CTEK.US,5,20211026,163000,1.7201,1.7201,1.7201,1.7201,189,0
CTEK.US,5,20211026,163500,1.732,1.732,1.732,1.732,100,0
CTEK.US,5,20211026,164000,1.7464,1.7464,1.7464,1.7464,190,0
CTEK.US,5,20211026,170500,1.73,1.73,1.72,1.72,529,0
CTEK.US,5,20211026,172500,1.73,1.73,1.73,1.73,1762,0
CTEK.US,5,20211026,180000,1.7399,1.7399,1.7399,1.7399,494,0
CTEK.US,5,20211026,180500,1.73,1.73,1.73,1.73,200,0
CTEK.US,5,20211026,182000,1.7301,1.732,1.7301,1.732,225,0
CTEK.US,5,20211026,182500,1.73,1.73,1.72,1.72,676,0
CTEK.US,5,20211026,183500,1.7202,1.7202,1.7202,1.7202,346,0
CTEK.US,5,20211026,184000,1.73,1.73,1.73,1.73,229,0
CTEK.US,5,20211026,184500,1.74,1.74,1.7226,1.7226,200,0
CTEK.US,5,20211026,185500,1.7387,1.7387,1.7201,1.7201,410,0
CTEK.US,5,20211026,191000,1.721,1.721,1.721,1.721,1744,0
CTEK.US,5,20211026,192000,1.7226,1.7226,1.7226,1.7226,100,0
CTEK.US,5,20211026,192500,1.74,1.74,1.74,1.74,100,0
CTEK.US,5,20211026,193000,1.73,1.73,1.73,1.73,100,0
CTEK.US,5,20211026,195000,1.722,1.722,1.722,1.722,100,0
CTEK.US,5,20211026,195500,1.73,1.73,1.73,1.73,200,0
CTEK.US,5,20211026,200000,1.73,1.73,1.73,1.73,380,0
CTEK.US,5,20211026,201500,1.7489,1.7489,1.7489,1.7489,1000,0
CTEK.US,5,20211026,210000,1.7481,1.7481,1.7481,1.7481,1000,0
CTEK.US,5,20211026,212000,1.73,1.735,1.73,1.7302,1100,0
CTEK.US,5,20211026,212500,1.73,1.73,1.73,1.73,600,0
CTEK.US,5,20211026,213500,1.729,1.729,1.729,1.729,700,0
CTEK.US,5,20211026,214000,1.73,1.73,1.73,1.73,571,0
CTEK.US,5,20211026,215500,1.7387,1.74,1.7387,1.74,730,0
CTEK.US,5,20211027,153500,1.73,1.74,1.73,1.7395,862,0
CTEK.US,5,20211027,154500,1.7338,1.7338,1.7338,1.7338,100,0
CTEK.US,5,20211027,155500,1.7301,1.7301,1.7301,1.7301,192,0
CTEK.US,5,20211027,160000,1.76,1.76,1.76,1.76,200,0
CTEK.US,5,20211027,161000,1.7477,1.7477,1.7477,1.7477,900,0
CTEK.US,5,20211027,161500,1.7344,1.7344,1.7344,1.7344,280,0
CTEK.US,5,20211027,162000,1.7343,1.7343,1.73,1.73,400,0
CTEK.US,5,20211027,164000,1.7301,1.7301,1.7301,1.7301,156,0
CTEK.US,5,20211027,164500,1.7314,1.7314,1.7314,1.7314,300,0
CTEK.US,5,20211027,170000,1.7301,1.745,1.7301,1.7345,1600,0
CTEK.US,5,20211027,170500,1.73,1.7301,1.73,1.7301,400,0
CTEK.US,5,20211027,171500,1.7466,1.7466,1.7466,1.7466,400,0
CTEK.US,5,20211027,174000,1.75,1.75,1.75,1.75,100,0
CTEK.US,5,20211027,180500,1.7557,1.7557,1.7557,1.7557,1000,0
CTEK.US,5,20211027,192000,1.73,1.73,1.68,1.689,15940,0
CTEK.US,5,20211027,195500,1.6924,1.6924,1.6924,1.6924,500,0
CTEK.US,5,20211027,202000,1.71,1.71,1.71,1.71,100,0
CTEK.US,5,20211027,203000,1.72,1.72,1.72,1.72,100,0
CTEK.US,5,20211027,204000,1.705,1.7169,1.705,1.705,4000,0
CTEK.US,5,20211027,212000,1.715,1.715,1.71,1.71,600,0
CTEK.US,5,20211027,212500,1.7002,1.7002,1.7,1.7,648,0
CTEK.US,5,20211027,213000,1.6901,1.6901,1.6901,1.6901,742,0
CTEK.US,5,20211027,215500,1.698,1.698,1.69,1.69,320,0
CTEK.US,5,20211028,153000,1.68,1.68,1.68,1.68,1734,0
CTEK.US,5,20211028,154000,1.69,1.69,1.69,1.69,100,0
CTEK.US,5,20211028,155500,1.69,1.69,1.69,1.69,1000,0
CTEK.US,5,20211028,162000,1.715,1.72,1.71,1.72,550,0
CTEK.US,5,20211028,165000,1.71,1.71,1.71,1.71,100,0
CTEK.US,5,20211028,165500,1.71,1.71,1.69,1.69,15668,0
CTEK.US,5,20211028,170500,1.7038,1.7038,1.7038,1.7038,100,0
CTEK.US,5,20211028,171000,1.7,1.7,1.7,1.7,100,0
CTEK.US,5,20211028,172000,1.7,1.7003,1.7,1.7,8253,0
CTEK.US,5,20211028,174500,1.71,1.74,1.71,1.74,2680,0
CTEK.US,5,20211028,175000,1.72,1.72,1.72,1.72,705,0
CTEK.US,5,20211028,182000,1.721,1.721,1.72,1.72,200,0
CTEK.US,5,20211028,183000,1.74,1.75,1.73,1.73,3495,0
CTEK.US,5,20211028,194000,1.7398,1.74,1.7398,1.74,560,0
CTEK.US,5,20211028,201000,1.73,1.74,1.73,1.74,636,0
CTEK.US,5,20211028,202000,1.73,1.73,1.73,1.73,100,0
CTEK.US,5,20211028,202500,1.7378,1.7378,1.7378,1.7378,500,0
CTEK.US,5,20211028,203000,1.74,1.74,1.74,1.74,300,0
CTEK.US,5,20211028,204000,1.75,1.78,1.75,1.7599,31547,0
CTEK.US,5,20211028,205000,1.76,1.76,1.759,1.759,1141,0
CTEK.US,5,20211028,210000,1.78,1.78,1.78,1.78,100,0
CTEK.US,5,20211028,210500,1.78,1.78,1.7701,1.7701,3290,0
CTEK.US,5,20211028,211000,1.775,1.775,1.73,1.73,6007,0
CTEK.US,5,20211028,212000,1.755,1.755,1.7396,1.7401,1400,0
CTEK.US,5,20211029,153000,1.74,1.75,1.74,1.75,2368,0
CTEK.US,5,20211029,155000,1.7856,1.7856,1.7856,1.7856,500,0
CTEK.US,5,20211029,160000,1.7582,1.78,1.7582,1.78,200,0
CTEK.US,5,20211029,160500,1.77,1.77,1.7501,1.7501,600,0
CTEK.US,5,20211029,161000,1.7501,1.7501,1.7501,1.7501,371,0
CTEK.US,5,20211029,162500,1.77,1.78,1.77,1.78,960,0
CTEK.US,5,20211029,163000,1.79,1.79,1.79,1.79,1000,0
CTEK.US,5,20211029,164500,1.79,1.79,1.7734,1.79,2996,0
CTEK.US,5,20211029,165000,1.7836,1.79,1.7836,1.79,1285,0
CTEK.US,5,20211029,165500,1.775,1.775,1.775,1.775,135,0
CTEK.US,5,20211029,170000,1.7737,1.7737,1.7737,1.7737,300,0
CTEK.US,5,20211029,172500,1.79,1.79,1.79,1.79,600,0
CTEK.US,5,20211029,173500,1.7898,1.7898,1.7898,1.7898,1500,0
CTEK.US,5,20211029,174000,1.7772,1.7772,1.7772,1.7772,111,0
CTEK.US,5,20211029,174500,1.79,1.79,1.79,1.79,1081,0
CTEK.US,5,20211029,180000,1.8,1.8,1.8,1.8,1700,0
CTEK.US,5,20211029,180500,1.8,1.8,1.7947,1.7947,572,0
CTEK.US,5,20211029,182000,1.77,1.77,1.77,1.77,1750,0
CTEK.US,5,20211029,182500,1.79,1.8,1.79,1.8,1107,0
CTEK.US,5,20211029,184000,1.81,1.82,1.81,1.82,1700,0
CTEK.US,5,20211029,184500,1.782,1.782,1.782,1.782,500,0
CTEK.US,5,20211029,185500,1.78,1.78,1.78,1.78,3200,0
CTEK.US,5,20211029,194000,1.79,1.79,1.79,1.79,700,0
CTEK.US,5,20211029,194500,1.79,1.8,1.79,1.8,1000,0
CTEK.US,5,20211029,195000,1.81,1.82,1.81,1.82,800,0
CTEK.US,5,20211029,200000,1.81,1.81,1.81,1.81,700,0
CTEK.US,5,20211029,201500,1.81,1.81,1.81,1.81,600,0
CTEK.US,5,20211029,202500,1.81,1.81,1.795,1.8,800,0
CTEK.US,5,20211029,203500,1.8,1.8,1.8,1.8,100,0
CTEK.US,5,20211029,204000,1.8,1.8,1.8,1.8,400,0
CTEK.US,5,20211029,204500,1.8,1.8,1.8,1.8,500,0
CTEK.US,5,20211029,205000,1.8,1.8,1.8,1.8,200,0
CTEK.US,5,20211029,205500,1.8,1.81,1.8,1.81,1587,0
CTEK.US,5,20211029,210000,1.803,1.803,1.79,1.79,2340,0
CTEK.US,5,20211029,211000,1.79,1.79,1.79,1.79,100,0
CTEK.US,5,20211029,213000,1.79,1.79,1.79,1.79,100,0
CTEK.US,5,20211029,213500,1.79,1.79,1.79,1.79,274,0
CTEK.US,5,20211029,215000,1.7723,1.78,1.77,1.77,350,0
CTEK.US,5,20211029,215500,1.7701,1.7701,1.76,1.76,654,0
CTEK.US,5,20211101,143000,1.75,1.75,1.75,1.75,1999,0
CTEK.US,5,20211101,143500,1.7665,1.7665,1.7665,1.7665,250,0
CTEK.US,5,20211101,150000,1.78,1.78,1.78,1.78,100,0
CTEK.US,5,20211101,150500,1.76,1.7608,1.76,1.7608,1399,0
CTEK.US,5,20211101,151000,1.76,1.76,1.76,1.76,2400,0
CTEK.US,5,20211101,152500,1.76,1.76,1.76,1.76,400,0
CTEK.US,5,20211101,153000,1.76,1.76,1.76,1.76,100,0
CTEK.US,5,20211101,154500,1.76,1.76,1.76,1.76,800,0
CTEK.US,5,20211101,155500,1.75,1.7505,1.75,1.7505,400,0
CTEK.US,5,20211101,160000,1.7587,1.7599,1.7587,1.7599,1000,0
CTEK.US,5,20211101,160500,1.7599,1.76,1.7599,1.76,900,0
CTEK.US,5,20211101,162000,1.765,1.765,1.765,1.765,100,0
CTEK.US,5,20211101,165000,1.7635,1.7635,1.7635,1.7635,184,0
CTEK.US,5,20211101,165500,1.769,1.769,1.769,1.769,2700,0
CTEK.US,5,20211101,170000,1.75,1.75,1.75,1.75,100,0
CTEK.US,5,20211101,172000,1.75,1.75,1.75,1.75,100,0
CTEK.US,5,20211101,172500,1.7501,1.7501,1.7501,1.7501,3000,0
CTEK.US,5,20211101,174500,1.77,1.77,1.77,1.77,4200,0
CTEK.US,5,20211101,175500,1.77,1.77,1.76,1.76,9147,0
CTEK.US,5,20211101,181500,1.7501,1.7501,1.7501,1.7501,7064,0
CTEK.US,5,20211101,182000,1.76,1.77,1.76,1.77,516,0
CTEK.US,5,20211101,183500,1.77,1.77,1.77,1.77,400,0
CTEK.US,5,20211101,185500,1.8,1.8,1.8,1.8,300,0
CTEK.US,5,20211101,190000,1.8,1.8,1.8,1.8,100,0
CTEK.US,5,20211101,190500,1.7835,1.7835,1.7835,1.7835,100,0
CTEK.US,5,20211101,191500,1.78,1.78,1.78,1.78,2753,0
CTEK.US,5,20211101,194000,1.7813,1.7813,1.7813,1.7813,500,0
CTEK.US,5,20211101,194500,1.78,1.78,1.78,1.78,100,0
CTEK.US,5,20211101,195500,1.78,1.78,1.78,1.78,100,0
CTEK.US,5,20211101,200000,1.78,1.78,1.78,1.78,100,0
CTEK.US,5,20211101,200500,1.78,1.78,1.78,1.78,100,0
CTEK.US,5,20211101,201500,1.78,1.78,1.78,1.78,100,0
CTEK.US,5,20211101,202000,1.785,1.785,1.76,1.76,1247,0
CTEK.US,5,20211101,202500,1.76,1.76,1.76,1.76,100,0
CTEK.US,5,20211101,203000,1.76,1.76,1.76,1.76,100,0
CTEK.US,5,20211101,203500,1.7616,1.7616,1.76,1.76,1100,0
CTEK.US,5,20211101,204000,1.76,1.76,1.76,1.76,100,0
CTEK.US,5,20211101,204500,1.76,1.76,1.76,1.76,600,0
CTEK.US,5,20211101,205000,1.76,1.76,1.76,1.76,300,0
CTEK.US,5,20211101,205500,1.76,1.77,1.76,1.76,800,0
CTEK.US,5,20211102,143000,1.77,1.77,1.74,1.74,839,0
CTEK.US,5,20211102,143500,1.74,1.74,1.74,1.74,200,0
CTEK.US,5,20211102,145500,1.72,1.72,1.72,1.72,15452,0
CTEK.US,5,20211102,150000,1.72,1.72,1.72,1.72,350,0
CTEK.US,5,20211102,150500,1.73,1.73,1.73,1.73,300,0
CTEK.US,5,20211102,151000,1.74,1.74,1.74,1.74,2326,0
CTEK.US,5,20211102,152500,1.721,1.721,1.72,1.7205,2000,0
CTEK.US,5,20211102,153500,1.7201,1.7201,1.7201,1.7201,200,0
CTEK.US,5,20211102,155000,1.73,1.73,1.73,1.73,524,0
CTEK.US,5,20211102,160000,1.7219,1.7219,1.72,1.72,1300,0
CTEK.US,5,20211102,160500,1.7191,1.7196,1.715,1.715,8200,0
CTEK.US,5,20211102,161000,1.72,1.72,1.715,1.715,2000,0
CTEK.US,5,20211102,161500,1.711,1.711,1.711,1.711,1000,0
CTEK.US,5,20211102,162000,1.71,1.715,1.71,1.715,2760,0
CTEK.US,5,20211102,163500,1.72,1.72,1.72,1.72,10749,0
CTEK.US,5,20211102,165500,1.7202,1.7202,1.7202,1.7202,5000,0
CTEK.US,5,20211102,170000,1.7233,1.7233,1.7233,1.7233,508,0
CTEK.US,5,20211102,170500,1.7201,1.7201,1.7201,1.7201,500,0
CTEK.US,5,20211102,171000,1.73,1.73,1.73,1.73,300,0
CTEK.US,5,20211102,171500,1.72,1.7206,1.72,1.7206,975,0
CTEK.US,5,20211102,172000,1.7469,1.7469,1.7469,1.7469,1000,0
CTEK.US,5,20211102,181000,1.72,1.72,1.7081,1.7081,8955,0
CTEK.US,5,20211102,181500,1.71,1.71,1.7097,1.7097,18837,0
CTEK.US,5,20211102,183000,1.72,1.72,1.72,1.72,100,0
CTEK.US,5,20211102,183500,1.71,1.71,1.71,1.71,100,0
CTEK.US,5,20211102,184500,1.72,1.72,1.7105,1.7105,700,0
CTEK.US,5,20211102,185000,1.7237,1.7237,1.7237,1.7237,100,0
CTEK.US,5,20211102,191000,1.725,1.725,1.725,1.725,1000,0
CTEK.US,5,20211102,191500,1.725,1.725,1.725,1.725,500,0
CTEK.US,5,20211102,192000,1.7273,1.73,1.7273,1.7299,7823,0
CTEK.US,5,20211102,194500,1.73,1.74,1.73,1.7381,894,0
CTEK.US,5,20211103,143000,1.74,1.77,1.74,1.77,1242,0
CTEK.US,5,20211103,144000,1.76,1.76,1.75,1.75,9199,0
CTEK.US,5,20211103,145500,1.74,1.74,1.74,1.74,100,0
CTEK.US,5,20211103,150500,1.74,1.74,1.74,1.74,700,0
CTEK.US,5,20211103,151000,1.77,1.77,1.77,1.77,200,0
CTEK.US,5,20211103,152000,1.75,1.75,1.74,1.7402,1308,0
CTEK.US,5,20211103,152500,1.74,1.74,1.7397,1.7397,1876,0
CTEK.US,5,20211103,155500,1.75,1.75,1.75,1.75,2000,0
CTEK.US,5,20211103,160500,1.75,1.75,1.75,1.75,1000,0
CTEK.US,5,20211103,161000,1.74,1.74,1.74,1.74,200,0
CTEK.US,5,20211103,165000,1.75,1.75,1.74,1.74,210,0
CTEK.US,5,20211103,172000,1.75,1.75,1.7417,1.7417,4000,0
CTEK.US,5,20211103,180000,1.76,1.76,1.76,1.76,200,0
CTEK.US,5,20211103,180500,1.75,1.755,1.75,1.75,3000,0
CTEK.US,5,20211103,182000,1.7511,1.7511,1.7511,1.7511,250,0
CTEK.US,5,20211103,183000,1.75,1.75,1.75,1.75,1550,0
CTEK.US,5,20211103,183500,1.74,1.74,1.74,1.74,450,0
CTEK.US,5,20211103,184500,1.7399,1.7399,1.7399,1.7399,5000,0
CTEK.US,5,20211103,185000,1.739,1.75,1.739,1.75,1559,0
CTEK.US,5,20211103,185500,1.74,1.74,1.74,1.74,100,0
CTEK.US,5,20211103,192500,1.7491,1.75,1.7491,1.75,7660,0
CTEK.US,5,20211103,193500,1.74,1.75,1.74,1.75,2764,0
CTEK.US,5,20211103,204000,1.75,1.75,1.75,1.75,300,0
CTEK.US,5,20211103,204500,1.75,1.75,1.75,1.75,100,0
CTEK.US,5,20211103,205500,1.75,1.75,1.74,1.74,2100,0
CTEK.US,5,20211104,143000,1.84,1.85,1.8101,1.8101,2750,0
CTEK.US,5,20211104,143500,1.83,1.83,1.83,1.83,1601,0
CTEK.US,5,20211104,144000,1.8165,1.8165,1.81,1.816,4435,0
CTEK.US,5,20211104,144500,1.8122,1.8122,1.8082,1.81,6029,0
CTEK.US,5,20211104,145000,1.8356,1.8356,1.8356,1.8356,500,0
CTEK.US,5,20211104,145500,1.825,1.825,1.825,1.825,1000,0
CTEK.US,5,20211104,150500,1.835,1.835,1.835,1.835,200,0
CTEK.US,5,20211104,151500,1.8226,1.83,1.81,1.81,6113,0
CTEK.US,5,20211104,152000,1.8,1.8052,1.8,1.8015,1100,0
CTEK.US,5,20211104,152500,1.783,1.83,1.783,1.7847,2500,0
CTEK.US,5,20211104,153500,1.78,1.78,1.75,1.775,3259,0
CTEK.US,5,20211104,154500,1.8,1.85,1.8,1.85,4957,0
CTEK.US,5,20211104,160000,1.8,1.8,1.8,1.8,700,0
CTEK.US,5,20211104,160500,1.78,1.78,1.78,1.78,500,0
CTEK.US,5,20211104,170000,1.8,1.8,1.8,1.8,200,0
CTEK.US,5,20211104,172000,1.8,1.8,1.7848,1.7848,350,0
CTEK.US,5,20211104,173500,1.8,1.8,1.8,1.8,100,0
CTEK.US,5,20211104,175000,1.79,1.79,1.79,1.79,800,0
CTEK.US,5,20211104,175500,1.7998,1.7998,1.7998,1.7998,8000,0
CTEK.US,5,20211104,181500,1.81,1.81,1.81,1.81,100,0
CTEK.US,5,20211104,185000,1.81,1.81,1.8,1.81,700,0
CTEK.US,5,20211104,190000,1.81,1.81,1.81,1.81,100,0
CTEK.US,5,20211104,191000,1.8,1.8,1.8,1.8,1400,0
CTEK.US,5,20211104,192000,1.8,1.8,1.8,1.8,100,0
CTEK.US,5,20211104,192500,1.795,1.8,1.795,1.8,6000,0
CTEK.US,5,20211104,193000,1.8,1.8,1.8,1.8,400,0
CTEK.US,5,20211104,193500,1.8,1.8,1.78,1.78,5080,0
CTEK.US,5,20211104,201500,1.8,1.8,1.8,1.8,100,0
CTEK.US,5,20211104,202000,1.8,1.8,1.79,1.79,700,0
CTEK.US,5,20211104,203000,1.79,1.795,1.7799,1.7799,3700,0
CTEK.US,5,20211104,204500,1.77,1.77,1.75,1.75,5660,0
CTEK.US,5,20211104,205000,1.77,1.77,1.763,1.77,3941,0
CTEK.US,5,20211104,205500,1.76,1.78,1.76,1.78,300,0
CTEK.US,5,20211105,143500,1.71,1.745,1.71,1.7165,2100,0
CTEK.US,5,20211105,151500,1.7751,1.7751,1.7751,1.7751,1000,0
CTEK.US,5,20211105,160000,1.7303,1.7303,1.7303,1.7303,260,0
CTEK.US,5,20211105,161000,1.74,1.74,1.74,1.74,600,0
CTEK.US,5,20211105,163500,1.7326,1.7326,1.7326,1.7326,300,0
CTEK.US,5,20211105,170000,1.73,1.73,1.73,1.73,10000,0
CTEK.US,5,20211105,175000,1.735,1.745,1.73,1.745,2300,0
CTEK.US,5,20211105,180000,1.7499,1.7499,1.74,1.74,2611,0
CTEK.US,5,20211105,183500,1.7483,1.7483,1.7483,1.7483,1000,0
CTEK.US,5,20211105,185000,1.73,1.73,1.73,1.73,2000,0
CTEK.US,5,20211105,185500,1.75,1.75,1.75,1.75,100,0
CTEK.US,5,20211105,195000,1.7499,1.75,1.7499,1.75,5400,0
CTEK.US,5,20211105,200500,1.7323,1.7323,1.7323,1.7323,500,0
CTEK.US,5,20211105,201500,1.74,1.74,1.74,1.74,1475,0
CTEK.US,5,20211105,202000,1.75,1.75,1.75,1.75,990,0
CTEK.US,5,20211105,203000,1.75,1.75,1.75,1.75,3300,0
CTEK.US,5,20211105,203500,1.745,1.7498,1.745,1.7498,4310,0
CTEK.US,5,20211105,205000,1.745,1.745,1.74,1.74,1000,0
CTEK.US,5,20211105,205500,1.745,1.75,1.74,1.75,13895,0
CTEK.US,5,20211108,153000,1.75,1.75,1.74,1.7412,4168,0
CTEK.US,5,20211108,154500,1.73,1.74,1.72,1.7301,9000,0
CTEK.US,5,20211108,155000,1.7399,1.74,1.7397,1.7397,3100,0
CTEK.US,5,20211108,155500,1.74,1.74,1.74,1.74,1000,0
CTEK.US,5,20211108,160000,1.73,1.73,1.71,1.71,11962,0
CTEK.US,5,20211108,161000,1.735,1.735,1.735,1.735,1000,0
CTEK.US,5,20211108,161500,1.73,1.73,1.73,1.73,1400,0
CTEK.US,5,20211108,163000,1.73,1.73,1.73,1.73,5000,0
CTEK.US,5,20211108,163500,1.7399,1.74,1.7395,1.74,2100,0
CTEK.US,5,20211108,171000,1.7317,1.7317,1.7317,1.7317,400,0
CTEK.US,5,20211108,171500,1.7301,1.7301,1.7301,1.7301,100,0
CTEK.US,5,20211108,173000,1.755,1.755,1.755,1.755,500,0
CTEK.US,5,20211108,181000,1.7738,1.7738,1.7738,1.7738,327,0
CTEK.US,5,20211108,182000,1.75,1.75,1.75,1.75,1000,0
CTEK.US,5,20211108,183000,1.75,1.75,1.75,1.75,100,0
CTEK.US,5,20211108,191000,1.76,1.76,1.76,1.76,400,0
CTEK.US,5,20211108,194000,1.76,1.76,1.76,1.76,200,0
CTEK.US,5,20211108,195000,1.7454,1.7454,1.7454,1.7454,214,0
CTEK.US,5,20211108,200500,1.74,1.74,1.74,1.74,100,0
CTEK.US,5,20211108,201000,1.74,1.74,1.74,1.74,100,0
CTEK.US,5,20211108,201500,1.73,1.73,1.73,1.73,121,0
CTEK.US,5,20211108,202000,1.73,1.73,1.73,1.73,100,0
CTEK.US,5,20211108,202500,1.73,1.73,1.73,1.73,100,0
CTEK.US,5,20211108,203500,1.74,1.74,1.74,1.74,700,0
CTEK.US,5,20211108,204000,1.74,1.74,1.74,1.74,100,0
CTEK.US,5,20211108,205000,1.74,1.74,1.74,1.74,100,0
CTEK.US,5,20211108,205500,1.74,1.74,1.74,1.74,100,0
CTEK.US,5,20211108,210500,1.74,1.745,1.74,1.745,7792,0
CTEK.US,5,20211108,211000,1.75,1.75,1.75,1.75,2000,0
CTEK.US,5,20211108,211500,1.74,1.74,1.74,1.74,100,0
CTEK.US,5,20211108,212000,1.745,1.745,1.745,1.745,100,0
CTEK.US,5,20211108,212500,1.74,1.74,1.74,1.74,2203,0
CTEK.US,5,20211108,213000,1.74,1.74,1.74,1.74,100,0
CTEK.US,5,20211108,213500,1.74,1.74,1.73,1.7302,15589,0
CTEK.US,5,20211108,214500,1.73,1.73,1.73,1.73,200,0
CTEK.US,5,20211108,215000,1.72,1.72,1.72,1.72,200,0
CTEK.US,5,20211108,215500,1.73,1.73,1.72,1.72,1123,0
CTEK.US,5,20211109,153000,1.71,1.71,1.71,1.71,241,0
CTEK.US,5,20211109,153500,1.7182,1.7182,1.7182,1.7182,130,0
CTEK.US,5,20211109,154000,1.7168,1.7168,1.71,1.71,800,0
CTEK.US,5,20211109,154500,1.717,1.717,1.717,1.717,415,0
CTEK.US,5,20211109,155500,1.7198,1.7198,1.71,1.71,1691,0
CTEK.US,5,20211109,160500,1.71,1.715,1.71,1.715,2912,0
CTEK.US,5,20211109,161500,1.7115,1.7115,1.7115,1.7115,277,0
CTEK.US,5,20211109,162000,1.71,1.73,1.71,1.7197,6100,0
CTEK.US,5,20211109,164500,1.71,1.71,1.71,1.71,102,0
CTEK.US,5,20211109,165000,1.7381,1.7381,1.725,1.725,270,0
CTEK.US,5,20211109,165500,1.7399,1.7399,1.71,1.71,235,0
CTEK.US,5,20211109,170000,1.74,1.74,1.74,1.74,102,0
CTEK.US,5,20211109,171000,1.72,1.72,1.72,1.72,164,0
CTEK.US,5,20211109,172000,1.735,1.735,1.725,1.725,300,0
CTEK.US,5,20211109,172500,1.74,1.74,1.74,1.74,350,0
CTEK.US,5,20211109,174000,1.74,1.74,1.74,1.74,100,0
CTEK.US,5,20211109,175500,1.72,1.72,1.72,1.72,200,0
CTEK.US,5,20211109,181500,1.72,1.72,1.72,1.72,100,0
CTEK.US,5,20211109,185000,1.72,1.72,1.72,1.72,100,0
CTEK.US,5,20211109,191000,1.72,1.74,1.72,1.74,649,0
CTEK.US,5,20211109,193000,1.72,1.72,1.72,1.72,100,0
CTEK.US,5,20211109,194500,1.72,1.72,1.72,1.72,500,0
CTEK.US,5,20211109,195500,1.7269,1.7269,1.7269,1.7269,804,0
CTEK.US,5,20211109,202500,1.712,1.712,1.712,1.712,669,0
CTEK.US,5,20211109,204000,1.7269,1.7269,1.7269,1.7269,500,0
CTEK.US,5,20211109,204500,1.71,1.71,1.71,1.71,100,0
CTEK.US,5,20211109,205000,1.71,1.71,1.71,1.71,1000,0
CTEK.US,5,20211109,210500,1.7225,1.7225,1.7225,1.7225,130,0
CTEK.US,5,20211109,211500,1.7131,1.73,1.7131,1.73,1386,0
CTEK.US,5,20211109,212000,1.7354,1.7354,1.7354,1.7354,671,0
CTEK.US,5,20211109,213500,1.725,1.7399,1.725,1.7399,4200,0
CTEK.US,5,20211109,214000,1.74,1.74,1.725,1.725,4400,0
CTEK.US,5,20211109,215000,1.71,1.71,1.71,1.71,100,0
CTEK.US,5,20211109,215500,1.725,1.725,1.71,1.71,531,0
CTEK.US,5,20211110,153000,1.73,1.73,1.7123,1.7123,1197,0
CTEK.US,5,20211110,160000,1.7132,1.72,1.71,1.72,2000,0
CTEK.US,5,20211110,160500,1.72,1.73,1.71,1.71,1000,0
CTEK.US,5,20211110,163000,1.72,1.72,1.72,1.72,700,0
CTEK.US,5,20211110,163500,1.73,1.73,1.73,1.73,100,0
CTEK.US,5,20211110,164500,1.72,1.72,1.72,1.72,2000,0
CTEK.US,5,20211110,172500,1.73,1.73,1.7295,1.73,2320,0
CTEK.US,5,20211110,173000,1.73,1.73,1.73,1.73,500,0
CTEK.US,5,20211110,185500,1.7221,1.7221,1.7221,1.7221,283,0
CTEK.US,5,20211110,190000,1.7219,1.7219,1.7219,1.7219,1000,0
CTEK.US,5,20211110,192500,1.7399,1.7399,1.726,1.7399,300,0
CTEK.US,5,20211110,194000,1.7208,1.7208,1.72,1.72,2911,0
CTEK.US,5,20211110,194500,1.73,1.73,1.73,1.73,350,0
CTEK.US,5,20211110,195000,1.735,1.735,1.73,1.73,600,0
CTEK.US,5,20211110,200000,1.735,1.735,1.73,1.73,700,0
CTEK.US,5,20211110,200500,1.73,1.73,1.73,1.73,500,0
CTEK.US,5,20211110,201000,1.735,1.74,1.73,1.73,3000,0
CTEK.US,5,20211110,202000,1.735,1.735,1.73,1.73,500,0
CTEK.US,5,20211110,202500,1.74,1.74,1.74,1.74,500,0
CTEK.US,5,20211110,213000,1.7307,1.735,1.71,1.71,10181,0
CTEK.US,5,20211110,214000,1.72,1.72,1.71,1.71,3806,0
CTEK.US,5,20211110,215000,1.705,1.705,1.705,1.705,200,0
CTEK.US,5,20211110,215500,1.7,1.71,1.7,1.71,6312,0
CTEK.US,5,20211111,153000,1.73,1.73,1.71,1.71,347,0
CTEK.US,5,20211111,153500,1.71,1.71,1.71,1.71,200,0
CTEK.US,5,20211111,160000,1.74,1.74,1.74,1.74,100,0
CTEK.US,5,20211111,162500,1.7,1.705,1.7,1.705,850,0
CTEK.US,5,20211111,165000,1.72,1.72,1.72,1.72,2474,0
CTEK.US,5,20211111,165500,1.7499,1.7499,1.73,1.7344,3800,0
CTEK.US,5,20211111,171500,1.7101,1.7367,1.7101,1.7367,2700,0
CTEK.US,5,20211111,181000,1.73,1.73,1.73,1.73,200,0
CTEK.US,5,20211111,184000,1.74,1.74,1.7397,1.7397,1800,0
CTEK.US,5,20211111,185000,1.7481,1.7481,1.7481,1.7481,200,0
CTEK.US,5,20211111,185500,1.74,1.74,1.74,1.74,914,0
CTEK.US,5,20211111,191500,1.7401,1.7401,1.7401,1.7401,2500,0
CTEK.US,5,20211111,193500,1.7412,1.7412,1.7412,1.7412,100,0
CTEK.US,5,20211111,200000,1.7401,1.7401,1.7401,1.7401,250,0
CTEK.US,5,20211111,200500,1.745,1.745,1.74,1.74,1600,0
CTEK.US,5,20211111,202500,1.74,1.74,1.74,1.74,100,0
CTEK.US,5,20211111,210000,1.735,1.735,1.73,1.73,600,0
CTEK.US,5,20211111,211500,1.735,1.735,1.73,1.73,1600,0
CTEK.US,5,20211111,212500,1.735,1.735,1.7243,1.73,5200,0
CTEK.US,5,20211111,214000,1.73,1.73,1.73,1.73,350,0
CTEK.US,5,20211111,214500,1.73,1.73,1.73,1.73,2797,0
CTEK.US,5,20211111,215000,1.73,1.74,1.73,1.73,22143,0
CTEK.US,5,20211111,215500,1.73,1.74,1.73,1.74,12951,0
