<TICKER>,<PER>,<DATE>,<TIME>,<OPEN>,<HIGH>,<LOW>,<CLOSE>,<VOL>,<OPENINT>
ADME.US,5,20210922,153500,40.0857,40.0857,40.0857,40.0857,250,0
ADME.US,5,20210922,161000,40.2,40.2,40.19,40.19,9800,0
ADME.US,5,20210922,164500,40.25,40.25,40.25,40.25,200,0
ADME.US,5,20210922,165000,40.24,40.2497,40.24,40.2497,211,0
ADME.US,5,20210922,181000,40.35,40.35,40.35,40.35,3930,0
ADME.US,5,20210922,201000,40.3791,40.3791,40.3791,40.3791,235,0
ADME.US,5,20210922,205500,40.25,40.25,40.25,40.25,235,0
ADME.US,5,20210922,210000,40.2348,40.2348,40.2348,40.2348,451,0
ADME.US,5,20210922,210500,40.1987,40.1987,40.1987,40.1987,275,0
ADME.US,5,20210922,211000,40.3458,40.35,40.3425,40.35,2852,0
ADME.US,5,20210922,212000,40.37,40.37,40.37,40.37,100,0
ADME.US,5,20210922,212500,40.35,40.35,40.35,40.35,100,0
ADME.US,5,20210922,213000,40.33,40.33,40.33,40.33,200,0
ADME.US,5,20210922,215500,40.29,40.29,40.28,40.28,420,0
ADME.US,5,20210923,153000,40.52,40.52,40.52,40.52,334,0
ADME.US,5,20210923,160000,40.59,40.59,40.59,40.59,129,0
ADME.US,5,20210923,162000,40.6601,40.6601,40.6601,40.6601,434,0
ADME.US,5,20210923,170000,40.715,40.715,40.715,40.715,719,0
ADME.US,5,20210923,172000,40.68,40.68,40.68,40.68,200,0
ADME.US,5,20210923,182500,40.7196,40.7196,40.7196,40.7196,116,0
ADME.US,5,20210923,190500,40.75,40.75,40.75,40.75,100,0
ADME.US,5,20210923,192000,40.83,40.83,40.83,40.83,1226,0
ADME.US,5,20210923,192500,40.816,40.816,40.816,40.816,472,0
ADME.US,5,20210923,201500,40.8412,40.8412,40.8,40.8,979,0
ADME.US,5,20210923,203000,40.8,40.8,40.79,40.79,6815,0
ADME.US,5,20210923,205000,40.792,40.792,40.792,40.792,209,0
ADME.US,5,20210923,210000,40.76,40.76,40.76,40.76,811,0
ADME.US,5,20210923,212500,40.7323,40.7323,40.7323,40.7323,1578,0
ADME.US,5,20210923,213000,40.73,40.73,40.73,40.73,10380,0
ADME.US,5,20210923,213500,40.77,40.77,40.7431,40.7431,1447,0
ADME.US,5,20210923,215000,40.76,40.76,40.76,40.76,200,0
ADME.US,5,20210923,215500,40.67,40.72,40.67,40.72,376,0
ADME.US,5,20210924,153500,40.73,40.73,40.73,40.73,100,0
ADME.US,5,20210924,155000,40.7299,40.7299,40.69,40.7,426,0
ADME.US,5,20210924,160500,40.77,40.77,40.77,40.77,400,0
ADME.US,5,20210924,161000,40.72,40.72,40.72,40.72,100,0
ADME.US,5,20210924,162500,40.73,40.73,40.73,40.73,200,0
ADME.US,5,20210924,164500,40.66,40.66,40.66,40.66,100,0
ADME.US,5,20210924,165000,40.63,40.63,40.63,40.63,100,0
ADME.US,5,20210924,171500,40.68,40.68,40.68,40.68,821,0
ADME.US,5,20210924,172000,40.69,40.69,40.69,40.69,300,0
ADME.US,5,20210924,173500,40.63,40.63,40.63,40.63,200,0
ADME.US,5,20210924,174500,40.645,40.645,40.6398,40.6398,826,0
ADME.US,5,20210924,175500,40.6926,40.6926,40.6926,40.6926,100,0
ADME.US,5,20210924,180000,40.68,40.68,40.68,40.68,200,0
ADME.US,5,20210924,180500,40.69,40.69,40.69,40.69,200,0
ADME.US,5,20210924,183000,40.73,40.73,40.7295,40.7295,400,0
ADME.US,5,20210924,183500,40.71,40.71,40.6701,40.6705,2298,0
ADME.US,5,20210924,185500,40.72,40.72,40.72,40.72,200,0
ADME.US,5,20210924,191000,40.72,40.72,40.705,40.705,475,0
ADME.US,5,20210924,192000,40.71,40.71,40.71,40.71,300,0
ADME.US,5,20210924,193000,40.72,40.72,40.71,40.71,200,0
ADME.US,5,20210924,194000,40.7,40.7,40.7,40.7,100,0
ADME.US,5,20210924,195000,40.7,40.7,40.7,40.7,200,0
ADME.US,5,20210924,200500,40.7,40.7,40.69,40.69,300,0
ADME.US,5,20210924,201500,40.68,40.685,40.68,40.685,486,0
ADME.US,5,20210924,202000,40.69,40.69,40.69,40.69,100,0
ADME.US,5,20210924,202500,40.68,40.68,40.68,40.68,200,0
ADME.US,5,20210924,203000,40.69,40.69,40.69,40.69,200,0
ADME.US,5,20210924,203500,40.7,40.7,40.7,40.7,100,0
ADME.US,5,20210924,204000,40.7,40.7,40.7,40.7,200,0
ADME.US,5,20210924,204500,40.71,40.71,40.71,40.71,200,0
ADME.US,5,20210924,205000,40.73,40.73,40.73,40.73,200,0
ADME.US,5,20210924,205500,40.75,40.75,40.75,40.75,200,0
ADME.US,5,20210924,210000,40.75,40.7522,40.73,40.73,4137,0
ADME.US,5,20210924,210500,40.73,40.73,40.72,40.72,731,0
ADME.US,5,20210924,211000,40.72,40.72,40.72,40.72,400,0
ADME.US,5,20210924,211500,40.73,40.74,40.73,40.74,600,0
ADME.US,5,20210924,212000,40.74,40.78,40.74,40.78,800,0
ADME.US,5,20210924,212500,40.78,40.78,40.76,40.77,600,0
ADME.US,5,20210924,213000,40.79,40.79,40.79,40.79,600,0
ADME.US,5,20210924,213500,40.79,40.79,40.77,40.79,1100,0
ADME.US,5,20210924,214000,40.8,40.8,40.79,40.8,600,0
ADME.US,5,20210924,214500,40.82,40.82,40.81,40.81,300,0
ADME.US,5,20210924,215000,40.82,40.82,40.7926,40.81,857,0
ADME.US,5,20210924,215500,40.79,40.79,40.76,40.78,300,0
ADME.US,5,20210927,153000,40.44,40.58,40.44,40.58,620,0
ADME.US,5,20210927,162500,40.6491,40.6491,40.6491,40.6491,701,0
ADME.US,5,20210927,170000,40.585,40.585,40.585,40.585,125,0
ADME.US,5,20210927,174500,40.485,40.485,40.485,40.485,250,0
ADME.US,5,20210927,185000,40.45,40.45,40.45,40.45,393,0
ADME.US,5,20210927,194000,40.51,40.51,40.51,40.51,2674,0
ADME.US,5,20210927,194500,40.51,40.51,40.51,40.51,2529,0
ADME.US,5,20210927,211500,40.589,40.589,40.5738,40.5738,2672,0
ADME.US,5,20210927,212000,40.6197,40.6197,40.6136,40.6136,4934,0
ADME.US,5,20210927,215000,40.6,40.6,40.6,40.6,500,0
ADME.US,5,20210927,215500,40.51,40.55,40.5,40.55,772,0
ADME.US,5,20210928,161500,39.97,39.97,39.95,39.95,527,0
ADME.US,5,20210928,163000,39.93,39.93,39.93,39.93,390,0
ADME.US,5,20210928,174000,39.89,39.89,39.89,39.89,173,0
ADME.US,5,20210928,184500,39.8262,39.8262,39.8262,39.8262,2020,0
ADME.US,5,20210928,195500,39.8203,39.8203,39.8203,39.8203,214,0
ADME.US,5,20210928,202000,39.8463,39.8463,39.8463,39.8463,143,0
ADME.US,5,20210928,205000,39.94,39.94,39.94,39.94,108,0
ADME.US,5,20210928,205500,39.98,39.99,39.9643,39.9643,1536,0
ADME.US,5,20210928,210000,40,40,39.97,39.97,1878,0
ADME.US,5,20210928,211000,39.985,40,39.985,40,830,0
ADME.US,5,20210928,211500,40,40,40,40,100,0
ADME.US,5,20210928,212500,39.9395,39.9395,39.9093,39.9093,1236,0
ADME.US,5,20210928,213000,39.92,39.92,39.92,39.92,196,0
ADME.US,5,20210928,213500,39.95,39.95,39.93,39.93,1292,0
ADME.US,5,20210928,214000,39.895,39.93,39.895,39.92,17484,0
ADME.US,5,20210928,214500,39.88,39.93,39.86,39.86,3300,0
ADME.US,5,20210928,215000,39.83,39.85,39.8137,39.85,1425,0
ADME.US,5,20210928,215500,39.86,39.86,39.76,39.76,1123,0
ADME.US,5,20210929,153000,39.9058,39.9058,39.9058,39.9058,100,0
ADME.US,5,20210929,153500,39.895,39.895,39.895,39.895,175,0
ADME.US,5,20210929,154500,39.9,39.9,39.9,39.9,3620,0
ADME.US,5,20210929,155000,40.0287,40.0287,40.0287,40.0287,100,0
ADME.US,5,20210929,160000,40.0352,40.0352,40.0352,40.0352,100,0
ADME.US,5,20210929,161500,40.0495,40.0495,40.0495,40.0495,378,0
ADME.US,5,20210929,164500,40.04,40.04,40.0317,40.0317,200,0
ADME.US,5,20210929,165500,40.0331,40.0331,40.0331,40.0331,186,0
ADME.US,5,20210929,171000,40.02,40.03,40.005,40.03,2180,0
ADME.US,5,20210929,183500,39.8888,39.8888,39.8888,39.8888,131,0
ADME.US,5,20210929,200500,39.95,39.95,39.95,39.95,200,0
ADME.US,5,20210929,202000,39.98,39.98,39.97,39.97,478,0
ADME.US,5,20210929,203500,40.01,40.01,40.01,40.01,365,0
ADME.US,5,20210929,204500,40.03,40.04,40.0089,40.04,932,0
ADME.US,5,20210929,211000,40.02,40.02,40.02,40.02,2111,0
ADME.US,5,20210929,211500,40.01,40.01,40.01,40.01,205,0
ADME.US,5,20210929,213500,39.98,39.99,39.98,39.99,15778,0
ADME.US,5,20210929,214500,39.95,39.95,39.95,39.95,1000,0
ADME.US,5,20210929,215500,39.87,39.89,39.82,39.82,2097,0
ADME.US,5,20210930,153500,40.03,40.0471,39.95,39.95,447,0
ADME.US,5,20210930,154500,40.01,40.03,40.01,40.03,2205,0
ADME.US,5,20210930,155000,40.04,40.04,40.04,40.04,119,0
ADME.US,5,20210930,155500,40.04,40.04,40.0178,40.0178,474,0
ADME.US,5,20210930,171000,39.85,39.86,39.85,39.86,200,0
ADME.US,5,20210930,181500,39.6,39.6,39.6,39.6,300,0
ADME.US,5,20210930,185500,39.595,39.595,39.595,39.595,755,0
ADME.US,5,20210930,190000,39.64,39.64,39.64,39.64,100,0
ADME.US,5,20210930,195000,39.7,39.7,39.7,39.7,300,0
ADME.US,5,20210930,195500,39.665,39.665,39.665,39.665,100,0
ADME.US,5,20210930,200500,39.72,39.72,39.72,39.72,1354,0
ADME.US,5,20210930,210000,39.74,39.74,39.715,39.715,304,0
ADME.US,5,20210930,210500,39.715,39.715,39.68,39.68,1447,0
ADME.US,5,20210930,212000,39.75,39.75,39.74,39.74,9862,0
ADME.US,5,20210930,215000,39.61,39.6297,39.61,39.6297,1066,0
ADME.US,5,20210930,215500,39.43,39.43,39.42,39.43,1469,0
ADME.US,5,20211001,182500,39.65,39.66,39.65,39.66,5100,0
ADME.US,5,20211001,183000,39.67,39.67,39.67,39.67,100,0
ADME.US,5,20211001,184000,39.65,39.65,39.65,39.65,100,0
ADME.US,5,20211001,184500,39.67,39.67,39.67,39.67,100,0
ADME.US,5,20211001,185000,39.65,39.66,39.65,39.66,200,0
ADME.US,5,20211001,185500,39.65,39.65,39.65,39.65,100,0
ADME.US,5,20211001,190000,39.65,39.65,39.65,39.65,100,0
ADME.US,5,20211001,190500,39.67,39.67,39.67,39.67,100,0
ADME.US,5,20211001,191000,39.7,39.7,39.7,39.7,100,0
ADME.US,5,20211001,191500,39.69,39.69,39.69,39.69,100,0
ADME.US,5,20211001,192000,39.71,39.71,39.71,39.71,100,0
ADME.US,5,20211001,193000,39.71,39.71,39.71,39.71,100,0
ADME.US,5,20211001,193500,39.76,39.76,39.76,39.76,100,0
ADME.US,5,20211001,194000,39.76,39.76,39.76,39.76,100,0
ADME.US,5,20211001,194500,39.72,39.81,39.72,39.81,66895,0
ADME.US,5,20211001,195000,39.81,39.81,39.81,39.81,100,0
ADME.US,5,20211001,195500,39.78,39.78,39.77,39.77,400,0
ADME.US,5,20211001,200000,39.79,39.79,39.79,39.79,100,0
ADME.US,5,20211001,200500,39.82,39.82,39.82,39.82,100,0
ADME.US,5,20211001,201000,39.8,39.8,39.8,39.8,100,0
ADME.US,5,20211001,201500,39.82,39.82,39.82,39.82,100,0
ADME.US,5,20211001,202500,39.83,39.84,39.8281,39.8281,600,0
ADME.US,5,20211001,203000,39.83,39.83,39.83,39.83,100,0
ADME.US,5,20211001,203500,39.84,39.84,39.84,39.84,100,0
ADME.US,5,20211001,204000,39.85,39.85,39.85,39.85,100,0
ADME.US,5,20211001,204500,39.83,39.83,39.83,39.83,100,0
ADME.US,5,20211001,205000,39.86,39.86,39.86,39.86,100,0
ADME.US,5,20211001,205500,39.88,39.88,39.88,39.88,100,0
ADME.US,5,20211001,210000,39.88,39.91,39.88,39.91,2162,0
ADME.US,5,20211001,210500,39.92,39.92,39.92,39.92,100,0
ADME.US,5,20211001,211000,39.9151,39.92,39.9151,39.92,3448,0
ADME.US,5,20211001,211500,39.95,39.95,39.95,39.95,100,0
ADME.US,5,20211001,212000,39.93,39.93,39.93,39.93,100,0
ADME.US,5,20211001,212500,39.88,39.88,39.88,39.88,442,0
ADME.US,5,20211001,213000,39.87,39.87,39.87,39.87,100,0
ADME.US,5,20211001,213500,39.89,39.89,39.88,39.88,200,0
ADME.US,5,20211001,214000,39.88,39.88,39.88,39.88,100,0
ADME.US,5,20211001,215000,39.965,39.965,39.965,39.965,100,0
ADME.US,5,20211001,215500,39.86,39.86,39.86,39.86,267,0
ADME.US,5,20211004,173500,39.18,39.18,39.18,39.18,2934,0
ADME.US,5,20211004,174500,39.2,39.2,39.2,39.2,132,0
ADME.US,5,20211004,185000,39.13,39.13,39.13,39.13,25219,0
ADME.US,5,20211004,202000,39.3299,39.3299,39.3299,39.3299,633,0
ADME.US,5,20211004,205500,39.32,39.32,39.2978,39.2978,600,0
ADME.US,5,20211004,211500,39.23,39.24,39.23,39.23,1035,0
ADME.US,5,20211004,212500,39.2375,39.24,39.2375,39.24,6638,0
ADME.US,5,20211004,213000,39.25,39.25,39.25,39.25,6338,0
ADME.US,5,20211004,213500,39.26,39.26,39.26,39.26,373,0
ADME.US,5,20211004,214500,39.32,39.32,39.32,39.32,395,0
ADME.US,5,20211004,215500,39.24,39.24,39.231,39.231,1400,0
ADME.US,5,20211005,160000,39.62,39.65,39.5258,39.65,3796,0
ADME.US,5,20211005,160500,39.66,39.66,39.66,39.66,193,0
ADME.US,5,20211005,173000,39.7999,39.7999,39.7999,39.7999,521,0
ADME.US,5,20211005,192500,39.78,39.78,39.78,39.78,100,0
ADME.US,5,20211005,194500,39.82,39.82,39.82,39.82,1222,0
ADME.US,5,20211005,203500,39.81,39.81,39.81,39.81,741,0
ADME.US,5,20211005,210000,39.8193,39.8193,39.8193,39.8193,310,0
ADME.US,5,20211005,211000,39.82,39.82,39.82,39.82,1074,0
ADME.US,5,20211005,215000,39.705,39.705,39.705,39.705,1085,0
ADME.US,5,20211005,215500,39.68,39.68,39.68,39.68,100,0
ADME.US,5,20211006,162000,39.4102,39.4102,39.4102,39.4102,521,0
ADME.US,5,20211006,163000,39.5335,39.57,39.5335,39.57,1537,0
ADME.US,5,20211006,165000,39.542,39.542,39.5284,39.5284,699,0
ADME.US,5,20211006,165500,39.545,39.545,39.545,39.545,607,0
ADME.US,5,20211006,170000,39.565,39.565,39.565,39.565,632,0
ADME.US,5,20211006,173000,39.4829,39.4829,39.4829,39.4829,543,0
ADME.US,5,20211006,175500,39.55,39.55,39.52,39.53,670,0
ADME.US,5,20211006,180000,39.5847,39.5847,39.5847,39.5847,300,0
ADME.US,5,20211006,191000,39.52,39.52,39.52,39.52,100,0
ADME.US,5,20211006,191500,39.5314,39.5314,39.5314,39.5314,291,0
ADME.US,5,20211006,194000,39.72,39.72,39.72,39.72,23349,0
ADME.US,5,20211006,194500,39.7145,39.7145,39.7145,39.7145,282,0
ADME.US,5,20211006,195000,39.65,39.6644,39.65,39.6644,1064,0
ADME.US,5,20211006,195500,39.68,39.68,39.68,39.68,250,0
ADME.US,5,20211006,200500,39.73,39.74,39.73,39.74,556,0
ADME.US,5,20211006,205500,39.74,39.74,39.74,39.74,8915,0
ADME.US,5,20211006,210000,39.75,39.78,39.74,39.76,2627,0
ADME.US,5,20211006,211500,39.76,39.76,39.76,39.76,4200,0
ADME.US,5,20211006,212000,39.7675,39.78,39.76,39.78,4029,0
ADME.US,5,20211006,213000,39.7885,39.7885,39.7885,39.7885,122,0
ADME.US,5,20211006,215000,39.825,39.8876,39.825,39.8876,1462,0
ADME.US,5,20211006,215500,39.8976,39.9076,39.76,39.83,1606,0
ADME.US,5,20211007,165000,40.35,40.35,40.35,40.35,3239,0
ADME.US,5,20211007,171000,40.3395,40.3395,40.3395,40.3395,665,0
ADME.US,5,20211007,181000,40.36,40.36,40.36,40.36,200,0
ADME.US,5,20211007,183000,40.37,40.38,40.357,40.38,794,0
ADME.US,5,20211007,184000,40.35,40.35,40.35,40.35,7410,0
ADME.US,5,20211007,184500,40.34,40.34,40.34,40.34,100,0
ADME.US,5,20211007,191000,40.3462,40.3462,40.3462,40.3462,200,0
ADME.US,5,20211007,191500,40.345,40.345,40.345,40.345,100,0
ADME.US,5,20211007,200500,40.27,40.27,40.27,40.27,204,0
ADME.US,5,20211007,210000,40.2,40.2,40.2,40.2,204,0
ADME.US,5,20211007,210500,40.235,40.235,40.235,40.235,824,0
ADME.US,5,20211007,211000,40.245,40.245,40.245,40.245,172,0
ADME.US,5,20211007,214000,40.2,40.2,40.2,40.2,200,0
ADME.US,5,20211007,214500,40.198,40.2,40.198,40.198,322,0
ADME.US,5,20211007,215500,40.2,40.2,40.2,40.2,602,0
ADME.US,5,20211008,154000,40.19,40.19,40.17,40.17,300,0
ADME.US,5,20211008,154500,40.18,40.18,40.14,40.14,400,0
ADME.US,5,20211008,155000,40.14,40.14,40.11,40.11,400,0
ADME.US,5,20211008,160000,40.1,40.14,40.1,40.13,800,0
ADME.US,5,20211008,161000,40.14,40.14,40.14,40.14,400,0
ADME.US,5,20211008,161500,40.12,40.15,40.12,40.15,400,0
ADME.US,5,20211008,162000,40.15,40.15,40.15,40.15,200,0
ADME.US,5,20211008,162500,40.13,40.13,40.13,40.13,200,0
ADME.US,5,20211008,163000,40.12,40.12,40.12,40.12,200,0
ADME.US,5,20211008,163500,40.13,40.13,40.13,40.13,200,0
ADME.US,5,20211008,164500,40.07,40.07,40.07,40.07,200,0
ADME.US,5,20211008,165000,40.13,40.14,40.13,40.14,400,0
ADME.US,5,20211008,165500,40.13,40.13,40.13,40.13,400,0
ADME.US,5,20211008,170000,40.12,40.12,40.12,40.12,200,0
ADME.US,5,20211008,170500,40.12,40.14,40.12,40.13,803,0
ADME.US,5,20211008,171000,40.15,40.15,40.15,40.15,200,0
ADME.US,5,20211008,171500,40.16,40.18,40.16,40.18,400,0
ADME.US,5,20211008,172000,40.16,40.16,40.16,40.16,200,0
ADME.US,5,20211008,172500,40.14,40.15,40.14,40.15,400,0
ADME.US,5,20211008,173000,40.15,40.1799,40.15,40.1799,1408,0
ADME.US,5,20211008,173500,40.13,40.13,40.13,40.13,200,0
ADME.US,5,20211008,174000,40.12,40.12,40.12,40.12,200,0
ADME.US,5,20211008,175000,40.11,40.11,40.11,40.11,200,0
ADME.US,5,20211008,175500,40.11,40.11,40.1,40.1,300,0
ADME.US,5,20211008,203000,40.18,40.18,40.18,40.18,1186,0
ADME.US,5,20211008,210000,40.15,40.15,40.1352,40.1352,350,0
ADME.US,5,20211008,210500,40.175,40.175,40.15,40.15,467,0
ADME.US,5,20211008,211000,40.18,40.18,40.165,40.165,527,0
ADME.US,5,20211008,215500,40.04,40.04,40.04,40.04,119,0
ADME.US,5,20211011,162000,40.3,40.3,40.3,40.3,600,0
ADME.US,5,20211011,164000,40.22,40.22,40.22,40.22,100,0
ADME.US,5,20211011,180500,40.15,40.15,40.15,40.15,100,0
ADME.US,5,20211011,202500,39.9823,39.99,39.9823,39.99,3811,0
ADME.US,5,20211011,203500,39.98,39.98,39.96,39.96,8897,0
ADME.US,5,20211011,210000,40.03,40.03,40.015,40.015,304,0
ADME.US,5,20211011,211500,39.9981,40.02,39.9981,40.01,8600,0
ADME.US,5,20211011,215000,39.99,39.99,39.92,39.92,1300,0
ADME.US,5,20211011,215500,39.9,39.9,39.81,39.81,900,0
ADME.US,5,20211012,160500,39.8,39.8,39.8,39.8,535,0
ADME.US,5,20211012,161500,39.84,39.84,39.84,39.84,200,0
ADME.US,5,20211012,162500,39.86,39.86,39.8595,39.8595,200,0
ADME.US,5,20211012,190000,39.81,39.82,39.81,39.82,2728,0
ADME.US,5,20211012,204000,39.8619,39.8619,39.8619,39.8619,550,0
ADME.US,5,20211012,210000,39.85,39.86,39.85,39.8512,864,0
ADME.US,5,20211012,210500,39.7971,39.7971,39.7971,39.7971,317,0
ADME.US,5,20211012,211500,39.83,39.83,39.8117,39.83,2037,0
ADME.US,5,20211012,212500,39.85,39.85,39.83,39.85,2849,0
ADME.US,5,20211012,214500,39.72,39.72,39.71,39.72,1000,0
ADME.US,5,20211012,215000,39.78,39.78,39.78,39.78,100,0
ADME.US,5,20211012,215500,39.84,39.84,39.84,39.84,201,0
ADME.US,5,20211013,162500,39.7,39.7,39.7,39.7,1444,0
ADME.US,5,20211013,163000,39.665,39.675,39.64,39.675,1705,0
ADME.US,5,20211013,172500,39.69,39.7019,39.69,39.7019,200,0
ADME.US,5,20211013,173500,39.65,39.6522,39.65,39.6522,200,0
ADME.US,5,20211013,181500,39.7537,39.7537,39.7537,39.7537,1055,0
ADME.US,5,20211013,184500,39.75,39.75,39.75,39.75,100,0
ADME.US,5,20211013,191500,39.76,39.76,39.76,39.76,259,0
ADME.US,5,20211013,200500,39.79,39.79,39.79,39.79,866,0
ADME.US,5,20211013,203000,39.83,39.83,39.83,39.83,100,0
ADME.US,5,20211013,210000,39.8099,39.8099,39.8099,39.8099,465,0
ADME.US,5,20211013,211500,39.83,39.84,39.81,39.84,2438,0
ADME.US,5,20211013,212500,39.82,39.82,39.82,39.82,262,0
ADME.US,5,20211013,214500,39.84,39.84,39.84,39.84,624,0
ADME.US,5,20211013,215000,39.83,39.845,39.82,39.845,765,0
ADME.US,5,20211014,162000,40.3,40.3,40.3,40.3,4322,0
ADME.US,5,20211014,162500,40.305,40.31,40.305,40.31,357,0
ADME.US,5,20211014,164000,40.3,40.3,40.3,40.3,100,0
ADME.US,5,20211014,164500,40.3,40.3,40.3,40.3,6052,0
ADME.US,5,20211014,185000,40.3889,40.3889,40.3889,40.3889,170,0
ADME.US,5,20211014,190500,40.385,40.385,40.385,40.385,100,0
ADME.US,5,20211014,191000,40.39,40.39,40.3895,40.3895,300,0
ADME.US,5,20211014,202000,40.4243,40.4243,40.4243,40.4243,233,0
ADME.US,5,20211014,202500,40.415,40.415,40.415,40.415,461,0
ADME.US,5,20211014,204000,40.424,40.424,40.424,40.424,169,0
ADME.US,5,20211014,212500,40.3801,40.3801,40.3801,40.3801,149,0
ADME.US,5,20211014,213000,40.42,40.42,40.42,40.42,8223,0
ADME.US,5,20211014,214000,40.4,40.41,40.4,40.41,600,0
ADME.US,5,20211014,215500,40.49,40.49,40.49,40.49,302,0
ADME.US,5,20211015,153000,40.52,40.62,40.52,40.62,300,0
ADME.US,5,20211015,153500,40.62,40.64,40.5786,40.64,538,0
ADME.US,5,20211015,154000,40.63,40.63,40.6,40.6,200,0
ADME.US,5,20211015,154500,40.63,40.63,40.6,40.62,300,0
ADME.US,5,20211015,155000,40.64,40.65,40.64,40.65,200,0
ADME.US,5,20211015,155500,40.69,40.69,40.66,40.66,200,0
ADME.US,5,20211015,160000,40.7,40.7,40.69,40.69,200,0
ADME.US,5,20211015,160500,40.7,40.72,40.7,40.72,300,0
ADME.US,5,20211015,161000,40.7,40.71,40.7,40.71,200,0
ADME.US,5,20211015,161500,40.7,40.7,40.69,40.69,200,0
ADME.US,5,20211015,162000,40.68,40.71,40.68,40.71,200,0
ADME.US,5,20211015,162500,40.68,40.68,40.62,40.62,300,0
ADME.US,5,20211015,163000,40.65,40.66,40.6477,40.66,600,0
ADME.US,5,20211015,163500,40.66,40.68,40.66,40.68,200,0
ADME.US,5,20211015,164000,40.69,40.69,40.68,40.68,200,0
ADME.US,5,20211015,164500,40.69,40.72,40.69,40.72,300,0
ADME.US,5,20211015,165000,40.72,40.72,40.71,40.71,200,0
ADME.US,5,20211015,170500,40.72,40.72,40.6981,40.6981,200,0
ADME.US,5,20211015,171000,40.72,40.72,40.72,40.72,500,0
ADME.US,5,20211015,172000,40.71,40.73,40.68,40.73,1427,0
ADME.US,5,20211015,184000,40.6595,40.6595,40.6595,40.6595,2295,0
ADME.US,5,20211015,184500,40.73,40.73,40.7195,40.7195,1786,0
ADME.US,5,20211015,185500,40.7095,40.72,40.69,40.71,2220,0
ADME.US,5,20211015,191500,40.6793,40.6793,40.6793,40.6793,116,0
ADME.US,5,20211015,192000,40.7,40.7,40.67,40.7,6038,0
ADME.US,5,20211015,193000,40.7,40.7,40.6893,40.6909,1372,0
ADME.US,5,20211015,193500,40.7,40.7,40.7,40.7,631,0
ADME.US,5,20211015,194500,40.7,40.7,40.6982,40.6982,4861,0
ADME.US,5,20211015,200000,40.7,40.7,40.6982,40.7,7664,0
ADME.US,5,20211015,202000,40.751,40.751,40.751,40.751,828,0
ADME.US,5,20211015,202500,40.7795,40.79,40.76,40.76,2842,0
ADME.US,5,20211015,203000,40.77,40.78,40.77,40.78,400,0
ADME.US,5,20211015,203500,40.755,40.77,40.755,40.755,1745,0
ADME.US,5,20211015,212000,40.73,40.73,40.7167,40.7167,2706,0
ADME.US,5,20211015,212500,40.74,40.76,40.7399,40.76,2762,0
ADME.US,5,20211015,214500,40.74,40.75,40.74,40.75,400,0
ADME.US,5,20211015,215500,40.7,40.79,40.7,40.79,535,0
ADME.US,5,20211018,153000,40.576,40.576,40.576,40.576,817,0
ADME.US,5,20211018,155000,40.7099,40.7099,40.7099,40.7099,512,0
ADME.US,5,20211018,163000,40.69,40.69,40.69,40.69,100,0
ADME.US,5,20211018,163500,40.71,40.71,40.71,40.71,100,0
ADME.US,5,20211018,170500,40.78,40.78,40.78,40.78,100,0
ADME.US,5,20211018,171500,40.79,40.79,40.79,40.79,100,0
ADME.US,5,20211018,172500,40.8065,40.8065,40.8065,40.8065,100,0
ADME.US,5,20211018,173500,40.734,40.734,40.734,40.734,2508,0
ADME.US,5,20211018,181000,40.8,40.8,40.8,40.8,123,0
ADME.US,5,20211018,181500,40.8116,40.8116,40.8116,40.8116,3893,0
ADME.US,5,20211018,182000,40.81,40.8112,40.795,40.795,3945,0
ADME.US,5,20211018,182500,40.81,40.81,40.803,40.803,48686,0
ADME.US,5,20211018,183000,40.8125,40.8125,40.8125,40.8125,3539,0
ADME.US,5,20211018,183500,40.8155,40.8155,40.8155,40.8155,3345,0
ADME.US,5,20211018,190000,40.8199,40.8199,40.8199,40.8199,133,0
ADME.US,5,20211018,190500,40.82,40.82,40.8199,40.82,7914,0
ADME.US,5,20211018,191000,40.7936,40.7936,40.7936,40.7936,1700,0
ADME.US,5,20211018,192000,40.8,40.8,40.8,40.8,500,0
ADME.US,5,20211018,192500,40.84,40.84,40.84,40.84,2068,0
ADME.US,5,20211018,194000,40.8111,40.8111,40.8111,40.8111,1930,0
ADME.US,5,20211018,194500,40.79,40.83,40.79,40.83,6071,0
ADME.US,5,20211018,200500,40.85,40.85,40.8236,40.8236,8647,0
ADME.US,5,20211018,203000,40.8325,40.8325,40.8325,40.8325,2769,0
ADME.US,5,20211018,204000,40.85,40.85,40.8395,40.8395,3288,0
ADME.US,5,20211018,204500,40.8236,40.8325,40.8236,40.8325,5156,0
ADME.US,5,20211018,205000,40.87,40.87,40.87,40.87,3000,0
ADME.US,5,20211018,210000,40.8495,40.8495,40.8495,40.8495,277,0
ADME.US,5,20211018,211500,40.87,40.87,40.85,40.85,3388,0
ADME.US,5,20211018,212500,40.87,40.87,40.8612,40.8612,4624,0
ADME.US,5,20211018,213000,40.8611,40.8611,40.8611,40.8611,1842,0
ADME.US,5,20211018,213500,40.8525,40.87,40.8512,40.86,5798,0
ADME.US,5,20211018,214000,40.87,40.88,40.87,40.88,30268,0
ADME.US,5,20211018,214500,40.878,40.88,40.87,40.88,5100,0
ADME.US,5,20211018,215500,40.93,40.94,40.8828,40.94,2550,0
ADME.US,5,20211019,153000,41,41,41,41,983,0
ADME.US,5,20211019,154000,41.04,41.04,41.04,41.04,100,0
ADME.US,5,20211019,154500,41.06,41.06,41.021,41.021,900,0
ADME.US,5,20211019,160500,41.12,41.12,41.1051,41.1051,200,0
ADME.US,5,20211019,162500,41.1232,41.1232,41.1232,41.1232,601,0
ADME.US,5,20211019,163500,41.11,41.11,41.11,41.11,200,0
ADME.US,5,20211019,171500,41.1981,41.1981,41.1981,41.1981,132,0
ADME.US,5,20211019,173500,41.14,41.15,41.14,41.14,1945,0
ADME.US,5,20211019,180500,41.2,41.2,41.1954,41.1954,200,0
ADME.US,5,20211019,181000,41.2,41.22,41.1954,41.22,2488,0
ADME.US,5,20211019,182000,41.19,41.19,41.19,41.19,100,0
ADME.US,5,20211019,182500,41.18,41.18,41.18,41.18,382,0
ADME.US,5,20211019,183500,41.2,41.2,41.1909,41.1909,1478,0
ADME.US,5,20211019,184500,41.21,41.2185,41.21,41.2185,406,0
ADME.US,5,20211019,185500,41.18,41.2124,41.18,41.2124,2067,0
ADME.US,5,20211019,192500,41.1747,41.1747,41.1747,41.1747,154,0
ADME.US,5,20211019,193000,41.16,41.16,41.16,41.16,100,0
ADME.US,5,20211019,193500,41.16,41.16,41.16,41.16,200,0
ADME.US,5,20211019,194000,41.16,41.17,41.16,41.17,200,0
ADME.US,5,20211019,194500,41.17,41.17,41.17,41.17,100,0
ADME.US,5,20211019,195000,41.16,41.17,41.16,41.17,200,0
ADME.US,5,20211019,195500,41.16,41.16,41.16,41.16,200,0
ADME.US,5,20211019,200000,41.16,41.16,41.16,41.16,200,0
ADME.US,5,20211019,200500,41.16,41.16,41.16,41.16,200,0
ADME.US,5,20211019,201000,41.16,41.17,41.16,41.17,200,0
ADME.US,5,20211019,201500,41.17,41.17,41.17,41.17,200,0
ADME.US,5,20211019,202000,41.17,41.17,41.155,41.155,200,0
ADME.US,5,20211019,202500,41.14,41.14,41.14,41.14,200,0
ADME.US,5,20211019,203000,41.13,41.13,41.12,41.12,300,0
ADME.US,5,20211019,203500,41.1399,41.1399,41.11,41.12,3536,0
ADME.US,5,20211019,204000,41.12,41.12,41.12,41.12,100,0
ADME.US,5,20211019,210500,41.165,41.165,41.165,41.165,139,0
ADME.US,5,20211019,213000,41.16,41.16,41.13,41.14,6418,0
ADME.US,5,20211019,214000,41.14,41.14,41.14,41.14,2434,0
ADME.US,5,20211019,215000,41.18,41.19,41.18,41.19,2000,0
ADME.US,5,20211019,215500,41.19,41.23,41.15,41.15,7415,0
ADME.US,5,20211020,155000,41.1806,41.1806,41.1806,41.1806,200,0
ADME.US,5,20211020,164500,41.28,41.29,41.28,41.29,589,0
ADME.US,5,20211020,165500,41.2632,41.2632,41.2632,41.2632,318,0
ADME.US,5,20211020,180500,41.2504,41.2504,41.2504,41.2504,235,0
ADME.US,5,20211020,181500,41.245,41.245,41.245,41.245,236,0
ADME.US,5,20211020,184500,41.2395,41.2395,41.2395,41.2395,250,0
ADME.US,5,20211020,191500,41.21,41.21,41.21,41.21,200,0
ADME.US,5,20211020,192500,41.21,41.21,41.19,41.19,396,0
ADME.US,5,20211020,193500,41.19,41.21,41.19,41.2047,5509,0
ADME.US,5,20211020,194000,41.21,41.21,41.21,41.21,2801,0
ADME.US,5,20211020,194500,41.2,41.2,41.1947,41.1947,5084,0
ADME.US,5,20211020,195500,41.2,41.24,41.2,41.2,4273,0
ADME.US,5,20211020,200500,41.225,41.225,41.225,41.225,1518,0
ADME.US,5,20211020,202500,41.28,41.28,41.28,41.28,1200,0
ADME.US,5,20211020,203000,41.29,41.29,41.29,41.29,600,0
ADME.US,5,20211020,203500,41.29,41.29,41.29,41.29,900,0
ADME.US,5,20211020,204000,41.29,41.3,41.29,41.29,400,0
ADME.US,5,20211020,205000,41.3,41.3,41.3,41.3,100,0
ADME.US,5,20211020,210500,41.2132,41.27,41.2132,41.27,2067,0
ADME.US,5,20211020,211500,41.25,41.2522,41.25,41.2522,6594,0
ADME.US,5,20211020,212000,41.255,41.255,41.255,41.255,217,0
ADME.US,5,20211020,213000,41.27,41.27,41.245,41.245,1000,0
ADME.US,5,20211020,213500,41.23,41.23,41.23,41.23,1856,0
ADME.US,5,20211020,214000,41.25,41.25,41.2412,41.2412,4326,0
ADME.US,5,20211020,214500,41.26,41.26,41.26,41.26,879,0
ADME.US,5,20211020,215000,41.29,41.29,41.2184,41.24,9052,0
ADME.US,5,20211020,215500,41.24,41.27,41.2149,41.27,2562,0
ADME.US,5,20211021,153000,41.2,41.2,41.2,41.2,364,0
ADME.US,5,20211021,165000,41.28,41.28,41.28,41.28,100,0
ADME.US,5,20211021,170500,41.25,41.25,41.25,41.25,100,0
ADME.US,5,20211021,175000,41.22,41.22,41.22,41.22,2695,0
ADME.US,5,20211021,175500,41.27,41.27,41.27,41.27,4027,0
ADME.US,5,20211021,181000,41.2599,41.2599,41.2599,41.2599,100,0
ADME.US,5,20211021,183000,41.27,41.27,41.27,41.27,100,0
ADME.US,5,20211021,190500,41.29,41.29,41.2849,41.2849,5790,0
ADME.US,5,20211021,192000,41.2597,41.2597,41.2597,41.2597,100,0
ADME.US,5,20211021,193000,41.275,41.275,41.275,41.275,521,0
ADME.US,5,20211021,195000,41.29,41.29,41.26,41.26,41396,0
ADME.US,5,20211021,201000,41.29,41.29,41.2898,41.2898,590,0
ADME.US,5,20211021,205500,41.32,41.32,41.305,41.32,3482,0
ADME.US,5,20211021,210000,41.3097,41.3097,41.3097,41.3097,767,0
ADME.US,5,20211021,210500,41.36,41.36,41.36,41.36,268,0
ADME.US,5,20211021,211500,41.36,41.36,41.36,41.36,194,0
ADME.US,5,20211021,212000,41.36,41.3701,41.36,41.3701,2123,0
ADME.US,5,20211021,212500,41.365,41.365,41.365,41.365,1778,0
ADME.US,5,20211021,213000,41.36,41.38,41.36,41.37,6901,0
ADME.US,5,20211021,213500,41.36,41.38,41.36,41.38,4558,0
ADME.US,5,20211021,215500,41.46,41.47,41.46,41.47,399,0
ADME.US,5,20211022,153000,41.34,41.34,41.34,41.34,600,0
ADME.US,5,20211022,155000,41.5,41.5,41.49,41.49,300,0
ADME.US,5,20211022,155500,41.52,41.52,41.52,41.52,150,0
ADME.US,5,20211022,160000,41.55,41.55,41.55,41.55,100,0
ADME.US,5,20211022,163500,41.55,41.55,41.55,41.55,400,0
ADME.US,5,20211022,165000,41.49,41.49,41.49,41.49,200,0
ADME.US,5,20211022,170500,41.5,41.5,41.5,41.5,1425,0
ADME.US,5,20211022,171000,41.53,41.53,41.515,41.515,2534,0
ADME.US,5,20211022,171500,41.52,41.53,41.47,41.47,3607,0
ADME.US,5,20211022,172500,41.375,41.375,41.375,41.375,782,0
ADME.US,5,20211022,173000,41.4077,41.4077,41.4077,41.4077,100,0
ADME.US,5,20211022,182000,41.39,41.39,41.3795,41.39,3332,0
ADME.US,5,20211022,182500,41.36,41.41,41.36,41.3977,2440,0
ADME.US,5,20211022,183500,41.4195,41.4195,41.4195,41.4195,100,0
ADME.US,5,20211022,184000,41.42,41.4381,41.42,41.4381,200,0
ADME.US,5,20211022,184500,41.4391,41.47,41.4391,41.47,200,0
ADME.US,5,20211022,185000,41.47,41.47,41.47,41.47,500,0
ADME.US,5,20211022,185500,41.45,41.45,41.44,41.45,3300,0
ADME.US,5,20211022,190500,41.4253,41.4253,41.4253,41.4253,3405,0
ADME.US,5,20211022,195500,41.4232,41.4232,41.42,41.42,499,0
ADME.US,5,20211022,204000,41.5,41.51,41.5,41.5,1244,0
ADME.US,5,20211022,204500,41.4843,41.4843,41.4843,41.4843,1880,0
ADME.US,5,20211022,205000,41.462,41.462,41.462,41.462,2988,0
ADME.US,5,20211022,205500,41.47,41.47,41.4445,41.4445,3721,0
ADME.US,5,20211022,210000,41.47,41.47,41.4612,41.4612,614,0
ADME.US,5,20211022,210500,41.47,41.47,41.4595,41.4595,3594,0
ADME.US,5,20211022,211000,41.43,41.43,41.43,41.43,2897,0
ADME.US,5,20211022,211500,41.4621,41.4621,41.45,41.45,3291,0
ADME.US,5,20211022,212000,41.46,41.46,41.435,41.435,350,0
ADME.US,5,20211022,212500,41.4245,41.4245,41.4245,41.4245,962,0
ADME.US,5,20211022,214000,41.47,41.47,41.47,41.47,381,0
ADME.US,5,20211022,215000,41.4726,41.5,41.4726,41.5,1218,0
ADME.US,5,20211022,215500,41.51,41.51,41.49,41.49,564,0
ADME.US,5,20211025,153500,41.4,41.4,41.4,41.4,200,0
ADME.US,5,20211025,155500,41.4344,41.4344,41.4344,41.4344,100,0
ADME.US,5,20211025,162500,41.44,41.47,41.44,41.47,700,0
ADME.US,5,20211025,173500,41.51,41.51,41.51,41.51,454,0
ADME.US,5,20211025,174000,41.515,41.515,41.515,41.515,1800,0
ADME.US,5,20211025,174500,41.515,41.515,41.515,41.515,550,0
ADME.US,5,20211025,180500,41.56,41.5612,41.545,41.5545,1968,0
ADME.US,5,20211025,181500,41.5595,41.5595,41.5502,41.5502,880,0
ADME.US,5,20211025,182000,41.56,41.56,41.56,41.56,300,0
ADME.US,5,20211025,182500,41.5665,41.5665,41.565,41.565,1164,0
ADME.US,5,20211025,183000,41.5665,41.5665,41.5665,41.5665,3024,0
ADME.US,5,20211025,192500,41.59,41.59,41.59,41.59,400,0
ADME.US,5,20211025,193500,41.58,41.58,41.58,41.58,300,0
ADME.US,5,20211025,201500,41.5401,41.5401,41.5401,41.5401,500,0
ADME.US,5,20211025,202500,41.56,41.56,41.55,41.55,1965,0
ADME.US,5,20211025,203500,41.59,41.59,41.575,41.575,200,0
ADME.US,5,20211025,210000,41.578,41.58,41.565,41.565,4224,0
ADME.US,5,20211025,211000,41.55,41.58,41.55,41.5698,5269,0
ADME.US,5,20211025,214000,41.54,41.54,41.54,41.54,100,0
ADME.US,5,20211025,214500,41.53,41.53,41.53,41.53,300,0
ADME.US,5,20211025,215500,41.4795,41.53,41.4795,41.53,5314,0
ADME.US,5,20211026,153000,41.76,41.76,41.76,41.76,235,0
ADME.US,5,20211026,153500,41.695,41.695,41.695,41.695,100,0
ADME.US,5,20211026,154000,41.74,41.74,41.705,41.705,200,0
ADME.US,5,20211026,155000,41.6853,41.6853,41.6853,41.6853,189,0
ADME.US,5,20211026,160500,41.67,41.67,41.6641,41.6641,1373,0
ADME.US,5,20211026,161000,41.68,41.68,41.68,41.68,320,0
ADME.US,5,20211026,161500,41.715,41.715,41.715,41.715,1204,0
ADME.US,5,20211026,163000,41.74,41.76,41.74,41.7532,2839,0
ADME.US,5,20211026,163500,41.745,41.745,41.745,41.745,100,0
ADME.US,5,20211026,164000,41.7411,41.7411,41.72,41.72,500,0
ADME.US,5,20211026,172500,41.7506,41.7506,41.7506,41.7506,304,0
ADME.US,5,20211026,173000,41.75,41.75,41.75,41.75,100,0
ADME.US,5,20211026,175000,41.71,41.71,41.71,41.71,100,0
ADME.US,5,20211026,175500,41.69,41.69,41.69,41.69,100,0
ADME.US,5,20211026,184000,41.57,41.57,41.57,41.57,100,0
ADME.US,5,20211026,190000,41.5695,41.5695,41.5695,41.5695,753,0
ADME.US,5,20211026,190500,41.59,41.59,41.59,41.59,600,0
ADME.US,5,20211026,192500,41.5792,41.5792,41.5792,41.5792,386,0
ADME.US,5,20211026,193000,41.59,41.64,41.575,41.634,8117,0
ADME.US,5,20211026,193500,41.63,41.63,41.63,41.63,2386,0
ADME.US,5,20211026,194500,41.62,41.63,41.61,41.61,1400,0
ADME.US,5,20211026,200500,41.6249,41.64,41.62,41.64,3440,0
ADME.US,5,20211026,201000,41.61,41.61,41.61,41.61,1420,0
ADME.US,5,20211026,210500,41.6486,41.655,41.6301,41.655,394,0
ADME.US,5,20211026,212000,41.66,41.66,41.65,41.65,200,0
ADME.US,5,20211026,212500,41.655,41.655,41.64,41.64,2212,0
ADME.US,5,20211026,213000,41.65,41.66,41.6421,41.66,5867,0
ADME.US,5,20211026,213500,41.635,41.65,41.635,41.65,15932,0
ADME.US,5,20211026,215500,41.61,41.61,41.61,41.61,685,0
ADME.US,5,20211027,160000,41.63,41.63,41.605,41.63,2140,0
ADME.US,5,20211027,161000,41.65,41.65,41.65,41.65,6300,0
ADME.US,5,20211027,161500,41.65,41.65,41.58,41.58,10862,0
ADME.US,5,20211027,162000,41.58,41.58,41.58,41.58,475,0
ADME.US,5,20211027,162500,41.59,41.6,41.57,41.6,755,0
ADME.US,5,20211027,164500,41.6,41.62,41.585,41.585,2333,0
ADME.US,5,20211027,165000,41.61,41.61,41.6012,41.61,400,0
ADME.US,5,20211027,184500,41.625,41.625,41.625,41.625,100,0
ADME.US,5,20211027,194500,41.7,41.7,41.7,41.7,363,0
ADME.US,5,20211027,201500,41.7,41.7,41.7,41.7,120,0
ADME.US,5,20211027,210000,41.66,41.66,41.66,41.66,224,0
ADME.US,5,20211027,212000,41.5149,41.5149,41.5,41.5,415,0
ADME.US,5,20211027,212500,41.53,41.56,41.53,41.56,3973,0
ADME.US,5,20211027,213000,41.56,41.56,41.5251,41.5251,2046,0
ADME.US,5,20211027,214000,41.57,41.57,41.57,41.57,7510,0
ADME.US,5,20211027,215500,41.46,41.46,41.46,41.46,263,0
ADME.US,5,20211028,153000,41.55,41.55,41.55,41.55,1035,0
ADME.US,5,20211028,201500,41.7999,41.7999,41.7999,41.7999,1085,0
ADME.US,5,20211028,203000,41.77,41.77,41.77,41.77,160,0
ADME.US,5,20211028,203500,41.79,41.79,41.79,41.79,1279,0
ADME.US,5,20211028,205500,41.77,41.77,41.77,41.77,100,0
ADME.US,5,20211028,211000,41.6636,41.6636,41.6636,41.6636,125,0
ADME.US,5,20211028,211500,41.725,41.725,41.725,41.725,1723,0
ADME.US,5,20211028,212000,41.78,41.78,41.75,41.75,2048,0
ADME.US,5,20211028,213500,41.73,41.73,41.73,41.73,9381,0
ADME.US,5,20211029,153500,41.63,41.63,41.63,41.63,718,0
ADME.US,5,20211029,163000,41.72,41.72,41.72,41.72,100,0
ADME.US,5,20211029,171500,41.8129,41.8129,41.8129,41.8129,127,0
ADME.US,5,20211029,174000,41.82,41.82,41.8,41.81,1500,0
ADME.US,5,20211029,183000,41.895,41.897,41.895,41.897,1857,0
ADME.US,5,20211029,183500,41.905,41.905,41.89,41.89,2785,0
ADME.US,5,20211029,184000,41.905,41.905,41.905,41.905,413,0
ADME.US,5,20211029,184500,41.909,41.909,41.909,41.909,509,0
ADME.US,5,20211029,191000,41.9,41.9,41.8903,41.8903,2392,0
ADME.US,5,20211029,191500,41.9112,41.9112,41.9112,41.9112,380,0
ADME.US,5,20211029,192000,41.91,41.91,41.91,41.91,300,0
ADME.US,5,20211029,193500,41.9,41.9,41.9,41.9,400,0
ADME.US,5,20211029,194000,41.9,41.9,41.9,41.9,2500,0
ADME.US,5,20211029,194500,41.89,41.89,41.88,41.88,4189,0
ADME.US,5,20211029,195000,41.88,41.89,41.88,41.89,1500,0
ADME.US,5,20211029,195500,41.89,41.9,41.89,41.9,800,0
ADME.US,5,20211029,204000,41.8399,41.85,41.8399,41.85,14260,0
ADME.US,5,20211029,205000,41.86,41.86,41.86,41.86,151,0
ADME.US,5,20211029,210000,41.83,41.83,41.83,41.83,313,0
ADME.US,5,20211029,210500,41.8256,41.8256,41.8256,41.8256,3060,0
ADME.US,5,20211029,212500,41.805,41.805,41.805,41.805,100,0
ADME.US,5,20211029,214000,41.86,41.88,41.8592,41.8592,1905,0
ADME.US,5,20211029,215000,41.93,41.93,41.93,41.93,400,0
ADME.US,5,20211029,215500,41.95,41.95,41.87,41.87,400,0
ADME.US,5,20211101,145500,41.865,41.868,41.865,41.868,1250,0
ADME.US,5,20211101,150000,41.89,41.89,41.86,41.86,700,0
ADME.US,5,20211101,165000,41.82,41.82,41.82,41.82,611,0
ADME.US,5,20211101,172000,41.8157,41.8157,41.8157,41.8157,578,0
ADME.US,5,20211101,175500,41.8648,41.8648,41.8648,41.8648,706,0
ADME.US,5,20211101,181500,41.8,41.8,41.8,41.8,343,0
ADME.US,5,20211101,192500,41.74,41.74,41.74,41.74,491,0
ADME.US,5,20211101,194500,41.77,41.77,41.77,41.77,1234,0
ADME.US,5,20211101,195500,41.74,41.77,41.74,41.77,9092,0
ADME.US,5,20211101,202000,41.77,41.82,41.77,41.8112,3757,0
ADME.US,5,20211101,202500,41.785,41.785,41.785,41.785,394,0
ADME.US,5,20211101,205000,41.87,41.87,41.85,41.85,400,0
ADME.US,5,20211101,205500,41.83,41.83,41.82,41.82,200,0
ADME.US,5,20211102,143000,41.99,42.12,41.68,41.91,458,0
ADME.US,5,20211102,144000,41.91,41.91,41.91,41.91,100,0
ADME.US,5,20211102,155000,41.905,41.905,41.905,41.905,1027,0
ADME.US,5,20211102,200000,41.885,41.885,41.885,41.885,178,0
ADME.US,5,20211102,200500,41.885,41.885,41.885,41.885,271,0
ADME.US,5,20211102,201500,41.875,41.875,41.875,41.875,3047,0
ADME.US,5,20211102,202000,41.89,41.89,41.875,41.875,4830,0
ADME.US,5,20211102,202500,41.87,41.87,41.87,41.87,2500,0
ADME.US,5,20211102,203500,41.87,41.87,41.85,41.85,1937,0
ADME.US,5,20211102,204000,41.875,41.875,41.875,41.875,555,0
ADME.US,5,20211102,205000,41.8903,41.8903,41.8903,41.8903,476,0
ADME.US,5,20211102,205500,41.9,41.9,41.9,41.9,1517,0
ADME.US,5,20211103,151500,41.765,41.765,41.765,41.765,1075,0
ADME.US,5,20211103,155500,41.8763,41.8763,41.8542,41.8542,1201,0
ADME.US,5,20211103,161000,41.82,41.82,41.82,41.82,191,0
ADME.US,5,20211103,162000,41.819,41.819,41.819,41.819,717,0
ADME.US,5,20211103,163000,41.785,41.785,41.785,41.785,250,0
ADME.US,5,20211103,164000,41.784,41.8,41.784,41.785,537,0
ADME.US,5,20211103,164500,41.8,41.8,41.8,41.8,140,0
ADME.US,5,20211103,171500,41.84,41.84,41.8217,41.84,700,0
ADME.US,5,20211103,175500,41.7953,41.7953,41.7953,41.7953,264,0
ADME.US,5,20211103,184500,41.81,41.81,41.81,41.81,120,0
ADME.US,5,20211103,185000,41.785,41.785,41.785,41.785,673,0
ADME.US,5,20211103,190000,41.71,41.8,41.71,41.8,456,0
ADME.US,5,20211103,191500,41.835,41.835,41.835,41.835,250,0
ADME.US,5,20211103,195000,42.02,42.02,42.0081,42.0081,200,0
ADME.US,5,20211103,201000,42.015,42.015,41.9949,41.9949,547,0
ADME.US,5,20211103,201500,42.0232,42.04,42.0232,42.03,1478,0
ADME.US,5,20211103,204500,42.06,42.06,42.04,42.04,1600,0
ADME.US,5,20211104,144500,42.235,42.235,42.235,42.235,225,0
ADME.US,5,20211104,145500,42.36,42.36,42.3137,42.3137,1584,0
ADME.US,5,20211104,152000,42.31,42.31,42.31,42.31,328,0
ADME.US,5,20211104,161000,42.34,42.34,42.34,42.34,599,0
ADME.US,5,20211104,162500,42.215,42.215,42.215,42.215,145,0
ADME.US,5,20211104,170500,42.2569,42.2569,42.2569,42.2569,166,0
ADME.US,5,20211104,171000,42.31,42.31,42.31,42.31,100,0
ADME.US,5,20211104,181500,42.3,42.3,42.2734,42.2734,650,0
ADME.US,5,20211104,190500,42.29,42.29,42.29,42.29,397,0
ADME.US,5,20211104,195500,42.34,42.34,42.34,42.34,111,0
ADME.US,5,20211104,201500,42.28,42.28,42.28,42.28,1635,0
ADME.US,5,20211104,202000,42.33,42.33,42.315,42.315,6056,0
ADME.US,5,20211104,203500,42.305,42.305,42.305,42.305,211,0
ADME.US,5,20211104,205500,42.38,42.38,42.38,42.38,200,0
ADME.US,5,20211105,145500,42.69,42.7,42.69,42.7,600,0
ADME.US,5,20211105,152500,42.67,42.67,42.67,42.67,100,0
ADME.US,5,20211105,155500,42.6,42.6,42.6,42.6,129,0
ADME.US,5,20211105,174500,42.59,42.59,42.59,42.59,200,0
ADME.US,5,20211105,182500,42.435,42.435,42.435,42.435,100,0
ADME.US,5,20211105,184500,42.4399,42.4399,42.4399,42.4399,240,0
ADME.US,5,20211105,191500,42.56,42.56,42.56,42.56,817,0
ADME.US,5,20211105,193500,42.4906,42.4906,42.4906,42.4906,100,0
ADME.US,5,20211105,194000,42.53,42.53,42.53,42.53,133,0
ADME.US,5,20211105,200000,42.53,42.53,42.52,42.52,660,0
ADME.US,5,20211105,201500,42.54,42.5412,42.525,42.525,1414,0
ADME.US,5,20211105,202000,42.5,42.5,42.5,42.5,6088,0
ADME.US,5,20211105,202500,42.49,42.49,42.49,42.49,6678,0
ADME.US,5,20211105,203000,42.53,42.53,42.53,42.53,100,0
ADME.US,5,20211105,204000,42.54,42.55,42.53,42.55,783,0
ADME.US,5,20211105,204500,42.52,42.52,42.52,42.52,100,0
ADME.US,5,20211105,205000,42.49,42.56,42.49,42.54,2300,0
ADME.US,5,20211105,205500,42.54,42.54,42.538,42.538,300,0
ADME.US,5,20211108,153000,42.45,42.75,42.45,42.75,900,0
ADME.US,5,20211108,155000,42.675,42.675,42.655,42.655,259,0
ADME.US,5,20211108,160000,42.63,42.6448,42.63,42.6448,623,0
ADME.US,5,20211108,172000,42.6187,42.6187,42.6187,42.6187,274,0
ADME.US,5,20211108,175000,42.5839,42.5839,42.5839,42.5839,712,0
ADME.US,5,20211108,183000,42.58,42.58,42.58,42.58,100,0
ADME.US,5,20211108,190000,42.565,42.565,42.565,42.565,566,0
ADME.US,5,20211108,192500,42.5901,42.5901,42.5901,42.5901,194,0
ADME.US,5,20211108,193500,42.6025,42.615,42.6,42.615,1882,0
ADME.US,5,20211108,195000,42.62,42.62,42.62,42.62,202,0
ADME.US,5,20211108,203500,42.645,42.645,42.645,42.645,149,0
ADME.US,5,20211108,205500,42.6599,42.6599,42.635,42.635,964,0
ADME.US,5,20211108,210000,42.67,42.67,42.6503,42.6503,846,0
ADME.US,5,20211108,210500,42.68,42.68,42.66,42.66,3535,0
ADME.US,5,20211108,211000,42.64,42.64,42.64,42.64,400,0
ADME.US,5,20211108,211500,42.65,42.65,42.65,42.65,100,0
ADME.US,5,20211108,212000,42.65,42.65,42.65,42.65,100,0
ADME.US,5,20211108,213000,42.63,42.63,42.63,42.63,200,0
ADME.US,5,20211108,215000,42.64,42.64,42.64,42.64,100,0
ADME.US,5,20211108,215500,42.6,42.66,42.6,42.66,905,0
ADME.US,5,20211109,153000,42.8,42.8,42.72,42.72,925,0
ADME.US,5,20211109,165000,42.58,42.5896,42.58,42.5896,1284,0
ADME.US,5,20211109,165500,42.54,42.54,42.54,42.54,300,0
ADME.US,5,20211109,171000,42.53,42.53,42.52,42.52,286,0
ADME.US,5,20211109,174000,42.53,42.53,42.53,42.53,350,0
ADME.US,5,20211109,175000,42.52,42.52,42.52,42.52,200,0
ADME.US,5,20211109,175500,42.4899,42.4899,42.4899,42.4899,150,0
ADME.US,5,20211109,181000,42.5212,42.5212,42.505,42.505,2646,0
ADME.US,5,20211109,182000,42.52,42.52,42.505,42.505,529,0
ADME.US,5,20211109,182500,42.52,42.52,42.49,42.49,400,0
ADME.US,5,20211109,184500,42.53,42.53,42.53,42.53,400,0
ADME.US,5,20211109,185500,42.53,42.53,42.53,42.53,300,0
ADME.US,5,20211109,192500,42.53,42.53,42.53,42.53,300,0
ADME.US,5,20211109,194500,42.48,42.48,42.48,42.48,3390,0
ADME.US,5,20211109,200000,42.49,42.49,42.49,42.49,1644,0
ADME.US,5,20211109,200500,42.49,42.49,42.49,42.49,373,0
ADME.US,5,20211109,202500,42.53,42.53,42.53,42.53,500,0
ADME.US,5,20211109,204000,42.56,42.56,42.5547,42.56,970,0
ADME.US,5,20211109,204500,42.55,42.55,42.55,42.55,1272,0
ADME.US,5,20211109,210000,42.56,42.56,42.56,42.56,100,0
ADME.US,5,20211109,211500,42.54,42.54,42.5295,42.5295,5375,0
ADME.US,5,20211109,212000,42.55,42.55,42.53,42.55,3770,0
ADME.US,5,20211109,214500,42.5897,42.5897,42.5897,42.5897,1175,0
ADME.US,5,20211109,215000,42.56,42.56,42.54,42.54,600,0
ADME.US,5,20211109,215500,42.64,42.64,42.57,42.57,200,0
ADME.US,5,20211110,153000,42.29,42.38,42.29,42.38,1022,0
ADME.US,5,20211110,153500,42.39,42.39,42.39,42.39,200,0
ADME.US,5,20211110,160500,42.5918,42.5918,42.5918,42.5918,100,0
ADME.US,5,20211110,163000,42.4801,42.4807,42.4801,42.4807,221,0
ADME.US,5,20211110,173000,42.47,42.47,42.47,42.47,200,0
ADME.US,5,20211110,182000,42.4461,42.4461,42.4461,42.4461,262,0
ADME.US,5,20211110,182500,42.41,42.41,42.41,42.41,128,0
ADME.US,5,20211110,192000,42.31,42.31,42.31,42.31,316,0
ADME.US,5,20211110,201000,42.23,42.23,42.23,42.23,1922,0
ADME.US,5,20211110,202500,42.12,42.165,42.1,42.1003,3897,0
ADME.US,5,20211110,211500,42.2,42.2,42.2,42.2,5102,0
ADME.US,5,20211110,212000,42.2175,42.23,42.2175,42.23,7361,0
ADME.US,5,20211110,213000,42.2595,42.3299,42.2595,42.29,1534,0
ADME.US,5,20211110,214000,42.24,42.25,42.24,42.25,5785,0
ADME.US,5,20211110,214500,42.26,42.2768,42.26,42.265,626,0
ADME.US,5,20211110,215500,42.28,42.28,42.19,42.19,200,0
ADME.US,5,20211111,153000,42.468,42.468,42.32,42.32,200,0
ADME.US,5,20211111,153500,42.3,42.37,42.3,42.37,200,0
ADME.US,5,20211111,161000,42.28,42.28,42.28,42.28,100,0
ADME.US,5,20211111,163000,42.24,42.24,42.24,42.24,200,0
ADME.US,5,20211111,165500,42.2915,42.2915,42.2915,42.2915,150,0
ADME.US,5,20211111,170000,42.29,42.29,42.29,42.29,100,0
ADME.US,5,20211111,171000,42.28,42.28,42.28,42.28,200,0
ADME.US,5,20211111,175000,42.33,42.33,42.33,42.33,200,0
ADME.US,5,20211111,182500,42.26,42.26,42.26,42.26,200,0
ADME.US,5,20211111,183500,42.29,42.29,42.29,42.29,100,0
ADME.US,5,20211111,185500,42.2901,42.2901,42.2901,42.2901,169,0
ADME.US,5,20211111,190000,42.28,42.28,42.27,42.27,200,0
ADME.US,5,20211111,190500,42.2959,42.2959,42.2959,42.2959,464,0
ADME.US,5,20211111,192000,42.26,42.26,42.26,42.26,200,0
ADME.US,5,20211111,193000,42.27,42.27,42.27,42.27,790,0
ADME.US,5,20211111,194000,42.28,42.28,42.28,42.28,200,0
ADME.US,5,20211111,200000,42.28,42.28,42.28,42.28,200,0
ADME.US,5,20211111,200500,42.3053,42.3053,42.3053,42.3053,135,0
ADME.US,5,20211111,201500,42.31,42.31,42.31,42.31,100,0
ADME.US,5,20211111,203500,42.29,42.29,42.29,42.29,200,0
ADME.US,5,20211111,204000,42.32,42.32,42.32,42.32,100,0
ADME.US,5,20211111,205000,42.29,42.29,42.29,42.29,213,0
ADME.US,5,20211111,205500,42.27,42.27,42.27,42.27,200,0
ADME.US,5,20211111,210000,42.27,42.27,42.26,42.26,327,0
ADME.US,5,20211111,211000,42.24,42.24,42.24,42.24,200,0
ADME.US,5,20211111,211500,42.24,42.24,42.24,42.24,200,0
ADME.US,5,20211111,212000,42.24,42.25,42.24,42.25,2179,0
ADME.US,5,20211111,212500,42.25,42.27,42.25,42.27,8257,0
ADME.US,5,20211111,213000,42.27,42.28,42.26,42.27,7137,0
ADME.US,5,20211111,213500,42.26,42.26,42.26,42.26,300,0
ADME.US,5,20211111,214000,42.27,42.27,42.27,42.27,100,0
ADME.US,5,20211111,214500,42.26,42.26,42.26,42.26,100,0
ADME.US,5,20211111,215000,42.25,42.25,42.25,42.25,400,0
ADME.US,5,20211111,215500,42.23,42.25,42.23,42.25,320,0
