<TICKER>,<PER>,<DATE>,<TIME>,<OPEN>,<HIGH>,<LOW>,<CLOSE>,<VOL>,<OPENINT>
CEMB.US,5,20210922,153000,52.31,52.31,52.31,52.31,853,0
CEMB.US,5,20210922,155500,52.2977,52.2977,52.2977,52.2977,105,0
CEMB.US,5,20210922,161000,52.31,52.31,52.31,52.31,100,0
CEMB.US,5,20210922,163500,52.339,52.339,52.3382,52.3382,252,0
CEMB.US,5,20210922,165000,52.35,52.35,52.35,52.35,517,0
CEMB.US,5,20210922,173500,52.36,52.36,52.36,52.36,2600,0
CEMB.US,5,20210922,175000,52.38,52.39,52.37,52.38,2500,0
CEMB.US,5,20210922,175500,52.37,52.37,52.37,52.37,100,0
CEMB.US,5,20210922,180000,52.37,52.37,52.36,52.36,4600,0
CEMB.US,5,20210922,180500,52.365,52.37,52.36,52.36,2324,0
CEMB.US,5,20210922,181500,52.36,52.36,52.36,52.36,100,0
CEMB.US,5,20210922,182000,52.355,52.355,52.35,52.35,444,0
CEMB.US,5,20210922,182500,52.36,52.36,52.36,52.36,400,0
CEMB.US,5,20210922,183000,52.355,52.355,52.355,52.355,4958,0
CEMB.US,5,20210922,183500,52.36,52.36,52.35,52.35,1400,0
CEMB.US,5,20210922,184000,52.35,52.35,52.35,52.35,300,0
CEMB.US,5,20210922,184500,52.35,52.35,52.3494,52.3494,1376,0
CEMB.US,5,20210922,191000,52.35,52.35,52.35,52.35,130,0
CEMB.US,5,20210922,191500,52.3401,52.3401,52.3401,52.3401,100,0
CEMB.US,5,20210922,192500,52.35,52.36,52.35,52.36,1700,0
CEMB.US,5,20210922,193000,52.35,52.36,52.35,52.35,1800,0
CEMB.US,5,20210922,193500,52.355,52.355,52.35,52.35,1560,0
CEMB.US,5,20210922,194000,52.35,52.35,52.35,52.35,300,0
CEMB.US,5,20210922,194500,52.35,52.35,52.35,52.35,2000,0
CEMB.US,5,20210922,195000,52.35,52.36,52.35,52.35,2439,0
CEMB.US,5,20210922,195500,52.35,52.37,52.35,52.35,1400,0
CEMB.US,5,20210922,200000,52.35,52.35,52.35,52.35,374,0
CEMB.US,5,20210922,201000,52.3651,52.3799,52.365,52.365,641,0
CEMB.US,5,20210922,202500,52.37,52.38,52.28,52.3782,2445,0
CEMB.US,5,20210922,204500,52.37,52.37,52.37,52.37,300,0
CEMB.US,5,20210922,205500,52.3028,52.3028,52.285,52.285,1442,0
CEMB.US,5,20210922,211500,52.29,52.315,52.29,52.315,400,0
CEMB.US,5,20210922,212500,52.33,52.33,52.33,52.33,100,0
CEMB.US,5,20210922,213000,52.33,52.33,52.33,52.33,119,0
CEMB.US,5,20210922,213500,52.32,52.32,52.32,52.32,200,0
CEMB.US,5,20210922,214000,52.32,52.32,52.32,52.32,300,0
CEMB.US,5,20210922,214500,52.339,52.34,52.33,52.34,6095,0
CEMB.US,5,20210922,215000,52.33,52.335,52.33,52.3325,900,0
CEMB.US,5,20210922,215500,52.33,52.3346,52.2,52.2,3659,0
CEMB.US,5,20210923,153000,52.33,52.33,52.305,52.31,4711,0
CEMB.US,5,20210923,153500,52.31,52.31,52.31,52.31,100,0
CEMB.US,5,20210923,155000,52.32,52.32,52.31,52.3165,594,0
CEMB.US,5,20210923,160500,52.3171,52.3171,52.3171,52.3171,286,0
CEMB.US,5,20210923,162000,52.3101,52.3101,52.3101,52.3101,283,0
CEMB.US,5,20210923,163000,52.3084,52.3084,52.3084,52.3084,300,0
CEMB.US,5,20210923,163500,52.305,52.305,52.305,52.305,587,0
CEMB.US,5,20210923,164000,52.2801,52.285,52.27,52.27,3253,0
CEMB.US,5,20210923,171000,52.2262,52.2262,52.2262,52.2262,143,0
CEMB.US,5,20210923,172000,52.2,52.2,52.2,52.2,172,0
CEMB.US,5,20210923,174000,52.2321,52.2321,52.2321,52.2321,486,0
CEMB.US,5,20210923,174500,52.2212,52.2212,52.2212,52.2212,800,0
CEMB.US,5,20210923,180000,52.239,52.239,52.2382,52.2382,504,0
CEMB.US,5,20210923,183000,52.23,52.23,52.23,52.23,100,0
CEMB.US,5,20210923,185000,52.2388,52.2388,52.2388,52.2388,2300,0
CEMB.US,5,20210923,190000,52.2233,52.2233,52.2233,52.2233,100,0
CEMB.US,5,20210923,190500,52.22,52.22,52.22,52.22,500,0
CEMB.US,5,20210923,191000,52.22,52.22,52.22,52.22,200,0
CEMB.US,5,20210923,192500,52.22,52.221,52.22,52.221,1171,0
CEMB.US,5,20210923,193500,52.23,52.23,52.23,52.23,100,0
CEMB.US,5,20210923,195500,52.2343,52.2343,52.2343,52.2343,144,0
CEMB.US,5,20210923,201500,52.21,52.21,52.21,52.21,100,0
CEMB.US,5,20210923,203500,52.205,52.205,52.2002,52.2002,256,0
CEMB.US,5,20210923,204000,52.21,52.21,52.2,52.2037,1011,0
CEMB.US,5,20210923,204500,52.21,52.21,52.21,52.21,1300,0
CEMB.US,5,20210923,210000,52.1902,52.21,52.1902,52.21,1660,0
CEMB.US,5,20210923,211500,52.21,52.21,52.2065,52.2065,500,0
CEMB.US,5,20210923,213000,52.1968,52.1968,52.1968,52.1968,319,0
CEMB.US,5,20210923,214500,52.1982,52.1982,52.18,52.1899,1121,0
CEMB.US,5,20210923,215000,52.18,52.18,52.17,52.17,800,0
CEMB.US,5,20210923,215500,52.17,52.1725,52.15,52.15,12540,0
CEMB.US,5,20210924,153000,52.14,52.16,52.14,52.16,1047,0
CEMB.US,5,20210924,153500,52.15,52.15,52.15,52.15,200,0
CEMB.US,5,20210924,155000,52.13,52.13,52.1287,52.1287,216,0
CEMB.US,5,20210924,155500,52.13,52.13,52.13,52.13,200,0
CEMB.US,5,20210924,160500,52.139,52.139,52.13,52.13,987,0
CEMB.US,5,20210924,161500,52.1018,52.1018,52.1018,52.1018,212,0
CEMB.US,5,20210924,162500,52.1171,52.12,52.1171,52.12,1530,0
CEMB.US,5,20210924,163000,52.12,52.13,52.12,52.13,779,0
CEMB.US,5,20210924,172000,52.14,52.14,52.14,52.14,4000,0
CEMB.US,5,20210924,172500,52.14,52.18,52.135,52.135,7724,0
CEMB.US,5,20210924,175000,52.129,52.129,52.129,52.129,142,0
CEMB.US,5,20210924,181000,52.132,52.132,52.132,52.132,190,0
CEMB.US,5,20210924,181500,52.15,52.15,52.15,52.15,1800,0
CEMB.US,5,20210924,184500,52.1388,52.14,52.135,52.14,597,0
CEMB.US,5,20210924,185500,52.13,52.13,52.13,52.13,767,0
CEMB.US,5,20210924,190000,52.1392,52.1392,52.1392,52.1392,960,0
CEMB.US,5,20210924,191000,52.14,52.14,52.14,52.14,1109,0
CEMB.US,5,20210924,193000,52.1499,52.1499,52.1499,52.1499,607,0
CEMB.US,5,20210924,194500,52.1386,52.1386,52.1386,52.1386,1000,0
CEMB.US,5,20210924,195500,52.1318,52.1318,52.1318,52.1318,500,0
CEMB.US,5,20210924,202500,52.1318,52.1318,52.1318,52.1318,200,0
CEMB.US,5,20210924,203500,52.14,52.14,52.14,52.14,1305,0
CEMB.US,5,20210924,210000,52.1201,52.1201,52.1201,52.1201,300,0
CEMB.US,5,20210924,210500,52.13,52.13,52.13,52.13,1152,0
CEMB.US,5,20210924,211000,52.12,52.12,52.12,52.12,9500,0
CEMB.US,5,20210924,213000,52.105,52.1151,52.105,52.1151,348,0
CEMB.US,5,20210924,214500,52.1201,52.1201,52.1201,52.1201,100,0
CEMB.US,5,20210924,215500,52.12,52.12,52.12,52.12,2607,0
CEMB.US,5,20210927,153000,52.01,52.01,52.01,52.01,2715,0
CEMB.US,5,20210927,153500,52.02,52.02,52.02,52.02,997,0
CEMB.US,5,20210927,154000,52.03,52.03,52.03,52.03,383,0
CEMB.US,5,20210927,154500,52.025,52.035,52.025,52.035,300,0
CEMB.US,5,20210927,155500,52.07,52.07,52.07,52.07,100,0
CEMB.US,5,20210927,160500,52.08,52.08,52.08,52.08,200,0
CEMB.US,5,20210927,161000,52.07,52.07,52.07,52.07,144,0
CEMB.US,5,20210927,162000,52.08,52.08,52.08,52.08,372,0
CEMB.US,5,20210927,163000,52.1,52.1,52.1,52.1,100,0
CEMB.US,5,20210927,164000,52.07,52.07,52.07,52.07,100,0
CEMB.US,5,20210927,172500,52.06,52.08,52.06,52.08,620,0
CEMB.US,5,20210927,174000,52.05,52.05,52.05,52.05,5080,0
CEMB.US,5,20210927,180500,52.0608,52.0608,52.0608,52.0608,1200,0
CEMB.US,5,20210927,193000,52.0634,52.0634,52.0634,52.0634,279,0
CEMB.US,5,20210927,193500,52.069,52.069,52.06,52.06,1764,0
CEMB.US,5,20210927,194000,52.0532,52.0634,52.0532,52.0634,487,0
CEMB.US,5,20210927,194500,52.0659,52.0659,52.0659,52.0659,400,0
CEMB.US,5,20210927,195500,52.069,52.0697,52.069,52.0697,812,0
CEMB.US,5,20210927,200500,52.06,52.06,52.06,52.06,163,0
CEMB.US,5,20210927,201000,52.07,52.07,52.07,52.07,6700,0
CEMB.US,5,20210927,204000,52.065,52.065,52.065,52.065,173,0
CEMB.US,5,20210927,204500,52.065,52.065,52.065,52.065,500,0
CEMB.US,5,20210927,205000,52.065,52.065,52.065,52.065,147,0
CEMB.US,5,20210927,211000,52.06,52.06,52.06,52.06,114,0
CEMB.US,5,20210927,213000,52.069,52.069,52.069,52.069,100,0
CEMB.US,5,20210927,214500,52.06,52.06,52.06,52.06,210,0
CEMB.US,5,20210927,215000,52.06,52.06,52.06,52.06,167,0
CEMB.US,5,20210928,153000,51.96,51.96,51.96,51.96,10114,0
CEMB.US,5,20210928,154000,51.945,51.95,51.945,51.945,4700,0
CEMB.US,5,20210928,155000,51.945,51.95,51.94,51.94,10400,0
CEMB.US,5,20210928,155500,51.92,51.92,51.9199,51.92,3000,0
CEMB.US,5,20210928,160000,51.9,51.9,51.9,51.9,1300,0
CEMB.US,5,20210928,160500,51.9,51.9,51.9,51.9,500,0
CEMB.US,5,20210928,163000,51.95,51.96,51.94,51.95,9406,0
CEMB.US,5,20210928,164000,51.9343,51.935,51.9343,51.935,2997,0
CEMB.US,5,20210928,164500,51.94,51.94,51.93,51.93,2600,0
CEMB.US,5,20210928,170000,51.93,51.94,51.93,51.94,523,0
CEMB.US,5,20210928,170500,51.925,51.925,51.92,51.92,270,0
CEMB.US,5,20210928,171000,51.93,51.93,51.93,51.93,102,0
CEMB.US,5,20210928,171500,51.93,51.93,51.93,51.93,100,0
CEMB.US,5,20210928,172000,51.93,51.93,51.93,51.93,400,0
CEMB.US,5,20210928,173500,51.95,51.95,51.939,51.939,1298,0
CEMB.US,5,20210928,174000,51.94,51.94,51.94,51.94,900,0
CEMB.US,5,20210928,174500,51.93,51.93,51.93,51.93,755,0
CEMB.US,5,20210928,175500,51.94,51.94,51.94,51.94,100,0
CEMB.US,5,20210928,180500,51.95,51.95,51.95,51.95,100,0
CEMB.US,5,20210928,182000,51.95,51.95,51.95,51.95,100,0
CEMB.US,5,20210928,183000,51.95,51.95,51.949,51.95,823,0
CEMB.US,5,20210928,184000,51.945,51.95,51.945,51.95,400,0
CEMB.US,5,20210928,185000,51.925,51.925,51.925,51.925,100,0
CEMB.US,5,20210928,185500,51.9201,51.9201,51.9201,51.9201,578,0
CEMB.US,5,20210928,190000,51.92,51.93,51.92,51.93,400,0
CEMB.US,5,20210928,190500,51.91,51.915,51.91,51.915,400,0
CEMB.US,5,20210928,191500,51.91,51.91,51.91,51.91,100,0
CEMB.US,5,20210928,192000,51.915,51.92,51.915,51.915,1176,0
CEMB.US,5,20210928,193500,51.915,51.915,51.915,51.915,200,0
CEMB.US,5,20210928,194000,51.92,51.92,51.915,51.915,200,0
CEMB.US,5,20210928,194500,51.915,51.915,51.9,51.9,860,0
CEMB.US,5,20210928,201000,51.89,51.9,51.82,51.895,2100,0
CEMB.US,5,20210928,201500,51.905,51.905,51.905,51.905,188,0
CEMB.US,5,20210928,202500,51.91,51.91,51.91,51.91,400,0
CEMB.US,5,20210928,203500,51.9,51.92,51.9,51.92,1265,0
CEMB.US,5,20210928,204500,51.9192,51.9192,51.9192,51.9192,104,0
CEMB.US,5,20210928,205000,51.93,51.93,51.93,51.93,400,0
CEMB.US,5,20210928,211000,51.93,51.93,51.925,51.925,1080,0
CEMB.US,5,20210928,213000,51.93,51.94,51.9216,51.93,1140,0
CEMB.US,5,20210928,213500,51.9246,51.9246,51.9246,51.9246,434,0
CEMB.US,5,20210928,214000,51.9399,51.9399,51.9399,51.9399,103,0
CEMB.US,5,20210928,214500,51.93,51.94,51.93,51.93,8046,0
CEMB.US,5,20210928,215000,51.925,51.93,51.925,51.93,400,0
CEMB.US,5,20210928,215500,51.925,52.04,51.91,52.04,7334,0
CEMB.US,5,20210929,153000,51.96,51.96,51.96,51.96,2509,0
CEMB.US,5,20210929,153500,51.97,51.97,51.95,51.95,965,0
CEMB.US,5,20210929,154000,51.97,51.97,51.965,51.965,208,0
CEMB.US,5,20210929,154500,51.965,51.965,51.965,51.965,100,0
CEMB.US,5,20210929,155500,51.96,51.96,51.96,51.96,600,0
CEMB.US,5,20210929,162500,51.97,51.97,51.97,51.97,1737,0
CEMB.US,5,20210929,163000,51.965,51.965,51.965,51.965,200,0
CEMB.US,5,20210929,163500,51.965,51.965,51.965,51.965,100,0
CEMB.US,5,20210929,165500,51.95,51.95,51.95,51.95,412,0
CEMB.US,5,20210929,171000,51.955,51.955,51.955,51.955,254,0
CEMB.US,5,20210929,172500,51.945,51.945,51.945,51.945,723,0
CEMB.US,5,20210929,174000,51.945,51.945,51.945,51.945,100,0
CEMB.US,5,20210929,174500,51.9424,51.9424,51.9424,51.9424,145,0
CEMB.US,5,20210929,175500,51.9487,51.9487,51.9487,51.9487,272,0
CEMB.US,5,20210929,180000,51.945,51.945,51.945,51.945,253,0
CEMB.US,5,20210929,180500,51.945,51.945,51.945,51.945,132,0
CEMB.US,5,20210929,181000,51.945,51.945,51.945,51.945,234,0
CEMB.US,5,20210929,181500,51.945,51.945,51.945,51.945,100,0
CEMB.US,5,20210929,182000,51.94,51.94,51.94,51.94,100,0
CEMB.US,5,20210929,182500,51.9402,51.9402,51.9402,51.9402,264,0
CEMB.US,5,20210929,184500,51.945,51.945,51.945,51.945,100,0
CEMB.US,5,20210929,190000,51.92,51.92,51.92,51.92,100,0
CEMB.US,5,20210929,191500,51.9051,51.9051,51.905,51.905,805,0
CEMB.US,5,20210929,192500,51.905,51.905,51.905,51.905,193,0
CEMB.US,5,20210929,200000,51.8744,51.8744,51.8744,51.8744,1600,0
CEMB.US,5,20210929,200500,51.875,51.875,51.875,51.875,120,0
CEMB.US,5,20210929,201500,51.8896,51.8901,51.8896,51.89,1621,0
CEMB.US,5,20210929,202000,51.89,51.89,51.89,51.89,200,0
CEMB.US,5,20210929,203500,51.9,51.9,51.895,51.895,2071,0
CEMB.US,5,20210929,205000,51.895,51.895,51.895,51.895,100,0
CEMB.US,5,20210929,210500,51.895,51.895,51.895,51.895,200,0
CEMB.US,5,20210929,211000,51.895,51.895,51.895,51.895,100,0
CEMB.US,5,20210929,212000,51.8905,51.8905,51.8905,51.8905,300,0
CEMB.US,5,20210929,212500,51.895,51.895,51.895,51.895,100,0
CEMB.US,5,20210929,213500,51.8901,51.8901,51.8901,51.8901,1403,0
CEMB.US,5,20210929,214000,51.895,51.895,51.895,51.895,200,0
CEMB.US,5,20210929,214500,51.8959,51.8959,51.89,51.895,994,0
CEMB.US,5,20210929,215000,51.89,51.9,51.89,51.89,500,0
CEMB.US,5,20210929,215500,51.895,51.895,51.87,51.87,2290,0
CEMB.US,5,20210930,153000,51.96,51.96,51.96,51.96,971,0
CEMB.US,5,20210930,153500,51.97,51.97,51.97,51.97,100,0
CEMB.US,5,20210930,154500,51.96,51.96,51.96,51.96,100,0
CEMB.US,5,20210930,155000,51.97,51.97,51.97,51.97,179,0
CEMB.US,5,20210930,161000,51.96,51.96,51.96,51.96,100,0
CEMB.US,5,20210930,161500,51.95,51.95,51.95,51.95,350,0
CEMB.US,5,20210930,165000,51.955,51.96,51.955,51.96,281,0
CEMB.US,5,20210930,173000,51.955,51.9599,51.955,51.9599,1000,0
CEMB.US,5,20210930,173500,51.95,51.95,51.95,51.95,144,0
CEMB.US,5,20210930,174000,51.93,51.93,51.93,51.93,100,0
CEMB.US,5,20210930,182000,51.94,51.94,51.94,51.94,3251,0
CEMB.US,5,20210930,190500,51.94,51.94,51.93,51.93,500,0
CEMB.US,5,20210930,191500,51.93,51.93,51.93,51.93,259,0
CEMB.US,5,20210930,194000,51.94,51.94,51.94,51.94,600,0
CEMB.US,5,20210930,202000,51.935,51.935,51.935,51.935,419,0
CEMB.US,5,20210930,203000,51.93,51.93,51.93,51.93,2949,0
CEMB.US,5,20210930,203500,51.9367,51.9367,51.93,51.93,397,0
CEMB.US,5,20210930,204000,51.9377,51.9377,51.9377,51.9377,460,0
CEMB.US,5,20210930,205000,51.939,51.939,51.9205,51.9205,2038,0
CEMB.US,5,20210930,212000,51.9345,51.9345,51.9345,51.9345,183,0
CEMB.US,5,20210930,212500,51.94,51.94,51.94,51.94,130,0
CEMB.US,5,20210930,215000,51.92,51.9301,51.92,51.92,1307,0
CEMB.US,5,20210930,215500,51.92,51.92,51.88,51.88,3534,0
CEMB.US,5,20211001,153000,51.86,51.86,51.85,51.85,2542,0
CEMB.US,5,20211001,160500,51.8,51.8,51.8,51.8,200,0
CEMB.US,5,20211001,161500,51.8096,51.8096,51.8096,51.8096,260,0
CEMB.US,5,20211001,162000,51.8096,51.8096,51.805,51.805,3570,0
CEMB.US,5,20211001,171000,51.81,51.8178,51.81,51.8178,525,0
CEMB.US,5,20211001,172500,51.82,51.82,51.82,51.82,100,0
CEMB.US,5,20211001,175000,51.8201,51.8201,51.8201,51.8201,616,0
CEMB.US,5,20211001,181000,51.825,51.825,51.825,51.825,300,0
CEMB.US,5,20211001,183500,51.82,51.82,51.82,51.82,100,0
CEMB.US,5,20211001,184500,51.825,51.825,51.8224,51.8224,234,0
CEMB.US,5,20211001,191500,51.74,51.75,51.74,51.74,800,0
CEMB.US,5,20211001,194500,51.7479,51.7479,51.7479,51.7479,149,0
CEMB.US,5,20211001,200000,51.7337,51.7337,51.7337,51.7337,109,0
CEMB.US,5,20211001,200500,51.7301,51.7301,51.7301,51.7301,7670,0
CEMB.US,5,20211001,201000,51.7339,51.7339,51.7339,51.7339,101,0
CEMB.US,5,20211001,204500,51.765,51.765,51.765,51.765,334,0
CEMB.US,5,20211001,205000,51.78,51.78,51.78,51.78,1596,0
CEMB.US,5,20211001,211500,51.8,51.8,51.8,51.8,200,0
CEMB.US,5,20211001,212500,51.7901,51.7901,51.7901,51.7901,241,0
CEMB.US,5,20211001,213500,51.79,51.8,51.79,51.795,863,0
CEMB.US,5,20211001,214500,51.8035,51.8035,51.79,51.79,349,0
CEMB.US,5,20211001,215000,51.79,51.79,51.79,51.79,100,0
CEMB.US,5,20211004,153000,51.79,51.79,51.785,51.785,4933,0
CEMB.US,5,20211004,153500,51.78,51.78,51.78,51.78,100,0
CEMB.US,5,20211004,154000,51.78,51.78,51.78,51.78,333,0
CEMB.US,5,20211004,162500,51.772,51.772,51.772,51.772,385,0
CEMB.US,5,20211004,163500,51.7699,51.7699,51.7699,51.7699,100,0
CEMB.US,5,20211004,164000,51.79,51.79,51.79,51.79,100,0
CEMB.US,5,20211004,170500,51.77,51.78,51.77,51.78,260,0
CEMB.US,5,20211004,171000,51.765,51.765,51.765,51.765,326,0
CEMB.US,5,20211004,172000,51.7535,51.7535,51.7535,51.7535,195,0
CEMB.US,5,20211004,175000,51.7605,51.7605,51.7552,51.7552,1153,0
CEMB.US,5,20211004,183500,51.77,51.77,51.77,51.77,1300,0
CEMB.US,5,20211004,184000,51.7638,51.7638,51.7622,51.7622,504,0
CEMB.US,5,20211004,185000,51.77,51.77,51.77,51.77,100,0
CEMB.US,5,20211004,185500,51.7724,51.7724,51.7724,51.7724,261,0
CEMB.US,5,20211004,191000,51.765,51.765,51.76,51.76,272,0
CEMB.US,5,20211004,191500,51.7666,51.7666,51.7666,51.7666,183,0
CEMB.US,5,20211004,192500,51.765,51.765,51.765,51.765,100,0
CEMB.US,5,20211004,193000,51.7664,51.7664,51.7664,51.7664,105,0
CEMB.US,5,20211004,202000,51.755,51.755,51.755,51.755,100,0
CEMB.US,5,20211004,203500,51.7501,51.7501,51.7501,51.7501,219,0
CEMB.US,5,20211004,205000,51.7501,51.7501,51.7501,51.7501,231,0
CEMB.US,5,20211004,211000,51.75,51.7517,51.7037,51.7187,1942,0
CEMB.US,5,20211004,211500,51.71,51.71,51.71,51.71,2564,0
CEMB.US,5,20211004,212000,51.69,51.69,51.689,51.689,2400,0
CEMB.US,5,20211004,213000,51.6893,51.6893,51.6893,51.6893,498,0
CEMB.US,5,20211004,213500,51.681,51.681,51.68,51.68,2000,0
CEMB.US,5,20211004,214000,51.6833,51.6888,51.6833,51.6888,1569,0
CEMB.US,5,20211004,214500,51.68,51.68,51.68,51.68,500,0
CEMB.US,5,20211004,215000,51.67,51.68,51.67,51.68,791,0
CEMB.US,5,20211004,215500,51.64,51.66,51.64,51.66,14656,0
CEMB.US,5,20211005,153000,51.67,51.67,51.67,51.67,1072,0
CEMB.US,5,20211005,153500,51.65,51.65,51.65,51.65,100,0
CEMB.US,5,20211005,154000,51.66,51.66,51.66,51.66,180,0
CEMB.US,5,20211005,155500,51.6572,51.6572,51.64,51.64,272,0
CEMB.US,5,20211005,160000,51.62,51.62,51.62,51.62,115,0
CEMB.US,5,20211005,161500,51.625,51.625,51.625,51.625,196,0
CEMB.US,5,20211005,162500,51.63,51.64,51.63,51.64,600,0
CEMB.US,5,20211005,163500,51.635,51.635,51.635,51.635,100,0
CEMB.US,5,20211005,164000,51.6305,51.6305,51.6305,51.6305,210,0
CEMB.US,5,20211005,164500,51.635,51.635,51.635,51.635,575,0
CEMB.US,5,20211005,165000,51.625,51.625,51.625,51.625,274,0
CEMB.US,5,20211005,172000,51.62,51.62,51.62,51.62,100,0
CEMB.US,5,20211005,173500,51.63,51.63,51.63,51.63,100,0
CEMB.US,5,20211005,174000,51.625,51.625,51.625,51.625,100,0
CEMB.US,5,20211005,174500,51.63,51.63,51.63,51.63,124,0
CEMB.US,5,20211005,175000,51.63,51.63,51.625,51.625,485,0
CEMB.US,5,20211005,180500,51.6275,51.63,51.6275,51.63,559,0
CEMB.US,5,20211005,181000,51.625,51.625,51.625,51.625,100,0
CEMB.US,5,20211005,183000,51.63,51.63,51.63,51.63,100,0
CEMB.US,5,20211005,185000,51.6212,51.6212,51.6212,51.6212,955,0
CEMB.US,5,20211005,185500,51.63,51.71,51.625,51.655,6909,0
CEMB.US,5,20211005,191500,51.65,51.65,51.65,51.65,105,0
CEMB.US,5,20211005,192000,51.655,51.655,51.655,51.655,100,0
CEMB.US,5,20211005,194500,51.655,51.6581,51.655,51.6581,385,0
CEMB.US,5,20211005,195000,51.675,51.675,51.675,51.675,100,0
CEMB.US,5,20211005,195500,51.6704,51.6704,51.6704,51.6704,480,0
CEMB.US,5,20211005,200000,51.6792,51.6792,51.675,51.675,1270,0
CEMB.US,5,20211005,201000,51.678,51.72,51.67,51.6797,39566,0
CEMB.US,5,20211005,202000,51.675,51.68,51.675,51.68,741,0
CEMB.US,5,20211005,203000,51.675,51.675,51.6709,51.6711,835,0
CEMB.US,5,20211005,203500,51.675,51.675,51.65,51.66,6324,0
CEMB.US,5,20211005,204500,51.66,51.66,51.655,51.6597,4942,0
CEMB.US,5,20211005,205000,51.6507,51.66,51.6507,51.66,1861,0
CEMB.US,5,20211005,211500,51.655,51.66,51.655,51.66,288,0
CEMB.US,5,20211005,212000,51.655,51.655,51.655,51.655,2957,0
CEMB.US,5,20211005,212500,51.65,51.65,51.64,51.64,500,0
CEMB.US,5,20211005,213500,51.6499,51.6499,51.6499,51.6499,117,0
CEMB.US,5,20211005,214500,51.65,51.65,51.65,51.65,124,0
CEMB.US,5,20211005,215000,51.65,51.65,51.65,51.65,124,0
CEMB.US,5,20211005,215500,51.67,51.77,51.66,51.67,9844,0
CEMB.US,5,20211006,153000,51.59,51.59,51.55,51.55,9016,0
CEMB.US,5,20211006,154000,51.56,51.56,51.56,51.56,205,0
CEMB.US,5,20211006,155000,51.56,51.56,51.56,51.56,139,0
CEMB.US,5,20211006,155500,51.56,51.58,51.56,51.58,404,0
CEMB.US,5,20211006,161000,51.58,51.58,51.575,51.575,296,0
CEMB.US,5,20211006,161500,51.575,51.575,51.57,51.57,400,0
CEMB.US,5,20211006,164000,51.58,51.58,51.58,51.58,405,0
CEMB.US,5,20211006,164500,51.5896,51.5896,51.5896,51.5896,613,0
CEMB.US,5,20211006,165500,51.5991,51.5991,51.5835,51.5835,1024,0
CEMB.US,5,20211006,170000,51.59,51.59,51.59,51.59,100,0
CEMB.US,5,20211006,170500,51.5763,51.5763,51.5763,51.5763,514,0
CEMB.US,5,20211006,172000,51.56,51.56,51.56,51.56,277,0
CEMB.US,5,20211006,172500,51.57,51.57,51.57,51.57,200,0
CEMB.US,5,20211006,175000,51.59,51.59,51.59,51.59,100,0
CEMB.US,5,20211006,175500,51.585,51.585,51.585,51.585,544,0
CEMB.US,5,20211006,180000,51.58,51.58,51.58,51.58,800,0
CEMB.US,5,20211006,181000,51.585,51.585,51.585,51.585,900,0
CEMB.US,5,20211006,182000,51.57,51.57,51.551,51.551,276,0
CEMB.US,5,20211006,182500,51.56,51.56,51.56,51.56,200,0
CEMB.US,5,20211006,185000,51.5628,51.5628,51.5628,51.5628,470,0
CEMB.US,5,20211006,191000,51.58,51.58,51.58,51.58,100,0
CEMB.US,5,20211006,193500,51.58,51.58,51.58,51.58,100,0
CEMB.US,5,20211006,194500,51.58,51.58,51.58,51.58,100,0
CEMB.US,5,20211006,201500,51.58,51.58,51.58,51.58,105,0
CEMB.US,5,20211006,202000,51.57,51.57,51.57,51.57,125,0
CEMB.US,5,20211006,202500,51.59,51.59,51.59,51.59,100,0
CEMB.US,5,20211006,204000,51.59,51.59,51.59,51.59,100,0
CEMB.US,5,20211006,205000,51.59,51.59,51.59,51.59,556,0
CEMB.US,5,20211006,211500,51.59,51.59,51.59,51.59,100,0
CEMB.US,5,20211006,212500,51.58,51.58,51.58,51.58,128,0
CEMB.US,5,20211006,213000,51.58,51.58,51.58,51.58,450,0
CEMB.US,5,20211006,213500,51.5863,51.5863,51.58,51.58,236,0
CEMB.US,5,20211006,214000,51.57,51.57,51.57,51.57,100,0
CEMB.US,5,20211006,215500,51.58,51.58,51.58,51.58,200,0
CEMB.US,5,20211007,153000,51.6,51.6,51.6,51.6,1442,0
CEMB.US,5,20211007,153500,51.595,51.595,51.595,51.595,363,0
CEMB.US,5,20211007,154500,51.595,51.595,51.595,51.595,100,0
CEMB.US,5,20211007,155500,51.595,51.5996,51.595,51.5996,1964,0
CEMB.US,5,20211007,162000,51.61,51.61,51.6,51.6,1171,0
CEMB.US,5,20211007,162500,51.619,51.619,51.619,51.619,100,0
CEMB.US,5,20211007,170000,51.6298,51.6298,51.6298,51.6298,181,0
CEMB.US,5,20211007,171000,51.61,51.61,51.61,51.61,925,0
CEMB.US,5,20211007,173000,51.63,51.63,51.625,51.625,1300,0
CEMB.US,5,20211007,173500,51.62,51.62,51.62,51.62,258,0
CEMB.US,5,20211007,174000,51.62,51.62,51.62,51.62,100,0
CEMB.US,5,20211007,180000,51.62,51.62,51.6163,51.6163,200,0
CEMB.US,5,20211007,181500,51.6198,51.6198,51.61,51.61,1435,0
CEMB.US,5,20211007,183500,51.62,51.62,51.62,51.62,100,0
CEMB.US,5,20211007,185500,51.608,51.608,51.608,51.608,215,0
CEMB.US,5,20211007,190000,51.6,51.61,51.6,51.6,5133,0
CEMB.US,5,20211007,192500,51.61,51.61,51.61,51.61,187,0
CEMB.US,5,20211007,195000,51.6046,51.6046,51.6046,51.6046,2713,0
CEMB.US,5,20211007,201000,51.605,51.605,51.605,51.605,109,0
CEMB.US,5,20211007,202500,51.6004,51.61,51.6004,51.61,350,0
CEMB.US,5,20211007,203000,51.607,51.607,51.607,51.607,135,0
CEMB.US,5,20211007,205000,51.6017,51.6017,51.6017,51.6017,203,0
CEMB.US,5,20211007,210000,51.605,51.605,51.605,51.605,214,0
CEMB.US,5,20211007,211500,51.6,51.605,51.6,51.605,272,0
CEMB.US,5,20211007,213000,51.605,51.605,51.605,51.605,156,0
CEMB.US,5,20211007,213500,51.6004,51.6004,51.6004,51.6004,100,0
CEMB.US,5,20211007,214000,51.605,51.605,51.6006,51.6006,200,0
CEMB.US,5,20211007,214500,51.6033,51.605,51.56,51.56,14016,0
CEMB.US,5,20211007,215000,51.56,51.57,51.56,51.56,700,0
CEMB.US,5,20211007,215500,51.56,51.56,51.51,51.51,1856,0
CEMB.US,5,20211008,153000,51.55,51.55,51.55,51.55,3877,0
CEMB.US,5,20211008,155000,51.47,51.47,51.46,51.46,2400,0
CEMB.US,5,20211008,160000,51.4559,51.4559,51.455,51.455,865,0
CEMB.US,5,20211008,162500,51.4838,51.4838,51.4838,51.4838,200,0
CEMB.US,5,20211008,163000,51.5,51.5,51.48,51.48,2147,0
CEMB.US,5,20211008,165500,51.485,51.485,51.485,51.485,286,0
CEMB.US,5,20211008,171000,51.48,51.48,51.48,51.48,520,0
CEMB.US,5,20211008,172000,51.48,51.48,51.48,51.48,100,0
CEMB.US,5,20211008,175000,51.47,51.47,51.47,51.47,100,0
CEMB.US,5,20211008,175500,51.46,51.46,51.46,51.46,245,0
CEMB.US,5,20211008,184500,51.4609,51.4609,51.4609,51.4609,346,0
CEMB.US,5,20211008,193500,51.4501,51.4501,51.4501,51.4501,1128,0
CEMB.US,5,20211008,195000,51.47,51.47,51.47,51.47,100,0
CEMB.US,5,20211008,201500,51.47,51.47,51.4623,51.4623,511,0
CEMB.US,5,20211008,203500,51.46,51.46,51.46,51.46,145,0
CEMB.US,5,20211008,204500,51.46,51.46,51.46,51.46,3769,0
CEMB.US,5,20211008,205000,51.46,51.46,51.46,51.46,112,0
CEMB.US,5,20211008,205500,51.4526,51.4526,51.4526,51.4526,450,0
CEMB.US,5,20211008,211000,51.465,51.465,51.46,51.46,792,0
CEMB.US,5,20211008,212500,51.47,51.47,51.47,51.47,100,0
CEMB.US,5,20211008,213000,51.47,51.47,51.47,51.47,1014,0
CEMB.US,5,20211008,214500,51.47,51.47,51.47,51.47,900,0
CEMB.US,5,20211008,215000,51.4599,51.47,51.4599,51.47,1400,0
CEMB.US,5,20211008,215500,51.465,51.49,51.46,51.46,8243,0
CEMB.US,5,20211011,153000,51.38,51.38,51.35,51.35,3708,0
CEMB.US,5,20211011,153500,51.35,51.35,51.35,51.35,100,0
CEMB.US,5,20211011,154000,51.36,51.36,51.36,51.36,100,0
CEMB.US,5,20211011,154500,51.36,51.36,51.36,51.36,535,0
CEMB.US,5,20211011,155000,51.355,51.355,51.3506,51.3506,400,0
CEMB.US,5,20211011,160500,51.36,51.36,51.36,51.36,100,0
CEMB.US,5,20211011,162000,51.3518,51.3518,51.3518,51.3518,566,0
CEMB.US,5,20211011,162500,51.36,51.36,51.355,51.355,200,0
CEMB.US,5,20211011,163500,51.36,51.364,51.3545,51.364,2750,0
CEMB.US,5,20211011,164500,51.37,51.37,51.37,51.37,100,0
CEMB.US,5,20211011,165000,51.37,51.37,51.37,51.37,100,0
CEMB.US,5,20211011,170500,51.35,51.35,51.35,51.35,100,0
CEMB.US,5,20211011,172000,51.345,51.345,51.345,51.345,267,0
CEMB.US,5,20211011,172500,51.36,51.36,51.36,51.36,100,0
CEMB.US,5,20211011,175000,51.36,51.36,51.36,51.36,100,0
CEMB.US,5,20211011,180500,51.34,51.34,51.33,51.33,300,0
CEMB.US,5,20211011,181500,51.35,51.35,51.35,51.35,100,0
CEMB.US,5,20211011,182000,51.35,51.36,51.35,51.36,200,0
CEMB.US,5,20211011,184500,51.37,51.37,51.3534,51.3534,326,0
CEMB.US,5,20211011,185000,51.3623,51.3623,51.3623,51.3623,197,0
CEMB.US,5,20211011,185500,51.34,51.34,51.34,51.34,800,0
CEMB.US,5,20211011,191000,51.33,51.33,51.33,51.33,137,0
CEMB.US,5,20211011,192000,51.3313,51.335,51.3313,51.335,800,0
CEMB.US,5,20211011,193000,51.3307,51.3307,51.3307,51.3307,238,0
CEMB.US,5,20211011,194500,51.3375,51.34,51.335,51.335,1400,0
CEMB.US,5,20211011,200000,51.34,51.34,51.34,51.34,100,0
CEMB.US,5,20211011,201000,51.34,51.34,51.34,51.34,100,0
CEMB.US,5,20211011,202000,51.33,51.33,51.33,51.33,100,0
CEMB.US,5,20211011,203000,51.34,51.34,51.34,51.34,100,0
CEMB.US,5,20211011,204000,51.33,51.33,51.33,51.33,100,0
CEMB.US,5,20211011,205500,51.3278,51.33,51.316,51.316,1702,0
CEMB.US,5,20211011,210500,51.315,51.32,51.315,51.315,1999,0
CEMB.US,5,20211011,211000,51.315,51.315,51.315,51.315,200,0
CEMB.US,5,20211011,211500,51.319,51.32,51.315,51.32,5234,0
CEMB.US,5,20211011,212000,51.315,51.32,51.315,51.315,1109,0
CEMB.US,5,20211011,212500,51.315,51.315,51.315,51.315,200,0
CEMB.US,5,20211011,213000,51.315,51.315,51.315,51.315,300,0
CEMB.US,5,20211011,213500,51.315,51.32,51.315,51.315,500,0
CEMB.US,5,20211011,214000,51.32,51.32,51.315,51.315,800,0
CEMB.US,5,20211011,214500,51.315,51.315,51.315,51.315,200,0
CEMB.US,5,20211011,215000,51.315,51.32,51.315,51.315,500,0
CEMB.US,5,20211011,215500,51.315,51.32,51.26,51.28,2325,0
CEMB.US,5,20211012,153000,51.35,51.35,51.35,51.35,4324,0
CEMB.US,5,20211012,153500,51.34,51.34,51.34,51.34,100,0
CEMB.US,5,20211012,154500,51.335,51.335,51.335,51.335,100,0
CEMB.US,5,20211012,155000,51.35,51.35,51.34,51.34,900,0
CEMB.US,5,20211012,160000,51.36,51.36,51.36,51.36,100,0
CEMB.US,5,20211012,160500,51.3687,51.3687,51.365,51.365,1487,0
CEMB.US,5,20211012,164000,51.3676,51.3676,51.3676,51.3676,1207,0
CEMB.US,5,20211012,164500,51.36,51.36,51.36,51.36,100,0
CEMB.US,5,20211012,170000,51.3683,51.3683,51.3683,51.3683,1015,0
CEMB.US,5,20211012,170500,51.365,51.37,51.365,51.37,4883,0
CEMB.US,5,20211012,171000,51.37,51.37,51.37,51.37,300,0
CEMB.US,5,20211012,172500,51.3665,51.3665,51.3665,51.3665,234,0
CEMB.US,5,20211012,173000,51.368,51.368,51.368,51.368,246,0
CEMB.US,5,20211012,174000,51.36,51.36,51.36,51.36,100,0
CEMB.US,5,20211012,181000,51.36,51.36,51.33,51.33,1400,0
CEMB.US,5,20211012,183500,51.33,51.33,51.33,51.33,100,0
CEMB.US,5,20211012,184000,51.34,51.3498,51.3398,51.3498,1900,0
CEMB.US,5,20211012,185500,51.339,51.34,51.335,51.335,843,0
CEMB.US,5,20211012,192000,51.34,51.34,51.33,51.33,700,0
CEMB.US,5,20211012,193500,51.34,51.35,51.34,51.345,1084,0
CEMB.US,5,20211012,200500,51.34,51.34,51.34,51.34,100,0
CEMB.US,5,20211012,203500,51.34,51.34,51.34,51.34,100,0
CEMB.US,5,20211012,205000,51.3412,51.3412,51.3412,51.3412,474,0
CEMB.US,5,20211012,205500,51.36,51.38,51.36,51.365,3000,0
CEMB.US,5,20211012,212500,51.3497,51.3497,51.3497,51.3497,215,0
CEMB.US,5,20211012,213500,51.345,51.345,51.345,51.345,100,0
CEMB.US,5,20211012,214000,51.345,51.345,51.345,51.345,500,0
CEMB.US,5,20211012,214500,51.35,51.35,51.3497,51.3497,200,0
CEMB.US,5,20211012,215500,51.38,51.38,51.37,51.37,4327,0
CEMB.US,5,20211013,153000,51.41,51.45,51.41,51.43,2417,0
CEMB.US,5,20211013,153500,51.455,51.475,51.455,51.475,200,0
CEMB.US,5,20211013,154500,51.475,51.475,51.47,51.47,392,0
CEMB.US,5,20211013,155000,51.475,51.475,51.45,51.45,800,0
CEMB.US,5,20211013,155500,51.45,51.45,51.45,51.45,300,0
CEMB.US,5,20211013,160000,51.465,51.465,51.465,51.465,100,0
CEMB.US,5,20211013,161000,51.48,51.48,51.48,51.48,100,0
CEMB.US,5,20211013,161500,51.475,51.475,51.475,51.475,200,0
CEMB.US,5,20211013,162000,51.475,51.475,51.475,51.475,447,0
CEMB.US,5,20211013,162500,51.475,51.475,51.475,51.475,182,0
CEMB.US,5,20211013,163000,51.475,51.475,51.475,51.475,100,0
CEMB.US,5,20211013,165000,51.49,51.49,51.49,51.49,100,0
CEMB.US,5,20211013,170000,51.48,51.48,51.48,51.48,200,0
CEMB.US,5,20211013,170500,51.46,51.46,51.46,51.46,389,0
CEMB.US,5,20211013,172000,51.47,51.47,51.47,51.47,1031,0
CEMB.US,5,20211013,173000,51.4418,51.4418,51.4418,51.4418,100,0
CEMB.US,5,20211013,175000,51.46,51.46,51.46,51.46,102,0
CEMB.US,5,20211013,175500,51.47,51.47,51.47,51.47,2287,0
CEMB.US,5,20211013,180000,51.44,51.46,51.44,51.46,521,0
CEMB.US,5,20211013,180500,51.46,51.46,51.46,51.46,2304,0
CEMB.US,5,20211013,182500,51.4551,51.4684,51.4551,51.4684,220,0
CEMB.US,5,20211013,192500,51.4686,51.4701,51.4686,51.4701,1449,0
CEMB.US,5,20211013,194500,51.4768,51.4768,51.4768,51.4768,291,0
CEMB.US,5,20211013,195000,51.46,51.46,51.46,51.46,155,0
CEMB.US,5,20211013,202000,51.48,51.48,51.48,51.48,248,0
CEMB.US,5,20211013,204500,51.4799,51.4799,51.4799,51.4799,479,0
CEMB.US,5,20211013,205000,51.48,51.49,51.48,51.48,1500,0
CEMB.US,5,20211013,205500,51.47,51.47,51.47,51.47,146,0
CEMB.US,5,20211013,211000,51.4601,51.47,51.4601,51.47,454,0
CEMB.US,5,20211013,214000,51.48,51.48,51.48,51.48,100,0
CEMB.US,5,20211013,214500,51.48,51.49,51.48,51.49,1089,0
CEMB.US,5,20211013,215000,51.49,51.4995,51.49,51.495,1200,0
CEMB.US,5,20211013,215500,51.51,51.53,51.51,51.53,5536,0
CEMB.US,5,20211014,153000,51.54,51.54,51.54,51.54,1684,0
CEMB.US,5,20211014,153500,51.52,51.52,51.51,51.51,573,0
CEMB.US,5,20211014,154000,51.515,51.515,51.515,51.515,100,0
CEMB.US,5,20211014,154500,51.515,51.515,51.515,51.515,291,0
CEMB.US,5,20211014,155000,51.52,51.5279,51.5193,51.5279,1600,0
CEMB.US,5,20211014,155500,51.5279,51.53,51.5279,51.53,13231,0
CEMB.US,5,20211014,160000,51.529,51.53,51.529,51.53,5300,0
CEMB.US,5,20211014,160500,51.55,51.55,51.55,51.55,100,0
CEMB.US,5,20211014,162000,51.5684,51.5684,51.5684,51.5684,200,0
CEMB.US,5,20211014,162500,51.56,51.56,51.5573,51.5573,2470,0
CEMB.US,5,20211014,163000,51.56,51.56,51.56,51.56,100,0
CEMB.US,5,20211014,170000,51.57,51.57,51.57,51.57,300,0
CEMB.US,5,20211014,174500,51.6,51.6,51.6,51.6,100,0
CEMB.US,5,20211014,180500,51.61,51.61,51.61,51.61,2915,0
CEMB.US,5,20211014,182000,51.605,51.605,51.605,51.605,200,0
CEMB.US,5,20211014,183000,51.605,51.605,51.605,51.605,160,0
CEMB.US,5,20211014,184000,51.605,51.605,51.605,51.605,110,0
CEMB.US,5,20211014,190000,51.605,51.605,51.605,51.605,1100,0
CEMB.US,5,20211014,191000,51.605,51.61,51.605,51.605,3100,0
CEMB.US,5,20211014,192000,51.6,51.6,51.6,51.6,1100,0
CEMB.US,5,20211014,192500,51.6,51.6,51.565,51.565,3000,0
CEMB.US,5,20211014,193000,51.57,51.57,51.57,51.57,100,0
CEMB.US,5,20211014,194500,51.5676,51.5676,51.5676,51.5676,300,0
CEMB.US,5,20211014,195500,51.5776,51.5776,51.5776,51.5776,133,0
CEMB.US,5,20211014,200000,51.5768,51.5768,51.57,51.57,716,0
CEMB.US,5,20211014,202000,51.57,51.57,51.57,51.57,299,0
CEMB.US,5,20211014,203000,51.5722,51.5722,51.5722,51.5722,137,0
CEMB.US,5,20211014,203500,51.5708,51.5708,51.5708,51.5708,347,0
CEMB.US,5,20211014,205500,51.58,51.58,51.5713,51.5713,453,0
CEMB.US,5,20211014,213000,51.5711,51.58,51.5711,51.58,1890,0
CEMB.US,5,20211014,214000,51.59,51.59,51.5829,51.5829,1500,0
CEMB.US,5,20211014,214500,51.59,51.59,51.59,51.59,300,0
CEMB.US,5,20211014,215000,51.58,51.58,51.56,51.58,1500,0
CEMB.US,5,20211014,215500,51.58,51.59,51.58,51.59,7995,0
CEMB.US,5,20211015,153000,51.54,51.54,51.54,51.54,185,0
CEMB.US,5,20211015,153500,51.52,51.52,51.51,51.51,200,0
CEMB.US,5,20211015,154000,51.5077,51.515,51.5077,51.515,250,0
CEMB.US,5,20211015,154500,51.53,51.53,51.53,51.53,200,0
CEMB.US,5,20211015,155000,51.52,51.52,51.52,51.52,100,0
CEMB.US,5,20211015,160000,51.53,51.53,51.53,51.53,100,0
CEMB.US,5,20211015,160500,51.54,51.54,51.535,51.535,200,0
CEMB.US,5,20211015,161000,51.55,51.55,51.55,51.55,559,0
CEMB.US,5,20211015,163000,51.555,51.555,51.555,51.555,113,0
CEMB.US,5,20211015,164000,51.5537,51.555,51.5537,51.555,1989,0
CEMB.US,5,20211015,164500,51.5512,51.56,51.5512,51.5591,5006,0
CEMB.US,5,20211015,165500,51.5599,51.5599,51.5599,51.5599,329,0
CEMB.US,5,20211015,170500,51.5508,51.555,51.55,51.5536,1290,0
CEMB.US,5,20211015,171000,51.5554,51.5554,51.5554,51.5554,200,0
CEMB.US,5,20211015,172000,51.5505,51.5505,51.5505,51.5505,200,0
CEMB.US,5,20211015,172500,51.56,51.56,51.555,51.56,1900,0
CEMB.US,5,20211015,175000,51.54,51.54,51.54,51.54,100,0
CEMB.US,5,20211015,183000,51.54,51.54,51.54,51.54,178,0
CEMB.US,5,20211015,184000,51.544,51.544,51.544,51.544,485,0
CEMB.US,5,20211015,184500,51.55,51.55,51.55,51.55,327,0
CEMB.US,5,20211015,190000,51.54,51.54,51.54,51.54,100,0
CEMB.US,5,20211015,191000,51.55,51.55,51.55,51.55,100,0
CEMB.US,5,20211015,200000,51.5371,51.5371,51.5371,51.5371,969,0
CEMB.US,5,20211015,202500,51.535,51.535,51.535,51.535,130,0
CEMB.US,5,20211015,211000,51.54,51.54,51.54,51.54,137,0
CEMB.US,5,20211015,212500,51.5219,51.5219,51.5219,51.5219,299,0
CEMB.US,5,20211015,213500,51.54,51.54,51.5368,51.5368,400,0
CEMB.US,5,20211015,214000,51.54,51.54,51.54,51.54,200,0
CEMB.US,5,20211015,214500,51.54,51.54,51.54,51.54,100,0
CEMB.US,5,20211015,215500,51.56,51.56,51.56,51.56,497,0
CEMB.US,5,20211018,153000,51.56,51.56,51.56,51.56,2693,0
CEMB.US,5,20211018,153500,51.54,51.54,51.54,51.54,300,0
CEMB.US,5,20211018,154000,51.5422,51.55,51.54,51.54,2011,0
CEMB.US,5,20211018,154500,51.5222,51.5222,51.5222,51.5222,658,0
CEMB.US,5,20211018,162000,51.547,51.547,51.547,51.547,611,0
CEMB.US,5,20211018,163000,51.545,51.55,51.545,51.5463,480,0
CEMB.US,5,20211018,164000,51.545,51.545,51.545,51.545,500,0
CEMB.US,5,20211018,164500,51.545,51.545,51.545,51.545,500,0
CEMB.US,5,20211018,165000,51.545,51.5489,51.545,51.545,1200,0
CEMB.US,5,20211018,165500,51.545,51.545,51.545,51.545,200,0
CEMB.US,5,20211018,170000,51.545,51.61,51.545,51.555,11035,0
CEMB.US,5,20211018,170500,51.55,51.555,51.55,51.555,700,0
CEMB.US,5,20211018,171000,51.555,51.555,51.555,51.555,200,0
CEMB.US,5,20211018,172000,51.55,51.56,51.55,51.555,1600,0
CEMB.US,5,20211018,172500,51.555,51.555,51.555,51.555,400,0
CEMB.US,5,20211018,173000,51.555,51.555,51.555,51.555,300,0
CEMB.US,5,20211018,173500,51.555,51.56,51.555,51.555,800,0
CEMB.US,5,20211018,174000,51.555,51.555,51.555,51.555,400,0
CEMB.US,5,20211018,174500,51.555,51.555,51.555,51.555,400,0
CEMB.US,5,20211018,175000,51.555,51.555,51.555,51.555,300,0
CEMB.US,5,20211018,175500,51.555,51.555,51.555,51.555,800,0
CEMB.US,5,20211018,180000,51.555,51.555,51.5501,51.5501,332,0
CEMB.US,5,20211018,180500,51.555,51.555,51.555,51.555,300,0
CEMB.US,5,20211018,181000,51.555,51.555,51.555,51.555,700,0
CEMB.US,5,20211018,181500,51.555,51.5595,51.555,51.5595,781,0
CEMB.US,5,20211018,182000,51.555,51.555,51.555,51.555,500,0
CEMB.US,5,20211018,183500,51.55,51.5506,51.55,51.55,831,0
CEMB.US,5,20211018,184000,51.55,51.55,51.55,51.55,700,0
CEMB.US,5,20211018,185000,51.55,51.55,51.55,51.55,600,0
CEMB.US,5,20211018,185500,51.55,51.559,51.55,51.55,1236,0
CEMB.US,5,20211018,190000,51.55,51.5521,51.55,51.55,806,0
CEMB.US,5,20211018,190500,51.55,51.55,51.55,51.55,100,0
CEMB.US,5,20211018,191500,51.555,51.555,51.555,51.555,775,0
CEMB.US,5,20211018,192500,51.55,51.55,51.55,51.55,100,0
CEMB.US,5,20211018,193000,51.55,51.555,51.55,51.555,2300,0
CEMB.US,5,20211018,194000,51.555,51.555,51.555,51.555,400,0
CEMB.US,5,20211018,194500,51.555,51.555,51.555,51.555,200,0
CEMB.US,5,20211018,195000,51.555,51.555,51.555,51.555,400,0
CEMB.US,5,20211018,195500,51.555,51.555,51.555,51.555,300,0
CEMB.US,5,20211018,200000,51.555,51.58,51.555,51.575,8984,0
CEMB.US,5,20211018,202000,51.58,51.5899,51.58,51.5899,2543,0
CEMB.US,5,20211018,202500,51.58,51.58,51.58,51.58,290,0
CEMB.US,5,20211018,203000,51.58,51.5864,51.58,51.5864,377,0
CEMB.US,5,20211018,204000,51.575,51.575,51.575,51.575,700,0
CEMB.US,5,20211018,204500,51.575,51.575,51.575,51.575,200,0
CEMB.US,5,20211018,205000,51.57,51.57,51.57,51.57,313,0
CEMB.US,5,20211018,205500,51.57,51.57,51.57,51.57,300,0
CEMB.US,5,20211018,210000,51.575,51.575,51.57,51.57,500,0
CEMB.US,5,20211018,210500,51.57,51.575,51.57,51.575,1305,0
CEMB.US,5,20211018,211000,51.575,51.575,51.57,51.57,200,0
CEMB.US,5,20211018,211500,51.57,51.58,51.57,51.57,800,0
CEMB.US,5,20211018,212000,51.57,51.57,51.57,51.57,600,0
CEMB.US,5,20211018,212500,51.57,51.57,51.57,51.57,400,0
CEMB.US,5,20211018,213000,51.57,51.58,51.57,51.575,1600,0
CEMB.US,5,20211018,213500,51.57,51.58,51.57,51.58,1275,0
CEMB.US,5,20211018,214000,51.57,51.58,51.57,51.58,1500,0
CEMB.US,5,20211018,214500,51.57,51.58,51.57,51.58,1800,0
CEMB.US,5,20211018,215000,51.58,51.58,51.57,51.58,4100,0
CEMB.US,5,20211018,215500,51.575,51.58,51.5,51.58,15310,0
CEMB.US,5,20211019,153000,51.59,51.59,51.58,51.58,6941,0
CEMB.US,5,20211019,153500,51.57,51.57,51.57,51.57,400,0
CEMB.US,5,20211019,154000,51.565,51.565,51.565,51.565,100,0
CEMB.US,5,20211019,154500,51.57,51.57,51.57,51.57,300,0
CEMB.US,5,20211019,155000,51.57,51.58,51.57,51.58,3498,0
CEMB.US,5,20211019,155500,51.575,51.575,51.575,51.575,387,0
CEMB.US,5,20211019,160500,51.5898,51.5898,51.5898,51.5898,900,0
CEMB.US,5,20211019,161000,51.585,51.585,51.585,51.585,600,0
CEMB.US,5,20211019,163000,51.6087,51.6087,51.605,51.605,556,0
CEMB.US,5,20211019,163500,51.605,51.605,51.605,51.605,534,0
CEMB.US,5,20211019,164500,51.605,51.605,51.6,51.605,936,0
CEMB.US,5,20211019,165000,51.6003,51.6003,51.6003,51.6003,134,0
CEMB.US,5,20211019,165500,51.6,51.605,51.6,51.605,292,0
CEMB.US,5,20211019,175500,51.605,51.605,51.605,51.605,400,0
CEMB.US,5,20211019,180000,51.605,51.605,51.605,51.605,3000,0
CEMB.US,5,20211019,182500,51.605,51.605,51.605,51.605,100,0
CEMB.US,5,20211019,190000,51.6001,51.6001,51.6001,51.6001,152,0
CEMB.US,5,20211019,191000,51.605,51.605,51.58,51.58,4500,0
CEMB.US,5,20211019,191500,51.59,51.59,51.59,51.59,2982,0
CEMB.US,5,20211019,192500,51.59,51.59,51.59,51.59,200,0
CEMB.US,5,20211019,193000,51.601,51.601,51.59,51.59,1168,0
CEMB.US,5,20211019,193500,51.5961,51.5961,51.5961,51.5961,193,0
CEMB.US,5,20211019,202000,51.59,51.59,51.585,51.585,215,0
CEMB.US,5,20211019,203500,51.57,51.57,51.57,51.57,4700,0
CEMB.US,5,20211019,204000,51.57,51.57,51.57,51.57,700,0
CEMB.US,5,20211019,204500,51.5799,51.58,51.5799,51.58,3017,0
CEMB.US,5,20211019,205000,51.58,51.61,51.58,51.61,5192,0
CEMB.US,5,20211019,210000,51.605,51.605,51.6006,51.6006,200,0
CEMB.US,5,20211019,210500,51.58,51.58,51.5783,51.5783,5500,0
CEMB.US,5,20211019,211000,51.575,51.575,51.575,51.575,100,0
CEMB.US,5,20211019,211500,51.575,51.58,51.575,51.58,400,0
CEMB.US,5,20211019,212000,51.58,51.58,51.5711,51.5711,1583,0
CEMB.US,5,20211019,212500,51.58,51.58,51.5712,51.58,7393,0
CEMB.US,5,20211019,213000,51.5711,51.58,51.5711,51.575,1783,0
CEMB.US,5,20211019,213500,51.575,51.58,51.575,51.575,6100,0
CEMB.US,5,20211019,214000,51.575,51.575,51.575,51.575,6200,0
CEMB.US,5,20211019,214500,51.575,51.58,51.575,51.58,13354,0
CEMB.US,5,20211019,215000,51.5797,51.5797,51.57,51.575,4442,0
CEMB.US,5,20211019,215500,51.575,51.58,51.57,51.57,27501,0
CEMB.US,5,20211020,153000,51.59,51.59,51.56,51.565,4289,0
CEMB.US,5,20211020,153500,51.5605,51.57,51.5605,51.5605,400,0
CEMB.US,5,20211020,154000,51.575,51.575,51.575,51.575,1200,0
CEMB.US,5,20211020,154500,51.575,51.575,51.575,51.575,1900,0
CEMB.US,5,20211020,155500,51.575,51.575,51.575,51.575,1800,0
CEMB.US,5,20211020,160000,51.575,51.575,51.575,51.575,700,0
CEMB.US,5,20211020,160500,51.575,51.64,51.57,51.57,62012,0
CEMB.US,5,20211020,162500,51.58,51.58,51.58,51.58,116,0
CEMB.US,5,20211020,164000,51.58,51.58,51.58,51.58,700,0
CEMB.US,5,20211020,164500,51.58,51.58,51.58,51.58,300,0
CEMB.US,5,20211020,165000,51.59,51.59,51.5764,51.5764,294,0
CEMB.US,5,20211020,171000,51.575,51.575,51.575,51.575,733,0
CEMB.US,5,20211020,172000,51.575,51.575,51.575,51.575,116,0
CEMB.US,5,20211020,175000,51.58,51.58,51.58,51.58,100,0
CEMB.US,5,20211020,175500,51.58,51.58,51.58,51.58,873,0
CEMB.US,5,20211020,180500,51.5875,51.5875,51.5875,51.5875,736,0
CEMB.US,5,20211020,182500,51.58,51.58,51.58,51.58,235,0
CEMB.US,5,20211020,184500,51.58,51.58,51.58,51.58,100,0
CEMB.US,5,20211020,200000,51.59,51.59,51.57,51.57,4000,0
CEMB.US,5,20211020,201000,51.579,51.579,51.579,51.579,100,0
CEMB.US,5,20211020,201500,51.575,51.575,51.575,51.575,320,0
CEMB.US,5,20211020,202500,51.58,51.58,51.58,51.58,100,0
CEMB.US,5,20211020,205500,51.585,51.585,51.585,51.585,100,0
CEMB.US,5,20211020,210500,51.5721,51.5721,51.5721,51.5721,158,0
CEMB.US,5,20211020,211000,51.5824,51.5824,51.5824,51.5824,439,0
CEMB.US,5,20211020,212000,51.58,51.58,51.58,51.58,100,0
CEMB.US,5,20211020,212500,51.58,51.58,51.58,51.58,100,0
CEMB.US,5,20211020,213000,51.58,51.58,51.58,51.58,100,0
CEMB.US,5,20211020,213500,51.575,51.575,51.575,51.575,400,0
CEMB.US,5,20211020,214000,51.575,51.575,51.575,51.575,100,0
CEMB.US,5,20211020,214500,51.58,51.58,51.58,51.58,100,0
CEMB.US,5,20211020,215000,51.58,51.58,51.575,51.575,540,0
CEMB.US,5,20211020,215500,51.575,51.58,51.56,51.58,1094,0
CEMB.US,5,20211021,153000,51.54,51.56,51.52,51.52,5665,0
CEMB.US,5,20211021,153500,51.515,51.515,51.5,51.5,400,0
CEMB.US,5,20211021,154000,51.51,51.51,51.51,51.51,200,0
CEMB.US,5,20211021,154500,51.5005,51.51,51.5005,51.51,320,0
CEMB.US,5,20211021,155000,51.505,51.51,51.505,51.51,6426,0
CEMB.US,5,20211021,160000,51.5006,51.5006,51.5006,51.5006,102,0
CEMB.US,5,20211021,161000,51.5,51.505,51.5,51.505,491,0
CEMB.US,5,20211021,162000,51.5,51.5,51.5,51.5,400,0
CEMB.US,5,20211021,162500,51.49,51.49,51.49,51.49,100,0
CEMB.US,5,20211021,164000,51.48,51.48,51.48,51.48,697,0
CEMB.US,5,20211021,172000,51.4973,51.4973,51.4973,51.4973,514,0
CEMB.US,5,20211021,173000,51.4999,51.4999,51.4962,51.4962,252,0
CEMB.US,5,20211021,174000,51.489,51.4983,51.489,51.4983,397,0
CEMB.US,5,20211021,174500,51.499,51.499,51.499,51.499,100,0
CEMB.US,5,20211021,180500,51.5111,51.5111,51.5111,51.5111,150,0
CEMB.US,5,20211021,181000,51.51,51.51,51.51,51.51,348,0
CEMB.US,5,20211021,181500,51.5127,51.5127,51.5127,51.5127,109,0
CEMB.US,5,20211021,183500,51.505,51.505,51.5,51.5,200,0
CEMB.US,5,20211021,184000,51.4813,51.4813,51.4813,51.4813,834,0
CEMB.US,5,20211021,185000,51.49,51.49,51.49,51.49,100,0
CEMB.US,5,20211021,185500,51.49,51.49,51.485,51.485,454,0
CEMB.US,5,20211021,190500,51.4804,51.4804,51.4804,51.4804,400,0
CEMB.US,5,20211021,191000,51.4893,51.4893,51.485,51.485,1555,0
CEMB.US,5,20211021,191500,51.485,51.485,51.485,51.485,147,0
CEMB.US,5,20211021,192500,51.485,51.485,51.485,51.485,200,0
CEMB.US,5,20211021,194000,51.485,51.485,51.485,51.485,300,0
CEMB.US,5,20211021,195500,51.485,51.485,51.485,51.485,745,0
CEMB.US,5,20211021,200000,51.485,51.485,51.4597,51.4597,4940,0
CEMB.US,5,20211021,201500,51.452,51.454,51.45,51.4524,1000,0
CEMB.US,5,20211021,202500,51.46,51.46,51.46,51.46,100,0
CEMB.US,5,20211021,205000,51.45,51.45,51.45,51.45,3500,0
CEMB.US,5,20211021,210000,51.445,51.445,51.445,51.445,100,0
CEMB.US,5,20211021,210500,51.445,51.445,51.445,51.445,100,0
CEMB.US,5,20211021,211000,51.45,51.45,51.445,51.445,200,0
CEMB.US,5,20211021,211500,51.44,51.44,51.44,51.44,100,0
CEMB.US,5,20211021,212000,51.4464,51.45,51.44,51.45,2360,0
CEMB.US,5,20211021,212500,51.45,51.45,51.44,51.44,400,0
CEMB.US,5,20211021,213000,51.44,51.44,51.44,51.44,600,0
CEMB.US,5,20211021,213500,51.44,51.44,51.44,51.44,100,0
CEMB.US,5,20211021,214000,51.44,51.44,51.44,51.44,800,0
CEMB.US,5,20211021,214500,51.435,51.435,51.43,51.435,3345,0
CEMB.US,5,20211021,215000,51.44,51.44,51.435,51.435,1000,0
CEMB.US,5,20211021,215500,51.44,51.45,51.435,51.45,2882,0
CEMB.US,5,20211022,153000,51.43,51.43,51.42,51.42,2401,0
CEMB.US,5,20211022,153500,51.425,51.43,51.425,51.4295,1063,0
CEMB.US,5,20211022,155000,51.425,51.43,51.425,51.43,600,0
CEMB.US,5,20211022,155500,51.4292,51.44,51.4292,51.435,8805,0
CEMB.US,5,20211022,163000,51.435,51.435,51.435,51.435,100,0
CEMB.US,5,20211022,163500,51.44,51.44,51.44,51.44,137,0
CEMB.US,5,20211022,164000,51.435,51.44,51.435,51.44,1035,0
CEMB.US,5,20211022,165000,51.435,51.44,51.435,51.44,1697,0
CEMB.US,5,20211022,165500,51.439,51.44,51.435,51.44,1155,0
CEMB.US,5,20211022,170000,51.445,51.45,51.445,51.45,227,0
CEMB.US,5,20211022,171000,51.455,51.455,51.45,51.45,201,0
CEMB.US,5,20211022,172000,51.45,51.455,51.4,51.4,1100,0
CEMB.US,5,20211022,173000,51.42,51.42,51.41,51.41,718,0
CEMB.US,5,20211022,174500,51.4026,51.42,51.4026,51.42,490,0
CEMB.US,5,20211022,181500,51.42,51.42,51.42,51.42,100,0
CEMB.US,5,20211022,182000,51.4121,51.42,51.4121,51.42,1067,0
CEMB.US,5,20211022,183500,51.4373,51.4373,51.4373,51.4373,166,0
CEMB.US,5,20211022,184500,51.435,51.435,51.435,51.435,150,0
CEMB.US,5,20211022,185500,51.45,51.45,51.44,51.44,252,0
CEMB.US,5,20211022,190000,51.45,51.45,51.45,51.45,220,0
CEMB.US,5,20211022,191500,51.425,51.425,51.425,51.425,104,0
CEMB.US,5,20211022,192000,51.42,51.42,51.42,51.42,100,0
CEMB.US,5,20211022,192500,51.415,51.42,51.415,51.42,394,0
CEMB.US,5,20211022,193000,51.42,51.42,51.42,51.42,7707,0
CEMB.US,5,20211022,194000,51.42,51.42,51.42,51.42,100,0
CEMB.US,5,20211022,200000,51.45,51.45,51.45,51.45,138,0
CEMB.US,5,20211022,202000,51.44,51.44,51.4307,51.44,2416,0
CEMB.US,5,20211022,203000,51.44,51.44,51.44,51.44,1500,0
CEMB.US,5,20211022,203500,51.44,51.44,51.435,51.435,225,0
CEMB.US,5,20211022,204000,51.44,51.44,51.44,51.44,330,0
CEMB.US,5,20211022,205000,51.4398,51.4398,51.4398,51.4398,805,0
CEMB.US,5,20211022,210000,51.445,51.445,51.445,51.445,200,0
CEMB.US,5,20211022,213000,51.4467,51.4467,51.4467,51.4467,376,0
CEMB.US,5,20211022,214000,51.44,51.445,51.44,51.44,4500,0
CEMB.US,5,20211022,214500,51.445,51.45,51.44,51.45,2745,0
CEMB.US,5,20211022,215000,51.46,51.48,51.46,51.48,13273,0
CEMB.US,5,20211022,215500,51.48,51.48,51.41,51.41,81881,0
CEMB.US,5,20211025,153000,51.48,51.5,51.465,51.48,21398,0
CEMB.US,5,20211025,153500,51.49,51.49,51.49,51.49,1000,0
CEMB.US,5,20211025,154000,51.5,51.5,51.5,51.5,300,0
CEMB.US,5,20211025,154500,51.5,51.5,51.5,51.5,400,0
CEMB.US,5,20211025,155000,51.5,51.5,51.5,51.5,100,0
CEMB.US,5,20211025,155500,51.51,51.51,51.495,51.495,588,0
CEMB.US,5,20211025,160500,51.5,51.5,51.5,51.5,330,0
CEMB.US,5,20211025,161000,51.5,51.5,51.5,51.5,500,0
CEMB.US,5,20211025,161500,51.5,51.5,51.5,51.5,200,0
CEMB.US,5,20211025,162000,51.5,51.5,51.5,51.5,300,0
CEMB.US,5,20211025,162500,51.495,51.5,51.495,51.5,650,0
CEMB.US,5,20211025,163000,51.5,51.5,51.5,51.5,200,0
CEMB.US,5,20211025,163500,51.498,51.498,51.498,51.498,100,0
CEMB.US,5,20211025,164000,51.5,51.5,51.5,51.5,100,0
CEMB.US,5,20211025,164500,51.51,51.51,51.505,51.505,200,0
CEMB.US,5,20211025,165000,51.505,51.505,51.505,51.505,100,0
CEMB.US,5,20211025,165500,51.51,51.51,51.51,51.51,100,0
CEMB.US,5,20211025,170000,51.51,51.51,51.51,51.51,100,0
CEMB.US,5,20211025,170500,51.51,51.51,51.51,51.51,300,0
CEMB.US,5,20211025,171000,51.51,51.51,51.51,51.51,552,0
CEMB.US,5,20211025,171500,51.51,51.51,51.505,51.505,247,0
CEMB.US,5,20211025,173000,51.505,51.505,51.505,51.505,200,0
CEMB.US,5,20211025,173500,51.51,51.51,51.51,51.51,2066,0
CEMB.US,5,20211025,175500,51.505,51.505,51.505,51.505,100,0
CEMB.US,5,20211025,180000,51.505,51.505,51.505,51.505,180,0
CEMB.US,5,20211025,180500,51.506,51.506,51.506,51.506,144,0
CEMB.US,5,20211025,181500,51.5076,51.5076,51.5076,51.5076,134,0
CEMB.US,5,20211025,182000,51.5,51.5,51.5,51.5,100,0
CEMB.US,5,20211025,182500,51.5,51.5,51.5,51.5,100,0
CEMB.US,5,20211025,183000,51.51,51.51,51.5086,51.5086,353,0
CEMB.US,5,20211025,184000,51.505,51.505,51.505,51.505,243,0
CEMB.US,5,20211025,185000,51.5,51.5,51.5,51.5,100,0
CEMB.US,5,20211025,185500,51.51,51.51,51.48,51.48,306,0
CEMB.US,5,20211025,192000,51.47,51.47,51.47,51.47,100,0
CEMB.US,5,20211025,192500,51.47,51.47,51.47,51.47,100,0
CEMB.US,5,20211025,193000,51.4722,51.4722,51.4722,51.4722,136,0
CEMB.US,5,20211025,193500,51.48,51.48,51.48,51.48,100,0
CEMB.US,5,20211025,195000,51.471,51.4794,51.471,51.4794,296,0
CEMB.US,5,20211025,195500,51.47,51.47,51.47,51.47,100,0
CEMB.US,5,20211025,200500,51.48,51.48,51.48,51.48,200,0
CEMB.US,5,20211025,202000,51.48,51.48,51.48,51.48,198,0
CEMB.US,5,20211025,202500,51.48,51.48,51.48,51.48,100,0
CEMB.US,5,20211025,203500,51.5,51.5,51.5,51.5,195,0
CEMB.US,5,20211025,204000,51.49,51.49,51.49,51.49,100,0
CEMB.US,5,20211025,205500,51.5,51.5,51.4965,51.4965,290,0
CEMB.US,5,20211025,210500,51.5,51.5,51.5,51.5,983,0
CEMB.US,5,20211025,211000,51.4881,51.4881,51.4881,51.4881,534,0
CEMB.US,5,20211025,211500,51.48,51.485,51.48,51.485,800,0
CEMB.US,5,20211025,212000,51.485,51.485,51.485,51.485,500,0
CEMB.US,5,20211025,212500,51.49,51.49,51.49,51.49,250,0
CEMB.US,5,20211025,213500,51.48,51.48,51.48,51.48,100,0
CEMB.US,5,20211025,214000,51.485,51.485,51.485,51.485,100,0
CEMB.US,5,20211025,214500,51.485,51.489,51.485,51.485,3792,0
CEMB.US,5,20211025,215000,51.49,51.499,51.48,51.48,1134,0
CEMB.US,5,20211025,215500,51.4866,51.5,51.44,51.44,9661,0
CEMB.US,5,20211026,153000,51.51,51.51,51.51,51.51,5963,0
CEMB.US,5,20211026,154000,51.51,51.51,51.51,51.51,100,0
CEMB.US,5,20211026,154500,51.51,51.51,51.5,51.5,200,0
CEMB.US,5,20211026,155000,51.51,51.51,51.51,51.51,3212,0
CEMB.US,5,20211026,155500,51.51,51.51,51.51,51.51,100,0
CEMB.US,5,20211026,160000,51.51,51.51,51.51,51.51,100,0
CEMB.US,5,20211026,160500,51.51,51.51,51.51,51.51,200,0
CEMB.US,5,20211026,161500,51.51,51.51,51.51,51.51,100,0
CEMB.US,5,20211026,162000,51.505,51.505,51.505,51.505,100,0
CEMB.US,5,20211026,163000,51.505,51.505,51.485,51.485,1900,0
CEMB.US,5,20211026,163500,51.485,51.49,51.485,51.4897,1260,0
CEMB.US,5,20211026,165500,51.49,51.49,51.49,51.49,500,0
CEMB.US,5,20211026,170000,51.49,51.49,51.4859,51.4859,211,0
CEMB.US,5,20211026,172500,51.485,51.49,51.485,51.49,294,0
CEMB.US,5,20211026,174000,51.4989,51.4989,51.4989,51.4989,119,0
CEMB.US,5,20211026,174500,51.49,51.49,51.49,51.49,100,0
CEMB.US,5,20211026,175000,51.485,51.485,51.485,51.485,100,0
CEMB.US,5,20211026,181500,51.4899,51.49,51.4866,51.4866,1086,0
CEMB.US,5,20211026,182500,51.51,51.51,51.4999,51.4999,300,0
CEMB.US,5,20211026,183500,51.49,51.49,51.49,51.49,485,0
CEMB.US,5,20211026,184500,51.51,51.51,51.51,51.51,100,0
CEMB.US,5,20211026,185500,51.51,51.51,51.51,51.51,145,0
CEMB.US,5,20211026,190000,51.5,51.5,51.5,51.5,806,0
CEMB.US,5,20211026,190500,51.51,51.51,51.51,51.51,100,0
CEMB.US,5,20211026,192000,51.5079,51.5079,51.5079,51.5079,196,0
CEMB.US,5,20211026,193000,51.51,51.51,51.51,51.51,100,0
CEMB.US,5,20211026,195500,51.51,51.51,51.51,51.51,100,0
CEMB.US,5,20211026,200500,51.505,51.51,51.505,51.51,488,0
CEMB.US,5,20211026,201000,51.505,51.5162,51.5,51.5162,582,0
CEMB.US,5,20211026,202000,51.5178,51.5178,51.5178,51.5178,117,0
CEMB.US,5,20211026,203000,51.53,51.53,51.53,51.53,3700,0
CEMB.US,5,20211026,203500,51.525,51.525,51.525,51.525,292,0
CEMB.US,5,20211026,205500,51.53,51.53,51.53,51.53,260,0
CEMB.US,5,20211026,211000,51.53,51.53,51.53,51.53,100,0
CEMB.US,5,20211026,212500,51.525,51.525,51.5201,51.5201,500,0
CEMB.US,5,20211026,213000,51.5202,51.5202,51.5202,51.5202,221,0
CEMB.US,5,20211026,213500,51.525,51.5299,51.525,51.5299,1536,0
CEMB.US,5,20211026,214000,51.53,51.53,51.53,51.53,100,0
CEMB.US,5,20211026,214500,51.535,51.535,51.53,51.535,800,0
CEMB.US,5,20211026,215000,51.54,51.54,51.53,51.53,1309,0
CEMB.US,5,20211026,215500,51.5212,51.56,51.51,51.56,4967,0
CEMB.US,5,20211027,153000,51.61,51.63,51.6,51.6,6045,0
CEMB.US,5,20211027,153500,51.62,51.62,51.62,51.62,100,0
CEMB.US,5,20211027,154000,51.62,51.64,51.62,51.64,500,0
CEMB.US,5,20211027,155000,51.66,51.66,51.66,51.66,1200,0
CEMB.US,5,20211027,160000,51.65,51.65,51.65,51.65,100,0
CEMB.US,5,20211027,160500,51.61,51.61,51.61,51.61,300,0
CEMB.US,5,20211027,161500,51.585,51.585,51.57,51.57,300,0
CEMB.US,5,20211027,162000,51.588,51.59,51.585,51.585,438,0
CEMB.US,5,20211027,162500,51.6,51.6,51.6,51.6,100,0
CEMB.US,5,20211027,163000,51.6,51.61,51.6,51.61,1358,0
CEMB.US,5,20211027,163500,51.595,51.595,51.595,51.595,100,0
CEMB.US,5,20211027,164000,51.61,51.61,51.61,51.61,200,0
CEMB.US,5,20211027,164500,51.6,51.62,51.6,51.62,483,0
CEMB.US,5,20211027,165500,51.615,51.615,51.615,51.615,1168,0
CEMB.US,5,20211027,170000,51.62,51.62,51.61,51.62,847,0
CEMB.US,5,20211027,172000,51.62,51.62,51.615,51.62,1837,0
CEMB.US,5,20211027,175000,51.64,51.64,51.64,51.64,100,0
CEMB.US,5,20211027,183500,51.68,51.68,51.68,51.68,867,0
CEMB.US,5,20211027,185000,51.69,51.7,51.69,51.69,1835,0
CEMB.US,5,20211027,185500,51.685,51.685,51.685,51.685,179,0
CEMB.US,5,20211027,191500,51.7,51.7,51.7,51.7,116,0
CEMB.US,5,20211027,193500,51.69,51.6902,51.69,51.6902,200,0
CEMB.US,5,20211027,194000,51.695,51.7,51.695,51.7,202,0
CEMB.US,5,20211027,195000,51.69,51.7,51.69,51.69,9943,0
CEMB.US,5,20211027,195500,51.69,51.69,51.69,51.69,2684,0
CEMB.US,5,20211027,201000,51.7,51.7,51.7,51.7,208,0
CEMB.US,5,20211027,202000,51.72,51.72,51.72,51.72,100,0
CEMB.US,5,20211027,202500,51.73,51.73,51.73,51.73,900,0
CEMB.US,5,20211027,203500,51.7368,51.7368,51.7368,51.7368,220,0
CEMB.US,5,20211027,212000,51.69,51.69,51.69,51.69,1161,0
CEMB.US,5,20211027,214000,51.6603,51.6603,51.6603,51.6603,373,0
CEMB.US,5,20211027,215000,51.68,51.68,51.68,51.68,100,0
CEMB.US,5,20211027,215500,51.675,51.675,51.66,51.66,1447,0
CEMB.US,5,20211028,153000,51.6,51.635,51.58,51.605,10763,0
CEMB.US,5,20211028,153500,51.605,51.605,51.605,51.605,300,0
CEMB.US,5,20211028,154000,51.605,51.605,51.605,51.605,500,0
CEMB.US,5,20211028,154500,51.605,51.61,51.605,51.605,1700,0
CEMB.US,5,20211028,155000,51.6,51.6,51.6,51.6,1947,0
CEMB.US,5,20211028,155500,51.59,51.59,51.59,51.59,100,0
CEMB.US,5,20211028,161000,51.585,51.585,51.585,51.585,935,0
CEMB.US,5,20211028,162000,51.59,51.59,51.59,51.59,100,0
CEMB.US,5,20211028,163000,51.585,51.585,51.585,51.585,100,0
CEMB.US,5,20211028,163500,51.585,51.585,51.585,51.585,100,0
CEMB.US,5,20211028,164000,51.59,51.59,51.59,51.59,100,0
CEMB.US,5,20211028,164500,51.585,51.585,51.585,51.585,282,0
CEMB.US,5,20211028,165000,51.595,51.595,51.595,51.595,100,0
CEMB.US,5,20211028,165500,51.595,51.595,51.595,51.595,100,0
CEMB.US,5,20211028,170000,51.5999,51.5999,51.5999,51.5999,360,0
CEMB.US,5,20211028,170500,51.595,51.6,51.595,51.6,200,0
CEMB.US,5,20211028,175500,51.595,51.595,51.59,51.59,440,0
CEMB.US,5,20211028,180000,51.59,51.59,51.565,51.58,9754,0
CEMB.US,5,20211028,180500,51.575,51.575,51.57,51.57,2500,0
CEMB.US,5,20211028,181000,51.57,51.57,51.57,51.57,900,0
CEMB.US,5,20211028,184000,51.58,51.58,51.58,51.58,291,0
CEMB.US,5,20211028,185000,51.565,51.565,51.565,51.565,275,0
CEMB.US,5,20211028,190500,51.57,51.57,51.57,51.57,100,0
CEMB.US,5,20211028,192000,51.56,51.56,51.56,51.56,700,0
CEMB.US,5,20211028,193000,51.55,51.55,51.54,51.55,21020,0
CEMB.US,5,20211028,193500,51.5234,51.5234,51.5234,51.5234,200,0
CEMB.US,5,20211028,194500,51.5365,51.5365,51.5365,51.5365,182,0
CEMB.US,5,20211028,195000,51.535,51.535,51.53,51.53,395,0
CEMB.US,5,20211028,200000,51.54,51.54,51.54,51.54,342,0
CEMB.US,5,20211028,200500,51.54,51.54,51.54,51.54,2390,0
CEMB.US,5,20211028,201000,51.54,51.54,51.54,51.54,400,0
CEMB.US,5,20211028,202500,51.54,51.54,51.54,51.54,1700,0
CEMB.US,5,20211028,203500,51.55,51.55,51.55,51.55,100,0
CEMB.US,5,20211028,204000,51.54,51.54,51.54,51.54,400,0
CEMB.US,5,20211028,204500,51.54,51.5479,51.54,51.54,1595,0
CEMB.US,5,20211028,205500,51.54,51.54,51.54,51.54,400,0
CEMB.US,5,20211028,210000,51.55,51.55,51.55,51.55,100,0
CEMB.US,5,20211028,211000,51.54,51.54,51.54,51.54,500,0
CEMB.US,5,20211028,212000,51.54,51.55,51.54,51.54,2300,0
CEMB.US,5,20211028,212500,51.54,51.5419,51.54,51.5419,1231,0
CEMB.US,5,20211028,213000,51.5479,51.5479,51.5479,51.5479,205,0
CEMB.US,5,20211028,213500,51.545,51.545,51.545,51.545,200,0
CEMB.US,5,20211028,214000,51.54,51.54,51.53,51.53,400,0
CEMB.US,5,20211028,214500,51.54,51.54,51.54,51.54,100,0
CEMB.US,5,20211028,215000,51.54,51.54,51.54,51.54,100,0
CEMB.US,5,20211028,215500,51.531,51.54,51.53,51.535,3322,0
CEMB.US,5,20211029,153000,51.5,51.5,51.5,51.5,5042,0
CEMB.US,5,20211029,153500,51.5,51.5,51.5,51.5,600,0
CEMB.US,5,20211029,154500,51.5,51.5,51.5,51.5,100,0
CEMB.US,5,20211029,155000,51.4988,51.5,51.495,51.5,466,0
CEMB.US,5,20211029,155500,51.495,51.51,51.495,51.495,3391,0
CEMB.US,5,20211029,160500,51.5085,51.5085,51.5,51.505,5838,0
CEMB.US,5,20211029,161000,51.5,51.5,51.5,51.5,1400,0
CEMB.US,5,20211029,161500,51.51,51.51,51.5,51.5,21400,0
CEMB.US,5,20211029,162000,51.52,51.52,51.52,51.52,1097,0
CEMB.US,5,20211029,163500,51.55,51.55,51.55,51.55,143,0
CEMB.US,5,20211029,164000,51.56,51.56,51.56,51.56,2500,0
CEMB.US,5,20211029,164500,51.5595,51.5595,51.5595,51.5595,1617,0
CEMB.US,5,20211029,165000,51.56,51.56,51.56,51.56,2600,0
CEMB.US,5,20211029,172500,51.5327,51.5327,51.5327,51.5327,125,0
CEMB.US,5,20211029,173500,51.5497,51.5497,51.5497,51.5497,679,0
CEMB.US,5,20211029,180000,51.56,51.56,51.56,51.56,100,0
CEMB.US,5,20211029,180500,51.56,51.5602,51.56,51.5602,1654,0
CEMB.US,5,20211029,184500,51.55,51.55,51.55,51.55,1700,0
CEMB.US,5,20211029,190500,51.545,51.55,51.545,51.55,4695,0
CEMB.US,5,20211029,191500,51.55,51.55,51.55,51.55,100,0
CEMB.US,5,20211029,192500,51.545,51.545,51.545,51.545,129,0
CEMB.US,5,20211029,193000,51.55,51.55,51.55,51.55,100,0
CEMB.US,5,20211029,195500,51.54,51.54,51.54,51.54,255,0
CEMB.US,5,20211029,200500,51.5402,51.5402,51.5402,51.5402,160,0
CEMB.US,5,20211029,201000,51.545,51.545,51.54,51.54,1611,0
CEMB.US,5,20211029,201500,51.54,51.54,51.54,51.54,1200,0
CEMB.US,5,20211029,202500,51.5402,51.5402,51.5402,51.5402,300,0
CEMB.US,5,20211029,203000,51.54,51.54,51.54,51.54,300,0
CEMB.US,5,20211029,203500,51.55,51.55,51.54,51.54,3800,0
CEMB.US,5,20211029,204500,51.54,51.54,51.52,51.525,7277,0
CEMB.US,5,20211029,211000,51.52,51.55,51.52,51.55,3380,0
CEMB.US,5,20211029,211500,51.545,51.545,51.545,51.545,800,0
CEMB.US,5,20211029,212500,51.55,51.55,51.55,51.55,100,0
CEMB.US,5,20211029,213000,51.5599,51.56,51.5599,51.56,1195,0
CEMB.US,5,20211029,213500,51.568,51.58,51.5672,51.5797,3050,0
CEMB.US,5,20211029,214500,51.565,51.5698,51.565,51.5698,1000,0
CEMB.US,5,20211029,215000,51.565,51.565,51.565,51.565,1500,0
CEMB.US,5,20211029,215500,51.565,51.57,51.5635,51.57,15094,0
CEMB.US,5,20211101,143000,51.32,51.32,51.28,51.282,5565,0
CEMB.US,5,20211101,143500,51.28,51.28,51.25,51.26,15635,0
CEMB.US,5,20211101,144000,51.27,51.3,51.27,51.3,400,0
CEMB.US,5,20211101,144500,51.3,51.3,51.3,51.3,2363,0
CEMB.US,5,20211101,145000,51.29,51.2946,51.29,51.2946,356,0
CEMB.US,5,20211101,154000,51.285,51.3,51.285,51.3,900,0
CEMB.US,5,20211101,154500,51.3,51.309,51.3,51.3,1441,0
CEMB.US,5,20211101,155000,51.29,51.3,51.29,51.295,400,0
CEMB.US,5,20211101,155500,51.295,51.295,51.29,51.29,600,0
CEMB.US,5,20211101,160000,51.3,51.3,51.3,51.3,200,0
CEMB.US,5,20211101,160500,51.3,51.3,51.3,51.3,100,0
CEMB.US,5,20211101,161000,51.3,51.3,51.3,51.3,400,0
CEMB.US,5,20211101,161500,51.31,51.31,51.3,51.3,300,0
CEMB.US,5,20211101,162000,51.295,51.3,51.295,51.3,200,0
CEMB.US,5,20211101,162500,51.3,51.31,51.3,51.3,3200,0
CEMB.US,5,20211101,163000,51.3,51.3,51.3,51.3,400,0
CEMB.US,5,20211101,163500,51.3,51.305,51.3,51.3,500,0
CEMB.US,5,20211101,164000,51.3,51.3,51.3,51.3,200,0
CEMB.US,5,20211101,164500,51.31,51.31,51.3,51.3,300,0
CEMB.US,5,20211101,165000,51.3,51.305,51.3,51.305,400,0
CEMB.US,5,20211101,165500,51.31,51.31,51.31,51.31,200,0
CEMB.US,5,20211101,170500,51.305,51.305,51.3,51.3,600,0
CEMB.US,5,20211101,171000,51.3,51.3,51.3,51.3,500,0
CEMB.US,5,20211101,171500,51.3,51.31,51.3,51.31,200,0
CEMB.US,5,20211101,172500,51.3,51.3,51.3,51.3,300,0
CEMB.US,5,20211101,173000,51.305,51.305,51.305,51.305,300,0
CEMB.US,5,20211101,173500,51.307,51.307,51.29,51.29,648,0
CEMB.US,5,20211101,174000,51.3,51.3,51.29,51.29,300,0
CEMB.US,5,20211101,174500,51.3071,51.3071,51.3071,51.3071,355,0
CEMB.US,5,20211101,175000,51.29,51.3,51.29,51.3,300,0
CEMB.US,5,20211101,180000,51.3,51.305,51.3,51.305,300,0
CEMB.US,5,20211101,180500,51.305,51.305,51.305,51.305,200,0
CEMB.US,5,20211101,181000,51.3062,51.31,51.3001,51.31,1392,0
CEMB.US,5,20211101,181500,51.305,51.305,51.305,51.305,300,0
CEMB.US,5,20211101,182000,51.305,51.305,51.305,51.305,400,0
CEMB.US,5,20211101,183000,51.305,51.31,51.305,51.31,400,0
CEMB.US,5,20211101,183500,51.32,51.32,51.32,51.32,100,0
CEMB.US,5,20211101,184000,51.32,51.32,51.32,51.32,100,0
CEMB.US,5,20211101,184500,51.32,51.32,51.31,51.31,315,0
CEMB.US,5,20211101,185000,51.31,51.3267,51.31,51.31,855,0
CEMB.US,5,20211101,185500,51.32,51.32,51.32,51.32,200,0
CEMB.US,5,20211101,190500,51.34,51.34,51.34,51.34,100,0
CEMB.US,5,20211101,191500,51.33,51.33,51.33,51.33,600,0
CEMB.US,5,20211101,192000,51.33,51.33,51.33,51.33,385,0
CEMB.US,5,20211101,192500,51.34,51.34,51.34,51.34,100,0
CEMB.US,5,20211101,193500,51.335,51.335,51.33,51.33,800,0
CEMB.US,5,20211101,194500,51.3341,51.3341,51.3341,51.3341,1080,0
CEMB.US,5,20211101,195000,51.32,51.32,51.32,51.32,100,0
CEMB.US,5,20211101,200000,51.3,51.305,51.3,51.305,500,0
CEMB.US,5,20211101,200500,51.295,51.295,51.29,51.295,500,0
CEMB.US,5,20211101,201000,51.295,51.3,51.295,51.3,200,0
CEMB.US,5,20211101,201500,51.295,51.295,51.29,51.29,500,0
CEMB.US,5,20211101,202000,51.29,51.295,51.29,51.29,500,0
CEMB.US,5,20211101,202500,51.29,51.3073,51.29,51.3073,743,0
CEMB.US,5,20211101,203000,51.3,51.31,51.3,51.31,500,0
CEMB.US,5,20211101,203500,51.31,51.3127,51.3,51.3,1723,0
CEMB.US,5,20211101,204000,51.3,51.305,51.3,51.3,700,0
CEMB.US,5,20211101,204500,51.31,51.31,51.3,51.3,1200,0
CEMB.US,5,20211101,205000,51.31,51.31,51.3,51.3,5000,0
CEMB.US,5,20211101,205500,51.32,51.33,51.32,51.32,2145,0
CEMB.US,5,20211102,143000,51.34,51.34,51.34,51.34,12315,0
CEMB.US,5,20211102,143500,51.36,51.36,51.3222,51.3222,300,0
CEMB.US,5,20211102,144000,51.36,51.36,51.36,51.36,300,0
CEMB.US,5,20211102,145000,51.34,51.34,51.34,51.34,300,0
CEMB.US,5,20211102,150000,51.35,51.35,51.35,51.35,600,0
CEMB.US,5,20211102,150500,51.345,51.345,51.345,51.345,200,0
CEMB.US,5,20211102,151500,51.345,51.345,51.3401,51.3401,325,0
CEMB.US,5,20211102,152000,51.35,51.35,51.35,51.35,1131,0
CEMB.US,5,20211102,152500,51.35,51.35,51.35,51.35,200,0
CEMB.US,5,20211102,153000,51.345,51.345,51.345,51.345,350,0
CEMB.US,5,20211102,161500,51.3605,51.37,51.3605,51.37,271,0
CEMB.US,5,20211102,165000,51.39,51.39,51.39,51.39,100,0
CEMB.US,5,20211102,165500,51.395,51.395,51.395,51.395,1950,0
CEMB.US,5,20211102,173500,51.36,51.36,51.36,51.36,100,0
CEMB.US,5,20211102,180000,51.355,51.355,51.355,51.355,154,0
CEMB.US,5,20211102,181000,51.3584,51.3584,51.3584,51.3584,500,0
CEMB.US,5,20211102,181500,51.36,51.36,51.36,51.36,3700,0
CEMB.US,5,20211102,182000,51.3694,51.38,51.365,51.37,5972,0
CEMB.US,5,20211102,184000,51.367,51.37,51.367,51.37,754,0
CEMB.US,5,20211102,190000,51.38,51.38,51.38,51.38,471,0
CEMB.US,5,20211102,190500,51.36,51.37,51.36,51.37,967,0
CEMB.US,5,20211102,191000,51.3679,51.37,51.3678,51.37,580,0
CEMB.US,5,20211102,192000,51.3622,51.3622,51.3622,51.3622,144,0
CEMB.US,5,20211102,192500,51.36,51.36,51.36,51.36,114,0
CEMB.US,5,20211102,193000,51.36,51.3601,51.36,51.36,3699,0
CEMB.US,5,20211102,195500,51.35,51.35,51.35,51.35,100,0
CEMB.US,5,20211102,200500,51.369,51.369,51.369,51.369,225,0
CEMB.US,5,20211102,201500,51.3665,51.3665,51.3665,51.3665,160,0
CEMB.US,5,20211102,203000,51.36,51.3614,51.36,51.3614,675,0
CEMB.US,5,20211102,203500,51.3601,51.3601,51.3601,51.3601,218,0
CEMB.US,5,20211102,205000,51.37,51.38,51.37,51.38,800,0
CEMB.US,5,20211102,205500,51.38,51.38,51.36,51.36,300,0
CEMB.US,5,20211103,143000,51.39,51.39,51.37,51.37,2650,0
CEMB.US,5,20211103,143500,51.37,51.37,51.37,51.37,300,0
CEMB.US,5,20211103,144000,51.37,51.37,51.37,51.37,100,0
CEMB.US,5,20211103,144500,51.36,51.36,51.36,51.36,100,0
CEMB.US,5,20211103,145000,51.35,51.36,51.3433,51.36,2035,0
CEMB.US,5,20211103,150000,51.33,51.33,51.3288,51.3288,679,0
CEMB.US,5,20211103,150500,51.329,51.33,51.329,51.3299,4864,0
CEMB.US,5,20211103,151500,51.319,51.32,51.319,51.3199,1100,0
CEMB.US,5,20211103,152500,51.33,51.33,51.33,51.33,844,0
CEMB.US,5,20211103,155500,51.325,51.33,51.32,51.32,1050,0
CEMB.US,5,20211103,161000,51.3053,51.3053,51.3053,51.3053,1550,0
CEMB.US,5,20211103,164500,51.315,51.315,51.315,51.315,1813,0
CEMB.US,5,20211103,165500,51.315,51.315,51.315,51.315,500,0
CEMB.US,5,20211103,172000,51.34,51.34,51.34,51.34,194,0
CEMB.US,5,20211103,173500,51.35,51.35,51.35,51.35,100,0
CEMB.US,5,20211103,174500,51.3483,51.3483,51.3483,51.3483,401,0
CEMB.US,5,20211103,182000,51.345,51.345,51.345,51.345,156,0
CEMB.US,5,20211103,182500,51.35,51.35,51.35,51.35,100,0
CEMB.US,5,20211103,183000,51.35,51.35,51.35,51.35,174,0
CEMB.US,5,20211103,183500,51.34,51.34,51.33,51.33,4100,0
CEMB.US,5,20211103,184000,51.33,51.33,51.33,51.33,1100,0
CEMB.US,5,20211103,190000,51.3106,51.315,51.3106,51.3106,2000,0
CEMB.US,5,20211103,190500,51.3,51.3,51.3,51.3,1304,0
CEMB.US,5,20211103,191000,51.2701,51.2701,51.265,51.265,999,0
CEMB.US,5,20211103,191500,51.265,51.265,51.2603,51.2603,718,0
CEMB.US,5,20211103,192500,51.2803,51.285,51.2803,51.285,679,0
CEMB.US,5,20211103,193000,51.285,51.2856,51.28,51.28,1784,0
CEMB.US,5,20211103,193500,51.255,51.255,51.255,51.255,377,0
CEMB.US,5,20211103,194000,51.27,51.28,51.255,51.27,986,0
CEMB.US,5,20211103,194500,51.28,51.31,51.28,51.31,200,0
CEMB.US,5,20211103,195000,51.309,51.309,51.29,51.3,5974,0
CEMB.US,5,20211103,195500,51.29,51.29,51.29,51.29,5300,0
CEMB.US,5,20211103,200500,51.27,51.28,51.26,51.26,5155,0
CEMB.US,5,20211103,201000,51.26,51.26,51.26,51.26,100,0
CEMB.US,5,20211103,201500,51.265,51.265,51.26,51.26,300,0
CEMB.US,5,20211103,202000,51.26,51.265,51.26,51.26,800,0
CEMB.US,5,20211103,202500,51.28,51.28,51.26,51.26,1200,0
CEMB.US,5,20211103,203000,51.26,51.26,51.26,51.26,200,0
CEMB.US,5,20211103,203500,51.26,51.29,51.26,51.29,700,0
CEMB.US,5,20211103,204000,51.285,51.29,51.28,51.28,2400,0
CEMB.US,5,20211103,204500,51.285,51.285,51.28,51.28,1702,0
CEMB.US,5,20211103,205000,51.31,51.315,51.28,51.28,16680,0
CEMB.US,5,20211103,205500,51.285,51.285,51.28,51.285,6100,0
CEMB.US,5,20211104,143000,51.34,51.37,51.34,51.37,1834,0
CEMB.US,5,20211104,143500,51.39,51.39,51.39,51.39,100,0
CEMB.US,5,20211104,144500,51.4,51.4,51.4,51.4,245,0
CEMB.US,5,20211104,145000,51.415,51.42,51.415,51.42,251,0
CEMB.US,5,20211104,145500,51.425,51.435,51.425,51.435,200,0
CEMB.US,5,20211104,150000,51.435,51.435,51.415,51.415,200,0
CEMB.US,5,20211104,150500,51.425,51.425,51.425,51.425,100,0
CEMB.US,5,20211104,151000,51.44,51.44,51.44,51.44,200,0
CEMB.US,5,20211104,151500,51.445,51.445,51.445,51.445,100,0
CEMB.US,5,20211104,152500,51.4599,51.46,51.4595,51.46,8796,0
CEMB.US,5,20211104,153000,51.48,51.4874,51.48,51.4874,585,0
CEMB.US,5,20211104,153500,51.49,51.49,51.49,51.49,127,0
CEMB.US,5,20211104,154000,51.49,51.49,51.49,51.49,700,0
CEMB.US,5,20211104,154500,51.4852,51.4852,51.4852,51.4852,110,0
CEMB.US,5,20211104,155500,51.48,51.48,51.48,51.48,175,0
CEMB.US,5,20211104,161000,51.461,51.461,51.461,51.461,770,0
CEMB.US,5,20211104,163500,51.4615,51.4615,51.4615,51.4615,152,0
CEMB.US,5,20211104,164500,51.475,51.48,51.475,51.48,305,0
CEMB.US,5,20211104,170000,51.475,51.475,51.475,51.475,161,0
CEMB.US,5,20211104,173000,51.4578,51.4578,51.4578,51.4578,165,0
CEMB.US,5,20211104,175500,51.443,51.443,51.443,51.443,159,0
CEMB.US,5,20211104,181000,51.45,51.45,51.45,51.45,500,0
CEMB.US,5,20211104,182000,51.47,51.47,51.47,51.47,500,0
CEMB.US,5,20211104,182500,51.4607,51.4607,51.4607,51.4607,120,0
CEMB.US,5,20211104,183000,51.47,51.47,51.47,51.47,100,0
CEMB.US,5,20211104,184500,51.4462,51.4462,51.44,51.4438,738,0
CEMB.US,5,20211104,185000,51.4613,51.4613,51.4613,51.4613,356,0
CEMB.US,5,20211104,193500,51.46,51.46,51.46,51.46,100,0
CEMB.US,5,20211104,194000,51.46,51.46,51.45,51.45,828,0
CEMB.US,5,20211104,195000,51.45,51.45,51.45,51.45,146,0
CEMB.US,5,20211104,201500,51.469,51.469,51.469,51.469,200,0
CEMB.US,5,20211104,202500,51.46,51.46,51.46,51.46,100,0
CEMB.US,5,20211104,203000,51.465,51.465,51.465,51.465,997,0
CEMB.US,5,20211104,204000,51.465,51.465,51.465,51.465,169,0
CEMB.US,5,20211104,204500,51.465,51.465,51.465,51.465,289,0
CEMB.US,5,20211104,205000,51.4798,51.48,51.475,51.475,1200,0
CEMB.US,5,20211104,205500,51.48,51.48,51.475,51.475,260,0
CEMB.US,5,20211105,143000,51.52,51.52,51.49,51.49,3361,0
CEMB.US,5,20211105,143500,51.48,51.49,51.48,51.49,200,0
CEMB.US,5,20211105,144000,51.5,51.5,51.495,51.495,216,0
CEMB.US,5,20211105,144500,51.49,51.49,51.49,51.49,1132,0
CEMB.US,5,20211105,145000,51.475,51.475,51.465,51.465,2615,0
CEMB.US,5,20211105,153000,51.515,51.52,51.515,51.52,1400,0
CEMB.US,5,20211105,154000,51.52,51.52,51.52,51.52,118,0
CEMB.US,5,20211105,154500,51.53,51.53,51.53,51.53,700,0
CEMB.US,5,20211105,155500,51.54,51.54,51.54,51.54,100,0
CEMB.US,5,20211105,161000,51.535,51.54,51.535,51.54,291,0
CEMB.US,5,20211105,170000,51.5303,51.5303,51.5303,51.5303,200,0
CEMB.US,5,20211105,172000,51.55,51.55,51.55,51.55,100,0
CEMB.US,5,20211105,174500,51.5478,51.5478,51.5478,51.5478,140,0
CEMB.US,5,20211105,180500,51.54,51.544,51.54,51.544,325,0
CEMB.US,5,20211105,183000,51.545,51.55,51.545,51.55,1000,0
CEMB.US,5,20211105,183500,51.54,51.54,51.54,51.54,100,0
CEMB.US,5,20211105,185000,51.545,51.545,51.545,51.545,245,0
CEMB.US,5,20211105,191500,51.55,51.55,51.55,51.55,4850,0
CEMB.US,5,20211105,192000,51.5485,51.5485,51.5485,51.5485,200,0
CEMB.US,5,20211105,192500,51.55,51.55,51.55,51.55,1064,0
CEMB.US,5,20211105,194500,51.56,51.56,51.55,51.55,1900,0
CEMB.US,5,20211105,200000,51.5674,51.5674,51.5674,51.5674,277,0
CEMB.US,5,20211105,204000,51.571,51.59,51.57,51.59,2179,0
CEMB.US,5,20211105,204500,51.5661,51.57,51.5661,51.57,900,0
CEMB.US,5,20211105,205000,51.56,51.56,51.56,51.56,500,0
CEMB.US,5,20211105,205500,51.56,51.56,51.55,51.55,711,0
CEMB.US,5,20211108,153000,51.5,51.51,51.495,51.495,12384,0
CEMB.US,5,20211108,153500,51.5,51.5,51.49,51.5,4500,0
CEMB.US,5,20211108,154000,51.49,51.49,51.49,51.49,200,0
CEMB.US,5,20211108,154500,51.49,51.5,51.49,51.5,5250,0
CEMB.US,5,20211108,155500,51.5,51.51,51.5,51.51,200,0
CEMB.US,5,20211108,160000,51.5,51.5,51.5,51.5,724,0
CEMB.US,5,20211108,160500,51.51,51.51,51.51,51.51,200,0
CEMB.US,5,20211108,161500,51.5,51.5,51.5,51.5,497,0
CEMB.US,5,20211108,162500,51.4978,51.4978,51.4978,51.4978,125,0
CEMB.US,5,20211108,163000,51.5,51.5,51.499,51.499,1036,0
CEMB.US,5,20211108,163500,51.4913,51.495,51.4913,51.495,951,0
CEMB.US,5,20211108,164000,51.495,51.495,51.4868,51.4868,390,0
CEMB.US,5,20211108,165000,51.4816,51.4816,51.4816,51.4816,500,0
CEMB.US,5,20211108,172000,51.51,51.51,51.5,51.5,247,0
CEMB.US,5,20211108,174500,51.5065,51.5065,51.5065,51.5065,700,0
CEMB.US,5,20211108,175500,51.4899,51.4899,51.4899,51.4899,715,0
CEMB.US,5,20211108,180500,51.4964,51.4964,51.4964,51.4964,364,0
CEMB.US,5,20211108,182000,51.5164,51.5164,51.5164,51.5164,178,0
CEMB.US,5,20211108,184000,51.5034,51.5034,51.5034,51.5034,225,0
CEMB.US,5,20211108,185500,51.5077,51.5077,51.5077,51.5077,109,0
CEMB.US,5,20211108,191500,51.5033,51.5033,51.5033,51.5033,599,0
CEMB.US,5,20211108,193000,51.505,51.52,51.505,51.52,8203,0
CEMB.US,5,20211108,200000,51.4902,51.4902,51.4902,51.4902,231,0
CEMB.US,5,20211108,200500,51.495,51.495,51.495,51.495,100,0
CEMB.US,5,20211108,201000,51.495,51.495,51.495,51.495,361,0
CEMB.US,5,20211108,202000,51.4999,51.4999,51.495,51.495,777,0
CEMB.US,5,20211108,202500,51.4983,51.4983,51.4983,51.4983,350,0
CEMB.US,5,20211108,203500,51.495,51.495,51.495,51.495,100,0
CEMB.US,5,20211108,204000,51.495,51.495,51.495,51.495,218,0
CEMB.US,5,20211108,210500,51.495,51.495,51.495,51.495,100,0
CEMB.US,5,20211108,211000,51.46,51.49,51.45,51.46,145601,0
CEMB.US,5,20211108,211500,51.46,51.4767,51.46,51.47,6791,0
CEMB.US,5,20211108,212000,51.47,51.47,51.47,51.47,1300,0
CEMB.US,5,20211108,212500,51.46,51.46,51.46,51.46,7500,0
CEMB.US,5,20211108,213500,51.46,51.47,51.46,51.46,5974,0
CEMB.US,5,20211108,214000,51.45,51.45,51.45,51.45,4970,0
CEMB.US,5,20211108,214500,51.45,51.45,51.45,51.45,9100,0
CEMB.US,5,20211108,215000,51.4699,51.4699,51.44,51.44,9917,0
CEMB.US,5,20211108,215500,51.44,51.44,51.42,51.43,8248,0
CEMB.US,5,20211109,153000,51.48,51.48,51.46,51.46,6927,0
CEMB.US,5,20211109,153500,51.4543,51.4543,51.45,51.45,3873,0
CEMB.US,5,20211109,154000,51.455,51.455,51.455,51.455,200,0
CEMB.US,5,20211109,154500,51.46,51.46,51.4512,51.4512,688,0
CEMB.US,5,20211109,155000,51.46,51.47,51.45,51.46,12796,0
CEMB.US,5,20211109,155500,51.45,51.455,51.45,51.455,3720,0
CEMB.US,5,20211109,160500,51.44,51.44,51.42,51.42,1500,0
CEMB.US,5,20211109,161000,51.42,51.42,51.42,51.42,3200,0
CEMB.US,5,20211109,162000,51.42,51.42,51.42,51.42,2600,0
CEMB.US,5,20211109,163000,51.42,51.42,51.42,51.42,2010,0
CEMB.US,5,20211109,163500,51.42,51.42,51.42,51.42,1200,0
CEMB.US,5,20211109,165000,51.4398,51.4398,51.4398,51.4398,239,0
CEMB.US,5,20211109,171000,51.42,51.42,51.42,51.42,2900,0
CEMB.US,5,20211109,171500,51.42,51.42,51.42,51.42,1200,0
CEMB.US,5,20211109,172000,51.425,51.44,51.42,51.42,6980,0
CEMB.US,5,20211109,172500,51.425,51.425,51.425,51.425,594,0
CEMB.US,5,20211109,173000,51.42,51.42,51.42,51.42,500,0
CEMB.US,5,20211109,173500,51.42,51.42,51.42,51.42,3000,0
CEMB.US,5,20211109,174500,51.42,51.42,51.42,51.42,2500,0
CEMB.US,5,20211109,175000,51.42,51.42,51.42,51.42,575,0
CEMB.US,5,20211109,180500,51.42,51.45,51.42,51.4275,12800,0
CEMB.US,5,20211109,181000,51.44,51.44,51.44,51.44,1100,0
CEMB.US,5,20211109,181500,51.431,51.431,51.431,51.431,1000,0
CEMB.US,5,20211109,182000,51.44,51.44,51.44,51.44,1681,0
CEMB.US,5,20211109,182500,51.445,51.445,51.445,51.445,149,0
CEMB.US,5,20211109,184500,51.43,51.43,51.43,51.43,8100,0
CEMB.US,5,20211109,190000,51.405,51.405,51.405,51.405,120,0
CEMB.US,5,20211109,190500,51.39,51.39,51.39,51.39,1843,0
CEMB.US,5,20211109,191000,51.395,51.395,51.395,51.395,171,0
CEMB.US,5,20211109,191500,51.39,51.39,51.39,51.39,1600,0
CEMB.US,5,20211109,192000,51.3845,51.4038,51.3845,51.39,5266,0
CEMB.US,5,20211109,192500,51.39,51.39,51.38,51.38,3900,0
CEMB.US,5,20211109,193000,51.38,51.38,51.38,51.38,619,0
CEMB.US,5,20211109,195500,51.3923,51.3923,51.3923,51.3923,112,0
CEMB.US,5,20211109,201000,51.39,51.39,51.39,51.39,600,0
CEMB.US,5,20211109,204000,51.38,51.38,51.38,51.38,198,0
CEMB.US,5,20211109,204500,51.3764,51.3764,51.37,51.37,1252,0
CEMB.US,5,20211109,205000,51.37,51.37,51.36,51.37,1275,0
CEMB.US,5,20211109,205500,51.37,51.37,51.37,51.37,2700,0
CEMB.US,5,20211109,210000,51.37,51.37,51.37,51.37,300,0
CEMB.US,5,20211109,210500,51.36,51.37,51.36,51.36,4100,0
CEMB.US,5,20211109,211500,51.36,51.36,51.36,51.36,2100,0
CEMB.US,5,20211109,212000,51.36,51.36,51.3566,51.36,967,0
CEMB.US,5,20211109,212500,51.36,51.36,51.35,51.35,4300,0
CEMB.US,5,20211109,213000,51.35,51.35,51.35,51.35,3300,0
CEMB.US,5,20211109,213500,51.35,51.355,51.35,51.35,3700,0
CEMB.US,5,20211109,214000,51.35,51.35,51.34,51.34,4000,0
CEMB.US,5,20211109,214500,51.34,51.34,51.34,51.34,400,0
CEMB.US,5,20211109,215000,51.34,51.355,51.34,51.35,600,0
CEMB.US,5,20211109,215500,51.35,51.385,51.35,51.38,4206,0
CEMB.US,5,20211110,153000,51.29,51.29,51.275,51.275,16692,0
CEMB.US,5,20211110,153500,51.27,51.28,51.27,51.28,1902,0
CEMB.US,5,20211110,154000,51.27,51.27,51.27,51.27,5175,0
CEMB.US,5,20211110,154500,51.27,51.27,51.27,51.27,1652,0
CEMB.US,5,20211110,161500,51.262,51.262,51.262,51.262,126,0
CEMB.US,5,20211110,162500,51.269,51.269,51.269,51.269,570,0
CEMB.US,5,20211110,163000,51.255,51.255,51.255,51.255,117,0
CEMB.US,5,20211110,163500,51.255,51.2599,51.255,51.2599,800,0
CEMB.US,5,20211110,164000,51.255,51.255,51.255,51.255,100,0
CEMB.US,5,20211110,170000,51.26,51.26,51.26,51.26,2974,0
CEMB.US,5,20211110,171000,51.25,51.25,51.25,51.25,800,0
CEMB.US,5,20211110,173000,51.1834,51.1834,51.1834,51.1834,179,0
CEMB.US,5,20211110,181500,51.1633,51.165,51.1633,51.165,500,0
CEMB.US,5,20211110,183000,51.16,51.16,51.16,51.16,100,0
CEMB.US,5,20211110,190000,51.12,51.1201,51.12,51.12,6984,0
CEMB.US,5,20211110,190500,51.12,51.145,51.12,51.12,3106,0
CEMB.US,5,20211110,191000,51.12,51.12,51.08,51.08,5800,0
CEMB.US,5,20211110,192000,51.06,51.06,51.06,51.06,300,0
CEMB.US,5,20211110,195500,51.0822,51.0822,51.0822,51.0822,215,0
CEMB.US,5,20211110,201000,51.085,51.085,50.995,51.07,45403,0
CEMB.US,5,20211110,201500,51.06,51.06,51.06,51.06,500,0
CEMB.US,5,20211110,202000,51.05,51.05,51.05,51.05,200,0
CEMB.US,5,20211110,205000,51.0401,51.0401,51.0401,51.0401,283,0
CEMB.US,5,20211110,214000,51.05,51.05,51.045,51.045,492,0
CEMB.US,5,20211110,215500,50.99,50.99,50.98,50.99,919,0
CEMB.US,5,20211111,153000,51.2,51.24,51.19,51.24,6613,0
CEMB.US,5,20211111,153500,51.235,51.235,51.235,51.235,100,0
CEMB.US,5,20211111,154000,51.23,51.23,51.225,51.225,200,0
CEMB.US,5,20211111,154500,51.225,51.225,51.225,51.225,300,0
CEMB.US,5,20211111,155000,51.225,51.225,51.225,51.225,600,0
CEMB.US,5,20211111,160500,51.225,51.225,51.225,51.225,200,0
CEMB.US,5,20211111,161000,51.225,51.225,51.225,51.225,200,0
CEMB.US,5,20211111,161500,51.225,51.225,51.225,51.225,300,0
CEMB.US,5,20211111,162000,51.225,51.225,51.22,51.22,200,0
CEMB.US,5,20211111,162500,51.225,51.225,51.225,51.225,252,0
CEMB.US,5,20211111,163000,51.225,51.225,51.225,51.225,200,0
CEMB.US,5,20211111,163500,51.2278,51.2278,51.2278,51.2278,125,0
CEMB.US,5,20211111,170500,51.2202,51.2202,51.22,51.2202,400,0
CEMB.US,5,20211111,171000,51.195,51.195,51.195,51.195,636,0
CEMB.US,5,20211111,171500,51.195,51.195,51.195,51.195,156,0
CEMB.US,5,20211111,172000,51.195,51.195,51.195,51.195,200,0
CEMB.US,5,20211111,172500,51.195,51.195,51.195,51.195,200,0
CEMB.US,5,20211111,173000,51.21,51.21,51.21,51.21,800,0
CEMB.US,5,20211111,174500,51.23,51.23,51.23,51.23,100,0
CEMB.US,5,20211111,185500,51.215,51.215,51.215,51.215,150,0
CEMB.US,5,20211111,190000,51.215,51.215,51.215,51.215,768,0
CEMB.US,5,20211111,195000,51.1937,51.1937,51.19,51.19,734,0
CEMB.US,5,20211111,200000,51.1906,51.1906,51.1906,51.1906,1085,0
CEMB.US,5,20211111,201000,51.2,51.2,51.2,51.2,590,0
CEMB.US,5,20211111,204000,51.195,51.1984,51.195,51.1984,986,0
CEMB.US,5,20211111,204500,51.195,51.195,51.195,51.195,100,0
CEMB.US,5,20211111,211500,51.195,51.2,51.195,51.195,15163,0
CEMB.US,5,20211111,212500,51.195,51.195,51.19,51.19,1108,0
CEMB.US,5,20211111,213000,51.2,51.2,51.2,51.2,175,0
CEMB.US,5,20211111,213500,51.19,51.19,51.19,51.19,225,0
CEMB.US,5,20211111,215500,51.195,51.195,51.195,51.195,258,0
