<TICKER>,<PER>,<DATE>,<TIME>,<OPEN>,<HIGH>,<LOW>,<CLOSE>,<VOL>,<OPENINT>
DSTL.US,5,20210922,153000,41.42,41.42,41.42,41.42,197,0
DSTL.US,5,20210922,154000,41.46,41.46,41.46,41.46,300,0
DSTL.US,5,20210922,162000,41.5344,41.5344,41.5344,41.5344,100,0
DSTL.US,5,20210922,164000,41.59,41.59,41.59,41.59,242,0
DSTL.US,5,20210922,165000,41.5601,41.5601,41.5601,41.5601,100,0
DSTL.US,5,20210922,170500,41.6387,41.6387,41.6387,41.6387,131,0
DSTL.US,5,20210922,172500,41.64,41.64,41.64,41.64,235,0
DSTL.US,5,20210922,175000,41.7,41.7,41.69,41.69,500,0
DSTL.US,5,20210922,180500,41.69,41.69,41.69,41.69,100,0
DSTL.US,5,20210922,183500,41.7036,41.72,41.7036,41.72,643,0
DSTL.US,5,20210922,193500,41.63,41.63,41.619,41.619,429,0
DSTL.US,5,20210922,194000,41.63,41.63,41.63,41.63,100,0
DSTL.US,5,20210922,200000,41.63,41.63,41.63,41.63,100,0
DSTL.US,5,20210922,200500,41.66,41.66,41.66,41.66,614,0
DSTL.US,5,20210922,203500,41.68,41.68,41.68,41.68,200,0
DSTL.US,5,20210922,204000,41.6081,41.6081,41.6081,41.6081,480,0
DSTL.US,5,20210922,211000,41.63,41.63,41.63,41.63,1520,0
DSTL.US,5,20210922,213000,41.6,41.6,41.6,41.6,3037,0
DSTL.US,5,20210922,213500,41.6,41.65,41.6,41.65,669,0
DSTL.US,5,20210922,214000,41.63,41.63,41.6,41.6,422,0
DSTL.US,5,20210922,215000,41.53,41.53,41.53,41.53,1000,0
DSTL.US,5,20210922,215500,41.53,41.53,41.52,41.52,320,0
DSTL.US,5,20210923,153000,41.81,41.81,41.81,41.81,100,0
DSTL.US,5,20210923,154000,41.95,41.95,41.95,41.95,100,0
DSTL.US,5,20210923,154500,42,42,42,42,227,0
DSTL.US,5,20210923,160000,42.02,42.05,42.02,42.05,400,0
DSTL.US,5,20210923,165500,42.1,42.1,42.1,42.1,514,0
DSTL.US,5,20210923,170000,42.0888,42.0888,42.0888,42.0888,230,0
DSTL.US,5,20210923,170500,42.0731,42.0731,42.0731,42.0731,190,0
DSTL.US,5,20210923,171000,42.09,42.09,42.09,42.09,100,0
DSTL.US,5,20210923,174000,42.1,42.1,42.1,42.1,500,0
DSTL.US,5,20210923,175000,42.097,42.097,42.097,42.097,320,0
DSTL.US,5,20210923,180500,42.11,42.1126,42.11,42.11,3038,0
DSTL.US,5,20210923,181000,42.1213,42.1213,42.1213,42.1213,150,0
DSTL.US,5,20210923,181500,42.115,42.121,42.115,42.12,849,0
DSTL.US,5,20210923,182500,42.12,42.12,42.12,42.12,400,0
DSTL.US,5,20210923,183500,42.13,42.13,42.13,42.13,100,0
DSTL.US,5,20210923,184500,42.1212,42.1212,42.1212,42.1212,230,0
DSTL.US,5,20210923,190500,42.1512,42.16,42.1512,42.16,419,0
DSTL.US,5,20210923,193000,42.19,42.19,42.19,42.19,200,0
DSTL.US,5,20210923,195000,42.21,42.21,42.21,42.21,100,0
DSTL.US,5,20210923,195500,42.215,42.215,42.215,42.215,297,0
DSTL.US,5,20210923,203000,42.15,42.15,42.146,42.146,304,0
DSTL.US,5,20210923,203500,42.1317,42.14,42.13,42.14,652,0
DSTL.US,5,20210923,204000,42.114,42.114,42.114,42.114,133,0
DSTL.US,5,20210923,210000,42.1138,42.1138,42.1138,42.1138,100,0
DSTL.US,5,20210923,210500,42.13,42.13,42.13,42.13,100,0
DSTL.US,5,20210923,211000,42.0714,42.0714,42.0714,42.0714,101,0
DSTL.US,5,20210923,213500,42.06,42.07,42.06,42.07,35785,0
DSTL.US,5,20210923,215000,42.02,42.03,42.0138,42.02,664,0
DSTL.US,5,20210923,215500,42,42.02,42,42,1500,0
DSTL.US,5,20210924,153000,41.81,41.81,41.81,41.81,426,0
DSTL.US,5,20210924,154500,41.98,41.98,41.98,41.98,200,0
DSTL.US,5,20210924,155000,42.02,42.02,42.02,42.02,100,0
DSTL.US,5,20210924,161500,42.105,42.105,42.105,42.105,120,0
DSTL.US,5,20210924,162500,42.13,42.143,42.1048,42.1048,1215,0
DSTL.US,5,20210924,164000,42.05,42.05,42.03,42.03,200,0
DSTL.US,5,20210924,164500,42.0589,42.08,42.0589,42.08,565,0
DSTL.US,5,20210924,165500,42.0553,42.0553,42.0553,42.0553,190,0
DSTL.US,5,20210924,170500,42.11,42.11,42.11,42.11,100,0
DSTL.US,5,20210924,173000,42.03,42.03,42.03,42.03,143,0
DSTL.US,5,20210924,174000,42.0235,42.0235,42.0235,42.0235,655,0
DSTL.US,5,20210924,174500,42.04,42.04,42.04,42.04,124,0
DSTL.US,5,20210924,175500,42.0658,42.07,42.0658,42.07,241,0
DSTL.US,5,20210924,180000,42.06,42.06,42.06,42.06,200,0
DSTL.US,5,20210924,180500,42.05,42.06,42.05,42.06,500,0
DSTL.US,5,20210924,182000,42.07,42.07,42.07,42.07,2835,0
DSTL.US,5,20210924,182500,42.07,42.07,42.0642,42.0642,303,0
DSTL.US,5,20210924,183000,42.06,42.06,42.06,42.06,100,0
DSTL.US,5,20210924,185000,42.06,42.08,42.06,42.08,459,0
DSTL.US,5,20210924,192500,42.06,42.06,42.06,42.06,100,0
DSTL.US,5,20210924,194000,42.0398,42.0398,42.0398,42.0398,500,0
DSTL.US,5,20210924,194500,42.06,42.06,42.06,42.06,100,0
DSTL.US,5,20210924,200000,42.04,42.04,42.04,42.04,100,0
DSTL.US,5,20210924,200500,42.0566,42.0566,42.05,42.05,567,0
DSTL.US,5,20210924,203000,42.09,42.09,42.09,42.09,100,0
DSTL.US,5,20210924,204000,42.071,42.071,42.071,42.071,280,0
DSTL.US,5,20210924,204500,42.09,42.09,42.09,42.09,100,0
DSTL.US,5,20210924,205000,42.1,42.1,42.1,42.1,100,0
DSTL.US,5,20210924,212000,42.135,42.14,42.07,42.105,134135,0
DSTL.US,5,20210924,212500,42.11,42.13,42.105,42.11,5641,0
DSTL.US,5,20210924,213000,42.12,42.12,42.12,42.12,100,0
DSTL.US,5,20210924,213500,42.11,42.11,42.09,42.1,19252,0
DSTL.US,5,20210924,214000,42.1,42.11,42.1,42.11,400,0
DSTL.US,5,20210924,214500,42.14,42.14,42.14,42.14,100,0
DSTL.US,5,20210924,215000,42.13,42.13,42.11,42.11,1417,0
DSTL.US,5,20210924,215500,42.1,42.1,42.08,42.09,2533,0
DSTL.US,5,20210927,153000,42.1,42.1,42.1,42.1,221,0
DSTL.US,5,20210927,153500,42.12,42.12,42.1,42.1,427,0
DSTL.US,5,20210927,154000,42.1,42.15,42.09,42.15,1329,0
DSTL.US,5,20210927,154500,42.205,42.205,42.205,42.205,632,0
DSTL.US,5,20210927,160000,42.2229,42.24,42.2,42.24,3542,0
DSTL.US,5,20210927,160500,42.2359,42.2359,42.2359,42.2359,423,0
DSTL.US,5,20210927,170000,42.2347,42.2347,42.2347,42.2347,236,0
DSTL.US,5,20210927,174000,42.215,42.215,42.18,42.18,4406,0
DSTL.US,5,20210927,175000,42.205,42.205,42.205,42.205,259,0
DSTL.US,5,20210927,181000,42.21,42.21,42.21,42.21,500,0
DSTL.US,5,20210927,182000,42.23,42.23,42.23,42.23,176,0
DSTL.US,5,20210927,182500,42.24,42.24,42.238,42.238,636,0
DSTL.US,5,20210927,183000,42.22,42.22,42.22,42.22,100,0
DSTL.US,5,20210927,184000,42.1878,42.1878,42.1878,42.1878,462,0
DSTL.US,5,20210927,190000,42.1701,42.18,42.17,42.17,3094,0
DSTL.US,5,20210927,191000,42.2001,42.2001,42.2001,42.2001,400,0
DSTL.US,5,20210927,191500,42.19,42.19,42.19,42.19,200,0
DSTL.US,5,20210927,193500,42.2,42.2,42.2,42.2,500,0
DSTL.US,5,20210927,195500,42.26,42.26,42.26,42.26,350,0
DSTL.US,5,20210927,200500,42.2587,42.2643,42.2587,42.2643,372,0
DSTL.US,5,20210927,201000,42.25,42.25,42.25,42.25,200,0
DSTL.US,5,20210927,204000,42.27,42.27,42.27,42.27,200,0
DSTL.US,5,20210927,205500,42.2412,42.2412,42.2412,42.2412,225,0
DSTL.US,5,20210927,210500,42.2499,42.2499,42.2499,42.2499,547,0
DSTL.US,5,20210927,212000,42.27,42.2741,42.26,42.26,1440,0
DSTL.US,5,20210927,213500,42.22,42.22,42.22,42.22,100,0
DSTL.US,5,20210927,214000,42.22,42.24,42.215,42.215,10047,0
DSTL.US,5,20210927,215000,42.17,42.17,42.17,42.17,118,0
DSTL.US,5,20210927,215500,42.1785,42.1785,42.17,42.17,644,0
DSTL.US,5,20210928,153000,41.89,41.89,41.89,41.89,2065,0
DSTL.US,5,20210928,154000,42.02,42.02,42.02,42.02,200,0
DSTL.US,5,20210928,154500,41.95,41.95,41.95,41.95,500,0
DSTL.US,5,20210928,155000,41.87,41.87,41.87,41.87,100,0
DSTL.US,5,20210928,155500,41.87,41.9,41.87,41.9,700,0
DSTL.US,5,20210928,160000,41.84,41.84,41.84,41.84,536,0
DSTL.US,5,20210928,161500,41.75,41.75,41.75,41.75,200,0
DSTL.US,5,20210928,170000,41.81,41.81,41.81,41.81,100,0
DSTL.US,5,20210928,170500,41.7,41.715,41.7,41.7123,2156,0
DSTL.US,5,20210928,171500,41.67,41.6715,41.67,41.6715,2024,0
DSTL.US,5,20210928,172500,41.72,41.72,41.72,41.72,100,0
DSTL.US,5,20210928,173500,41.745,41.745,41.71,41.71,395,0
DSTL.US,5,20210928,175500,41.6689,41.6689,41.6689,41.6689,166,0
DSTL.US,5,20210928,181500,41.686,41.686,41.686,41.686,250,0
DSTL.US,5,20210928,184500,41.564,41.5772,41.564,41.5772,345,0
DSTL.US,5,20210928,185000,41.55,41.5877,41.55,41.5877,226,0
DSTL.US,5,20210928,191500,41.61,41.61,41.61,41.61,500,0
DSTL.US,5,20210928,193500,41.66,41.66,41.66,41.66,736,0
DSTL.US,5,20210928,212000,41.7414,41.7414,41.7414,41.7414,100,0
DSTL.US,5,20210928,213500,41.71,41.71,41.71,41.71,500,0
DSTL.US,5,20210928,214000,41.74,41.74,41.74,41.74,2878,0
DSTL.US,5,20210928,214500,41.63,41.63,41.6,41.6,1060,0
DSTL.US,5,20210928,215000,41.59,41.59,41.59,41.59,100,0
DSTL.US,5,20210928,215500,41.58,41.58,41.58,41.58,247,0
DSTL.US,5,20210929,153000,41.68,41.69,41.68,41.69,405,0
DSTL.US,5,20210929,153500,41.68,41.68,41.68,41.68,101,0
DSTL.US,5,20210929,154500,41.6,41.6,41.5841,41.5841,200,0
DSTL.US,5,20210929,155500,41.76,41.76,41.76,41.76,165,0
DSTL.US,5,20210929,164500,41.82,41.82,41.82,41.82,350,0
DSTL.US,5,20210929,170000,41.8,41.8,41.76,41.76,237,0
DSTL.US,5,20210929,182000,41.77,41.77,41.77,41.77,100,0
DSTL.US,5,20210929,184000,41.7765,41.7765,41.7765,41.7765,124,0
DSTL.US,5,20210929,191500,41.79,41.79,41.79,41.79,6636,0
DSTL.US,5,20210929,192500,41.76,41.7683,41.76,41.7683,200,0
DSTL.US,5,20210929,201500,41.925,41.925,41.925,41.925,148,0
DSTL.US,5,20210929,202500,41.9,41.9,41.9,41.9,119,0
DSTL.US,5,20210929,204000,41.93,41.93,41.93,41.93,109,0
DSTL.US,5,20210929,205000,41.91,41.91,41.91,41.91,109,0
DSTL.US,5,20210929,210000,41.89,41.89,41.89,41.89,200,0
DSTL.US,5,20210929,213000,41.88,41.88,41.88,41.88,100,0
DSTL.US,5,20210929,213500,41.88,41.88,41.88,41.88,136,0
DSTL.US,5,20210929,214000,41.83,41.83,41.83,41.83,46711,0
DSTL.US,5,20210929,214500,41.81,41.81,41.81,41.81,300,0
DSTL.US,5,20210929,215000,41.75,41.75,41.75,41.75,100,0
DSTL.US,5,20210930,153000,41.82,41.82,41.82,41.82,429,0
DSTL.US,5,20210930,155500,41.85,41.85,41.85,41.85,100,0
DSTL.US,5,20210930,161000,41.7,41.7,41.67,41.67,1200,0
DSTL.US,5,20210930,161500,41.67,41.78,41.67,41.77,3700,0
DSTL.US,5,20210930,162000,41.76,41.76,41.69,41.7,2541,0
DSTL.US,5,20210930,164000,41.61,41.61,41.6,41.6,7097,0
DSTL.US,5,20210930,164500,41.5729,41.58,41.56,41.56,1805,0
DSTL.US,5,20210930,165000,41.568,41.568,41.5665,41.5665,364,0
DSTL.US,5,20210930,165500,41.55,41.55,41.54,41.54,300,0
DSTL.US,5,20210930,172000,41.571,41.571,41.571,41.571,107,0
DSTL.US,5,20210930,174000,41.39,41.39,41.39,41.39,100,0
DSTL.US,5,20210930,174500,41.3,41.3,41.3,41.3,400,0
DSTL.US,5,20210930,180000,41.33,41.33,41.33,41.33,689,0
DSTL.US,5,20210930,180500,41.1951,41.1951,41.1951,41.1951,338,0
DSTL.US,5,20210930,185500,41.1967,41.1967,41.176,41.176,371,0
DSTL.US,5,20210930,193000,41.15,41.15,41.15,41.15,200,0
DSTL.US,5,20210930,193500,41.15,41.15,41.15,41.15,400,0
DSTL.US,5,20210930,195000,41.2099,41.22,41.19,41.19,4563,0
DSTL.US,5,20210930,200500,41.34,41.34,41.34,41.34,100,0
DSTL.US,5,20210930,201500,41.26,41.2758,41.26,41.2758,1300,0
DSTL.US,5,20210930,205000,41.42,41.42,41.41,41.41,225,0
DSTL.US,5,20210930,205500,41.3485,41.3485,41.3485,41.3485,121,0
DSTL.US,5,20210930,210500,41.3,41.3,41.3,41.3,200,0
DSTL.US,5,20210930,211500,41.37,41.37,41.37,41.37,200,0
DSTL.US,5,20210930,212000,41.335,41.335,41.335,41.335,201,0
DSTL.US,5,20210930,213000,41.28,41.35,41.28,41.35,900,0
DSTL.US,5,20210930,213500,41.33,41.33,41.26,41.26,700,0
DSTL.US,5,20210930,214000,41.25,41.25,41.18,41.18,1970,0
DSTL.US,5,20210930,214500,41.15,41.155,41.13,41.13,9892,0
DSTL.US,5,20210930,215000,41.115,41.115,41.05,41.05,3900,0
DSTL.US,5,20210930,215500,41.02,41.04,40.94,40.96,9732,0
DSTL.US,5,20211001,153000,41.17,41.17,41.17,41.17,262,0
DSTL.US,5,20211001,153500,40.98,40.98,40.98,40.98,100,0
DSTL.US,5,20211001,154000,40.98,40.98,40.89,40.91,1193,0
DSTL.US,5,20211001,154500,40.93,40.94,40.93,40.94,200,0
DSTL.US,5,20211001,155500,40.9,40.9,40.9,40.9,200,0
DSTL.US,5,20211001,160500,40.89,40.92,40.87,40.92,10398,0
DSTL.US,5,20211001,161000,40.93,40.9303,40.93,40.9303,200,0
DSTL.US,5,20211001,161500,40.85,40.85,40.85,40.85,100,0
DSTL.US,5,20211001,162500,40.745,40.745,40.7301,40.7301,1150,0
DSTL.US,5,20211001,170000,40.874,40.88,40.87,40.88,813,0
DSTL.US,5,20211001,173000,41.01,41.01,41.01,41.01,100,0
DSTL.US,5,20211001,175000,41.125,41.125,41.125,41.125,664,0
DSTL.US,5,20211001,180000,41.1099,41.1099,41.1099,41.1099,122,0
DSTL.US,5,20211001,180500,41.1398,41.1398,41.1398,41.1398,189,0
DSTL.US,5,20211001,181000,41.1,41.1,41.1,41.1,320,0
DSTL.US,5,20211001,183000,41.15,41.15,41.15,41.15,1100,0
DSTL.US,5,20211001,184000,41.1617,41.1617,41.1617,41.1617,1300,0
DSTL.US,5,20211001,190000,41.1496,41.1496,41.1496,41.1496,1454,0
DSTL.US,5,20211001,190500,41.16,41.16,41.16,41.16,585,0
DSTL.US,5,20211001,191000,41.21,41.21,41.19,41.195,2149,0
DSTL.US,5,20211001,194000,41.29,41.29,41.29,41.29,100,0
DSTL.US,5,20211001,194500,41.3434,41.3661,41.3434,41.3661,698,0
DSTL.US,5,20211001,200000,41.34,41.34,41.34,41.34,100,0
DSTL.US,5,20211001,204500,41.3743,41.3743,41.3743,41.3743,100,0
DSTL.US,5,20211001,205000,41.37,41.37,41.37,41.37,100,0
DSTL.US,5,20211001,211000,41.49,41.49,41.4877,41.4877,5700,0
DSTL.US,5,20211001,211500,41.48,41.48,41.48,41.48,300,0
DSTL.US,5,20211001,213000,41.42,41.42,41.42,41.42,100,0
DSTL.US,5,20211001,213500,41.43,41.43,41.4,41.4,399,0
DSTL.US,5,20211001,214000,41.38,41.39,41.38,41.39,541,0
DSTL.US,5,20211001,214500,41.38,41.4,41.375,41.4,16928,0
DSTL.US,5,20211001,215000,41.42,41.42,41.42,41.42,100,0
DSTL.US,5,20211001,215500,41.36,41.36,41.29,41.33,1321,0
DSTL.US,5,20211004,153000,41.16,41.16,41.16,41.16,934,0
DSTL.US,5,20211004,155000,41.3839,41.3839,41.3839,41.3839,127,0
DSTL.US,5,20211004,160000,41.3379,41.3379,41.32,41.32,1772,0
DSTL.US,5,20211004,160500,41.3,41.3,41.2734,41.2734,4200,0
DSTL.US,5,20211004,161000,41.3678,41.3678,41.3678,41.3678,1301,0
DSTL.US,5,20211004,161500,41.3234,41.3234,41.3234,41.3234,635,0
DSTL.US,5,20211004,162000,41.19,41.19,41.18,41.1802,2353,0
DSTL.US,5,20211004,163500,41.0201,41.05,41.0201,41.05,400,0
DSTL.US,5,20211004,164000,41.065,41.065,41.065,41.065,1050,0
DSTL.US,5,20211004,165000,40.935,40.935,40.92,40.92,415,0
DSTL.US,5,20211004,165500,40.97,40.97,40.9595,40.97,2600,0
DSTL.US,5,20211004,171000,40.9897,40.9897,40.9897,40.9897,203,0
DSTL.US,5,20211004,172000,40.98,40.9877,40.9699,40.9867,1400,0
DSTL.US,5,20211004,174500,40.9,40.9,40.9,40.9,100,0
DSTL.US,5,20211004,180500,41.02,41.02,41.02,41.02,100,0
DSTL.US,5,20211004,184000,40.925,40.925,40.925,40.925,312,0
DSTL.US,5,20211004,185500,40.99,40.99,40.99,40.99,112,0
DSTL.US,5,20211004,193500,40.9686,40.9686,40.9686,40.9686,108,0
DSTL.US,5,20211004,194000,40.93,40.955,40.93,40.955,1467,0
DSTL.US,5,20211004,200500,40.9448,40.9448,40.94,40.94,2541,0
DSTL.US,5,20211004,202000,40.95,40.95,40.9397,40.949,4295,0
DSTL.US,5,20211004,203500,40.9283,40.93,40.92,40.92,1102,0
DSTL.US,5,20211004,204000,40.95,40.95,40.95,40.95,100,0
DSTL.US,5,20211004,204500,40.9827,40.9827,40.9827,40.9827,204,0
DSTL.US,5,20211004,205000,40.9694,40.9694,40.9694,40.9694,395,0
DSTL.US,5,20211004,205500,40.9658,40.9658,40.9658,40.9658,192,0
DSTL.US,5,20211004,213000,40.96,40.96,40.96,40.96,100,0
DSTL.US,5,20211004,214000,41.03,41.0399,41.03,41.0399,1105,0
DSTL.US,5,20211004,214500,41.05,41.08,41.04,41.08,10943,0
DSTL.US,5,20211004,215500,40.985,40.985,40.96,40.96,613,0
DSTL.US,5,20211005,153000,41.06,41.06,41.06,41.06,492,0
DSTL.US,5,20211005,154000,41.01,41.01,41.01,41.01,100,0
DSTL.US,5,20211005,155000,41.13,41.13,41.13,41.13,100,0
DSTL.US,5,20211005,160500,41.24,41.24,41.24,41.24,400,0
DSTL.US,5,20211005,165000,41.5,41.5,41.5,41.5,1263,0
DSTL.US,5,20211005,165500,41.51,41.51,41.51,41.51,131,0
DSTL.US,5,20211005,170000,41.5,41.5,41.5,41.5,866,0
DSTL.US,5,20211005,171500,41.58,41.58,41.58,41.58,154,0
DSTL.US,5,20211005,173000,41.57,41.57,41.555,41.555,1300,0
DSTL.US,5,20211005,174000,41.491,41.491,41.475,41.476,1371,0
DSTL.US,5,20211005,181000,41.523,41.523,41.523,41.523,143,0
DSTL.US,5,20211005,183000,41.4259,41.4259,41.4259,41.4259,1142,0
DSTL.US,5,20211005,183500,41.4115,41.4115,41.4115,41.4115,110,0
DSTL.US,5,20211005,194500,41.52,41.52,41.52,41.52,500,0
DSTL.US,5,20211005,202000,41.51,41.51,41.51,41.51,358,0
DSTL.US,5,20211005,204000,41.5686,41.5686,41.5686,41.5686,120,0
DSTL.US,5,20211005,213000,41.4985,41.4985,41.4985,41.4985,701,0
DSTL.US,5,20211005,214000,41.52,41.53,41.52,41.53,34261,0
DSTL.US,5,20211005,215000,41.41,41.41,41.41,41.41,600,0
DSTL.US,5,20211005,215500,41.38,41.38,41.36,41.36,538,0
DSTL.US,5,20211006,153000,41.09,41.09,41.09,41.09,343,0
DSTL.US,5,20211006,155000,41.08,41.08,41.08,41.08,124,0
DSTL.US,5,20211006,155500,41.03,41.03,41.01,41.01,200,0
DSTL.US,5,20211006,160000,40.9,40.9,40.88,40.88,890,0
DSTL.US,5,20211006,161000,40.92,40.94,40.92,40.94,200,0
DSTL.US,5,20211006,161500,40.92,40.92,40.86,40.86,400,0
DSTL.US,5,20211006,162000,40.98,40.98,40.98,40.98,300,0
DSTL.US,5,20211006,163500,40.98,40.98,40.9701,40.9701,2600,0
DSTL.US,5,20211006,164000,40.9942,40.9942,40.9942,40.9942,132,0
DSTL.US,5,20211006,164500,40.9269,40.9269,40.9269,40.9269,541,0
DSTL.US,5,20211006,165000,40.96,40.96,40.949,40.949,248,0
DSTL.US,5,20211006,173000,40.88,40.89,40.88,40.89,300,0
DSTL.US,5,20211006,174000,40.9,40.9,40.9,40.9,308,0
DSTL.US,5,20211006,175000,40.9559,40.9559,40.9559,40.9559,1129,0
DSTL.US,5,20211006,180000,41.035,41.035,41.035,41.035,502,0
DSTL.US,5,20211006,182000,40.899,40.899,40.899,40.899,144,0
DSTL.US,5,20211006,182500,40.89,40.89,40.89,40.89,185,0
DSTL.US,5,20211006,185000,40.9812,40.9812,40.9812,40.9812,264,0
DSTL.US,5,20211006,191500,40.98,40.98,40.98,40.98,144,0
DSTL.US,5,20211006,192000,40.985,40.985,40.985,40.985,154,0
DSTL.US,5,20211006,202500,41.3211,41.3211,41.3211,41.3211,260,0
DSTL.US,5,20211006,204000,41.34,41.34,41.34,41.34,351,0
DSTL.US,5,20211006,205000,41.31,41.31,41.31,41.31,100,0
DSTL.US,5,20211006,205500,41.328,41.328,41.328,41.328,448,0
DSTL.US,5,20211006,210000,41.298,41.298,41.27,41.27,896,0
DSTL.US,5,20211006,212500,41.2903,41.2903,41.2903,41.2903,234,0
DSTL.US,5,20211006,214000,41.3,41.3,41.3,41.3,37855,0
DSTL.US,5,20211006,215500,41.42,41.42,41.4,41.41,909,0
DSTL.US,5,20211007,153000,41.67,41.67,41.67,41.67,674,0
DSTL.US,5,20211007,153500,41.92,41.92,41.91,41.91,967,0
DSTL.US,5,20211007,154500,41.8789,41.8789,41.8789,41.8789,120,0
DSTL.US,5,20211007,160500,42.0001,42.02,42.0001,42.02,410,0
DSTL.US,5,20211007,161000,42.04,42.04,42.04,42.04,100,0
DSTL.US,5,20211007,162500,42.05,42.05,42.05,42.05,190,0
DSTL.US,5,20211007,165000,42.07,42.07,42.07,42.07,100,0
DSTL.US,5,20211007,175500,42.06,42.06,42.06,42.06,200,0
DSTL.US,5,20211007,182500,42.0687,42.0687,42.0687,42.0687,118,0
DSTL.US,5,20211007,183000,42.07,42.07,42.07,42.07,216,0
DSTL.US,5,20211007,190000,42.09,42.09,42.09,42.09,200,0
DSTL.US,5,20211007,191000,42.096,42.096,42.096,42.096,109,0
DSTL.US,5,20211007,192500,42.0824,42.0824,42.0824,42.0824,109,0
DSTL.US,5,20211007,201500,41.991,41.991,41.991,41.991,693,0
DSTL.US,5,20211007,212500,41.93,41.93,41.93,41.93,200,0
DSTL.US,5,20211007,213500,41.8962,41.8962,41.8962,41.8962,237,0
DSTL.US,5,20211007,214000,41.885,41.885,41.885,41.885,986,0
DSTL.US,5,20211007,214500,41.83,41.843,41.83,41.843,16213,0
DSTL.US,5,20211007,215000,41.86,41.86,41.86,41.86,799,0
DSTL.US,5,20211007,215500,41.79,41.84,41.79,41.81,1151,0
DSTL.US,5,20211008,155500,41.78,41.79,41.78,41.79,200,0
DSTL.US,5,20211008,163000,41.7858,41.7858,41.7858,41.7858,115,0
DSTL.US,5,20211008,170000,41.85,41.85,41.85,41.85,2322,0
DSTL.US,5,20211008,170500,41.795,41.795,41.795,41.795,119,0
DSTL.US,5,20211008,173000,41.8068,41.8068,41.8068,41.8068,566,0
DSTL.US,5,20211008,182000,41.7496,41.7496,41.7496,41.7496,500,0
DSTL.US,5,20211008,184000,41.77,41.77,41.77,41.77,390,0
DSTL.US,5,20211008,185000,41.78,41.78,41.78,41.78,2446,0
DSTL.US,5,20211008,190500,41.78,41.78,41.765,41.765,417,0
DSTL.US,5,20211008,192500,41.71,41.71,41.71,41.71,100,0
DSTL.US,5,20211008,195500,41.76,41.76,41.76,41.76,200,0
DSTL.US,5,20211008,203500,41.87,41.87,41.87,41.87,1400,0
DSTL.US,5,20211008,205500,41.83,41.83,41.83,41.83,200,0
DSTL.US,5,20211008,212000,41.8334,41.8334,41.8334,41.8334,184,0
DSTL.US,5,20211008,214500,41.77,41.77,41.77,41.77,12338,0
DSTL.US,5,20211008,215500,41.76,41.78,41.76,41.76,6118,0
DSTL.US,5,20211011,153000,41.75,41.75,41.75,41.75,300,0
DSTL.US,5,20211011,154500,41.78,41.8,41.78,41.79,400,0
DSTL.US,5,20211011,162500,41.97,41.97,41.97,41.97,400,0
DSTL.US,5,20211011,164500,41.94,41.94,41.94,41.94,230,0
DSTL.US,5,20211011,170500,41.91,41.91,41.9065,41.9065,388,0
DSTL.US,5,20211011,172000,41.9,41.9,41.9,41.9,203,0
DSTL.US,5,20211011,172500,41.91,41.91,41.91,41.91,110,0
DSTL.US,5,20211011,173500,41.9501,41.965,41.9501,41.96,517,0
DSTL.US,5,20211011,184500,41.8145,41.84,41.8138,41.84,2405,0
DSTL.US,5,20211011,185000,41.8,41.8,41.8,41.8,425,0
DSTL.US,5,20211011,190000,41.7512,41.7512,41.7512,41.7512,251,0
DSTL.US,5,20211011,194500,41.71,41.71,41.68,41.6838,5084,0
DSTL.US,5,20211011,195500,41.69,41.7,41.69,41.7,500,0
DSTL.US,5,20211011,200500,41.72,41.72,41.72,41.72,168,0
DSTL.US,5,20211011,204000,41.68,41.68,41.68,41.68,100,0
DSTL.US,5,20211011,210000,41.6934,41.6934,41.6934,41.6934,300,0
DSTL.US,5,20211011,213000,41.6,41.6,41.6,41.6,800,0
DSTL.US,5,20211011,214500,41.56,41.56,41.56,41.56,51982,0
DSTL.US,5,20211011,215000,41.56,41.56,41.54,41.54,6882,0
DSTL.US,5,20211011,215500,41.5,41.5,41.49,41.5,1578,0
DSTL.US,5,20211012,153000,41.53,41.53,41.53,41.53,322,0
DSTL.US,5,20211012,154500,41.45,41.45,41.45,41.45,100,0
DSTL.US,5,20211012,155500,41.53,41.53,41.53,41.53,300,0
DSTL.US,5,20211012,160000,41.5,41.5,41.43,41.43,400,0
DSTL.US,5,20211012,161000,41.45,41.45,41.45,41.45,100,0
DSTL.US,5,20211012,161500,41.385,41.385,41.385,41.385,240,0
DSTL.US,5,20211012,163500,41.4559,41.5,41.4559,41.5,304,0
DSTL.US,5,20211012,164000,41.5,41.5,41.5,41.5,762,0
DSTL.US,5,20211012,164500,41.48,41.48,41.48,41.48,100,0
DSTL.US,5,20211012,165000,41.48,41.48,41.48,41.48,100,0
DSTL.US,5,20211012,172000,41.49,41.49,41.49,41.49,241,0
DSTL.US,5,20211012,183000,41.4735,41.4735,41.4735,41.4735,289,0
DSTL.US,5,20211012,184000,41.405,41.42,41.405,41.4173,1075,0
DSTL.US,5,20211012,185000,41.42,41.42,41.42,41.42,102,0
DSTL.US,5,20211012,185500,41.4,41.4,41.4,41.4,100,0
DSTL.US,5,20211012,195000,41.41,41.41,41.41,41.41,100,0
DSTL.US,5,20211012,203500,41.4212,41.4212,41.4212,41.4212,156,0
DSTL.US,5,20211012,210500,41.3407,41.3407,41.3407,41.3407,123,0
DSTL.US,5,20211012,214500,41.26,41.26,41.26,41.26,51277,0
DSTL.US,5,20211012,215500,41.27,41.34,41.27,41.3,534,0
DSTL.US,5,20211013,153000,41.41,41.41,41.41,41.41,165,0
DSTL.US,5,20211013,154000,41.43,41.43,41.43,41.43,125,0
DSTL.US,5,20211013,154500,41.42,41.42,41.42,41.42,100,0
DSTL.US,5,20211013,163000,41.24,41.24,41.24,41.24,117,0
DSTL.US,5,20211013,163500,41.2695,41.2695,41.2609,41.2609,578,0
DSTL.US,5,20211013,164500,41.26,41.26,41.26,41.26,100,0
DSTL.US,5,20211013,170500,41.32,41.32,41.32,41.32,134,0
DSTL.US,5,20211013,172000,41.3391,41.3391,41.3391,41.3391,171,0
DSTL.US,5,20211013,173500,41.3107,41.3107,41.3107,41.3107,126,0
DSTL.US,5,20211013,181000,41.41,41.41,41.41,41.41,200,0
DSTL.US,5,20211013,181500,41.4,41.41,41.4,41.41,400,0
DSTL.US,5,20211013,182500,41.4,41.41,41.4,41.41,300,0
DSTL.US,5,20211013,184000,41.4301,41.4348,41.43,41.4348,1589,0
DSTL.US,5,20211013,191500,41.4641,41.4641,41.4641,41.4641,480,0
DSTL.US,5,20211013,194500,41.54,41.5401,41.54,41.5401,652,0
DSTL.US,5,20211013,195500,41.545,41.545,41.545,41.545,100,0
DSTL.US,5,20211013,200000,41.61,41.61,41.57,41.57,300,0
DSTL.US,5,20211013,200500,41.55,41.55,41.49,41.49,200,0
DSTL.US,5,20211013,201000,41.5417,41.5417,41.5417,41.5417,323,0
DSTL.US,5,20211013,210000,41.47,41.48,41.47,41.47,14825,0
DSTL.US,5,20211013,212500,41.44,41.4435,41.44,41.4435,650,0
DSTL.US,5,20211013,214500,41.4718,41.48,41.47,41.48,32870,0
DSTL.US,5,20211013,215000,41.52,41.52,41.5,41.5,6299,0
DSTL.US,5,20211013,215500,41.49,41.5,41.48,41.49,7868,0
DSTL.US,5,20211014,153000,41.92,41.98,41.92,41.98,479,0
DSTL.US,5,20211014,154000,41.941,41.941,41.941,41.941,125,0
DSTL.US,5,20211014,155500,41.93,41.93,41.93,41.93,100,0
DSTL.US,5,20211014,160000,42,42.0201,42,42.0201,2157,0
DSTL.US,5,20211014,161000,42.055,42.055,42.055,42.055,300,0
DSTL.US,5,20211014,162000,42.12,42.12,42.113,42.113,270,0
DSTL.US,5,20211014,163500,42.055,42.055,42.0489,42.0489,481,0
DSTL.US,5,20211014,170000,42.16,42.16,42.16,42.16,200,0
DSTL.US,5,20211014,170500,42.135,42.135,42.135,42.135,119,0
DSTL.US,5,20211014,173500,42.12,42.1381,42.12,42.1381,350,0
DSTL.US,5,20211014,184000,42.25,42.25,42.25,42.25,200,0
DSTL.US,5,20211014,185000,42.24,42.24,42.24,42.24,11000,0
DSTL.US,5,20211014,192500,42.23,42.23,42.2172,42.2172,230,0
DSTL.US,5,20211014,193500,42.26,42.27,42.26,42.2617,476,0
DSTL.US,5,20211014,201500,42.2711,42.2711,42.2711,42.2711,311,0
DSTL.US,5,20211014,210000,42.3187,42.3187,42.3187,42.3187,200,0
DSTL.US,5,20211014,211500,42.28,42.28,42.28,42.28,199,0
DSTL.US,5,20211014,212000,42.28,42.28,42.2678,42.2678,5500,0
DSTL.US,5,20211014,213000,42.27,42.27,42.2664,42.2664,749,0
DSTL.US,5,20211014,214000,42.24,42.24,42.24,42.24,100,0
DSTL.US,5,20211014,214500,42.26,42.26,42.24,42.24,58169,0
DSTL.US,5,20211014,215000,42.28,42.29,42.28,42.29,200,0
DSTL.US,5,20211014,215500,42.275,42.32,42.26,42.29,2284,0
DSTL.US,5,20211015,153000,42.54,42.54,42.5243,42.5243,400,0
DSTL.US,5,20211015,154500,42.51,42.51,42.51,42.51,100,0
DSTL.US,5,20211015,162500,42.605,42.605,42.605,42.605,131,0
DSTL.US,5,20211015,163500,42.6,42.6,42.6,42.6,100,0
DSTL.US,5,20211015,165000,42.6401,42.6633,42.6401,42.6633,513,0
DSTL.US,5,20211015,170000,42.591,42.591,42.591,42.591,800,0
DSTL.US,5,20211015,170500,42.5816,42.5816,42.5816,42.5816,369,0
DSTL.US,5,20211015,171500,42.58,42.58,42.58,42.58,100,0
DSTL.US,5,20211015,180000,42.5301,42.5301,42.5301,42.5301,140,0
DSTL.US,5,20211015,181000,42.5414,42.5414,42.5414,42.5414,100,0
DSTL.US,5,20211015,193500,42.55,42.55,42.55,42.55,980,0
DSTL.US,5,20211015,203000,42.6101,42.6101,42.61,42.61,2717,0
DSTL.US,5,20211015,203500,42.6058,42.6058,42.6058,42.6058,240,0
DSTL.US,5,20211015,204000,42.6012,42.6012,42.6012,42.6012,316,0
DSTL.US,5,20211015,214000,42.56,42.56,42.56,42.56,80928,0
DSTL.US,5,20211015,215000,42.54,42.54,42.54,42.54,200,0
DSTL.US,5,20211015,215500,42.54,42.54,42.52,42.52,400,0
DSTL.US,5,20211018,153000,42.28,42.28,42.28,42.28,300,0
DSTL.US,5,20211018,153500,42.2468,42.2468,42.2468,42.2468,1190,0
DSTL.US,5,20211018,154000,42.25,42.31,42.25,42.31,5928,0
DSTL.US,5,20211018,154500,42.3497,42.3497,42.3497,42.3497,154,0
DSTL.US,5,20211018,160000,42.46,42.47,42.45,42.4673,7900,0
DSTL.US,5,20211018,160500,42.46,42.4695,42.4139,42.4139,1522,0
DSTL.US,5,20211018,161000,42.43,42.4309,42.43,42.4309,1437,0
DSTL.US,5,20211018,161500,42.39,42.39,42.39,42.39,1252,0
DSTL.US,5,20211018,162000,42.4041,42.43,42.4041,42.43,720,0
DSTL.US,5,20211018,163500,42.4403,42.4403,42.4403,42.4403,120,0
DSTL.US,5,20211018,184000,42.525,42.525,42.525,42.525,100,0
DSTL.US,5,20211018,185000,42.5,42.5,42.5,42.5,100,0
DSTL.US,5,20211018,193000,42.5,42.5,42.49,42.49,378,0
DSTL.US,5,20211018,200500,42.48,42.48,42.48,42.48,100,0
DSTL.US,5,20211018,202500,42.475,42.475,42.47,42.47,501,0
DSTL.US,5,20211018,203000,42.49,42.49,42.49,42.49,177,0
DSTL.US,5,20211018,204500,42.47,42.47,42.45,42.46,3711,0
DSTL.US,5,20211018,212000,42.5,42.5,42.5,42.5,100,0
DSTL.US,5,20211018,212500,42.475,42.475,42.475,42.475,100,0
DSTL.US,5,20211018,213000,42.471,42.471,42.47,42.47,566,0
DSTL.US,5,20211018,215000,42.51,42.51,42.51,42.51,36359,0
DSTL.US,5,20211018,215500,42.5,42.5,42.5,42.5,296,0
DSTL.US,5,20211019,153000,42.54,42.54,42.54,42.54,1501,0
DSTL.US,5,20211019,153500,42.61,42.64,42.61,42.64,409,0
DSTL.US,5,20211019,154000,42.6,42.6,42.6,42.6,100,0
DSTL.US,5,20211019,155500,42.55,42.57,42.55,42.57,200,0
DSTL.US,5,20211019,160500,42.63,42.63,42.63,42.63,1320,0
DSTL.US,5,20211019,161000,42.645,42.645,42.645,42.645,100,0
DSTL.US,5,20211019,161500,42.66,42.66,42.66,42.66,100,0
DSTL.US,5,20211019,162500,42.64,42.64,42.64,42.64,100,0
DSTL.US,5,20211019,165500,42.6616,42.67,42.65,42.65,1115,0
DSTL.US,5,20211019,170000,42.67,42.67,42.67,42.67,108,0
DSTL.US,5,20211019,173000,42.72,42.72,42.72,42.72,182,0
DSTL.US,5,20211019,173500,42.69,42.69,42.69,42.69,100,0
DSTL.US,5,20211019,174000,42.695,42.695,42.695,42.695,230,0
DSTL.US,5,20211019,192000,42.74,42.74,42.73,42.73,5900,0
DSTL.US,5,20211019,194000,42.7261,42.7261,42.7261,42.7261,342,0
DSTL.US,5,20211019,195500,42.75,42.75,42.75,42.75,100,0
DSTL.US,5,20211019,205000,42.71,42.71,42.71,42.71,200,0
DSTL.US,5,20211019,205500,42.72,42.72,42.72,42.72,1400,0
DSTL.US,5,20211019,210500,42.7106,42.7106,42.7106,42.7106,250,0
DSTL.US,5,20211019,211500,42.75,42.75,42.74,42.74,1800,0
DSTL.US,5,20211019,214000,42.71,42.72,42.71,42.72,300,0
DSTL.US,5,20211019,214500,42.71,42.74,42.71,42.72,1300,0
DSTL.US,5,20211019,215000,42.73,42.75,42.725,42.75,31326,0
DSTL.US,5,20211019,215500,42.74,42.78,42.74,42.78,7379,0
DSTL.US,5,20211020,153000,42.81,42.81,42.81,42.81,106,0
DSTL.US,5,20211020,153500,42.94,42.94,42.94,42.94,147,0
DSTL.US,5,20211020,155000,42.9827,42.9827,42.9827,42.9827,130,0
DSTL.US,5,20211020,160000,42.95,42.95,42.95,42.95,100,0
DSTL.US,5,20211020,160500,43,43,43,43,200,0
DSTL.US,5,20211020,161000,43.02,43.02,43.02,43.02,700,0
DSTL.US,5,20211020,162000,43,43,43,43,100,0
DSTL.US,5,20211020,163500,43.0804,43.0804,43.0804,43.0804,308,0
DSTL.US,5,20211020,170500,43.0501,43.0501,43.05,43.05,225,0
DSTL.US,5,20211020,172500,43.085,43.085,43.085,43.085,317,0
DSTL.US,5,20211020,175000,43.11,43.11,43.11,43.11,1000,0
DSTL.US,5,20211020,183000,43.15,43.15,43.15,43.15,500,0
DSTL.US,5,20211020,190000,43.15,43.15,43.15,43.15,1299,0
DSTL.US,5,20211020,192000,43.11,43.11,43.11,43.11,125,0
DSTL.US,5,20211020,195000,43.12,43.12,43.11,43.11,270,0
DSTL.US,5,20211020,204000,43.11,43.11,43.11,43.11,200,0
DSTL.US,5,20211020,214500,43.09,43.09,43.09,43.09,100,0
DSTL.US,5,20211020,215000,43.08,43.09,43.07,43.09,113423,0
DSTL.US,5,20211020,215500,43.08,43.1,43.08,43.08,2653,0
DSTL.US,5,20211021,153000,43.1,43.1,43.1,43.1,517,0
DSTL.US,5,20211021,155000,43.06,43.06,43.06,43.06,232,0
DSTL.US,5,20211021,160500,43.0505,43.0505,43.0505,43.0505,800,0
DSTL.US,5,20211021,161500,43.05,43.05,43.05,43.05,300,0
DSTL.US,5,20211021,162000,43.0572,43.0572,43.0572,43.0572,475,0
DSTL.US,5,20211021,162500,43.05,43.07,43.05,43.07,200,0
DSTL.US,5,20211021,171000,43.0263,43.0263,43.0263,43.0263,251,0
DSTL.US,5,20211021,172500,43.0292,43.0292,43.0292,43.0292,464,0
DSTL.US,5,20211021,174000,43.03,43.03,43.03,43.03,100,0
DSTL.US,5,20211021,174500,43.04,43.04,43.04,43.04,100,0
DSTL.US,5,20211021,181000,43.11,43.11,43.11,43.11,177,0
DSTL.US,5,20211021,181500,43.1105,43.115,43.1105,43.115,283,0
DSTL.US,5,20211021,182500,43.1117,43.1117,43.1117,43.1117,100,0
DSTL.US,5,20211021,183000,43.11,43.11,43.11,43.11,126,0
DSTL.US,5,20211021,185000,43.0806,43.0806,43.0806,43.0806,188,0
DSTL.US,5,20211021,191000,43.1,43.1,43.1,43.1,125,0
DSTL.US,5,20211021,195500,43.1201,43.1201,43.1201,43.1201,216,0
DSTL.US,5,20211021,200000,43.1434,43.1434,43.1434,43.1434,630,0
DSTL.US,5,20211021,201000,43.1438,43.1438,43.1438,43.1438,163,0
DSTL.US,5,20211021,203500,43.15,43.15,43.1482,43.1482,1707,0
DSTL.US,5,20211021,204000,43.1301,43.15,43.1301,43.15,718,0
DSTL.US,5,20211021,205000,43.1402,43.1402,43.1402,43.1402,115,0
DSTL.US,5,20211021,211500,43.2099,43.2099,43.2099,43.2099,158,0
DSTL.US,5,20211021,212000,43.215,43.215,43.215,43.215,222,0
DSTL.US,5,20211021,213000,43.2268,43.24,43.225,43.2371,1322,0
DSTL.US,5,20211021,214000,43.245,43.245,43.245,43.245,250,0
DSTL.US,5,20211021,215000,43.25,43.28,43.25,43.28,644,0
DSTL.US,5,20211021,215500,43.33,43.33,43.33,43.33,256,0
DSTL.US,5,20211022,153000,43.32,43.32,43.32,43.32,152,0
DSTL.US,5,20211022,154000,43.33,43.33,43.33,43.33,230,0
DSTL.US,5,20211022,154500,43.34,43.34,43.3001,43.3001,2265,0
DSTL.US,5,20211022,162500,43.44,43.44,43.44,43.44,220,0
DSTL.US,5,20211022,163500,43.385,43.385,43.3801,43.3801,523,0
DSTL.US,5,20211022,164500,43.4,43.42,43.4,43.42,400,0
DSTL.US,5,20211022,165000,43.385,43.385,43.385,43.385,230,0
DSTL.US,5,20211022,165500,43.38,43.38,43.38,43.38,257,0
DSTL.US,5,20211022,172500,43.28,43.28,43.28,43.28,100,0
DSTL.US,5,20211022,175500,43.21,43.2148,43.21,43.2148,1400,0
DSTL.US,5,20211022,183000,43.28,43.285,43.28,43.285,400,0
DSTL.US,5,20211022,191000,43.32,43.32,43.32,43.32,200,0
DSTL.US,5,20211022,195500,43.335,43.34,43.335,43.34,1133,0
DSTL.US,5,20211022,201000,43.3305,43.34,43.33,43.33,3710,0
DSTL.US,5,20211022,204500,43.38,43.38,43.38,43.38,288,0
DSTL.US,5,20211022,210000,43.325,43.325,43.325,43.325,130,0
DSTL.US,5,20211022,212000,43.3,43.3,43.2899,43.2899,1384,0
DSTL.US,5,20211022,212500,43.29,43.29,43.29,43.29,100,0
DSTL.US,5,20211022,213000,43.31,43.37,43.31,43.36,462,0
DSTL.US,5,20211022,213500,43.33,43.33,43.32,43.32,300,0
DSTL.US,5,20211022,214000,43.33,43.33,43.3132,43.3132,782,0
DSTL.US,5,20211022,214500,43.31,43.31,43.3,43.3,300,0
DSTL.US,5,20211022,215000,43.3,43.32,43.3,43.32,600,0
DSTL.US,5,20211022,215500,43.3,43.32,43.3,43.32,1147,0
DSTL.US,5,20211025,153000,43.38,43.38,43.38,43.38,315,0
DSTL.US,5,20211025,153500,43.255,43.255,43.255,43.255,923,0
DSTL.US,5,20211025,155000,43.28,43.28,43.28,43.28,300,0
DSTL.US,5,20211025,155500,43.345,43.345,43.3364,43.3364,1041,0
DSTL.US,5,20211025,160000,43.35,43.35,43.35,43.35,500,0
DSTL.US,5,20211025,160500,43.36,43.36,43.3481,43.3481,434,0
DSTL.US,5,20211025,162500,43.3141,43.3141,43.3141,43.3141,350,0
DSTL.US,5,20211025,164500,43.415,43.415,43.415,43.415,271,0
DSTL.US,5,20211025,165500,43.425,43.44,43.425,43.44,3269,0
DSTL.US,5,20211025,170500,43.4319,43.46,43.4319,43.4475,641,0
DSTL.US,5,20211025,171500,43.4536,43.4536,43.4536,43.4536,105,0
DSTL.US,5,20211025,175000,43.49,43.49,43.49,43.49,200,0
DSTL.US,5,20211025,182500,43.475,43.475,43.475,43.475,233,0
DSTL.US,5,20211025,183500,43.46,43.46,43.46,43.46,200,0
DSTL.US,5,20211025,192500,43.4797,43.4797,43.4797,43.4797,153,0
DSTL.US,5,20211025,195500,43.46,43.46,43.46,43.46,585,0
DSTL.US,5,20211025,200000,43.44,43.44,43.44,43.44,250,0
DSTL.US,5,20211025,202500,43.4499,43.4499,43.4499,43.4499,540,0
DSTL.US,5,20211025,204000,43.42,43.44,43.42,43.44,8913,0
DSTL.US,5,20211025,204500,43.42,43.42,43.42,43.42,149,0
DSTL.US,5,20211025,211000,43.41,43.41,43.41,43.41,100,0
DSTL.US,5,20211025,214500,43.39,43.39,43.37,43.38,8822,0
DSTL.US,5,20211025,215000,43.38,43.38,43.36,43.36,1100,0
DSTL.US,5,20211025,215500,43.37,43.37,43.37,43.37,665,0
DSTL.US,5,20211026,153500,43.4226,43.4226,43.34,43.34,652,0
DSTL.US,5,20211026,154000,43.34,43.34,43.34,43.34,2771,0
DSTL.US,5,20211026,160000,43.3117,43.3117,43.3117,43.3117,150,0
DSTL.US,5,20211026,160500,43.32,43.32,43.295,43.295,4740,0
DSTL.US,5,20211026,161000,43.335,43.335,43.335,43.335,2500,0
DSTL.US,5,20211026,165000,43.2815,43.2815,43.2815,43.2815,738,0
DSTL.US,5,20211026,165500,43.305,43.305,43.305,43.305,275,0
DSTL.US,5,20211026,172000,43.35,43.35,43.35,43.35,236,0
DSTL.US,5,20211026,175500,43.3199,43.3199,43.3199,43.3199,300,0
DSTL.US,5,20211026,181500,43.26,43.26,43.2468,43.2468,414,0
DSTL.US,5,20211026,183500,43.24,43.24,43.23,43.23,290,0
DSTL.US,5,20211026,184500,43.21,43.21,43.21,43.21,200,0
DSTL.US,5,20211026,185000,43.2,43.2,43.19,43.2,7657,0
DSTL.US,5,20211026,191000,43.21,43.21,43.21,43.21,348,0
DSTL.US,5,20211026,195000,43.2159,43.2159,43.2159,43.2159,115,0
DSTL.US,5,20211026,200500,43.26,43.26,43.26,43.26,200,0
DSTL.US,5,20211026,201000,43.26,43.26,43.26,43.26,266,0
DSTL.US,5,20211026,202500,43.285,43.285,43.285,43.285,324,0
DSTL.US,5,20211026,204000,43.255,43.2699,43.255,43.2699,1791,0
DSTL.US,5,20211026,204500,43.27,43.27,43.27,43.27,100,0
DSTL.US,5,20211026,205500,43.26,43.26,43.26,43.26,100,0
DSTL.US,5,20211026,214500,43.29,43.29,43.29,43.29,200,0
DSTL.US,5,20211026,215000,43.25,43.25,43.24,43.24,204373,0
DSTL.US,5,20211026,215500,43.19,43.19,43.18,43.19,1056,0
DSTL.US,5,20211027,153000,43.14,43.14,43.14,43.14,200,0
DSTL.US,5,20211027,161500,43.08,43.08,43.08,43.08,400,0
DSTL.US,5,20211027,163500,43.005,43.005,43.005,43.005,147,0
DSTL.US,5,20211027,170000,42.905,42.905,42.892,42.892,1896,0
DSTL.US,5,20211027,181500,42.95,42.95,42.95,42.95,140,0
DSTL.US,5,20211027,182500,42.94,42.94,42.94,42.94,233,0
DSTL.US,5,20211027,183500,42.905,42.905,42.905,42.905,101,0
DSTL.US,5,20211027,191000,42.9288,42.9288,42.9288,42.9288,400,0
DSTL.US,5,20211027,193000,42.9409,42.9409,42.9409,42.9409,246,0
DSTL.US,5,20211027,200500,42.9699,42.9699,42.9699,42.9699,3500,0
DSTL.US,5,20211027,201000,42.99,42.99,42.9895,42.9895,800,0
DSTL.US,5,20211027,201500,43.01,43.01,43.01,43.01,100951,0
DSTL.US,5,20211027,204000,42.959,42.959,42.959,42.959,750,0
DSTL.US,5,20211027,211000,42.87,42.87,42.87,42.87,143,0
DSTL.US,5,20211027,211500,42.83,42.83,42.83,42.83,326,0
DSTL.US,5,20211027,212000,42.82,42.82,42.82,42.82,100,0
DSTL.US,5,20211027,213500,42.85,42.85,42.85,42.85,672,0
DSTL.US,5,20211027,214000,42.88,42.88,42.835,42.8399,8894,0
DSTL.US,5,20211027,214500,42.83,42.83,42.83,42.83,1427,0
DSTL.US,5,20211027,215000,42.78,42.78,42.751,42.751,6928,0
DSTL.US,5,20211027,215500,42.74,42.74,42.74,42.74,300,0
DSTL.US,5,20211028,153000,42.75,42.75,42.75,42.75,280,0
DSTL.US,5,20211028,153500,42.97,42.97,42.96,42.96,300,0
DSTL.US,5,20211028,154000,42.97,43,42.97,43,300,0
DSTL.US,5,20211028,154500,43.03,43.03,43.03,43.03,100,0
DSTL.US,5,20211028,162000,43,43,43,43,100,0
DSTL.US,5,20211028,163000,43.09,43.1,43.09,43.1,7844,0
DSTL.US,5,20211028,172500,43.06,43.06,43.06,43.06,346,0
DSTL.US,5,20211028,173000,43.079,43.08,43.0675,43.08,1500,0
DSTL.US,5,20211028,173500,43.0984,43.0984,43.0984,43.0984,153,0
DSTL.US,5,20211028,181000,43.08,43.08,43.08,43.08,835,0
DSTL.US,5,20211028,182000,43.105,43.105,43.105,43.105,157,0
DSTL.US,5,20211028,182500,43.1199,43.1199,43.1199,43.1199,100,0
DSTL.US,5,20211028,183500,43.0552,43.0552,43.0552,43.0552,122,0
DSTL.US,5,20211028,190000,43.0599,43.0599,43.0599,43.0599,530,0
DSTL.US,5,20211028,191000,43.0587,43.0587,43.0587,43.0587,1083,0
DSTL.US,5,20211028,192500,43.0259,43.0259,43.0259,43.0259,173,0
DSTL.US,5,20211028,193500,43.07,43.07,43.07,43.07,848,0
DSTL.US,5,20211028,195500,43.0963,43.0963,43.0963,43.0963,1042,0
DSTL.US,5,20211028,201500,43.1199,43.1199,43.1199,43.1199,163,0
DSTL.US,5,20211028,202500,43.11,43.11,43.11,43.11,268,0
DSTL.US,5,20211028,203000,43.0933,43.0933,43.0933,43.0933,198,0
DSTL.US,5,20211028,203500,43.11,43.13,43.11,43.13,53263,0
DSTL.US,5,20211028,204000,43.0971,43.0971,43.0971,43.0971,128,0
DSTL.US,5,20211028,210000,43.08,43.08,43.08,43.08,126,0
DSTL.US,5,20211028,211500,43.06,43.07,43.06,43.07,2600,0
DSTL.US,5,20211028,212500,43.07,43.07,43.07,43.07,100,0
DSTL.US,5,20211028,213500,43.09,43.09,43.09,43.09,418,0
DSTL.US,5,20211028,215000,43.09,43.09,43.08,43.08,49153,0
DSTL.US,5,20211028,215500,43.16,43.16,43.16,43.16,120,0
DSTL.US,5,20211029,153000,43.01,43.1,43.01,43.1,201,0
DSTL.US,5,20211029,153500,43.2075,43.25,43.205,43.235,520,0
DSTL.US,5,20211029,154000,43.26,43.26,43.26,43.26,100,0
DSTL.US,5,20211029,160500,43.3,43.3,43.3,43.3,100,0
DSTL.US,5,20211029,163000,43.25,43.26,43.25,43.26,1222,0
DSTL.US,5,20211029,175500,43.295,43.295,43.295,43.295,100,0
DSTL.US,5,20211029,195500,43.3327,43.34,43.3327,43.34,208,0
DSTL.US,5,20211029,201000,43.31,43.31,43.3065,43.3065,300,0
DSTL.US,5,20211029,204500,43.2599,43.2599,43.25,43.25,7173,0
DSTL.US,5,20211029,205000,43.2699,43.27,43.264,43.27,700,0
DSTL.US,5,20211029,210000,43.26,43.26,43.2565,43.2565,3868,0
DSTL.US,5,20211029,211500,43.24,43.24,43.24,43.24,1533,0
DSTL.US,5,20211029,215000,43.33,43.353,43.33,43.353,25418,0
DSTL.US,5,20211101,144000,43.55,43.55,43.55,43.55,100,0
DSTL.US,5,20211101,145500,43.53,43.53,43.53,43.53,300,0
DSTL.US,5,20211101,150000,43.5054,43.5054,43.5054,43.5054,145,0
DSTL.US,5,20211101,150500,43.5256,43.5256,43.5256,43.5256,1446,0
DSTL.US,5,20211101,151500,43.52,43.52,43.505,43.505,2290,0
DSTL.US,5,20211101,152000,43.46,43.46,43.4575,43.4575,1300,0
DSTL.US,5,20211101,160000,43.4677,43.4677,43.4677,43.4677,419,0
DSTL.US,5,20211101,165500,43.5,43.5,43.5,43.5,100,0
DSTL.US,5,20211101,170000,43.5,43.5,43.5,43.5,695,0
DSTL.US,5,20211101,175000,43.5602,43.5602,43.5602,43.5602,179,0
DSTL.US,5,20211101,175500,43.5895,43.59,43.5895,43.59,400,0
DSTL.US,5,20211101,181000,43.55,43.55,43.55,43.55,350,0
DSTL.US,5,20211101,183500,43.5,43.5,43.5,43.5,574,0
DSTL.US,5,20211101,191000,43.4442,43.4442,43.44,43.44,485,0
DSTL.US,5,20211101,205000,43.52,43.52,43.51,43.51,4880,0
DSTL.US,5,20211102,143000,43.6,43.6,43.6,43.6,972,0
DSTL.US,5,20211102,144000,43.64,43.64,43.64,43.64,200,0
DSTL.US,5,20211102,144500,43.64,43.72,43.64,43.72,400,0
DSTL.US,5,20211102,150000,43.71,43.71,43.71,43.71,100,0
DSTL.US,5,20211102,151500,43.73,43.73,43.73,43.73,300,0
DSTL.US,5,20211102,153000,43.67,43.67,43.67,43.67,100,0
DSTL.US,5,20211102,153500,43.66,43.695,43.659,43.695,1275,0
DSTL.US,5,20211102,154500,43.685,43.685,43.685,43.685,1000,0
DSTL.US,5,20211102,155500,43.73,43.73,43.73,43.73,170,0
DSTL.US,5,20211102,161500,43.77,43.77,43.77,43.77,100,0
DSTL.US,5,20211102,162500,43.76,43.76,43.76,43.76,300,0
DSTL.US,5,20211102,164000,43.805,43.805,43.805,43.805,150,0
DSTL.US,5,20211102,164500,43.8,43.8,43.8,43.8,100,0
DSTL.US,5,20211102,170500,43.75,43.75,43.75,43.75,529,0
DSTL.US,5,20211102,171500,43.7704,43.7704,43.7704,43.7704,2500,0
DSTL.US,5,20211102,172500,43.79,43.79,43.79,43.79,1200,0
DSTL.US,5,20211102,174000,43.8512,43.8512,43.8512,43.8512,861,0
DSTL.US,5,20211102,175500,43.85,43.85,43.84,43.8417,2859,0
DSTL.US,5,20211102,180000,43.8399,43.84,43.835,43.84,1563,0
DSTL.US,5,20211102,182000,43.8051,43.8051,43.8051,43.8051,103,0
DSTL.US,5,20211102,182500,43.79,43.8,43.79,43.7902,3000,0
DSTL.US,5,20211102,190500,43.82,43.82,43.82,43.82,100,0
DSTL.US,5,20211102,191500,43.82,43.82,43.82,43.82,100,0
DSTL.US,5,20211102,192500,43.82,43.82,43.82,43.82,100,0
DSTL.US,5,20211102,193500,43.83,43.83,43.83,43.83,100,0
DSTL.US,5,20211102,194500,43.88,43.88,43.87,43.87,300,0
DSTL.US,5,20211102,200500,43.86,43.86,43.86,43.86,300,0
DSTL.US,5,20211102,201500,43.85,43.85,43.84,43.84,500,0
DSTL.US,5,20211102,202000,43.8,43.8,43.8,43.8,500,0
DSTL.US,5,20211102,204000,43.79,43.7908,43.79,43.79,1500,0
DSTL.US,5,20211102,205000,43.8,43.81,43.8,43.8,19949,0
DSTL.US,5,20211102,205500,43.8,43.83,43.79,43.83,9749,0
DSTL.US,5,20211103,143000,43.59,43.59,43.59,43.59,811,0
DSTL.US,5,20211103,144000,43.68,43.68,43.68,43.68,100,0
DSTL.US,5,20211103,145500,43.73,43.73,43.7277,43.7277,1000,0
DSTL.US,5,20211103,150000,43.745,43.745,43.745,43.745,442,0
DSTL.US,5,20211103,151500,43.7475,43.7768,43.7475,43.7768,801,0
DSTL.US,5,20211103,152500,43.79,43.79,43.79,43.79,100,0
DSTL.US,5,20211103,153000,43.77,43.77,43.77,43.77,118,0
DSTL.US,5,20211103,153500,43.78,43.81,43.78,43.8095,795,0
DSTL.US,5,20211103,155000,43.8401,43.8401,43.8401,43.8401,100,0
DSTL.US,5,20211103,155500,43.85,43.85,43.85,43.85,600,0
DSTL.US,5,20211103,160000,43.845,43.845,43.845,43.845,411,0
DSTL.US,5,20211103,161500,43.83,43.83,43.83,43.83,1078,0
DSTL.US,5,20211103,162000,43.83,43.83,43.83,43.83,100,0
DSTL.US,5,20211103,162500,43.82,43.83,43.8,43.8,33734,0
DSTL.US,5,20211103,163000,43.8119,43.8119,43.8,43.8,483,0
DSTL.US,5,20211103,163500,43.8,43.8,43.8,43.8,283,0
DSTL.US,5,20211103,171500,43.8288,43.8288,43.8288,43.8288,190,0
DSTL.US,5,20211103,172500,43.8098,43.8098,43.79,43.79,1128,0
DSTL.US,5,20211103,173000,43.79,43.79,43.77,43.77,900,0
DSTL.US,5,20211103,182000,43.7868,43.7868,43.7868,43.7868,122,0
DSTL.US,5,20211103,183000,43.77,43.7887,43.77,43.7887,1283,0
DSTL.US,5,20211103,193500,43.8789,43.8789,43.8789,43.8789,400,0
DSTL.US,5,20211103,194500,43.95,43.95,43.95,43.95,300,0
DSTL.US,5,20211103,195500,43.99,43.99,43.99,43.99,268,0
DSTL.US,5,20211103,200000,44.01,44.02,44.005,44.0197,3000,0
DSTL.US,5,20211103,200500,44.01,44.01,44.01,44.01,400,0
DSTL.US,5,20211103,202500,44,44,43.99,43.99,503,0
DSTL.US,5,20211103,203500,43.98,43.98,43.98,43.98,100,0
DSTL.US,5,20211103,204000,44,44,44,44,5062,0
DSTL.US,5,20211103,204500,44.05,44.06,44.05,44.06,400,0
DSTL.US,5,20211103,205000,44.06,44.06,44.04,44.05,60448,0
DSTL.US,5,20211103,205500,44.06,44.07,44.06,44.06,1675,0
DSTL.US,5,20211104,143000,44.09,44.09,44.09,44.09,108,0
DSTL.US,5,20211104,143500,44.17,44.19,44.17,44.19,300,0
DSTL.US,5,20211104,144000,44.21,44.21,44.21,44.21,200,0
DSTL.US,5,20211104,145000,44.19,44.2001,44.19,44.2001,225,0
DSTL.US,5,20211104,150500,44.2309,44.2309,44.2309,44.2309,100,0
DSTL.US,5,20211104,151500,44.2786,44.2786,44.2786,44.2786,158,0
DSTL.US,5,20211104,153500,44.2541,44.2541,44.2541,44.2541,445,0
DSTL.US,5,20211104,155500,44.19,44.2,44.16,44.19,48525,0
DSTL.US,5,20211104,162500,44.06,44.06,44.06,44.06,100,0
DSTL.US,5,20211104,165000,44.0834,44.0893,44.0834,44.0893,1820,0
DSTL.US,5,20211104,193500,44.0411,44.0492,44.0411,44.0492,1685,0
DSTL.US,5,20211104,194000,44.05,44.05,44.05,44.05,100,0
DSTL.US,5,20211104,195000,44.0441,44.0441,44.03,44.03,4231,0
DSTL.US,5,20211104,200500,44.03,44.03,44.03,44.03,568,0
DSTL.US,5,20211104,202500,44.0559,44.0559,44.0559,44.0559,257,0
DSTL.US,5,20211104,203500,44.07,44.07,44.065,44.065,2016,0
DSTL.US,5,20211104,204000,44.0201,44.05,44.0201,44.05,2497,0
DSTL.US,5,20211104,204500,44.05,44.09,44.05,44.09,29782,0
DSTL.US,5,20211104,205000,44.1,44.1,44.1,44.1,100,0
DSTL.US,5,20211104,205500,44.12,44.15,44.12,44.15,1690,0
DSTL.US,5,20211105,143000,44.24,44.24,44.24,44.24,978,0
DSTL.US,5,20211105,144000,44.446,44.46,44.43,44.46,600,0
DSTL.US,5,20211105,144500,44.49,44.49,44.49,44.49,200,0
DSTL.US,5,20211105,145000,44.51,44.52,44.4951,44.52,1100,0
DSTL.US,5,20211105,150500,44.4201,44.4201,44.4201,44.4201,410,0
DSTL.US,5,20211105,151000,44.4162,44.4162,44.4162,44.4162,241,0
DSTL.US,5,20211105,151500,44.4167,44.4167,44.4167,44.4167,233,0
DSTL.US,5,20211105,153000,44.395,44.395,44.395,44.395,339,0
DSTL.US,5,20211105,155000,44.435,44.435,44.435,44.435,100,0
DSTL.US,5,20211105,155500,44.44,44.44,44.44,44.44,100,0
DSTL.US,5,20211105,161500,44.42,44.4203,44.4121,44.4121,1492,0
DSTL.US,5,20211105,170000,44.28,44.28,44.28,44.28,100,0
DSTL.US,5,20211105,173000,44.3004,44.3004,44.3004,44.3004,225,0
DSTL.US,5,20211105,181000,44.2624,44.2624,44.2624,44.2624,132,0
DSTL.US,5,20211105,182500,44.17,44.1701,44.17,44.1701,256,0
DSTL.US,5,20211105,183500,44.2015,44.2015,44.2015,44.2015,144,0
DSTL.US,5,20211105,190000,44.1961,44.1961,44.1961,44.1961,554,0
DSTL.US,5,20211105,191500,44.2727,44.2727,44.2727,44.2727,200,0
DSTL.US,5,20211105,195000,44.24,44.24,44.24,44.24,100,0
DSTL.US,5,20211105,200000,44.2112,44.2112,44.2,44.21,401,0
DSTL.US,5,20211105,200500,44.22,44.22,44.22,44.22,200,0
DSTL.US,5,20211105,201500,44.23,44.2399,44.22,44.23,900,0
DSTL.US,5,20211105,202500,44.19,44.2022,44.19,44.2,4866,0
DSTL.US,5,20211105,203000,44.21,44.27,44.21,44.27,400,0
DSTL.US,5,20211105,203500,44.27,44.28,44.27,44.28,747,0
DSTL.US,5,20211105,204500,44.28,44.28,44.28,44.28,44608,0
DSTL.US,5,20211105,205000,44.24,44.24,44.23,44.23,700,0
DSTL.US,5,20211105,205500,44.26,44.26,44.26,44.26,100,0
DSTL.US,5,20211108,153000,44.49,44.49,44.43,44.43,589,0
DSTL.US,5,20211108,154000,44.355,44.38,44.355,44.3617,700,0
DSTL.US,5,20211108,155000,44.33,44.33,44.33,44.33,142,0
DSTL.US,5,20211108,160000,44.24,44.24,44.23,44.23,200,0
DSTL.US,5,20211108,160500,44.194,44.194,44.194,44.194,169,0
DSTL.US,5,20211108,161500,44.2647,44.2647,44.2647,44.2647,226,0
DSTL.US,5,20211108,163000,44.29,44.292,44.2401,44.292,708,0
DSTL.US,5,20211108,165500,44.27,44.28,44.26,44.27,4500,0
DSTL.US,5,20211108,172000,44.265,44.265,44.265,44.265,100,0
DSTL.US,5,20211108,173000,44.2365,44.25,44.2365,44.25,1059,0
DSTL.US,5,20211108,173500,44.2532,44.2532,44.2532,44.2532,500,0
DSTL.US,5,20211108,174000,44.25,44.25,44.22,44.22,1200,0
DSTL.US,5,20211108,174500,44.24,44.26,44.24,44.24,7530,0
DSTL.US,5,20211108,175000,44.24,44.24,44.23,44.24,700,0
DSTL.US,5,20211108,175500,44.23,44.24,44.21,44.21,650,0
DSTL.US,5,20211108,180500,44.2005,44.2005,44.2005,44.2005,306,0
DSTL.US,5,20211108,182000,44.22,44.22,44.22,44.22,534,0
DSTL.US,5,20211108,183000,44.22,44.22,44.21,44.21,720,0
DSTL.US,5,20211108,191000,44.21,44.21,44.21,44.21,1390,0
DSTL.US,5,20211108,192000,44.22,44.23,44.22,44.23,700,0
DSTL.US,5,20211108,193000,44.24,44.2499,44.24,44.2499,1369,0
DSTL.US,5,20211108,193500,44.2499,44.2499,44.2499,44.2499,500,0
DSTL.US,5,20211108,195500,44.28,44.28,44.28,44.28,200,0
DSTL.US,5,20211108,200500,44.29,44.29,44.29,44.29,100,0
DSTL.US,5,20211108,201000,44.3,44.3,44.2927,44.2927,400,0
DSTL.US,5,20211108,202000,44.28,44.28,44.2717,44.2717,2022,0
DSTL.US,5,20211108,202500,44.27,44.27,44.27,44.27,300,0
DSTL.US,5,20211108,203000,44.29,44.3,44.29,44.3,600,0
DSTL.US,5,20211108,205500,44.29,44.29,44.29,44.29,473,0
DSTL.US,5,20211108,210500,44.28,44.28,44.28,44.28,288,0
DSTL.US,5,20211108,211000,44.2888,44.2888,44.28,44.28,1000,0
DSTL.US,5,20211108,212000,44.27,44.27,44.27,44.27,1200,0
DSTL.US,5,20211108,213500,44.29,44.29,44.28,44.2802,2100,0
DSTL.US,5,20211108,214500,44.27,44.27,44.26,44.26,5983,0
DSTL.US,5,20211108,215000,44.27,44.3,44.27,44.3,166712,0
DSTL.US,5,20211108,215500,44.3,44.3,44.28,44.28,600,0
DSTL.US,5,20211109,153000,44.34,44.34,44.34,44.34,254,0
DSTL.US,5,20211109,154000,44.307,44.307,44.307,44.307,149,0
DSTL.US,5,20211109,154500,44.33,44.33,44.33,44.33,100,0
DSTL.US,5,20211109,155500,44.3896,44.3896,44.3896,44.3896,112,0
DSTL.US,5,20211109,160000,44.34,44.34,44.34,44.34,100,0
DSTL.US,5,20211109,160500,44.33,44.33,44.33,44.33,100,0
DSTL.US,5,20211109,161500,44.35,44.35,44.2851,44.2851,312,0
DSTL.US,5,20211109,162000,44.29,44.29,44.29,44.29,100,0
DSTL.US,5,20211109,162500,44.33,44.33,44.33,44.33,100,0
DSTL.US,5,20211109,165000,44.3139,44.3282,44.3139,44.3282,1133,0
DSTL.US,5,20211109,171000,44.23,44.23,44.23,44.23,100,0
DSTL.US,5,20211109,172500,44.25,44.25,44.25,44.25,391,0
DSTL.US,5,20211109,173500,44.265,44.265,44.265,44.265,632,0
DSTL.US,5,20211109,175500,44.2581,44.2581,44.2581,44.2581,147,0
DSTL.US,5,20211109,181000,44.29,44.3,44.29,44.3,283,0
DSTL.US,5,20211109,184000,44.28,44.2856,44.28,44.28,1967,0
DSTL.US,5,20211109,202500,44.3,44.3,44.3,44.3,144,0
DSTL.US,5,20211109,203500,44.28,44.28,44.28,44.28,100,0
DSTL.US,5,20211109,205500,44.31,44.32,44.31,44.32,410,0
DSTL.US,5,20211109,212500,44.3203,44.3203,44.3203,44.3203,267,0
DSTL.US,5,20211109,213000,44.2999,44.3,44.2966,44.2966,2544,0
DSTL.US,5,20211109,213500,44.2976,44.2976,44.2912,44.2912,344,0
DSTL.US,5,20211109,214000,44.33,44.35,44.33,44.349,4206,0
DSTL.US,5,20211109,214500,44.34,44.34,44.34,44.34,181116,0
DSTL.US,5,20211109,215000,44.34,44.34,44.34,44.34,400,0
DSTL.US,5,20211109,215500,44.37,44.37,44.37,44.37,503,0
DSTL.US,5,20211110,153500,44.4375,44.4375,44.435,44.435,200,0
DSTL.US,5,20211110,161500,44.36,44.3942,44.36,44.3942,2879,0
DSTL.US,5,20211110,162500,44.41,44.41,44.41,44.41,100,0
DSTL.US,5,20211110,164500,44.3962,44.3962,44.38,44.38,321,0
DSTL.US,5,20211110,165500,44.3885,44.3885,44.3885,44.3885,155,0
DSTL.US,5,20211110,170500,44.415,44.415,44.415,44.415,100,0
DSTL.US,5,20211110,173000,44.45,44.45,44.45,44.45,329,0
DSTL.US,5,20211110,175000,44.4331,44.4331,44.4331,44.4331,500,0
DSTL.US,5,20211110,181000,44.4,44.4,44.4,44.4,248,0
DSTL.US,5,20211110,183500,44.36,44.36,44.35,44.36,1700,0
DSTL.US,5,20211110,184500,44.3004,44.3004,44.3004,44.3004,400,0
DSTL.US,5,20211110,190000,44.3139,44.3139,44.3139,44.3139,100,0
DSTL.US,5,20211110,190500,44.255,44.255,44.255,44.255,147,0
DSTL.US,5,20211110,191000,44.26,44.26,44.26,44.26,1000,0
DSTL.US,5,20211110,192500,44.2609,44.2609,44.2609,44.2609,152,0
DSTL.US,5,20211110,195000,44.23,44.23,44.2256,44.2256,201,0
DSTL.US,5,20211110,195500,44.2165,44.2165,44.2165,44.2165,101,0
DSTL.US,5,20211110,202000,44.18,44.18,44.18,44.18,200,0
DSTL.US,5,20211110,203000,44.1396,44.1396,44.1311,44.1311,2713,0
DSTL.US,5,20211110,205000,44.1502,44.1502,44.1502,44.1502,230,0
DSTL.US,5,20211110,210500,44.11,44.11,44.11,44.11,121,0
DSTL.US,5,20211110,211000,44.16,44.16,44.16,44.16,129,0
DSTL.US,5,20211110,213000,44.1822,44.1822,44.1822,44.1822,143,0
DSTL.US,5,20211110,214000,44.15,44.18,44.15,44.18,690,0
DSTL.US,5,20211110,214500,44.15,44.15,44.15,44.15,56040,0
DSTL.US,5,20211110,215500,44.19,44.19,44.17,44.17,412,0
DSTL.US,5,20211111,153000,44.32,44.32,44.32,44.32,228,0
DSTL.US,5,20211111,154000,44.21,44.21,44.21,44.21,100,0
DSTL.US,5,20211111,165500,44.1958,44.1958,44.1958,44.1958,237,0
DSTL.US,5,20211111,171000,44.1936,44.1936,44.1936,44.1936,853,0
DSTL.US,5,20211111,171500,44.19,44.19,44.18,44.19,1400,0
DSTL.US,5,20211111,172000,44.2,44.21,44.19,44.2,1400,0
DSTL.US,5,20211111,172500,44.2,44.2,44.2,44.2,200,0
DSTL.US,5,20211111,180000,44.2194,44.2194,44.2194,44.2194,231,0
DSTL.US,5,20211111,184000,44.24,44.24,44.24,44.24,200,0
DSTL.US,5,20211111,191000,44.2279,44.2279,44.2279,44.2279,1375,0
DSTL.US,5,20211111,192500,44.2324,44.2324,44.2324,44.2324,329,0
DSTL.US,5,20211111,194500,44.27,44.27,44.27,44.27,100,0
DSTL.US,5,20211111,202000,44.25,44.25,44.25,44.25,954,0
DSTL.US,5,20211111,205500,44.2316,44.2316,44.2316,44.2316,409,0
DSTL.US,5,20211111,211000,44.23,44.23,44.23,44.23,3394,0
DSTL.US,5,20211111,211500,44.24,44.24,44.2382,44.24,742,0
DSTL.US,5,20211111,212500,44.26,44.26,44.26,44.26,200,0
DSTL.US,5,20211111,213000,44.27,44.27,44.2586,44.2586,964,0
DSTL.US,5,20211111,214000,44.255,44.255,44.255,44.255,623,0
DSTL.US,5,20211111,214500,44.255,44.2682,44.25,44.25,91292,0
DSTL.US,5,20211111,215000,44.25,44.25,44.25,44.25,1200,0
DSTL.US,5,20211111,215500,44.24,44.24,44.23,44.23,2905,0
