<TICKER>,<PER>,<DATE>,<TIME>,<OPEN>,<HIGH>,<LOW>,<CLOSE>,<VOL>,<OPENINT>
DWX.US,5,20210922,153000,38.72,38.7379,38.72,38.7379,1896,0
DWX.US,5,20210922,153500,38.7544,38.7544,38.7544,38.7544,300,0
DWX.US,5,20210922,154500,38.71,38.72,38.71,38.72,2247,0
DWX.US,5,20210922,155000,38.72,38.725,38.72,38.725,1333,0
DWX.US,5,20210922,155500,38.74,38.74,38.74,38.74,300,0
DWX.US,5,20210922,160000,38.7799,38.78,38.7799,38.78,1831,0
DWX.US,5,20210922,161000,38.78,38.78,38.77,38.77,600,0
DWX.US,5,20210922,162000,38.815,38.815,38.81,38.81,5716,0
DWX.US,5,20210922,162500,38.81,38.81,38.81,38.81,100,0
DWX.US,5,20210922,163000,38.82,38.82,38.82,38.82,100,0
DWX.US,5,20210922,163500,38.84,38.86,38.835,38.86,411,0
DWX.US,5,20210922,164000,38.86,38.86,38.85,38.85,200,0
DWX.US,5,20210922,164500,38.83,38.83,38.82,38.82,900,0
DWX.US,5,20210922,170000,38.83,38.83,38.83,38.83,100,0
DWX.US,5,20210922,170500,38.86,38.86,38.86,38.86,100,0
DWX.US,5,20210922,171000,38.86,38.86,38.86,38.86,100,0
DWX.US,5,20210922,171500,38.86,38.86,38.86,38.86,100,0
DWX.US,5,20210922,175000,38.87,38.89,38.85,38.85,800,0
DWX.US,5,20210922,175500,38.8627,38.8627,38.8627,38.8627,176,0
DWX.US,5,20210922,180000,38.8799,38.8799,38.8799,38.8799,492,0
DWX.US,5,20210922,181000,38.8674,38.8674,38.8674,38.8674,417,0
DWX.US,5,20210922,181500,38.86,38.86,38.86,38.86,300,0
DWX.US,5,20210922,183000,38.8597,38.8597,38.849,38.849,580,0
DWX.US,5,20210922,184000,38.8682,38.8682,38.86,38.86,486,0
DWX.US,5,20210922,184500,38.85,38.85,38.85,38.85,100,0
DWX.US,5,20210922,185500,38.85,38.85,38.85,38.85,313,0
DWX.US,5,20210922,190000,38.85,38.85,38.84,38.84,600,0
DWX.US,5,20210922,191500,38.84,38.84,38.84,38.84,4100,0
DWX.US,5,20210922,192000,38.8228,38.8228,38.8228,38.8228,123,0
DWX.US,5,20210922,193000,38.82,38.82,38.82,38.82,500,0
DWX.US,5,20210922,193500,38.82,38.82,38.82,38.82,100,0
DWX.US,5,20210922,194000,38.82,38.82,38.82,38.82,900,0
DWX.US,5,20210922,194500,38.8199,38.82,38.8,38.8034,2650,0
DWX.US,5,20210922,195000,38.79,38.79,38.79,38.79,400,0
DWX.US,5,20210922,200000,38.84,38.84,38.84,38.84,2172,0
DWX.US,5,20210922,200500,38.92,38.92,38.92,38.92,100,0
DWX.US,5,20210922,201000,38.9,38.9,38.89,38.89,600,0
DWX.US,5,20210922,201500,38.96,38.96,38.915,38.92,400,0
DWX.US,5,20210922,202500,38.96,38.96,38.96,38.96,260,0
DWX.US,5,20210922,203500,38.93,38.93,38.86,38.86,500,0
DWX.US,5,20210922,204000,38.8202,38.8202,38.8202,38.8202,117,0
DWX.US,5,20210922,204500,38.765,38.765,38.765,38.765,289,0
DWX.US,5,20210922,205000,38.6577,38.6577,38.6577,38.6577,377,0
DWX.US,5,20210922,211500,38.74,38.7782,38.74,38.7782,1085,0
DWX.US,5,20210922,213000,38.745,38.745,38.745,38.745,254,0
DWX.US,5,20210922,215000,38.705,38.73,38.705,38.73,366,0
DWX.US,5,20210922,215500,38.69,38.73,38.69,38.73,880,0
DWX.US,5,20210923,153000,39.04,39.0806,39.04,39.065,5066,0
DWX.US,5,20210923,153500,39.07,39.13,39.07,39.13,698,0
DWX.US,5,20210923,154000,39.12,39.14,39.12,39.14,200,0
DWX.US,5,20210923,154500,39.16,39.16,39.16,39.16,100,0
DWX.US,5,20210923,155000,39.1415,39.17,39.1415,39.17,530,0
DWX.US,5,20210923,155500,39.16,39.16,39.15,39.15,326,0
DWX.US,5,20210923,160000,39.1594,39.17,39.1594,39.17,899,0
DWX.US,5,20210923,160500,39.15,39.15,39.15,39.15,100,0
DWX.US,5,20210923,161000,39.17,39.17,39.17,39.17,100,0
DWX.US,5,20210923,161500,39.1773,39.1773,39.1773,39.1773,728,0
DWX.US,5,20210923,162000,39.18,39.18,39.18,39.18,100,0
DWX.US,5,20210923,162500,39.17,39.17,39.17,39.17,100,0
DWX.US,5,20210923,163500,39.12,39.12,39.12,39.12,200,0
DWX.US,5,20210923,164000,39.16,39.16,39.16,39.16,100,0
DWX.US,5,20210923,165000,39.1594,39.16,39.145,39.16,1200,0
DWX.US,5,20210923,170000,39.15,39.15,39.15,39.15,100,0
DWX.US,5,20210923,170500,39.14,39.14,39.14,39.14,100,0
DWX.US,5,20210923,171000,39.13,39.13,39.13,39.13,100,0
DWX.US,5,20210923,171500,39.095,39.095,39.0861,39.0861,1272,0
DWX.US,5,20210923,173000,39.08,39.08,39.075,39.075,227,0
DWX.US,5,20210923,174500,39.07,39.08,39.07,39.08,600,0
DWX.US,5,20210923,175000,39.086,39.086,39.086,39.086,200,0
DWX.US,5,20210923,175500,39.075,39.09,39.075,39.09,408,0
DWX.US,5,20210923,180000,39.08,39.08,39.07,39.07,1400,0
DWX.US,5,20210923,181000,39.08,39.08,39.071,39.071,275,0
DWX.US,5,20210923,181500,39.09,39.09,39.09,39.09,100,0
DWX.US,5,20210923,183000,39.09,39.1,39.088,39.098,900,0
DWX.US,5,20210923,183500,39.1099,39.1099,39.1099,39.1099,152,0
DWX.US,5,20210923,184000,39.1,39.1,39.1,39.1,100,0
DWX.US,5,20210923,184500,39.1,39.1,39.1,39.1,100,0
DWX.US,5,20210923,185000,39.109,39.109,39.109,39.109,1025,0
DWX.US,5,20210923,185500,39.1,39.1,39.0999,39.0999,800,0
DWX.US,5,20210923,190000,39.0999,39.1,39.0999,39.1,2664,0
DWX.US,5,20210923,190500,39.12,39.12,39.1,39.12,1120,0
DWX.US,5,20210923,191000,39.11,39.11,39.1035,39.1035,4663,0
DWX.US,5,20210923,192000,39.1013,39.1089,39.1013,39.1089,1619,0
DWX.US,5,20210923,194000,39.125,39.125,39.115,39.125,2300,0
DWX.US,5,20210923,194500,39.125,39.125,39.12,39.12,200,0
DWX.US,5,20210923,195000,39.134,39.134,39.125,39.13,1261,0
DWX.US,5,20210923,200000,39.13,39.13,39.13,39.13,800,0
DWX.US,5,20210923,201000,39.1,39.1,39.1,39.1,3626,0
DWX.US,5,20210923,203500,39.0731,39.0731,39.0731,39.0731,1000,0
DWX.US,5,20210923,211500,39.07,39.07,39.07,39.07,2550,0
DWX.US,5,20210923,213000,39.07,39.0737,39.0488,39.0737,6173,0
DWX.US,5,20210923,215000,39.05,39.05,39.045,39.045,3143,0
DWX.US,5,20210923,215500,39.08,39.08,39.04,39.08,345,0
DWX.US,5,20210924,153000,38.62,38.62,38.62,38.62,730,0
DWX.US,5,20210924,154000,38.73,38.73,38.73,38.73,189,0
DWX.US,5,20210924,160000,38.7499,38.7499,38.7499,38.7499,6486,0
DWX.US,5,20210924,160500,38.691,38.691,38.691,38.691,270,0
DWX.US,5,20210924,161000,38.6619,38.6619,38.6619,38.6619,305,0
DWX.US,5,20210924,163000,38.66,38.66,38.66,38.66,100,0
DWX.US,5,20210924,164000,38.7,38.7,38.7,38.7,101,0
DWX.US,5,20210924,164500,38.66,38.66,38.66,38.66,157,0
DWX.US,5,20210924,165000,38.64,38.64,38.64,38.64,200,0
DWX.US,5,20210924,165500,38.67,38.67,38.67,38.67,100,0
DWX.US,5,20210924,172000,38.6535,38.6535,38.6535,38.6535,750,0
DWX.US,5,20210924,173000,38.65,38.65,38.65,38.65,200,0
DWX.US,5,20210924,173500,38.654,38.654,38.654,38.654,200,0
DWX.US,5,20210924,174500,38.66,38.66,38.66,38.66,106,0
DWX.US,5,20210924,175500,38.6972,38.6972,38.6972,38.6972,141,0
DWX.US,5,20210924,180500,38.71,38.71,38.71,38.71,400,0
DWX.US,5,20210924,183500,38.7149,38.7149,38.7149,38.7149,1050,0
DWX.US,5,20210924,185000,38.7001,38.7001,38.7001,38.7001,104,0
DWX.US,5,20210924,185500,38.71,38.71,38.71,38.71,125,0
DWX.US,5,20210924,192500,38.6901,38.6901,38.6901,38.6901,467,0
DWX.US,5,20210924,193000,38.7299,38.7299,38.7299,38.7299,710,0
DWX.US,5,20210924,194000,38.705,38.705,38.7022,38.7022,478,0
DWX.US,5,20210924,194500,38.705,38.705,38.705,38.705,148,0
DWX.US,5,20210924,195000,38.71,38.71,38.6946,38.6946,641,0
DWX.US,5,20210924,200500,38.69,38.69,38.69,38.69,400,0
DWX.US,5,20210924,201000,38.71,38.71,38.71,38.71,652,0
DWX.US,5,20210924,201500,38.69,38.69,38.6716,38.6716,2480,0
DWX.US,5,20210924,202000,38.6803,38.6803,38.6803,38.6803,351,0
DWX.US,5,20210924,210500,38.691,38.713,38.691,38.713,6219,0
DWX.US,5,20210924,211500,38.71,38.7199,38.71,38.7199,619,0
DWX.US,5,20210924,212000,38.69,38.69,38.68,38.68,1817,0
DWX.US,5,20210924,213500,38.7336,38.7336,38.7336,38.7336,100,0
DWX.US,5,20210924,214000,38.7199,38.7199,38.7046,38.7046,393,0
DWX.US,5,20210924,215500,38.68,38.68,38.68,38.68,967,0
DWX.US,5,20210927,153000,38.75,38.75,38.735,38.735,2181,0
DWX.US,5,20210927,154000,38.73,38.73,38.73,38.73,250,0
DWX.US,5,20210927,154500,38.7843,38.7843,38.7843,38.7843,240,0
DWX.US,5,20210927,155500,38.775,38.775,38.775,38.775,100,0
DWX.US,5,20210927,160500,38.8059,38.8059,38.8,38.8,400,0
DWX.US,5,20210927,162000,38.8416,38.8416,38.8416,38.8416,200,0
DWX.US,5,20210927,162500,38.85,38.85,38.85,38.85,200,0
DWX.US,5,20210927,163500,38.8022,38.8022,38.8022,38.8022,1314,0
DWX.US,5,20210927,164000,38.8449,38.8449,38.8449,38.8449,130,0
DWX.US,5,20210927,164500,38.815,38.815,38.815,38.815,300,0
DWX.US,5,20210927,165000,38.79,38.79,38.79,38.79,165,0
DWX.US,5,20210927,165500,38.77,38.77,38.77,38.77,100,0
DWX.US,5,20210927,170000,38.77,38.77,38.77,38.77,600,0
DWX.US,5,20210927,172500,38.7645,38.7645,38.7645,38.7645,129,0
DWX.US,5,20210927,173500,38.775,38.775,38.775,38.775,489,0
DWX.US,5,20210927,174500,38.735,38.77,38.735,38.77,700,0
DWX.US,5,20210927,175500,38.77,38.77,38.77,38.77,100,0
DWX.US,5,20210927,180000,38.77,38.77,38.7549,38.7549,250,0
DWX.US,5,20210927,181500,38.7632,38.7811,38.7632,38.7811,1265,0
DWX.US,5,20210927,182000,38.803,38.803,38.803,38.803,100,0
DWX.US,5,20210927,182500,38.795,38.795,38.79,38.79,566,0
DWX.US,5,20210927,183000,38.79,38.79,38.79,38.79,335,0
DWX.US,5,20210927,183500,38.7866,38.7866,38.7866,38.7866,120,0
DWX.US,5,20210927,185000,38.775,38.775,38.775,38.775,429,0
DWX.US,5,20210927,185500,38.7894,38.7894,38.7894,38.7894,886,0
DWX.US,5,20210927,190000,38.775,38.775,38.775,38.775,100,0
DWX.US,5,20210927,190500,38.78,38.78,38.7701,38.7701,750,0
DWX.US,5,20210927,191500,38.78,38.79,38.78,38.79,24573,0
DWX.US,5,20210927,192500,38.7857,38.7857,38.7857,38.7857,100,0
DWX.US,5,20210927,194500,38.77,38.775,38.762,38.775,974,0
DWX.US,5,20210927,195000,38.8,38.8,38.77,38.7778,878,0
DWX.US,5,20210927,202500,38.795,38.795,38.795,38.795,138,0
DWX.US,5,20210927,203000,38.805,38.805,38.805,38.805,171,0
DWX.US,5,20210927,204000,38.7701,38.7701,38.7701,38.7701,232,0
DWX.US,5,20210927,205500,38.7604,38.7604,38.7604,38.7604,231,0
DWX.US,5,20210927,211000,38.77,38.77,38.7603,38.77,1472,0
DWX.US,5,20210927,212500,38.77,38.77,38.7675,38.77,2100,0
DWX.US,5,20210927,213000,38.78,38.78,38.75,38.765,3119,0
DWX.US,5,20210927,214000,38.765,38.765,38.765,38.765,1251,0
DWX.US,5,20210927,214500,38.78,38.78,38.78,38.78,500,0
DWX.US,5,20210927,215000,38.75,38.75,38.75,38.75,500,0
DWX.US,5,20210927,215500,38.77,38.77,38.77,38.77,407,0
DWX.US,5,20210928,153000,38.4,38.4,38.4,38.4,421,0
DWX.US,5,20210928,153500,38.3241,38.3501,38.3241,38.3501,258,0
DWX.US,5,20210928,154000,38.339,38.3399,38.339,38.3399,272,0
DWX.US,5,20210928,154500,38.24,38.24,38.24,38.24,110,0
DWX.US,5,20210928,155000,38.195,38.195,38.195,38.195,110,0
DWX.US,5,20210928,155500,38.2173,38.2173,38.2173,38.2173,563,0
DWX.US,5,20210928,160500,38.22,38.22,38.208,38.208,1329,0
DWX.US,5,20210928,161000,38.2233,38.2233,38.2233,38.2233,180,0
DWX.US,5,20210928,161500,38.1859,38.1859,38.1859,38.1859,200,0
DWX.US,5,20210928,162000,38.18,38.221,38.18,38.221,1108,0
DWX.US,5,20210928,162500,38.22,38.24,38.22,38.24,2000,0
DWX.US,5,20210928,163000,38.2399,38.2399,38.2399,38.2399,425,0
DWX.US,5,20210928,163500,38.265,38.265,38.265,38.265,225,0
DWX.US,5,20210928,164000,38.26,38.27,38.26,38.26,3210,0
DWX.US,5,20210928,164500,38.27,38.27,38.27,38.27,100,0
DWX.US,5,20210928,165500,38.22,38.22,38.22,38.22,282,0
DWX.US,5,20210928,170000,38.2,38.2,38.2,38.2,100,0
DWX.US,5,20210928,170500,38.2331,38.2331,38.22,38.22,700,0
DWX.US,5,20210928,172000,38.2239,38.2239,38.22,38.22,600,0
DWX.US,5,20210928,172500,38.25,38.25,38.25,38.25,239,0
DWX.US,5,20210928,173000,38.23,38.23,38.23,38.23,300,0
DWX.US,5,20210928,173500,38.21,38.21,38.2006,38.2006,697,0
DWX.US,5,20210928,174000,38.19,38.19,38.19,38.19,8100,0
DWX.US,5,20210928,175500,38.2282,38.2282,38.21,38.21,900,0
DWX.US,5,20210928,180000,38.21,38.21,38.21,38.21,100,0
DWX.US,5,20210928,182500,38.23,38.2484,38.22,38.22,9104,0
DWX.US,5,20210928,183000,38.21,38.22,38.18,38.18,6730,0
DWX.US,5,20210928,183500,38.19,38.19,38.18,38.18,8400,0
DWX.US,5,20210928,184500,38.16,38.16,38.16,38.16,500,0
DWX.US,5,20210928,185500,38.145,38.145,38.145,38.145,184,0
DWX.US,5,20210928,190500,38.13,38.13,38.12,38.12,4700,0
DWX.US,5,20210928,191000,38.1659,38.1659,38.1659,38.1659,200,0
DWX.US,5,20210928,192500,38.2177,38.2177,38.2177,38.2177,123,0
DWX.US,5,20210928,193500,38.18,38.18,38.18,38.18,112,0
DWX.US,5,20210928,194000,38.185,38.19,38.185,38.19,1042,0
DWX.US,5,20210928,201000,38.16,38.16,38.16,38.16,3345,0
DWX.US,5,20210928,201500,38.17,38.17,38.17,38.17,300,0
DWX.US,5,20210928,204000,38.205,38.205,38.1928,38.2,1270,0
DWX.US,5,20210928,205000,38.27,38.27,38.2694,38.2694,962,0
DWX.US,5,20210928,210000,38.243,38.243,38.243,38.243,149,0
DWX.US,5,20210928,210500,38.2499,38.2499,38.2499,38.2499,990,0
DWX.US,5,20210928,211500,38.2621,38.2621,38.25,38.25,800,0
DWX.US,5,20210928,214000,38.2396,38.2396,38.2351,38.2351,825,0
DWX.US,5,20210928,215000,38.1997,38.1997,38.1997,38.1997,261,0
DWX.US,5,20210928,215500,38.25,38.25,38.18,38.18,634,0
DWX.US,5,20210929,153000,38.1505,38.1505,38.1505,38.1505,315,0
DWX.US,5,20210929,153500,38.15,38.15,38.15,38.15,238,0
DWX.US,5,20210929,154000,38.1459,38.1459,38.1459,38.1459,236,0
DWX.US,5,20210929,154500,38.1261,38.1261,38.1261,38.1261,125,0
DWX.US,5,20210929,155000,38.155,38.155,38.155,38.155,289,0
DWX.US,5,20210929,155500,38.2499,38.2499,38.2499,38.2499,300,0
DWX.US,5,20210929,160000,38.1998,38.1998,38.1998,38.1998,100,0
DWX.US,5,20210929,164500,38.17,38.19,38.17,38.19,600,0
DWX.US,5,20210929,165500,38.1538,38.1602,38.1538,38.1602,2183,0
DWX.US,5,20210929,170500,38.1801,38.1801,38.1801,38.1801,328,0
DWX.US,5,20210929,171500,38.1574,38.1574,38.1574,38.1574,100,0
DWX.US,5,20210929,174500,38.1241,38.1241,38.1241,38.1241,141,0
DWX.US,5,20210929,175000,38.15,38.15,38.15,38.15,134,0
DWX.US,5,20210929,175500,38.1186,38.1186,38.1186,38.1186,200,0
DWX.US,5,20210929,180000,38.1699,38.1699,38.1699,38.1699,206,0
DWX.US,5,20210929,180500,38.13,38.13,38.13,38.13,144,0
DWX.US,5,20210929,182500,38.0921,38.0921,38.0921,38.0921,400,0
DWX.US,5,20210929,183000,38.0926,38.1093,38.0926,38.1093,616,0
DWX.US,5,20210929,184000,38.08,38.08,38.07,38.07,680,0
DWX.US,5,20210929,185500,38.0697,38.0697,38.0697,38.0697,135,0
DWX.US,5,20210929,191000,38.0843,38.0843,38.0606,38.0606,425,0
DWX.US,5,20210929,192000,38.085,38.085,38.085,38.085,100,0
DWX.US,5,20210929,193000,38.06,38.06,38.04,38.0403,1684,0
DWX.US,5,20210929,193500,38.04,38.0598,38.04,38.0598,547,0
DWX.US,5,20210929,201000,38.11,38.11,38.11,38.11,100,0
DWX.US,5,20210929,202000,38.11,38.11,38.11,38.11,110,0
DWX.US,5,20210929,203000,38.1258,38.1258,38.1258,38.1258,1295,0
DWX.US,5,20210929,210000,38.14,38.14,38.14,38.14,100,0
DWX.US,5,20210929,210500,38.12,38.12,38.12,38.12,100,0
DWX.US,5,20210929,214500,38.07,38.07,38.07,38.07,1396,0
DWX.US,5,20210929,215000,38.06,38.0889,38.05,38.0889,3223,0
DWX.US,5,20210929,215500,38.04,38.07,38.02,38.02,850,0
DWX.US,5,20210930,153000,38.09,38.09,38.09,38.09,339,0
DWX.US,5,20210930,154500,38.05,38.06,38.05,38.06,750,0
DWX.US,5,20210930,155000,38.12,38.12,38.12,38.12,100,0
DWX.US,5,20210930,160000,38.045,38.045,38.045,38.045,240,0
DWX.US,5,20210930,160500,38.035,38.035,38.035,38.035,230,0
DWX.US,5,20210930,162000,38.0668,38.0668,38.0668,38.0668,293,0
DWX.US,5,20210930,163000,38.06,38.06,38.06,38.06,150,0
DWX.US,5,20210930,163500,38.1073,38.1073,38.1073,38.1073,435,0
DWX.US,5,20210930,164500,38.065,38.065,38.065,38.065,113,0
DWX.US,5,20210930,165500,38.05,38.05,38.05,38.05,100,0
DWX.US,5,20210930,170500,38.11,38.11,38.11,38.11,1172,0
DWX.US,5,20210930,171000,38.12,38.139,38.12,38.139,753,0
DWX.US,5,20210930,172500,38.1,38.1,38.1,38.1,2177,0
DWX.US,5,20210930,173000,38.11,38.11,38.11,38.11,100,0
DWX.US,5,20210930,174500,38.01,38.01,37.94,37.94,1468,0
DWX.US,5,20210930,175000,37.96,37.96,37.96,37.96,100,0
DWX.US,5,20210930,181500,37.8899,37.8899,37.8899,37.8899,469,0
DWX.US,5,20210930,182000,37.9327,37.9327,37.9327,37.9327,156,0
DWX.US,5,20210930,183000,37.89,37.89,37.89,37.89,113,0
DWX.US,5,20210930,183500,37.91,37.91,37.91,37.91,100,0
DWX.US,5,20210930,185000,37.9501,37.971,37.9501,37.971,368,0
DWX.US,5,20210930,191000,37.9853,38.005,37.9853,38.005,348,0
DWX.US,5,20210930,192500,37.945,37.945,37.945,37.945,200,0
DWX.US,5,20210930,193000,37.9288,37.9288,37.9288,37.9288,583,0
DWX.US,5,20210930,193500,37.9377,37.955,37.9377,37.955,607,0
DWX.US,5,20210930,195000,37.9413,37.9413,37.9413,37.9413,159,0
DWX.US,5,20210930,200000,38.0117,38.0117,38.0117,38.0117,841,0
DWX.US,5,20210930,200500,38.0682,38.0682,38.0682,38.0682,1964,0
DWX.US,5,20210930,203000,38.03,38.03,38.03,38.03,168,0
DWX.US,5,20210930,205500,38.0699,38.0699,38.0699,38.0699,143,0
DWX.US,5,20210930,210000,38.05,38.05,38.05,38.05,263,0
DWX.US,5,20210930,211000,38.0643,38.0643,38.0643,38.0643,219,0
DWX.US,5,20210930,215000,38,38,38,38,200,0
DWX.US,5,20210930,215500,37.95,37.97,37.95,37.97,356,0
DWX.US,5,20211001,153000,38.04,38.11,38.04,38.075,4582,0
DWX.US,5,20211001,153500,38.07,38.0725,38.02,38.02,2400,0
DWX.US,5,20211001,154000,38.0241,38.0241,37.99,37.99,1018,0
DWX.US,5,20211001,154500,38.0157,38.0157,38.0157,38.0157,200,0
DWX.US,5,20211001,155000,37.9715,37.9715,37.9715,37.9715,300,0
DWX.US,5,20211001,155500,37.97,37.97,37.97,37.97,500,0
DWX.US,5,20211001,160000,37.96,38,37.96,37.98,2960,0
DWX.US,5,20211001,160500,37.97,38.005,37.97,38.005,2012,0
DWX.US,5,20211001,161500,37.96,37.96,37.96,37.96,109,0
DWX.US,5,20211001,162000,37.9521,37.9521,37.9521,37.9521,300,0
DWX.US,5,20211001,162500,37.95,37.95,37.95,37.95,735,0
DWX.US,5,20211001,164500,37.9058,37.9058,37.9058,37.9058,100,0
DWX.US,5,20211001,170000,37.9201,37.96,37.9201,37.96,762,0
DWX.US,5,20211001,171500,38.0066,38.0066,38.0066,38.0066,116,0
DWX.US,5,20211001,172500,38,38,38,38,1286,0
DWX.US,5,20211001,173000,37.99,37.99,37.99,37.99,200,0
DWX.US,5,20211001,173500,38.0306,38.0306,38.0306,38.0306,384,0
DWX.US,5,20211001,174000,38.0466,38.05,38.0466,38.05,241,0
DWX.US,5,20211001,174500,38.08,38.0891,38.06,38.06,2600,0
DWX.US,5,20211001,175500,38.0302,38.0302,38.0302,38.0302,330,0
DWX.US,5,20211001,180500,38.06,38.06,38.06,38.06,100,0
DWX.US,5,20211001,182000,38.04,38.04,38.04,38.04,58055,0
DWX.US,5,20211001,183000,38.09,38.09,38.09,38.09,100,0
DWX.US,5,20211001,184000,38.07,38.07,38.07,38.07,100,0
DWX.US,5,20211001,184500,38.08,38.08,38.07,38.07,850,0
DWX.US,5,20211001,191000,38.095,38.095,38.08,38.08,417,0
DWX.US,5,20211001,192000,38.08,38.08,38.08,38.08,350,0
DWX.US,5,20211001,193000,38.11,38.11,38.11,38.11,100,0
DWX.US,5,20211001,194000,38.12,38.1299,38.12,38.12,800,0
DWX.US,5,20211001,194500,38.1238,38.1399,38.09,38.1399,1061,0
DWX.US,5,20211001,195500,38.12,38.125,38.12,38.125,200,0
DWX.US,5,20211001,200000,38.13,38.1331,38.13,38.13,1140,0
DWX.US,5,20211001,201500,38.15,38.15,38.15,38.15,100,0
DWX.US,5,20211001,202000,38.16,38.189,38.16,38.16,2129,0
DWX.US,5,20211001,203000,38.16,38.16,38.16,38.16,300,0
DWX.US,5,20211001,203500,38.169,38.169,38.169,38.169,262,0
DWX.US,5,20211001,204000,38.1763,38.18,38.14,38.14,1422,0
DWX.US,5,20211001,205500,38.17,38.17,38.165,38.165,200,0
DWX.US,5,20211001,210000,38.17,38.183,38.17,38.18,2409,0
DWX.US,5,20211001,210500,38.18,38.18,38.18,38.18,300,0
DWX.US,5,20211001,211000,38.19,38.19,38.1849,38.19,2258,0
DWX.US,5,20211001,211500,38.2,38.2,38.18,38.18,4060,0
DWX.US,5,20211001,212000,38.17,38.17,38.16,38.16,4900,0
DWX.US,5,20211001,214500,38.15,38.15,38.14,38.14,1042,0
DWX.US,5,20211001,215000,38.17,38.17,38.16,38.16,370,0
DWX.US,5,20211001,215500,38.14,38.14,38.11,38.12,447,0
DWX.US,5,20211004,153000,38.16,38.16,38.16,38.16,1656,0
DWX.US,5,20211004,153500,38.216,38.216,38.216,38.216,1069,0
DWX.US,5,20211004,160000,38.27,38.2972,38.2675,38.2972,9175,0
DWX.US,5,20211004,160500,38.3,38.3,38.3,38.3,1135,0
DWX.US,5,20211004,162000,38.2991,38.2991,38.24,38.24,697,0
DWX.US,5,20211004,162500,38.23,38.23,38.2,38.22,6001,0
DWX.US,5,20211004,163000,38.18,38.18,38.18,38.18,4575,0
DWX.US,5,20211004,163500,38.15,38.15,38.09,38.11,21548,0
DWX.US,5,20211004,164000,38.115,38.14,38.115,38.14,5200,0
DWX.US,5,20211004,164500,38.18,38.18,38.18,38.18,125,0
DWX.US,5,20211004,165000,38.1,38.12,38.1,38.12,4900,0
DWX.US,5,20211004,165500,38.11,38.1351,38.11,38.1351,6147,0
DWX.US,5,20211004,170000,38.11,38.12,38.1,38.1,4300,0
DWX.US,5,20211004,170500,38.09,38.1299,38.09,38.1299,1610,0
DWX.US,5,20211004,171000,38.1056,38.1056,38.1056,38.1056,140,0
DWX.US,5,20211004,171500,38.11,38.12,38.11,38.12,400,0
DWX.US,5,20211004,172000,38.115,38.115,38.09,38.09,1695,0
DWX.US,5,20211004,172500,38.09,38.09,38.09,38.09,100,0
DWX.US,5,20211004,175500,38.15,38.15,38.15,38.15,100,0
DWX.US,5,20211004,180500,38.14,38.14,38.14,38.14,200,0
DWX.US,5,20211004,183000,38.115,38.115,38.115,38.115,250,0
DWX.US,5,20211004,183500,38.12,38.12,38.12,38.12,206,0
DWX.US,5,20211004,184000,38.1,38.1,38.1,38.1,100,0
DWX.US,5,20211004,190500,38.104,38.104,38.104,38.104,100,0
DWX.US,5,20211004,191000,38.1238,38.1238,38.1238,38.1238,240,0
DWX.US,5,20211004,192000,38.125,38.125,38.125,38.125,1430,0
DWX.US,5,20211004,193000,38.12,38.12,38.12,38.12,100,0
DWX.US,5,20211004,195000,38.12,38.12,38.12,38.12,200,0
DWX.US,5,20211004,195500,38.1191,38.1281,38.1191,38.1281,437,0
DWX.US,5,20211004,200000,38.1201,38.1268,38.1201,38.1268,450,0
DWX.US,5,20211004,201500,38.1133,38.1133,38.1133,38.1133,611,0
DWX.US,5,20211004,203500,38.1203,38.1458,38.1203,38.1458,1747,0
DWX.US,5,20211004,204000,38.15,38.15,38.1494,38.1494,381,0
DWX.US,5,20211004,204500,38.1655,38.1655,38.1655,38.1655,101,0
DWX.US,5,20211004,210000,38.17,38.17,38.17,38.17,200,0
DWX.US,5,20211004,210500,38.16,38.16,38.16,38.16,1200,0
DWX.US,5,20211004,212000,38.13,38.1365,38.13,38.1344,700,0
DWX.US,5,20211004,212500,38.15,38.15,38.15,38.15,500,0
DWX.US,5,20211004,213000,38.14,38.14,38.14,38.14,644,0
DWX.US,5,20211004,214000,38.178,38.178,38.178,38.178,6780,0
DWX.US,5,20211004,214500,38.185,38.19,38.185,38.19,700,0
DWX.US,5,20211004,215000,38.14,38.14,38.14,38.14,108,0
DWX.US,5,20211004,215500,38.16,38.21,38.16,38.21,754,0
DWX.US,5,20211005,153500,38.15,38.15,38.1,38.1,1170,0
DWX.US,5,20211005,154000,38.1,38.1,38.1,38.1,200,0
DWX.US,5,20211005,155000,38.115,38.12,38.115,38.12,400,0
DWX.US,5,20211005,155500,38.13,38.14,38.12,38.13,5516,0
DWX.US,5,20211005,160000,38.15,38.15,38.13,38.13,5300,0
DWX.US,5,20211005,161000,38.185,38.185,38.185,38.185,250,0
DWX.US,5,20211005,162500,38.19,38.19,38.19,38.19,100,0
DWX.US,5,20211005,163000,38.205,38.205,38.19,38.19,4400,0
DWX.US,5,20211005,163500,38.17,38.17,38.17,38.17,200,0
DWX.US,5,20211005,164500,38.19,38.19,38.18,38.18,2600,0
DWX.US,5,20211005,165000,38.1874,38.1874,38.1874,38.1874,193,0
DWX.US,5,20211005,171000,38.1916,38.1916,38.1916,38.1916,823,0
DWX.US,5,20211005,172000,38.2457,38.2457,38.2457,38.2457,1500,0
DWX.US,5,20211005,174000,38.23,38.23,38.21,38.21,700,0
DWX.US,5,20211005,174500,38.2,38.2,38.2,38.2,300,0
DWX.US,5,20211005,175500,38.2257,38.2257,38.2257,38.2257,100,0
DWX.US,5,20211005,181500,38.22,38.22,38.22,38.22,300,0
DWX.US,5,20211005,182000,38.22,38.22,38.211,38.211,738,0
DWX.US,5,20211005,182500,38.2,38.2,38.2,38.2,200,0
DWX.US,5,20211005,184000,38.1964,38.1964,38.1964,38.1964,117,0
DWX.US,5,20211005,184500,38.1934,38.21,38.1934,38.21,958,0
DWX.US,5,20211005,185500,38.205,38.205,38.205,38.205,627,0
DWX.US,5,20211005,190000,38.2,38.2,38.1875,38.19,3300,0
DWX.US,5,20211005,190500,38.19,38.2,38.1875,38.19,3710,0
DWX.US,5,20211005,191000,38.19,38.205,38.19,38.195,4200,0
DWX.US,5,20211005,192000,38.2,38.2,38.2,38.2,700,0
DWX.US,5,20211005,192500,38.1993,38.2,38.185,38.2,1961,0
DWX.US,5,20211005,193000,38.19,38.19,38.19,38.19,200,0
DWX.US,5,20211005,193500,38.2,38.2,38.2,38.2,117,0
DWX.US,5,20211005,195500,38.21,38.2183,38.21,38.2177,2548,0
DWX.US,5,20211005,200000,38.2282,38.2282,38.2282,38.2282,287,0
DWX.US,5,20211005,200500,38.22,38.22,38.2167,38.2167,330,0
DWX.US,5,20211005,201000,38.22,38.22,38.22,38.22,300,0
DWX.US,5,20211005,201500,38.22,38.22,38.21,38.21,500,0
DWX.US,5,20211005,202000,38.21,38.21,38.2,38.2,2800,0
DWX.US,5,20211005,204000,38.23,38.23,38.23,38.23,400,0
DWX.US,5,20211005,210000,38.2084,38.2084,38.2,38.2,735,0
DWX.US,5,20211005,212000,38.2,38.2,38.19,38.19,663,0
DWX.US,5,20211005,212500,38.2,38.2,38.2,38.2,100,0
DWX.US,5,20211005,213000,38.195,38.195,38.1821,38.1821,221,0
DWX.US,5,20211005,213500,38.2,38.2,38.2,38.2,100,0
DWX.US,5,20211005,215000,38.18,38.18,38.18,38.18,100,0
DWX.US,5,20211005,215500,38.14,38.14,38.14,38.14,300,0
DWX.US,5,20211006,153000,37.86,37.865,37.86,37.865,6946,0
DWX.US,5,20211006,154500,37.9,37.9,37.9,37.9,300,0
DWX.US,5,20211006,155500,37.87,37.87,37.86,37.86,1000,0
DWX.US,5,20211006,160500,37.83,37.87,37.83,37.87,1500,0
DWX.US,5,20211006,161000,37.8758,37.91,37.8758,37.91,640,0
DWX.US,5,20211006,161500,37.919,37.9199,37.875,37.875,1283,0
DWX.US,5,20211006,162500,37.9358,37.9358,37.9339,37.9339,342,0
DWX.US,5,20211006,163500,37.9457,37.9457,37.9457,37.9457,1000,0
DWX.US,5,20211006,164500,37.925,37.925,37.925,37.925,131,0
DWX.US,5,20211006,165000,37.95,37.95,37.95,37.95,100,0
DWX.US,5,20211006,171500,37.935,37.935,37.93,37.93,1033,0
DWX.US,5,20211006,172000,37.8818,37.8818,37.8818,37.8818,200,0
DWX.US,5,20211006,172500,37.88,37.88,37.88,37.88,200,0
DWX.US,5,20211006,174500,37.89,37.89,37.89,37.89,100,0
DWX.US,5,20211006,175500,37.9541,37.9541,37.9541,37.9541,200,0
DWX.US,5,20211006,183000,37.8938,37.8938,37.8938,37.8938,850,0
DWX.US,5,20211006,184500,37.92,37.92,37.92,37.92,400,0
DWX.US,5,20211006,185000,37.9,37.9,37.9,37.9,150,0
DWX.US,5,20211006,190000,37.8892,37.8892,37.8892,37.8892,300,0
DWX.US,5,20211006,190500,37.898,37.898,37.898,37.898,200,0
DWX.US,5,20211006,191000,37.8818,37.8818,37.8818,37.8818,145,0
DWX.US,5,20211006,193500,37.9943,37.9943,37.9943,37.9943,180,0
DWX.US,5,20211006,194000,38.01,38.01,38.01,38.01,100,0
DWX.US,5,20211006,194500,38.0241,38.0379,38.02,38.02,1595,0
DWX.US,5,20211006,195000,38.04,38.04,38.03,38.03,1600,0
DWX.US,5,20211006,195500,38,38.01,38,38.01,668,0
DWX.US,5,20211006,200000,38.03,38.03,38.03,38.03,100,0
DWX.US,5,20211006,200500,38.061,38.061,38.0574,38.0574,869,0
DWX.US,5,20211006,201500,38.07,38.07,38.07,38.07,500,0
DWX.US,5,20211006,202000,38.07,38.07,38.07,38.07,600,0
DWX.US,5,20211006,202500,38.08,38.08,38.08,38.08,800,0
DWX.US,5,20211006,203000,38.0823,38.0823,38.0823,38.0823,335,0
DWX.US,5,20211006,203500,38.08,38.08,38.08,38.08,600,0
DWX.US,5,20211006,204000,38.11,38.11,38.11,38.11,298,0
DWX.US,5,20211006,205000,38.08,38.081,38.08,38.081,500,0
DWX.US,5,20211006,205500,38.08,38.08,38.08,38.08,1900,0
DWX.US,5,20211006,210000,38.0689,38.0689,38.0689,38.0689,200,0
DWX.US,5,20211006,212000,38.09,38.09,38.0828,38.0828,827,0
DWX.US,5,20211006,213000,38.1,38.1,38.1,38.1,900,0
DWX.US,5,20211006,213500,38.085,38.085,38.085,38.085,500,0
DWX.US,5,20211006,214500,38.13,38.13,38.1189,38.1189,554,0
DWX.US,5,20211006,215000,38.13,38.14,38.13,38.14,700,0
DWX.US,5,20211006,215500,38.13,38.17,38.13,38.17,1421,0
DWX.US,5,20211007,153000,38.33,38.33,38.33,38.33,1072,0
DWX.US,5,20211007,155000,38.3806,38.3806,38.3806,38.3806,213,0
DWX.US,5,20211007,160500,38.405,38.405,38.405,38.405,300,0
DWX.US,5,20211007,161000,38.41,38.41,38.41,38.41,683,0
DWX.US,5,20211007,162500,38.4036,38.4036,38.4036,38.4036,230,0
DWX.US,5,20211007,163000,38.4024,38.4024,38.4024,38.4024,300,0
DWX.US,5,20211007,163500,38.42,38.42,38.42,38.42,250,0
DWX.US,5,20211007,164000,38.3956,38.3956,38.3956,38.3956,120,0
DWX.US,5,20211007,164500,38.3832,38.4098,38.3832,38.4098,1418,0
DWX.US,5,20211007,165000,38.3907,38.3907,38.3907,38.3907,165,0
DWX.US,5,20211007,171000,38.4088,38.4088,38.4018,38.4018,650,0
DWX.US,5,20211007,172000,38.395,38.395,38.395,38.395,260,0
DWX.US,5,20211007,172500,38.4271,38.4271,38.4271,38.4271,371,0
DWX.US,5,20211007,173000,38.4193,38.4193,38.4193,38.4193,1562,0
DWX.US,5,20211007,173500,38.4018,38.4018,38.4018,38.4018,758,0
DWX.US,5,20211007,174500,38.41,38.41,38.41,38.41,200,0
DWX.US,5,20211007,175000,38.3971,38.3971,38.3883,38.3883,405,0
DWX.US,5,20211007,180000,38.4,38.4,38.4,38.4,100,0
DWX.US,5,20211007,180500,38.4,38.4,38.4,38.4,210,0
DWX.US,5,20211007,185500,38.3883,38.3883,38.3883,38.3883,136,0
DWX.US,5,20211007,193500,38.4,38.4,38.4,38.4,1066,0
DWX.US,5,20211007,194500,38.3877,38.3877,38.3877,38.3877,300,0
DWX.US,5,20211007,200000,38.36,38.36,38.36,38.36,260,0
DWX.US,5,20211007,201000,38.369,38.369,38.369,38.369,525,0
DWX.US,5,20211007,202000,38.3696,38.3696,38.3696,38.3696,454,0
DWX.US,5,20211007,205000,38.3083,38.3083,38.3083,38.3083,116,0
DWX.US,5,20211007,211000,38.3234,38.3234,38.3234,38.3234,120,0
DWX.US,5,20211007,212000,38.34,38.34,38.34,38.34,100,0
DWX.US,5,20211007,212500,38.321,38.35,38.321,38.35,300,0
DWX.US,5,20211007,215000,38.33,38.33,38.33,38.33,100,0
DWX.US,5,20211007,215500,38.33,38.35,38.33,38.35,854,0
DWX.US,5,20211008,153000,38.29,38.29,38.29,38.29,880,0
DWX.US,5,20211008,155500,38.25,38.25,38.235,38.235,200,0
DWX.US,5,20211008,160000,38.26,38.26,38.26,38.26,100,0
DWX.US,5,20211008,160500,38.29,38.29,38.29,38.29,100,0
DWX.US,5,20211008,161000,38.2474,38.2474,38.2474,38.2474,300,0
DWX.US,5,20211008,161500,38.25,38.25,38.25,38.25,135,0
DWX.US,5,20211008,162000,38.255,38.255,38.255,38.255,300,0
DWX.US,5,20211008,164500,38.289,38.289,38.289,38.289,260,0
DWX.US,5,20211008,165000,38.2812,38.2812,38.27,38.27,417,0
DWX.US,5,20211008,165500,38.28,38.2996,38.28,38.2996,345,0
DWX.US,5,20211008,171500,38.3058,38.3058,38.3058,38.3058,172,0
DWX.US,5,20211008,173500,38.2312,38.2312,38.2312,38.2312,1626,0
DWX.US,5,20211008,174000,38.2248,38.2248,38.2248,38.2248,320,0
DWX.US,5,20211008,174500,38.25,38.2599,38.22,38.2599,1105,0
DWX.US,5,20211008,180000,38.2345,38.25,38.2345,38.2352,550,0
DWX.US,5,20211008,180500,38.2349,38.25,38.2349,38.25,503,0
DWX.US,5,20211008,181500,38.2569,38.2569,38.2569,38.2569,986,0
DWX.US,5,20211008,185000,38.2357,38.2357,38.2357,38.2357,230,0
DWX.US,5,20211008,190500,38.225,38.225,38.225,38.225,222,0
DWX.US,5,20211008,192500,38.21,38.21,38.21,38.21,300,0
DWX.US,5,20211008,194000,38.2299,38.2299,38.2299,38.2299,500,0
DWX.US,5,20211008,195000,38.2001,38.2166,38.2001,38.2166,279,0
DWX.US,5,20211008,195500,38.2301,38.2301,38.2301,38.2301,2425,0
DWX.US,5,20211008,201000,38.27,38.27,38.27,38.27,100,0
DWX.US,5,20211008,202000,38.27,38.27,38.2605,38.2605,1200,0
DWX.US,5,20211008,202500,38.29,38.29,38.29,38.29,100,0
DWX.US,5,20211008,203500,38.28,38.28,38.28,38.28,456,0
DWX.US,5,20211008,210000,38.275,38.2896,38.275,38.2896,585,0
DWX.US,5,20211008,210500,38.2861,38.2861,38.2808,38.2808,341,0
DWX.US,5,20211008,211000,38.2601,38.2601,38.2601,38.2601,257,0
DWX.US,5,20211008,213000,38.255,38.255,38.255,38.255,100,0
DWX.US,5,20211008,214000,38.246,38.249,38.246,38.249,600,0
DWX.US,5,20211008,215000,38.23,38.23,38.2299,38.2299,312,0
DWX.US,5,20211008,215500,38.23,38.23,38.22,38.22,451,0
DWX.US,5,20211011,153000,38.24,38.24,38.24,38.24,457,0
DWX.US,5,20211011,154500,38.28,38.28,38.28,38.28,256,0
DWX.US,5,20211011,155500,38.27,38.27,38.27,38.27,700,0
DWX.US,5,20211011,160500,38.26,38.26,38.251,38.251,507,0
DWX.US,5,20211011,161000,38.26,38.26,38.26,38.26,775,0
DWX.US,5,20211011,161500,38.27,38.27,38.27,38.27,100,0
DWX.US,5,20211011,162000,38.2884,38.2884,38.2884,38.2884,300,0
DWX.US,5,20211011,164000,38.24,38.24,38.24,38.24,400,0
DWX.US,5,20211011,164500,38.2388,38.2388,38.2388,38.2388,100,0
DWX.US,5,20211011,170500,38.28,38.28,38.2727,38.2727,500,0
DWX.US,5,20211011,172000,38.26,38.26,38.26,38.26,860,0
DWX.US,5,20211011,180500,38.24,38.24,38.23,38.23,300,0
DWX.US,5,20211011,181000,38.25,38.25,38.25,38.25,200,0
DWX.US,5,20211011,181500,38.24,38.24,38.24,38.24,400,0
DWX.US,5,20211011,182000,38.24,38.24,38.24,38.24,100,0
DWX.US,5,20211011,183000,38.2507,38.2507,38.2507,38.2507,887,0
DWX.US,5,20211011,184500,38.225,38.24,38.225,38.24,557,0
DWX.US,5,20211011,185000,38.2157,38.2157,38.2157,38.2157,186,0
DWX.US,5,20211011,185500,38.2107,38.2107,38.205,38.205,535,0
DWX.US,5,20211011,190500,38.16,38.19,38.16,38.19,400,0
DWX.US,5,20211011,192500,38.14,38.14,38.121,38.121,1105,0
DWX.US,5,20211011,193000,38.11,38.11,38.11,38.11,100,0
DWX.US,5,20211011,193500,38.13,38.13,38.13,38.13,100,0
DWX.US,5,20211011,194000,38.1344,38.1344,38.13,38.13,569,0
DWX.US,5,20211011,194500,38.152,38.152,38.152,38.152,210,0
DWX.US,5,20211011,195000,38.11,38.1387,38.11,38.1387,250,0
DWX.US,5,20211011,195500,38.1,38.125,38.1,38.125,230,0
DWX.US,5,20211011,200000,38.12,38.12,38.12,38.12,100,0
DWX.US,5,20211011,200500,38.14,38.14,38.14,38.14,100,0
DWX.US,5,20211011,201000,38.165,38.165,38.165,38.165,200,0
DWX.US,5,20211011,201500,38.1555,38.16,38.1555,38.16,323,0
DWX.US,5,20211011,202500,38.13,38.13,38.13,38.13,407,0
DWX.US,5,20211011,203500,38.1347,38.1347,38.125,38.125,1200,0
DWX.US,5,20211011,204500,38.15,38.15,38.15,38.15,200,0
DWX.US,5,20211011,205500,38.14,38.14,38.14,38.14,100,0
DWX.US,5,20211011,210000,38.1501,38.1501,38.1501,38.1501,900,0
DWX.US,5,20211011,210500,38.135,38.135,38.135,38.135,410,0
DWX.US,5,20211011,211000,38.135,38.15,38.135,38.15,1361,0
DWX.US,5,20211011,213000,38.11,38.11,38.11,38.11,100,0
DWX.US,5,20211011,215500,38.1,38.1,38.09,38.09,669,0
DWX.US,5,20211012,153000,38.1312,38.1312,38.12,38.12,969,0
DWX.US,5,20211012,154500,38.07,38.0899,38.07,38.0899,900,0
DWX.US,5,20211012,155000,38.14,38.14,38.14,38.14,400,0
DWX.US,5,20211012,160000,38.16,38.16,38.16,38.16,34130,0
DWX.US,5,20211012,164000,38.17,38.17,38.17,38.17,300,0
DWX.US,5,20211012,170000,38.1961,38.1961,38.1961,38.1961,500,0
DWX.US,5,20211012,171000,38.21,38.21,38.21,38.21,125,0
DWX.US,5,20211012,171500,38.1999,38.1999,38.1999,38.1999,200,0
DWX.US,5,20211012,172000,38.19,38.19,38.19,38.19,197,0
DWX.US,5,20211012,173000,38.2,38.2,38.1929,38.1929,400,0
DWX.US,5,20211012,173500,38.1979,38.2,38.1979,38.2,700,0
DWX.US,5,20211012,175500,38.22,38.225,38.22,38.22,890,0
DWX.US,5,20211012,180000,38.243,38.243,38.243,38.243,100,0
DWX.US,5,20211012,184500,38.1826,38.1826,38.1826,38.1826,439,0
DWX.US,5,20211012,192000,38.16,38.16,38.16,38.16,196,0
DWX.US,5,20211012,193500,38.1904,38.1904,38.16,38.16,1500,0
DWX.US,5,20211012,201000,38.2,38.2,38.2,38.2,108,0
DWX.US,5,20211012,201500,38.22,38.2291,38.22,38.2291,200,0
DWX.US,5,20211012,202500,38.22,38.22,38.22,38.22,400,0
DWX.US,5,20211012,203500,38.1775,38.1775,38.1775,38.1775,150,0
DWX.US,5,20211012,204500,38.19,38.19,38.19,38.19,222,0
DWX.US,5,20211012,205000,38.1831,38.2,38.1831,38.2,985,0
DWX.US,5,20211012,210500,38.15,38.15,38.15,38.15,260,0
DWX.US,5,20211012,214000,38.1769,38.1769,38.1769,38.1769,300,0
DWX.US,5,20211012,214500,38.1595,38.1595,38.1595,38.1595,200,0
DWX.US,5,20211012,215500,38.16,38.16,38.13,38.13,442,0
DWX.US,5,20211013,153000,38.31,38.375,38.31,38.375,1521,0
DWX.US,5,20211013,153500,38.41,38.41,38.41,38.41,2100,0
DWX.US,5,20211013,154000,38.4,38.4,38.4,38.4,100,0
DWX.US,5,20211013,154500,38.36,38.36,38.36,38.36,500,0
DWX.US,5,20211013,155000,38.331,38.331,38.331,38.331,147,0
DWX.US,5,20211013,155500,38.31,38.35,38.31,38.35,1675,0
DWX.US,5,20211013,161500,38.3211,38.3211,38.32,38.32,500,0
DWX.US,5,20211013,163000,38.3187,38.3187,38.3187,38.3187,121,0
DWX.US,5,20211013,163500,38.35,38.3722,38.35,38.3722,779,0
DWX.US,5,20211013,170000,38.4,38.4,38.4,38.4,106,0
DWX.US,5,20211013,173500,38.395,38.395,38.395,38.395,300,0
DWX.US,5,20211013,175000,38.46,38.46,38.449,38.449,1039,0
DWX.US,5,20211013,180000,38.4271,38.4498,38.4271,38.4498,1380,0
DWX.US,5,20211013,180500,38.45,38.45,38.45,38.45,100,0
DWX.US,5,20211013,181000,38.46,38.46,38.46,38.46,100,0
DWX.US,5,20211013,181500,38.455,38.47,38.435,38.435,1210,0
DWX.US,5,20211013,182000,38.45,38.45,38.44,38.44,300,0
DWX.US,5,20211013,182500,38.45,38.47,38.45,38.47,300,0
DWX.US,5,20211013,183000,38.47,38.47,38.455,38.455,400,0
DWX.US,5,20211013,183500,38.455,38.46,38.455,38.46,200,0
DWX.US,5,20211013,184000,38.47,38.47,38.4539,38.47,1110,0
DWX.US,5,20211013,184500,38.47,38.47,38.45,38.45,400,0
DWX.US,5,20211013,185000,38.4384,38.46,38.435,38.45,440,0
DWX.US,5,20211013,185500,38.45,38.46,38.4339,38.4339,450,0
DWX.US,5,20211013,190000,38.46,38.48,38.46,38.48,400,0
DWX.US,5,20211013,190500,38.48,38.48,38.4501,38.4585,4642,0
DWX.US,5,20211013,191000,38.48,38.49,38.48,38.49,600,0
DWX.US,5,20211013,191500,38.48,38.48,38.48,38.48,500,0
DWX.US,5,20211013,192000,38.49,38.5,38.49,38.5,1300,0
DWX.US,5,20211013,192500,38.5,38.52,38.5,38.52,784,0
DWX.US,5,20211013,193000,38.52,38.52,38.52,38.52,800,0
DWX.US,5,20211013,193500,38.52,38.53,38.52,38.53,300,0
DWX.US,5,20211013,194000,38.53,38.53,38.51,38.51,1800,0
DWX.US,5,20211013,194500,38.5117,38.5183,38.51,38.51,1283,0
DWX.US,5,20211013,195000,38.51,38.52,38.51,38.52,600,0
DWX.US,5,20211013,195500,38.52,38.52,38.495,38.495,800,0
DWX.US,5,20211013,200000,38.4901,38.53,38.48,38.48,1500,0
DWX.US,5,20211013,200500,38.5,38.5,38.48,38.48,2200,0
DWX.US,5,20211013,201000,38.48,38.5,38.48,38.5,400,0
DWX.US,5,20211013,201500,38.5,38.5,38.48,38.48,1437,0
DWX.US,5,20211013,202000,38.49,38.5,38.49,38.49,2000,0
DWX.US,5,20211013,202500,38.49,38.49,38.47,38.47,1570,0
DWX.US,5,20211013,203000,38.47,38.4725,38.4616,38.4725,1576,0
DWX.US,5,20211013,203500,38.4725,38.475,38.4725,38.475,200,0
DWX.US,5,20211013,204000,38.475,38.48,38.46,38.46,300,0
DWX.US,5,20211013,204500,38.47,38.48,38.47,38.48,300,0
DWX.US,5,20211013,205000,38.48,38.48,38.48,38.48,1000,0
DWX.US,5,20211013,205500,38.49,38.5,38.48,38.48,630,0
DWX.US,5,20211013,210000,38.49,38.49,38.49,38.49,200,0
DWX.US,5,20211013,210500,38.475,38.51,38.475,38.51,816,0
DWX.US,5,20211013,211000,38.51,38.52,38.505,38.52,900,0
DWX.US,5,20211013,211500,38.51,38.52,38.51,38.52,400,0
DWX.US,5,20211013,212000,38.505,38.52,38.505,38.52,325,0
DWX.US,5,20211013,212500,38.5,38.5,38.5,38.5,300,0
DWX.US,5,20211013,213000,38.51,38.52,38.5,38.52,500,0
DWX.US,5,20211013,213500,38.52,38.53,38.5086,38.53,2520,0
DWX.US,5,20211013,214000,38.53,38.5379,38.51,38.51,3365,0
DWX.US,5,20211013,214500,38.52,38.53,38.52,38.52,300,0
DWX.US,5,20211013,215000,38.53,38.53,38.53,38.53,600,0
DWX.US,5,20211013,215500,38.52,38.54,38.49,38.49,2427,0
DWX.US,5,20211014,153000,38.75,38.75,38.75,38.75,336,0
DWX.US,5,20211014,153500,38.7,38.7004,38.7,38.7,700,0
DWX.US,5,20211014,154000,38.69,38.69,38.69,38.69,100,0
DWX.US,5,20211014,154500,38.69,38.69,38.69,38.69,300,0
DWX.US,5,20211014,155500,38.715,38.715,38.715,38.715,200,0
DWX.US,5,20211014,160000,38.74,38.74,38.74,38.74,128,0
DWX.US,5,20211014,164000,38.702,38.702,38.7,38.7,550,0
DWX.US,5,20211014,164500,38.6765,38.7078,38.6765,38.7078,260,0
DWX.US,5,20211014,165500,38.6885,38.6885,38.6885,38.6885,1078,0
DWX.US,5,20211014,173000,38.72,38.72,38.72,38.72,100,0
DWX.US,5,20211014,173500,38.72,38.72,38.72,38.72,857,0
DWX.US,5,20211014,174000,38.73,38.73,38.73,38.73,574,0
DWX.US,5,20211014,174500,38.741,38.76,38.741,38.76,1179,0
DWX.US,5,20211014,175500,38.7753,38.7753,38.7753,38.7753,300,0
DWX.US,5,20211014,180000,38.769,38.769,38.769,38.769,1680,0
DWX.US,5,20211014,181000,38.75,38.76,38.75,38.76,200,0
DWX.US,5,20211014,185000,38.74,38.7427,38.74,38.7427,627,0
DWX.US,5,20211014,190000,38.769,38.769,38.7463,38.7463,1128,0
DWX.US,5,20211014,190500,38.71,38.71,38.7,38.71,900,0
DWX.US,5,20211014,192000,38.7291,38.7291,38.7291,38.7291,200,0
DWX.US,5,20211014,192500,38.7,38.71,38.7,38.71,300,0
DWX.US,5,20211014,193000,38.71,38.71,38.71,38.71,300,0
DWX.US,5,20211014,195500,38.74,38.745,38.74,38.745,300,0
DWX.US,5,20211014,201500,38.748,38.748,38.748,38.748,295,0
DWX.US,5,20211014,202500,38.75,38.75,38.7456,38.7456,224,0
DWX.US,5,20211014,203500,38.769,38.769,38.769,38.769,640,0
DWX.US,5,20211014,210000,38.7394,38.7394,38.7394,38.7394,246,0
DWX.US,5,20211014,211000,38.7453,38.7453,38.7453,38.7453,192,0
DWX.US,5,20211014,212500,38.7301,38.7301,38.7301,38.7301,600,0
DWX.US,5,20211014,213000,38.74,38.74,38.74,38.74,129,0
DWX.US,5,20211014,213500,38.7381,38.7381,38.7381,38.7381,125,0
DWX.US,5,20211014,214000,38.7313,38.74,38.7313,38.74,1395,0
DWX.US,5,20211014,214500,38.74,38.74,38.74,38.74,100,0
DWX.US,5,20211014,215000,38.75,38.76,38.75,38.75,1400,0
DWX.US,5,20211014,215500,38.76,38.78,38.74,38.78,385,0
DWX.US,5,20211015,154000,38.76,38.76,38.76,38.76,257,0
DWX.US,5,20211015,154500,38.775,38.775,38.775,38.775,100,0
DWX.US,5,20211015,161500,38.81,38.82,38.81,38.81,1200,0
DWX.US,5,20211015,162500,38.78,38.78,38.78,38.78,200,0
DWX.US,5,20211015,163000,38.7839,38.7839,38.7839,38.7839,1022,0
DWX.US,5,20211015,164500,38.83,38.83,38.83,38.83,2343,0
DWX.US,5,20211015,165500,38.871,38.871,38.871,38.871,381,0
DWX.US,5,20211015,170000,38.865,38.865,38.865,38.865,697,0
DWX.US,5,20211015,180000,38.8097,38.8097,38.8097,38.8097,454,0
DWX.US,5,20211015,180500,38.8172,38.82,38.8172,38.82,332,0
DWX.US,5,20211015,182000,38.805,38.805,38.79,38.79,1950,0
DWX.US,5,20211015,184500,38.82,38.82,38.82,38.82,100,0
DWX.US,5,20211015,190000,38.81,38.81,38.81,38.81,100,0
DWX.US,5,20211015,190500,38.83,38.83,38.81,38.81,2200,0
DWX.US,5,20211015,191000,38.8238,38.83,38.815,38.82,1534,0
DWX.US,5,20211015,191500,38.815,38.815,38.815,38.815,300,0
DWX.US,5,20211015,192500,38.8117,38.8117,38.8117,38.8117,470,0
DWX.US,5,20211015,193500,38.82,38.83,38.82,38.8217,644,0
DWX.US,5,20211015,194000,38.82,38.82,38.82,38.82,100,0
DWX.US,5,20211015,194500,38.82,38.83,38.82,38.83,622,0
DWX.US,5,20211015,195000,38.83,38.83,38.83,38.83,300,0
DWX.US,5,20211015,195500,38.83,38.83,38.83,38.83,126,0
DWX.US,5,20211015,200000,38.83,38.83,38.83,38.83,174,0
DWX.US,5,20211015,201000,38.84,38.84,38.84,38.84,100,0
DWX.US,5,20211015,203500,38.83,38.83,38.83,38.83,399,0
DWX.US,5,20211015,205000,38.8325,38.8325,38.8203,38.8203,246,0
DWX.US,5,20211015,205500,38.85,38.85,38.85,38.85,196,0
DWX.US,5,20211015,210000,38.84,38.84,38.83,38.83,400,0
DWX.US,5,20211015,211000,38.82,38.82,38.82,38.82,150,0
DWX.US,5,20211015,211500,38.825,38.825,38.825,38.825,803,0
DWX.US,5,20211015,212000,38.8215,38.8215,38.8215,38.8215,151,0
DWX.US,5,20211015,212500,38.8222,38.8222,38.8222,38.8222,300,0
DWX.US,5,20211015,213500,38.83,38.83,38.83,38.83,200,0
DWX.US,5,20211015,215500,38.83,38.83,38.83,38.83,492,0
DWX.US,5,20211018,153000,38.7,38.7285,38.7,38.7285,1081,0
DWX.US,5,20211018,153500,38.73,38.73,38.685,38.72,596,0
DWX.US,5,20211018,154000,38.72,38.72,38.72,38.72,500,0
DWX.US,5,20211018,154500,38.7,38.71,38.7,38.71,474,0
DWX.US,5,20211018,163000,38.735,38.735,38.735,38.735,200,0
DWX.US,5,20211018,165000,38.7619,38.7619,38.7619,38.7619,128,0
DWX.US,5,20211018,165500,38.7524,38.7524,38.7524,38.7524,288,0
DWX.US,5,20211018,170000,38.7788,38.7788,38.7788,38.7788,1185,0
DWX.US,5,20211018,170500,38.78,38.78,38.766,38.776,1300,0
DWX.US,5,20211018,171000,38.76,38.79,38.76,38.79,904,0
DWX.US,5,20211018,172000,38.79,38.8,38.79,38.8,600,0
DWX.US,5,20211018,172500,38.7953,38.7953,38.7953,38.7953,108,0
DWX.US,5,20211018,173000,38.779,38.779,38.779,38.779,131,0
DWX.US,5,20211018,174500,38.7757,38.8199,38.7757,38.8199,389,0
DWX.US,5,20211018,182000,38.8126,38.8126,38.8126,38.8126,138,0
DWX.US,5,20211018,185500,38.79,38.805,38.79,38.805,362,0
DWX.US,5,20211018,190000,38.805,38.805,38.805,38.805,800,0
DWX.US,5,20211018,190500,38.7901,38.7901,38.7901,38.7901,105,0
DWX.US,5,20211018,194000,38.7988,38.7988,38.7988,38.7988,163,0
DWX.US,5,20211018,200000,38.805,38.805,38.805,38.805,110,0
DWX.US,5,20211018,201500,38.8075,38.8075,38.8075,38.8075,770,0
DWX.US,5,20211018,203000,38.79,38.79,38.78,38.78,300,0
DWX.US,5,20211018,203500,38.79,38.8099,38.79,38.7918,985,0
DWX.US,5,20211018,204000,38.78,38.78,38.78,38.78,3465,0
DWX.US,5,20211018,204500,38.8065,38.8065,38.8065,38.8065,214,0
DWX.US,5,20211018,205500,38.8115,38.8115,38.8115,38.8115,200,0
DWX.US,5,20211018,213000,38.805,38.805,38.785,38.785,325,0
DWX.US,5,20211018,214500,38.795,38.795,38.795,38.795,1000,0
DWX.US,5,20211018,215000,38.7801,38.7801,38.7801,38.7801,2650,0
DWX.US,5,20211018,215500,38.81,38.81,38.78,38.78,272,0
DWX.US,5,20211019,153000,38.93,38.97,38.93,38.96,10074,0
DWX.US,5,20211019,154000,38.9437,38.9437,38.9437,38.9437,142,0
DWX.US,5,20211019,154500,38.9428,38.9428,38.9428,38.9428,200,0
DWX.US,5,20211019,155500,38.94,38.97,38.94,38.97,300,0
DWX.US,5,20211019,160500,38.9866,38.9866,38.9866,38.9866,1000,0
DWX.US,5,20211019,161500,38.97,38.97,38.97,38.97,100,0
DWX.US,5,20211019,163000,38.99,38.99,38.99,38.99,237,0
DWX.US,5,20211019,163500,38.94,38.94,38.94,38.94,417,0
DWX.US,5,20211019,164000,38.9548,38.9548,38.9548,38.9548,120,0
DWX.US,5,20211019,170500,38.97,38.97,38.97,38.97,100,0
DWX.US,5,20211019,171500,38.9682,38.9682,38.96,38.96,325,0
DWX.US,5,20211019,172500,38.9438,38.9438,38.9438,38.9438,650,0
DWX.US,5,20211019,174000,38.965,38.965,38.965,38.965,100,0
DWX.US,5,20211019,174500,38.9632,38.9632,38.9632,38.9632,248,0
DWX.US,5,20211019,175000,38.98,38.98,38.98,38.98,5815,0
DWX.US,5,20211019,175500,38.9786,38.9835,38.9786,38.9835,458,0
DWX.US,5,20211019,180500,38.965,38.965,38.965,38.965,424,0
DWX.US,5,20211019,181500,38.99,38.99,38.9898,38.9898,1466,0
DWX.US,5,20211019,182500,38.9699,38.9699,38.9699,38.9699,250,0
DWX.US,5,20211019,185000,38.9542,38.9542,38.9542,38.9542,698,0
DWX.US,5,20211019,185500,38.9542,38.9542,38.9542,38.9542,712,0
DWX.US,5,20211019,190000,38.9703,38.9703,38.9703,38.9703,145,0
DWX.US,5,20211019,190500,38.9899,38.9899,38.9899,38.9899,200,0
DWX.US,5,20211019,191000,38.9549,38.97,38.9549,38.97,638,0
DWX.US,5,20211019,192500,38.9949,38.9949,38.9949,38.9949,100,0
DWX.US,5,20211019,193000,38.9997,38.9997,38.9997,38.9997,800,0
DWX.US,5,20211019,194000,38.9991,38.9991,38.9991,38.9991,404,0
DWX.US,5,20211019,194500,38.961,38.961,38.961,38.961,1163,0
DWX.US,5,20211019,201000,38.975,38.975,38.975,38.975,958,0
DWX.US,5,20211019,203000,38.95,38.95,38.95,38.95,100,0
DWX.US,5,20211019,204500,38.9799,38.9799,38.9799,38.9799,2842,0
DWX.US,5,20211019,205500,38.94,38.9748,38.94,38.9748,356,0
DWX.US,5,20211019,210000,38.94,38.965,38.94,38.965,620,0
DWX.US,5,20211019,210500,38.9445,38.9445,38.9445,38.9445,485,0
DWX.US,5,20211019,211000,38.9608,38.9608,38.95,38.95,917,0
DWX.US,5,20211019,211500,38.9717,38.9717,38.9717,38.9717,150,0
DWX.US,5,20211019,213000,38.983,38.983,38.983,38.983,125,0
DWX.US,5,20211019,213500,38.9794,38.9794,38.9794,38.9794,1000,0
DWX.US,5,20211019,215000,38.955,38.955,38.955,38.955,250,0
DWX.US,5,20211019,215500,38.96,38.96,38.96,38.96,285,0
DWX.US,5,20211020,153000,38.97,38.97,38.97,38.97,773,0
DWX.US,5,20211020,154000,38.9901,38.9901,38.9901,38.9901,100,0
DWX.US,5,20211020,154500,39.039,39.039,39.039,39.039,536,0
DWX.US,5,20211020,155000,39.0399,39.0399,39.0399,39.0399,180,0
DWX.US,5,20211020,155500,39.01,39.01,39.01,39.01,4728,0
DWX.US,5,20211020,160000,39.02,39.02,39.02,39.02,500,0
DWX.US,5,20211020,161000,39.05,39.05,39.05,39.05,500,0
DWX.US,5,20211020,163000,39.08,39.08,39.08,39.08,100,0
DWX.US,5,20211020,163500,39.08,39.08,39.08,39.08,151,0
DWX.US,5,20211020,164000,39.0716,39.0716,39.0716,39.0716,100,0
DWX.US,5,20211020,164500,39.1045,39.1045,39.1045,39.1045,146,0
DWX.US,5,20211020,165500,39.1,39.1,39.1,39.1,300,0
DWX.US,5,20211020,170000,39.104,39.104,39.104,39.104,162,0
DWX.US,5,20211020,170500,39.1,39.1196,39.1,39.1196,500,0
DWX.US,5,20211020,173000,39.13,39.13,39.0934,39.0934,377,0
DWX.US,5,20211020,173500,39.12,39.12,39.12,39.12,300,0
DWX.US,5,20211020,174000,39.11,39.11,39.11,39.11,100,0
DWX.US,5,20211020,174500,39.11,39.11,39.095,39.095,1348,0
DWX.US,5,20211020,175000,39.1,39.1,39.1,39.1,260,0
DWX.US,5,20211020,180500,39.1015,39.1015,39.1015,39.1015,400,0
DWX.US,5,20211020,181000,39.1,39.1137,39.1,39.1137,368,0
DWX.US,5,20211020,182000,39.1214,39.1214,39.1214,39.1214,400,0
DWX.US,5,20211020,183000,39.15,39.15,39.15,39.15,100,0
DWX.US,5,20211020,183500,39.1352,39.1505,39.1352,39.1505,1406,0
DWX.US,5,20211020,185000,39.1301,39.1301,39.1301,39.1301,399,0
DWX.US,5,20211020,190000,39.1595,39.1595,39.1595,39.1595,102,0
DWX.US,5,20211020,192500,39.12,39.1299,39.12,39.1299,463,0
DWX.US,5,20211020,193000,39.11,39.11,39.11,39.11,100,0
DWX.US,5,20211020,193500,39.12,39.12,39.12,39.12,151,0
DWX.US,5,20211020,194000,39.1569,39.1569,39.1569,39.1569,377,0
DWX.US,5,20211020,194500,39.1352,39.1352,39.1352,39.1352,209,0
DWX.US,5,20211020,195500,39.13,39.13,39.13,39.13,200,0
DWX.US,5,20211020,201000,39.1428,39.155,39.1416,39.155,1635,0
DWX.US,5,20211020,201500,39.14,39.14,39.14,39.14,120,0
DWX.US,5,20211020,202000,39.145,39.145,39.145,39.145,172,0
DWX.US,5,20211020,202500,39.1207,39.1207,39.1207,39.1207,2841,0
DWX.US,5,20211020,203500,39.1403,39.1403,39.1403,39.1403,114,0
DWX.US,5,20211020,204500,39.15,39.15,39.15,39.15,275,0
DWX.US,5,20211020,205000,39.1574,39.1574,39.1574,39.1574,143,0
DWX.US,5,20211020,210000,39.155,39.155,39.155,39.155,550,0
DWX.US,5,20211020,210500,39.141,39.161,39.141,39.161,1214,0
DWX.US,5,20211020,212500,39.16,39.16,39.14,39.14,825,0
DWX.US,5,20211020,214000,39.13,39.13,39.13,39.13,510,0
DWX.US,5,20211020,214500,39.1365,39.1365,39.1365,39.1365,225,0
DWX.US,5,20211020,215000,39.125,39.1371,39.125,39.1371,1618,0
DWX.US,5,20211020,215500,39.11,39.11,39.11,39.11,401,0
DWX.US,5,20211021,153000,39.08,39.08,39.08,39.08,159,0
DWX.US,5,20211021,160000,39.05,39.05,39.05,39.05,111,0
DWX.US,5,20211021,160500,39.09,39.11,39.09,39.11,247,0
DWX.US,5,20211021,163000,39.1206,39.1206,39.1206,39.1206,100,0
DWX.US,5,20211021,163500,39.1,39.119,39.085,39.119,740,0
DWX.US,5,20211021,164500,39.15,39.15,39.15,39.15,243,0
DWX.US,5,20211021,170000,39.115,39.115,39.115,39.115,100,0
DWX.US,5,20211021,170500,39.1032,39.1032,39.0661,39.07,1647,0
DWX.US,5,20211021,171000,39.07,39.09,39.0547,39.09,501,0
DWX.US,5,20211021,173500,39.03,39.03,39.03,39.03,100,0
DWX.US,5,20211021,175500,39.055,39.055,39.055,39.055,500,0
DWX.US,5,20211021,180000,39.07,39.07,39.07,39.07,100,0
DWX.US,5,20211021,180500,39.06,39.06,39.06,39.06,100,0
DWX.US,5,20211021,181000,39.0419,39.05,39.0419,39.05,456,0
DWX.US,5,20211021,181500,39.05,39.05,39.05,39.05,200,0
DWX.US,5,20211021,182000,39.0635,39.0635,39.0635,39.0635,253,0
DWX.US,5,20211021,183000,39.041,39.06,39.041,39.06,5199,0
DWX.US,5,20211021,183500,39.06,39.06,39.06,39.06,200,0
DWX.US,5,20211021,184000,39.04,39.04,39.04,39.04,200,0
DWX.US,5,20211021,184500,39.03,39.03,39.03,39.03,200,0
DWX.US,5,20211021,185000,39.035,39.035,39.035,39.035,250,0
DWX.US,5,20211021,190500,39.049,39.049,39.049,39.049,140,0
DWX.US,5,20211021,191500,39.0331,39.0331,39.0259,39.0259,2200,0
DWX.US,5,20211021,192000,39.0499,39.0499,39.0499,39.0499,139,0
DWX.US,5,20211021,193500,39.0499,39.0499,39.0499,39.0499,1250,0
DWX.US,5,20211021,194000,39.0328,39.0328,39.03,39.03,969,0
DWX.US,5,20211021,194500,39.03,39.03,39.03,39.03,307,0
DWX.US,5,20211021,195000,39.0113,39.0232,39.0113,39.0232,543,0
DWX.US,5,20211021,200000,39.03,39.03,39.03,39.03,541,0
DWX.US,5,20211021,201000,39.029,39.029,39.029,39.029,461,0
DWX.US,5,20211021,203500,39.02,39.02,39.02,39.02,500,0
DWX.US,5,20211021,204500,39.0055,39.0055,39.0055,39.0055,177,0
DWX.US,5,20211021,205000,39.022,39.022,39.022,39.022,319,0
DWX.US,5,20211021,205500,39.02,39.02,39.02,39.02,190,0
DWX.US,5,20211021,210000,39.0188,39.03,39.0188,39.03,513,0
DWX.US,5,20211021,210500,39.02,39.0476,39.02,39.0476,1575,0
DWX.US,5,20211021,211500,39.0101,39.0101,39.0101,39.0101,111,0
DWX.US,5,20211021,213000,39.035,39.035,39.035,39.035,103,0
DWX.US,5,20211021,213500,39.045,39.045,39.045,39.045,228,0
DWX.US,5,20211021,215000,39.0159,39.0349,39.0159,39.0349,356,0
DWX.US,5,20211021,215500,39.05,39.09,39.03,39.09,2841,0
DWX.US,5,20211022,153000,39.16,39.16,39.16,39.16,228,0
DWX.US,5,20211022,154000,39.2051,39.21,39.2051,39.21,300,0
DWX.US,5,20211022,154500,39.21,39.24,39.21,39.22,5500,0
DWX.US,5,20211022,160000,39.25,39.25,39.25,39.25,254,0
DWX.US,5,20211022,160500,39.2413,39.2413,39.2413,39.2413,1000,0
DWX.US,5,20211022,161000,39.27,39.27,39.27,39.27,131,0
DWX.US,5,20211022,162000,39.25,39.25,39.25,39.25,488,0
DWX.US,5,20211022,163500,39.24,39.24,39.24,39.24,100,0
DWX.US,5,20211022,165000,39.24,39.24,39.22,39.24,1350,0
DWX.US,5,20211022,171500,39.19,39.19,39.19,39.19,100,0
DWX.US,5,20211022,172500,39.13,39.13,39.13,39.13,100,0
DWX.US,5,20211022,174500,39.11,39.11,39.09,39.09,230,0
DWX.US,5,20211022,185500,39.1639,39.1639,39.1639,39.1639,192,0
DWX.US,5,20211022,191000,39.1669,39.1669,39.1669,39.1669,1009,0
DWX.US,5,20211022,192000,39.1383,39.1383,39.1383,39.1383,304,0
DWX.US,5,20211022,195000,39.145,39.145,39.145,39.145,265,0
DWX.US,5,20211022,195500,39.14,39.1472,39.14,39.1472,1140,0
DWX.US,5,20211022,204500,39.211,39.211,39.211,39.211,550,0
DWX.US,5,20211022,205000,39.19,39.19,39.19,39.19,807,0
DWX.US,5,20211022,212500,39.1799,39.1799,39.1799,39.1799,144,0
DWX.US,5,20211022,213000,39.15,39.15,39.15,39.15,208,0
DWX.US,5,20211022,213500,39.2,39.2,39.2,39.2,725,0
DWX.US,5,20211022,214500,39.185,39.185,39.185,39.185,760,0
DWX.US,5,20211022,215500,39.185,39.19,39.185,39.19,765,0
DWX.US,5,20211025,153000,39.09,39.09,39.09,39.09,558,0
DWX.US,5,20211025,153500,39.045,39.045,38.985,38.985,1100,0
DWX.US,5,20211025,154000,39,39,38.998,39,1650,0
DWX.US,5,20211025,161000,39.05,39.05,39.03,39.03,1100,0
DWX.US,5,20211025,162000,39.04,39.04,39.04,39.04,100,0
DWX.US,5,20211025,163500,39.01,39.01,39,39,900,0
DWX.US,5,20211025,164000,39.04,39.04,39.04,39.04,300,0
DWX.US,5,20211025,170500,39.049,39.049,39.049,39.049,860,0
DWX.US,5,20211025,171500,39.07,39.07,39.07,39.07,272,0
DWX.US,5,20211025,172500,39.065,39.065,39.065,39.065,512,0
DWX.US,5,20211025,173500,39.052,39.052,39.052,39.052,250,0
DWX.US,5,20211025,180000,39.068,39.08,39.0658,39.08,1804,0
DWX.US,5,20211025,180500,39.06,39.06,39.06,39.06,100,0
DWX.US,5,20211025,181000,39.06,39.06,39.06,39.06,200,0
DWX.US,5,20211025,183000,39.06,39.07,39.06,39.07,1984,0
DWX.US,5,20211025,183500,39.06,39.06,39.06,39.06,105,0
DWX.US,5,20211025,184500,39.06,39.06,39.06,39.06,1700,0
DWX.US,5,20211025,185000,39.06,39.06,39.06,39.06,100,0
DWX.US,5,20211025,190500,39.0676,39.0676,39.0676,39.0676,172,0
DWX.US,5,20211025,193000,39.08,39.1,39.0799,39.0799,1442,0
DWX.US,5,20211025,195000,39.06,39.06,39.06,39.06,500,0
DWX.US,5,20211025,195500,39.0503,39.08,39.0503,39.08,1235,0
DWX.US,5,20211025,201500,39.065,39.08,39.065,39.08,450,0
DWX.US,5,20211025,202000,39.08,39.0883,39.0795,39.0883,648,0
DWX.US,5,20211025,203000,39.08,39.08,39.075,39.075,1452,0
DWX.US,5,20211025,203500,39.0699,39.0699,39.0699,39.0699,274,0
DWX.US,5,20211025,205500,39.055,39.055,39.055,39.055,463,0
DWX.US,5,20211025,210500,39.05,39.05,39.05,39.05,100,0
DWX.US,5,20211025,211500,39.0312,39.0312,39.0312,39.0312,270,0
DWX.US,5,20211025,212000,39.03,39.035,39.03,39.035,522,0
DWX.US,5,20211025,213000,39.035,39.0599,39.035,39.0599,230,0
DWX.US,5,20211025,214000,39.041,39.041,39.041,39.041,933,0
DWX.US,5,20211025,215000,39.04,39.04,39.04,39.04,100,0
DWX.US,5,20211025,215500,39.04,39.06,39.02,39.04,2764,0
DWX.US,5,20211026,153000,39.1,39.1225,39.1,39.1225,1932,0
DWX.US,5,20211026,154500,39.12,39.12,39.09,39.09,1650,0
DWX.US,5,20211026,155000,39.14,39.14,39.14,39.14,200,0
DWX.US,5,20211026,155500,39.1159,39.14,39.1159,39.14,2660,0
DWX.US,5,20211026,160000,39.16,39.16,39.16,39.16,100,0
DWX.US,5,20211026,161500,39.15,39.15,39.13,39.13,1900,0
DWX.US,5,20211026,164000,39.13,39.135,39.13,39.135,773,0
DWX.US,5,20211026,165000,39.105,39.105,39.105,39.105,125,0
DWX.US,5,20211026,165500,39.0937,39.0937,39.0937,39.0937,106,0
DWX.US,5,20211026,172500,39.0804,39.0804,39.0804,39.0804,821,0
DWX.US,5,20211026,174500,39.075,39.09,39.075,39.09,3290,0
DWX.US,5,20211026,180000,39.04,39.04,39.04,39.04,100,0
DWX.US,5,20211026,180500,39.07,39.07,39.07,39.07,427,0
DWX.US,5,20211026,181000,39.06,39.06,39.06,39.06,280,0
DWX.US,5,20211026,182500,39.0576,39.0576,39.0576,39.0576,100,0
DWX.US,5,20211026,183000,39.0575,39.0575,39.0575,39.0575,406,0
DWX.US,5,20211026,183500,39.0575,39.0575,39.0575,39.0575,256,0
DWX.US,5,20211026,184500,39.0001,39.0001,39.0001,39.0001,105,0
DWX.US,5,20211026,190500,39.06,39.06,39.06,39.06,257,0
DWX.US,5,20211026,192000,39.06,39.06,39.06,39.06,610,0
DWX.US,5,20211026,192500,39.061,39.061,39.061,39.061,135,0
DWX.US,5,20211026,193000,39.07,39.07,39.07,39.07,500,0
DWX.US,5,20211026,193500,39.098,39.098,39.0876,39.0876,850,0
DWX.US,5,20211026,194000,39.0459,39.0459,39.0459,39.0459,110,0
DWX.US,5,20211026,194500,39.07,39.09,39.07,39.09,301,0
DWX.US,5,20211026,195000,39.0496,39.0496,39.0496,39.0496,200,0
DWX.US,5,20211026,195500,39.045,39.045,39.045,39.045,100,0
DWX.US,5,20211026,200500,39.075,39.075,39.075,39.075,272,0
DWX.US,5,20211026,202500,39.08,39.08,39.08,39.08,172,0
DWX.US,5,20211026,205000,39.075,39.075,39.075,39.075,122,0
DWX.US,5,20211026,212000,39.11,39.11,39.11,39.11,125,0
DWX.US,5,20211026,212500,39.08,39.08,39.08,39.08,1100,0
DWX.US,5,20211026,214500,39.1011,39.1011,39.07,39.07,3028,0
DWX.US,5,20211026,215000,39.06,39.06,39.04,39.04,345,0
DWX.US,5,20211026,215500,39.04,39.04,39.03,39.03,715,0
DWX.US,5,20211027,153000,39.1,39.1,39.1,39.1,740,0
DWX.US,5,20211027,155000,39.1205,39.1205,39.1205,39.1205,1038,0
DWX.US,5,20211027,161000,39.14,39.14,39.14,39.14,8066,0
DWX.US,5,20211027,164000,39.1433,39.1433,39.1433,39.1433,1160,0
DWX.US,5,20211027,164500,39.14,39.15,39.13,39.14,5400,0
DWX.US,5,20211027,165500,39.11,39.11,39.11,39.11,512,0
DWX.US,5,20211027,170000,39.11,39.11,39.11,39.11,678,0
DWX.US,5,20211027,172500,39.1137,39.1137,39.1137,39.1137,115,0
DWX.US,5,20211027,175500,39.1079,39.115,39.1079,39.115,2950,0
DWX.US,5,20211027,181000,39.1557,39.1557,39.1557,39.1557,368,0
DWX.US,5,20211027,181500,39.155,39.155,39.155,39.155,360,0
DWX.US,5,20211027,182500,39.155,39.155,39.14,39.14,2170,0
DWX.US,5,20211027,183500,39.145,39.145,39.145,39.145,238,0
DWX.US,5,20211027,184000,39.15,39.15,39.15,39.15,434,0
DWX.US,5,20211027,184500,39.16,39.16,39.16,39.16,400,0
DWX.US,5,20211027,185000,39.16,39.16,39.16,39.16,2049,0
DWX.US,5,20211027,185500,39.16,39.16,39.16,39.16,398,0
DWX.US,5,20211027,190000,39.16,39.16,39.16,39.16,1100,0
DWX.US,5,20211027,190500,39.16,39.168,39.16,39.168,4221,0
DWX.US,5,20211027,191000,39.182,39.182,39.182,39.182,505,0
DWX.US,5,20211027,191500,39.19,39.19,39.175,39.175,442,0
DWX.US,5,20211027,192500,39.185,39.185,39.185,39.185,532,0
DWX.US,5,20211027,193500,39.151,39.151,39.15,39.15,1239,0
DWX.US,5,20211027,194000,39.1676,39.1676,39.1676,39.1676,136,0
DWX.US,5,20211027,195000,39.1728,39.19,39.1728,39.19,240,0
DWX.US,5,20211027,200500,39.199,39.199,39.199,39.199,175,0
DWX.US,5,20211027,201000,39.19,39.19,39.19,39.19,3175,0
DWX.US,5,20211027,204000,39.1799,39.1799,39.16,39.16,325,0
DWX.US,5,20211027,210000,39.15,39.15,39.15,39.15,442,0
DWX.US,5,20211027,212000,39.095,39.095,39.095,39.095,100,0
DWX.US,5,20211027,212500,39.1,39.1,39.09,39.09,405,0
DWX.US,5,20211027,213000,39.08,39.08,39.08,39.08,100,0
DWX.US,5,20211027,213500,39.1,39.1,39.083,39.1,1000,0
DWX.US,5,20211027,214000,39.085,39.085,39.085,39.085,250,0
DWX.US,5,20211027,214500,39.09,39.09,39.09,39.09,1150,0
DWX.US,5,20211027,215000,39.075,39.0799,39.075,39.0799,375,0
DWX.US,5,20211027,215500,39.0799,39.0799,39.02,39.02,2323,0
DWX.US,5,20211028,153000,39.13,39.2178,39.13,39.2178,1303,0
DWX.US,5,20211028,154000,39.2201,39.2201,39.2201,39.2201,127,0
DWX.US,5,20211028,161500,39.2485,39.2485,39.2485,39.2485,3456,0
DWX.US,5,20211028,164500,39.25,39.25,39.25,39.25,300,0
DWX.US,5,20211028,165000,39.2638,39.2638,39.2638,39.2638,630,0
DWX.US,5,20211028,170000,39.2676,39.2676,39.2676,39.2676,100,0
DWX.US,5,20211028,170500,39.265,39.265,39.265,39.265,130,0
DWX.US,5,20211028,171500,39.2901,39.2901,39.2901,39.2901,774,0
DWX.US,5,20211028,172000,39.31,39.31,39.29,39.3,504,0
DWX.US,5,20211028,173500,39.31,39.33,39.31,39.33,300,0
DWX.US,5,20211028,174000,39.339,39.339,39.301,39.301,704,0
DWX.US,5,20211028,180500,39.283,39.283,39.283,39.283,1817,0
DWX.US,5,20211028,181000,39.2843,39.2843,39.2843,39.2843,1380,0
DWX.US,5,20211028,183000,39.2938,39.2938,39.2938,39.2938,852,0
DWX.US,5,20211028,184000,39.29,39.29,39.29,39.29,100,0
DWX.US,5,20211028,185500,39.25,39.25,39.25,39.25,500,0
DWX.US,5,20211028,192000,39.245,39.245,39.245,39.245,636,0
DWX.US,5,20211028,193000,39.2799,39.2831,39.2767,39.2827,1040,0
DWX.US,5,20211028,193500,39.2601,39.275,39.2601,39.275,394,0
DWX.US,5,20211028,194000,39.285,39.285,39.285,39.285,107,0
DWX.US,5,20211028,195000,39.3,39.3,39.3,39.3,1125,0
DWX.US,5,20211028,200500,39.3044,39.3044,39.3044,39.3044,126,0
DWX.US,5,20211028,201000,39.2936,39.2936,39.2871,39.2871,229,0
DWX.US,5,20211028,202000,39.295,39.295,39.295,39.295,100,0
DWX.US,5,20211028,202500,39.295,39.295,39.295,39.295,127,0
DWX.US,5,20211028,204500,39.28,39.28,39.28,39.28,100,0
DWX.US,5,20211028,205500,39.27,39.27,39.27,39.27,500,0
DWX.US,5,20211028,212000,39.2588,39.2588,39.2588,39.2588,1100,0
DWX.US,5,20211028,212500,39.26,39.26,39.26,39.26,817,0
DWX.US,5,20211028,213500,39.2759,39.2759,39.2619,39.2619,570,0
DWX.US,5,20211028,214500,39.27,39.29,39.2637,39.29,3769,0
DWX.US,5,20211028,215500,39.3,39.35,39.3,39.35,1151,0
DWX.US,5,20211029,153000,38.93,38.93,38.9101,38.9101,1480,0
DWX.US,5,20211029,154000,38.9701,38.9964,38.9701,38.9964,466,0
DWX.US,5,20211029,155000,39,39,39,39,100,0
DWX.US,5,20211029,160000,38.96,38.96,38.96,38.96,100,0
DWX.US,5,20211029,160500,39.005,39.005,39.005,39.005,101,0
DWX.US,5,20211029,162500,38.95,38.95,38.95,38.95,2500,0
DWX.US,5,20211029,163500,38.91,38.91,38.91,38.91,100,0
DWX.US,5,20211029,164000,38.95,38.95,38.95,38.95,300,0
DWX.US,5,20211029,164500,38.96,38.96,38.96,38.96,100,0
DWX.US,5,20211029,165000,38.93,38.93,38.91,38.91,426,0
DWX.US,5,20211029,165500,38.92,38.92,38.92,38.92,600,0
DWX.US,5,20211029,171000,38.938,38.938,38.938,38.938,212,0
DWX.US,5,20211029,172500,38.89,38.89,38.89,38.89,500,0
DWX.US,5,20211029,173500,38.91,38.91,38.89,38.89,757,0
DWX.US,5,20211029,174000,38.88,38.88,38.88,38.88,100,0
DWX.US,5,20211029,174500,38.89,38.89,38.89,38.89,600,0
DWX.US,5,20211029,175000,38.89,38.89,38.89,38.89,3200,0
DWX.US,5,20211029,175500,38.9,38.9,38.9,38.9,100,0
DWX.US,5,20211029,180000,38.89,38.895,38.89,38.895,1000,0
DWX.US,5,20211029,180500,38.89,38.89,38.89,38.89,2300,0
DWX.US,5,20211029,181000,38.9,38.9,38.89,38.89,2000,0
DWX.US,5,20211029,181500,38.88,38.88,38.8725,38.8725,350,0
DWX.US,5,20211029,182000,38.8899,38.9079,38.8899,38.9079,553,0
DWX.US,5,20211029,182500,38.9,38.9,38.9,38.9,1400,0
DWX.US,5,20211029,183000,38.89,38.89,38.89,38.89,300,0
DWX.US,5,20211029,183500,38.89,38.89,38.89,38.89,160,0
DWX.US,5,20211029,184500,38.88,38.89,38.88,38.88,1588,0
DWX.US,5,20211029,185000,38.88,38.88,38.88,38.88,100,0
DWX.US,5,20211029,185500,38.88,38.88,38.88,38.88,1700,0
DWX.US,5,20211029,190000,38.88,38.88,38.88,38.88,100,0
DWX.US,5,20211029,191000,38.9147,38.9147,38.9147,38.9147,500,0
DWX.US,5,20211029,200000,38.8751,38.8751,38.8751,38.8751,400,0
DWX.US,5,20211029,201000,38.9103,38.9103,38.9103,38.9103,105,0
DWX.US,5,20211029,202000,38.9,38.9,38.9,38.9,200,0
DWX.US,5,20211029,203500,38.89,38.89,38.89,38.89,100,0
DWX.US,5,20211029,204000,38.92,38.92,38.909,38.909,200,0
DWX.US,5,20211029,205000,38.9299,38.9299,38.9299,38.9299,100,0
DWX.US,5,20211029,205500,38.8801,38.8801,38.8801,38.8801,833,0
DWX.US,5,20211029,212500,38.88,38.89,38.87,38.89,500,0
DWX.US,5,20211029,213500,38.89,38.92,38.89,38.92,10400,0
DWX.US,5,20211029,214000,38.925,38.94,38.925,38.94,400,0
DWX.US,5,20211029,214500,38.94,38.9514,38.9301,38.9514,2954,0
DWX.US,5,20211029,215000,38.939,38.939,38.939,38.939,250,0
DWX.US,5,20211029,215500,38.95,38.95,38.94,38.94,319,0
DWX.US,5,20211101,143000,39.07,39.07,39,39,360,0
DWX.US,5,20211101,143500,39.0561,39.07,39.0561,39.07,381,0
DWX.US,5,20211101,144000,39.08,39.08,39.04,39.04,1053,0
DWX.US,5,20211101,152000,39.0026,39.0026,39.0026,39.0026,800,0
DWX.US,5,20211101,154500,39.05,39.05,39.04,39.049,2200,0
DWX.US,5,20211101,160000,39.08,39.08,39.0692,39.07,1887,0
DWX.US,5,20211101,160500,39.0532,39.0896,39.0532,39.0896,2270,0
DWX.US,5,20211101,161000,39.07,39.07,39.07,39.07,350,0
DWX.US,5,20211101,162000,39.09,39.09,39.09,39.09,300,0
DWX.US,5,20211101,162500,39.12,39.12,39.12,39.12,179,0
DWX.US,5,20211101,170000,39.1251,39.149,39.1251,39.149,1137,0
DWX.US,5,20211101,171000,39.15,39.15,39.15,39.15,200,0
DWX.US,5,20211101,172000,39.1003,39.1249,39.1003,39.1249,405,0
DWX.US,5,20211101,172500,39.115,39.115,39.115,39.115,103,0
DWX.US,5,20211101,173000,39.125,39.125,39.125,39.125,100,0
DWX.US,5,20211101,174000,39.125,39.125,39.125,39.125,184,0
DWX.US,5,20211101,174500,39.125,39.125,39.125,39.125,100,0
DWX.US,5,20211101,175000,39.135,39.135,39.125,39.125,314,0
DWX.US,5,20211101,180500,39.129,39.13,39.129,39.13,1555,0
DWX.US,5,20211101,182000,39.1249,39.1249,39.1249,39.1249,175,0
DWX.US,5,20211101,183000,39.1,39.1,39.1,39.1,11544,0
DWX.US,5,20211101,184000,39.1,39.1487,39.1,39.1487,1477,0
DWX.US,5,20211101,190500,39.125,39.125,39.125,39.125,454,0
DWX.US,5,20211101,192500,39.1491,39.1491,39.1491,39.1491,456,0
DWX.US,5,20211101,194000,39.13,39.15,39.12,39.12,383,0
DWX.US,5,20211101,195500,39.155,39.155,39.155,39.155,119,0
DWX.US,5,20211101,200000,39.1216,39.1216,39.1216,39.1216,250,0
DWX.US,5,20211101,202000,39.166,39.166,39.166,39.166,163,0
DWX.US,5,20211101,202500,39.1299,39.1299,39.1299,39.1299,120,0
DWX.US,5,20211101,205000,39.18,39.19,39.18,39.19,200,0
DWX.US,5,20211101,205500,39.1405,39.18,39.1405,39.18,779,0
DWX.US,5,20211102,143000,39.07,39.07,39.07,39.07,1349,0
DWX.US,5,20211102,151000,39.0855,39.0855,39.0855,39.0855,360,0
DWX.US,5,20211102,151500,39.0823,39.0823,39.0823,39.0823,197,0
DWX.US,5,20211102,153000,39.085,39.09,39.085,39.09,358,0
DWX.US,5,20211102,153500,39.11,39.11,39.11,39.11,306,0
DWX.US,5,20211102,154000,39.1168,39.1168,39.1168,39.1168,888,0
DWX.US,5,20211102,154500,39.1184,39.1184,39.1184,39.1184,500,0
DWX.US,5,20211102,160500,39.1654,39.1654,39.1654,39.1654,800,0
DWX.US,5,20211102,161000,39.12,39.12,39.12,39.12,478,0
DWX.US,5,20211102,162500,39.1268,39.1268,39.1268,39.1268,114,0
DWX.US,5,20211102,163000,39.1301,39.16,39.1301,39.16,768,0
DWX.US,5,20211102,164000,39.1381,39.1381,39.1381,39.1381,158,0
DWX.US,5,20211102,171500,39.095,39.095,39.095,39.095,112,0
DWX.US,5,20211102,172000,39.0937,39.0937,39.0937,39.0937,936,0
DWX.US,5,20211102,174000,39.095,39.095,39.0825,39.0825,302,0
DWX.US,5,20211102,174500,39.0889,39.0889,39.0889,39.0889,125,0
DWX.US,5,20211102,180000,39.1,39.1,39.1,39.1,164,0
DWX.US,5,20211102,183000,39.0959,39.0959,39.0959,39.0959,250,0
DWX.US,5,20211102,185000,39.1269,39.1269,39.115,39.115,865,0
DWX.US,5,20211102,185500,39.11,39.11,39.0977,39.0977,341,0
DWX.US,5,20211102,191500,39.0827,39.0827,39.0827,39.0827,100,0
DWX.US,5,20211102,193000,39.105,39.105,39.105,39.105,225,0
DWX.US,5,20211102,194000,39.09,39.1,39.09,39.1,735,0
DWX.US,5,20211102,194500,39.12,39.12,39.12,39.12,3286,0
DWX.US,5,20211102,201000,39.1527,39.1527,39.11,39.11,2100,0
DWX.US,5,20211102,201500,39.112,39.112,39.112,39.112,250,0
DWX.US,5,20211102,204500,39.15,39.16,39.15,39.15,3286,0
DWX.US,5,20211102,205000,39.1202,39.1202,39.1,39.1,1728,0
DWX.US,5,20211102,205500,39.1,39.1,39.1,39.1,100,0
DWX.US,5,20211103,143000,39.03,39.03,39.03,39.03,1053,0
DWX.US,5,20211103,144500,39.07,39.07,39.07,39.07,573,0
DWX.US,5,20211103,145000,39.07,39.07,39.0398,39.0398,2074,0
DWX.US,5,20211103,150000,39.0879,39.0879,39.0879,39.0879,192,0
DWX.US,5,20211103,150500,39.01,39.01,39.01,39.01,1293,0
DWX.US,5,20211103,152000,39.0603,39.0603,39.045,39.05,925,0
DWX.US,5,20211103,153000,39.105,39.105,39.105,39.105,101,0
DWX.US,5,20211103,153500,39.14,39.14,39.14,39.14,100,0
DWX.US,5,20211103,155500,39.1847,39.1847,39.1847,39.1847,600,0
DWX.US,5,20211103,160500,39.17,39.1702,39.17,39.1702,220,0
DWX.US,5,20211103,161500,39.1504,39.1504,39.1504,39.1504,110,0
DWX.US,5,20211103,162500,39.125,39.125,39.125,39.125,103,0
DWX.US,5,20211103,164000,39.1545,39.1545,39.1545,39.1545,510,0
DWX.US,5,20211103,170000,39.141,39.141,39.141,39.141,381,0
DWX.US,5,20211103,170500,39.1727,39.1727,39.1727,39.1727,100,0
DWX.US,5,20211103,172500,39.155,39.155,39.155,39.155,100,0
DWX.US,5,20211103,180000,39.1876,39.1876,39.1876,39.1876,1252,0
DWX.US,5,20211103,180500,39.184,39.184,39.1822,39.1822,323,0
DWX.US,5,20211103,182500,39.2109,39.2109,39.2109,39.2109,919,0
DWX.US,5,20211103,185000,39.2039,39.2039,39.195,39.195,475,0
DWX.US,5,20211103,185500,39.22,39.2599,39.2082,39.2599,2033,0
DWX.US,5,20211103,190000,39.16,39.19,39.16,39.19,400,0
DWX.US,5,20211103,191000,39.18,39.18,39.18,39.18,100,0
DWX.US,5,20211103,191500,39.24,39.245,39.24,39.245,3800,0
DWX.US,5,20211103,194500,39.2677,39.2677,39.2677,39.2677,384,0
DWX.US,5,20211103,195000,39.4292,39.4292,39.4292,39.4292,395,0
DWX.US,5,20211103,200000,39.3501,39.3501,39.34,39.34,1195,0
DWX.US,5,20211103,202000,39.34,39.34,39.34,39.34,600,0
DWX.US,5,20211103,203500,39.35,39.35,39.35,39.35,1237,0
DWX.US,5,20211103,204500,39.409,39.409,39.38,39.385,5042,0
DWX.US,5,20211103,205000,39.38,39.38,39.38,39.38,200,0
DWX.US,5,20211103,205500,39.38,39.38,39.38,39.38,100,0
DWX.US,5,20211104,143000,39.37,39.37,39.37,39.37,427,0
DWX.US,5,20211104,144500,39.305,39.305,39.305,39.305,202,0
DWX.US,5,20211104,151000,39.3,39.3,39.3,39.3,110,0
DWX.US,5,20211104,154000,39.32,39.32,39.2955,39.2955,1350,0
DWX.US,5,20211104,154500,39.3428,39.3428,39.3428,39.3428,293,0
DWX.US,5,20211104,155000,39.3267,39.3267,39.3267,39.3267,375,0
DWX.US,5,20211104,155500,39.312,39.312,39.3,39.3,860,0
DWX.US,5,20211104,160000,39.3116,39.3116,39.3116,39.3116,200,0
DWX.US,5,20211104,160500,39.26,39.26,39.26,39.26,200,0
DWX.US,5,20211104,162000,39.265,39.265,39.265,39.265,700,0
DWX.US,5,20211104,163000,39.2373,39.2373,39.2373,39.2373,208,0
DWX.US,5,20211104,164000,39.2799,39.2799,39.2799,39.2799,259,0
DWX.US,5,20211104,165000,39.2146,39.269,39.2146,39.269,1159,0
DWX.US,5,20211104,165500,39.26,39.26,39.26,39.26,300,0
DWX.US,5,20211104,171000,39.2507,39.2507,39.2507,39.2507,114,0
DWX.US,5,20211104,173000,39.265,39.265,39.265,39.265,368,0
DWX.US,5,20211104,175000,39.25,39.2636,39.25,39.2636,584,0
DWX.US,5,20211104,180000,39.25,39.26,39.25,39.2517,470,0
DWX.US,5,20211104,181000,39.265,39.265,39.265,39.265,100,0
DWX.US,5,20211104,183000,39.2504,39.2504,39.2504,39.2504,749,0
DWX.US,5,20211104,185000,39.2504,39.2504,39.25,39.25,485,0
DWX.US,5,20211104,185500,39.25,39.265,39.25,39.265,1051,0
DWX.US,5,20211104,190000,39.25,39.25,39.25,39.25,1000,0
DWX.US,5,20211104,191000,39.245,39.245,39.24,39.24,571,0
DWX.US,5,20211104,191500,39.24,39.24,39.24,39.24,307,0
DWX.US,5,20211104,193000,39.27,39.27,39.27,39.27,1273,0
DWX.US,5,20211104,201500,39.27,39.27,39.27,39.27,147,0
DWX.US,5,20211104,202500,39.2502,39.2777,39.2502,39.2777,1965,0
DWX.US,5,20211104,205000,39.326,39.326,39.326,39.326,125,0
DWX.US,5,20211105,143000,39.27,39.27,39.255,39.255,615,0
DWX.US,5,20211105,144000,39.2947,39.2947,39.2947,39.2947,635,0
DWX.US,5,20211105,144500,39.28,39.28,39.28,39.28,100,0
DWX.US,5,20211105,150000,39.32,39.32,39.32,39.32,100,0
DWX.US,5,20211105,151500,39.26,39.2859,39.26,39.2763,682,0
DWX.US,5,20211105,152000,39.2435,39.2435,39.2435,39.2435,144,0
DWX.US,5,20211105,152500,39.2197,39.2197,39.2197,39.2197,127,0
DWX.US,5,20211105,153000,39.2201,39.24,39.2201,39.24,293,0
DWX.US,5,20211105,153500,39.2396,39.2396,39.2396,39.2396,154,0
DWX.US,5,20211105,154500,39.255,39.255,39.255,39.255,400,0
DWX.US,5,20211105,155000,39.2827,39.2827,39.2827,39.2827,571,0
DWX.US,5,20211105,161000,39.29,39.29,39.29,39.29,100,0
DWX.US,5,20211105,162000,39.3,39.3,39.29,39.29,318,0
DWX.US,5,20211105,163500,39.32,39.32,39.32,39.32,120,0
DWX.US,5,20211105,164000,39.2976,39.2976,39.2976,39.2976,122,0
DWX.US,5,20211105,165000,39.2701,39.2701,39.2701,39.2701,2830,0
DWX.US,5,20211105,165500,39.28,39.28,39.28,39.28,200,0
DWX.US,5,20211105,173000,39.2938,39.2938,39.2938,39.2938,164,0
DWX.US,5,20211105,183500,39.23,39.23,39.23,39.23,300,0
DWX.US,5,20211105,184000,39.2119,39.2399,39.2119,39.2399,695,0
DWX.US,5,20211105,184500,39.2326,39.2326,39.2326,39.2326,101,0
DWX.US,5,20211105,185500,39.23,39.23,39.23,39.23,307,0
DWX.US,5,20211105,190500,39.26,39.26,39.26,39.26,100,0
DWX.US,5,20211105,191500,39.2305,39.2305,39.2305,39.2305,1128,0
DWX.US,5,20211105,192000,39.25,39.25,39.2401,39.2401,943,0
DWX.US,5,20211105,193000,39.249,39.249,39.249,39.249,352,0
DWX.US,5,20211105,193500,39.26,39.26,39.24,39.24,7560,0
DWX.US,5,20211105,194500,39.2833,39.2833,39.2833,39.2833,144,0
DWX.US,5,20211105,195000,39.2575,39.2575,39.2543,39.2543,435,0
DWX.US,5,20211105,200500,39.24,39.24,39.24,39.24,100,0
DWX.US,5,20211105,201500,39.265,39.265,39.265,39.265,150,0
DWX.US,5,20211105,202500,39.24,39.24,39.24,39.24,353,0
DWX.US,5,20211105,203000,39.279,39.279,39.2665,39.2665,507,0
DWX.US,5,20211105,203500,39.28,39.28,39.28,39.28,200,0
DWX.US,5,20211105,204000,39.2835,39.2835,39.2835,39.2835,130,0
DWX.US,5,20211105,204500,39.29,39.29,39.29,39.29,540,0
DWX.US,5,20211105,205000,39.2754,39.3,39.27,39.3,655,0
DWX.US,5,20211108,153000,39.2,39.2381,39.19,39.2381,3114,0
DWX.US,5,20211108,155500,39.2,39.2,39.2,39.2,100,0
DWX.US,5,20211108,160000,39.24,39.24,39.24,39.24,500,0
DWX.US,5,20211108,162000,39.1797,39.1797,39.1797,39.1797,187,0
DWX.US,5,20211108,162500,39.21,39.21,39.21,39.21,1000,0
DWX.US,5,20211108,165500,39.1866,39.1868,39.155,39.1737,1906,0
DWX.US,5,20211108,171000,39.1669,39.1669,39.15,39.15,472,0
DWX.US,5,20211108,172500,39.1557,39.1557,39.1557,39.1557,239,0
DWX.US,5,20211108,180500,39.151,39.151,39.151,39.151,200,0
DWX.US,5,20211108,181500,39.15,39.15,39.15,39.15,200,0
DWX.US,5,20211108,182000,39.185,39.185,39.185,39.185,300,0
DWX.US,5,20211108,183000,39.1611,39.1611,39.1611,39.1611,259,0
DWX.US,5,20211108,184000,39.15,39.15,39.15,39.15,200,0
DWX.US,5,20211108,184500,39.12,39.12,39.12,39.12,1012,0
DWX.US,5,20211108,185500,39.125,39.125,39.0998,39.0998,273,0
DWX.US,5,20211108,190000,39.1,39.1,39.1,39.1,300,0
DWX.US,5,20211108,193500,39.1441,39.1538,39.1,39.1,3623,0
DWX.US,5,20211108,194500,39.1539,39.1539,39.1539,39.1539,320,0
DWX.US,5,20211108,201000,39.1556,39.1556,39.1556,39.1556,500,0
DWX.US,5,20211108,201500,39.1534,39.1534,39.1534,39.1534,130,0
DWX.US,5,20211108,202000,39.1256,39.1256,39.1256,39.1256,110,0
DWX.US,5,20211108,202500,39.12,39.1334,39.12,39.122,1866,0
DWX.US,5,20211108,203000,39.16,39.16,39.16,39.16,200,0
DWX.US,5,20211108,203500,39.145,39.145,39.145,39.145,100,0
DWX.US,5,20211108,204500,39.145,39.145,39.145,39.145,394,0
DWX.US,5,20211108,210000,39.15,39.15,39.15,39.15,536,0
DWX.US,5,20211108,210500,39.1402,39.1402,39.1402,39.1402,122,0
DWX.US,5,20211108,213500,39.14,39.16,39.14,39.16,400,0
DWX.US,5,20211108,214000,39.18,39.18,39.18,39.18,100,0
DWX.US,5,20211108,214500,39.141,39.1505,39.141,39.1505,250,0
DWX.US,5,20211108,215500,39.175,39.175,39.1501,39.16,726,0
DWX.US,5,20211109,153000,39.15,39.16,39.15,39.16,247,0
DWX.US,5,20211109,153500,39.16,39.16,39.16,39.16,400,0
DWX.US,5,20211109,154000,39.18,39.18,39.16,39.165,400,0
DWX.US,5,20211109,154500,39.17,39.17,39.1683,39.17,30188,0
DWX.US,5,20211109,155000,39.21,39.21,39.21,39.21,100,0
DWX.US,5,20211109,155500,39.16,39.17,39.145,39.145,1581,0
DWX.US,5,20211109,163000,39.1,39.1,39.07,39.07,62099,0
DWX.US,5,20211109,164000,39.11,39.11,39.11,39.11,100,0
DWX.US,5,20211109,164500,39.1,39.1,39.05,39.1,30199,0
DWX.US,5,20211109,170000,39.1,39.1,39.1,39.1,2082,0
DWX.US,5,20211109,172500,39.055,39.055,39.055,39.055,178,0
DWX.US,5,20211109,173500,39.0373,39.0373,39.0373,39.0373,170,0
DWX.US,5,20211109,175000,39.1071,39.1071,39.1071,39.1071,108,0
DWX.US,5,20211109,181500,39.0921,39.0921,39.0921,39.0921,105,0
DWX.US,5,20211109,182000,39.0584,39.0584,39.0584,39.0584,326,0
DWX.US,5,20211109,183000,39.09,39.09,39.09,39.09,200,0
DWX.US,5,20211109,183500,39.1,39.1,39.095,39.095,306,0
DWX.US,5,20211109,184500,39.095,39.095,39.095,39.095,1000,0
DWX.US,5,20211109,185000,39.1299,39.1299,39.1299,39.1299,2975,0
DWX.US,5,20211109,191500,39.1,39.1,39.1,39.1,400,0
DWX.US,5,20211109,192000,39.129,39.129,39.07,39.07,421,0
DWX.US,5,20211109,194500,39.0913,39.0913,39.0913,39.0913,275,0
DWX.US,5,20211109,200500,39.1128,39.1128,39.1128,39.1128,100,0
DWX.US,5,20211109,201500,39.0753,39.0753,39.0753,39.0753,212,0
DWX.US,5,20211109,202000,39.1,39.1,39.095,39.095,1200,0
DWX.US,5,20211109,205000,39.16,39.16,39.14,39.16,21419,0
DWX.US,5,20211109,205500,39.152,39.152,39.152,39.152,100,0
DWX.US,5,20211109,211500,39.135,39.135,39.135,39.135,520,0
DWX.US,5,20211109,212000,39.15,39.15,39.15,39.15,100,0
DWX.US,5,20211109,213000,39.14,39.14,39.14,39.14,658,0
DWX.US,5,20211109,215500,39.1795,39.1795,39.1269,39.17,2418,0
DWX.US,5,20211110,153000,39.16,39.16,39.16,39.16,693,0
DWX.US,5,20211110,153500,39.245,39.245,39.245,39.245,310,0
DWX.US,5,20211110,154500,39.2735,39.2735,39.2735,39.2735,100,0
DWX.US,5,20211110,155500,39.25,39.25,39.235,39.235,1870,0
DWX.US,5,20211110,161500,39.2416,39.2416,39.215,39.215,287,0
DWX.US,5,20211110,163500,39.2105,39.2105,39.175,39.175,249,0
DWX.US,5,20211110,165000,39.15,39.15,39.15,39.15,300,0
DWX.US,5,20211110,165500,39.124,39.1459,39.124,39.1459,1135,0
DWX.US,5,20211110,170000,39.15,39.15,39.15,39.15,100,0
DWX.US,5,20211110,172000,39.17,39.17,39.17,39.17,300,0
DWX.US,5,20211110,174000,39.1492,39.1492,39.1492,39.1492,300,0
DWX.US,5,20211110,175000,39.12,39.12,39.12,39.12,291,0
DWX.US,5,20211110,181500,39.09,39.09,39.09,39.09,200,0
DWX.US,5,20211110,184500,39.059,39.059,39.059,39.059,120,0
DWX.US,5,20211110,185000,39.0849,39.0849,39.0849,39.0849,205,0
DWX.US,5,20211110,185500,39.09,39.09,39.085,39.085,879,0
DWX.US,5,20211110,190000,39.0392,39.0392,39.0392,39.0392,173,0
DWX.US,5,20211110,193500,39.02,39.02,39.02,39.02,319,0
DWX.US,5,20211110,194500,39,39,39,39,100,0
DWX.US,5,20211110,195000,39,39,38.99,38.99,800,0
DWX.US,5,20211110,195500,39.01,39.01,39.01,39.01,1100,0
DWX.US,5,20211110,200000,39.02,39.02,39.02,39.02,1218,0
DWX.US,5,20211110,200500,38.9401,38.9401,38.9401,38.9401,599,0
DWX.US,5,20211110,201500,39,39.01,38.99,39.01,3475,0
DWX.US,5,20211110,202000,38.99,38.99,38.98,38.98,1500,0
DWX.US,5,20211110,204000,38.97,38.97,38.97,38.97,3974,0
DWX.US,5,20211110,205500,38.921,38.921,38.921,38.921,526,0
DWX.US,5,20211110,214000,38.96,38.96,38.96,38.96,900,0
DWX.US,5,20211110,214500,38.95,38.96,38.95,38.96,530,0
DWX.US,5,20211110,215500,39.005,39.02,38.95,38.95,9712,0
DWX.US,5,20211111,153000,38.96,38.96,38.96,38.96,2967,0
DWX.US,5,20211111,154000,38.91,38.91,38.91,38.91,100,0
DWX.US,5,20211111,154500,38.92,38.92,38.92,38.92,100,0
DWX.US,5,20211111,161500,38.9266,38.9266,38.9266,38.9266,400,0
DWX.US,5,20211111,162000,38.9392,38.9392,38.9392,38.9392,100,0
DWX.US,5,20211111,162500,38.9,38.9,38.9,38.9,350,0
DWX.US,5,20211111,165000,38.96,38.96,38.96,38.96,130,0
DWX.US,5,20211111,171500,38.95,38.97,38.95,38.97,774,0
DWX.US,5,20211111,181000,38.9001,38.9001,38.9001,38.9001,100,0
DWX.US,5,20211111,182500,38.9,38.91,38.9,38.91,640,0
DWX.US,5,20211111,184000,38.915,38.915,38.915,38.915,309,0
DWX.US,5,20211111,190000,38.9458,38.9458,38.9458,38.9458,100,0
DWX.US,5,20211111,193000,38.91,38.91,38.91,38.91,100,0
DWX.US,5,20211111,195000,38.915,38.915,38.915,38.915,165,0
DWX.US,5,20211111,200500,38.919,38.919,38.919,38.919,200,0
DWX.US,5,20211111,201500,38.919,38.919,38.8882,38.8882,879,0
DWX.US,5,20211111,202500,38.9157,38.9157,38.9157,38.9157,266,0
DWX.US,5,20211111,203000,38.9,38.9,38.9,38.9,872,0
DWX.US,5,20211111,203500,38.89,38.925,38.89,38.925,3565,0
DWX.US,5,20211111,204500,38.939,38.939,38.881,38.881,595,0
DWX.US,5,20211111,205000,38.91,38.91,38.91,38.91,300,0
DWX.US,5,20211111,205500,38.91,38.91,38.91,38.91,380,0
DWX.US,5,20211111,210000,38.9154,38.9154,38.851,38.851,3596,0
DWX.US,5,20211111,210500,38.92,38.92,38.92,38.92,475,0
DWX.US,5,20211111,211000,38.875,38.875,38.875,38.875,440,0
DWX.US,5,20211111,211500,38.89,38.93,38.88,38.93,1385,0
DWX.US,5,20211111,212000,38.872,38.883,38.872,38.883,326,0
DWX.US,5,20211111,212500,38.8895,38.89,38.8895,38.89,241,0
DWX.US,5,20211111,215500,38.87,38.87,38.86,38.86,341,0
