<TICKER>,<PER>,<DATE>,<TIME>,<OPEN>,<HIGH>,<LOW>,<CLOSE>,<VOL>,<OPENINT>
GAMR.US,5,20210922,153500,85.62,85.62,85.62,85.62,300,0
GAMR.US,5,20210922,155000,85.7999,85.7999,85.26,85.28,5810,0
GAMR.US,5,20210922,155500,85.68,85.68,85.6,85.6,2000,0
GAMR.US,5,20210922,162000,85.68,85.68,85.5601,85.5601,1500,0
GAMR.US,5,20210922,162500,85.68,85.8551,85.59,85.7536,4400,0
GAMR.US,5,20210922,180000,85.85,85.85,85.85,85.85,100,0
GAMR.US,5,20210922,193000,85.8,85.8,85.8,85.8,100,0
GAMR.US,5,20210922,194500,85.722,85.722,85.722,85.722,124,0
GAMR.US,5,20210922,201000,86.1,86.1,86.0998,86.0998,200,0
GAMR.US,5,20210922,203500,86.13,86.13,86.13,86.13,100,0
GAMR.US,5,20210922,211500,85.87,85.87,85.87,85.87,200,0
GAMR.US,5,20210922,214000,85.9,85.9,85.9,85.9,100,0
GAMR.US,5,20210923,153000,86.55,86.55,86.55,86.55,100,0
GAMR.US,5,20210923,154000,86.73,86.73,86.73,86.73,760,0
GAMR.US,5,20210923,155000,86.6638,86.6638,86.6638,86.6638,202,0
GAMR.US,5,20210923,160000,86.81,86.81,86.81,86.81,300,0
GAMR.US,5,20210923,162000,86.785,86.7996,86.785,86.7996,350,0
GAMR.US,5,20210923,162500,87.01,87.01,87.01,87.01,104,0
GAMR.US,5,20210923,171500,86.75,86.8185,86.75,86.76,700,0
GAMR.US,5,20210923,181000,86.6004,86.66,86.6,86.66,460,0
GAMR.US,5,20210923,181500,86.56,86.56,86.56,86.56,200,0
GAMR.US,5,20210923,183000,86.6,86.63,86.5999,86.63,1100,0
GAMR.US,5,20210923,185500,86.75,86.75,86.75,86.75,300,0
GAMR.US,5,20210923,190500,86.765,86.765,86.765,86.765,200,0
GAMR.US,5,20210923,210500,86.7,86.7,86.7,86.7,100,0
GAMR.US,5,20210923,214000,86.8731,86.8731,86.8731,86.8731,115,0
GAMR.US,5,20210924,153000,86.41,86.41,86.41,86.41,1672,0
GAMR.US,5,20210924,153500,86.49,86.49,86.22,86.22,600,0
GAMR.US,5,20210924,160500,86.4,86.4,86.4,86.4,100,0
GAMR.US,5,20210924,161500,86.13,86.13,86.13,86.13,300,0
GAMR.US,5,20210924,162000,86.09,86.09,86.09,86.09,100,0
GAMR.US,5,20210924,163000,86.09,86.09,86.09,86.09,100,0
GAMR.US,5,20210924,164000,86.09,86.1,86.09,86.1,200,0
GAMR.US,5,20210924,165500,86.3489,86.3489,86.3489,86.3489,100,0
GAMR.US,5,20210924,172500,86.18,86.18,86.18,86.18,100,0
GAMR.US,5,20210924,184500,86.0101,86.0101,86.0101,86.0101,154,0
GAMR.US,5,20210924,204500,85.97,85.97,85.97,85.97,594,0
GAMR.US,5,20210924,205500,86.145,86.145,86.145,86.145,100,0
GAMR.US,5,20210924,215500,86.32,86.32,86.32,86.32,334,0
GAMR.US,5,20210927,153000,86.12,86.12,85.93,85.98,547,0
GAMR.US,5,20210927,153500,85.61,85.61,85.29,85.29,800,0
GAMR.US,5,20210927,154000,85.0211,85.0211,85.0211,85.0211,125,0
GAMR.US,5,20210927,164000,85.49,85.49,85.49,85.49,150,0
GAMR.US,5,20210927,171000,85.5128,85.5128,85.5128,85.5128,100,0
GAMR.US,5,20210927,172500,85.53,85.53,85.53,85.53,100,0
GAMR.US,5,20210927,203000,85.3601,85.51,85.3601,85.51,267,0
GAMR.US,5,20210927,210000,85.498,85.498,85.498,85.498,100,0
GAMR.US,5,20210927,214000,85.6562,85.6562,85.6562,85.6562,128,0
GAMR.US,5,20210927,215500,85.51,85.69,85.51,85.67,600,0
GAMR.US,5,20210928,153000,84.66,84.66,84.66,84.66,419,0
GAMR.US,5,20210928,154000,84.78,84.78,84.78,84.78,300,0
GAMR.US,5,20210928,160000,84.49,84.49,84.49,84.49,561,0
GAMR.US,5,20210928,161500,84.04,84.04,83.85,83.85,559,0
GAMR.US,5,20210928,162000,83.67,83.67,83.67,83.67,100,0
GAMR.US,5,20210928,174500,83.52,83.5665,83.49,83.51,980,0
GAMR.US,5,20210928,181000,83.78,83.79,83.78,83.79,600,0
GAMR.US,5,20210928,181500,83.92,83.92,83.92,83.92,100,0
GAMR.US,5,20210928,182500,83.7601,83.7601,83.7601,83.7601,120,0
GAMR.US,5,20210928,185500,83.6,83.6,83.6,83.6,220,0
GAMR.US,5,20210928,201000,83.7,83.7,83.7,83.7,100,0
GAMR.US,5,20210928,212500,83.9224,83.9224,83.66,83.66,353,0
GAMR.US,5,20210928,215500,83.72,83.72,83.72,83.72,147,0
GAMR.US,5,20210929,153000,84.11,84.14,83.9,83.9,1300,0
GAMR.US,5,20210929,153500,83.27,83.27,83.25,83.25,700,0
GAMR.US,5,20210929,154000,83.26,83.64,83.2125,83.57,800,0
GAMR.US,5,20210929,154500,83.53,83.54,83.52,83.52,800,0
GAMR.US,5,20210929,155000,83.4,84.01,83.4,84.01,1000,0
GAMR.US,5,20210929,155500,83.58,83.58,83.58,83.58,300,0
GAMR.US,5,20210929,161000,83.52,83.52,83.52,83.52,100,0
GAMR.US,5,20210929,161500,83.49,83.49,83.49,83.49,500,0
GAMR.US,5,20210929,163000,83.3,83.3,83.3,83.3,100,0
GAMR.US,5,20210929,164500,83.42,83.42,83.42,83.42,200,0
GAMR.US,5,20210929,171500,83.26,83.26,83.26,83.26,100,0
GAMR.US,5,20210929,182000,83.04,83.04,83.04,83.04,200,0
GAMR.US,5,20210929,215500,82.639,82.69,82.321,82.49,1200,0
GAMR.US,5,20210930,153000,83.4,83.4,83.4,83.4,444,0
GAMR.US,5,20210930,154000,83.585,83.585,83.585,83.585,100,0
GAMR.US,5,20210930,162500,83.61,83.61,83.61,83.61,300,0
GAMR.US,5,20210930,171500,83.61,83.61,83.61,83.61,300,0
GAMR.US,5,20210930,172500,83.575,83.575,83.575,83.575,100,0
GAMR.US,5,20210930,174500,83.53,83.53,83.53,83.53,284,0
GAMR.US,5,20210930,183000,83.5,83.5,83.5,83.5,100,0
GAMR.US,5,20210930,191500,83.48,83.48,83.48,83.48,100,0
GAMR.US,5,20210930,200500,83.48,83.54,83.48,83.54,400,0
GAMR.US,5,20210930,213000,83.78,83.848,83.78,83.84,957,0
GAMR.US,5,20211001,153000,83.41,83.41,83.41,83.41,272,0
GAMR.US,5,20211001,153500,83.79,83.79,83.77,83.77,600,0
GAMR.US,5,20211001,162000,82.9001,82.9001,82.9001,82.9001,128,0
GAMR.US,5,20211001,164000,82.79,82.79,82.79,82.79,100,0
GAMR.US,5,20211001,184500,83.45,83.45,83.45,83.45,100,0
GAMR.US,5,20211001,190500,83.385,83.385,83.385,83.385,100,0
GAMR.US,5,20211001,200500,83.2831,83.2831,83.2831,83.2831,110,0
GAMR.US,5,20211001,202500,83.59,83.59,83.5899,83.5899,500,0
GAMR.US,5,20211001,214000,83.74,83.74,83.74,83.74,105,0
GAMR.US,5,20211001,215000,83.4901,83.4901,83.4901,83.4901,123,0
GAMR.US,5,20211004,153000,82.7,82.93,82.7,82.93,563,0
GAMR.US,5,20211004,154000,82.63,82.63,82.63,82.63,300,0
GAMR.US,5,20211004,154500,82.39,82.39,82.39,82.39,131,0
GAMR.US,5,20211004,160000,82.33,82.33,82.33,82.33,300,0
GAMR.US,5,20211004,162000,82.095,82.095,82.095,82.095,121,0
GAMR.US,5,20211004,163500,81.31,81.31,81.31,81.31,100,0
GAMR.US,5,20211004,165000,81.403,81.403,81.403,81.403,190,0
GAMR.US,5,20211004,165500,81.6225,81.6225,81.6225,81.6225,600,0
GAMR.US,5,20211004,172500,81.64,81.64,81.64,81.64,100,0
GAMR.US,5,20211004,200000,81.45,81.45,81.45,81.45,300,0
GAMR.US,5,20211004,202000,81.64,81.64,81.64,81.64,300,0
GAMR.US,5,20211004,202500,81.85,81.85,81.85,81.85,300,0
GAMR.US,5,20211004,214000,81.81,81.81,81.81,81.81,208,0
GAMR.US,5,20211004,215500,81.56,81.56,81.56,81.56,100,0
GAMR.US,5,20211005,153000,82,82,82,82,365,0
GAMR.US,5,20211005,153500,82.57,82.57,82.57,82.57,300,0
GAMR.US,5,20211005,163000,82.8,82.8,82.8,82.8,300,0
GAMR.US,5,20211005,163500,82.8524,82.8524,82.8524,82.8524,100,0
GAMR.US,5,20211005,170500,82.78,82.78,82.78,82.78,100,0
GAMR.US,5,20211005,184000,82.97,82.97,82.97,82.97,100,0
GAMR.US,5,20211005,194000,82.9359,82.9359,82.86,82.86,289,0
GAMR.US,5,20211005,213500,82.7301,82.7301,82.7301,82.7301,182,0
GAMR.US,5,20211005,214500,82.73,82.73,82.73,82.73,100,0
GAMR.US,5,20211006,153000,81.24,81.24,81.24,81.24,237,0
GAMR.US,5,20211006,154000,81.93,81.93,81.93,81.93,200,0
GAMR.US,5,20211006,161000,81.5799,81.5799,81.5799,81.5799,200,0
GAMR.US,5,20211006,162000,81.48,81.52,81.48,81.52,200,0
GAMR.US,5,20211006,175000,81.89,81.89,81.89,81.89,150,0
GAMR.US,5,20211006,192000,81.9772,81.9772,81.9772,81.9772,150,0
GAMR.US,5,20211006,200500,81.93,82,81.93,82,3200,0
GAMR.US,5,20211006,204500,82.43,82.43,82.43,82.43,300,0
GAMR.US,5,20211006,205500,82.33,82.33,82.33,82.33,103,0
GAMR.US,5,20211006,210000,82.21,82.21,82.21,82.21,300,0
GAMR.US,5,20211006,211000,82.0801,82.0801,82.0801,82.0801,224,0
GAMR.US,5,20211006,212000,82.34,82.34,82.34,82.34,100,0
GAMR.US,5,20211007,153000,83.49,83.82,83.49,83.82,692,0
GAMR.US,5,20211007,154500,84.11,84.11,84.1,84.1,418,0
GAMR.US,5,20211007,162500,84.2,84.2,84.2,84.2,100,0
GAMR.US,5,20211007,165000,84.675,84.68,84.66,84.68,300,0
GAMR.US,5,20211007,174000,84.81,84.81,84.81,84.81,234,0
GAMR.US,5,20211007,200000,84.69,84.69,84.69,84.69,100,0
GAMR.US,5,20211008,154500,84.47,84.47,84.47,84.47,100,0
GAMR.US,5,20211008,163000,84.6552,84.6552,84.6552,84.6552,184,0
GAMR.US,5,20211008,164500,84.31,84.31,84.06,84.06,500,0
GAMR.US,5,20211008,181500,84.16,84.16,84.16,84.16,100,0
GAMR.US,5,20211008,182000,84.05,84.05,84.05,84.05,100,0
GAMR.US,5,20211008,183000,84.05,84.3199,84.05,84.3199,200,0
GAMR.US,5,20211008,183500,84.06,84.06,84.06,84.06,100,0
GAMR.US,5,20211008,184500,84.09,84.09,84.09,84.09,100,0
GAMR.US,5,20211008,185000,84.11,84.11,84.11,84.11,100,0
GAMR.US,5,20211008,185500,84.09,84.09,84.09,84.09,100,0
GAMR.US,5,20211008,190500,84.08,84.08,84.08,84.08,100,0
GAMR.US,5,20211008,191000,84.1,84.1,84.1,84.1,100,0
GAMR.US,5,20211008,191500,84.07,84.07,84.07,84.07,100,0
GAMR.US,5,20211008,192500,84.06,84.06,84.06,84.06,100,0
GAMR.US,5,20211008,193000,84.06,84.06,84.06,84.06,100,0
GAMR.US,5,20211008,194000,84.06,84.2281,84.06,84.2281,200,0
GAMR.US,5,20211008,194500,84.06,84.06,84.06,84.06,100,0
GAMR.US,5,20211008,195000,84.06,84.06,84.06,84.06,100,0
GAMR.US,5,20211008,200000,84.08,84.08,84.08,84.08,100,0
GAMR.US,5,20211008,200500,84.09,84.09,84.09,84.09,100,0
GAMR.US,5,20211008,201000,84.1,84.1,84.1,84.1,100,0
GAMR.US,5,20211008,201500,84.12,84.12,84.12,84.12,100,0
GAMR.US,5,20211008,202500,84.13,84.13,84.13,84.13,100,0
GAMR.US,5,20211008,203000,84.32,84.32,84.32,84.32,100,0
GAMR.US,5,20211008,203500,84.17,84.17,84.17,84.17,100,0
GAMR.US,5,20211008,204500,84.15,84.15,84.15,84.15,100,0
GAMR.US,5,20211008,205000,84.14,84.14,84.14,84.14,100,0
GAMR.US,5,20211008,210000,84.12,84.12,84.12,84.12,100,0
GAMR.US,5,20211008,210500,84.12,84.12,84.12,84.12,100,0
GAMR.US,5,20211008,211000,84.18,84.18,84.18,84.18,100,0
GAMR.US,5,20211008,212000,84.15,84.15,84.15,84.15,100,0
GAMR.US,5,20211008,212500,84.17,84.17,84.17,84.17,100,0
GAMR.US,5,20211008,213000,84.17,84.17,84.17,84.17,100,0
GAMR.US,5,20211008,214500,84.06,84.06,84.06,84.06,100,0
GAMR.US,5,20211008,215500,83.98,84.06,83.98,84.06,279,0
GAMR.US,5,20211011,153000,84.04,84.04,84.04,84.04,451,0
GAMR.US,5,20211011,154000,84.74,84.74,84.74,84.74,119,0
GAMR.US,5,20211011,155000,84.57,84.58,84.57,84.58,446,0
GAMR.US,5,20211011,180500,84.58,84.58,84.561,84.561,426,0
GAMR.US,5,20211011,213000,84.35,84.35,84.06,84.06,1914,0
GAMR.US,5,20211012,153000,83.81,83.81,83.81,83.81,105,0
GAMR.US,5,20211012,154000,83.94,83.94,83.94,83.94,300,0
GAMR.US,5,20211012,155500,83.7001,83.7001,83.7001,83.7001,100,0
GAMR.US,5,20211012,183000,83.94,83.94,83.83,83.83,509,0
GAMR.US,5,20211012,214500,83.72,83.72,83.72,83.72,175,0
GAMR.US,5,20211012,215500,83.43,83.43,83.43,83.43,300,0
GAMR.US,5,20211013,153000,84.52,84.52,84.52,84.52,550,0
GAMR.US,5,20211013,154000,84.94,84.94,84.89,84.89,397,0
GAMR.US,5,20211013,154500,85.02,85.02,84.9299,84.9299,1900,0
GAMR.US,5,20211013,155000,84.87,84.87,84.87,84.87,182,0
GAMR.US,5,20211013,160000,84.9,84.97,84.9,84.97,6100,0
GAMR.US,5,20211013,160500,84.97,85,84.96,84.99,6400,0
GAMR.US,5,20211013,161000,84.96,84.96,84.63,84.63,500,0
GAMR.US,5,20211013,161500,84.77,84.77,84.77,84.77,199,0
GAMR.US,5,20211013,162500,84.8349,84.8349,84.8349,84.8349,249,0
GAMR.US,5,20211013,164000,85.05,85.05,85.05,85.05,100,0
GAMR.US,5,20211013,165000,84.981,84.9818,84.981,84.9818,252,0
GAMR.US,5,20211013,175000,85.24,85.27,85.24,85.27,500,0
GAMR.US,5,20211013,180000,85.205,85.21,85.2,85.21,1100,0
GAMR.US,5,20211013,181000,85.265,85.29,85.22,85.29,4979,0
GAMR.US,5,20211013,183500,85.24,85.24,85.24,85.24,200,0
GAMR.US,5,20211013,185500,85.2319,85.2319,85.2319,85.2319,127,0
GAMR.US,5,20211013,193000,85.35,85.35,85.35,85.35,162,0
GAMR.US,5,20211013,205500,85.34,85.34,85.34,85.34,900,0
GAMR.US,5,20211013,210000,85.33,85.34,85.33,85.34,3600,0
GAMR.US,5,20211013,211000,85.31,85.36,85.31,85.36,300,0
GAMR.US,5,20211013,211500,85.34,85.35,85.34,85.35,1800,0
GAMR.US,5,20211013,212000,85.27,85.33,85.265,85.33,3405,0
GAMR.US,5,20211013,212500,85.255,85.31,85.23,85.27,3000,0
GAMR.US,5,20211014,153000,86.24,86.99,86.24,86.86,1091,0
GAMR.US,5,20211014,153500,86.53,86.75,86.2,86.41,1509,0
GAMR.US,5,20211014,154000,86.39,86.45,86.39,86.45,300,0
GAMR.US,5,20211014,154500,86.55,86.55,86.32,86.32,500,0
GAMR.US,5,20211014,155000,86.31,86.53,86.28,86.53,800,0
GAMR.US,5,20211014,155500,86.52,86.52,86.52,86.52,200,0
GAMR.US,5,20211014,160000,86.52,86.52,86.52,86.52,500,0
GAMR.US,5,20211014,160500,86.5,86.5,86.5,86.5,100,0
GAMR.US,5,20211014,161000,86.51,86.51,86.51,86.51,400,0
GAMR.US,5,20211014,162500,86.49,86.49,86.49,86.49,100,0
GAMR.US,5,20211014,163000,86.51,86.51,86.51,86.51,100,0
GAMR.US,5,20211014,163500,86.49,86.49,86.49,86.49,100,0
GAMR.US,5,20211014,164000,86.54,86.54,86.54,86.54,400,0
GAMR.US,5,20211014,165500,86.54,86.54,86.54,86.54,100,0
GAMR.US,5,20211014,170000,86.54,86.54,86.54,86.54,100,0
GAMR.US,5,20211014,170500,86.54,86.54,86.54,86.54,500,0
GAMR.US,5,20211014,171000,86.54,86.64,86.54,86.64,200,0
GAMR.US,5,20211014,173000,86.57,86.57,86.57,86.57,400,0
GAMR.US,5,20211014,174500,86.72,86.72,86.72,86.72,400,0
GAMR.US,5,20211014,175000,86.77,86.77,86.77,86.77,100,0
GAMR.US,5,20211014,175500,86.775,86.775,86.775,86.775,100,0
GAMR.US,5,20211014,181000,86.79,86.79,86.79,86.79,100,0
GAMR.US,5,20211014,181500,86.79,86.79,86.79,86.79,100,0
GAMR.US,5,20211014,182500,86.83,86.83,86.83,86.83,100,0
GAMR.US,5,20211014,184000,86.85,86.85,86.85,86.85,100,0
GAMR.US,5,20211014,185000,86.88,86.88,86.88,86.88,100,0
GAMR.US,5,20211014,190000,86.87,86.87,86.87,86.87,800,0
GAMR.US,5,20211014,195000,86.89,86.89,86.89,86.89,700,0
GAMR.US,5,20211014,200000,86.85,86.85,86.85,86.85,200,0
GAMR.US,5,20211014,201500,86.85,86.85,86.85,86.85,300,0
GAMR.US,5,20211014,202000,86.85,86.85,86.85,86.85,100,0
GAMR.US,5,20211014,205000,86.85,86.85,86.85,86.85,300,0
GAMR.US,5,20211014,210000,86.83,86.83,86.83,86.83,500,0
GAMR.US,5,20211014,210500,86.79,86.79,86.79,86.79,500,0
GAMR.US,5,20211014,212000,86.81,86.81,86.79,86.79,400,0
GAMR.US,5,20211014,213000,86.81,86.81,86.81,86.81,300,0
GAMR.US,5,20211014,213500,86.78,86.78,86.78,86.78,100,0
GAMR.US,5,20211014,214000,86.75,86.75,86.75,86.75,200,0
GAMR.US,5,20211014,214500,86.825,86.825,86.825,86.825,100,0
GAMR.US,5,20211014,215000,86.87,86.87,86.87,86.87,300,0
GAMR.US,5,20211014,215500,86.86,86.86,86.73,86.73,816,0
GAMR.US,5,20211015,153000,86.36,86.36,86.36,86.36,827,0
GAMR.US,5,20211015,153500,86.71,86.71,86.59,86.59,400,0
GAMR.US,5,20211015,154000,86.65,86.65,86.63,86.63,400,0
GAMR.US,5,20211015,160000,86.65,86.65,86.65,86.65,100,0
GAMR.US,5,20211015,161500,86.69,86.69,86.69,86.69,200,0
GAMR.US,5,20211015,163500,86.91,86.91,86.91,86.91,232,0
GAMR.US,5,20211015,180000,86.92,86.92,86.92,86.92,300,0
GAMR.US,5,20211018,153000,86.77,86.77,86.77,86.77,126,0
GAMR.US,5,20211018,154000,87.11,87.11,87.11,87.11,113,0
GAMR.US,5,20211018,155500,87.43,87.43,87.43,87.43,200,0
GAMR.US,5,20211018,174500,87.5,87.5,87.5,87.5,100,0
GAMR.US,5,20211018,175000,87.65,87.65,87.65,87.65,110,0
GAMR.US,5,20211018,194500,87.715,87.715,87.6978,87.6978,535,0
GAMR.US,5,20211018,200500,87.63,87.63,87.63,87.63,100,0
GAMR.US,5,20211018,201500,87.63,87.6733,87.63,87.6733,1800,0
GAMR.US,5,20211018,213500,87.69,87.69,87.69,87.69,402,0
GAMR.US,5,20211018,214000,87.67,87.67,87.67,87.67,127,0
GAMR.US,5,20211019,153000,88.54,88.54,88.54,88.54,795,0
GAMR.US,5,20211019,153500,89.03,89.07,89.025,89.06,1000,0
GAMR.US,5,20211019,155000,89.05,89.05,89.05,89.05,300,0
GAMR.US,5,20211019,160500,89.1,89.24,89.1,89.24,502,0
GAMR.US,5,20211019,161500,89.17,89.17,89.17,89.17,600,0
GAMR.US,5,20211019,170000,89.39,89.39,89.39,89.39,100,0
GAMR.US,5,20211019,180000,89.3776,89.39,89.3776,89.39,200,0
GAMR.US,5,20211019,190000,89.46,89.46,89.46,89.46,600,0
GAMR.US,5,20211019,204000,89.2601,89.2601,89.2601,89.2601,166,0
GAMR.US,5,20211020,153000,89.29,89.29,89.29,89.29,416,0
GAMR.US,5,20211020,153500,89.5,89.5,89.5,89.5,100,0
GAMR.US,5,20211020,154500,89.5,89.5,89.45,89.45,400,0
GAMR.US,5,20211020,155000,89.39,89.39,89.39,89.39,300,0
GAMR.US,5,20211020,160500,89.15,89.15,89.15,89.15,600,0
GAMR.US,5,20211020,190000,89.15,89.15,89.15,89.15,300,0
GAMR.US,5,20211020,190500,89.1,89.1,89.07,89.07,689,0
GAMR.US,5,20211020,191500,89.03,89.03,89.03,89.03,300,0
GAMR.US,5,20211020,192000,88.92,88.93,88.92,88.92,2220,0
GAMR.US,5,20211020,215500,89.04,89.04,89.04,89.04,301,0
GAMR.US,5,20211021,153000,89.04,89.04,89.04,89.04,605,0
GAMR.US,5,20211021,153500,89.51,89.51,89.51,89.51,100,0
GAMR.US,5,20211021,163000,89.78,89.78,89.78,89.78,292,0
GAMR.US,5,20211021,170500,89.8,89.8,89.8,89.8,111,0
GAMR.US,5,20211021,181000,89.69,89.69,89.69,89.69,200,0
GAMR.US,5,20211021,211500,89.89,89.89,89.89,89.89,200,0
GAMR.US,5,20211021,214500,89.8104,89.8104,89.8104,89.8104,100,0
GAMR.US,5,20211021,215000,89.7911,89.7911,89.7911,89.7911,100,0
GAMR.US,5,20211021,215500,89.73,89.73,89.73,89.73,100,0
GAMR.US,5,20211022,153000,90.28,90.28,90.0901,90.0901,567,0
GAMR.US,5,20211022,153500,90.3,90.3,90.3,90.3,682,0
GAMR.US,5,20211022,154000,90.62,90.62,90.62,90.62,300,0
GAMR.US,5,20211022,154500,90.2701,90.2701,90.2701,90.2701,155,0
GAMR.US,5,20211022,165500,90.4201,90.4201,90.4201,90.4201,100,0
GAMR.US,5,20211022,172000,90.1,90.1,90.1,90.1,300,0
GAMR.US,5,20211022,172500,89.92,89.92,89.92,89.92,300,0
GAMR.US,5,20211022,184500,89.91,89.91,89.9,89.9,300,0
GAMR.US,5,20211022,210500,89.93,89.93,89.93,89.93,200,0
GAMR.US,5,20211025,153000,90,90,90,90,361,0
GAMR.US,5,20211025,153500,89.92,89.92,89.92,89.92,100,0
GAMR.US,5,20211025,154000,89.73,89.73,89.58,89.58,404,0
GAMR.US,5,20211025,180000,90.1,90.1,90.1,90.1,100,0
GAMR.US,5,20211025,185500,90.0001,90.0001,90.0001,90.0001,121,0
GAMR.US,5,20211025,194500,90.03,90.03,90.03,90.03,125,0
GAMR.US,5,20211025,195500,90.0001,90.0001,90.0001,90.0001,141,0
GAMR.US,5,20211025,204000,90.0201,90.13,90.0201,90.13,329,0
GAMR.US,5,20211025,214000,90.13,90.13,90.13,90.13,110,0
GAMR.US,5,20211026,153000,90.72,90.72,90.72,90.72,1335,0
GAMR.US,5,20211026,153500,91.34,91.34,91.34,91.34,300,0
GAMR.US,5,20211026,154000,91.265,91.265,91.265,91.265,200,0
GAMR.US,5,20211026,160500,91.32,91.34,91.32,91.34,500,0
GAMR.US,5,20211026,171000,90.97,90.97,90.97,90.97,200,0
GAMR.US,5,20211026,184500,90.24,90.24,90.155,90.17,1500,0
GAMR.US,5,20211026,185000,90.13,90.15,90.13,90.15,200,0
GAMR.US,5,20211026,201500,90.41,90.41,90.41,90.41,400,0
GAMR.US,5,20211026,210000,90.31,90.31,90.3001,90.3001,487,0
GAMR.US,5,20211027,153000,90.39,90.39,90.39,90.39,604,0
GAMR.US,5,20211027,154500,91.1,91.1,91.1,91.1,300,0
GAMR.US,5,20211027,155500,91.14,91.14,91.14,91.14,275,0
GAMR.US,5,20211027,160000,90.86,90.86,90.86,90.86,100,0
GAMR.US,5,20211027,165000,90.68,90.68,90.68,90.68,277,0
GAMR.US,5,20211027,171000,90.78,90.78,90.78,90.78,400,0
GAMR.US,5,20211027,180000,90.602,90.602,90.602,90.602,200,0
GAMR.US,5,20211027,190000,90.72,90.72,90.72,90.72,400,0
GAMR.US,5,20211027,195000,90.81,90.81,90.81,90.81,100,0
GAMR.US,5,20211027,204500,90.84,90.88,90.84,90.84,800,0
GAMR.US,5,20211027,210000,90.7001,90.7001,90.7001,90.7001,111,0
GAMR.US,5,20211027,211000,90.49,90.49,90.47,90.47,875,0
GAMR.US,5,20211027,215500,90.29,90.29,90.29,90.29,214,0
GAMR.US,5,20211028,153000,89.72,89.72,89.72,89.72,328,0
GAMR.US,5,20211028,153500,89.73,89.73,89.7,89.7,700,0
GAMR.US,5,20211028,164500,89.79,89.8,89.79,89.8,232,0
GAMR.US,5,20211028,173500,90,90,90,90,200,0
GAMR.US,5,20211028,175000,90.1,90.1,90.1,90.1,500,0
GAMR.US,5,20211028,185500,90.04,90.04,90.04,90.04,100,0
GAMR.US,5,20211028,195000,90.051,90.051,90.05,90.05,731,0
GAMR.US,5,20211028,203500,90.06,90.06,90.06,90.06,100,0
GAMR.US,5,20211028,215500,90.09,90.09,90.09,90.09,146,0
GAMR.US,5,20211029,153000,90.51,90.51,90.51,90.51,187,0
GAMR.US,5,20211029,155000,90.85,90.85,90.81,90.81,400,0
GAMR.US,5,20211029,164500,90.67,90.67,90.67,90.67,400,0
GAMR.US,5,20211029,170500,90.45,90.45,90.44,90.44,300,0
GAMR.US,5,20211029,203000,90.27,90.27,90.27,90.27,111,0
GAMR.US,5,20211029,205000,90.34,90.34,90.34,90.34,100,0
GAMR.US,5,20211029,214000,90.45,90.45,90.45,90.45,100,0
GAMR.US,5,20211029,215500,90.56,90.56,90.56,90.56,119,0
GAMR.US,5,20211101,143000,91.38,91.38,91.38,91.38,930,0
GAMR.US,5,20211101,143500,91.98,91.98,91.98,91.98,300,0
GAMR.US,5,20211101,144000,91.87,91.87,91.87,91.87,145,0
GAMR.US,5,20211101,144500,92.15,92.15,92.11,92.11,264,0
GAMR.US,5,20211101,151500,92.64,92.64,92.64,92.64,100,0
GAMR.US,5,20211101,155500,92.6,92.6,92.6,92.6,1092,0
GAMR.US,5,20211101,160000,92.65,92.65,92.65,92.65,600,0
GAMR.US,5,20211101,162000,92.6,92.6,92.6,92.6,200,0
GAMR.US,5,20211101,175500,92.79,92.95,92.7833,92.93,3236,0
GAMR.US,5,20211101,182500,92.9,92.9,92.7751,92.7751,200,0
GAMR.US,5,20211101,184500,92.72,92.72,92.72,92.72,100,0
GAMR.US,5,20211101,190000,92.63,92.63,92.63,92.63,100,0
GAMR.US,5,20211101,191000,92.77,92.82,92.77,92.79,560,0
GAMR.US,5,20211101,192500,92.4501,92.4501,92.4501,92.4501,110,0
GAMR.US,5,20211101,203500,92.655,92.655,92.655,92.655,100,0
GAMR.US,5,20211101,204500,92.73,92.73,92.73,92.73,124,0
GAMR.US,5,20211102,143000,92.47,92.47,92.36,92.36,313,0
GAMR.US,5,20211102,143500,92.42,92.42,92.42,92.42,300,0
GAMR.US,5,20211102,144000,92.35,92.35,92.35,92.35,100,0
GAMR.US,5,20211102,151000,92.26,92.26,92.04,92.04,3760,0
GAMR.US,5,20211102,152500,92.2584,92.2584,92.2584,92.2584,650,0
GAMR.US,5,20211102,154500,92.12,92.12,92.12,92.12,100,0
GAMR.US,5,20211102,160000,92.3311,92.3311,92.3311,92.3311,108,0
GAMR.US,5,20211102,162000,92.27,92.28,92.27,92.28,800,0
GAMR.US,5,20211102,171000,92,92,92,92,810,0
GAMR.US,5,20211102,175000,91.8901,91.8901,91.8901,91.8901,100,0
GAMR.US,5,20211102,191000,91.77,91.77,91.77,91.77,100,0
GAMR.US,5,20211102,193000,91.785,91.785,91.785,91.785,129,0
GAMR.US,5,20211102,205500,92.14,92.14,92.14,92.14,300,0
GAMR.US,5,20211103,144000,92.01,92.01,92.01,92.01,100,0
GAMR.US,5,20211103,150000,92.19,92.19,92.19,92.19,300,0
GAMR.US,5,20211103,175000,91.913,91.913,91.913,91.913,100,0
GAMR.US,5,20211103,195000,92.15,92.3,92.15,92.3,349,0
GAMR.US,5,20211103,202000,92.261,92.261,92.261,92.261,476,0
GAMR.US,5,20211103,205500,92.55,92.55,92.55,92.55,173,0
GAMR.US,5,20211104,143000,91.55,91.55,91.55,91.55,566,0
GAMR.US,5,20211104,143500,91.57,91.57,91.57,91.57,100,0
GAMR.US,5,20211104,192000,91.1758,91.1758,91.1758,91.1758,330,0
GAMR.US,5,20211105,144000,92.07,92.07,92.07,92.07,300,0
GAMR.US,5,20211105,144500,91.84,91.84,91.84,91.84,300,0
GAMR.US,5,20211105,145000,91.79,91.79,91.79,91.79,100,0
GAMR.US,5,20211105,150500,91.92,91.92,91.92,91.92,100,0
GAMR.US,5,20211105,153500,91.79,91.82,91.715,91.8,3000,0
GAMR.US,5,20211105,164500,91.5,91.5,91.5,91.5,177,0
GAMR.US,5,20211105,174500,91.53,91.53,91.53,91.53,1000,0
GAMR.US,5,20211105,175000,91.53,91.53,91.53,91.53,600,0
GAMR.US,5,20211105,175500,91.53,91.53,91.53,91.53,1200,0
GAMR.US,5,20211105,180000,91.53,91.53,91.53,91.53,400,0
GAMR.US,5,20211105,180500,91.7666,91.7666,91.7666,91.7666,130,0
GAMR.US,5,20211108,153000,92.85,92.88,92.85,92.88,713,0
GAMR.US,5,20211108,153500,92.94,93.24,92.94,93.24,500,0
GAMR.US,5,20211108,154000,93.12,93.12,93.11,93.11,300,0
GAMR.US,5,20211108,154500,93.115,93.13,93.01,93.13,354,0
GAMR.US,5,20211108,155000,93.14,93.36,93.14,93.33,500,0
GAMR.US,5,20211108,160000,93,93,93,93,100,0
GAMR.US,5,20211108,160500,93.06,93.06,93.06,93.06,200,0
GAMR.US,5,20211108,161000,93.09,93.09,93.09,93.09,100,0
GAMR.US,5,20211108,162000,93.075,93.09,93.075,93.09,200,0
GAMR.US,5,20211108,165000,92.89,92.89,92.89,92.89,100,0
GAMR.US,5,20211108,170000,92.89,92.89,92.89,92.89,100,0
GAMR.US,5,20211108,171000,92.92,92.975,92.92,92.975,206,0
GAMR.US,5,20211108,172000,92.93,93.06,92.93,93.06,500,0
GAMR.US,5,20211108,180000,93.06,93.18,93.06,93.18,215,0
GAMR.US,5,20211108,183000,93.09,93.09,93.09,93.09,100,0
GAMR.US,5,20211108,183500,93.09,93.09,93.09,93.09,300,0
GAMR.US,5,20211108,185500,93.315,93.315,93.315,93.315,100,0
GAMR.US,5,20211108,190500,93.31,93.31,93.31,93.31,100,0
GAMR.US,5,20211108,191000,93.31,93.31,93.31,93.31,100,0
GAMR.US,5,20211108,192500,93.41,93.41,93.41,93.41,100,0
GAMR.US,5,20211108,193500,93.35,93.51,93.35,93.51,300,0
GAMR.US,5,20211108,200000,93.495,93.495,93.495,93.495,100,0
GAMR.US,5,20211108,201000,93.31,93.31,93.31,93.31,100,0
GAMR.US,5,20211108,202500,93.38,93.38,93.38,93.38,100,0
GAMR.US,5,20211108,205000,93.31,93.31,93.31,93.31,100,0
GAMR.US,5,20211108,210000,93.18,93.18,93.18,93.18,100,0
GAMR.US,5,20211108,210500,93.18,93.18,93.18,93.18,100,0
GAMR.US,5,20211108,211500,93.19,93.19,93.19,93.19,100,0
GAMR.US,5,20211108,212000,93.2273,93.2273,93.2273,93.2273,103,0
GAMR.US,5,20211108,212500,93.18,93.18,93.18,93.18,100,0
GAMR.US,5,20211108,213000,93.17,93.17,93.17,93.17,100,0
GAMR.US,5,20211108,213500,93.18,93.18,93.18,93.18,100,0
GAMR.US,5,20211108,214000,93.17,93.17,93.17,93.17,100,0
GAMR.US,5,20211108,214500,93.3777,93.3777,93.3777,93.3777,110,0
GAMR.US,5,20211108,215000,93.17,93.17,93.17,93.17,100,0
GAMR.US,5,20211108,215500,93.08,93.08,93.08,93.08,100,0
GAMR.US,5,20211109,153000,95.07,95.07,95.07,95.07,1512,0
GAMR.US,5,20211109,153500,95.49,95.49,95.49,95.49,100,0
GAMR.US,5,20211109,154000,95.78,95.78,95.78,95.78,100,0
GAMR.US,5,20211109,155500,95.02,95.02,95.02,95.02,100,0
GAMR.US,5,20211109,160500,94.76,94.76,94.76,94.76,300,0
GAMR.US,5,20211109,175500,95.24,95.24,95.24,95.24,100,0
GAMR.US,5,20211109,184500,95.21,95.21,95.21,95.21,100,0
GAMR.US,5,20211109,194500,95,95,95,95,100,0
GAMR.US,5,20211109,195500,94.8903,94.8903,94.8903,94.8903,180,0
GAMR.US,5,20211109,211000,95.0725,95.0725,95.0725,95.0725,152,0
GAMR.US,5,20211109,215500,95.55,95.55,95.55,95.55,100,0
GAMR.US,5,20211110,153000,95.1,95.1,95.08,95.08,600,0
GAMR.US,5,20211110,153500,95.37,95.37,95.37,95.37,300,0
GAMR.US,5,20211110,154000,95.66,95.72,95.6,95.68,8388,0
GAMR.US,5,20211110,155500,96.14,96.14,96.14,96.14,150,0
GAMR.US,5,20211110,160000,96.122,96.15,96.122,96.15,300,0
GAMR.US,5,20211110,161000,96.12,96.12,96.12,96.12,298,0
GAMR.US,5,20211110,162000,96.37,96.37,96.37,96.37,100,0
GAMR.US,5,20211110,164500,96.04,96.04,96,96,328,0
GAMR.US,5,20211110,170000,95.995,95.995,95.995,95.995,117,0
GAMR.US,5,20211110,172500,96.17,96.17,96.17,96.17,200,0
GAMR.US,5,20211110,173000,96.01,96.01,96.01,96.01,200,0
GAMR.US,5,20211110,173500,96.02,96.02,96.02,96.02,300,0
GAMR.US,5,20211110,174000,95.98,95.98,95.98,95.98,500,0
GAMR.US,5,20211110,175000,95.96,95.96,95.96,95.96,600,0
GAMR.US,5,20211110,185000,95.69,95.69,95.69,95.69,200,0
GAMR.US,5,20211110,185500,95.715,95.8,95.715,95.8,700,0
GAMR.US,5,20211110,193500,95.23,95.23,95.23,95.23,162,0
GAMR.US,5,20211110,194500,95.12,95.12,95.12,95.12,269,0
GAMR.US,5,20211110,201500,95.14,95.14,95.14,95.14,100,0
GAMR.US,5,20211110,204000,94.47,94.48,94.47,94.48,3100,0
GAMR.US,5,20211110,210500,94.725,94.725,94.6601,94.6601,460,0
GAMR.US,5,20211110,211000,94.79,94.79,94.79,94.79,289,0
GAMR.US,5,20211110,213000,94.8001,94.8001,94.8001,94.8001,296,0
GAMR.US,5,20211110,215000,94.97,94.97,94.8001,94.8001,415,0
GAMR.US,5,20211111,153000,96.38,96.38,96.2,96.2,1269,0
GAMR.US,5,20211111,153500,96.88,96.88,96.88,96.88,300,0
GAMR.US,5,20211111,170000,97.24,97.24,97.21,97.21,3781,0
GAMR.US,5,20211111,170500,97.22,97.22,97.19,97.19,1000,0
GAMR.US,5,20211111,172500,97.18,97.19,97.17,97.19,1900,0
GAMR.US,5,20211111,180000,97.07,97.07,97.07,97.07,155,0
GAMR.US,5,20211111,180500,96.9,96.9,96.9,96.9,154,0
GAMR.US,5,20211111,194500,97.27,97.27,97.27,97.27,100,0
GAMR.US,5,20211111,195000,97.26,97.26,97.26,97.26,120,0
GAMR.US,5,20211111,211500,97.12,97.12,97.12,97.12,100,0
GAMR.US,5,20211111,214000,97.1,97.1,97.1,97.1,200,0
GAMR.US,5,20211111,215000,96.93,96.93,96.93,96.93,300,0
