<TICKER>,<PER>,<DATE>,<TIME>,<OPEN>,<HIGH>,<LOW>,<CLOSE>,<VOL>,<OPENINT>
GSEW.US,5,20210922,153000,67.9,67.9,67.9,67.9,473,0
GSEW.US,5,20210922,155500,68.09,68.094,68.082,68.082,360,0
GSEW.US,5,20210922,160000,68.22,68.22,68.22,68.22,200,0
GSEW.US,5,20210922,160500,68.2158,68.2158,68.2158,68.2158,208,0
GSEW.US,5,20210922,163000,68.23,68.23,68.23,68.23,200,0
GSEW.US,5,20210922,163500,68.2683,68.2683,68.2683,68.2683,195,0
GSEW.US,5,20210922,164000,68.27,68.27,68.255,68.2572,908,0
GSEW.US,5,20210922,165000,68.28,68.28,68.25,68.255,538,0
GSEW.US,5,20210922,171500,68.374,68.374,68.374,68.374,275,0
GSEW.US,5,20210922,174000,68.45,68.45,68.4465,68.4465,292,0
GSEW.US,5,20210922,174500,68.4768,68.4768,68.4768,68.4768,126,0
GSEW.US,5,20210922,175000,68.46,68.5,68.46,68.5,1171,0
GSEW.US,5,20210922,180000,68.4954,68.4954,68.4954,68.4954,443,0
GSEW.US,5,20210922,180500,68.5,68.5,68.48,68.48,1260,0
GSEW.US,5,20210922,181500,68.457,68.457,68.457,68.457,100,0
GSEW.US,5,20210922,182500,68.4703,68.475,68.4703,68.475,862,0
GSEW.US,5,20210922,184000,68.47,68.47,68.47,68.47,292,0
GSEW.US,5,20210922,190000,68.43,68.43,68.42,68.42,23850,0
GSEW.US,5,20210922,190500,68.405,68.405,68.405,68.405,326,0
GSEW.US,5,20210922,192000,68.3571,68.3571,68.3571,68.3571,200,0
GSEW.US,5,20210922,193500,68.3974,68.3974,68.3974,68.3974,360,0
GSEW.US,5,20210922,200000,68.23,68.25,68.23,68.25,300,0
GSEW.US,5,20210922,201000,68.55,68.55,68.55,68.55,102,0
GSEW.US,5,20210922,202000,68.52,68.52,68.52,68.52,100,0
GSEW.US,5,20210922,202500,68.5304,68.535,68.5304,68.535,390,0
GSEW.US,5,20210922,203000,68.5572,68.5572,68.5572,68.5572,267,0
GSEW.US,5,20210922,203500,68.595,68.595,68.595,68.595,195,0
GSEW.US,5,20210922,204500,68.32,68.34,68.32,68.325,464,0
GSEW.US,5,20210922,205000,68.18,68.321,68.18,68.321,300,0
GSEW.US,5,20210922,210000,68.2502,68.2502,68.2502,68.2502,196,0
GSEW.US,5,20210922,210500,68.28,68.28,68.2699,68.2799,842,0
GSEW.US,5,20210922,211000,68.4553,68.46,68.4553,68.4565,1121,0
GSEW.US,5,20210922,211500,68.49,68.51,68.49,68.4966,1687,0
GSEW.US,5,20210922,212000,68.5328,68.5328,68.5328,68.5328,198,0
GSEW.US,5,20210922,212500,68.445,68.445,68.445,68.445,175,0
GSEW.US,5,20210922,213000,68.4267,68.4267,68.4267,68.4267,149,0
GSEW.US,5,20210922,214000,68.4967,68.5,68.3724,68.3724,2350,0
GSEW.US,5,20210922,214500,68.3692,68.3692,68.3692,68.3692,1297,0
GSEW.US,5,20210922,215000,68.37,68.37,68.37,68.37,8733,0
GSEW.US,5,20210922,215500,68.28,68.3,68.27,68.28,686,0
GSEW.US,5,20210923,153000,68.72,68.72,68.72,68.72,1913,0
GSEW.US,5,20210923,153500,68.87,68.87,68.87,68.87,100,0
GSEW.US,5,20210923,154000,68.9938,69,68.9938,69,200,0
GSEW.US,5,20210923,155500,69.14,69.14,69.115,69.115,300,0
GSEW.US,5,20210923,161000,69.1628,69.1646,69.162,69.1646,331,0
GSEW.US,5,20210923,161500,69.19,69.19,69.19,69.19,100,0
GSEW.US,5,20210923,162000,69.195,69.195,69.195,69.195,400,0
GSEW.US,5,20210923,162500,69.21,69.21,69.1854,69.2,500,0
GSEW.US,5,20210923,163000,69.149,69.149,69.149,69.149,650,0
GSEW.US,5,20210923,165000,69.26,69.27,69.26,69.27,1200,0
GSEW.US,5,20210923,165500,69.265,69.265,69.265,69.265,130,0
GSEW.US,5,20210923,170500,69.23,69.23,69.23,69.23,100,0
GSEW.US,5,20210923,171000,69.23,69.23,69.23,69.23,200,0
GSEW.US,5,20210923,171500,69.2,69.2,69.2,69.2,14480,0
GSEW.US,5,20210923,172500,69.2,69.2,69.2,69.2,700,0
GSEW.US,5,20210923,173500,69.24,69.26,69.24,69.26,2700,0
GSEW.US,5,20210923,174000,69.241,69.241,69.1901,69.22,903,0
GSEW.US,5,20210923,175500,69.26,69.26,69.26,69.26,217,0
GSEW.US,5,20210923,181500,69.27,69.27,69.27,69.27,400,0
GSEW.US,5,20210923,182000,69.2412,69.2412,69.2412,69.2412,361,0
GSEW.US,5,20210923,183000,69.2999,69.2999,69.2899,69.2899,712,0
GSEW.US,5,20210923,183500,69.27,69.27,69.27,69.27,855,0
GSEW.US,5,20210923,184000,69.31,69.31,69.31,69.31,700,0
GSEW.US,5,20210923,184500,69.32,69.32,69.32,69.32,1100,0
GSEW.US,5,20210923,185000,69.3399,69.3399,69.3399,69.3399,100,0
GSEW.US,5,20210923,191000,69.3752,69.3752,69.3752,69.3752,150,0
GSEW.US,5,20210923,193000,69.3951,69.3951,69.3951,69.3951,148,0
GSEW.US,5,20210923,201500,69.39,69.39,69.39,69.39,300,0
GSEW.US,5,20210923,202000,69.3785,69.3785,69.3785,69.3785,150,0
GSEW.US,5,20210923,203000,69.38,69.39,69.38,69.39,800,0
GSEW.US,5,20210923,203500,69.37,69.37,69.37,69.37,780,0
GSEW.US,5,20210923,204000,69.34,69.3406,69.34,69.3406,1136,0
GSEW.US,5,20210923,205000,69.31,69.32,69.305,69.32,2301,0
GSEW.US,5,20210923,210500,69.3,69.32,69.3,69.32,5183,0
GSEW.US,5,20210923,211000,69.2678,69.27,69.2333,69.26,7012,0
GSEW.US,5,20210923,211500,69.23,69.24,69.23,69.24,356,0
GSEW.US,5,20210923,212500,69.2565,69.27,69.2565,69.26,893,0
GSEW.US,5,20210923,213000,69.2703,69.29,69.2703,69.29,417,0
GSEW.US,5,20210923,213500,69.2599,69.27,69.2599,69.27,1439,0
GSEW.US,5,20210923,214000,69.2738,69.29,69.2738,69.29,1542,0
GSEW.US,5,20210923,215000,69.21,69.21,69.21,69.21,148,0
GSEW.US,5,20210923,215500,69.18,69.19,69.18,69.19,1418,0
GSEW.US,5,20210924,153000,68.55,68.92,68.55,68.92,804,0
GSEW.US,5,20210924,154000,68.95,68.97,68.95,68.97,5730,0
GSEW.US,5,20210924,155500,68.87,68.87,68.87,68.87,200,0
GSEW.US,5,20210924,160000,68.9886,69.005,68.9886,69.005,1029,0
GSEW.US,5,20210924,160500,69.02,69.02,69.01,69.01,200,0
GSEW.US,5,20210924,161000,68.98,68.98,68.94,68.94,200,0
GSEW.US,5,20210924,161500,68.94,68.94,68.93,68.93,200,0
GSEW.US,5,20210924,162000,68.98,68.98,68.98,68.98,100,0
GSEW.US,5,20210924,162500,69.01,69.01,69.01,69.01,100,0
GSEW.US,5,20210924,163000,68.96,68.96,68.96,68.96,100,0
GSEW.US,5,20210924,163500,68.95,68.95,68.95,68.95,100,0
GSEW.US,5,20210924,164000,68.94,68.94,68.91,68.91,1100,0
GSEW.US,5,20210924,164500,68.91,68.97,68.87,68.97,1793,0
GSEW.US,5,20210924,165000,68.91,68.91,68.9,68.9,1200,0
GSEW.US,5,20210924,165500,68.91,68.91,68.91,68.91,980,0
GSEW.US,5,20210924,170000,68.91,68.92,68.91,68.92,300,0
GSEW.US,5,20210924,170500,68.9793,68.9793,68.9793,68.9793,3000,0
GSEW.US,5,20210924,171000,69,69,68.985,68.985,814,0
GSEW.US,5,20210924,171500,68.96,68.96,68.96,68.96,100,0
GSEW.US,5,20210924,172000,68.96,68.96,68.945,68.95,580,0
GSEW.US,5,20210924,172500,68.9,68.9,68.9,68.9,2640,0
GSEW.US,5,20210924,173000,68.8761,68.8761,68.8761,68.8761,129,0
GSEW.US,5,20210924,174500,68.915,68.915,68.91,68.91,400,0
GSEW.US,5,20210924,175000,68.95,68.95,68.95,68.95,100,0
GSEW.US,5,20210924,175500,68.99,68.99,68.99,68.99,100,0
GSEW.US,5,20210924,180000,68.97,68.97,68.97,68.97,100,0
GSEW.US,5,20210924,180500,68.98,68.98,68.9798,68.9798,774,0
GSEW.US,5,20210924,181000,68.99,68.99,68.99,68.99,100,0
GSEW.US,5,20210924,181500,69,69.02,69,69.02,300,0
GSEW.US,5,20210924,182000,68.9986,68.9986,68.9986,68.9986,761,0
GSEW.US,5,20210924,182500,69.01,69.01,69.01,69.01,100,0
GSEW.US,5,20210924,183000,69.0012,69.0012,69.0012,69.0012,126,0
GSEW.US,5,20210924,183500,69,69.02,69,69.009,492,0
GSEW.US,5,20210924,184500,69.03,69.03,69.03,69.03,100,0
GSEW.US,5,20210924,185500,69,69,68.995,69,3600,0
GSEW.US,5,20210924,190000,69,69.01,69,69.01,600,0
GSEW.US,5,20210924,190500,68.99,68.99,68.99,68.99,100,0
GSEW.US,5,20210924,191000,68.99,68.99,68.97,68.97,200,0
GSEW.US,5,20210924,191500,68.9735,68.98,68.9735,68.98,223,0
GSEW.US,5,20210924,192500,68.98,68.98,68.98,68.98,100,0
GSEW.US,5,20210924,193500,68.92,68.92,68.92,68.92,100,0
GSEW.US,5,20210924,194500,68.94,68.94,68.93,68.93,552,0
GSEW.US,5,20210924,195000,68.93,68.93,68.9281,68.9281,232,0
GSEW.US,5,20210924,195500,68.907,68.91,68.89,68.89,575,0
GSEW.US,5,20210924,200000,68.8835,68.91,68.8835,68.91,245,0
GSEW.US,5,20210924,200500,68.9,68.9,68.9,68.9,100,0
GSEW.US,5,20210924,201000,68.89,68.89,68.89,68.89,100,0
GSEW.US,5,20210924,201500,68.9,68.9,68.9,68.9,25416,0
GSEW.US,5,20210924,202000,68.92,68.92,68.92,68.92,100,0
GSEW.US,5,20210924,202500,68.91,68.92,68.91,68.9199,1145,0
GSEW.US,5,20210924,203000,68.9321,68.94,68.93,68.94,3001,0
GSEW.US,5,20210924,203500,68.95,68.95,68.92,68.92,4800,0
GSEW.US,5,20210924,204000,68.925,68.925,68.91,68.91,11147,0
GSEW.US,5,20210924,204500,68.93,68.9502,68.93,68.94,12130,0
GSEW.US,5,20210924,205500,69.05,69.05,69.05,69.05,124,0
GSEW.US,5,20210924,210000,69.0057,69.0057,69.0057,69.0057,363,0
GSEW.US,5,20210924,211500,69.0018,69.0036,69.0018,69.0036,700,0
GSEW.US,5,20210924,212000,68.975,69.0392,68.975,69.0392,226,0
GSEW.US,5,20210924,214000,69.01,69.04,69.01,69.03,12034,0
GSEW.US,5,20210924,214500,69.03,69.0937,69.03,69.08,13455,0
GSEW.US,5,20210924,215000,69.058,69.058,69.02,69.0346,82819,0
GSEW.US,5,20210924,215500,68.98,68.99,68.94,68.94,406,0
GSEW.US,5,20210927,153000,68.87,68.94,68.87,68.94,1331,0
GSEW.US,5,20210927,153500,69.01,69.02,68.92,68.92,6624,0
GSEW.US,5,20210927,154500,68.98,69.0554,68.98,69.0554,557,0
GSEW.US,5,20210927,160500,69.1,69.1,69.07,69.07,300,0
GSEW.US,5,20210927,161500,69.0946,69.0946,69.0946,69.0946,400,0
GSEW.US,5,20210927,162000,69.09,69.111,69.09,69.111,377,0
GSEW.US,5,20210927,163500,69.16,69.16,69.12,69.14,21407,0
GSEW.US,5,20210927,164000,69.15,69.15,69.15,69.15,200,0
GSEW.US,5,20210927,165500,69.07,69.07,69.07,69.07,2100,0
GSEW.US,5,20210927,170000,69.068,69.068,69.03,69.05,4403,0
GSEW.US,5,20210927,170500,69.0502,69.0502,69.0502,69.0502,145,0
GSEW.US,5,20210927,171500,69.041,69.068,69.041,69.068,2700,0
GSEW.US,5,20210927,172000,69.0383,69.0383,69,69.0306,989,0
GSEW.US,5,20210927,173500,68.98,68.98,68.98,68.98,263,0
GSEW.US,5,20210927,175500,68.97,68.97,68.97,68.97,140,0
GSEW.US,5,20210927,180500,68.9983,68.9983,68.9983,68.9983,362,0
GSEW.US,5,20210927,183000,68.9716,68.988,68.9716,68.988,2876,0
GSEW.US,5,20210927,184500,68.9256,68.9256,68.8463,68.85,3041,0
GSEW.US,5,20210927,185500,68.8818,68.8818,68.8549,68.8549,827,0
GSEW.US,5,20210927,191500,68.9,68.91,68.9,68.91,300,0
GSEW.US,5,20210927,192000,68.9435,68.9435,68.9435,68.9435,470,0
GSEW.US,5,20210927,192500,68.922,68.922,68.922,68.922,177,0
GSEW.US,5,20210927,194500,68.9143,68.9143,68.9143,68.9143,1262,0
GSEW.US,5,20210927,195000,68.94,68.94,68.94,68.94,557,0
GSEW.US,5,20210927,195500,68.97,68.97,68.97,68.97,425,0
GSEW.US,5,20210927,200000,68.97,68.97,68.97,68.97,122,0
GSEW.US,5,20210927,200500,69,69,69,69,300,0
GSEW.US,5,20210927,201000,68.98,68.98,68.98,68.98,250,0
GSEW.US,5,20210927,202000,68.991,68.991,68.991,68.991,121,0
GSEW.US,5,20210927,202500,69.0227,69.0227,69.0227,69.0227,180,0
GSEW.US,5,20210927,203000,68.9932,68.9932,68.9932,68.9932,125,0
GSEW.US,5,20210927,204500,69.009,69.01,69,69.01,2628,0
GSEW.US,5,20210927,211000,68.9999,68.9999,68.99,68.99,716,0
GSEW.US,5,20210927,212500,68.935,68.935,68.935,68.935,242,0
GSEW.US,5,20210927,213000,68.93,68.9499,68.93,68.9499,665,0
GSEW.US,5,20210927,215000,68.83,68.83,68.819,68.82,6232,0
GSEW.US,5,20210927,215500,68.79,68.85,68.79,68.85,705,0
GSEW.US,5,20210928,153500,68.44,68.44,68.43,68.43,300,0
GSEW.US,5,20210928,155000,68.2,68.2,68.2,68.2,100,0
GSEW.US,5,20210928,160000,68.1599,68.1599,67.99,67.99,231,0
GSEW.US,5,20210928,160500,67.92,67.92,67.92,67.92,100,0
GSEW.US,5,20210928,161000,67.9244,67.9244,67.9244,67.9244,200,0
GSEW.US,5,20210928,161500,67.8,67.8,67.8,67.8,100,0
GSEW.US,5,20210928,162000,67.77,67.77,67.73,67.73,261,0
GSEW.US,5,20210928,162500,67.78,67.78,67.78,67.78,100,0
GSEW.US,5,20210928,163000,67.8108,67.8108,67.8108,67.8108,400,0
GSEW.US,5,20210928,163500,67.9135,68.005,67.9135,68.005,389,0
GSEW.US,5,20210928,164000,67.97,68.0177,67.97,68.0177,696,0
GSEW.US,5,20210928,164500,67.9831,67.99,67.955,67.955,585,0
GSEW.US,5,20210928,165000,67.892,67.892,67.892,67.892,108,0
GSEW.US,5,20210928,165500,67.915,67.915,67.85,67.86,3363,0
GSEW.US,5,20210928,170000,67.8625,67.8625,67.8625,67.8625,1736,0
GSEW.US,5,20210928,170500,67.79,67.79,67.74,67.74,222,0
GSEW.US,5,20210928,173000,67.7099,67.7099,67.7099,67.7099,252,0
GSEW.US,5,20210928,174000,67.74,67.74,67.74,67.74,427,0
GSEW.US,5,20210928,175500,67.68,67.68,67.68,67.68,238,0
GSEW.US,5,20210928,180000,67.6536,67.6536,67.6536,67.6536,148,0
GSEW.US,5,20210928,180500,67.5732,67.665,67.5732,67.665,348,0
GSEW.US,5,20210928,181000,67.77,67.77,67.77,67.77,100,0
GSEW.US,5,20210928,181500,67.73,67.73,67.73,67.73,100,0
GSEW.US,5,20210928,184500,67.55,67.55,67.55,67.55,100,0
GSEW.US,5,20210928,185000,67.56,67.56,67.56,67.56,200,0
GSEW.US,5,20210928,191500,67.6499,67.67,67.6466,67.67,705,0
GSEW.US,5,20210928,192000,67.7038,67.7038,67.7038,67.7038,148,0
GSEW.US,5,20210928,192500,67.78,67.78,67.78,67.78,531,0
GSEW.US,5,20210928,193000,67.7522,67.7522,67.7522,67.7522,200,0
GSEW.US,5,20210928,200000,67.64,67.64,67.64,67.64,100,0
GSEW.US,5,20210928,201500,67.73,67.73,67.73,67.73,200,0
GSEW.US,5,20210928,202000,67.7627,67.7627,67.7627,67.7627,1120,0
GSEW.US,5,20210928,203000,67.76,67.76,67.76,67.76,100,0
GSEW.US,5,20210928,204000,67.7688,67.7688,67.7688,67.7688,295,0
GSEW.US,5,20210928,204500,67.97,68.01,67.97,68.01,582,0
GSEW.US,5,20210928,205000,67.99,67.99,67.99,67.99,100,0
GSEW.US,5,20210928,205500,67.955,67.955,67.955,67.955,502,0
GSEW.US,5,20210928,210500,68.01,68.01,68.01,68.01,200,0
GSEW.US,5,20210928,211000,68.01,68.02,67.991,68.005,2598,0
GSEW.US,5,20210928,211500,68.01,68.02,68.01,68.02,1089,0
GSEW.US,5,20210928,212000,67.8698,67.8698,67.8698,67.8698,106,0
GSEW.US,5,20210928,212500,67.85,67.85,67.85,67.85,147,0
GSEW.US,5,20210928,213500,67.86,67.86,67.86,67.86,100,0
GSEW.US,5,20210928,214000,67.8,67.8,67.7999,67.7999,2965,0
GSEW.US,5,20210928,214500,67.6,67.6,67.6,67.6,870,0
GSEW.US,5,20210928,215000,67.59,67.59,67.57,67.57,800,0
GSEW.US,5,20210928,215500,67.5699,67.63,67.5699,67.59,3633,0
GSEW.US,5,20210929,153000,67.77,67.77,67.77,67.77,301,0
GSEW.US,5,20210929,153500,67.77,67.77,67.7,67.7255,938,0
GSEW.US,5,20210929,154000,67.68,67.68,67.68,67.68,120,0
GSEW.US,5,20210929,154500,67.68,67.68,67.68,67.68,200,0
GSEW.US,5,20210929,155000,67.8227,67.8227,67.8227,67.8227,131,0
GSEW.US,5,20210929,160500,67.88,67.88,67.88,67.88,100,0
GSEW.US,5,20210929,162000,67.98,67.98,67.98,67.98,160,0
GSEW.US,5,20210929,163000,67.98,67.98,67.9726,67.9726,254,0
GSEW.US,5,20210929,164000,67.9485,67.9485,67.9485,67.9485,100,0
GSEW.US,5,20210929,164500,67.944,67.944,67.944,67.944,100,0
GSEW.US,5,20210929,165000,68,68,67.99,67.99,200,0
GSEW.US,5,20210929,170000,68.0099,68.0099,67.99,67.99,3177,0
GSEW.US,5,20210929,170500,67.955,67.955,67.955,67.955,100,0
GSEW.US,5,20210929,172500,67.954,67.954,67.9151,67.9151,203,0
GSEW.US,5,20210929,173000,67.905,67.905,67.905,67.905,269,0
GSEW.US,5,20210929,173500,67.89,67.89,67.89,67.89,100,0
GSEW.US,5,20210929,174500,67.8155,67.8155,67.8155,67.8155,126,0
GSEW.US,5,20210929,175500,67.8438,67.8438,67.8438,67.8438,225,0
GSEW.US,5,20210929,180500,67.89,67.9311,67.864,67.864,1005,0
GSEW.US,5,20210929,182500,67.75,67.75,67.75,67.75,520,0
GSEW.US,5,20210929,183500,67.7771,67.7771,67.763,67.763,325,0
GSEW.US,5,20210929,184000,67.772,67.772,67.77,67.77,500,0
GSEW.US,5,20210929,184500,67.713,67.713,67.713,67.713,100,0
GSEW.US,5,20210929,185000,67.81,67.81,67.81,67.81,440,0
GSEW.US,5,20210929,190500,67.73,67.73,67.73,67.73,900,0
GSEW.US,5,20210929,191500,67.755,67.755,67.755,67.755,218,0
GSEW.US,5,20210929,193000,67.7739,67.7739,67.7739,67.7739,103,0
GSEW.US,5,20210929,195000,67.765,67.765,67.765,67.765,100,0
GSEW.US,5,20210929,200500,67.8,67.8,67.8,67.8,116,0
GSEW.US,5,20210929,201000,67.94,67.94,67.925,67.94,500,0
GSEW.US,5,20210929,201500,68,68,68,68,101,0
GSEW.US,5,20210929,202000,67.9604,67.9604,67.9604,67.9604,220,0
GSEW.US,5,20210929,202500,67.925,67.925,67.925,67.925,100,0
GSEW.US,5,20210929,204000,67.964,67.964,67.964,67.964,100,0
GSEW.US,5,20210929,205000,68.03,68.03,68.03,68.03,100,0
GSEW.US,5,20210929,205500,67.974,67.974,67.974,67.974,100,0
GSEW.US,5,20210929,210500,67.93,67.94,67.93,67.934,300,0
GSEW.US,5,20210929,211000,67.91,67.9499,67.91,67.9329,1286,0
GSEW.US,5,20210929,211500,67.963,67.9776,67.963,67.9776,321,0
GSEW.US,5,20210929,212000,67.924,67.924,67.924,67.924,100,0
GSEW.US,5,20210929,212500,67.913,67.913,67.913,67.913,100,0
GSEW.US,5,20210929,214000,67.77,67.77,67.77,67.77,100,0
GSEW.US,5,20210929,214500,67.77,67.77,67.77,67.77,100,0
GSEW.US,5,20210929,215000,67.739,67.739,67.7,67.7,9124,0
GSEW.US,5,20210929,215500,67.65,67.65,67.65,67.65,900,0
GSEW.US,5,20210930,153000,67.8,67.8,67.8,67.8,2326,0
GSEW.US,5,20210930,153500,67.9125,67.915,67.9,67.9,619,0
GSEW.US,5,20210930,160500,67.7,67.72,67.7,67.72,300,0
GSEW.US,5,20210930,161000,67.7,67.7,67.66,67.66,300,0
GSEW.US,5,20210930,161500,67.7,67.7,67.7,67.7,400,0
GSEW.US,5,20210930,162000,67.82,67.82,67.68,67.7,600,0
GSEW.US,5,20210930,163000,67.63,67.63,67.63,67.63,100,0
GSEW.US,5,20210930,163500,67.7424,67.7424,67.67,67.67,455,0
GSEW.US,5,20210930,164000,67.64,67.64,67.64,67.64,300,0
GSEW.US,5,20210930,170000,67.5385,67.5385,67.5385,67.5385,683,0
GSEW.US,5,20210930,170500,67.575,67.575,67.575,67.575,1500,0
GSEW.US,5,20210930,173000,67.5,67.5,67.5,67.5,100,0
GSEW.US,5,20210930,174000,67.37,67.37,67.34,67.34,400,0
GSEW.US,5,20210930,180500,67.08,67.08,67.08,67.08,960,0
GSEW.US,5,20210930,181500,67.05,67.05,67.05,67.05,219,0
GSEW.US,5,20210930,182500,67.056,67.056,67.056,67.056,145,0
GSEW.US,5,20210930,183000,66.96,66.96,66.96,66.96,214,0
GSEW.US,5,20210930,183500,67.0982,67.0982,67.0982,67.0982,519,0
GSEW.US,5,20210930,184500,67.115,67.14,67.115,67.14,500,0
GSEW.US,5,20210930,191000,67.265,67.265,67.222,67.25,1021,0
GSEW.US,5,20210930,191500,67.31,67.32,67.2567,67.2567,654,0
GSEW.US,5,20210930,192500,67.1196,67.1196,67.1196,67.1196,568,0
GSEW.US,5,20210930,193000,67.08,67.08,67.065,67.065,200,0
GSEW.US,5,20210930,195000,67.2,67.2,67.2,67.2,300,0
GSEW.US,5,20210930,201000,67.3854,67.4,67.3854,67.4,200,0
GSEW.US,5,20210930,202000,67.319,67.319,67.319,67.319,726,0
GSEW.US,5,20210930,202500,67.24,67.2785,67.24,67.2785,333,0
GSEW.US,5,20210930,203500,67.3963,67.3963,67.37,67.37,746,0
GSEW.US,5,20210930,204000,67.4199,67.46,67.4199,67.46,2483,0
GSEW.US,5,20210930,204500,67.47,67.47,67.47,67.47,100,0
GSEW.US,5,20210930,205000,67.548,67.548,67.548,67.548,200,0
GSEW.US,5,20210930,210000,67.3839,67.3839,67.38,67.38,569,0
GSEW.US,5,20210930,210500,67.3699,67.3699,67.3699,67.3699,1834,0
GSEW.US,5,20210930,211500,67.49,67.5,67.475,67.5,2191,0
GSEW.US,5,20210930,212500,67.33,67.33,67.33,67.33,260,0
GSEW.US,5,20210930,213000,67.33,67.44,67.33,67.44,2288,0
GSEW.US,5,20210930,213500,67.3889,67.3889,67.35,67.35,829,0
GSEW.US,5,20210930,214000,67.24,67.24,67.24,67.24,100,0
GSEW.US,5,20210930,214500,67.17,67.17,67.1254,67.1254,500,0
GSEW.US,5,20210930,215000,67.015,67.015,66.95,66.95,678,0
GSEW.US,5,20210930,215500,66.91,66.93,66.85,66.85,2117,0
GSEW.US,5,20211001,153000,67.28,67.28,67.28,67.28,426,0
GSEW.US,5,20211001,153500,67.05,67.0517,66.97,66.97,798,0
GSEW.US,5,20211001,154000,66.99,66.99,66.99,66.99,100,0
GSEW.US,5,20211001,160000,66.852,66.9646,66.845,66.9646,2170,0
GSEW.US,5,20211001,161500,66.68,66.68,66.68,66.68,1000,0
GSEW.US,5,20211001,163000,66.6488,66.6488,66.6263,66.6263,973,0
GSEW.US,5,20211001,164000,66.607,66.607,66.607,66.607,511,0
GSEW.US,5,20211001,171500,66.98,67.0101,66.97,67.0099,3839,0
GSEW.US,5,20211001,172000,66.995,67.055,66.995,67.055,257,0
GSEW.US,5,20211001,173000,67.0326,67.0326,67.0326,67.0326,478,0
GSEW.US,5,20211001,180000,67.185,67.185,67.185,67.185,495,0
GSEW.US,5,20211001,183000,67.2424,67.2424,67.2424,67.2424,410,0
GSEW.US,5,20211001,185000,67.2292,67.2292,67.2292,67.2292,431,0
GSEW.US,5,20211001,190500,67.245,67.245,67.23,67.23,382,0
GSEW.US,5,20211001,191500,67.32,67.32,67.32,67.32,100,0
GSEW.US,5,20211001,193000,67.345,67.37,67.3432,67.3432,1221,0
GSEW.US,5,20211001,193500,67.42,67.42,67.42,67.42,100,0
GSEW.US,5,20211001,194000,67.45,67.46,67.45,67.46,65098,0
GSEW.US,5,20211001,195500,67.54,67.54,67.54,67.54,200,0
GSEW.US,5,20211001,200000,67.55,67.55,67.55,67.55,644,0
GSEW.US,5,20211001,200500,67.5953,67.5953,67.5953,67.5953,100,0
GSEW.US,5,20211001,201000,67.5877,67.5877,67.5877,67.5877,380,0
GSEW.US,5,20211001,202000,67.65,67.65,67.65,67.65,100,0
GSEW.US,5,20211001,202500,67.655,67.67,67.655,67.67,530,0
GSEW.US,5,20211001,203000,67.6376,67.6376,67.6376,67.6376,361,0
GSEW.US,5,20211001,204500,67.63,67.63,67.63,67.63,221,0
GSEW.US,5,20211001,210500,67.79,67.79,67.79,67.79,100,0
GSEW.US,5,20211001,211500,67.8755,67.88,67.82,67.82,539,0
GSEW.US,5,20211001,212000,67.7999,67.8199,67.7999,67.805,793,0
GSEW.US,5,20211001,213500,67.64,67.64,67.64,67.64,100,0
GSEW.US,5,20211001,214000,67.615,67.62,67.611,67.62,1382,0
GSEW.US,5,20211001,214500,67.5392,67.5392,67.5392,67.5392,175,0
GSEW.US,5,20211001,215500,67.5912,67.5912,67.4943,67.54,871,0
GSEW.US,5,20211004,153000,67.56,67.56,67.498,67.498,4456,0
GSEW.US,5,20211004,153500,67.465,67.465,67.41,67.44,600,0
GSEW.US,5,20211004,154000,67.38,67.42,67.38,67.38,4293,0
GSEW.US,5,20211004,155000,67.505,67.505,67.505,67.505,736,0
GSEW.US,5,20211004,160500,67.32,67.32,67.2863,67.2863,478,0
GSEW.US,5,20211004,162000,67.1954,67.1954,67.1954,67.1954,284,0
GSEW.US,5,20211004,162500,67.0601,67.1199,67.0601,67.11,2015,0
GSEW.US,5,20211004,164000,66.9017,66.98,66.9017,66.9799,14168,0
GSEW.US,5,20211004,165000,66.929,66.94,66.735,66.735,6660,0
GSEW.US,5,20211004,170000,66.76,66.77,66.76,66.77,5199,0
GSEW.US,5,20211004,170500,66.76,66.77,66.76,66.77,900,0
GSEW.US,5,20211004,172000,66.9284,66.9284,66.79,66.79,3319,0
GSEW.US,5,20211004,172500,66.81,66.82,66.81,66.82,500,0
GSEW.US,5,20211004,173000,66.79,66.79,66.76,66.76,500,0
GSEW.US,5,20211004,173500,66.6658,66.6658,66.64,66.65,1336,0
GSEW.US,5,20211004,174000,66.62,66.7,66.6,66.7,3900,0
GSEW.US,5,20211004,174500,66.71,66.74,66.71,66.73,3500,0
GSEW.US,5,20211004,175000,66.72,66.72,66.72,66.72,118,0
GSEW.US,5,20211004,175500,66.8,66.85,66.779,66.85,2400,0
GSEW.US,5,20211004,180500,66.88,66.89,66.88,66.88,1000,0
GSEW.US,5,20211004,182000,66.8604,66.8604,66.83,66.83,1512,0
GSEW.US,5,20211004,183000,66.8348,66.8348,66.815,66.815,638,0
GSEW.US,5,20211004,183500,66.87,66.87,66.7916,66.7916,553,0
GSEW.US,5,20211004,184000,66.79,66.79,66.72,66.72,300,0
GSEW.US,5,20211004,184500,66.71,66.71,66.71,66.71,100,0
GSEW.US,5,20211004,185000,66.74,66.7721,66.74,66.7721,286,0
GSEW.US,5,20211004,185500,66.8,66.84,66.8,66.815,2123,0
GSEW.US,5,20211004,190000,66.72,66.72,66.72,66.72,100,0
GSEW.US,5,20211004,190500,66.76,66.79,66.76,66.79,373,0
GSEW.US,5,20211004,191000,66.805,66.835,66.805,66.835,202,0
GSEW.US,5,20211004,191500,66.85,66.85,66.83,66.83,10306,0
GSEW.US,5,20211004,192500,66.82,66.82,66.78,66.78,400,0
GSEW.US,5,20211004,193000,66.82,66.84,66.82,66.84,1600,0
GSEW.US,5,20211004,193500,66.83,66.84,66.83,66.84,200,0
GSEW.US,5,20211004,194000,66.83,66.83,66.83,66.83,100,0
GSEW.US,5,20211004,195000,66.811,66.811,66.811,66.811,101,0
GSEW.US,5,20211004,195500,66.7815,66.7815,66.7815,66.7815,147,0
GSEW.US,5,20211004,200000,66.79,66.83,66.7801,66.7801,800,0
GSEW.US,5,20211004,201000,66.82,66.82,66.7457,66.7457,580,0
GSEW.US,5,20211004,201500,66.795,66.795,66.7685,66.7685,575,0
GSEW.US,5,20211004,202000,66.81,66.81,66.81,66.81,391,0
GSEW.US,5,20211004,202500,66.76,66.795,66.76,66.78,2038,0
GSEW.US,5,20211004,203000,66.76,66.76,66.76,66.76,100,0
GSEW.US,5,20211004,203500,66.75,66.75,66.75,66.75,115,0
GSEW.US,5,20211004,211000,66.89,66.89,66.8731,66.875,83024,0
GSEW.US,5,20211004,211500,66.8946,66.9,66.81,66.81,2965,0
GSEW.US,5,20211004,212000,66.8,66.8,66.76,66.775,2958,0
GSEW.US,5,20211004,212500,66.81,66.8399,66.81,66.8254,5951,0
GSEW.US,5,20211004,213000,66.835,66.88,66.79,66.87,21633,0
GSEW.US,5,20211004,213500,66.86,66.865,66.86,66.865,312,0
GSEW.US,5,20211004,214000,66.91,66.99,66.91,66.98,2650,0
GSEW.US,5,20211004,214500,66.99,67.02,66.946,66.98,12525,0
GSEW.US,5,20211004,215000,66.7799,66.8,66.77,66.77,643,0
GSEW.US,5,20211004,215500,66.86,66.92,66.8599,66.9,3263,0
GSEW.US,5,20211005,153000,67.26,67.26,67.17,67.17,366,0
GSEW.US,5,20211005,153500,67.195,67.195,67.05,67.05,400,0
GSEW.US,5,20211005,155500,67.24,67.24,67.24,67.24,100,0
GSEW.US,5,20211005,160000,67.33,67.33,67.33,67.33,100,0
GSEW.US,5,20211005,163000,67.6235,67.6235,67.6235,67.6235,405,0
GSEW.US,5,20211005,164500,67.645,67.645,67.645,67.645,100,0
GSEW.US,5,20211005,171000,67.8236,67.8236,67.8236,67.8236,612,0
GSEW.US,5,20211005,172000,67.78,67.79,67.78,67.78,6613,0
GSEW.US,5,20211005,173000,67.73,67.73,67.72,67.72,400,0
GSEW.US,5,20211005,174000,67.6699,67.6699,67.61,67.61,3222,0
GSEW.US,5,20211005,174500,67.58,67.58,67.58,67.58,413,0
GSEW.US,5,20211005,175000,67.58,67.585,67.58,67.585,711,0
GSEW.US,5,20211005,175500,67.59,67.59,67.59,67.59,100,0
GSEW.US,5,20211005,180000,67.61,67.625,67.61,67.625,422,0
GSEW.US,5,20211005,180500,67.64,67.64,67.63,67.63,600,0
GSEW.US,5,20211005,181000,67.67,67.67,67.67,67.67,400,0
GSEW.US,5,20211005,181500,67.6199,67.6199,67.6199,67.6199,148,0
GSEW.US,5,20211005,182000,67.53,67.53,67.52,67.53,700,0
GSEW.US,5,20211005,184000,67.45,67.45,67.45,67.45,500,0
GSEW.US,5,20211005,193000,67.5999,67.5999,67.585,67.585,200,0
GSEW.US,5,20211005,195500,67.67,67.67,67.649,67.656,1330,0
GSEW.US,5,20211005,200000,67.68,67.68,67.68,67.68,100,0
GSEW.US,5,20211005,200500,67.655,67.669,67.655,67.669,984,0
GSEW.US,5,20211005,202000,67.6545,67.6545,67.6275,67.6275,784,0
GSEW.US,5,20211005,202500,67.66,67.66,67.66,67.66,155,0
GSEW.US,5,20211005,203000,67.75,67.75,67.75,67.75,477,0
GSEW.US,5,20211005,203500,67.7,67.7,67.7,67.7,500,0
GSEW.US,5,20211005,204000,67.6985,67.6985,67.6985,67.6985,150,0
GSEW.US,5,20211005,205500,67.7043,67.7043,67.7043,67.7043,231,0
GSEW.US,5,20211005,210000,67.675,67.675,67.675,67.675,215,0
GSEW.US,5,20211005,210500,67.6609,67.6609,67.6609,67.6609,821,0
GSEW.US,5,20211005,211000,67.6843,67.6843,67.6843,67.6843,645,0
GSEW.US,5,20211005,211500,67.685,67.685,67.6584,67.6584,876,0
GSEW.US,5,20211005,212000,67.68,67.68,67.62,67.62,2000,0
GSEW.US,5,20211005,212500,67.61,67.61,67.61,67.61,351,0
GSEW.US,5,20211005,213000,67.607,67.63,67.5833,67.63,2000,0
GSEW.US,5,20211005,213500,67.66,67.66,67.625,67.64,4062,0
GSEW.US,5,20211005,214000,67.65,67.65,67.65,67.65,309,0
GSEW.US,5,20211005,215000,67.56,67.56,67.56,67.56,208,0
GSEW.US,5,20211005,215500,67.49,67.49,67.44,67.45,818,0
GSEW.US,5,20211006,153000,67.09,67.13,67.09,67.13,354,0
GSEW.US,5,20211006,153500,67.16,67.16,67.16,67.16,200,0
GSEW.US,5,20211006,155500,66.81,66.86,66.81,66.84,9684,0
GSEW.US,5,20211006,160000,66.7739,66.7739,66.74,66.74,1915,0
GSEW.US,5,20211006,160500,66.6,66.6,66.6,66.6,357,0
GSEW.US,5,20211006,161500,66.78,66.78,66.78,66.78,241,0
GSEW.US,5,20211006,162000,66.81,66.83,66.81,66.83,540,0
GSEW.US,5,20211006,162500,66.96,66.96,66.9481,66.9481,200,0
GSEW.US,5,20211006,163000,67.07,67.07,67.07,67.07,459,0
GSEW.US,5,20211006,165000,66.9,66.9,66.9,66.9,100,0
GSEW.US,5,20211006,165500,67.03,67.03,67,67.03,1123,0
GSEW.US,5,20211006,172000,66.86,66.869,66.845,66.845,895,0
GSEW.US,5,20211006,173500,66.82,66.82,66.82,66.82,100,0
GSEW.US,5,20211006,174500,66.85,66.8673,66.815,66.8673,896,0
GSEW.US,5,20211006,175500,67.03,67.03,67.01,67.01,700,0
GSEW.US,5,20211006,180000,67.049,67.049,67.049,67.049,149,0
GSEW.US,5,20211006,180500,66.9,66.9,66.9,66.9,100,0
GSEW.US,5,20211006,181500,66.8632,66.8632,66.8632,66.8632,220,0
GSEW.US,5,20211006,185500,66.96,66.96,66.96,66.96,148,0
GSEW.US,5,20211006,190000,66.92,66.92,66.92,66.92,200,0
GSEW.US,5,20211006,191000,66.83,66.83,66.82,66.82,400,0
GSEW.US,5,20211006,193000,67.11,67.11,67.11,67.11,200,0
GSEW.US,5,20211006,193500,67.29,67.29,67.2754,67.2754,234,0
GSEW.US,5,20211006,200000,67.34,67.34,67.32,67.32,600,0
GSEW.US,5,20211006,200500,67.3,67.3348,67.3,67.3348,1523,0
GSEW.US,5,20211006,201500,67.5295,67.5295,67.5295,67.5295,1000,0
GSEW.US,5,20211006,202500,67.4756,67.55,67.4756,67.5003,2075,0
GSEW.US,5,20211006,205000,67.52,67.52,67.52,67.52,100,0
GSEW.US,5,20211006,205500,67.51,67.51,67.435,67.435,322,0
GSEW.US,5,20211006,211000,67.4816,67.4816,67.4816,67.4816,143,0
GSEW.US,5,20211006,212500,67.5132,67.54,67.5132,67.5254,420,0
GSEW.US,5,20211006,213000,67.53,67.53,67.5,67.5,302,0
GSEW.US,5,20211006,213500,67.476,67.476,67.476,67.476,100,0
GSEW.US,5,20211006,214000,67.4916,67.5107,67.4866,67.5107,2418,0
GSEW.US,5,20211006,214500,67.54,67.63,67.53,67.61,3444,0
GSEW.US,5,20211006,215000,67.64,67.64,67.64,67.64,100,0
GSEW.US,5,20211006,215500,67.64,67.71,67.64,67.71,845,0
GSEW.US,5,20211007,153000,68.25,68.25,68.25,68.25,1989,0
GSEW.US,5,20211007,153500,68.49,68.49,68.49,68.49,100,0
GSEW.US,5,20211007,154000,68.52,68.52,68.5,68.5,400,0
GSEW.US,5,20211007,154500,68.5095,68.5095,68.5095,68.5095,200,0
GSEW.US,5,20211007,155500,68.6099,68.61,68.6099,68.61,200,0
GSEW.US,5,20211007,160500,68.72,68.72,68.72,68.72,100,0
GSEW.US,5,20211007,163000,68.819,68.82,68.819,68.82,388,0
GSEW.US,5,20211007,163500,68.75,68.75,68.75,68.75,200,0
GSEW.US,5,20211007,165000,68.77,68.799,68.77,68.799,647,0
GSEW.US,5,20211007,171000,68.7602,68.7602,68.7602,68.7602,100,0
GSEW.US,5,20211007,171500,68.74,68.74,68.7099,68.7099,20728,0
GSEW.US,5,20211007,172000,68.729,68.7326,68.702,68.7326,925,0
GSEW.US,5,20211007,172500,68.729,68.729,68.729,68.729,1000,0
GSEW.US,5,20211007,173000,68.743,68.7433,68.743,68.7433,900,0
GSEW.US,5,20211007,181500,68.7224,68.7224,68.7224,68.7224,1535,0
GSEW.US,5,20211007,182000,68.726,68.726,68.726,68.726,534,0
GSEW.US,5,20211007,183000,68.7562,68.7562,68.7562,68.7562,261,0
GSEW.US,5,20211007,183500,68.75,68.75,68.75,68.75,120,0
GSEW.US,5,20211007,184000,68.75,68.75,68.75,68.75,100,0
GSEW.US,5,20211007,190500,68.7225,68.7225,68.7225,68.7225,134,0
GSEW.US,5,20211007,191500,68.73,68.73,68.7201,68.7201,500,0
GSEW.US,5,20211007,194500,68.7121,68.7121,68.7121,68.7121,154,0
GSEW.US,5,20211007,202000,68.61,68.61,68.59,68.59,2374,0
GSEW.US,5,20211007,203000,68.53,68.53,68.53,68.53,130,0
GSEW.US,5,20211007,205500,68.4399,68.4399,68.3754,68.39,890,0
GSEW.US,5,20211007,210000,68.36,68.3936,68.36,68.3936,362,0
GSEW.US,5,20211007,210500,68.4,68.4604,68.4,68.4604,330,0
GSEW.US,5,20211007,211000,68.4259,68.4723,68.4219,68.4723,800,0
GSEW.US,5,20211007,212000,68.4949,68.4949,68.4949,68.4949,160,0
GSEW.US,5,20211007,212500,68.47,68.48,68.47,68.48,2540,0
GSEW.US,5,20211007,213000,68.5,68.5,68.49,68.49,3600,0
GSEW.US,5,20211007,214000,68.45,68.45,68.44,68.44,887,0
GSEW.US,5,20211007,214500,68.3425,68.38,68.34,68.38,1477,0
GSEW.US,5,20211007,215500,68.36,68.36,68.33,68.33,2725,0
GSEW.US,5,20211008,153000,68.63,68.64,68.63,68.64,268,0
GSEW.US,5,20211008,153500,68.27,68.27,68.27,68.27,100,0
GSEW.US,5,20211008,155500,68.3361,68.3361,68.3361,68.3361,588,0
GSEW.US,5,20211008,160000,68.5006,68.5006,68.4992,68.4992,337,0
GSEW.US,5,20211008,161000,68.5485,68.5485,68.5485,68.5485,239,0
GSEW.US,5,20211008,162000,68.45,68.45,68.45,68.45,2400,0
GSEW.US,5,20211008,163000,68.3999,68.3999,68.3999,68.3999,186,0
GSEW.US,5,20211008,163500,68.4,68.4199,68.3721,68.3721,569,0
GSEW.US,5,20211008,164000,68.25,68.25,68.25,68.25,210,0
GSEW.US,5,20211008,164500,68.32,68.349,68.32,68.349,1033,0
GSEW.US,5,20211008,165000,68.385,68.385,68.385,68.385,240,0
GSEW.US,5,20211008,165500,68.4,68.4,68.39,68.39,600,0
GSEW.US,5,20211008,171000,68.39,68.39,68.39,68.39,1000,0
GSEW.US,5,20211008,171500,68.4368,68.4368,68.4062,68.4062,2860,0
GSEW.US,5,20211008,172000,68.415,68.415,68.3901,68.3901,1247,0
GSEW.US,5,20211008,172500,68.3753,68.3753,68.3753,68.3753,706,0
GSEW.US,5,20211008,173000,68.41,68.42,68.3355,68.3355,4389,0
GSEW.US,5,20211008,180000,68.255,68.2685,68.2504,68.2504,1950,0
GSEW.US,5,20211008,184000,68.2899,68.2899,68.2899,68.2899,293,0
GSEW.US,5,20211008,184500,68.2699,68.2699,68.2699,68.2699,402,0
GSEW.US,5,20211008,185000,68.2692,68.2692,68.2692,68.2692,863,0
GSEW.US,5,20211008,192500,68.14,68.14,68.1354,68.1354,400,0
GSEW.US,5,20211008,194500,68.11,68.1101,68.11,68.1101,346,0
GSEW.US,5,20211008,195000,68.1538,68.1538,68.1538,68.1538,100,0
GSEW.US,5,20211008,200500,68.28,68.28,68.26,68.26,1604,0
GSEW.US,5,20211008,201500,68.28,68.28,68.28,68.28,325,0
GSEW.US,5,20211008,202000,68.3278,68.3278,68.3278,68.3278,120,0
GSEW.US,5,20211008,202500,68.3609,68.3609,68.3609,68.3609,205,0
GSEW.US,5,20211008,203000,68.39,68.39,68.39,68.39,100,0
GSEW.US,5,20211008,204000,68.3,68.315,68.3,68.315,2732,0
GSEW.US,5,20211008,205000,68.32,68.32,68.32,68.32,53517,0
GSEW.US,5,20211008,205500,68.31,68.3399,68.31,68.32,24357,0
GSEW.US,5,20211008,210000,68.34,68.35,68.325,68.325,28532,0
GSEW.US,5,20211008,210500,68.29,68.29,68.29,68.29,146,0
GSEW.US,5,20211008,211000,68.3591,68.3591,68.359,68.359,236,0
GSEW.US,5,20211008,211500,68.315,68.33,68.3001,68.33,2057,0
GSEW.US,5,20211008,212500,68.27,68.31,68.27,68.27,4183,0
GSEW.US,5,20211008,213000,68.3009,68.3052,68.2708,68.3,1420,0
GSEW.US,5,20211008,213500,68.205,68.22,68.205,68.22,376,0
GSEW.US,5,20211008,215500,68.135,68.15,68.135,68.15,1848,0
GSEW.US,5,20211011,153500,68.0709,68.0709,68.0709,68.0709,103,0
GSEW.US,5,20211011,161500,68.45,68.47,68.45,68.47,414,0
GSEW.US,5,20211011,162500,68.47,68.48,68.47,68.4702,828,0
GSEW.US,5,20211011,163000,68.5035,68.5035,68.5035,68.5035,218,0
GSEW.US,5,20211011,163500,68.52,68.52,68.52,68.52,100,0
GSEW.US,5,20211011,164000,68.4828,68.4828,68.4828,68.4828,176,0
GSEW.US,5,20211011,165000,68.5147,68.5147,68.5147,68.5147,387,0
GSEW.US,5,20211011,170000,68.4401,68.4401,68.4401,68.4401,100,0
GSEW.US,5,20211011,173500,68.54,68.54,68.54,68.54,181,0
GSEW.US,5,20211011,174500,68.523,68.523,68.523,68.523,295,0
GSEW.US,5,20211011,175500,68.49,68.49,68.49,68.49,100,0
GSEW.US,5,20211011,190500,68.1101,68.1101,68.07,68.07,350,0
GSEW.US,5,20211011,193000,68.01,68.01,68.01,68.01,100,0
GSEW.US,5,20211011,194000,68.0257,68.0257,68.0257,68.0257,100,0
GSEW.US,5,20211011,194500,68.0157,68.0291,68.0157,68.0291,1411,0
GSEW.US,5,20211011,195500,68.0073,68.0299,67.97,68.0154,1101,0
GSEW.US,5,20211011,200000,68.0262,68.0343,68.0262,68.0343,500,0
GSEW.US,5,20211011,201500,68.1084,68.1084,68.1084,68.1084,101,0
GSEW.US,5,20211011,202500,67.9723,67.9723,67.9723,67.9723,119,0
GSEW.US,5,20211011,203500,67.985,67.985,67.985,67.985,352,0
GSEW.US,5,20211011,205500,68.0235,68.0235,67.9856,67.9856,968,0
GSEW.US,5,20211011,210000,68.08,68.09,68.08,68.09,417,0
GSEW.US,5,20211011,210500,68,68,68,68,1141,0
GSEW.US,5,20211011,211000,68.0119,68.0119,68.0119,68.0119,400,0
GSEW.US,5,20211011,212000,67.9749,67.9749,67.9749,67.9749,561,0
GSEW.US,5,20211011,212500,67.9755,67.9755,67.95,67.95,1663,0
GSEW.US,5,20211011,213000,67.8994,67.9453,67.8994,67.925,3751,0
GSEW.US,5,20211011,213500,67.8976,67.91,67.8976,67.908,1958,0
GSEW.US,5,20211011,214000,67.8774,67.8774,67.85,67.85,253,0
GSEW.US,5,20211011,214500,67.8105,67.82,67.8105,67.82,2622,0
GSEW.US,5,20211011,215000,67.76,67.799,67.71,67.71,2315,0
GSEW.US,5,20211011,215500,67.71,67.73,67.69,67.72,1021,0
GSEW.US,5,20211012,153000,67.78,67.78,67.78,67.78,556,0
GSEW.US,5,20211012,154000,68.009,68.009,68.009,68.009,129,0
GSEW.US,5,20211012,154500,67.71,67.71,67.71,67.71,200,0
GSEW.US,5,20211012,160000,67.8,67.85,67.8,67.85,1091,0
GSEW.US,5,20211012,161000,67.8071,67.8135,67.8071,67.8135,292,0
GSEW.US,5,20211012,163000,67.85,67.89,67.85,67.89,400,0
GSEW.US,5,20211012,163500,67.91,67.94,67.91,67.94,479,0
GSEW.US,5,20211012,165500,67.8873,67.8873,67.8873,67.8873,256,0
GSEW.US,5,20211012,170500,67.91,67.91,67.91,67.91,100,0
GSEW.US,5,20211012,171000,67.97,67.97,67.97,67.97,180,0
GSEW.US,5,20211012,171500,67.9397,67.9397,67.9,67.9,604,0
GSEW.US,5,20211012,172500,67.92,67.92,67.92,67.92,116,0
GSEW.US,5,20211012,173500,67.9139,67.9139,67.9073,67.9073,476,0
GSEW.US,5,20211012,174000,67.8994,67.94,67.8994,67.9254,653,0
GSEW.US,5,20211012,174500,67.8897,67.9527,67.8897,67.929,847,0
GSEW.US,5,20211012,175000,67.9997,67.9997,67.9997,67.9997,174,0
GSEW.US,5,20211012,180000,68.11,68.11,68.11,68.11,200,0
GSEW.US,5,20211012,182500,68.05,68.05,68.05,68.05,414,0
GSEW.US,5,20211012,183000,67.98,67.98,67.98,67.98,100,0
GSEW.US,5,20211012,184000,67.938,67.94,67.938,67.94,400,0
GSEW.US,5,20211012,190500,67.9,67.9,67.88,67.88,561,0
GSEW.US,5,20211012,194000,68.04,68.04,68.04,68.04,298,0
GSEW.US,5,20211012,195000,68.04,68.04,68.04,68.04,100,0
GSEW.US,5,20211012,195500,67.9736,67.9736,67.9736,67.9736,298,0
GSEW.US,5,20211012,201500,68.0538,68.12,68.0538,68.1,2402,0
GSEW.US,5,20211012,202000,68.07,68.07,68.0699,68.07,450,0
GSEW.US,5,20211012,202500,68.0549,68.0549,68.05,68.05,682,0
GSEW.US,5,20211012,203000,68.07,68.07,68.07,68.07,600,0
GSEW.US,5,20211012,204500,68.03,68.03,68.03,68.03,100,0
GSEW.US,5,20211012,205500,68.02,68.02,67.9562,67.9562,333,0
GSEW.US,5,20211012,210000,67.9243,67.9243,67.9243,67.9243,103,0
GSEW.US,5,20211012,210500,67.8927,67.8927,67.8927,67.8927,300,0
GSEW.US,5,20211012,211000,67.92,67.9318,67.92,67.9318,1454,0
GSEW.US,5,20211012,211500,67.9028,67.9028,67.8572,67.8572,402,0
GSEW.US,5,20211012,213500,67.8998,67.8998,67.8998,67.8998,280,0
GSEW.US,5,20211012,214500,67.7,67.7,67.7,67.7,900,0
GSEW.US,5,20211012,215000,67.72,67.73,67.69,67.73,5662,0
GSEW.US,5,20211012,215500,67.79,67.86,67.79,67.86,1078,0
GSEW.US,5,20211013,153000,67.88,67.94,67.88,67.94,2288,0
GSEW.US,5,20211013,153500,68.02,68.02,68.02,68.02,100,0
GSEW.US,5,20211013,155000,67.8627,67.8627,67.82,67.84,1000,0
GSEW.US,5,20211013,161000,67.68,67.68,67.57,67.59,716,0
GSEW.US,5,20211013,162000,67.6671,67.6671,67.59,67.59,851,0
GSEW.US,5,20211013,162500,67.63,67.63,67.63,67.63,100,0
GSEW.US,5,20211013,163500,67.77,67.79,67.75,67.75,600,0
GSEW.US,5,20211013,164500,67.81,67.81,67.81,67.81,100,0
GSEW.US,5,20211013,165500,67.8,67.8,67.8,67.8,13174,0
GSEW.US,5,20211013,170000,67.83,67.86,67.83,67.8366,2238,0
GSEW.US,5,20211013,170500,67.8542,67.8542,67.8542,67.8542,380,0
GSEW.US,5,20211013,171500,67.92,67.92,67.9,67.9,7383,0
GSEW.US,5,20211013,173000,67.81,67.81,67.81,67.81,100,0
GSEW.US,5,20211013,173500,67.8232,67.8232,67.8232,67.8232,155,0
GSEW.US,5,20211013,174500,68.04,68.04,68.01,68.01,350,0
GSEW.US,5,20211013,175000,67.9646,67.9681,67.9646,67.9681,1472,0
GSEW.US,5,20211013,175500,67.935,67.935,67.935,67.935,616,0
GSEW.US,5,20211013,181500,67.95,67.95,67.95,67.95,104,0
GSEW.US,5,20211013,182000,67.959,67.96,67.959,67.96,413,0
GSEW.US,5,20211013,182500,67.99,67.99,67.99,67.99,100,0
GSEW.US,5,20211013,183000,67.95,67.95,67.95,67.95,100,0
GSEW.US,5,20211013,183500,67.9684,67.986,67.9684,67.986,660,0
GSEW.US,5,20211013,185000,67.95,67.95,67.95,67.95,300,0
GSEW.US,5,20211013,190500,68.0345,68.0345,68.02,68.02,2415,0
GSEW.US,5,20211013,191000,68.06,68.06,68.06,68.06,148,0
GSEW.US,5,20211013,191500,68.0397,68.0397,68.0397,68.0397,250,0
GSEW.US,5,20211013,192500,68.1,68.1,68.1,68.1,200,0
GSEW.US,5,20211013,194500,68.19,68.19,68.19,68.19,204,0
GSEW.US,5,20211013,195500,68.1963,68.1963,68.16,68.16,457,0
GSEW.US,5,20211013,200000,68.21,68.21,68.21,68.21,100,0
GSEW.US,5,20211013,200500,68.12,68.12,68.12,68.12,200,0
GSEW.US,5,20211013,201500,68.17,68.19,68.17,68.19,376,0
GSEW.US,5,20211013,202000,68.2,68.2,68.2,68.2,300,0
GSEW.US,5,20211013,203000,68.13,68.13,68.13,68.13,100,0
GSEW.US,5,20211013,210000,68.079,68.079,68.03,68.03,3075,0
GSEW.US,5,20211013,210500,68.12,68.12,68.12,68.12,100,0
GSEW.US,5,20211013,211000,68.15,68.15,68.15,68.15,300,0
GSEW.US,5,20211013,211500,68.1222,68.14,68.1222,68.14,555,0
GSEW.US,5,20211013,213500,68.14,68.14,68.119,68.119,1513,0
GSEW.US,5,20211013,214000,68.085,68.085,68.085,68.085,265,0
GSEW.US,5,20211013,214500,68.15,68.15,68.15,68.15,499,0
GSEW.US,5,20211013,215000,68.17,68.2,68.17,68.2,2174,0
GSEW.US,5,20211013,215500,68.1852,68.19,68.155,68.17,3023,0
GSEW.US,5,20211014,153000,68.7,68.8,68.7,68.8,486,0
GSEW.US,5,20211014,153500,68.7925,68.805,68.77,68.77,477,0
GSEW.US,5,20211014,162000,69.07,69.111,69.07,69.111,242,0
GSEW.US,5,20211014,162500,69.1,69.1,69.1,69.1,100,0
GSEW.US,5,20211014,163000,69.065,69.065,69.065,69.065,178,0
GSEW.US,5,20211014,163500,69.02,69.02,69,69,326,0
GSEW.US,5,20211014,164000,69.0046,69.0247,69.0046,69.0247,267,0
GSEW.US,5,20211014,164500,69.03,69.09,69.03,69.09,1000,0
GSEW.US,5,20211014,165500,69.105,69.105,69.105,69.105,169,0
GSEW.US,5,20211014,171000,69.075,69.075,69.075,69.075,110,0
GSEW.US,5,20211014,172500,69.13,69.13,69.13,69.13,100,0
GSEW.US,5,20211014,174000,69.1466,69.16,69.1466,69.16,380,0
GSEW.US,5,20211014,180000,69.24,69.24,69.24,69.24,339,0
GSEW.US,5,20211014,182500,69.26,69.26,69.2598,69.2598,1496,0
GSEW.US,5,20211014,183000,69.26,69.26,69.26,69.26,110,0
GSEW.US,5,20211014,184000,69.27,69.27,69.27,69.27,172,0
GSEW.US,5,20211014,184500,69.2609,69.2609,69.2609,69.2609,200,0
GSEW.US,5,20211014,185500,69.28,69.28,69.28,69.28,387,0
GSEW.US,5,20211014,191500,69.22,69.22,69.22,69.22,100,0
GSEW.US,5,20211014,192000,69.22,69.22,69.2,69.21,3624,0
GSEW.US,5,20211014,194500,69.3,69.31,69.3,69.31,1500,0
GSEW.US,5,20211014,203000,69.33,69.33,69.33,69.33,200,0
GSEW.US,5,20211014,210000,69.32,69.32,69.32,69.32,1100,0
GSEW.US,5,20211014,210500,69.2847,69.2847,69.2847,69.2847,193,0
GSEW.US,5,20211014,211000,69.26,69.26,69.26,69.26,100,0
GSEW.US,5,20211014,211500,69.2573,69.2584,69.2301,69.2584,1768,0
GSEW.US,5,20211014,212000,69.2427,69.2427,69.2427,69.2427,150,0
GSEW.US,5,20211014,212500,69.2547,69.28,69.245,69.28,1693,0
GSEW.US,5,20211014,213000,69.27,69.28,69.27,69.27,1200,0
GSEW.US,5,20211014,213500,69.26,69.26,69.2,69.21,4443,0
GSEW.US,5,20211014,214500,69.22,69.235,69.22,69.235,383,0
GSEW.US,5,20211014,215000,69.28,69.3,69.28,69.2899,2202,0
GSEW.US,5,20211014,215500,69.28,69.28,69.28,69.28,400,0
GSEW.US,5,20211015,153000,69.77,69.99,69.68,69.68,26540,0
GSEW.US,5,20211015,153500,69.68,69.71,69.67,69.67,8627,0
GSEW.US,5,20211015,154000,69.69,69.69,69.61,69.65,11713,0
GSEW.US,5,20211015,154500,69.6689,69.67,69.6689,69.67,1200,0
GSEW.US,5,20211015,155000,69.7097,69.7097,69.7097,69.7097,800,0
GSEW.US,5,20211015,155500,69.75,69.78,69.75,69.78,200,0
GSEW.US,5,20211015,161500,69.8154,69.8154,69.8154,69.8154,198,0
GSEW.US,5,20211015,162500,69.83,69.83,69.82,69.82,1400,0
GSEW.US,5,20211015,164000,69.79,69.79,69.7847,69.7847,1600,0
GSEW.US,5,20211015,170000,69.759,69.77,69.7401,69.7401,620,0
GSEW.US,5,20211015,170500,69.75,69.76,69.75,69.76,959,0
GSEW.US,5,20211015,172500,69.7185,69.7185,69.7185,69.7185,175,0
GSEW.US,5,20211015,173000,69.74,69.74,69.7113,69.7113,1198,0
GSEW.US,5,20211015,173500,69.6947,69.6947,69.6947,69.6947,215,0
GSEW.US,5,20211015,174000,69.6963,69.6963,69.6614,69.6614,716,0
GSEW.US,5,20211015,174500,69.6824,69.6824,69.67,69.67,5418,0
GSEW.US,5,20211015,175500,69.68,69.68,69.68,69.68,100,0
GSEW.US,5,20211015,180000,69.68,69.69,69.68,69.69,600,0
GSEW.US,5,20211015,181500,69.7217,69.7217,69.7217,69.7217,136,0
GSEW.US,5,20211015,182500,69.67,69.67,69.67,69.67,400,0
GSEW.US,5,20211015,185500,69.7048,69.7048,69.6701,69.6701,465,0
GSEW.US,5,20211015,190000,69.68,69.68,69.67,69.67,700,0
GSEW.US,5,20211015,190500,69.68,69.68,69.67,69.67,200,0
GSEW.US,5,20211015,191500,69.64,69.662,69.64,69.662,343,0
GSEW.US,5,20211015,192000,69.6453,69.6453,69.6453,69.6453,300,0
GSEW.US,5,20211015,192500,69.65,69.65,69.64,69.64,1880,0
GSEW.US,5,20211015,193000,69.64,69.64,69.64,69.64,100,0
GSEW.US,5,20211015,193500,69.65,69.65,69.65,69.65,100,0
GSEW.US,5,20211015,194500,69.66,69.6694,69.66,69.6694,2059,0
GSEW.US,5,20211015,200000,69.68,69.7086,69.68,69.7086,315,0
GSEW.US,5,20211015,202000,69.75,69.75,69.75,69.75,100,0
GSEW.US,5,20211015,210000,69.74,69.74,69.74,69.74,500,0
GSEW.US,5,20211015,211000,69.64,69.659,69.639,69.639,900,0
GSEW.US,5,20211015,212500,69.665,69.665,69.665,69.665,349,0
GSEW.US,5,20211015,213000,69.631,69.631,69.631,69.631,560,0
GSEW.US,5,20211015,213500,69.625,69.625,69.625,69.625,450,0
GSEW.US,5,20211015,214000,69.62,69.6483,69.62,69.63,2694,0
GSEW.US,5,20211015,215000,69.58,69.6,69.57,69.57,5886,0
GSEW.US,5,20211015,215500,69.61,69.61,69.61,69.61,1242,0
GSEW.US,5,20211018,153000,69.62,69.62,69.26,69.288,6179,0
GSEW.US,5,20211018,153500,69.2925,69.295,69.24,69.24,360,0
GSEW.US,5,20211018,154000,69.25,69.25,69.25,69.25,100,0
GSEW.US,5,20211018,154500,69.42,69.435,69.42,69.435,392,0
GSEW.US,5,20211018,155000,69.45,69.45,69.43,69.43,200,0
GSEW.US,5,20211018,155500,69.495,69.495,69.495,69.495,200,0
GSEW.US,5,20211018,160000,69.5045,69.5045,69.48,69.48,558,0
GSEW.US,5,20211018,161500,69.52,69.54,69.52,69.53,930,0
GSEW.US,5,20211018,163000,69.55,69.55,69.51,69.51,339,0
GSEW.US,5,20211018,163500,69.5555,69.5555,69.535,69.535,544,0
GSEW.US,5,20211018,164500,69.565,69.565,69.565,69.565,145,0
GSEW.US,5,20211018,165500,69.57,69.57,69.57,69.57,1300,0
GSEW.US,5,20211018,171000,69.64,69.64,69.64,69.64,2156,0
GSEW.US,5,20211018,173000,69.6493,69.6493,69.6493,69.6493,101,0
GSEW.US,5,20211018,180500,69.75,69.76,69.75,69.75,1063,0
GSEW.US,5,20211018,181500,69.76,69.76,69.73,69.73,1420,0
GSEW.US,5,20211018,182000,69.75,69.75,69.745,69.7499,1215,0
GSEW.US,5,20211018,183500,69.736,69.737,69.7,69.7,500,0
GSEW.US,5,20211018,191500,69.6798,69.6798,69.6798,69.6798,136,0
GSEW.US,5,20211018,192000,69.66,69.66,69.66,69.66,143,0
GSEW.US,5,20211018,192500,69.6614,69.6614,69.6614,69.6614,143,0
GSEW.US,5,20211018,193500,69.6424,69.6424,69.6424,69.6424,299,0
GSEW.US,5,20211018,194000,69.6207,69.6207,69.6207,69.6207,140,0
GSEW.US,5,20211018,194500,69.614,69.614,69.614,69.614,655,0
GSEW.US,5,20211018,195000,69.6,69.62,69.6,69.62,475,0
GSEW.US,5,20211018,200000,69.59,69.6,69.59,69.595,400,0
GSEW.US,5,20211018,201500,69.6287,69.6287,69.6287,69.6287,239,0
GSEW.US,5,20211018,202500,69.6101,69.6101,69.6101,69.6101,101,0
GSEW.US,5,20211018,203500,69.65,69.66,69.65,69.66,1225,0
GSEW.US,5,20211018,204000,69.65,69.65,69.65,69.65,300,0
GSEW.US,5,20211018,204500,69.65,69.65,69.65,69.65,1700,0
GSEW.US,5,20211018,205000,69.64,69.64,69.64,69.64,100,0
GSEW.US,5,20211018,211000,69.67,69.7188,69.67,69.7188,200,0
GSEW.US,5,20211018,212000,69.69,69.69,69.68,69.68,700,0
GSEW.US,5,20211018,213000,69.6643,69.67,69.6643,69.67,387,0
GSEW.US,5,20211018,213500,69.6483,69.6606,69.6483,69.6606,401,0
GSEW.US,5,20211018,214000,69.67,69.685,69.65,69.65,511,0
GSEW.US,5,20211018,214500,69.655,69.7133,69.6543,69.7133,2784,0
GSEW.US,5,20211018,215000,69.705,69.715,69.705,69.715,524,0
GSEW.US,5,20211018,215500,69.7104,69.72,69.68,69.72,735,0
GSEW.US,5,20211019,153000,69.9,69.9,69.9,69.9,511,0
GSEW.US,5,20211019,153500,69.96,69.96,69.96,69.96,200,0
GSEW.US,5,20211019,154000,70,70,69.92,69.92,1139,0
GSEW.US,5,20211019,161000,70,70.01,69.99,69.9999,2625,0
GSEW.US,5,20211019,163000,69.973,69.973,69.973,69.973,390,0
GSEW.US,5,20211019,164500,69.9601,69.9601,69.9601,69.9601,100,0
GSEW.US,5,20211019,165500,70.03,70.03,70.03,70.03,100,0
GSEW.US,5,20211019,171000,70.0661,70.0661,70.0661,70.0661,372,0
GSEW.US,5,20211019,173000,70.1,70.1,70.1,70.1,201,0
GSEW.US,5,20211019,173500,70.1017,70.1017,70.1017,70.1017,176,0
GSEW.US,5,20211019,174000,70.12,70.12,70.12,70.12,11325,0
GSEW.US,5,20211019,180000,70.15,70.15,70.15,70.15,100,0
GSEW.US,5,20211019,180500,70.16,70.16,70.15,70.15,500,0
GSEW.US,5,20211019,182000,70.16,70.16,70.16,70.16,100,0
GSEW.US,5,20211019,183500,70.1576,70.1576,70.1576,70.1576,232,0
GSEW.US,5,20211019,184000,70.2,70.2,70.2,70.2,100,0
GSEW.US,5,20211019,184500,70.19,70.19,70.1847,70.1847,1172,0
GSEW.US,5,20211019,185500,70.2,70.22,70.2,70.209,860,0
GSEW.US,5,20211019,190000,70.22,70.22,70.22,70.22,200,0
GSEW.US,5,20211019,190500,70.1991,70.1991,70.1991,70.1991,141,0
GSEW.US,5,20211019,191000,70.18,70.18,70.18,70.18,100,0
GSEW.US,5,20211019,192500,70.16,70.16,70.1588,70.1588,412,0
GSEW.US,5,20211019,193000,70.1512,70.1512,70.1512,70.1512,114,0
GSEW.US,5,20211019,195500,70.18,70.18,70.1798,70.1798,1078,0
GSEW.US,5,20211019,200000,70.19,70.19,70.19,70.19,100,0
GSEW.US,5,20211019,201500,70.18,70.18,70.18,70.18,100,0
GSEW.US,5,20211019,202000,70.1601,70.1601,70.15,70.15,904,0
GSEW.US,5,20211019,202500,70.15,70.15,70.15,70.15,200,0
GSEW.US,5,20211019,205500,70.09,70.09,70.09,70.09,1091,0
GSEW.US,5,20211019,210500,70.14,70.14,70.14,70.14,600,0
GSEW.US,5,20211019,212000,70.181,70.19,70.181,70.1847,795,0
GSEW.US,5,20211019,212500,70.1384,70.1384,70.1384,70.1384,633,0
GSEW.US,5,20211019,213000,70.11,70.11,70.0947,70.0947,786,0
GSEW.US,5,20211019,214000,70.1,70.11,70.0787,70.08,3281,0
GSEW.US,5,20211019,215000,70.12,70.14,70.12,70.14,2317,0
GSEW.US,5,20211019,215500,70.15,70.19,70.1378,70.17,4601,0
GSEW.US,5,20211020,153000,70.26,70.26,70.26,70.26,145,0
GSEW.US,5,20211020,153500,70.36,70.36,70.342,70.342,220,0
GSEW.US,5,20211020,155500,70.379,70.379,70.379,70.379,100,0
GSEW.US,5,20211020,161000,70.42,70.42,70.42,70.42,100,0
GSEW.US,5,20211020,161500,70.4542,70.4542,70.4542,70.4542,100,0
GSEW.US,5,20211020,163000,70.59,70.61,70.59,70.61,400,0
GSEW.US,5,20211020,163500,70.6071,70.6071,70.5905,70.5905,265,0
GSEW.US,5,20211020,164000,70.59,70.59,70.59,70.59,199,0
GSEW.US,5,20211020,170000,70.51,70.51,70.51,70.51,100,0
GSEW.US,5,20211020,171000,70.5,70.5,70.5,70.5,200,0
GSEW.US,5,20211020,172500,70.5701,70.5825,70.55,70.55,605,0
GSEW.US,5,20211020,173000,70.54,70.57,70.53,70.55,8107,0
GSEW.US,5,20211020,173500,70.56,70.58,70.56,70.56,1000,0
GSEW.US,5,20211020,174000,70.57,70.57,70.57,70.57,100,0
GSEW.US,5,20211020,174500,70.58,70.58,70.58,70.58,600,0
GSEW.US,5,20211020,175000,70.61,70.62,70.61,70.62,600,0
GSEW.US,5,20211020,175500,70.64,70.64,70.64,70.64,100,0
GSEW.US,5,20211020,180500,70.65,70.65,70.65,70.65,156,0
GSEW.US,5,20211020,181000,70.65,70.65,70.65,70.65,600,0
GSEW.US,5,20211020,181500,70.63,70.63,70.63,70.63,200,0
GSEW.US,5,20211020,182500,70.63,70.64,70.63,70.64,600,0
GSEW.US,5,20211020,183000,70.63,70.63,70.63,70.63,249,0
GSEW.US,5,20211020,184000,70.69,70.69,70.68,70.68,600,0
GSEW.US,5,20211020,185500,70.7,70.7,70.7,70.7,100,0
GSEW.US,5,20211020,190000,70.67,70.675,70.67,70.67,500,0
GSEW.US,5,20211020,190500,70.63,70.63,70.6101,70.6101,429,0
GSEW.US,5,20211020,191000,70.6101,70.62,70.6101,70.62,663,0
GSEW.US,5,20211020,191500,70.6089,70.609,70.535,70.535,4048,0
GSEW.US,5,20211020,192000,70.52,70.52,70.51,70.51,300,0
GSEW.US,5,20211020,192500,70.6,70.6,70.6,70.6,340,0
GSEW.US,5,20211020,193000,70.61,70.61,70.57,70.57,600,0
GSEW.US,5,20211020,193500,70.58,70.62,70.58,70.62,200,0
GSEW.US,5,20211020,194000,70.585,70.6,70.5712,70.6,600,0
GSEW.US,5,20211020,194500,70.61,70.61,70.5776,70.5776,531,0
GSEW.US,5,20211020,195000,70.5875,70.6,70.5875,70.6,200,0
GSEW.US,5,20211020,195500,70.6,70.6,70.6,70.6,200,0
GSEW.US,5,20211020,200000,70.63,70.63,70.63,70.63,100,0
GSEW.US,5,20211020,201000,70.65,70.65,70.65,70.65,100,0
GSEW.US,5,20211020,201500,70.67,70.67,70.6485,70.6485,1007,0
GSEW.US,5,20211020,202000,70.645,70.645,70.64,70.64,400,0
GSEW.US,5,20211020,202500,70.63,70.65,70.62,70.65,3507,0
GSEW.US,5,20211020,203000,70.66,70.66,70.66,70.66,200,0
GSEW.US,5,20211020,204000,70.66,70.66,70.65,70.65,300,0
GSEW.US,5,20211020,204500,70.63,70.6329,70.63,70.6329,275,0
GSEW.US,5,20211020,205000,70.64,70.64,70.64,70.64,200,0
GSEW.US,5,20211020,205500,70.66,70.66,70.65,70.6532,761,0
GSEW.US,5,20211020,210000,70.67,70.67,70.67,70.67,200,0
GSEW.US,5,20211020,210500,70.672,70.69,70.672,70.69,208,0
GSEW.US,5,20211020,211000,70.64,70.64,70.64,70.64,100,0
GSEW.US,5,20211020,211500,70.6,70.6,70.6,70.6,100,0
GSEW.US,5,20211020,212000,70.6,70.6,70.6,70.6,300,0
GSEW.US,5,20211020,212500,70.61,70.61,70.61,70.61,100,0
GSEW.US,5,20211020,213000,70.58,70.58,70.58,70.58,100,0
GSEW.US,5,20211020,213500,70.58,70.58,70.55,70.55,4677,0
GSEW.US,5,20211020,214000,70.55,70.6,70.55,70.58,1396,0
GSEW.US,5,20211020,214500,70.59,70.62,70.5744,70.61,1529,0
GSEW.US,5,20211020,215000,70.5562,70.59,70.5562,70.59,541,0
GSEW.US,5,20211020,215500,70.56,70.64,70.56,70.64,895,0
GSEW.US,5,20211021,153000,70.64,70.64,70.64,70.64,328,0
GSEW.US,5,20211021,153500,70.555,70.555,70.555,70.555,100,0
GSEW.US,5,20211021,154000,70.5323,70.6,70.53,70.6,3596,0
GSEW.US,5,20211021,154500,70.61,70.61,70.61,70.61,134,0
GSEW.US,5,20211021,155500,70.6263,70.6263,70.6263,70.6263,211,0
GSEW.US,5,20211021,160500,70.66,70.663,70.66,70.663,607,0
GSEW.US,5,20211021,162000,70.65,70.65,70.65,70.65,100,0
GSEW.US,5,20211021,162500,70.6544,70.6646,70.6544,70.6646,1995,0
GSEW.US,5,20211021,163000,70.6897,70.6897,70.685,70.685,993,0
GSEW.US,5,20211021,163500,70.6509,70.69,70.6509,70.69,262,0
GSEW.US,5,20211021,170000,70.67,70.67,70.642,70.642,212,0
GSEW.US,5,20211021,170500,70.6423,70.6423,70.6185,70.6185,322,0
GSEW.US,5,20211021,171000,70.61,70.61,70.61,70.61,1800,0
GSEW.US,5,20211021,171500,70.61,70.61,70.61,70.61,1650,0
GSEW.US,5,20211021,172000,70.5528,70.5528,70.5528,70.5528,139,0
GSEW.US,5,20211021,174500,70.51,70.51,70.51,70.51,941,0
GSEW.US,5,20211021,181500,70.6623,70.6623,70.6623,70.6623,110,0
GSEW.US,5,20211021,190000,70.6774,70.6774,70.6774,70.6774,206,0
GSEW.US,5,20211021,200000,70.6642,70.6642,70.6642,70.6642,198,0
GSEW.US,5,20211021,203500,70.7051,70.7051,70.7051,70.7051,330,0
GSEW.US,5,20211021,210000,70.7312,70.7312,70.7312,70.7312,162,0
GSEW.US,5,20211021,212000,70.813,70.82,70.8088,70.8088,406,0
GSEW.US,5,20211021,212500,70.81,70.81,70.8,70.8,217,0
GSEW.US,5,20211021,213000,70.81,70.82,70.782,70.8,2459,0
GSEW.US,5,20211021,213500,70.8,70.8,70.8,70.8,915,0
GSEW.US,5,20211021,214000,70.7927,70.8,70.78,70.78,3470,0
GSEW.US,5,20211021,214500,70.79,70.8,70.7872,70.7872,648,0
GSEW.US,5,20211021,215000,70.81,70.82,70.81,70.82,953,0
GSEW.US,5,20211021,215500,70.8193,70.91,70.8193,70.91,1045,0
GSEW.US,5,20211022,153000,70.92,70.92,70.92,70.92,454,0
GSEW.US,5,20211022,154000,71.07,71.07,71.07,71.07,247,0
GSEW.US,5,20211022,160500,71.16,71.16,71.15,71.15,520,0
GSEW.US,5,20211022,161000,71.149,71.15,71.149,71.15,300,0
GSEW.US,5,20211022,161500,71.16,71.16,71.16,71.16,100,0
GSEW.US,5,20211022,162000,71.18,71.19,71.18,71.19,300,0
GSEW.US,5,20211022,162500,71.23,71.25,71.23,71.25,300,0
GSEW.US,5,20211022,163000,71.23,71.23,71.23,71.23,200,0
GSEW.US,5,20211022,163500,71.2,71.2,71.15,71.1623,500,0
GSEW.US,5,20211022,164000,71.16,71.16,71.15,71.15,200,0
GSEW.US,5,20211022,164500,71.15,71.18,71.14,71.15,548,0
GSEW.US,5,20211022,165000,71.13,71.13,71.13,71.13,100,0
GSEW.US,5,20211022,165500,71.1,71.1,71.1,71.1,300,0
GSEW.US,5,20211022,170000,71.13,71.13,71.13,71.13,100,0
GSEW.US,5,20211022,170500,71.15,71.15,71.15,71.15,300,0
GSEW.US,5,20211022,171000,71.16,71.16,71.11,71.11,408,0
GSEW.US,5,20211022,171500,71.06,71.06,71.06,71.06,200,0
GSEW.US,5,20211022,172000,71.04,71.04,70.95,70.95,200,0
GSEW.US,5,20211022,172500,70.88,70.92,70.84,70.92,436,0
GSEW.US,5,20211022,173000,70.868,70.91,70.868,70.895,509,0
GSEW.US,5,20211022,173500,70.76,70.76,70.76,70.76,300,0
GSEW.US,5,20211022,174000,70.71,70.72,70.71,70.72,200,0
GSEW.US,5,20211022,174500,70.7116,70.72,70.7116,70.72,422,0
GSEW.US,5,20211022,175000,70.75,70.75,70.745,70.745,227,0
GSEW.US,5,20211022,175500,70.7618,70.8,70.7618,70.8,500,0
GSEW.US,5,20211022,180000,70.73,70.86,70.73,70.86,200,0
GSEW.US,5,20211022,180500,70.85,70.85,70.85,70.85,200,0
GSEW.US,5,20211022,181000,70.83,70.83,70.83,70.83,100,0
GSEW.US,5,20211022,181500,70.88,70.88,70.88,70.88,200,0
GSEW.US,5,20211022,182000,70.87,70.87,70.87,70.87,100,0
GSEW.US,5,20211022,182500,70.91,70.91,70.91,70.91,100,0
GSEW.US,5,20211022,183000,70.91,70.91,70.91,70.91,100,0
GSEW.US,5,20211022,183500,70.94,70.96,70.94,70.96,300,0
GSEW.US,5,20211022,184000,71.01,71.01,71.01,71.01,100,0
GSEW.US,5,20211022,184500,71.01,71.01,71.01,71.01,100,0
GSEW.US,5,20211022,185000,71.04,71.04,70.99,70.99,300,0
GSEW.US,5,20211022,190000,70.96,70.96,70.96,70.96,100,0
GSEW.US,5,20211022,190500,70.96,70.99,70.96,70.99,200,0
GSEW.US,5,20211022,191000,70.98,70.98,70.9728,70.9728,240,0
GSEW.US,5,20211022,191500,70.96,70.96,70.96,70.96,100,0
GSEW.US,5,20211022,192000,70.99,71.01,70.99,71,444,0
GSEW.US,5,20211022,193000,71,71,70.98,70.98,687,0
GSEW.US,5,20211022,194000,71.04,71.04,71.0001,71.01,700,0
GSEW.US,5,20211022,194500,71.03,71.03,71.03,71.03,100,0
GSEW.US,5,20211022,195000,71.025,71.05,71.025,71.05,1577,0
GSEW.US,5,20211022,195500,71.01,71.01,71.01,71.01,200,0
GSEW.US,5,20211022,200000,70.9685,70.9818,70.9685,70.9818,505,0
GSEW.US,5,20211022,200500,71,71.01,70.975,71.01,300,0
GSEW.US,5,20211022,201000,71.03,71.03,71.005,71.02,411,0
GSEW.US,5,20211022,201500,71.01,71.01,71,71,200,0
GSEW.US,5,20211022,202000,70.995,71.03,70.9831,71.03,638,0
GSEW.US,5,20211022,202500,71.05,71.05,71.05,71.05,200,0
GSEW.US,5,20211022,203000,71.1,71.13,71.1,71.13,200,0
GSEW.US,5,20211022,203500,71.13,71.16,71.11,71.11,640,0
GSEW.US,5,20211022,204000,71.1,71.1,71.09,71.09,200,0
GSEW.US,5,20211022,204500,71.08,71.1,71.08,71.1,200,0
GSEW.US,5,20211022,205000,71.1,71.1,71.03,71.07,757,0
GSEW.US,5,20211022,205500,71.04,71.04,71.04,71.04,200,0
GSEW.US,5,20211022,210500,71.01,71.03,70.95,71.01,28543,0
GSEW.US,5,20211022,211000,70.9789,70.9789,70.965,70.965,341,0
GSEW.US,5,20211022,211500,70.98,70.98,70.98,70.98,1113,0
GSEW.US,5,20211022,212500,70.95,70.95,70.95,70.95,200,0
GSEW.US,5,20211022,213000,70.9782,70.9782,70.9782,70.9782,151,0
GSEW.US,5,20211022,213500,71.015,71.015,71.015,71.015,835,0
GSEW.US,5,20211022,214000,71.01,71.01,71.01,71.01,163,0
GSEW.US,5,20211022,215000,70.97,71.02,70.97,71.02,5086,0
GSEW.US,5,20211022,215500,71.01,71.01,71.01,71.01,547,0
GSEW.US,5,20211025,153000,71.19,71.19,71.19,71.19,384,0
GSEW.US,5,20211025,154500,70.855,70.88,70.855,70.88,334,0
GSEW.US,5,20211025,155000,70.87,70.87,70.87,70.87,100,0
GSEW.US,5,20211025,160500,71.04,71.05,71.04,71.05,1100,0
GSEW.US,5,20211025,161000,71.07,71.07,71.05,71.05,300,0
GSEW.US,5,20211025,161500,71.07,71.15,71.07,71.15,1600,0
GSEW.US,5,20211025,162000,71.14,71.14,71.12,71.12,500,0
GSEW.US,5,20211025,162500,71.1,71.1,71.095,71.095,503,0
GSEW.US,5,20211025,163000,71.09,71.1,71.09,71.1,500,0
GSEW.US,5,20211025,163500,71.12,71.12,71.12,71.12,100,0
GSEW.US,5,20211025,164000,71.15,71.15,71.15,71.15,400,0
GSEW.US,5,20211025,164500,71.165,71.165,71.165,71.165,377,0
GSEW.US,5,20211025,165000,71.1977,71.1977,71.1977,71.1977,284,0
GSEW.US,5,20211025,170000,71.17,71.2,71.17,71.2,800,0
GSEW.US,5,20211025,171000,71.22,71.22,71.22,71.22,100,0
GSEW.US,5,20211025,172000,71.265,71.265,71.25,71.26,396,0
GSEW.US,5,20211025,173500,71.2743,71.2743,71.2642,71.2642,309,0
GSEW.US,5,20211025,175000,71.26,71.26,71.26,71.26,400,0
GSEW.US,5,20211025,175500,71.267,71.267,71.267,71.267,143,0
GSEW.US,5,20211025,180000,71.28,71.28,71.28,71.28,109,0
GSEW.US,5,20211025,184000,71.1999,71.1999,71.1999,71.1999,350,0
GSEW.US,5,20211025,190000,71.22,71.22,71.22,71.22,100,0
GSEW.US,5,20211025,194000,71.24,71.24,71.24,71.24,200,0
GSEW.US,5,20211025,195000,71.22,71.22,71.22,71.22,210,0
GSEW.US,5,20211025,195500,71.22,71.23,71.22,71.23,1100,0
GSEW.US,5,20211025,200000,71.23,71.23,71.22,71.22,712,0
GSEW.US,5,20211025,201500,71.22,71.22,71.22,71.22,144,0
GSEW.US,5,20211025,202500,71.2564,71.2564,71.2564,71.2564,136,0
GSEW.US,5,20211025,203500,71.2,71.2,71.2,71.2,145,0
GSEW.US,5,20211025,204000,71.2,71.2,71.2,71.2,200,0
GSEW.US,5,20211025,211500,71.185,71.19,71.171,71.1757,8271,0
GSEW.US,5,20211025,213000,71.16,71.16,71.16,71.16,102,0
GSEW.US,5,20211025,214000,71.16,71.16,71.16,71.16,100,0
GSEW.US,5,20211025,214500,71.13,71.13,71.13,71.13,300,0
GSEW.US,5,20211025,215000,71.11,71.11,71.11,71.11,100,0
GSEW.US,5,20211025,215500,71.07,71.1,71.07,71.1,400,0
GSEW.US,5,20211026,153000,71.32,71.32,71.32,71.32,566,0
GSEW.US,5,20211026,160000,71.3054,71.3054,71.3054,71.3054,339,0
GSEW.US,5,20211026,160500,71.28,71.28,71.28,71.28,400,0
GSEW.US,5,20211026,161000,71.3703,71.3703,71.3703,71.3703,3540,0
GSEW.US,5,20211026,162000,71.41,71.41,71.41,71.41,427,0
GSEW.US,5,20211026,165500,71.42,71.42,71.42,71.42,113,0
GSEW.US,5,20211026,170000,71.4199,71.4199,71.4199,71.4199,101,0
GSEW.US,5,20211026,170500,71.41,71.41,71.41,71.41,350,0
GSEW.US,5,20211026,171000,71.42,71.42,71.4,71.4,831,0
GSEW.US,5,20211026,171500,71.4227,71.4227,71.4227,71.4227,130,0
GSEW.US,5,20211026,173000,71.405,71.41,71.32,71.32,960,0
GSEW.US,5,20211026,174000,71.4056,71.4056,71.4056,71.4056,174,0
GSEW.US,5,20211026,175500,71.36,71.36,71.2664,71.2664,699,0
GSEW.US,5,20211026,181000,71.2,71.2,71.2,71.2,112,0
GSEW.US,5,20211026,182500,71.1968,71.1968,71.1968,71.1968,193,0
GSEW.US,5,20211026,183500,71.1,71.1,71.0833,71.0833,235,0
GSEW.US,5,20211026,190500,71.1,71.105,71.1,71.105,500,0
GSEW.US,5,20211026,193500,71.14,71.14,71.14,71.14,300,0
GSEW.US,5,20211026,195500,71.0601,71.07,71.06,71.07,1302,0
GSEW.US,5,20211026,200500,71.14,71.14,71.14,71.14,100,0
GSEW.US,5,20211026,201000,71.13,71.13,71.13,71.13,585,0
GSEW.US,5,20211026,202000,71.18,71.18,71.18,71.18,14022,0
GSEW.US,5,20211026,204000,71.1274,71.1274,71.1274,71.1274,549,0
GSEW.US,5,20211026,204500,71.1371,71.1371,71.1371,71.1371,240,0
GSEW.US,5,20211026,210500,71.19,71.204,71.19,71.204,7882,0
GSEW.US,5,20211026,211000,71.17,71.17,71.17,71.17,100,0
GSEW.US,5,20211026,211500,71.2,71.2,71.1909,71.1909,716,0
GSEW.US,5,20211026,212000,71.19,71.19,71.17,71.17,319,0
GSEW.US,5,20211026,212500,71.19,71.19,71.17,71.1703,1198,0
GSEW.US,5,20211026,213000,71.145,71.145,71.145,71.145,272,0
GSEW.US,5,20211026,214000,71.1414,71.165,71.1414,71.165,535,0
GSEW.US,5,20211026,214500,71.19,71.2088,71.18,71.2088,1688,0
GSEW.US,5,20211026,215000,71.1414,71.1414,71.08,71.08,1539,0
GSEW.US,5,20211026,215500,71.08,71.09,71.02,71.02,1377,0
GSEW.US,5,20211027,153000,71.15,71.15,71.15,71.15,394,0
GSEW.US,5,20211027,153500,70.88,70.88,70.8,70.82,3669,0
GSEW.US,5,20211027,154000,70.87,70.87,70.87,70.87,300,0
GSEW.US,5,20211027,154500,70.95,70.95,70.95,70.95,100,0
GSEW.US,5,20211027,155000,70.93,70.93,70.88,70.88,300,0
GSEW.US,5,20211027,160000,70.86,70.86,70.86,70.86,100,0
GSEW.US,5,20211027,160500,70.82,70.82,70.8,70.8,700,0
GSEW.US,5,20211027,161000,70.85,70.85,70.85,70.85,700,0
GSEW.US,5,20211027,161500,70.74,70.74,70.74,70.74,299,0
GSEW.US,5,20211027,162000,70.71,70.74,70.71,70.74,400,0
GSEW.US,5,20211027,162500,70.64,70.64,70.58,70.58,300,0
GSEW.US,5,20211027,163000,70.58,70.61,70.58,70.61,600,0
GSEW.US,5,20211027,164500,70.5522,70.5522,70.5522,70.5522,705,0
GSEW.US,5,20211027,165000,70.5399,70.5399,70.5399,70.5399,108,0
GSEW.US,5,20211027,165500,70.53,70.53,70.46,70.46,300,0
GSEW.US,5,20211027,171000,70.5954,70.5954,70.5954,70.5954,115,0
GSEW.US,5,20211027,171500,70.5785,70.5785,70.575,70.575,264,0
GSEW.US,5,20211027,184000,70.4099,70.4099,70.4099,70.4099,184,0
GSEW.US,5,20211027,190000,70.475,70.475,70.475,70.475,214,0
GSEW.US,5,20211027,192000,70.5498,70.5498,70.5498,70.5498,1000,0
GSEW.US,5,20211027,193000,70.5399,70.5399,70.5399,70.5399,100,0
GSEW.US,5,20211027,193500,70.5343,70.5343,70.5343,70.5343,342,0
GSEW.US,5,20211027,194000,70.544,70.5498,70.544,70.544,932,0
GSEW.US,5,20211027,194500,70.54,70.54,70.54,70.54,761,0
GSEW.US,5,20211027,195500,70.5605,70.565,70.5605,70.565,688,0
GSEW.US,5,20211027,200500,70.56,70.565,70.56,70.565,501,0
GSEW.US,5,20211027,201000,70.5999,70.5999,70.5999,70.5999,246,0
GSEW.US,5,20211027,202500,70.585,70.59,70.585,70.5863,322,0
GSEW.US,5,20211027,205500,70.48,70.49,70.472,70.472,19517,0
GSEW.US,5,20211027,210000,70.47,70.47,70.47,70.47,100,0
GSEW.US,5,20211027,210500,70.4462,70.4462,70.4171,70.4171,1060,0
GSEW.US,5,20211027,211000,70.35,70.35,70.35,70.35,500,0
GSEW.US,5,20211027,211500,70.3,70.3,70.3,70.3,100,0
GSEW.US,5,20211027,212000,70.22,70.26,70.2196,70.25,2362,0
GSEW.US,5,20211027,213000,70.2531,70.2531,70.2531,70.2531,334,0
GSEW.US,5,20211027,213500,70.28,70.28,70.28,70.28,125,0
GSEW.US,5,20211027,214000,70.3086,70.3086,70.29,70.29,2261,0
GSEW.US,5,20211027,214500,70.3,70.3,70.3,70.3,332,0
GSEW.US,5,20211027,215000,70.2,70.2,70.16,70.16,713,0
GSEW.US,5,20211027,215500,70.1,70.11,70.1,70.11,1052,0
GSEW.US,5,20211028,153000,70.17,70.29,70.17,70.29,333,0
GSEW.US,5,20211028,153500,70.365,70.365,70.36,70.36,300,0
GSEW.US,5,20211028,154000,70.42,70.42,70.41,70.42,400,0
GSEW.US,5,20211028,161000,70.55,70.55,70.55,70.55,469,0
GSEW.US,5,20211028,164500,70.6812,70.75,70.6812,70.75,1200,0
GSEW.US,5,20211028,165500,70.715,70.721,70.715,70.721,300,0
GSEW.US,5,20211028,170000,70.6873,70.6873,70.6873,70.6873,498,0
GSEW.US,5,20211028,170500,70.7196,70.7196,70.7196,70.7196,500,0
GSEW.US,5,20211028,171000,70.73,70.73,70.73,70.73,100,0
GSEW.US,5,20211028,171500,70.72,70.72,70.71,70.71,200,0
GSEW.US,5,20211028,172000,70.665,70.665,70.665,70.665,247,0
GSEW.US,5,20211028,172500,70.6799,70.6799,70.664,70.664,440,0
GSEW.US,5,20211028,173000,70.6383,70.6383,70.6383,70.6383,254,0
GSEW.US,5,20211028,173500,70.685,70.685,70.685,70.685,154,0
GSEW.US,5,20211028,174500,70.6523,70.6523,70.62,70.62,446,0
GSEW.US,5,20211028,175000,70.5785,70.5785,70.5785,70.5785,120,0
GSEW.US,5,20211028,180000,70.58,70.58,70.58,70.58,100,0
GSEW.US,5,20211028,180500,70.6287,70.6287,70.6287,70.6287,695,0
GSEW.US,5,20211028,181000,70.64,70.65,70.64,70.65,665,0
GSEW.US,5,20211028,181500,70.64,70.65,70.64,70.65,22412,0
GSEW.US,5,20211028,182000,70.65,70.65,70.65,70.65,100,0
GSEW.US,5,20211028,182500,70.65,70.65,70.63,70.63,500,0
GSEW.US,5,20211028,183000,70.5778,70.5778,70.5778,70.5778,122,0
GSEW.US,5,20211028,183500,70.5716,70.5716,70.5716,70.5716,103,0
GSEW.US,5,20211028,185000,70.58,70.58,70.56,70.5609,584,0
GSEW.US,5,20211028,191000,70.561,70.561,70.561,70.561,332,0
GSEW.US,5,20211028,191500,70.5479,70.5479,70.5479,70.5479,350,0
GSEW.US,5,20211028,193000,70.61,70.61,70.595,70.6,608,0
GSEW.US,5,20211028,194500,70.6201,70.6201,70.6201,70.6201,100,0
GSEW.US,5,20211028,195000,70.64,70.64,70.64,70.64,100,0
GSEW.US,5,20211028,195500,70.62,70.62,70.62,70.62,212,0
GSEW.US,5,20211028,200000,70.66,70.66,70.66,70.66,100,0
GSEW.US,5,20211028,201000,70.65,70.65,70.65,70.65,100,0
GSEW.US,5,20211028,201500,70.65,70.65,70.65,70.65,131,0
GSEW.US,5,20211028,203000,70.6597,70.6597,70.6597,70.6597,353,0
GSEW.US,5,20211028,204000,70.64,70.64,70.63,70.6333,2934,0
GSEW.US,5,20211028,204500,70.65,70.65,70.65,70.65,100,0
GSEW.US,5,20211028,205500,70.65,70.65,70.62,70.65,702,0
GSEW.US,5,20211028,210000,70.61,70.61,70.61,70.61,100,0
GSEW.US,5,20211028,210500,70.64,70.64,70.63,70.63,1048,0
GSEW.US,5,20211028,211000,70.62,70.62,70.61,70.62,1311,0
GSEW.US,5,20211028,211500,70.61,70.635,70.595,70.635,1480,0
GSEW.US,5,20211028,212000,70.64,70.64,70.62,70.62,400,0
GSEW.US,5,20211028,212500,70.6,70.6033,70.59,70.6033,1576,0
GSEW.US,5,20211028,213000,70.6,70.6652,70.6,70.615,3280,0
GSEW.US,5,20211028,213500,70.62,70.67,70.62,70.65,1922,0
GSEW.US,5,20211028,214000,70.66,70.67,70.64,70.64,6400,0
GSEW.US,5,20211028,214500,70.64,70.69,70.63,70.68,2477,0
GSEW.US,5,20211028,215000,70.745,70.75,70.72,70.75,900,0
GSEW.US,5,20211028,215500,70.78,70.83,70.78,70.81,8271,0
GSEW.US,5,20211029,153000,70.48,70.65,70.48,70.65,515,0
GSEW.US,5,20211029,153500,70.77,70.77,70.77,70.77,200,0
GSEW.US,5,20211029,154500,70.8,70.82,70.8,70.82,734,0
GSEW.US,5,20211029,155000,70.83,70.83,70.83,70.83,300,0
GSEW.US,5,20211029,162500,70.7,70.7,70.7,70.7,100,0
GSEW.US,5,20211029,163000,70.71,70.72,70.695,70.72,520,0
GSEW.US,5,20211029,165000,70.8146,70.8146,70.8146,70.8146,212,0
GSEW.US,5,20211029,170500,70.8246,70.8246,70.8246,70.8246,126,0
GSEW.US,5,20211029,172000,70.8,70.8,70.8,70.8,437,0
GSEW.US,5,20211029,173000,70.825,70.8585,70.825,70.8544,616,0
GSEW.US,5,20211029,173500,70.8431,70.8431,70.8431,70.8431,495,0
GSEW.US,5,20211029,174000,70.7959,70.7959,70.7959,70.7959,134,0
GSEW.US,5,20211029,181500,70.8479,70.8479,70.8479,70.8479,141,0
GSEW.US,5,20211029,182000,70.91,70.91,70.91,70.91,200,0
GSEW.US,5,20211029,183500,70.87,70.87,70.87,70.87,244,0
GSEW.US,5,20211029,185500,70.86,70.86,70.86,70.86,1000,0
GSEW.US,5,20211029,190000,70.863,70.863,70.863,70.863,127,0
GSEW.US,5,20211029,193000,70.8443,70.8443,70.8443,70.8443,620,0
GSEW.US,5,20211029,193500,70.84,70.84,70.8364,70.8364,442,0
GSEW.US,5,20211029,194500,70.83,70.83,70.83,70.83,142,0
GSEW.US,5,20211029,195000,70.805,70.805,70.805,70.805,447,0
GSEW.US,5,20211029,200000,70.8312,70.8312,70.8312,70.8312,118,0
GSEW.US,5,20211029,202000,70.69,70.6998,70.69,70.6998,1500,0
GSEW.US,5,20211029,203000,70.6425,70.6425,70.6425,70.6425,154,0
GSEW.US,5,20211029,204500,70.7026,70.7026,70.7026,70.7026,161,0
GSEW.US,5,20211029,211000,70.7025,70.7025,70.6999,70.6999,1087,0
GSEW.US,5,20211029,211500,70.67,70.67,70.67,70.67,280,0
GSEW.US,5,20211029,212000,70.63,70.63,70.62,70.6225,4459,0
GSEW.US,5,20211029,212500,70.66,70.66,70.645,70.66,713,0
GSEW.US,5,20211029,213500,70.73,70.75,70.73,70.75,600,0
GSEW.US,5,20211029,214000,70.76,70.8,70.7533,70.79,4069,0
GSEW.US,5,20211029,214500,70.8,70.83,70.8,70.8226,400,0
GSEW.US,5,20211029,215000,70.83,70.86,70.81,70.86,2353,0
GSEW.US,5,20211029,215500,70.81,70.81,70.81,70.81,200,0
GSEW.US,5,20211101,143000,71.09,71.09,71.04,71.04,2342,0
GSEW.US,5,20211101,143500,71.06,71.06,71.06,71.06,100,0
GSEW.US,5,20211101,144500,71.11,71.11,71.09,71.09,200,0
GSEW.US,5,20211101,150000,70.96,70.96,70.91,70.91,278,0
GSEW.US,5,20211101,152000,70.98,70.98,70.98,70.98,866,0
GSEW.US,5,20211101,152500,70.9679,70.9679,70.9679,70.9679,141,0
GSEW.US,5,20211101,153000,70.9847,70.9847,70.9568,70.9568,536,0
GSEW.US,5,20211101,155000,70.9014,70.9014,70.8913,70.8913,877,0
GSEW.US,5,20211101,155500,70.83,70.83,70.83,70.83,100,0
GSEW.US,5,20211101,162500,70.995,70.995,70.995,70.995,563,0
GSEW.US,5,20211101,163500,70.9869,70.9869,70.9869,70.9869,118,0
GSEW.US,5,20211101,164000,70.9565,70.9565,70.945,70.945,531,0
GSEW.US,5,20211101,165500,70.965,70.965,70.965,70.965,120,0
GSEW.US,5,20211101,170500,71.04,71.04,71.0325,71.0325,252,0
GSEW.US,5,20211101,172500,71.0709,71.0709,71.0709,71.0709,121,0
GSEW.US,5,20211101,182500,71.09,71.12,71.09,71.12,278,0
GSEW.US,5,20211101,183500,71.07,71.07,71.07,71.07,100,0
GSEW.US,5,20211101,192000,70.995,70.995,70.995,70.995,112,0
GSEW.US,5,20211101,192500,71.0061,71.0061,71.0061,71.0061,352,0
GSEW.US,5,20211101,194000,71.08,71.08,71.08,71.08,570,0
GSEW.US,5,20211101,200000,71.0883,71.095,71.0883,71.095,371,0
GSEW.US,5,20211101,201500,71.11,71.11,71.11,71.11,200,0
GSEW.US,5,20211101,202000,71.045,71.045,71.045,71.045,142,0
GSEW.US,5,20211101,203000,71.14,71.14,71.13,71.13,597,0
GSEW.US,5,20211101,204000,71.14,71.1404,71.14,71.1404,346,0
GSEW.US,5,20211101,204500,71.1847,71.19,71.1847,71.19,537,0
GSEW.US,5,20211101,205000,71.2,71.21,71.185,71.21,3005,0
GSEW.US,5,20211101,205500,71.2,71.23,71.2,71.23,640,0
GSEW.US,5,20211102,143000,71.45,71.45,71.31,71.31,7030,0
GSEW.US,5,20211102,143500,71.3,71.3,71.3,71.3,100,0
GSEW.US,5,20211102,144000,71.2,71.25,71.2,71.2,2000,0
GSEW.US,5,20211102,145000,71.23,71.245,71.23,71.2331,1300,0
GSEW.US,5,20211102,151000,71.1983,71.2337,71.1983,71.2337,725,0
GSEW.US,5,20211102,151500,71.2279,71.2279,71.2279,71.2279,105,0
GSEW.US,5,20211102,153500,71.2,71.2,71.2,71.2,224,0
GSEW.US,5,20211102,155000,71.15,71.16,71.15,71.15,400,0
GSEW.US,5,20211102,155500,71.19,71.19,71.19,71.19,134,0
GSEW.US,5,20211102,160000,71.21,71.25,71.2,71.23,7986,0
GSEW.US,5,20211102,161000,71.2,71.2,71.2,71.2,1865,0
GSEW.US,5,20211102,162500,71.19,71.19,71.19,71.19,1835,0
GSEW.US,5,20211102,163000,71.23,71.24,71.23,71.2354,300,0
GSEW.US,5,20211102,164000,71.24,71.2501,71.24,71.25,689,0
GSEW.US,5,20211102,165000,71.285,71.285,71.26,71.26,640,0
GSEW.US,5,20211102,171500,71.26,71.26,71.2554,71.2554,700,0
GSEW.US,5,20211102,173500,71.3004,71.3004,71.3004,71.3004,137,0
GSEW.US,5,20211102,175000,71.33,71.33,71.33,71.33,173,0
GSEW.US,5,20211102,175500,71.33,71.33,71.33,71.33,265,0
GSEW.US,5,20211102,182000,71.3019,71.3019,71.3019,71.3019,300,0
GSEW.US,5,20211102,183000,71.2454,71.2454,71.2454,71.2454,600,0
GSEW.US,5,20211102,190000,71.32,71.32,71.32,71.32,400,0
GSEW.US,5,20211102,192000,71.32,71.32,71.32,71.32,100,0
GSEW.US,5,20211102,193500,71.35,71.35,71.35,71.35,123,0
GSEW.US,5,20211102,200000,71.41,71.41,71.398,71.398,2235,0
GSEW.US,5,20211102,200500,71.4053,71.4053,71.4053,71.4053,960,0
GSEW.US,5,20211102,201500,71.35,71.35,71.35,71.35,400,0
GSEW.US,5,20211102,202000,71.335,71.335,71.335,71.335,827,0
GSEW.US,5,20211102,203000,71.335,71.335,71.335,71.335,204,0
GSEW.US,5,20211102,203500,71.35,71.35,71.321,71.321,650,0
GSEW.US,5,20211102,204000,71.335,71.36,71.335,71.36,2667,0
GSEW.US,5,20211102,205000,71.3652,71.37,71.34,71.36,2145,0
GSEW.US,5,20211102,205500,71.368,71.3698,71.35,71.3698,702,0
GSEW.US,5,20211103,143000,71.41,71.41,71.41,71.41,436,0
GSEW.US,5,20211103,143500,71.35,71.35,71.25,71.27,500,0
GSEW.US,5,20211103,144500,71.235,71.235,71.22,71.22,240,0
GSEW.US,5,20211103,145000,71.255,71.255,71.255,71.255,100,0
GSEW.US,5,20211103,145500,71.27,71.27,71.27,71.27,100,0
GSEW.US,5,20211103,150000,71.26,71.26,71.26,71.26,100,0
GSEW.US,5,20211103,150500,71.24,71.24,71.24,71.24,100,0
GSEW.US,5,20211103,155000,71.4129,71.4129,71.4066,71.4066,652,0
GSEW.US,5,20211103,163500,71.3615,71.3615,71.3615,71.3615,210,0
GSEW.US,5,20211103,165500,71.36,71.36,71.3492,71.3492,1366,0
GSEW.US,5,20211103,170000,71.3564,71.3592,71.3564,71.3592,380,0
GSEW.US,5,20211103,170500,71.3504,71.3504,71.3504,71.3504,210,0
GSEW.US,5,20211103,171500,71.3489,71.3489,71.3489,71.3489,129,0
GSEW.US,5,20211103,172000,71.31,71.31,71.29,71.29,700,0
GSEW.US,5,20211103,172500,71.3144,71.3144,71.3144,71.3144,150,0
GSEW.US,5,20211103,175000,71.265,71.265,71.25,71.25,1963,0
GSEW.US,5,20211103,175500,71.25,71.25,71.25,71.25,500,0
GSEW.US,5,20211103,180000,71.2716,71.2716,71.2716,71.2716,211,0
GSEW.US,5,20211103,181000,71.2859,71.2859,71.2859,71.2859,270,0
GSEW.US,5,20211103,182000,71.285,71.285,71.285,71.285,481,0
GSEW.US,5,20211103,185000,71.235,71.235,71.235,71.235,686,0
GSEW.US,5,20211103,191000,71.3792,71.3792,71.345,71.345,365,0
GSEW.US,5,20211103,192000,71.43,71.43,71.43,71.43,400,0
GSEW.US,5,20211103,192500,71.46,71.46,71.46,71.46,110,0
GSEW.US,5,20211103,194500,71.5846,71.63,71.5846,71.63,625,0
GSEW.US,5,20211103,200500,71.6912,71.6912,71.6912,71.6912,850,0
GSEW.US,5,20211103,201000,71.67,71.67,71.67,71.67,1532,0
GSEW.US,5,20211103,201500,71.66,71.6843,71.66,71.6843,343,0
GSEW.US,5,20211103,202000,71.63,71.63,71.63,71.63,829,0
GSEW.US,5,20211103,202500,71.6267,71.63,71.62,71.62,2001,0
GSEW.US,5,20211103,204500,71.74,71.76,71.73,71.73,4629,0
GSEW.US,5,20211103,205000,71.735,71.75,71.71,71.71,968,0
GSEW.US,5,20211103,205500,71.73,71.73,71.73,71.73,200,0
GSEW.US,5,20211104,143000,71.91,71.91,71.91,71.91,211,0
GSEW.US,5,20211104,151000,71.975,71.975,71.975,71.975,100,0
GSEW.US,5,20211104,152500,71.8972,71.8972,71.8972,71.8972,150,0
GSEW.US,5,20211104,153000,71.9367,71.9367,71.9367,71.9367,125,0
GSEW.US,5,20211104,153500,71.92,71.92,71.9194,71.9194,264,0
GSEW.US,5,20211104,154500,71.87,71.8771,71.87,71.8771,1109,0
GSEW.US,5,20211104,155000,71.805,71.805,71.805,71.805,444,0
GSEW.US,5,20211104,161000,71.7431,71.7431,71.7431,71.7431,140,0
GSEW.US,5,20211104,161500,71.6567,71.6567,71.6567,71.6567,139,0
GSEW.US,5,20211104,162000,71.66,71.66,71.605,71.605,1320,0
GSEW.US,5,20211104,163500,71.625,71.625,71.625,71.625,105,0
GSEW.US,5,20211104,164500,71.61,71.61,71.61,71.61,300,0
GSEW.US,5,20211104,170500,71.71,71.71,71.71,71.71,500,0
GSEW.US,5,20211104,171000,71.71,71.71,71.705,71.705,867,0
GSEW.US,5,20211104,173500,71.6415,71.65,71.6415,71.65,350,0
GSEW.US,5,20211104,175500,71.61,71.6135,71.61,71.6135,224,0
GSEW.US,5,20211104,182000,71.62,71.62,71.62,71.62,457,0
GSEW.US,5,20211104,184500,71.6424,71.6424,71.6424,71.6424,100,0
GSEW.US,5,20211104,190000,71.565,71.565,71.565,71.565,167,0
GSEW.US,5,20211104,193500,71.5525,71.5525,71.5525,71.5525,410,0
GSEW.US,5,20211104,194500,71.5437,71.5437,71.5437,71.5437,270,0
GSEW.US,5,20211104,200500,71.5337,71.5337,71.5337,71.5337,564,0
GSEW.US,5,20211104,202000,71.56,71.6,71.56,71.6,15695,0
GSEW.US,5,20211104,203500,71.5973,71.5973,71.5973,71.5973,379,0
GSEW.US,5,20211104,204000,71.55,71.55,71.54,71.54,653,0
GSEW.US,5,20211104,204500,71.6088,71.63,71.6088,71.63,387,0
GSEW.US,5,20211104,205000,71.6657,71.6657,71.6362,71.6362,2147,0
GSEW.US,5,20211104,205500,71.7,71.75,71.7,71.75,1041,0
GSEW.US,5,20211105,143000,72.17,72.17,72.17,72.17,2091,0
GSEW.US,5,20211105,144500,72.36,72.36,72.36,72.36,300,0
GSEW.US,5,20211105,150000,72.375,72.375,72.375,72.375,100,0
GSEW.US,5,20211105,151000,72.28,72.28,72.28,72.28,918,0
GSEW.US,5,20211105,152500,72.22,72.23,72.22,72.22,1800,0
GSEW.US,5,20211105,153500,72.1695,72.1695,72.1695,72.1695,127,0
GSEW.US,5,20211105,154000,72.145,72.145,72.145,72.145,138,0
GSEW.US,5,20211105,155500,72.15,72.1871,72.15,72.1871,2333,0
GSEW.US,5,20211105,162500,72.1,72.1,72.1,72.1,526,0
GSEW.US,5,20211105,163000,72.075,72.075,72.075,72.075,300,0
GSEW.US,5,20211105,163500,72.08,72.08,72.059,72.059,725,0
GSEW.US,5,20211105,164000,72.0673,72.1,72.0673,72.1,1441,0
GSEW.US,5,20211105,171500,72.03,72.03,72.03,72.03,260,0
GSEW.US,5,20211105,172500,72.04,72.04,72.04,72.04,2491,0
GSEW.US,5,20211105,173000,72.0799,72.0799,72.0799,72.0799,103,0
GSEW.US,5,20211105,173500,72.075,72.075,72.075,72.075,227,0
GSEW.US,5,20211105,180000,72.04,72.04,72.04,72.04,200,0
GSEW.US,5,20211105,180500,72,72,72,72,150,0
GSEW.US,5,20211105,182000,71.94,71.94,71.9217,71.9217,556,0
GSEW.US,5,20211105,183000,71.81,71.8685,71.81,71.8685,1718,0
GSEW.US,5,20211105,184000,71.7849,71.7849,71.7849,71.7849,234,0
GSEW.US,5,20211105,185000,71.87,71.87,71.87,71.87,133,0
GSEW.US,5,20211105,190000,71.92,71.92,71.92,71.92,229,0
GSEW.US,5,20211105,191000,72.0073,72.0073,72.0073,72.0073,131,0
GSEW.US,5,20211105,191500,71.9839,71.9839,71.9839,71.9839,165,0
GSEW.US,5,20211105,192000,71.97,71.9838,71.97,71.9838,815,0
GSEW.US,5,20211105,192500,71.9666,71.9666,71.9666,71.9666,220,0
GSEW.US,5,20211105,193000,71.9604,72,71.9604,72,318,0
GSEW.US,5,20211105,193500,71.99,71.99,71.99,71.99,158,0
GSEW.US,5,20211105,194000,71.99,71.99,71.96,71.99,685,0
GSEW.US,5,20211105,194500,71.99,71.99,71.97,71.99,1804,0
GSEW.US,5,20211105,195000,72,72,71.9867,71.9867,1261,0
GSEW.US,5,20211105,195500,71.9769,72,71.9697,72,1025,0
GSEW.US,5,20211105,200000,71.98,71.99,71.97,71.97,2215,0
GSEW.US,5,20211105,200500,71.9091,71.9533,71.9091,71.9533,1756,0
GSEW.US,5,20211105,201000,71.9555,71.97,71.9555,71.97,825,0
GSEW.US,5,20211105,201500,72.01,72.02,72.01,72.02,795,0
GSEW.US,5,20211105,202000,72.01,72.01,71.9562,71.9562,1402,0
GSEW.US,5,20211105,202500,71.9689,71.9689,71.92,71.9222,1805,0
GSEW.US,5,20211105,203000,71.99,71.99,71.99,71.99,200,0
GSEW.US,5,20211105,203500,72.1,72.1,72.0654,72.0707,3520,0
GSEW.US,5,20211105,204000,72.0771,72.0771,72.0059,72.01,5827,0
GSEW.US,5,20211105,204500,72.01,72.05,71.986,71.9889,3457,0
GSEW.US,5,20211105,205000,72.0461,72.0461,72.0084,72.01,4640,0
GSEW.US,5,20211105,205500,72.02,72.03,72.0088,72.03,5415,0
GSEW.US,5,20211108,153000,72.36,72.73,72.36,72.45,758,0
GSEW.US,5,20211108,153500,72.35,72.36,72.29,72.29,500,0
GSEW.US,5,20211108,160000,72.21,72.251,72.21,72.251,278,0
GSEW.US,5,20211108,160500,72.2,72.2,72.2,72.2,200,0
GSEW.US,5,20211108,163000,72.2976,72.33,72.2976,72.33,376,0
GSEW.US,5,20211108,164000,72.22,72.22,72.22,72.22,110,0
GSEW.US,5,20211108,171500,72.29,72.29,72.2849,72.2849,282,0
GSEW.US,5,20211108,173500,72.196,72.196,72.196,72.196,100,0
GSEW.US,5,20211108,180000,72.2086,72.2086,72.1352,72.1352,492,0
GSEW.US,5,20211108,180500,72.1785,72.2,72.15,72.1605,737,0
GSEW.US,5,20211108,181500,72.145,72.1956,72.145,72.1956,890,0
GSEW.US,5,20211108,182000,72.19,72.21,72.19,72.21,514,0
GSEW.US,5,20211108,182500,72.2091,72.213,72.2,72.2,749,0
GSEW.US,5,20211108,183000,72.1821,72.19,72.175,72.18,1158,0
GSEW.US,5,20211108,183500,72.1976,72.22,72.1976,72.22,654,0
GSEW.US,5,20211108,184000,72.19,72.1996,72.1603,72.1996,693,0
GSEW.US,5,20211108,184500,72.2,72.2,72.1707,72.1707,687,0
GSEW.US,5,20211108,185000,72.165,72.165,72.1444,72.1444,914,0
GSEW.US,5,20211108,185500,72.1181,72.15,72.1181,72.143,1468,0
GSEW.US,5,20211108,190000,72.1756,72.18,72.169,72.18,815,0
GSEW.US,5,20211108,194000,72.195,72.21,72.195,72.21,800,0
GSEW.US,5,20211108,195000,72.23,72.23,72.2,72.2,2829,0
GSEW.US,5,20211108,200500,72.29,72.29,72.29,72.29,100,0
GSEW.US,5,20211108,201000,72.28,72.28,72.28,72.28,400,0
GSEW.US,5,20211108,202000,72.2381,72.2381,72.2381,72.2381,538,0
GSEW.US,5,20211108,202500,72.228,72.228,72.228,72.228,300,0
GSEW.US,5,20211108,204000,72.29,72.29,72.2754,72.2754,400,0
GSEW.US,5,20211108,210500,72.31,72.31,72.295,72.31,442,0
GSEW.US,5,20211108,211500,72.3,72.3,72.3,72.3,138,0
GSEW.US,5,20211108,212000,72.31,72.31,72.2783,72.2783,429,0
GSEW.US,5,20211108,214500,72.27,72.27,72.25,72.25,301,0
GSEW.US,5,20211108,215000,72.27,72.27,72.27,72.27,100,0
GSEW.US,5,20211108,215500,72.3,72.3,72.3,72.3,400,0
GSEW.US,5,20211109,153000,72.43,72.46,72.43,72.46,926,0
GSEW.US,5,20211109,153500,72.47,72.48,72.47,72.48,500,0
GSEW.US,5,20211109,161500,72.22,72.22,72.0807,72.0807,2400,0
GSEW.US,5,20211109,165500,72.2334,72.2334,72.2334,72.2334,300,0
GSEW.US,5,20211109,170000,72.24,72.24,72.24,72.24,144,0
GSEW.US,5,20211109,171500,72.125,72.125,72.125,72.125,105,0
GSEW.US,5,20211109,172000,72.205,72.205,72.205,72.205,400,0
GSEW.US,5,20211109,172500,72.1831,72.1831,72.1831,72.1831,326,0
GSEW.US,5,20211109,174500,72.2548,72.2548,72.2548,72.2548,1700,0
GSEW.US,5,20211109,175000,72.1328,72.1328,72.1328,72.1328,472,0
GSEW.US,5,20211109,180000,72.095,72.095,72.095,72.095,241,0
GSEW.US,5,20211109,180500,72.02,72.02,72.02,72.02,173,0
GSEW.US,5,20211109,182000,72.147,72.147,72.147,72.147,125,0
GSEW.US,5,20211109,183500,72.1321,72.1321,72.1321,72.1321,150,0
GSEW.US,5,20211109,185000,72.2105,72.2105,72.2105,72.2105,276,0
GSEW.US,5,20211109,191000,72.1992,72.1992,72.1992,72.1992,1307,0
GSEW.US,5,20211109,194000,72.1481,72.1682,72.1481,72.1682,334,0
GSEW.US,5,20211109,201500,72.17,72.1879,72.155,72.1879,3288,0
GSEW.US,5,20211109,202000,72.23,72.23,72.23,72.23,100,0
GSEW.US,5,20211109,202500,72.22,72.22,72.22,72.22,200,0
GSEW.US,5,20211109,203000,72.22,72.22,72.22,72.22,104,0
GSEW.US,5,20211109,204000,72.27,72.27,72.27,72.27,300,0
GSEW.US,5,20211109,204500,72.252,72.252,72.252,72.252,150,0
GSEW.US,5,20211109,210000,72.2996,72.3,72.29,72.29,8400,0
GSEW.US,5,20211109,210500,72.29,72.29,72.2858,72.2858,558,0
GSEW.US,5,20211109,211000,72.27,72.27,72.27,72.27,152,0
GSEW.US,5,20211109,211500,72.26,72.26,72.26,72.26,326,0
GSEW.US,5,20211109,214000,72.3,72.33,72.3,72.315,3111,0
GSEW.US,5,20211109,214500,72.36,72.36,72.3398,72.3398,765,0
GSEW.US,5,20211109,215000,72.3,72.31,72.2999,72.3006,1827,0
GSEW.US,5,20211109,215500,72.36,72.38,72.36,72.37,1866,0
GSEW.US,5,20211110,153000,72.01,72.01,72.01,72.01,183,0
GSEW.US,5,20211110,153500,72.28,72.28,72.28,72.28,100,0
GSEW.US,5,20211110,155000,72.2974,72.2974,72.2974,72.2974,167,0
GSEW.US,5,20211110,161500,72.302,72.302,72.302,72.302,138,0
GSEW.US,5,20211110,162000,72.335,72.3625,72.335,72.3625,689,0
GSEW.US,5,20211110,165000,72.31,72.32,72.31,72.32,200,0
GSEW.US,5,20211110,165500,72.3199,72.3199,72.31,72.31,302,0
GSEW.US,5,20211110,170000,72.33,72.33,72.33,72.33,100,0
GSEW.US,5,20211110,170500,72.32,72.33,72.3133,72.33,1100,0
GSEW.US,5,20211110,171000,72.34,72.34,72.34,72.34,100,0
GSEW.US,5,20211110,171500,72.35,72.36,72.35,72.36,1360,0
GSEW.US,5,20211110,172000,72.36,72.36,72.36,72.36,100,0
GSEW.US,5,20211110,172500,72.33,72.33,72.33,72.33,200,0
GSEW.US,5,20211110,173000,72.33,72.33,72.33,72.33,100,0
GSEW.US,5,20211110,173500,72.2945,72.32,72.2945,72.32,210,0
GSEW.US,5,20211110,174000,72.32,72.32,72.25,72.25,200,0
GSEW.US,5,20211110,174500,72.26,72.28,72.26,72.28,200,0
GSEW.US,5,20211110,175500,72.3,72.3,72.3,72.3,100,0
GSEW.US,5,20211110,180000,72.29,72.29,72.265,72.265,203,0
GSEW.US,5,20211110,180500,72.26,72.26,72.23,72.24,407,0
GSEW.US,5,20211110,181000,72.23,72.23,72.2,72.2,1230,0
GSEW.US,5,20211110,181500,72.191,72.2,72.191,72.2,1137,0
GSEW.US,5,20211110,182000,72.21,72.21,72.195,72.21,792,0
GSEW.US,5,20211110,182500,72.18,72.18,72.18,72.18,100,0
GSEW.US,5,20211110,183000,72.21,72.21,72.21,72.21,100,0
GSEW.US,5,20211110,184000,72.2,72.2,72.14,72.14,200,0
GSEW.US,5,20211110,184500,72.1,72.1,72.1,72.1,100,0
GSEW.US,5,20211110,185500,72.14,72.14,72.1201,72.1201,240,0
GSEW.US,5,20211110,190000,72.0665,72.0665,72.0665,72.0665,113,0
GSEW.US,5,20211110,190500,72.02,72.02,72,72,400,0
GSEW.US,5,20211110,191000,72.07,72.07,72.07,72.07,100,0
GSEW.US,5,20211110,191500,71.9401,71.979,71.9401,71.97,1728,0
GSEW.US,5,20211110,192000,71.92,71.92,71.92,71.92,100,0
GSEW.US,5,20211110,192500,71.96,71.96,71.96,71.96,100,0
GSEW.US,5,20211110,193000,71.9767,71.99,71.9767,71.99,800,0
GSEW.US,5,20211110,193500,71.96,71.96,71.96,71.96,100,0
GSEW.US,5,20211110,194500,71.92,71.92,71.86,71.86,200,0
GSEW.US,5,20211110,195000,71.81,71.81,71.81,71.81,100,0
GSEW.US,5,20211110,195500,71.84,71.84,71.84,71.84,100,0
GSEW.US,5,20211110,200500,71.73,71.76,71.73,71.76,200,0
GSEW.US,5,20211110,201000,71.744,71.744,71.71,71.71,234,0
GSEW.US,5,20211110,201500,71.75,71.75,71.75,71.75,100,0
GSEW.US,5,20211110,202000,71.7485,71.7485,71.72,71.72,218,0
GSEW.US,5,20211110,202500,71.65,71.65,71.65,71.65,100,0
GSEW.US,5,20211110,203000,71.58,71.58,71.58,71.58,100,0
GSEW.US,5,20211110,203500,71.5589,71.6,71.5589,71.5796,596,0
GSEW.US,5,20211110,204000,71.53,71.53,71.48,71.48,300,0
GSEW.US,5,20211110,204500,71.4871,71.62,71.4871,71.62,213,0
GSEW.US,5,20211110,205000,71.61,71.61,71.61,71.61,200,0
GSEW.US,5,20211110,205500,71.61,71.61,71.61,71.61,188,0
GSEW.US,5,20211110,210000,71.5731,71.5731,71.5731,71.5731,200,0
GSEW.US,5,20211110,210500,71.5527,71.6595,71.5527,71.6151,537,0
GSEW.US,5,20211110,211000,71.7,71.7,71.69,71.69,1086,0
GSEW.US,5,20211110,211500,71.73,71.73,71.73,71.73,568,0
GSEW.US,5,20211110,212000,71.79,71.79,71.79,71.79,138,0
GSEW.US,5,20211110,212500,71.72,71.72,71.72,71.72,386,0
GSEW.US,5,20211110,213000,71.7096,71.7191,71.7096,71.7191,3364,0
GSEW.US,5,20211110,213500,71.67,71.67,71.62,71.62,5808,0
GSEW.US,5,20211110,214000,71.63,71.63,71.63,71.63,400,0
GSEW.US,5,20211110,215000,71.71,71.73,71.66,71.73,6808,0
GSEW.US,5,20211110,215500,71.67,71.7,71.67,71.7,1880,0
GSEW.US,5,20211111,153000,71.99,71.99,71.99,71.99,504,0
GSEW.US,5,20211111,153500,71.78,71.78,71.78,71.78,120,0
GSEW.US,5,20211111,154500,71.8406,71.8406,71.8406,71.8406,200,0
GSEW.US,5,20211111,155500,71.84,71.84,71.84,71.84,100,0
GSEW.US,5,20211111,160000,71.8612,71.8612,71.8612,71.8612,126,0
GSEW.US,5,20211111,160500,71.8645,71.8645,71.83,71.8427,616,0
GSEW.US,5,20211111,162500,71.82,71.82,71.78,71.78,893,0
GSEW.US,5,20211111,164000,71.79,71.79,71.79,71.79,100,0
GSEW.US,5,20211111,170000,71.825,71.825,71.825,71.825,124,0
GSEW.US,5,20211111,175000,71.84,71.84,71.84,71.84,449,0
GSEW.US,5,20211111,175500,71.8,71.8,71.8,71.8,140,0
GSEW.US,5,20211111,181000,71.79,71.79,71.79,71.79,130,0
GSEW.US,5,20211111,185000,71.85,71.86,71.842,71.842,5700,0
GSEW.US,5,20211111,190000,71.82,71.82,71.82,71.82,400,0
GSEW.US,5,20211111,190500,71.805,71.805,71.805,71.805,200,0
GSEW.US,5,20211111,194000,71.89,71.89,71.8825,71.8825,556,0
GSEW.US,5,20211111,194500,71.8966,71.8966,71.8966,71.8966,635,0
GSEW.US,5,20211111,195500,71.89,71.89,71.89,71.89,209,0
GSEW.US,5,20211111,200000,71.8845,71.8845,71.8845,71.8845,300,0
GSEW.US,5,20211111,202000,71.8745,71.9077,71.8745,71.9077,1599,0
GSEW.US,5,20211111,205000,71.86,71.86,71.86,71.86,100,0
GSEW.US,5,20211111,210000,71.8768,71.8768,71.86,71.86,412,0
GSEW.US,5,20211111,210500,71.86,71.8682,71.86,71.8682,1510,0
GSEW.US,5,20211111,211000,71.86,71.86,71.86,71.86,200,0
GSEW.US,5,20211111,211500,71.86,71.86,71.86,71.86,140,0
GSEW.US,5,20211111,212000,71.86,71.8684,71.86,71.8684,847,0
GSEW.US,5,20211111,212500,71.87,71.87,71.8663,71.8663,240,0
GSEW.US,5,20211111,213000,71.8672,71.87,71.86,71.86,1399,0
GSEW.US,5,20211111,213500,71.86,71.86,71.86,71.86,1150,0
GSEW.US,5,20211111,214000,71.863,71.875,71.863,71.875,1307,0
GSEW.US,5,20211111,214500,71.8721,71.8721,71.86,71.86,215,0
GSEW.US,5,20211111,215000,71.87,71.87,71.82,71.82,8314,0
GSEW.US,5,20211111,215500,71.79,71.84,71.79,71.84,3377,0
