<TICKER>,<PER>,<DATE>,<TIME>,<OPEN>,<HIGH>,<LOW>,<CLOSE>,<VOL>,<OPENINT>
IMOM.US,5,20210922,193500,37.33,37.33,37.28,37.28,1070,0
IMOM.US,5,20210922,194000,37.3113,37.39,37.3113,37.39,310,0
IMOM.US,5,20210922,194500,37.28,37.2801,37.28,37.2801,544,0
IMOM.US,5,20210922,200500,37.4464,37.4464,37.4464,37.4464,172,0
IMOM.US,5,20210922,211500,37.26,37.26,37.251,37.26,484,0
IMOM.US,5,20210923,160500,37.89,37.93,37.89,37.93,1155,0
IMOM.US,5,20210923,170500,37.905,37.905,37.905,37.905,800,0
IMOM.US,5,20210923,214500,37.865,37.865,37.865,37.865,840,0
IMOM.US,5,20210923,215500,37.855,37.855,37.82,37.82,400,0
IMOM.US,5,20210924,153000,37.38,37.38,37.38,37.38,300,0
IMOM.US,5,20210924,163500,37.26,37.26,37.26,37.26,125,0
IMOM.US,5,20210924,192000,37.33,37.33,37.33,37.33,225,0
IMOM.US,5,20210924,215500,37.25,37.25,37.25,37.25,200,0
IMOM.US,5,20210927,153000,36.11,37.08,36.11,36.47,756,0
IMOM.US,5,20210927,155500,36.37,36.37,36.37,36.37,200,0
IMOM.US,5,20210927,160500,36.36,36.36,36.36,36.36,100,0
IMOM.US,5,20210927,161500,36.36,36.36,36.36,36.36,122,0
IMOM.US,5,20210927,162000,36.45,36.45,36.45,36.45,324,0
IMOM.US,5,20210927,162500,36.4,36.4,36.4,36.4,239,0
IMOM.US,5,20210927,163500,36.45,36.45,36.45,36.45,268,0
IMOM.US,5,20210927,170000,36.4,36.4,36.4,36.4,100,0
IMOM.US,5,20210927,171000,36.4,36.4,36.4,36.4,100,0
IMOM.US,5,20210927,201000,36.43,36.43,36.43,36.43,100,0
IMOM.US,5,20210927,202000,36.44,36.44,36.44,36.44,100,0
IMOM.US,5,20210927,203500,36.44,36.44,36.41,36.41,400,0
IMOM.US,5,20210927,205500,36.42,36.42,36.42,36.42,100,0
IMOM.US,5,20210927,212000,36.54,36.54,36.54,36.54,466,0
IMOM.US,5,20210927,213000,36.5,36.52,36.5,36.51,3350,0
IMOM.US,5,20210927,215000,36.39,36.51,36.39,36.401,1202,0
IMOM.US,5,20210927,215500,36.37,36.37,36.37,36.37,300,0
IMOM.US,5,20210928,153000,34.92,35.05,34.92,35.05,709,0
IMOM.US,5,20210928,173500,34.6801,34.6801,34.6801,34.6801,207,0
IMOM.US,5,20210928,185500,34.68,34.68,34.68,34.68,200,0
IMOM.US,5,20210928,190000,34.7099,34.7099,34.7099,34.7099,210,0
IMOM.US,5,20210928,195500,34.6501,34.66,34.6501,34.66,8001,0
IMOM.US,5,20210928,200000,34.6725,34.6725,34.6725,34.6725,1000,0
IMOM.US,5,20210928,200500,34.73,34.73,34.695,34.695,787,0
IMOM.US,5,20210928,201000,34.69,34.7,34.69,34.7,376,0
IMOM.US,5,20210928,215500,34.69,34.69,34.69,34.69,300,0
IMOM.US,5,20210929,153000,34.65,34.82,34.65,34.82,346,0
IMOM.US,5,20210929,153500,34.77,34.77,34.77,34.77,300,0
IMOM.US,5,20210929,155500,34.73,34.73,34.6843,34.6843,710,0
IMOM.US,5,20210929,163000,34.619,34.619,34.619,34.619,350,0
IMOM.US,5,20210929,192500,34.4001,34.4001,34.4001,34.4001,424,0
IMOM.US,5,20210929,194000,34.37,34.37,34.3601,34.3601,625,0
IMOM.US,5,20210929,204500,34.59,34.595,34.59,34.595,698,0
IMOM.US,5,20210929,211000,34.58,34.58,34.58,34.58,100,0
IMOM.US,5,20210930,172500,34.36,34.38,34.36,34.37,1548,0
IMOM.US,5,20210930,181000,34.21,34.21,34.19,34.19,200,0
IMOM.US,5,20210930,182000,34.17,34.17,34.17,34.17,300,0
IMOM.US,5,20210930,192500,34.0799,34.0799,33.97,33.97,1390,0
IMOM.US,5,20210930,213500,34.0601,34.0601,34.0601,34.0601,184,0
IMOM.US,5,20210930,214000,34.15,34.15,34.15,34.15,200,0
IMOM.US,5,20210930,214500,34.09,34.18,34.09,34.17,3636,0
IMOM.US,5,20211001,155500,34.03,34.033,34.03,34.033,536,0
IMOM.US,5,20211001,170000,34.015,34.015,34.015,34.015,176,0
IMOM.US,5,20211001,174500,34.095,34.095,34.095,34.095,441,0
IMOM.US,5,20211001,180000,34.0419,34.0419,34.0419,34.0419,235,0
IMOM.US,5,20211001,182000,34.065,34.065,34.065,34.065,469,0
IMOM.US,5,20211001,184500,34.09,34.09,34.09,34.09,383,0
IMOM.US,5,20211001,191000,34.1,34.1,34.1,34.1,100,0
IMOM.US,5,20211001,200000,34.17,34.17,34.17,34.17,100,0
IMOM.US,5,20211001,202500,34.24,34.24,34.24,34.24,300,0
IMOM.US,5,20211001,203000,34.19,34.19,34.19,34.19,100,0
IMOM.US,5,20211001,215000,34.23,34.23,34.23,34.23,100,0
IMOM.US,5,20211001,215500,34.22,34.22,34.17,34.17,538,0
IMOM.US,5,20211004,153000,33.46,33.46,33.46,33.46,1400,0
IMOM.US,5,20211004,180500,33.16,33.17,33.16,33.17,504,0
IMOM.US,5,20211004,183000,33.13,33.13,33.13,33.13,161,0
IMOM.US,5,20211004,194500,33.11,33.11,33.11,33.11,630,0
IMOM.US,5,20211004,200000,33.21,33.21,33.175,33.175,660,0
IMOM.US,5,20211004,211000,33.1768,33.1768,33.1768,33.1768,811,0
IMOM.US,5,20211004,215500,33.19,33.19,33.19,33.19,101,0
IMOM.US,5,20211005,160000,33.4795,33.4795,33.4795,33.4795,145,0
IMOM.US,5,20211005,161000,33.65,33.65,33.65,33.65,477,0
IMOM.US,5,20211005,161500,33.67,33.675,33.67,33.675,371,0
IMOM.US,5,20211005,203000,33.8,33.8,33.8,33.8,300,0
IMOM.US,5,20211005,214500,33.73,33.73,33.73,33.73,300,0
IMOM.US,5,20211006,153000,32.82,32.82,32.82,32.82,132,0
IMOM.US,5,20211006,153500,32.831,32.831,32.831,32.831,200,0
IMOM.US,5,20211006,161500,32.68,32.68,32.68,32.68,300,0
IMOM.US,5,20211006,162500,32.88,32.88,32.88,32.88,214,0
IMOM.US,5,20211006,165000,32.91,32.91,32.8698,32.8698,1924,0
IMOM.US,5,20211006,173500,32.82,32.82,32.8199,32.8199,2758,0
IMOM.US,5,20211006,205500,32.991,32.991,32.991,32.991,362,0
IMOM.US,5,20211006,215500,33.085,33.1389,33.085,33.09,1039,0
IMOM.US,5,20211007,153500,33.56,33.56,33.56,33.56,107,0
IMOM.US,5,20211007,171500,33.66,33.66,33.66,33.66,300,0
IMOM.US,5,20211007,213500,33.57,33.57,33.57,33.57,653,0
IMOM.US,5,20211007,214000,33.63,33.63,33.63,33.63,640,0
IMOM.US,5,20211008,162500,33.35,33.35,33.35,33.35,300,0
IMOM.US,5,20211008,193500,33.235,33.235,33.235,33.235,329,0
IMOM.US,5,20211008,214000,33.245,33.245,33.245,33.245,179,0
IMOM.US,5,20211008,215500,33.2265,33.2265,33.2265,33.2265,506,0
IMOM.US,5,20211011,214500,33.1299,33.1299,33.1299,33.1299,155,0
IMOM.US,5,20211012,155500,33.33,33.33,33.33,33.33,198,0
IMOM.US,5,20211012,162000,33.29,33.29,33.29,33.29,202,0
IMOM.US,5,20211012,163000,33.35,33.35,33.34,33.34,267,0
IMOM.US,5,20211012,165500,33.27,33.27,33.27,33.27,325,0
IMOM.US,5,20211012,173000,33.36,33.36,33.36,33.36,129,0
IMOM.US,5,20211012,173500,33.3242,33.3242,33.3242,33.3242,310,0
IMOM.US,5,20211012,210000,33.36,33.36,33.36,33.36,100,0
IMOM.US,5,20211012,211000,33.35,33.35,33.35,33.35,100,0
IMOM.US,5,20211012,211500,33.36,33.36,33.36,33.36,200,0
IMOM.US,5,20211012,212000,33.35,33.35,33.35,33.35,200,0
IMOM.US,5,20211013,175000,33.68,33.68,33.68,33.68,200,0
IMOM.US,5,20211013,180500,33.665,33.665,33.665,33.665,125,0
IMOM.US,5,20211013,195000,33.695,33.695,33.695,33.695,200,0
IMOM.US,5,20211013,200000,33.7,33.7,33.7,33.7,100,0
IMOM.US,5,20211013,214000,33.79,33.79,33.79,33.79,100,0
IMOM.US,5,20211014,161500,34.14,34.14,34.14,34.14,200,0
IMOM.US,5,20211014,162500,34.115,34.115,34.115,34.115,427,0
IMOM.US,5,20211014,180000,34.11,34.11,34.11,34.11,113,0
IMOM.US,5,20211014,200000,34.19,34.19,34.19,34.19,496,0
IMOM.US,5,20211014,213000,34.12,34.12,34.12,34.12,132,0
IMOM.US,5,20211015,161500,34.66,34.66,34.66,34.66,200,0
IMOM.US,5,20211015,172000,34.72,34.73,34.72,34.725,871,0
IMOM.US,5,20211015,174500,34.69,34.69,34.69,34.69,300,0
IMOM.US,5,20211015,180500,34.71,34.7199,34.645,34.645,1095,0
IMOM.US,5,20211015,184500,34.72,34.73,34.72,34.72,942,0
IMOM.US,5,20211015,200000,34.71,34.71,34.6972,34.6972,2204,0
IMOM.US,5,20211015,215000,34.685,34.685,34.685,34.685,592,0
IMOM.US,5,20211018,153000,34.43,34.43,34.43,34.43,384,0
IMOM.US,5,20211018,155000,34.509,34.509,34.4907,34.4907,320,0
IMOM.US,5,20211018,165500,34.54,34.54,34.54,34.54,192,0
IMOM.US,5,20211018,171000,34.53,34.54,34.53,34.54,1346,0
IMOM.US,5,20211018,193000,34.6,34.6,34.5907,34.5907,526,0
IMOM.US,5,20211018,203000,34.58,34.58,34.525,34.525,410,0
IMOM.US,5,20211019,160000,35.14,35.14,35.14,35.14,100,0
IMOM.US,5,20211019,165500,35.19,35.19,35.14,35.14,430,0
IMOM.US,5,20211019,185000,35.16,35.16,35.16,35.16,100,0
IMOM.US,5,20211019,200000,35.23,35.23,35.18,35.18,348,0
IMOM.US,5,20211019,205000,35.1513,35.1513,35.1513,35.1513,141,0
IMOM.US,5,20211019,213000,35.15,35.15,35.15,35.15,153,0
IMOM.US,5,20211020,153500,35.005,35.095,35.005,35.095,3375,0
IMOM.US,5,20211020,155000,34.82,34.82,34.82,34.82,300,0
IMOM.US,5,20211020,172000,35.09,35.09,35.09,35.09,800,0
IMOM.US,5,20211020,180000,35.08,35.09,35.065,35.065,1400,0
IMOM.US,5,20211020,213500,35.13,35.13,35.13,35.13,1000,0
IMOM.US,5,20211020,214000,35.12,35.16,35.12,35.12,1700,0
IMOM.US,5,20211020,214500,35.12,35.12,35.12,35.12,1202,0
IMOM.US,5,20211021,153000,34.86,34.86,34.86,34.86,4034,0
IMOM.US,5,20211021,160000,34.85,34.85,34.85,34.85,100,0
IMOM.US,5,20211021,191000,34.77,34.77,34.77,34.77,148,0
IMOM.US,5,20211021,193000,34.79,34.79,34.79,34.79,133,0
IMOM.US,5,20211021,215000,34.82,34.82,34.7669,34.81,1287,0
IMOM.US,5,20211022,171500,35.02,35.02,35.02,35.02,123,0
IMOM.US,5,20211022,173500,34.95,34.95,34.95,34.95,100,0
IMOM.US,5,20211022,195000,34.93,34.93,34.93,34.93,200,0
IMOM.US,5,20211022,204000,34.995,34.995,34.995,34.995,187,0
IMOM.US,5,20211025,153000,35.07,35.07,35.07,35.07,171,0
IMOM.US,5,20211025,155000,34.9988,34.9988,34.9988,34.9988,210,0
IMOM.US,5,20211025,174000,35.16,35.16,35.16,35.16,704,0
IMOM.US,5,20211025,182000,35.18,35.18,35.18,35.18,654,0
IMOM.US,5,20211025,182500,35.18,35.18,35.18,35.18,666,0
IMOM.US,5,20211025,212500,35.15,35.1699,35.15,35.1699,320,0
IMOM.US,5,20211025,214000,35.16,35.16,35.125,35.125,1000,0
IMOM.US,5,20211025,215500,35.125,35.125,35.125,35.125,500,0
IMOM.US,5,20211026,172000,35.39,35.39,35.39,35.39,100,0
IMOM.US,5,20211026,172500,35.4,35.4,35.4,35.4,1327,0
IMOM.US,5,20211026,173000,35.36,35.365,35.36,35.365,200,0
IMOM.US,5,20211026,173500,35.36,35.36,35.35,35.35,358,0
IMOM.US,5,20211026,190500,35.18,35.18,35.1701,35.1701,1681,0
IMOM.US,5,20211026,200000,35.25,35.25,35.25,35.25,354,0
IMOM.US,5,20211026,204500,35.2822,35.2822,35.2822,35.2822,350,0
IMOM.US,5,20211026,212000,35.32,35.32,35.32,35.32,125,0
IMOM.US,5,20211026,213500,35.275,35.275,35.275,35.275,500,0
IMOM.US,5,20211027,153000,35.26,35.26,35.26,35.26,155,0
IMOM.US,5,20211027,155000,35.18,35.18,35.18,35.18,154,0
IMOM.US,5,20211027,175500,35.199,35.199,35.199,35.199,216,0
IMOM.US,5,20211027,182000,35.1589,35.249,35.1589,35.249,676,0
IMOM.US,5,20211027,212000,35.18,35.18,35.14,35.14,1000,0
IMOM.US,5,20211027,212500,35.19,35.19,35.1899,35.1899,736,0
IMOM.US,5,20211027,215500,35.1,35.11,35.1,35.105,949,0
IMOM.US,5,20211028,153000,35.1,35.1,35.1,35.1,243,0
IMOM.US,5,20211028,155500,35.07,35.07,35.07,35.07,200,0
IMOM.US,5,20211028,172500,35.36,35.36,35.35,35.36,1000,0
IMOM.US,5,20211028,173000,35.35,35.35,35.35,35.35,100,0
IMOM.US,5,20211028,185500,35.255,35.255,35.255,35.255,380,0
IMOM.US,5,20211028,211500,35.3399,35.3399,35.3399,35.3399,149,0
IMOM.US,5,20211028,214000,35.28,35.28,35.256,35.256,727,0
IMOM.US,5,20211028,215500,35.37,35.37,35.32,35.32,300,0
IMOM.US,5,20211029,153000,35.14,35.14,35.14,35.14,200,0
IMOM.US,5,20211029,181500,35.099,35.099,35.099,35.099,313,0
IMOM.US,5,20211029,182500,35.13,35.13,35.13,35.13,152,0
IMOM.US,5,20211029,203500,35.07,35.07,35.07,35.07,100,0
IMOM.US,5,20211101,143000,35.47,35.47,35.47,35.47,1420,0
IMOM.US,5,20211101,145000,35.4,35.4,35.4,35.4,120,0
IMOM.US,5,20211101,161500,35.36,35.36,35.36,35.36,308,0
IMOM.US,5,20211101,163500,35.3841,35.3841,35.3841,35.3841,220,0
IMOM.US,5,20211101,164000,35.459,35.459,35.459,35.459,224,0
IMOM.US,5,20211101,170000,35.459,35.46,35.459,35.46,284,0
IMOM.US,5,20211101,173500,35.445,35.48,35.445,35.48,200,0
IMOM.US,5,20211101,183000,35.46,35.46,35.46,35.46,291,0
IMOM.US,5,20211101,183500,35.48,35.48,35.47,35.48,763,0
IMOM.US,5,20211101,200500,35.4988,35.4988,35.48,35.48,439,0
IMOM.US,5,20211101,204500,35.51,35.51,35.51,35.51,225,0
IMOM.US,5,20211102,153500,35.27,35.27,35.27,35.27,400,0
IMOM.US,5,20211102,154500,35.28,35.28,35.28,35.28,200,0
IMOM.US,5,20211102,165500,35.27,35.27,35.27,35.27,218,0
IMOM.US,5,20211102,203500,35.205,35.205,35.205,35.205,200,0
IMOM.US,5,20211102,204000,35.23,35.23,35.23,35.23,232,0
IMOM.US,5,20211103,151500,35.2199,35.2199,35.2199,35.2199,152,0
IMOM.US,5,20211103,193000,35.34,35.349,35.34,35.349,242,0
IMOM.US,5,20211103,195500,35.515,35.515,35.515,35.515,241,0
IMOM.US,5,20211103,202500,35.485,35.485,35.485,35.485,800,0
IMOM.US,5,20211104,143000,35.4,35.4,35.4,35.4,200,0
IMOM.US,5,20211104,145000,35.33,35.33,35.33,35.33,133,0
IMOM.US,5,20211104,154500,35.3345,35.3345,35.3345,35.3345,159,0
IMOM.US,5,20211104,165000,35.34,35.34,35.34,35.34,100,0
IMOM.US,5,20211104,172000,35.4,35.4,35.4,35.4,524,0
IMOM.US,5,20211104,184500,35.41,35.45,35.41,35.45,524,0
IMOM.US,5,20211104,192000,35.45,35.45,35.45,35.45,797,0
IMOM.US,5,20211104,201000,35.43,35.43,35.43,35.43,1700,0
IMOM.US,5,20211105,143000,35.46,35.46,35.46,35.46,200,0
IMOM.US,5,20211105,151000,35.33,35.33,35.33,35.33,300,0
IMOM.US,5,20211105,152500,35.34,35.34,35.34,35.34,673,0
IMOM.US,5,20211105,183500,35.26,35.26,35.26,35.26,1117,0
IMOM.US,5,20211105,195500,35.2521,35.2521,35.2521,35.2521,355,0
IMOM.US,5,20211108,175500,35.6401,35.6401,35.6401,35.6401,410,0
IMOM.US,5,20211108,200500,35.69,35.69,35.66,35.66,210,0
IMOM.US,5,20211108,203500,35.66,35.66,35.66,35.66,1515,0
IMOM.US,5,20211108,212500,35.7,35.7,35.7,35.7,1000,0
IMOM.US,5,20211109,165000,35.66,35.66,35.66,35.66,122,0
IMOM.US,5,20211109,170000,35.67,35.67,35.67,35.67,134,0
IMOM.US,5,20211109,200000,35.605,35.605,35.605,35.605,300,0
IMOM.US,5,20211109,202000,35.6,35.6,35.6,35.6,346,0
IMOM.US,5,20211109,204000,35.6,35.6,35.6,35.6,127,0
IMOM.US,5,20211109,212500,35.66,35.66,35.66,35.66,128,0
IMOM.US,5,20211109,213000,35.67,35.67,35.67,35.67,200,0
IMOM.US,5,20211109,213500,35.67,35.67,35.67,35.67,150,0
IMOM.US,5,20211109,215500,35.71,35.71,35.71,35.71,285,0
IMOM.US,5,20211110,153000,35.13,35.13,35.13,35.13,200,0
IMOM.US,5,20211110,153500,35.07,35.07,35.07,35.07,137,0
IMOM.US,5,20211110,161000,35.16,35.16,35.16,35.16,400,0
IMOM.US,5,20211110,173000,35.12,35.12,35.12,35.12,526,0
IMOM.US,5,20211110,173500,35.12,35.12,35.12,35.12,600,0
IMOM.US,5,20211110,182000,35.05,35.05,35.02,35.02,534,0
IMOM.US,5,20211110,183000,34.971,35.0699,34.971,35.0699,1140,0
IMOM.US,5,20211111,183500,35.29,35.29,35.29,35.29,100,0
IMOM.US,5,20211111,190500,35.28,35.28,35.28,35.28,100,0
IMOM.US,5,20211111,205000,35.27,35.27,35.27,35.27,100,0
IMOM.US,5,20211111,210000,35.223,35.223,35.223,35.223,569,0
IMOM.US,5,20211111,212000,35.29,35.29,35.2065,35.2065,837,0
IMOM.US,5,20211111,213500,35.28,35.2889,35.235,35.235,1280,0
IMOM.US,5,20211111,215000,35.3,35.3,35.3,35.3,735,0
