<TICKER>,<PER>,<DATE>,<TIME>,<OPEN>,<HIGH>,<LOW>,<CLOSE>,<VOL>,<OPENINT>
ISCG.US,5,20210922,153000,50,50,50,50,986,0
ISCG.US,5,20210922,154000,50.18,50.18,50.18,50.18,100,0
ISCG.US,5,20210922,155000,50.21,50.21,50.21,50.21,100,0
ISCG.US,5,20210922,160000,50.18,50.215,50.18,50.21,1000,0
ISCG.US,5,20210922,164500,50.289,50.405,50.289,50.4,920,0
ISCG.US,5,20210922,165500,50.4199,50.4199,50.31,50.39,4648,0
ISCG.US,5,20210922,171000,50.48,50.49,50.48,50.49,200,0
ISCG.US,5,20210922,171500,50.53,50.53,50.44,50.44,815,0
ISCG.US,5,20210922,172000,50.5289,50.5289,50.5289,50.5289,295,0
ISCG.US,5,20210922,172500,50.57,50.57,50.54,50.54,324,0
ISCG.US,5,20210922,173000,50.5965,50.5965,50.5965,50.5965,700,0
ISCG.US,5,20210922,174500,50.629,50.629,50.629,50.629,189,0
ISCG.US,5,20210922,175500,50.575,50.575,50.575,50.575,1272,0
ISCG.US,5,20210922,180000,50.5798,50.5798,50.5798,50.5798,360,0
ISCG.US,5,20210922,185500,50.4808,50.525,50.4808,50.525,784,0
ISCG.US,5,20210922,190000,50.535,50.535,50.535,50.535,693,0
ISCG.US,5,20210922,192500,50.4801,50.4801,50.4801,50.4801,365,0
ISCG.US,5,20210922,193000,50.529,50.529,50.4634,50.4634,646,0
ISCG.US,5,20210922,194000,50.4953,50.4953,50.4953,50.4953,138,0
ISCG.US,5,20210922,194500,50.5107,50.5107,50.5024,50.5024,1628,0
ISCG.US,5,20210922,195000,50.4856,50.4856,50.4856,50.4856,180,0
ISCG.US,5,20210922,195500,50.4959,50.51,50.45,50.51,7850,0
ISCG.US,5,20210922,202000,50.73,50.73,50.715,50.715,400,0
ISCG.US,5,20210922,203000,50.7401,50.83,50.7401,50.83,826,0
ISCG.US,5,20210922,204000,50.6456,50.6456,50.615,50.615,1599,0
ISCG.US,5,20210922,205000,50.5,50.5,50.5,50.5,500,0
ISCG.US,5,20210922,210000,50.58,50.58,50.51,50.51,1410,0
ISCG.US,5,20210922,210500,50.51,50.55,50.51,50.5156,532,0
ISCG.US,5,20210922,211000,50.645,50.645,50.645,50.645,468,0
ISCG.US,5,20210922,213000,50.69,50.69,50.69,50.69,100,0
ISCG.US,5,20210922,213500,50.75,50.75,50.75,50.75,200,0
ISCG.US,5,20210922,214000,50.75,50.75,50.66,50.66,537,0
ISCG.US,5,20210922,215500,50.53,50.57,50.52,50.57,700,0
ISCG.US,5,20210923,153000,50.74,50.74,50.71,50.71,787,0
ISCG.US,5,20210923,153500,50.7025,50.7025,50.7025,50.7025,720,0
ISCG.US,5,20210923,154500,50.91,50.91,50.91,50.91,200,0
ISCG.US,5,20210923,155000,50.9,50.9,50.9,50.9,100,0
ISCG.US,5,20210923,155500,50.95,51,50.95,51,350,0
ISCG.US,5,20210923,161000,50.9087,50.9087,50.9087,50.9087,100,0
ISCG.US,5,20210923,163000,50.98,51.039,50.98,51.03,1180,0
ISCG.US,5,20210923,163500,50.96,50.96,50.96,50.96,100,0
ISCG.US,5,20210923,164500,50.97,50.97,50.97,50.97,192,0
ISCG.US,5,20210923,171500,51.01,51.107,51.01,51.0875,5111,0
ISCG.US,5,20210923,172000,51.0493,51.0493,51.0493,51.0493,852,0
ISCG.US,5,20210923,172500,51.08,51.08,51.08,51.08,100,0
ISCG.US,5,20210923,173500,51.07,51.07,51.07,51.07,100,0
ISCG.US,5,20210923,174000,51.07,51.07,51.07,51.07,100,0
ISCG.US,5,20210923,174500,51.0672,51.0672,51.0672,51.0672,491,0
ISCG.US,5,20210923,180500,51.1333,51.1333,51.1333,51.1333,127,0
ISCG.US,5,20210923,182500,51.1,51.11,51.1,51.1,1200,0
ISCG.US,5,20210923,183500,51.1499,51.1499,51.1499,51.1499,100,0
ISCG.US,5,20210923,190000,51.1947,51.1947,51.1947,51.1947,294,0
ISCG.US,5,20210923,201000,51.3293,51.3293,51.3293,51.3293,1401,0
ISCG.US,5,20210923,202000,51.38,51.38,51.36,51.38,1700,0
ISCG.US,5,20210923,205000,51.3892,51.3892,51.3892,51.3892,485,0
ISCG.US,5,20210923,205500,51.36,51.36,51.36,51.36,150,0
ISCG.US,5,20210923,210000,51.42,51.42,51.33,51.33,1952,0
ISCG.US,5,20210923,210500,51.34,51.34,51.34,51.34,200,0
ISCG.US,5,20210923,212500,51.3541,51.3599,51.3541,51.3599,331,0
ISCG.US,5,20210923,213500,51.36,51.4199,51.36,51.4199,225,0
ISCG.US,5,20210923,214500,51.3991,51.3991,51.3991,51.3991,390,0
ISCG.US,5,20210923,215000,51.3774,51.3774,51.3774,51.3774,405,0
ISCG.US,5,20210923,215500,51.3,51.33,51.28,51.31,719,0
ISCG.US,5,20210924,154500,50.8383,50.8383,50.8383,50.8383,150,0
ISCG.US,5,20210924,163500,51.02,51.02,51.02,51.02,400,0
ISCG.US,5,20210924,172000,50.9702,50.9702,50.9702,50.9702,187,0
ISCG.US,5,20210924,173000,50.97,50.97,50.97,50.97,400,0
ISCG.US,5,20210924,173500,51.01,51.01,50.9904,50.9904,2884,0
ISCG.US,5,20210924,175500,51.1099,51.1099,51.1099,51.1099,141,0
ISCG.US,5,20210924,180500,51.08,51.08,51.08,51.08,183,0
ISCG.US,5,20210924,181000,51.0707,51.0707,51.0707,51.0707,197,0
ISCG.US,5,20210924,182000,51.127,51.127,51.127,51.127,354,0
ISCG.US,5,20210924,185000,51.075,51.075,51.075,51.075,468,0
ISCG.US,5,20210924,190000,51.085,51.085,51.085,51.085,180,0
ISCG.US,5,20210924,191000,51.09,51.09,51.0679,51.0679,546,0
ISCG.US,5,20210924,193500,50.97,50.97,50.97,50.97,750,0
ISCG.US,5,20210924,194000,50.9665,50.9665,50.9665,50.9665,156,0
ISCG.US,5,20210924,194500,50.9693,50.9693,50.9693,50.9693,101,0
ISCG.US,5,20210924,195000,50.935,50.935,50.935,50.935,300,0
ISCG.US,5,20210924,200000,50.9208,50.9208,50.9208,50.9208,299,0
ISCG.US,5,20210924,201500,50.8899,50.8899,50.8899,50.8899,257,0
ISCG.US,5,20210924,203000,50.9965,50.9965,50.9965,50.9965,200,0
ISCG.US,5,20210924,203500,50.97,50.97,50.97,50.97,518,0
ISCG.US,5,20210924,204500,50.97,50.97,50.97,50.97,100,0
ISCG.US,5,20210924,205000,50.9599,50.9599,50.9599,50.9599,1026,0
ISCG.US,5,20210924,210000,51.01,51.01,51.01,51.01,194,0
ISCG.US,5,20210924,211500,50.915,50.915,50.915,50.915,135,0
ISCG.US,5,20210924,213500,50.94,50.96,50.94,50.96,300,0
ISCG.US,5,20210924,214000,51.01,51.01,51.01,51.01,2000,0
ISCG.US,5,20210924,214500,51.04,51.05,51.02,51.05,900,0
ISCG.US,5,20210924,215000,51.04,51.04,51.03,51.04,1300,0
ISCG.US,5,20210924,215500,50.93,50.93,50.92,50.92,1158,0
ISCG.US,5,20210927,153000,50.84,50.84,50.84,50.84,757,0
ISCG.US,5,20210927,154500,50.96,50.96,50.925,50.925,263,0
ISCG.US,5,20210927,155500,51.025,51.025,51.025,51.025,181,0
ISCG.US,5,20210927,160000,50.96,50.99,50.96,50.99,300,0
ISCG.US,5,20210927,160500,51.06,51.06,51.06,51.06,100,0
ISCG.US,5,20210927,163000,51.2,51.3246,51.2,51.3246,1252,0
ISCG.US,5,20210927,165000,51.37,51.37,51.37,51.37,100,0
ISCG.US,5,20210927,170500,51.2972,51.2972,51.2972,51.2972,273,0
ISCG.US,5,20210927,173500,51.33,51.34,51.33,51.34,200,0
ISCG.US,5,20210927,174500,51.28,51.28,51.28,51.28,100,0
ISCG.US,5,20210927,175000,51.3,51.3,51.3,51.3,619,0
ISCG.US,5,20210927,180500,51.3137,51.3137,51.3137,51.3137,340,0
ISCG.US,5,20210927,182000,51.22,51.22,51.22,51.22,150,0
ISCG.US,5,20210927,184000,51.3299,51.3299,51.3299,51.3299,125,0
ISCG.US,5,20210927,184500,51.3147,51.3147,51.3147,51.3147,278,0
ISCG.US,5,20210927,185000,51.157,51.157,51.157,51.157,183,0
ISCG.US,5,20210927,190000,51.18,51.18,51.18,51.18,100,0
ISCG.US,5,20210927,193000,51.2299,51.2299,51.2299,51.2299,228,0
ISCG.US,5,20210927,195500,51.1921,51.1921,51.1921,51.1921,1086,0
ISCG.US,5,20210927,200000,51.2985,51.2985,51.2985,51.2985,420,0
ISCG.US,5,20210927,202000,51.3666,51.3666,51.3666,51.3666,150,0
ISCG.US,5,20210927,202500,51.41,51.41,51.41,51.41,247,0
ISCG.US,5,20210927,204000,51.39,51.39,51.39,51.39,420,0
ISCG.US,5,20210927,205500,51.355,51.355,51.355,51.355,120,0
ISCG.US,5,20210927,210000,51.305,51.305,51.2675,51.2675,559,0
ISCG.US,5,20210927,211000,51.3124,51.3124,51.3124,51.3124,385,0
ISCG.US,5,20210927,211500,51.3069,51.3069,51.3,51.3,425,0
ISCG.US,5,20210927,212000,51.3076,51.3076,51.3076,51.3076,628,0
ISCG.US,5,20210927,212500,51.32,51.32,51.31,51.31,1100,0
ISCG.US,5,20210927,214000,51.3001,51.3001,51.3001,51.3001,140,0
ISCG.US,5,20210927,214500,51.28,51.28,51.28,51.28,100,0
ISCG.US,5,20210927,215000,51.21,51.21,51.21,51.21,200,0
ISCG.US,5,20210927,215500,51.2,51.21,51.2,51.21,1100,0
ISCG.US,5,20210928,153000,50.92,50.92,50.92,50.92,511,0
ISCG.US,5,20210928,155000,50.45,50.45,50.43,50.43,200,0
ISCG.US,5,20210928,155500,50.4184,50.4184,50.4184,50.4184,120,0
ISCG.US,5,20210928,161000,50.13,50.13,50.13,50.13,100,0
ISCG.US,5,20210928,162500,50.05,50.12,50.01,50.12,700,0
ISCG.US,5,20210928,163000,50.16,50.16,50.16,50.16,100,0
ISCG.US,5,20210928,163500,50.08,50.16,50.08,50.16,658,0
ISCG.US,5,20210928,164000,50.22,50.22,50.22,50.22,100,0
ISCG.US,5,20210928,164500,50.21,50.21,50.21,50.21,200,0
ISCG.US,5,20210928,165000,50.18,50.18,50.18,50.18,100,0
ISCG.US,5,20210928,165500,50.22,50.22,50.22,50.22,100,0
ISCG.US,5,20210928,170500,50.07,50.07,50.07,50.07,100,0
ISCG.US,5,20210928,171500,50,50,50,50,100,0
ISCG.US,5,20210928,173500,50.06,50.09,50.0475,50.0475,614,0
ISCG.US,5,20210928,174500,50.01,50.01,49.96,49.96,1591,0
ISCG.US,5,20210928,175000,50,50,50,50,200,0
ISCG.US,5,20210928,175500,50.06,50.06,50.06,50.06,100,0
ISCG.US,5,20210928,181000,50.13,50.13,50.13,50.13,200,0
ISCG.US,5,20210928,182500,50.16,50.16,50.16,50.16,100,0
ISCG.US,5,20210928,184000,50.05,50.05,49.9866,49.9866,202,0
ISCG.US,5,20210928,190000,49.97,49.97,49.92,49.92,298,0
ISCG.US,5,20210928,191000,49.983,49.983,49.945,49.945,227,0
ISCG.US,5,20210928,193000,50.15,50.15,50.15,50.15,100,0
ISCG.US,5,20210928,194500,50.03,50.0425,50.03,50.0425,876,0
ISCG.US,5,20210928,195000,50.1,50.1,50.1,50.1,100,0
ISCG.US,5,20210928,195500,49.9502,49.9502,49.9502,49.9502,1200,0
ISCG.US,5,20210928,200000,49.99,49.99,49.99,49.99,300,0
ISCG.US,5,20210928,200500,49.97,49.97,49.95,49.95,300,0
ISCG.US,5,20210928,201000,49.85,49.85,49.85,49.85,105,0
ISCG.US,5,20210928,203000,50.04,50.04,50,50,2608,0
ISCG.US,5,20210928,203500,49.95,49.95,49.95,49.95,100,0
ISCG.US,5,20210928,204500,50.1729,50.1729,50.1729,50.1729,266,0
ISCG.US,5,20210928,205000,50.17,50.17,50.16,50.16,232,0
ISCG.US,5,20210928,205500,50.21,50.21,50.21,50.21,100,0
ISCG.US,5,20210928,212000,50.0053,50.0053,50.0053,50.0053,319,0
ISCG.US,5,20210928,213000,49.9086,49.9086,49.9086,49.9086,399,0
ISCG.US,5,20210928,213500,49.88,49.92,49.88,49.92,384,0
ISCG.US,5,20210928,214500,49.83,49.85,49.79,49.79,2415,0
ISCG.US,5,20210928,215000,49.73,49.7639,49.73,49.735,672,0
ISCG.US,5,20210928,215500,49.7328,49.79,49.7328,49.79,669,0
ISCG.US,5,20210929,153000,49.97,49.97,49.97,49.97,210,0
ISCG.US,5,20210929,163000,49.8329,49.8329,49.8329,49.8329,100,0
ISCG.US,5,20210929,170500,49.9,49.9,49.89,49.89,700,0
ISCG.US,5,20210929,171500,49.89,49.89,49.89,49.89,100,0
ISCG.US,5,20210929,172000,49.84,49.84,49.84,49.84,100,0
ISCG.US,5,20210929,172500,49.84,49.84,49.84,49.84,200,0
ISCG.US,5,20210929,175000,49.6947,49.6947,49.6947,49.6947,192,0
ISCG.US,5,20210929,180500,49.73,49.73,49.73,49.73,100,0
ISCG.US,5,20210929,181000,49.73,49.73,49.73,49.73,400,0
ISCG.US,5,20210929,181500,49.65,49.65,49.65,49.65,300,0
ISCG.US,5,20210929,182000,49.58,49.58,49.58,49.58,400,0
ISCG.US,5,20210929,182500,49.55,49.5692,49.51,49.5692,540,0
ISCG.US,5,20210929,183000,49.55,49.55,49.55,49.55,300,0
ISCG.US,5,20210929,184000,49.56,49.56,49.56,49.56,200,0
ISCG.US,5,20210929,184500,49.46,49.46,49.46,49.46,100,0
ISCG.US,5,20210929,185500,49.57,49.57,49.57,49.57,200,0
ISCG.US,5,20210929,190000,49.55,49.55,49.55,49.55,360,0
ISCG.US,5,20210929,191500,49.58,49.64,49.57,49.64,1100,0
ISCG.US,5,20210929,192500,49.63,49.63,49.63,49.63,100,0
ISCG.US,5,20210929,193000,49.5722,49.5722,49.5722,49.5722,600,0
ISCG.US,5,20210929,194500,49.59,49.59,49.59,49.59,128,0
ISCG.US,5,20210929,195000,49.546,49.546,49.546,49.546,160,0
ISCG.US,5,20210929,195500,49.5767,49.5767,49.5767,49.5767,252,0
ISCG.US,5,20210929,200000,49.6464,49.6833,49.59,49.59,2550,0
ISCG.US,5,20210929,200500,49.645,49.72,49.645,49.72,580,0
ISCG.US,5,20210929,201000,49.78,49.8,49.78,49.8,300,0
ISCG.US,5,20210929,201500,49.8047,49.8047,49.8047,49.8047,1020,0
ISCG.US,5,20210929,202000,49.73,49.73,49.73,49.73,102,0
ISCG.US,5,20210929,203000,49.727,49.727,49.727,49.727,496,0
ISCG.US,5,20210929,203500,49.79,49.79,49.79,49.79,1062,0
ISCG.US,5,20210929,204000,49.7799,49.7799,49.7799,49.7799,205,0
ISCG.US,5,20210929,204500,49.84,49.84,49.84,49.84,720,0
ISCG.US,5,20210929,205000,49.7537,49.7913,49.7537,49.7913,1574,0
ISCG.US,5,20210929,210000,49.79,49.79,49.77,49.77,200,0
ISCG.US,5,20210929,210500,49.68,49.68,49.68,49.68,111,0
ISCG.US,5,20210929,211000,49.77,49.78,49.77,49.78,200,0
ISCG.US,5,20210929,213000,49.7053,49.7053,49.7053,49.7053,161,0
ISCG.US,5,20210929,213500,49.685,49.685,49.685,49.685,189,0
ISCG.US,5,20210929,214500,49.545,49.5667,49.545,49.5667,1686,0
ISCG.US,5,20210929,215000,49.54,49.54,49.54,49.54,102,0
ISCG.US,5,20210929,215500,49.53,49.55,49.52,49.52,413,0
ISCG.US,5,20210930,153000,49.91,49.91,49.91,49.91,410,0
ISCG.US,5,20210930,153500,49.76,49.865,49.76,49.79,824,0
ISCG.US,5,20210930,160000,49.825,49.825,49.825,49.825,100,0
ISCG.US,5,20210930,162500,49.66,49.66,49.66,49.66,700,0
ISCG.US,5,20210930,174500,49.55,49.56,49.46,49.46,5965,0
ISCG.US,5,20210930,183000,49.34,49.34,49.34,49.34,300,0
ISCG.US,5,20210930,185500,49.4148,49.4148,49.4148,49.4148,194,0
ISCG.US,5,20210930,190000,49.5136,49.5136,49.5136,49.5136,115,0
ISCG.US,5,20210930,190500,49.56,49.56,49.56,49.56,100,0
ISCG.US,5,20210930,191000,49.5991,49.5991,49.5991,49.5991,151,0
ISCG.US,5,20210930,192500,49.4519,49.4519,49.4519,49.4519,600,0
ISCG.US,5,20210930,193000,49.474,49.474,49.4544,49.4544,478,0
ISCG.US,5,20210930,195500,49.6,49.61,49.6,49.61,300,0
ISCG.US,5,20210930,201500,49.6,49.6,49.6,49.6,200,0
ISCG.US,5,20210930,202000,49.5895,49.5895,49.55,49.55,621,0
ISCG.US,5,20210930,202500,49.5603,49.5603,49.5603,49.5603,170,0
ISCG.US,5,20210930,203500,49.56,49.56,49.56,49.56,274,0
ISCG.US,5,20210930,205500,49.6055,49.6055,49.6055,49.6055,300,0
ISCG.US,5,20210930,211000,49.66,49.66,49.66,49.66,100,0
ISCG.US,5,20210930,211500,49.7058,49.7058,49.7058,49.7058,604,0
ISCG.US,5,20210930,212500,49.5979,49.5979,49.56,49.56,590,0
ISCG.US,5,20210930,214000,49.5214,49.5214,49.5214,49.5214,280,0
ISCG.US,5,20210930,214500,49.43,49.44,49.42,49.44,602,0
ISCG.US,5,20210930,215000,49.33,49.35,49.33,49.35,1133,0
ISCG.US,5,20210930,215500,49.2799,49.2799,49.23,49.24,1848,0
ISCG.US,5,20211001,153000,49.46,49.735,49.46,49.54,1617,0
ISCG.US,5,20211001,153500,49.3425,49.3425,49.3425,49.3425,100,0
ISCG.US,5,20211001,154500,49.23,49.23,49.23,49.23,200,0
ISCG.US,5,20211001,155500,49.052,49.21,49.052,49.21,518,0
ISCG.US,5,20211001,160000,49.1199,49.1199,49.1199,49.1199,660,0
ISCG.US,5,20211001,162000,48.915,48.915,48.915,48.915,612,0
ISCG.US,5,20211001,163500,48.96,48.96,48.96,48.96,266,0
ISCG.US,5,20211001,165000,49.0885,49.0885,49.0885,49.0885,109,0
ISCG.US,5,20211001,170500,49.07,49.07,49.06,49.06,200,0
ISCG.US,5,20211001,171000,49.1,49.22,49.1,49.22,300,0
ISCG.US,5,20211001,173000,49.4017,49.4017,49.4017,49.4017,307,0
ISCG.US,5,20211001,173500,49.5,49.5,49.5,49.5,295,0
ISCG.US,5,20211001,174500,49.54,49.54,49.54,49.54,424,0
ISCG.US,5,20211001,175500,49.5254,49.5254,49.5254,49.5254,1219,0
ISCG.US,5,20211001,181000,49.48,49.48,49.4756,49.4756,1412,0
ISCG.US,5,20211001,182000,49.4817,49.4817,49.4817,49.4817,458,0
ISCG.US,5,20211001,183000,49.5757,49.5757,49.5757,49.5757,484,0
ISCG.US,5,20211001,183500,49.4711,49.4711,49.4711,49.4711,261,0
ISCG.US,5,20211001,184000,49.51,49.51,49.51,49.51,900,0
ISCG.US,5,20211001,191500,49.665,49.665,49.665,49.665,144,0
ISCG.US,5,20211001,193500,49.815,49.815,49.815,49.815,108,0
ISCG.US,5,20211001,194500,49.82,49.83,49.82,49.83,546,0
ISCG.US,5,20211001,195000,49.845,49.8937,49.845,49.845,632,0
ISCG.US,5,20211001,195500,49.8374,49.8519,49.83,49.83,415,0
ISCG.US,5,20211001,200000,49.87,49.875,49.8347,49.845,2164,0
ISCG.US,5,20211001,200500,49.8952,49.92,49.8608,49.8653,1383,0
ISCG.US,5,20211001,201000,49.9183,49.9183,49.81,49.83,7162,0
ISCG.US,5,20211001,201500,49.905,49.9691,49.88,49.907,3450,0
ISCG.US,5,20211001,202000,49.9734,49.9834,49.9734,49.9834,309,0
ISCG.US,5,20211001,203000,50.04,50.04,50.005,50.04,619,0
ISCG.US,5,20211001,203500,50.05,50.05,50.05,50.05,480,0
ISCG.US,5,20211001,204000,50.1059,50.1059,50.005,50.005,913,0
ISCG.US,5,20211001,204500,50.0183,50.0189,50.0183,50.0189,1119,0
ISCG.US,5,20211001,205000,49.9871,49.9871,49.9871,49.9871,349,0
ISCG.US,5,20211001,211500,50.13,50.138,50.13,50.138,843,0
ISCG.US,5,20211001,212000,50.126,50.14,50.126,50.138,529,0
ISCG.US,5,20211001,212500,50.106,50.106,50.05,50.066,1016,0
ISCG.US,5,20211001,213000,49.985,50.0126,49.985,50.0126,618,0
ISCG.US,5,20211001,213500,50.0042,50.0042,49.97,49.97,274,0
ISCG.US,5,20211001,214000,49.9728,50,49.9728,50,1002,0
ISCG.US,5,20211001,215000,49.8875,49.9939,49.8875,49.9939,510,0
ISCG.US,5,20211001,215500,49.8601,49.92,49.84,49.92,7345,0
ISCG.US,5,20211004,153000,49.82,49.82,49.82,49.82,325,0
ISCG.US,5,20211004,163500,49.04,49.04,48.93,48.93,600,0
ISCG.US,5,20211004,165000,48.97,48.97,48.87,48.87,200,0
ISCG.US,5,20211004,170000,48.98,48.98,48.98,48.98,200,0
ISCG.US,5,20211004,170500,48.93,48.93,48.93,48.93,100,0
ISCG.US,5,20211004,171500,48.99,48.99,48.99,48.99,400,0
ISCG.US,5,20211004,172000,49.05,49.05,49.05,49.05,100,0
ISCG.US,5,20211004,173500,48.82,48.82,48.82,48.82,100,0
ISCG.US,5,20211004,175500,48.8548,48.955,48.8548,48.955,506,0
ISCG.US,5,20211004,182000,49.02,49.02,49.02,49.02,100,0
ISCG.US,5,20211004,183000,48.97,48.97,48.97,48.97,100,0
ISCG.US,5,20211004,183500,48.9549,48.9549,48.9549,48.9549,222,0
ISCG.US,5,20211004,185000,48.9,48.9,48.9,48.9,100,0
ISCG.US,5,20211004,185500,49.01,49.01,49.01,49.01,100,0
ISCG.US,5,20211004,191000,49.0208,49.0208,49.0208,49.0208,102,0
ISCG.US,5,20211004,192500,48.99,48.99,48.99,48.99,100,0
ISCG.US,5,20211004,193000,48.995,48.995,48.995,48.995,319,0
ISCG.US,5,20211004,193500,49,49,49,49,100,0
ISCG.US,5,20211004,195000,48.9589,48.9589,48.9589,48.9589,884,0
ISCG.US,5,20211004,195500,48.9941,48.9941,48.9941,48.9941,223,0
ISCG.US,5,20211004,201000,49.01,49.0187,49.01,49.0187,286,0
ISCG.US,5,20211004,204000,49.07,49.07,49.07,49.07,241,0
ISCG.US,5,20211004,205000,48.9876,48.9876,48.9876,48.9876,120,0
ISCG.US,5,20211004,211500,49.0374,49.0374,48.969,48.969,1738,0
ISCG.US,5,20211004,212500,48.96,48.96,48.96,48.96,100,0
ISCG.US,5,20211004,213000,48.9557,48.9557,48.9557,48.9557,200,0
ISCG.US,5,20211004,213500,48.97,48.97,48.97,48.97,205,0
ISCG.US,5,20211004,214000,49.05,49.05,49.045,49.045,200,0
ISCG.US,5,20211004,214500,49,49,49,49,204,0
ISCG.US,5,20211004,215000,48.89,48.89,48.89,48.89,486,0
ISCG.US,5,20211004,215500,49.03,49.03,49.03,49.03,278,0
ISCG.US,5,20211005,153500,49.186,49.186,49.186,49.186,400,0
ISCG.US,5,20211005,161000,49.5504,49.5504,49.5504,49.5504,203,0
ISCG.US,5,20211005,161500,49.54,49.54,49.54,49.54,300,0
ISCG.US,5,20211005,163500,49.5166,49.5166,49.5166,49.5166,377,0
ISCG.US,5,20211005,164500,49.61,49.61,49.61,49.61,362,0
ISCG.US,5,20211005,183500,49.2656,49.2656,49.2656,49.2656,500,0
ISCG.US,5,20211005,194000,49.3855,49.3855,49.3855,49.3855,504,0
ISCG.US,5,20211005,194500,49.395,49.395,49.395,49.395,382,0
ISCG.US,5,20211005,200500,49.3991,49.3991,49.3991,49.3991,171,0
ISCG.US,5,20211005,202000,49.43,49.4331,49.43,49.4331,298,0
ISCG.US,5,20211005,204000,49.415,49.415,49.415,49.415,300,0
ISCG.US,5,20211005,211000,49.3946,49.3946,49.3501,49.3501,3955,0
ISCG.US,5,20211005,212000,49.405,49.41,49.3799,49.3799,1080,0
ISCG.US,5,20211005,212500,49.321,49.321,49.321,49.321,107,0
ISCG.US,5,20211005,213000,49.34,49.34,49.34,49.34,1533,0
ISCG.US,5,20211005,215500,49.39,49.39,49.34,49.34,1014,0
ISCG.US,5,20211006,153000,48.82,48.82,48.82,48.82,494,0
ISCG.US,5,20211006,155500,48.89,48.89,48.89,48.89,100,0
ISCG.US,5,20211006,160000,48.8,48.8,48.76,48.76,300,0
ISCG.US,5,20211006,162000,48.6525,48.8027,48.6525,48.8027,683,0
ISCG.US,5,20211006,162500,48.9775,48.9775,48.9775,48.9775,1112,0
ISCG.US,5,20211006,163500,48.88,48.88,48.88,48.88,100,0
ISCG.US,5,20211006,164500,48.773,48.773,48.773,48.773,1909,0
ISCG.US,5,20211006,171000,48.76,48.76,48.76,48.76,132,0
ISCG.US,5,20211006,172000,48.8335,48.8335,48.8335,48.8335,139,0
ISCG.US,5,20211006,174000,48.8252,48.8252,48.8252,48.8252,410,0
ISCG.US,5,20211006,175500,49.0399,49.0399,49.0399,49.0399,1144,0
ISCG.US,5,20211006,182000,48.92,48.92,48.92,48.92,107,0
ISCG.US,5,20211006,183500,48.805,48.805,48.805,48.805,100,0
ISCG.US,5,20211006,184500,48.8315,48.8315,48.8315,48.8315,516,0
ISCG.US,5,20211006,185500,48.85,48.85,48.84,48.84,1483,0
ISCG.US,5,20211006,190500,48.7457,48.7457,48.7457,48.7457,246,0
ISCG.US,5,20211006,200500,49.19,49.19,49.1466,49.1466,376,0
ISCG.US,5,20211006,203000,49.2602,49.2602,49.2602,49.2602,325,0
ISCG.US,5,20211006,203500,49.26,49.265,49.22,49.22,1342,0
ISCG.US,5,20211006,204000,49.33,49.33,49.33,49.33,200,0
ISCG.US,5,20211006,205000,49.24,49.24,49.24,49.24,108,0
ISCG.US,5,20211006,210500,49.205,49.205,49.205,49.205,120,0
ISCG.US,5,20211006,211500,49.18,49.19,49.18,49.19,200,0
ISCG.US,5,20211006,213000,49.19,49.19,49.19,49.19,100,0
ISCG.US,5,20211006,215500,49.18,49.3,49.18,49.28,1290,0
ISCG.US,5,20211007,153000,49.83,49.83,49.83,49.83,582,0
ISCG.US,5,20211007,155000,49.9503,49.9503,49.9503,49.9503,800,0
ISCG.US,5,20211007,160500,50.2282,50.2282,50.2282,50.2282,198,0
ISCG.US,5,20211007,162500,50.29,50.29,50.235,50.235,621,0
ISCG.US,5,20211007,163000,50.34,50.34,50.34,50.34,100,0
ISCG.US,5,20211007,164500,50.34,50.34,50.2796,50.2796,1153,0
ISCG.US,5,20211007,172000,50.288,50.3843,50.288,50.3843,401,0
ISCG.US,5,20211007,173000,50.325,50.325,50.325,50.325,165,0
ISCG.US,5,20211007,180000,50.41,50.41,50.41,50.41,100,0
ISCG.US,5,20211007,180500,50.33,50.33,50.33,50.33,677,0
ISCG.US,5,20211007,181500,50.315,50.3306,50.315,50.3306,1043,0
ISCG.US,5,20211007,182000,50.3687,50.3687,50.34,50.3639,1101,0
ISCG.US,5,20211007,182500,50.2944,50.2944,50.2944,50.2944,344,0
ISCG.US,5,20211007,183000,50.3345,50.3345,50.3345,50.3345,108,0
ISCG.US,5,20211007,183500,50.37,50.37,50.37,50.37,288,0
ISCG.US,5,20211007,185000,50.3072,50.33,50.3072,50.33,247,0
ISCG.US,5,20211007,185500,50.3437,50.39,50.3437,50.39,1103,0
ISCG.US,5,20211007,190500,50.33,50.33,50.33,50.33,339,0
ISCG.US,5,20211007,192000,50.4359,50.4359,50.4359,50.4359,120,0
ISCG.US,5,20211007,192500,50.415,50.415,50.4086,50.4086,294,0
ISCG.US,5,20211007,194500,50.4327,50.4327,50.4327,50.4327,125,0
ISCG.US,5,20211007,195500,50.3677,50.3677,50.36,50.36,1018,0
ISCG.US,5,20211007,203000,50.1569,50.1569,50.1569,50.1569,239,0
ISCG.US,5,20211007,210000,50.139,50.139,50.139,50.139,461,0
ISCG.US,5,20211007,211000,50.135,50.1722,50.131,50.1475,1303,0
ISCG.US,5,20211007,213500,50.12,50.12,50.07,50.07,1000,0
ISCG.US,5,20211007,214000,50.055,50.055,50.055,50.055,520,0
ISCG.US,5,20211007,214500,50.01,50.04,49.97,50.0187,909,0
ISCG.US,5,20211007,215000,50.01,50.01,50.01,50.01,200,0
ISCG.US,5,20211007,215500,50.08,50.08,50.08,50.08,1192,0
ISCG.US,5,20211008,153500,49.88,49.88,49.88,49.88,100,0
ISCG.US,5,20211008,154000,50.07,50.07,50.07,50.07,240,0
ISCG.US,5,20211008,155000,49.945,49.945,49.945,49.945,138,0
ISCG.US,5,20211008,160000,49.9048,49.9048,49.9048,49.9048,120,0
ISCG.US,5,20211008,161500,50.145,50.145,50.145,50.145,100,0
ISCG.US,5,20211008,162000,50.07,50.07,50.07,50.07,400,0
ISCG.US,5,20211008,162500,50.05,50.05,50.05,50.05,1200,0
ISCG.US,5,20211008,163500,50.02,50.02,50.02,50.02,100,0
ISCG.US,5,20211008,164000,50.01,50.01,50,50,1200,0
ISCG.US,5,20211008,164500,49.92,49.93,49.92,49.93,500,0
ISCG.US,5,20211008,170500,49.97,49.97,49.96,49.96,749,0
ISCG.US,5,20211008,172000,49.8848,49.8848,49.8848,49.8848,500,0
ISCG.US,5,20211008,173500,49.9046,49.9046,49.84,49.84,811,0
ISCG.US,5,20211008,175500,49.7256,49.7256,49.7256,49.7256,180,0
ISCG.US,5,20211008,180000,49.7399,49.7399,49.7399,49.7399,100,0
ISCG.US,5,20211008,180500,49.79,49.8,49.7626,49.8,900,0
ISCG.US,5,20211008,181500,49.7357,49.7357,49.7357,49.7357,200,0
ISCG.US,5,20211008,182000,49.6633,49.6633,49.6633,49.6633,165,0
ISCG.US,5,20211008,182500,49.6466,49.6466,49.6466,49.6466,300,0
ISCG.US,5,20211008,183500,49.6429,49.6429,49.6416,49.6416,650,0
ISCG.US,5,20211008,184000,49.74,49.75,49.74,49.745,1400,0
ISCG.US,5,20211008,185000,49.75,49.75,49.75,49.75,100,0
ISCG.US,5,20211008,192500,49.6,49.6,49.6,49.6,1200,0
ISCG.US,5,20211008,194500,49.5752,49.5752,49.5752,49.5752,286,0
ISCG.US,5,20211008,203000,49.765,49.765,49.765,49.765,205,0
ISCG.US,5,20211008,205000,49.7541,49.7541,49.7541,49.7541,109,0
ISCG.US,5,20211008,210000,49.77,49.77,49.67,49.67,902,0
ISCG.US,5,20211008,211500,49.735,49.735,49.735,49.735,155,0
ISCG.US,5,20211008,212500,49.6706,49.6706,49.6706,49.6706,714,0
ISCG.US,5,20211008,213000,49.675,49.675,49.675,49.675,163,0
ISCG.US,5,20211008,213500,49.68,49.68,49.68,49.68,200,0
ISCG.US,5,20211008,214000,49.56,49.56,49.56,49.56,200,0
ISCG.US,5,20211008,215000,49.545,49.545,49.545,49.545,121,0
ISCG.US,5,20211008,215500,49.53,49.59,49.53,49.59,861,0
ISCG.US,5,20211011,153000,49.59,49.59,49.59,49.59,341,0
ISCG.US,5,20211011,153500,49.53,49.53,49.53,49.53,120,0
ISCG.US,5,20211011,154500,49.4632,49.4632,49.4632,49.4632,301,0
ISCG.US,5,20211011,155500,49.695,49.695,49.695,49.695,114,0
ISCG.US,5,20211011,161500,49.8518,49.8518,49.8518,49.8518,210,0
ISCG.US,5,20211011,163000,49.855,49.855,49.855,49.855,400,0
ISCG.US,5,20211011,163500,49.9,49.9,49.9,49.9,100,0
ISCG.US,5,20211011,165000,49.8401,49.8401,49.8401,49.8401,198,0
ISCG.US,5,20211011,171500,49.8401,49.8409,49.8401,49.8409,600,0
ISCG.US,5,20211011,180000,49.945,49.945,49.945,49.945,173,0
ISCG.US,5,20211011,181000,49.9255,49.9255,49.8309,49.8309,360,0
ISCG.US,5,20211011,181500,49.83,49.83,49.83,49.83,100,0
ISCG.US,5,20211011,184000,49.84,49.84,49.835,49.84,321,0
ISCG.US,5,20211011,184500,49.8157,49.83,49.8157,49.83,308,0
ISCG.US,5,20211011,185000,49.7361,49.8026,49.7361,49.8026,432,0
ISCG.US,5,20211011,185500,49.7162,49.75,49.7162,49.75,300,0
ISCG.US,5,20211011,191000,49.6297,49.6297,49.6297,49.6297,200,0
ISCG.US,5,20211011,191500,49.6249,49.6263,49.6249,49.6263,490,0
ISCG.US,5,20211011,192000,49.6375,49.6375,49.6375,49.6375,135,0
ISCG.US,5,20211011,193500,49.6254,49.6254,49.6254,49.6254,200,0
ISCG.US,5,20211011,200000,49.6762,49.6762,49.6762,49.6762,200,0
ISCG.US,5,20211011,200500,49.66,49.66,49.66,49.66,11918,0
ISCG.US,5,20211011,201500,49.775,49.78,49.775,49.78,300,0
ISCG.US,5,20211011,202500,49.6051,49.6214,49.6051,49.6214,400,0
ISCG.US,5,20211011,204000,49.615,49.615,49.615,49.615,127,0
ISCG.US,5,20211011,205000,49.5909,49.5909,49.5909,49.5909,110,0
ISCG.US,5,20211011,212500,49.6357,49.6357,49.6357,49.6357,130,0
ISCG.US,5,20211011,214500,49.39,49.39,49.39,49.39,100,0
ISCG.US,5,20211011,215500,49.3399,49.3399,49.26,49.26,707,0
ISCG.US,5,20211012,153000,49.59,49.59,49.5,49.5,499,0
ISCG.US,5,20211012,153500,49.595,49.595,49.595,49.595,100,0
ISCG.US,5,20211012,154500,49.66,49.66,49.56,49.66,19880,0
ISCG.US,5,20211012,155000,49.71,49.735,49.63,49.69,17700,0
ISCG.US,5,20211012,160000,49.62,49.62,49.515,49.565,600,0
ISCG.US,5,20211012,161000,49.4623,49.4623,49.4623,49.4623,142,0
ISCG.US,5,20211012,162000,49.5029,49.5029,49.5029,49.5029,242,0
ISCG.US,5,20211012,165500,49.6029,49.6029,49.6029,49.6029,7202,0
ISCG.US,5,20211012,170000,49.6146,49.6146,49.585,49.585,4073,0
ISCG.US,5,20211012,171500,49.6167,49.6167,49.6167,49.6167,170,0
ISCG.US,5,20211012,174500,49.68,49.7,49.645,49.68,4523,0
ISCG.US,5,20211012,181000,49.8259,49.8259,49.8259,49.8259,438,0
ISCG.US,5,20211012,182000,49.765,49.765,49.765,49.765,435,0
ISCG.US,5,20211012,185000,49.69,49.69,49.69,49.69,150,0
ISCG.US,5,20211012,185500,49.65,49.67,49.62,49.6544,2556,0
ISCG.US,5,20211012,190500,49.67,49.67,49.67,49.67,148,0
ISCG.US,5,20211012,192000,49.706,49.706,49.706,49.706,175,0
ISCG.US,5,20211012,194000,49.7251,49.765,49.7251,49.7359,423,0
ISCG.US,5,20211012,200500,49.7438,49.79,49.7438,49.7568,2113,0
ISCG.US,5,20211012,201000,49.7769,49.7769,49.73,49.7723,501,0
ISCG.US,5,20211012,202000,49.835,49.8404,49.79,49.8,5796,0
ISCG.US,5,20211012,202500,49.8649,49.8649,49.8649,49.8649,1830,0
ISCG.US,5,20211012,203500,49.84,49.84,49.84,49.84,282,0
ISCG.US,5,20211012,205000,49.8237,49.8237,49.8237,49.8237,1003,0
ISCG.US,5,20211012,213000,49.655,49.67,49.655,49.67,900,0
ISCG.US,5,20211012,214500,49.6153,49.6153,49.6153,49.6153,100,0
ISCG.US,5,20211012,215000,49.62,49.62,49.62,49.62,300,0
ISCG.US,5,20211012,215500,49.69,49.72,49.69,49.71,320,0
ISCG.US,5,20211013,153000,49.81,49.81,49.81,49.81,502,0
ISCG.US,5,20211013,160500,49.76,49.76,49.76,49.76,302,0
ISCG.US,5,20211013,161000,49.585,49.585,49.585,49.585,402,0
ISCG.US,5,20211013,165000,49.7952,49.7952,49.7952,49.7952,228,0
ISCG.US,5,20211013,165500,49.84,49.84,49.84,49.84,396,0
ISCG.US,5,20211013,172500,49.9676,49.9676,49.9676,49.9676,252,0
ISCG.US,5,20211013,173000,49.87,49.87,49.87,49.87,400,0
ISCG.US,5,20211013,175000,49.8553,49.8553,49.8553,49.8553,224,0
ISCG.US,5,20211013,180000,49.883,49.883,49.883,49.883,111,0
ISCG.US,5,20211013,180500,49.9084,49.9084,49.9084,49.9084,134,0
ISCG.US,5,20211013,183500,49.85,49.87,49.85,49.8698,800,0
ISCG.US,5,20211013,184500,49.8941,49.8941,49.8941,49.8941,201,0
ISCG.US,5,20211013,185500,49.8842,49.8842,49.8842,49.8842,666,0
ISCG.US,5,20211013,190000,49.8808,49.8808,49.8808,49.8808,260,0
ISCG.US,5,20211013,192000,49.874,49.874,49.874,49.874,120,0
ISCG.US,5,20211013,200500,49.87,49.87,49.87,49.87,222,0
ISCG.US,5,20211013,201000,49.8,49.8,49.8,49.8,222,0
ISCG.US,5,20211013,202000,49.8932,49.935,49.8932,49.935,428,0
ISCG.US,5,20211013,205000,49.82,49.82,49.82,49.82,578,0
ISCG.US,5,20211013,205500,49.82,49.9332,49.82,49.933,300,0
ISCG.US,5,20211013,210000,49.85,49.8777,49.85,49.8777,970,0
ISCG.US,5,20211013,211000,49.98,49.98,49.9731,49.9731,200,0
ISCG.US,5,20211013,211500,49.92,49.92,49.92,49.92,100,0
ISCG.US,5,20211013,212000,49.9234,49.9537,49.9234,49.9537,1290,0
ISCG.US,5,20211013,212500,49.9132,49.9132,49.8576,49.8847,579,0
ISCG.US,5,20211013,213000,49.81,49.81,49.81,49.81,100,0
ISCG.US,5,20211013,214000,49.89,49.89,49.88,49.88,200,0
ISCG.US,5,20211013,214500,49.9679,49.9679,49.9481,49.959,1575,0
ISCG.US,5,20211013,215000,50.02,50.02,50.02,50.02,300,0
ISCG.US,5,20211014,153000,50.41,50.41,50.41,50.41,1943,0
ISCG.US,5,20211014,154500,50.7552,50.7552,50.74,50.74,353,0
ISCG.US,5,20211014,155000,50.69,50.69,50.69,50.69,200,0
ISCG.US,5,20211014,160500,50.75,50.75,50.75,50.75,150,0
ISCG.US,5,20211014,161500,50.755,50.755,50.755,50.755,198,0
ISCG.US,5,20211014,162000,50.7781,50.7781,50.7781,50.7781,200,0
ISCG.US,5,20211014,162500,50.735,50.735,50.735,50.735,116,0
ISCG.US,5,20211014,170500,50.62,50.62,50.62,50.62,120,0
ISCG.US,5,20211014,172500,50.71,50.71,50.71,50.71,687,0
ISCG.US,5,20211014,175000,50.8099,50.8099,50.8099,50.8099,1065,0
ISCG.US,5,20211014,175500,50.75,50.75,50.75,50.75,1065,0
ISCG.US,5,20211014,181000,50.745,50.81,50.745,50.81,276,0
ISCG.US,5,20211014,183000,50.8592,50.8592,50.8592,50.8592,163,0
ISCG.US,5,20211014,191000,50.7776,50.7899,50.7604,50.7899,770,0
ISCG.US,5,20211014,192000,50.7492,50.7492,50.7492,50.7492,147,0
ISCG.US,5,20211014,194000,50.7436,50.7436,50.7436,50.7436,125,0
ISCG.US,5,20211014,194500,50.775,50.775,50.775,50.775,105,0
ISCG.US,5,20211014,195500,50.77,50.79,50.77,50.79,412,0
ISCG.US,5,20211014,203500,50.8102,50.8102,50.8102,50.8102,381,0
ISCG.US,5,20211014,204000,50.7982,50.7982,50.7982,50.7982,652,0
ISCG.US,5,20211014,210500,50.81,50.81,50.81,50.81,120,0
ISCG.US,5,20211014,211000,50.76,50.77,50.76,50.77,216,0
ISCG.US,5,20211014,212000,50.76,50.76,50.7244,50.7244,357,0
ISCG.US,5,20211014,212500,50.73,50.73,50.73,50.73,500,0
ISCG.US,5,20211014,213000,50.76,50.76,50.76,50.76,194,0
ISCG.US,5,20211014,214500,50.66,50.66,50.66,50.66,600,0
ISCG.US,5,20211014,215500,50.73,50.73,50.73,50.73,533,0
ISCG.US,5,20211015,153000,51.12,51.375,51.12,51.22,2236,0
ISCG.US,5,20211015,153500,51.13,51.13,51.13,51.13,100,0
ISCG.US,5,20211015,155000,51.1884,51.1884,51.1884,51.1884,100,0
ISCG.US,5,20211015,160000,51.04,51.04,51.04,51.04,200,0
ISCG.US,5,20211015,160500,51.17,51.17,51.14,51.14,700,0
ISCG.US,5,20211015,162500,51.0713,51.0713,51.0713,51.0713,119,0
ISCG.US,5,20211015,165500,51.1599,51.1599,51.1599,51.1599,163,0
ISCG.US,5,20211015,170000,51.1467,51.1467,51.1467,51.1467,233,0
ISCG.US,5,20211015,171500,51.08,51.08,51.08,51.08,300,0
ISCG.US,5,20211015,173000,51.04,51.04,51.0277,51.0277,400,0
ISCG.US,5,20211015,173500,51.03,51.03,51.03,51.03,100,0
ISCG.US,5,20211015,180000,50.97,50.97,50.97,50.97,100,0
ISCG.US,5,20211015,182000,50.9664,50.9664,50.9664,50.9664,100,0
ISCG.US,5,20211015,183000,50.9418,50.9418,50.9418,50.9418,122,0
ISCG.US,5,20211015,185500,50.94,50.94,50.94,50.94,232,0
ISCG.US,5,20211015,190000,50.9,50.9,50.9,50.9,396,0
ISCG.US,5,20211015,190500,50.94,50.94,50.94,50.94,126,0
ISCG.US,5,20211015,192000,50.875,50.875,50.875,50.875,100,0
ISCG.US,5,20211015,192500,50.85,50.85,50.85,50.85,200,0
ISCG.US,5,20211015,194500,50.9116,50.946,50.9116,50.946,614,0
ISCG.US,5,20211015,195500,50.9119,50.9119,50.9119,50.9119,552,0
ISCG.US,5,20211015,201000,50.885,50.885,50.885,50.885,141,0
ISCG.US,5,20211015,201500,50.94,50.94,50.9107,50.9107,398,0
ISCG.US,5,20211015,204000,50.9732,50.9732,50.9659,50.9659,786,0
ISCG.US,5,20211015,210500,50.785,50.785,50.785,50.785,400,0
ISCG.US,5,20211015,211000,50.78,50.78,50.78,50.78,205,0
ISCG.US,5,20211015,212500,50.75,50.75,50.74,50.74,300,0
ISCG.US,5,20211015,213000,50.7628,50.7628,50.7628,50.7628,103,0
ISCG.US,5,20211015,213500,50.735,50.76,50.725,50.7477,1141,0
ISCG.US,5,20211015,214000,50.7376,50.7376,50.7376,50.7376,423,0
ISCG.US,5,20211015,215000,50.6941,50.6941,50.62,50.62,680,0
ISCG.US,5,20211015,215500,50.6,50.61,50.5775,50.6,567,0
ISCG.US,5,20211018,153000,50.29,50.29,50.2464,50.2464,376,0
ISCG.US,5,20211018,155000,50.4333,50.4333,50.4333,50.4333,100,0
ISCG.US,5,20211018,160500,50.4991,50.4991,50.4991,50.4991,100,0
ISCG.US,5,20211018,162000,50.4975,50.4975,50.4975,50.4975,414,0
ISCG.US,5,20211018,163000,50.485,50.485,50.485,50.485,567,0
ISCG.US,5,20211018,164000,50.425,50.425,50.425,50.425,100,0
ISCG.US,5,20211018,170000,50.4557,50.4557,50.45,50.45,288,0
ISCG.US,5,20211018,171000,50.39,50.39,50.39,50.39,100,0
ISCG.US,5,20211018,172000,50.41,50.41,50.39,50.39,342,0
ISCG.US,5,20211018,175000,50.44,50.44,50.44,50.44,100,0
ISCG.US,5,20211018,183000,50.515,50.515,50.515,50.515,1000,0
ISCG.US,5,20211018,183500,50.5491,50.5491,50.5048,50.5048,912,0
ISCG.US,5,20211018,184000,50.54,50.54,50.54,50.54,180,0
ISCG.US,5,20211018,184500,50.5755,50.5755,50.5463,50.5463,523,0
ISCG.US,5,20211018,191000,50.6,50.6,50.6,50.6,1200,0
ISCG.US,5,20211018,194000,50.6,50.6,50.6,50.6,400,0
ISCG.US,5,20211018,194500,50.56,50.56,50.56,50.56,120,0
ISCG.US,5,20211018,200000,50.5599,50.5599,50.5599,50.5599,594,0
ISCG.US,5,20211018,202000,50.5639,50.5639,50.5639,50.5639,257,0
ISCG.US,5,20211018,202500,50.57,50.602,50.5589,50.602,1528,0
ISCG.US,5,20211018,203000,50.55,50.58,50.53,50.58,625,0
ISCG.US,5,20211018,204000,50.5551,50.575,50.5551,50.575,300,0
ISCG.US,5,20211018,204500,50.48,50.51,50.48,50.51,400,0
ISCG.US,5,20211018,205000,50.5651,50.5651,50.54,50.54,508,0
ISCG.US,5,20211018,205500,50.58,50.58,50.58,50.58,100,0
ISCG.US,5,20211018,210000,50.5363,50.5363,50.5363,50.5363,815,0
ISCG.US,5,20211018,210500,50.5539,50.5539,50.52,50.52,400,0
ISCG.US,5,20211018,211000,50.55,50.55,50.5166,50.5471,1262,0
ISCG.US,5,20211018,211500,50.5399,50.55,50.53,50.55,1200,0
ISCG.US,5,20211018,212000,50.58,50.62,50.58,50.62,300,0
ISCG.US,5,20211018,212500,50.5401,50.6,50.5401,50.574,1700,0
ISCG.US,5,20211018,213000,50.58,50.58,50.58,50.58,100,0
ISCG.US,5,20211018,214000,50.5203,50.5203,50.5203,50.5203,311,0
ISCG.US,5,20211018,214500,50.53,50.53,50.53,50.53,100,0
ISCG.US,5,20211018,215500,50.56,50.56,50.56,50.56,384,0
ISCG.US,5,20211019,153000,50.72,50.72,50.72,50.72,1087,0
ISCG.US,5,20211019,153500,50.6932,50.6932,50.6932,50.6932,150,0
ISCG.US,5,20211019,154500,50.765,50.765,50.765,50.765,245,0
ISCG.US,5,20211019,155000,50.745,50.745,50.745,50.745,100,0
ISCG.US,5,20211019,161000,50.72,50.72,50.72,50.72,137,0
ISCG.US,5,20211019,165000,50.813,50.813,50.813,50.813,100,0
ISCG.US,5,20211019,165500,50.8165,50.8165,50.8165,50.8165,394,0
ISCG.US,5,20211019,173500,51.0454,51.0454,51.0454,51.0454,432,0
ISCG.US,5,20211019,174000,51.04,51.04,51.0258,51.0258,1000,0
ISCG.US,5,20211019,175500,51.04,51.04,51.04,51.04,125,0
ISCG.US,5,20211019,180000,51.0673,51.0673,51.045,51.045,230,0
ISCG.US,5,20211019,182500,51.05,51.05,51.05,51.05,100,0
ISCG.US,5,20211019,183500,51.06,51.07,51.06,51.07,900,0
ISCG.US,5,20211019,190500,51.0443,51.0443,51.0443,51.0443,137,0
ISCG.US,5,20211019,192000,51.05,51.05,51.05,51.05,215,0
ISCG.US,5,20211019,192500,51.04,51.04,51.04,51.04,341,0
ISCG.US,5,20211019,194000,51.076,51.076,51.076,51.076,116,0
ISCG.US,5,20211019,194500,51.0692,51.0692,51.0692,51.0692,120,0
ISCG.US,5,20211019,200000,51.0314,51.0314,51.0314,51.0314,285,0
ISCG.US,5,20211019,203000,50.925,50.93,50.925,50.93,218,0
ISCG.US,5,20211019,203500,50.835,50.835,50.835,50.835,100,0
ISCG.US,5,20211019,204500,50.845,50.8799,50.825,50.8799,2414,0
ISCG.US,5,20211019,205500,50.9399,50.9399,50.9399,50.9399,120,0
ISCG.US,5,20211019,210000,50.8757,50.8757,50.8757,50.8757,168,0
ISCG.US,5,20211019,211000,50.9576,50.9576,50.9576,50.9576,195,0
ISCG.US,5,20211020,153000,51,51,51,51,114,0
ISCG.US,5,20211020,161000,51.01,51.0784,50.91,51.0784,585,0
ISCG.US,5,20211020,162500,51.1489,51.2035,51.1489,51.1958,434,0
ISCG.US,5,20211020,163500,51.2512,51.2512,51.2512,51.2512,100,0
ISCG.US,5,20211020,165500,51.2,51.2,51.16,51.16,400,0
ISCG.US,5,20211020,170500,51.12,51.12,51.12,51.12,100,0
ISCG.US,5,20211020,172500,51.1531,51.1531,51.1531,51.1531,157,0
ISCG.US,5,20211020,173500,51.14,51.14,51.135,51.135,2595,0
ISCG.US,5,20211020,174500,51.19,51.2,51.19,51.2,2100,0
ISCG.US,5,20211020,175500,51.2832,51.2832,51.2832,51.2832,360,0
ISCG.US,5,20211020,181000,51.225,51.225,51.225,51.225,100,0
ISCG.US,5,20211020,183500,51.27,51.27,51.2475,51.2475,402,0
ISCG.US,5,20211020,192500,51.13,51.13,51.13,51.13,124,0
ISCG.US,5,20211020,200500,51.13,51.13,51.13,51.13,300,0
ISCG.US,5,20211020,201500,51.189,51.189,51.145,51.145,511,0
ISCG.US,5,20211020,202000,51.15,51.15,51.15,51.15,155,0
ISCG.US,5,20211020,203000,51.145,51.145,51.145,51.145,276,0
ISCG.US,5,20211020,204000,51.16,51.16,51.16,51.16,100,0
ISCG.US,5,20211020,211000,51.1059,51.1074,51.1059,51.1074,1683,0
ISCG.US,5,20211020,212000,51.06,51.06,51.06,51.06,400,0
ISCG.US,5,20211020,213500,51.07,51.11,51.07,51.11,442,0
ISCG.US,5,20211020,214000,51.0568,51.0568,51.0568,51.0568,870,0
ISCG.US,5,20211020,214500,51.13,51.13,51.13,51.13,100,0
ISCG.US,5,20211021,153000,51.2076,51.2076,51.2076,51.2076,150,0
ISCG.US,5,20211021,155500,51.4636,51.4636,51.4636,51.4636,160,0
ISCG.US,5,20211021,162500,51.4675,51.4675,51.4675,51.4675,132,0
ISCG.US,5,20211021,164000,51.505,51.505,51.505,51.505,120,0
ISCG.US,5,20211021,164500,51.515,51.515,51.515,51.515,134,0
ISCG.US,5,20211021,170500,51.3788,51.3788,51.3788,51.3788,203,0
ISCG.US,5,20211021,171000,51.31,51.32,51.31,51.32,225,0
ISCG.US,5,20211021,173000,51.21,51.21,51.21,51.21,100,0
ISCG.US,5,20211021,175500,51.2054,51.2054,51.2054,51.2054,100,0
ISCG.US,5,20211021,180000,51.2899,51.2899,51.2899,51.2899,100,0
ISCG.US,5,20211021,181500,51.2001,51.2001,51.2001,51.2001,1192,0
ISCG.US,5,20211021,190000,51.35,51.35,51.35,51.35,1000,0
ISCG.US,5,20211021,192500,51.3955,51.3955,51.3955,51.3955,126,0
ISCG.US,5,20211021,195500,51.2858,51.2858,51.25,51.25,670,0
ISCG.US,5,20211021,202000,51.35,51.35,51.34,51.34,200,0
ISCG.US,5,20211021,203000,51.3336,51.3336,51.3336,51.3336,136,0
ISCG.US,5,20211021,204500,51.32,51.32,51.32,51.32,100,0
ISCG.US,5,20211021,210000,51.4,51.4,51.4,51.4,164,0
ISCG.US,5,20211021,211000,51.42,51.42,51.42,51.42,534,0
ISCG.US,5,20211021,211500,51.3964,51.49,51.3964,51.4889,2208,0
ISCG.US,5,20211021,212500,51.4667,51.4667,51.4667,51.4667,235,0
ISCG.US,5,20211021,213000,51.43,51.43,51.42,51.43,2350,0
ISCG.US,5,20211021,213500,51.3765,51.3765,51.3765,51.3765,287,0
ISCG.US,5,20211021,214000,51.4,51.4,51.4,51.4,200,0
ISCG.US,5,20211021,214500,51.3629,51.3629,51.3629,51.3629,372,0
ISCG.US,5,20211021,215500,51.46,51.466,51.46,51.466,503,0
ISCG.US,5,20211022,153000,51.36,51.36,51.36,51.36,280,0
ISCG.US,5,20211022,153500,51.26,51.26,51.26,51.26,1028,0
ISCG.US,5,20211022,160500,51.365,51.365,51.365,51.365,200,0
ISCG.US,5,20211022,170500,51.39,51.39,51.39,51.39,119,0
ISCG.US,5,20211022,171500,51.44,51.44,51.44,51.44,900,0
ISCG.US,5,20211022,172500,51.17,51.18,51.17,51.18,200,0
ISCG.US,5,20211022,173000,51.16,51.16,51.16,51.16,200,0
ISCG.US,5,20211022,175500,51.0172,51.0878,51.0172,51.0878,414,0
ISCG.US,5,20211022,182500,51.17,51.17,51.17,51.17,100,0
ISCG.US,5,20211022,185000,51.2991,51.2991,51.2991,51.2991,117,0
ISCG.US,5,20211022,191000,51.25,51.25,51.21,51.22,1400,0
ISCG.US,5,20211022,193000,51.2263,51.2263,51.2263,51.2263,252,0
ISCG.US,5,20211022,193500,51.22,51.23,51.22,51.23,1000,0
ISCG.US,5,20211022,194000,51.2871,51.2871,51.27,51.27,413,0
ISCG.US,5,20211022,195500,51.2551,51.2551,51.2551,51.2551,850,0
ISCG.US,5,20211022,200000,51.165,51.165,51.165,51.165,100,0
ISCG.US,5,20211022,200500,51.2242,51.2242,51.2242,51.2242,106,0
ISCG.US,5,20211022,204000,51.28,51.32,51.28,51.306,520,0
ISCG.US,5,20211022,205500,51.2936,51.2992,51.2936,51.2992,557,0
ISCG.US,5,20211022,210000,51.28,51.28,51.28,51.28,174,0
ISCG.US,5,20211022,211500,51.2003,51.2003,51.2003,51.2003,200,0
ISCG.US,5,20211022,212000,51.1436,51.1647,51.1243,51.1647,300,0
ISCG.US,5,20211022,212500,51.1402,51.19,51.1385,51.1569,595,0
ISCG.US,5,20211022,213000,51.2037,51.2944,51.2037,51.2944,600,0
ISCG.US,5,20211022,213500,51.19,51.19,51.18,51.18,200,0
ISCG.US,5,20211022,215000,51.21,51.22,51.21,51.22,400,0
ISCG.US,5,20211022,215500,51.26,51.28,51.26,51.28,300,0
ISCG.US,5,20211025,153000,51.36,51.36,51.36,51.36,168,0
ISCG.US,5,20211025,153500,51.3866,51.3866,51.3866,51.3866,546,0
ISCG.US,5,20211025,154000,51.26,51.26,51.26,51.26,239,0
ISCG.US,5,20211025,163000,51.695,51.695,51.695,51.695,347,0
ISCG.US,5,20211025,165000,51.65,51.71,51.65,51.7,951,0
ISCG.US,5,20211025,165500,51.7599,51.7599,51.7599,51.7599,746,0
ISCG.US,5,20211025,170500,51.7364,51.75,51.7098,51.7098,7208,0
ISCG.US,5,20211025,171000,51.74,51.778,51.74,51.778,964,0
ISCG.US,5,20211025,173500,51.755,51.755,51.755,51.755,100,0
ISCG.US,5,20211025,175500,51.74,51.74,51.74,51.74,300,0
ISCG.US,5,20211025,180000,51.7021,51.7021,51.7021,51.7021,870,0
ISCG.US,5,20211025,180500,51.77,51.77,51.77,51.77,100,0
ISCG.US,5,20211025,181000,51.7,51.7,51.7,51.7,200,0
ISCG.US,5,20211025,182000,51.61,51.68,51.61,51.68,561,0
ISCG.US,5,20211025,182500,51.69,51.69,51.6825,51.6825,200,0
ISCG.US,5,20211025,183000,51.695,51.695,51.695,51.695,113,0
ISCG.US,5,20211025,191500,51.7499,51.7499,51.7499,51.7499,100,0
ISCG.US,5,20211025,194000,51.6542,51.6542,51.6542,51.6542,425,0
ISCG.US,5,20211025,195500,51.7042,51.72,51.7042,51.72,1052,0
ISCG.US,5,20211025,200500,51.779,51.779,51.779,51.779,115,0
ISCG.US,5,20211025,201500,51.7654,51.7654,51.7654,51.7654,220,0
ISCG.US,5,20211025,202000,51.8,51.82,51.76,51.82,2401,0
ISCG.US,5,20211025,203000,51.78,51.78,51.77,51.77,791,0
ISCG.US,5,20211025,203500,51.77,51.77,51.735,51.77,4820,0
ISCG.US,5,20211025,205500,51.8467,51.8467,51.8467,51.8467,870,0
ISCG.US,5,20211025,210000,51.8206,51.8206,51.8,51.8,341,0
ISCG.US,5,20211025,212000,51.708,51.708,51.708,51.708,180,0
ISCG.US,5,20211025,212500,51.7493,51.7493,51.7493,51.7493,247,0
ISCG.US,5,20211025,213500,51.6912,51.6912,51.6912,51.6912,870,0
ISCG.US,5,20211025,215000,51.69,51.72,51.69,51.71,466,0
ISCG.US,5,20211025,215500,51.6716,51.7,51.67,51.7,1781,0
ISCG.US,5,20211026,153000,51.99,51.99,51.99,51.99,472,0
ISCG.US,5,20211026,153500,51.6463,51.6463,51.6463,51.6463,180,0
ISCG.US,5,20211026,155000,51.56,51.56,51.56,51.56,176,0
ISCG.US,5,20211026,160000,51.7179,51.7179,51.7179,51.7179,1056,0
ISCG.US,5,20211026,163000,51.85,51.85,51.84,51.84,200,0
ISCG.US,5,20211026,165000,52,52,52,52,605,0
ISCG.US,5,20211026,170000,51.9843,51.9843,51.9843,51.9843,100,0
ISCG.US,5,20211026,171500,51.866,51.866,51.866,51.866,156,0
ISCG.US,5,20211026,172000,51.9,51.9,51.9,51.9,172,0
ISCG.US,5,20211026,172500,51.9357,51.9357,51.9357,51.9357,167,0
ISCG.US,5,20211026,173000,51.8,51.8,51.8,51.8,200,0
ISCG.US,5,20211026,173500,51.88,51.88,51.88,51.88,200,0
ISCG.US,5,20211026,174500,51.9246,51.9246,51.9246,51.9246,184,0
ISCG.US,5,20211026,183500,51.59,51.59,51.59,51.59,149,0
ISCG.US,5,20211026,184500,51.381,51.381,51.381,51.381,209,0
ISCG.US,5,20211026,190000,51.47,51.58,51.46,51.47,8862,0
ISCG.US,5,20211026,190500,51.4662,51.4662,51.4662,51.4662,210,0
ISCG.US,5,20211026,191000,51.47,51.47,51.45,51.45,500,0
ISCG.US,5,20211026,191500,51.39,51.39,51.39,51.39,321,0
ISCG.US,5,20211026,195000,51.459,51.459,51.459,51.459,200,0
ISCG.US,5,20211026,195500,51.43,51.5,51.43,51.5,611,0
ISCG.US,5,20211026,200000,51.43,51.54,51.43,51.54,410,0
ISCG.US,5,20211026,202000,51.57,51.57,51.57,51.57,206,0
ISCG.US,5,20211026,203000,51.6439,51.6439,51.6439,51.6439,113,0
ISCG.US,5,20211026,204000,51.547,51.547,51.547,51.547,180,0
ISCG.US,5,20211026,210500,51.5404,51.5404,51.5404,51.5404,500,0
ISCG.US,5,20211026,212000,51.515,51.515,51.515,51.515,250,0
ISCG.US,5,20211026,212500,51.48,51.48,51.48,51.48,310,0
ISCG.US,5,20211026,214000,51.48,51.48,51.48,51.48,200,0
ISCG.US,5,20211026,215000,51.44,51.44,51.44,51.44,216,0
ISCG.US,5,20211026,215500,51.44,51.46,51.44,51.46,576,0
ISCG.US,5,20211027,153000,51.35,51.35,51.35,51.35,384,0
ISCG.US,5,20211027,155000,51.405,51.405,51.405,51.405,225,0
ISCG.US,5,20211027,155500,51.32,51.4113,51.32,51.4113,334,0
ISCG.US,5,20211027,161000,51.29,51.29,51.29,51.29,375,0
ISCG.US,5,20211027,161500,51.23,51.23,51.18,51.18,432,0
ISCG.US,5,20211027,162000,51.19,51.19,51.1201,51.1201,278,0
ISCG.US,5,20211027,162500,51.12,51.12,51.1,51.1,1000,0
ISCG.US,5,20211027,163000,51,51,51,51,113,0
ISCG.US,5,20211027,164500,50.8672,50.8672,50.8672,50.8672,127,0
ISCG.US,5,20211027,170000,50.965,50.965,50.965,50.965,200,0
ISCG.US,5,20211027,171000,51.015,51.015,51.015,51.015,421,0
ISCG.US,5,20211027,172000,51,51,51,51,800,0
ISCG.US,5,20211027,173000,50.93,50.93,50.93,50.93,150,0
ISCG.US,5,20211027,174500,50.9558,50.9558,50.9558,50.9558,241,0
ISCG.US,5,20211027,175500,50.9426,50.9426,50.92,50.92,1366,0
ISCG.US,5,20211027,180000,50.8711,50.876,50.8711,50.876,325,0
ISCG.US,5,20211027,180500,50.8789,50.8789,50.8789,50.8789,165,0
ISCG.US,5,20211027,182500,50.8564,50.9,50.8564,50.9,4655,0
ISCG.US,5,20211027,183000,50.8639,50.8639,50.8639,50.8639,270,0
ISCG.US,5,20211027,183500,50.8932,50.8932,50.8932,50.8932,122,0
ISCG.US,5,20211027,184500,50.86,50.86,50.86,50.86,170,0
ISCG.US,5,20211027,193500,51,51,50.9484,50.9484,608,0
ISCG.US,5,20211027,194000,50.95,50.95,50.95,50.95,602,0
ISCG.US,5,20211027,194500,51.0241,51.0241,51.0241,51.0241,127,0
ISCG.US,5,20211027,195500,51.0092,51.02,51.0092,51.02,785,0
ISCG.US,5,20211027,200500,50.9968,50.9968,50.9968,50.9968,333,0
ISCG.US,5,20211027,202500,50.9382,50.9382,50.92,50.92,458,0
ISCG.US,5,20211027,203500,50.876,50.876,50.876,50.876,136,0
ISCG.US,5,20211027,210000,50.85,50.885,50.85,50.885,462,0
ISCG.US,5,20211027,211000,50.66,50.66,50.66,50.66,250,0
ISCG.US,5,20211027,211500,50.6444,50.6444,50.6444,50.6444,474,0
ISCG.US,5,20211027,213000,50.6627,50.6627,50.6627,50.6627,138,0
ISCG.US,5,20211027,215000,50.62,50.62,50.5993,50.5993,200,0
ISCG.US,5,20211027,215500,50.5466,50.5466,50.48,50.5,1152,0
ISCG.US,5,20211028,161500,51.38,51.38,51.38,51.38,200,0
ISCG.US,5,20211028,172500,51.475,51.475,51.475,51.475,169,0
ISCG.US,5,20211028,201500,51.555,51.555,51.555,51.555,112,0
ISCG.US,5,20211028,203500,51.55,51.55,51.55,51.55,395,0
ISCG.US,5,20211028,205000,51.525,51.525,51.525,51.525,249,0
ISCG.US,5,20211028,211500,51.535,51.535,51.535,51.535,630,0
ISCG.US,5,20211028,212000,51.535,51.535,51.535,51.535,275,0
ISCG.US,5,20211028,213000,51.49,51.49,51.49,51.49,233,0
ISCG.US,5,20211028,215000,51.6596,51.66,51.6593,51.6593,952,0
ISCG.US,5,20211029,153000,51.54,51.54,51.54,51.54,623,0
ISCG.US,5,20211029,162500,51.64,51.64,51.64,51.64,142,0
ISCG.US,5,20211029,170500,51.69,51.69,51.69,51.69,100,0
ISCG.US,5,20211029,173500,51.789,51.789,51.789,51.789,758,0
ISCG.US,5,20211029,174000,51.765,51.765,51.765,51.765,100,0
ISCG.US,5,20211029,174500,51.75,51.75,51.75,51.75,300,0
ISCG.US,5,20211029,175000,51.6785,51.6785,51.6785,51.6785,348,0
ISCG.US,5,20211029,175500,51.73,51.73,51.73,51.73,200,0
ISCG.US,5,20211029,180000,51.76,51.76,51.71,51.76,952,0
ISCG.US,5,20211029,182500,51.78,51.78,51.78,51.78,100,0
ISCG.US,5,20211029,183500,51.6635,51.6635,51.6635,51.6635,720,0
ISCG.US,5,20211029,200000,51.8199,51.8199,51.8199,51.8199,1297,0
ISCG.US,5,20211029,204000,51.6615,51.6615,51.65,51.65,401,0
ISCG.US,5,20211029,210000,51.6068,51.6068,51.6068,51.6068,180,0
ISCG.US,5,20211029,212000,51.615,51.615,51.615,51.615,100,0
ISCG.US,5,20211029,213000,51.71,51.71,51.71,51.71,100,0
ISCG.US,5,20211029,214000,51.77,51.79,51.77,51.79,300,0
ISCG.US,5,20211029,214500,51.805,51.805,51.805,51.805,162,0
ISCG.US,5,20211029,215000,51.73,51.73,51.685,51.73,618,0
ISCG.US,5,20211101,143000,51.93,52.3,51.7901,51.8146,1225,0
ISCG.US,5,20211101,143500,52.14,52.14,52.14,52.14,270,0
ISCG.US,5,20211101,144500,52.3,52.3,52.3,52.3,300,0
ISCG.US,5,20211101,163000,52.7114,52.7114,52.7114,52.7114,582,0
ISCG.US,5,20211101,163500,52.6301,52.7246,52.6301,52.675,1245,0
ISCG.US,5,20211101,164000,52.7149,52.7149,52.7149,52.7149,294,0
ISCG.US,5,20211101,164500,52.74,52.74,52.74,52.74,200,0
ISCG.US,5,20211101,170000,52.7604,52.78,52.7604,52.78,882,0
ISCG.US,5,20211101,171500,52.82,52.82,52.82,52.82,1000,0
ISCG.US,5,20211101,172000,52.835,52.855,52.835,52.855,415,0
ISCG.US,5,20211101,172500,52.9099,52.9099,52.9099,52.9099,123,0
ISCG.US,5,20211101,173000,52.829,52.829,52.829,52.829,200,0
ISCG.US,5,20211101,173500,52.85,52.85,52.85,52.85,200,0
ISCG.US,5,20211101,175500,52.96,53,52.96,53,291,0
ISCG.US,5,20211101,180500,52.9611,52.9611,52.9611,52.9611,943,0
ISCG.US,5,20211101,184500,52.9256,52.9256,52.9256,52.9256,432,0
ISCG.US,5,20211101,185000,52.86,52.86,52.86,52.86,300,0
ISCG.US,5,20211101,185500,52.8146,52.8146,52.8146,52.8146,600,0
ISCG.US,5,20211101,190000,52.8521,52.8521,52.8521,52.8521,134,0
ISCG.US,5,20211101,191000,52.805,52.805,52.805,52.805,192,0
ISCG.US,5,20211101,191500,52.73,52.73,52.73,52.73,100,0
ISCG.US,5,20211101,192500,52.72,52.72,52.72,52.72,200,0
ISCG.US,5,20211101,194500,52.7452,52.7452,52.7452,52.7452,132,0
ISCG.US,5,20211101,195500,52.7999,52.7999,52.7999,52.7999,113,0
ISCG.US,5,20211101,200500,52.8789,52.9197,52.8789,52.9197,275,0
ISCG.US,5,20211101,202500,52.8321,52.8321,52.8024,52.8024,783,0
ISCG.US,5,20211101,203000,52.855,52.9,52.855,52.9,350,0
ISCG.US,5,20211101,204000,53.01,53.01,53.01,53.01,132,0
ISCG.US,5,20211101,204500,52.972,52.975,52.972,52.975,866,0
ISCG.US,5,20211101,205000,53.0454,53.0454,53,53,758,0
ISCG.US,5,20211101,205500,53.0099,53.04,52.97,52.99,1770,0
ISCG.US,5,20211102,143000,52.98,52.98,52.9721,52.9721,2246,0
ISCG.US,5,20211102,144500,52.68,52.68,52.68,52.68,100,0
ISCG.US,5,20211102,145000,52.83,52.84,52.705,52.84,1425,0
ISCG.US,5,20211102,150000,52.76,52.8,52.76,52.78,1083,0
ISCG.US,5,20211102,150500,52.9866,52.9866,52.9866,52.9866,300,0
ISCG.US,5,20211102,151500,52.8021,52.8021,52.8021,52.8021,100,0
ISCG.US,5,20211102,153000,52.79,52.79,52.79,52.79,200,0
ISCG.US,5,20211102,154000,52.75,52.75,52.75,52.75,300,0
ISCG.US,5,20211102,160000,52.83,52.83,52.83,52.83,190,0
ISCG.US,5,20211102,160500,52.835,52.835,52.835,52.835,200,0
ISCG.US,5,20211102,161500,52.9061,52.9061,52.9061,52.9061,480,0
ISCG.US,5,20211102,162000,52.8296,52.8296,52.8296,52.8296,186,0
ISCG.US,5,20211102,162500,52.825,52.825,52.825,52.825,100,0
ISCG.US,5,20211102,163500,52.83,52.83,52.83,52.83,1000,0
ISCG.US,5,20211102,165500,52.9248,52.9248,52.9248,52.9248,400,0
ISCG.US,5,20211102,170000,52.845,52.845,52.845,52.845,451,0
ISCG.US,5,20211102,172000,52.8769,52.8769,52.8769,52.8769,391,0
ISCG.US,5,20211102,174500,52.8926,52.8926,52.8926,52.8926,136,0
ISCG.US,5,20211102,180500,52.84,52.84,52.84,52.84,353,0
ISCG.US,5,20211102,181500,52.7979,52.7979,52.7979,52.7979,141,0
ISCG.US,5,20211102,183500,52.7855,52.7855,52.7855,52.7855,473,0
ISCG.US,5,20211102,184000,52.7831,52.7831,52.7831,52.7831,167,0
ISCG.US,5,20211102,185000,52.7921,52.7921,52.7921,52.7921,140,0
ISCG.US,5,20211102,185500,52.8393,52.8393,52.8393,52.8393,172,0
ISCG.US,5,20211102,191500,52.785,52.785,52.785,52.785,500,0
ISCG.US,5,20211102,192500,52.8299,52.8299,52.8299,52.8299,486,0
ISCG.US,5,20211102,193500,52.825,52.825,52.825,52.825,642,0
ISCG.US,5,20211102,202000,52.842,52.842,52.842,52.842,559,0
ISCG.US,5,20211102,203500,52.94,52.94,52.94,52.94,315,0
ISCG.US,5,20211102,204000,52.8935,52.8935,52.8935,52.8935,118,0
ISCG.US,5,20211102,205000,52.8719,52.8901,52.8719,52.8901,1003,0
ISCG.US,5,20211102,205500,53,53,53,53,100,0
ISCG.US,5,20211103,143000,53.1,53.1,52.59,52.59,1926,0
ISCG.US,5,20211103,144500,53.0016,53.0016,53.0016,53.0016,160,0
ISCG.US,5,20211103,145000,53.13,53.17,53.13,53.17,1780,0
ISCG.US,5,20211103,150000,53.265,53.265,53.265,53.265,151,0
ISCG.US,5,20211103,150500,53.13,53.13,53.13,53.13,225,0
ISCG.US,5,20211103,153500,53.4799,53.5,53.4799,53.5,1007,0
ISCG.US,5,20211103,160500,53.5352,53.5352,53.5352,53.5352,186,0
ISCG.US,5,20211103,164000,53.45,53.56,53.44,53.56,2500,0
ISCG.US,5,20211103,165000,53.57,53.57,53.57,53.57,191,0
ISCG.US,5,20211103,165500,53.59,53.59,53.59,53.59,100,0
ISCG.US,5,20211103,170000,53.4977,53.4977,53.4977,53.4977,336,0
ISCG.US,5,20211103,171500,53.54,53.54,53.54,53.54,100,0
ISCG.US,5,20211103,172000,53.58,53.58,53.46,53.46,10600,0
ISCG.US,5,20211103,172500,53.52,53.52,53.52,53.52,100,0
ISCG.US,5,20211103,174500,53.42,53.4384,53.42,53.42,1363,0
ISCG.US,5,20211103,175500,53.4,53.4,53.34,53.34,3142,0
ISCG.US,5,20211103,180000,53.33,53.4039,53.32,53.38,1387,0
ISCG.US,5,20211103,181000,53.32,53.32,53.3,53.3,359,0
ISCG.US,5,20211103,185000,53.28,53.36,53.28,53.36,511,0
ISCG.US,5,20211103,192500,53.536,53.536,53.536,53.536,214,0
ISCG.US,5,20211103,193500,53.71,53.71,53.71,53.71,198,0
ISCG.US,5,20211103,194000,53.7204,53.7823,53.71,53.7823,668,0
ISCG.US,5,20211103,195000,54,54,54,54,800,0
ISCG.US,5,20211103,195500,53.8855,53.8855,53.8855,53.8855,585,0
ISCG.US,5,20211103,200500,53.8001,53.8001,53.8001,53.8001,120,0
ISCG.US,5,20211103,201500,53.9257,53.9257,53.9257,53.9257,553,0
ISCG.US,5,20211103,203000,53.865,53.8869,53.865,53.8869,740,0
ISCG.US,5,20211103,203500,53.8459,53.8459,53.8459,53.8459,1204,0
ISCG.US,5,20211103,204000,53.8391,53.8391,53.83,53.83,210,0
ISCG.US,5,20211103,204500,53.91,53.91,53.91,53.91,700,0
ISCG.US,5,20211104,143000,53.97,54.1083,53.97,54.1083,1005,0
ISCG.US,5,20211104,144000,54.11,54.11,54.11,54.11,400,0
ISCG.US,5,20211104,150000,54.26,54.26,54.26,54.26,301,0
ISCG.US,5,20211104,151000,54.36,54.36,54.36,54.36,143,0
ISCG.US,5,20211104,151500,54.36,54.36,54.36,54.36,200,0
ISCG.US,5,20211104,153500,54.31,54.31,54.31,54.31,200,0
ISCG.US,5,20211104,154500,54.3343,54.3343,54.3343,54.3343,100,0
ISCG.US,5,20211104,155500,54.2,54.2,54.2,54.2,100,0
ISCG.US,5,20211104,160000,54.17,54.17,54.17,54.17,310,0
ISCG.US,5,20211104,162500,53.8499,53.8499,53.8499,53.8499,102,0
ISCG.US,5,20211104,163000,53.8946,53.8946,53.8946,53.8946,448,0
ISCG.US,5,20211104,163500,53.9716,53.9716,53.9716,53.9716,146,0
ISCG.US,5,20211104,165000,53.9549,53.9549,53.885,53.885,501,0
ISCG.US,5,20211104,173500,53.9162,54.0033,53.9162,54.0033,270,0
ISCG.US,5,20211104,175000,54.0095,54.0095,54.0095,54.0095,1428,0
ISCG.US,5,20211104,175500,53.955,53.955,53.955,53.955,210,0
ISCG.US,5,20211104,181000,54,54,53.955,54,500,0
ISCG.US,5,20211104,181500,53.965,53.965,53.965,53.965,600,0
ISCG.US,5,20211104,184500,54.05,54.05,54.05,54.05,145,0
ISCG.US,5,20211104,185500,54.0469,54.0581,54.0469,54.0581,2734,0
ISCG.US,5,20211104,192000,54.01,54.01,53.96,54.01,1501,0
ISCG.US,5,20211104,193500,53.93,53.93,53.93,53.93,500,0
ISCG.US,5,20211104,195500,53.9592,53.9592,53.9592,53.9592,224,0
ISCG.US,5,20211104,201500,53.952,53.952,53.952,53.952,200,0
ISCG.US,5,20211104,202500,53.9675,53.9675,53.9675,53.9675,2000,0
ISCG.US,5,20211104,203500,53.9399,53.9399,53.9399,53.9399,383,0
ISCG.US,5,20211104,205500,53.9799,53.9799,53.9799,53.9799,323,0
ISCG.US,5,20211105,143000,54.37,54.49,54.37,54.49,607,0
ISCG.US,5,20211105,143500,54.5,54.5,54.3571,54.3571,334,0
ISCG.US,5,20211105,144000,54.6699,54.6699,54.577,54.577,1036,0
ISCG.US,5,20211105,151500,54.5707,54.5707,54.46,54.46,440,0
ISCG.US,5,20211105,152500,54.36,54.38,54.36,54.38,284,0
ISCG.US,5,20211105,153000,54.2613,54.2613,54.2613,54.2613,100,0
ISCG.US,5,20211105,161000,54.465,54.465,54.465,54.465,263,0
ISCG.US,5,20211105,161500,54.6599,54.6599,54.6599,54.6599,184,0
ISCG.US,5,20211105,162000,54.69,54.69,54.69,54.69,100,0
ISCG.US,5,20211105,162500,54.5271,54.5271,54.5271,54.5271,189,0
ISCG.US,5,20211105,163500,54.51,54.515,54.38,54.515,1480,0
ISCG.US,5,20211105,171000,54.4499,54.4499,54.4499,54.4499,500,0
ISCG.US,5,20211105,173000,54.3636,54.3636,54.34,54.34,43306,0
ISCG.US,5,20211105,173500,54.37,54.37,54.37,54.37,100,0
ISCG.US,5,20211105,175000,54.3399,54.3399,54.3399,54.3399,165,0
ISCG.US,5,20211105,175500,54.2364,54.2364,54.2364,54.2364,120,0
ISCG.US,5,20211105,180000,54.231,54.231,54.231,54.231,100,0
ISCG.US,5,20211105,182500,53.9,53.9,53.89,53.89,300,0
ISCG.US,5,20211105,192000,54.19,54.19,54.19,54.19,306,0
ISCG.US,5,20211105,192500,54.0473,54.0473,54.0473,54.0473,100,0
ISCG.US,5,20211105,194500,54.17,54.17,54.17,54.17,4122,0
ISCG.US,5,20211105,200000,54.18,54.18,54.18,54.18,171,0
ISCG.US,5,20211105,203000,54.215,54.215,54.215,54.215,927,0
ISCG.US,5,20211105,204000,54.29,54.29,54.29,54.29,200,0
ISCG.US,5,20211105,204500,54.23,54.23,54.23,54.23,222,0
ISCG.US,5,20211108,153000,54.75,54.75,54.75,54.75,864,0
ISCG.US,5,20211108,160000,54.655,54.655,54.655,54.655,100,0
ISCG.US,5,20211108,160500,54.72,54.72,54.72,54.72,800,0
ISCG.US,5,20211108,161500,54.695,54.695,54.695,54.695,183,0
ISCG.US,5,20211108,162000,54.8,54.8,54.8,54.8,200,0
ISCG.US,5,20211108,165500,54.8422,54.8422,54.8422,54.8422,100,0
ISCG.US,5,20211108,170000,54.794,54.794,54.794,54.794,300,0
ISCG.US,5,20211108,171000,54.8034,54.8034,54.8034,54.8034,146,0
ISCG.US,5,20211108,171500,54.82,54.82,54.82,54.82,100,0
ISCG.US,5,20211108,172500,54.79,54.79,54.79,54.79,913,0
ISCG.US,5,20211108,173000,54.756,54.827,54.756,54.78,499,0
ISCG.US,5,20211108,174000,54.8245,54.83,54.809,54.809,1883,0
ISCG.US,5,20211108,180000,54.675,54.6892,54.6,54.6,4942,0
ISCG.US,5,20211108,180500,54.68,54.68,54.68,54.68,800,0
ISCG.US,5,20211108,181000,54.6053,54.65,54.6053,54.65,368,0
ISCG.US,5,20211108,181500,54.63,54.63,54.595,54.63,10000,0
ISCG.US,5,20211108,182000,54.63,54.67,54.6229,54.6229,13645,0
ISCG.US,5,20211108,182500,54.66,54.66,54.66,54.66,378,0
ISCG.US,5,20211108,183000,54.675,54.675,54.675,54.675,500,0
ISCG.US,5,20211108,183500,54.6429,54.6429,54.6429,54.6429,5300,0
ISCG.US,5,20211108,184000,54.74,54.74,54.74,54.74,600,0
ISCG.US,5,20211108,184500,54.6849,54.6849,54.6503,54.6503,501,0
ISCG.US,5,20211108,185500,54.6399,54.64,54.6,54.64,1459,0
ISCG.US,5,20211108,190500,54.624,54.624,54.624,54.624,4700,0
ISCG.US,5,20211108,192000,54.6948,54.6948,54.6948,54.6948,300,0
ISCG.US,5,20211108,193500,54.627,54.627,54.627,54.627,301,0
ISCG.US,5,20211108,194000,54.65,54.65,54.65,54.65,192,0
ISCG.US,5,20211108,194500,54.605,54.605,54.605,54.605,1125,0
ISCG.US,5,20211108,195000,54.66,54.67,54.66,54.67,300,0
ISCG.US,5,20211108,200500,54.705,54.705,54.705,54.705,175,0
ISCG.US,5,20211108,201000,54.66,54.66,54.61,54.61,591,0
ISCG.US,5,20211108,201500,54.63,54.63,54.63,54.63,1162,0
ISCG.US,5,20211108,203500,54.62,54.62,54.62,54.62,425,0
ISCG.US,5,20211108,205500,54.555,54.555,54.555,54.555,342,0
ISCG.US,5,20211108,212000,54.6001,54.67,54.6001,54.66,1010,0
ISCG.US,5,20211108,212500,54.66,54.66,54.66,54.66,338,0
ISCG.US,5,20211108,214000,54.54,54.54,54.54,54.54,600,0
ISCG.US,5,20211108,215500,54.51,54.51,54.51,54.51,155,0
ISCG.US,5,20211109,153000,54.39,54.5061,54.39,54.5061,1030,0
ISCG.US,5,20211109,153500,54.58,54.5894,54.58,54.5894,358,0
ISCG.US,5,20211109,154000,54.5999,54.5999,54.5999,54.5999,137,0
ISCG.US,5,20211109,154500,54.37,54.37,54.37,54.37,146,0
ISCG.US,5,20211109,155000,54.2951,54.3,54.29,54.29,806,0
ISCG.US,5,20211109,160000,54.07,54.13,54.07,54.13,1015,0
ISCG.US,5,20211109,161500,54.3377,54.36,54.3377,54.36,237,0
ISCG.US,5,20211109,162000,54.2169,54.2169,54.2169,54.2169,100,0
ISCG.US,5,20211109,162500,54.4,54.4,54.4,54.4,100,0
ISCG.US,5,20211109,165000,54.336,54.336,54.336,54.336,675,0
ISCG.US,5,20211109,170000,54.28,54.28,54.28,54.28,183,0
ISCG.US,5,20211109,170500,54.4799,54.4799,54.4799,54.4799,350,0
ISCG.US,5,20211109,171000,54.3043,54.3043,54.3043,54.3043,369,0
ISCG.US,5,20211109,180500,54.2933,54.3,54.2933,54.3,291,0
ISCG.US,5,20211109,181000,54.35,54.35,54.35,54.35,200,0
ISCG.US,5,20211109,184000,54.28,54.28,54.28,54.28,5620,0
ISCG.US,5,20211109,184500,54.2253,54.2253,54.2253,54.2253,852,0
ISCG.US,5,20211109,190500,54.4,54.4,54.37,54.37,913,0
ISCG.US,5,20211109,191000,54.3,54.3,54.3,54.3,200,0
ISCG.US,5,20211109,193000,54.345,54.345,54.345,54.345,136,0
ISCG.US,5,20211109,193500,54.2927,54.2927,54.2927,54.2927,275,0
ISCG.US,5,20211109,200000,54.175,54.175,54.17,54.17,200,0
ISCG.US,5,20211109,202000,54.318,54.318,54.318,54.318,133,0
ISCG.US,5,20211109,202500,54.345,54.345,54.345,54.345,101,0
ISCG.US,5,20211109,204000,54.37,54.38,54.37,54.38,500,0
ISCG.US,5,20211109,204500,54.36,54.38,54.27,54.27,1030,0
ISCG.US,5,20211109,205500,54.4,54.4,54.35,54.35,570,0
ISCG.US,5,20211109,210500,54.325,54.325,54.325,54.325,162,0
ISCG.US,5,20211109,212000,54.3,54.3,54.3,54.3,400,0
ISCG.US,5,20211109,215000,54.27,54.2748,54.2328,54.2328,665,0
ISCG.US,5,20211109,215500,54.32,54.32,54.25,54.25,412,0
ISCG.US,5,20211110,153000,53.71,53.71,53.63,53.63,200,0
ISCG.US,5,20211110,153500,53.995,54.045,53.995,54.045,300,0
ISCG.US,5,20211110,154500,54.15,54.23,54.1307,54.1307,1762,0
ISCG.US,5,20211110,160500,54.366,54.366,54.366,54.366,185,0
ISCG.US,5,20211110,161000,54.3,54.3,54.3,54.3,106,0
ISCG.US,5,20211110,163000,54.0709,54.0709,54.0709,54.0709,168,0
ISCG.US,5,20211110,164000,54.09,54.09,54.09,54.09,1400,0
ISCG.US,5,20211110,165500,54.075,54.075,54.075,54.075,185,0
ISCG.US,5,20211110,172000,54.2099,54.2099,54.2099,54.2099,1517,0
ISCG.US,5,20211110,175000,54.17,54.17,54.1697,54.1697,590,0
ISCG.US,5,20211110,180000,54.03,54.03,54.03,54.03,100,0
ISCG.US,5,20211110,184500,53.907,53.907,53.907,53.907,250,0
ISCG.US,5,20211110,185000,53.9152,53.9152,53.9126,53.9126,510,0
ISCG.US,5,20211110,190000,53.86,53.86,53.86,53.86,240,0
ISCG.US,5,20211110,191000,53.86,53.86,53.86,53.86,378,0
ISCG.US,5,20211110,192000,53.7032,53.7032,53.7032,53.7032,143,0
ISCG.US,5,20211110,200500,53.3669,53.3669,53.3669,53.3669,423,0
ISCG.US,5,20211110,201000,53.3839,53.3839,53.3839,53.3839,317,0
ISCG.US,5,20211110,201500,53.3923,53.4299,53.3923,53.4299,3624,0
ISCG.US,5,20211110,202000,53.36,53.36,53.36,53.36,200,0
ISCG.US,5,20211110,202500,53.25,53.25,53.25,53.25,1600,0
ISCG.US,5,20211110,203500,53.22,53.22,53.1939,53.215,800,0
ISCG.US,5,20211110,210500,53.14,53.21,53.14,53.21,900,0
ISCG.US,5,20211110,211000,53.2874,53.2874,53.2874,53.2874,1120,0
ISCG.US,5,20211110,212500,53.31,53.31,53.31,53.31,251,0
ISCG.US,5,20211110,215000,53.3,53.31,53.3,53.31,300,0
ISCG.US,5,20211110,215500,53.31,53.31,53.31,53.31,100,0
ISCG.US,5,20211111,153000,53.72,53.72,53.72,53.72,356,0
ISCG.US,5,20211111,153500,53.603,53.603,53.603,53.603,129,0
ISCG.US,5,20211111,155000,53.644,53.644,53.644,53.644,185,0
ISCG.US,5,20211111,160500,53.7,53.7,53.7,53.7,200,0
ISCG.US,5,20211111,164500,53.62,53.62,53.62,53.62,175,0
ISCG.US,5,20211111,172000,53.6,53.6,53.6,53.6,466,0
ISCG.US,5,20211111,172500,53.63,53.63,53.63,53.63,300,0
ISCG.US,5,20211111,173000,53.6,53.6,53.6,53.6,300,0
ISCG.US,5,20211111,173500,53.68,53.68,53.68,53.68,479,0
ISCG.US,5,20211111,182000,53.62,53.62,53.62,53.62,300,0
ISCG.US,5,20211111,200000,53.66,53.71,53.66,53.71,209,0
ISCG.US,5,20211111,201000,53.7199,53.7199,53.7199,53.7199,102,0
ISCG.US,5,20211111,202000,53.6917,53.6917,53.6917,53.6917,509,0
ISCG.US,5,20211111,204500,53.7,53.71,53.66,53.708,2462,0
ISCG.US,5,20211111,210500,53.66,53.66,53.66,53.66,303,0
ISCG.US,5,20211111,211500,53.6,53.6,53.551,53.551,756,0
ISCG.US,5,20211111,212500,53.62,53.62,53.62,53.62,150,0
ISCG.US,5,20211111,213000,53.6248,53.6248,53.6248,53.6248,209,0
ISCG.US,5,20211111,213500,53.5441,53.61,53.5441,53.61,498,0
ISCG.US,5,20211111,214500,53.64,53.64,53.64,53.64,100,0
