<TICKER>,<PER>,<DATE>,<TIME>,<OPEN>,<HIGH>,<LOW>,<CLOSE>,<VOL>,<OPENINT>
RWK.US,5,20210922,153000,86.76,86.95,86.76,86.8,5674,0
RWK.US,5,20210922,154000,87.225,87.225,87.05,87.05,400,0
RWK.US,5,20210922,154500,87.1279,87.16,87.02,87.022,25665,0
RWK.US,5,20210922,160000,87.48,87.48,87.48,87.48,100,0
RWK.US,5,20210922,160500,87.384,87.384,87.31,87.32,6226,0
RWK.US,5,20210922,161500,87.27,87.27,87.26,87.26,300,0
RWK.US,5,20210922,162000,87.2666,87.2666,87.2666,87.2666,1608,0
RWK.US,5,20210922,163500,87.205,87.205,87.205,87.205,100,0
RWK.US,5,20210922,164000,87.27,87.27,87.27,87.27,100,0
RWK.US,5,20210922,171500,87.56,87.655,87.56,87.655,326,0
RWK.US,5,20210922,183000,87.7165,87.7165,87.7165,87.7165,181,0
RWK.US,5,20210922,190000,87.7246,87.7246,87.7246,87.7246,114,0
RWK.US,5,20210922,195000,87.7051,87.7051,87.61,87.61,1357,0
RWK.US,5,20210922,200000,87.79,87.79,87.79,87.79,100,0
RWK.US,5,20210922,203000,88.1091,88.1091,88.1091,88.1091,187,0
RWK.US,5,20210922,203500,88.01,88.01,87.82,87.84,300,0
RWK.US,5,20210922,204000,88,88.0274,87.65,87.66,4732,0
RWK.US,5,20210922,204500,87.54,87.54,87.42,87.42,200,0
RWK.US,5,20210922,205000,87.29,87.51,87.29,87.51,800,0
RWK.US,5,20210922,210500,87.44,87.49,87.37,87.49,400,0
RWK.US,5,20210922,211000,87.63,87.65,87.57,87.65,543,0
RWK.US,5,20210922,211500,87.69,87.71,87.69,87.71,300,0
RWK.US,5,20210922,212000,87.74,87.815,87.74,87.815,3290,0
RWK.US,5,20210922,212500,87.69,87.71,87.69,87.71,200,0
RWK.US,5,20210922,213000,87.69,87.69,87.68,87.68,200,0
RWK.US,5,20210922,213500,87.59,87.7,87.59,87.7,500,0
RWK.US,5,20210922,214000,87.7,87.708,87.5,87.5,343,0
RWK.US,5,20210922,214500,87.52,87.52,87.3,87.3,400,0
RWK.US,5,20210922,215000,87.29,87.36,87.23,87.36,1600,0
RWK.US,5,20210922,215500,87.17,87.18,87.12,87.13,1400,0
RWK.US,5,20210923,153000,87.94,87.94,87.94,87.94,114,0
RWK.US,5,20210923,153500,88.25,88.41,88.25,88.41,200,0
RWK.US,5,20210923,160000,88.955,88.96,88.955,88.96,200,0
RWK.US,5,20210923,163000,88.9367,88.9367,88.9367,88.9367,150,0
RWK.US,5,20210923,175500,89.04,89.05,89.04,89.04,800,0
RWK.US,5,20210923,181500,89.17,89.17,89.17,89.17,610,0
RWK.US,5,20210923,182000,89.1928,89.1928,89.1928,89.1928,455,0
RWK.US,5,20210923,191000,89.2908,89.2908,89.2908,89.2908,175,0
RWK.US,5,20210923,192000,89.2319,89.2319,89.2319,89.2319,116,0
RWK.US,5,20210923,193000,89.2455,89.2455,89.2455,89.2455,219,0
RWK.US,5,20210923,195500,89.4719,89.4719,89.4719,89.4719,118,0
RWK.US,5,20210923,202000,89.3923,89.3923,89.3923,89.3923,527,0
RWK.US,5,20210923,211000,88.94,88.94,88.94,88.94,240,0
RWK.US,5,20210923,213500,88.9202,88.9202,88.9202,88.9202,135,0
RWK.US,5,20210924,155000,88.5163,88.5163,88.5163,88.5163,150,0
RWK.US,5,20210924,155500,88.745,88.745,88.745,88.745,242,0
RWK.US,5,20210924,161000,88.95,88.95,88.95,88.95,6700,0
RWK.US,5,20210924,171000,89.055,89.055,89.055,89.055,1080,0
RWK.US,5,20210924,181000,89.16,89.16,89.16,89.16,200,0
RWK.US,5,20210924,181500,89.142,89.142,89.142,89.142,126,0
RWK.US,5,20210924,185000,89.14,89.14,89.14,89.14,770,0
RWK.US,5,20210924,191000,89.14,89.29,89.14,89.29,6954,0
RWK.US,5,20210924,191500,89.13,89.21,89.12,89.17,1400,0
RWK.US,5,20210924,193000,89.1406,89.1406,89.1406,89.1406,213,0
RWK.US,5,20210924,195000,89.1774,89.1774,89.1774,89.1774,108,0
RWK.US,5,20210924,200500,89.0639,89.0639,89.0453,89.0507,5500,0
RWK.US,5,20210927,154500,89.76,89.76,89.76,89.76,1000,0
RWK.US,5,20210927,155500,90.1114,90.1114,90.1114,90.1114,114,0
RWK.US,5,20210927,160000,90.125,90.125,90.125,90.125,351,0
RWK.US,5,20210927,161000,90.265,90.37,90.24,90.37,2280,0
RWK.US,5,20210927,163500,90.34,90.34,90.34,90.34,100,0
RWK.US,5,20210927,164000,90.39,90.39,90.39,90.39,100,0
RWK.US,5,20210927,173000,90.5423,90.5585,90.5423,90.5585,231,0
RWK.US,5,20210927,174500,90.5395,90.5395,90.5395,90.5395,200,0
RWK.US,5,20210927,175000,90.6333,90.6333,90.6333,90.6333,100,0
RWK.US,5,20210927,194000,90.53,90.53,90.53,90.53,131,0
RWK.US,5,20210927,200500,90.635,90.635,90.635,90.635,295,0
RWK.US,5,20210927,210500,90.5629,90.5629,90.5629,90.5629,504,0
RWK.US,5,20210927,211000,90.6,90.6,90.6,90.6,319,0
RWK.US,5,20210927,211500,90.56,90.56,90.56,90.56,424,0
RWK.US,5,20210927,212500,90.4334,90.4334,90.4334,90.4334,227,0
RWK.US,5,20210928,155000,90.04,90.04,90.04,90.04,100,0
RWK.US,5,20210928,155500,89.6846,89.6846,89.6846,89.6846,150,0
RWK.US,5,20210928,160000,89.715,89.715,89.456,89.645,939,0
RWK.US,5,20210928,162500,89.11,89.11,89.11,89.11,400,0
RWK.US,5,20210928,163000,89.275,89.275,89.275,89.275,160,0
RWK.US,5,20210928,164500,89.62,89.64,89.62,89.64,200,0
RWK.US,5,20210928,172500,89.39,89.44,89.19,89.19,7091,0
RWK.US,5,20210928,174500,89.21,89.31,89.21,89.31,780,0
RWK.US,5,20210928,182000,89.1548,89.1548,89.1548,89.1548,126,0
RWK.US,5,20210928,184000,88.998,88.998,88.998,88.998,130,0
RWK.US,5,20210928,191000,89.22,89.22,89.22,89.22,100,0
RWK.US,5,20210928,193500,89.19,89.19,89.19,89.19,188,0
RWK.US,5,20210928,194000,89.2234,89.2676,89.2234,89.2676,613,0
RWK.US,5,20210928,200000,89.0582,89.0582,89.0582,89.0582,156,0
RWK.US,5,20210928,202500,89.2235,89.33,89.2235,89.33,429,0
RWK.US,5,20210928,203000,89.288,89.288,89.288,89.288,171,0
RWK.US,5,20210928,204500,89.55,89.55,89.55,89.55,100,0
RWK.US,5,20210928,210000,89.52,89.52,89.52,89.52,222,0
RWK.US,5,20210928,210500,89.48,89.48,89.48,89.48,198,0
RWK.US,5,20210928,213500,89.24,89.3099,89.24,89.3099,695,0
RWK.US,5,20210928,214000,89.31,89.31,89.31,89.31,198,0
RWK.US,5,20210928,215000,89.11,89.11,89.055,89.055,418,0
RWK.US,5,20210928,215500,89.041,89.041,89.025,89.025,2035,0
RWK.US,5,20210929,154000,88.9013,88.9013,88.9013,88.9013,113,0
RWK.US,5,20210929,160000,89.35,89.529,89.23,89.23,1400,0
RWK.US,5,20210929,161000,89.125,89.125,89.046,89.046,2000,0
RWK.US,5,20210929,172000,89.305,89.305,89.2315,89.275,855,0
RWK.US,5,20210929,173500,89.0561,89.0561,89.0561,89.0561,125,0
RWK.US,5,20210929,182000,89,89,88.9,88.9,3000,0
RWK.US,5,20210929,182500,88.88,88.88,88.88,88.88,800,0
RWK.US,5,20210929,195000,88.995,88.995,88.995,88.995,330,0
RWK.US,5,20210929,200500,88.99,88.99,88.99,88.99,4972,0
RWK.US,5,20210929,201500,89.23,89.23,89.1798,89.1798,905,0
RWK.US,5,20210929,203000,89.23,89.23,89.23,89.23,400,0
RWK.US,5,20210929,203500,89.23,89.23,89.23,89.23,800,0
RWK.US,5,20210929,204000,89.23,89.3,89.23,89.3,779,0
RWK.US,5,20210929,204500,89.31,89.31,89.31,89.31,200,0
RWK.US,5,20210929,211500,89.23,89.23,89.23,89.23,200,0
RWK.US,5,20210929,215000,89.04,89.04,89.03,89.03,286,0
RWK.US,5,20210929,215500,89,89,88.84,88.84,1492,0
RWK.US,5,20210930,153000,89.31,89.31,89.31,89.31,648,0
RWK.US,5,20210930,153500,89.2,89.2,89.2,89.2,101,0
RWK.US,5,20210930,162000,88.48,88.48,88.48,88.48,219,0
RWK.US,5,20210930,163000,88.4,88.4,88.24,88.24,200,0
RWK.US,5,20210930,163500,88.42,88.42,88.42,88.42,9744,0
RWK.US,5,20210930,164000,88.31,88.31,88.31,88.31,22211,0
RWK.US,5,20210930,164500,88.3,88.3,88.3,88.3,100,0
RWK.US,5,20210930,165000,88.2889,88.2889,88.2889,88.2889,120,0
RWK.US,5,20210930,170500,88.3,88.3,88.3,88.3,100,0
RWK.US,5,20210930,171000,88.3461,88.3461,88.3461,88.3461,164,0
RWK.US,5,20210930,172500,88.46,88.46,88.46,88.46,100,0
RWK.US,5,20210930,173500,88.1141,88.1141,88.1141,88.1141,9776,0
RWK.US,5,20210930,174500,87.99,87.99,87.99,87.99,100,0
RWK.US,5,20210930,180500,87.765,87.765,87.765,87.765,439,0
RWK.US,5,20210930,181000,87.55,87.55,87.55,87.55,100,0
RWK.US,5,20210930,183000,87.37,87.37,87.37,87.37,100,0
RWK.US,5,20210930,184000,87.495,87.495,87.495,87.495,761,0
RWK.US,5,20210930,184500,87.565,87.565,87.565,87.565,166,0
RWK.US,5,20210930,190500,87.76,87.76,87.76,87.76,100,0
RWK.US,5,20210930,192000,87.8,87.8,87.8,87.8,356,0
RWK.US,5,20210930,193000,87.5022,87.5022,87.5022,87.5022,1042,0
RWK.US,5,20210930,194500,87.55,87.55,87.55,87.55,100,0
RWK.US,5,20210930,201500,87.93,87.93,87.93,87.93,100,0
RWK.US,5,20210930,202000,87.8307,87.8307,87.6921,87.6921,2897,0
RWK.US,5,20210930,204000,87.96,88.02,87.8901,88.02,3698,0
RWK.US,5,20210930,205500,87.88,87.88,87.88,87.88,100,0
RWK.US,5,20210930,210500,87.82,87.82,87.82,87.82,100,0
RWK.US,5,20210930,211000,87.972,87.972,87.972,87.972,328,0
RWK.US,5,20210930,211500,87.89,87.98,87.89,87.98,840,0
RWK.US,5,20210930,214000,87.73,87.73,87.73,87.73,100,0
RWK.US,5,20210930,215500,87.2389,87.2389,87.2389,87.2389,330,0
RWK.US,5,20211001,153000,87.4238,87.4238,87.4238,87.4238,113,0
RWK.US,5,20211001,155500,87.27,87.27,87.27,87.27,10656,0
RWK.US,5,20211001,160000,87.51,87.51,87.365,87.51,436,0
RWK.US,5,20211001,161500,87.46,87.46,87.46,87.46,1300,0
RWK.US,5,20211001,162000,87.145,87.145,87.145,87.145,141,0
RWK.US,5,20211001,162500,87.025,87.025,87.025,87.025,131,0
RWK.US,5,20211001,163000,86.95,87.04,86.95,86.963,1077,0
RWK.US,5,20211001,163500,87.06,87.06,86.59,86.63,19316,0
RWK.US,5,20211001,164000,86.92,86.92,86.92,86.92,1100,0
RWK.US,5,20211001,164500,86.73,86.75,86.73,86.73,1500,0
RWK.US,5,20211001,165500,86.86,87.0098,86.86,87.0098,9439,0
RWK.US,5,20211001,170500,87.12,87.12,87.001,87.0175,2176,0
RWK.US,5,20211001,171000,86.9,87.222,86.9,87.222,1111,0
RWK.US,5,20211001,171500,87.18,87.2479,87.17,87.2479,528,0
RWK.US,5,20211001,172000,87.2282,87.2282,87.2282,87.2282,1126,0
RWK.US,5,20211001,175500,87.79,87.79,87.79,87.79,100,0
RWK.US,5,20211001,182000,87.8,87.95,87.78,87.95,1426,0
RWK.US,5,20211001,183500,88.0302,88.0302,88.0302,88.0302,208,0
RWK.US,5,20211001,185500,88.1459,88.1459,88.1459,88.1459,127,0
RWK.US,5,20211001,190000,87.99,87.99,87.99,87.99,100,0
RWK.US,5,20211001,191500,88.2163,88.2163,88.2163,88.2163,213,0
RWK.US,5,20211001,192000,88.1985,88.1985,88.1985,88.1985,160,0
RWK.US,5,20211001,192500,88.2824,88.2824,88.2824,88.2824,177,0
RWK.US,5,20211001,194500,88.485,88.49,88.485,88.49,531,0
RWK.US,5,20211001,200000,88.7317,88.7317,88.7317,88.7317,300,0
RWK.US,5,20211001,200500,88.7212,88.7212,88.7212,88.7212,657,0
RWK.US,5,20211001,203000,89.0199,89.0199,89.0199,89.0199,261,0
RWK.US,5,20211001,203500,89.0099,89.0099,88.8417,88.8632,1183,0
RWK.US,5,20211001,213000,88.72,88.72,88.72,88.72,400,0
RWK.US,5,20211001,214500,88.61,88.61,88.61,88.61,100,0
RWK.US,5,20211001,215500,88.48,88.48,88.48,88.48,100,0
RWK.US,5,20211004,155000,89.215,89.215,89.215,89.215,136,0
RWK.US,5,20211004,160000,89.14,89.14,89.14,89.14,300,0
RWK.US,5,20211004,162000,88.73,88.73,88.73,88.73,640,0
RWK.US,5,20211004,163500,88.44,88.44,88.44,88.44,100,0
RWK.US,5,20211004,165000,88.3804,88.3804,88.3804,88.3804,399,0
RWK.US,5,20211004,171000,88.3723,88.3723,88.3723,88.3723,1000,0
RWK.US,5,20211004,173500,88.25,88.25,88.25,88.25,900,0
RWK.US,5,20211004,175500,88.63,88.63,88.63,88.63,100,0
RWK.US,5,20211004,182000,88.7437,88.7437,88.74,88.74,200,0
RWK.US,5,20211004,193500,88.68,88.68,88.68,88.68,126,0
RWK.US,5,20211004,194000,88.7546,88.7546,88.5583,88.5583,425,0
RWK.US,5,20211004,200000,88.53,88.53,88.52,88.52,200,0
RWK.US,5,20211004,201500,88.4899,88.4899,88.3153,88.4146,2855,0
RWK.US,5,20211004,204500,88.45,88.474,88.45,88.474,400,0
RWK.US,5,20211004,210500,88.4467,88.4467,88.4467,88.4467,150,0
RWK.US,5,20211004,211000,88.39,88.39,88.39,88.39,3200,0
RWK.US,5,20211004,212500,88.36,88.36,88.35,88.35,900,0
RWK.US,5,20211004,213000,88.3,88.5688,88.3,88.4211,856,0
RWK.US,5,20211004,214000,88.63,88.63,88.63,88.63,100,0
RWK.US,5,20211005,153000,89.09,89.09,88.4,88.68,6686,0
RWK.US,5,20211005,154500,88.62,88.62,88.47,88.47,449,0
RWK.US,5,20211005,155000,88.32,88.455,88.32,88.455,421,0
RWK.US,5,20211005,161000,88.81,88.81,88.81,88.81,200,0
RWK.US,5,20211005,162500,89.0251,89.1633,89.0251,89.1633,648,0
RWK.US,5,20211005,163000,89.14,89.14,89.14,89.14,134,0
RWK.US,5,20211005,163500,89.2176,89.2176,89.2176,89.2176,550,0
RWK.US,5,20211005,170500,89.42,89.42,89.42,89.42,455,0
RWK.US,5,20211005,172500,89.25,89.25,89.25,89.25,100,0
RWK.US,5,20211005,173000,89.21,89.21,89.21,89.21,100,0
RWK.US,5,20211005,173500,89.145,89.145,89.145,89.145,100,0
RWK.US,5,20211005,175500,88.9,88.91,88.9,88.91,200,0
RWK.US,5,20211005,180000,88.9,88.9,88.9,88.9,100,0
RWK.US,5,20211005,182500,88.42,88.42,88.42,88.42,242,0
RWK.US,5,20211005,190500,88.6,88.6,88.6,88.6,152,0
RWK.US,5,20211005,194500,88.7273,88.7273,88.7273,88.7273,255,0
RWK.US,5,20211005,195000,88.7453,88.7453,88.7453,88.7453,225,0
RWK.US,5,20211005,195500,88.6746,88.6746,88.6746,88.6746,305,0
RWK.US,5,20211005,200000,88.7666,88.7666,88.7666,88.7666,330,0
RWK.US,5,20211005,201000,88.715,88.715,88.715,88.715,147,0
RWK.US,5,20211005,202000,88.6301,88.6301,88.6301,88.6301,195,0
RWK.US,5,20211005,203500,88.82,88.82,88.82,88.82,120,0
RWK.US,5,20211005,205000,88.85,88.8575,88.85,88.8575,232,0
RWK.US,5,20211005,211500,88.8551,88.8551,88.8551,88.8551,338,0
RWK.US,5,20211005,215500,88.92,88.92,88.92,88.92,231,0
RWK.US,5,20211006,153000,87.92,87.92,87.825,87.825,735,0
RWK.US,5,20211006,160500,87.2584,87.2584,87.2584,87.2584,133,0
RWK.US,5,20211006,174500,86.86,86.86,86.86,86.86,665,0
RWK.US,5,20211006,182000,87.064,87.066,87.064,87.066,200,0
RWK.US,5,20211006,185500,87.1508,87.1508,87.1508,87.1508,122,0
RWK.US,5,20211006,190000,87.1218,87.1218,87.1218,87.1218,110,0
RWK.US,5,20211006,191000,87.115,87.115,87.115,87.115,106,0
RWK.US,5,20211006,193000,87.578,87.578,87.52,87.52,255,0
RWK.US,5,20211006,195000,87.727,87.727,87.727,87.727,133,0
RWK.US,5,20211006,214000,87.91,87.91,87.91,87.91,100,0
RWK.US,5,20211006,215500,88.02,88.03,88.01,88.03,1200,0
RWK.US,5,20211007,154000,89.5499,89.5499,89.5499,89.5499,250,0
RWK.US,5,20211007,161000,89.63,89.65,89.63,89.65,1200,0
RWK.US,5,20211007,163500,89.71,89.71,89.71,89.71,100,0
RWK.US,5,20211007,165000,89.85,89.85,89.85,89.85,100,0
RWK.US,5,20211007,173500,90.0599,90.0599,90.003,90.003,217,0
RWK.US,5,20211007,175500,89.9261,89.9261,89.9261,89.9261,407,0
RWK.US,5,20211007,183000,89.87,89.87,89.87,89.87,199,0
RWK.US,5,20211007,183500,89.9567,89.9567,89.9567,89.9567,845,0
RWK.US,5,20211007,195500,89.975,89.975,89.975,89.975,286,0
RWK.US,5,20211007,201000,89.88,89.88,89.88,89.88,400,0
RWK.US,5,20211007,201500,89.885,89.885,89.885,89.885,100,0
RWK.US,5,20211007,202000,89.72,89.72,89.72,89.72,100,0
RWK.US,5,20211007,202500,89.66,89.66,89.64,89.64,200,0
RWK.US,5,20211007,203000,89.6992,89.6992,89.6992,89.6992,1383,0
RWK.US,5,20211007,210000,89.59,89.59,89.59,89.59,216,0
RWK.US,5,20211007,212000,89.6344,89.6344,89.6344,89.6344,738,0
RWK.US,5,20211007,215000,89.31,89.31,89.31,89.31,131,0
RWK.US,5,20211007,215500,89.3,89.3,89.3,89.3,100,0
RWK.US,5,20211008,161500,89.79,89.79,89.79,89.79,100,0
RWK.US,5,20211008,162000,89.71,89.71,89.69,89.69,200,0
RWK.US,5,20211008,162500,89.6,89.6,89.6,89.6,100,0
RWK.US,5,20211008,163500,89.73,89.77,89.7,89.7,941,0
RWK.US,5,20211008,171500,89.8366,89.8366,89.8366,89.8366,220,0
RWK.US,5,20211008,185000,89.54,89.54,89.54,89.54,356,0
RWK.US,5,20211008,191500,89.33,89.33,89.29,89.29,200,0
RWK.US,5,20211008,202000,89.48,89.48,89.48,89.48,2326,0
RWK.US,5,20211008,204000,89.51,89.51,89.51,89.51,106,0
RWK.US,5,20211008,214000,89.46,89.46,89.46,89.46,125,0
RWK.US,5,20211008,215500,89.18,89.18,89.18,89.18,400,0
RWK.US,5,20211011,154500,89.5701,89.5701,89.5701,89.5701,2839,0
RWK.US,5,20211011,160000,89.737,89.8672,89.68,89.68,16283,0
RWK.US,5,20211011,160500,89.69,89.69,89.69,89.69,400,0
RWK.US,5,20211011,162000,89.86,89.86,89.84,89.84,257,0
RWK.US,5,20211011,163000,89.945,89.945,89.945,89.945,569,0
RWK.US,5,20211011,165500,90.0172,90.0172,90.0172,90.0172,706,0
RWK.US,5,20211011,170000,89.9827,89.9827,89.9827,89.9827,380,0
RWK.US,5,20211011,180000,89.9728,89.9728,89.9728,89.9728,483,0
RWK.US,5,20211011,181500,89.56,89.56,89.53,89.53,200,0
RWK.US,5,20211011,183000,89.5575,89.5575,89.5575,89.5575,140,0
RWK.US,5,20211011,184500,89.459,89.459,89.459,89.459,103,0
RWK.US,5,20211011,190500,89.2,89.22,89.18,89.18,600,0
RWK.US,5,20211011,191000,89.225,89.225,89.225,89.225,100,0
RWK.US,5,20211011,191500,89.1722,89.1722,89.1722,89.1722,133,0
RWK.US,5,20211011,200500,89.195,89.195,89.195,89.195,1066,0
RWK.US,5,20211011,205500,89.2279,89.2279,89.2279,89.2279,350,0
RWK.US,5,20211011,210000,89.246,89.246,89.246,89.246,174,0
RWK.US,5,20211011,212000,89.1691,89.1691,89.1691,89.1691,2783,0
RWK.US,5,20211011,215500,88.58,88.58,88.58,88.58,400,0
RWK.US,5,20211012,153000,88.85,88.85,88.85,88.85,201,0
RWK.US,5,20211012,153500,88.9065,88.9065,88.9065,88.9065,521,0
RWK.US,5,20211012,155000,89.01,89.01,89.01,89.01,400,0
RWK.US,5,20211012,155500,89.28,89.28,89.28,89.28,136,0
RWK.US,5,20211012,160000,89,89,88.89,88.89,400,0
RWK.US,5,20211012,160500,88.79,88.79,88.79,88.79,100,0
RWK.US,5,20211012,161500,88.7,88.7,88.7,88.7,100,0
RWK.US,5,20211012,163000,88.79,88.79,88.79,88.79,100,0
RWK.US,5,20211012,163500,88.92,89.01,88.92,89,300,0
RWK.US,5,20211012,171000,89.2124,89.2124,89.2124,89.2124,505,0
RWK.US,5,20211012,172500,89.158,89.158,89.158,89.158,505,0
RWK.US,5,20211012,173000,89.11,89.11,89.11,89.11,250,0
RWK.US,5,20211012,173500,89.1816,89.1816,89.1816,89.1816,505,0
RWK.US,5,20211012,174500,89.1,89.1,89.1,89.1,454,0
RWK.US,5,20211012,201000,89.0665,89.0665,89.0665,89.0665,949,0
RWK.US,5,20211012,202500,89.2763,89.2763,89.2763,89.2763,277,0
RWK.US,5,20211012,203000,89.28,89.28,89.28,89.28,85229,0
RWK.US,5,20211012,204000,89.305,89.305,89.305,89.305,100,0
RWK.US,5,20211012,204500,89.273,89.273,89.273,89.273,132,0
RWK.US,5,20211012,210000,89.25,89.31,89.16,89.16,445,0
RWK.US,5,20211012,212000,89.11,89.11,89.11,89.11,280,0
RWK.US,5,20211012,212500,89.0401,89.0401,89.0401,89.0401,1076,0
RWK.US,5,20211013,153000,89.01,89.01,89.01,89.01,350,0
RWK.US,5,20211013,153500,89.14,89.14,89.14,89.14,322,0
RWK.US,5,20211013,160000,88.41,88.41,88.31,88.31,200,0
RWK.US,5,20211013,160500,88.23,88.23,88.23,88.23,100,0
RWK.US,5,20211013,161000,88.14,88.14,88.14,88.14,100,0
RWK.US,5,20211013,161500,88.11,88.11,88.11,88.11,300,0
RWK.US,5,20211013,163000,88.2499,88.2499,88.2499,88.2499,136,0
RWK.US,5,20211013,163500,88.3447,88.3447,88.3447,88.3447,184,0
RWK.US,5,20211013,170500,88.8614,88.8614,88.8614,88.8614,300,0
RWK.US,5,20211013,171500,89.0101,89.0101,89.0101,89.0101,1048,0
RWK.US,5,20211013,181000,88.805,88.805,88.805,88.805,108,0
RWK.US,5,20211013,181500,88.821,88.821,88.821,88.821,126,0
RWK.US,5,20211013,182000,88.8726,88.8726,88.8726,88.8726,200,0
RWK.US,5,20211013,184000,89.07,89.09,88.97,88.97,800,0
RWK.US,5,20211013,190000,88.9623,88.9623,88.9623,88.9623,311,0
RWK.US,5,20211013,195500,89.055,89.055,89.055,89.055,104,0
RWK.US,5,20211013,200000,89.09,89.18,89.09,89.18,200,0
RWK.US,5,20211013,200500,89.12,89.12,88.885,88.885,650,0
RWK.US,5,20211013,203000,88.9984,88.9984,88.9984,88.9984,224,0
RWK.US,5,20211013,210500,88.8,88.8,88.8,88.8,812,0
RWK.US,5,20211013,213000,88.8001,88.8001,88.8001,88.8001,395,0
RWK.US,5,20211013,213500,88.9049,88.9049,88.9049,88.9049,1263,0
RWK.US,5,20211013,214000,88.9065,88.9065,88.9065,88.9065,179,0
RWK.US,5,20211013,215000,89.01,89.12,89.01,89.11,1000,0
RWK.US,5,20211013,215500,89.05,89.09,89.05,89.09,200,0
RWK.US,5,20211014,153000,89.78,89.78,89.78,89.78,1182,0
RWK.US,5,20211014,154000,89.8,89.8,89.64,89.64,222,0
RWK.US,5,20211014,155000,89.8291,89.8291,89.8291,89.8291,135,0
RWK.US,5,20211014,160000,90.04,90.05,90.04,90.05,300,0
RWK.US,5,20211014,161000,90.0784,90.0784,90.0784,90.0784,110,0
RWK.US,5,20211014,162000,90.1401,90.1835,90.1401,90.1835,436,0
RWK.US,5,20211014,162500,90.1957,90.1957,90.1957,90.1957,103,0
RWK.US,5,20211014,165000,90.32,90.32,90.32,90.32,186,0
RWK.US,5,20211014,171000,90.2,90.2,90.2,90.2,177,0
RWK.US,5,20211014,174000,90.2608,90.2608,90.2608,90.2608,1400,0
RWK.US,5,20211014,183000,90.395,90.395,90.395,90.395,210,0
RWK.US,5,20211014,202000,90.545,90.545,90.545,90.545,329,0
RWK.US,5,20211014,203500,90.6802,90.6802,90.6802,90.6802,213,0
RWK.US,5,20211014,204000,90.6257,90.6257,90.6257,90.6257,366,0
RWK.US,5,20211014,205500,90.655,90.81,90.62,90.81,3700,0
RWK.US,5,20211014,212000,90.4709,90.4709,90.4709,90.4709,371,0
RWK.US,5,20211014,213500,90.33,90.33,90.33,90.33,500,0
RWK.US,5,20211014,214000,90.36,90.36,90.345,90.345,1050,0
RWK.US,5,20211014,214500,90.38,90.38,90.38,90.38,100,0
RWK.US,5,20211014,215000,90.485,90.485,90.485,90.485,520,0
RWK.US,5,20211015,153000,91.37,91.37,91.37,91.37,185,0
RWK.US,5,20211015,160000,91.39,91.39,91.2962,91.2962,3600,0
RWK.US,5,20211015,160500,91.39,91.39,91.37,91.37,400,0
RWK.US,5,20211015,162000,91.46,91.46,91.46,91.46,727,0
RWK.US,5,20211015,163500,91.1989,91.1989,91.1989,91.1989,100,0
RWK.US,5,20211015,165000,91.4774,91.4774,91.4774,91.4774,159,0
RWK.US,5,20211015,170000,91.4272,91.4272,91.4272,91.4272,130,0
RWK.US,5,20211015,181000,91.21,91.21,91.21,91.21,131,0
RWK.US,5,20211015,184500,91.1701,91.1701,91.1701,91.1701,100,0
RWK.US,5,20211015,191000,91.1807,91.1807,91.1807,91.1807,132,0
RWK.US,5,20211015,192500,91.0098,91.0098,91.0098,91.0098,275,0
RWK.US,5,20211015,195000,91.28,91.28,91.28,91.28,200,0
RWK.US,5,20211015,200000,91.26,91.26,91.26,91.26,117,0
RWK.US,5,20211015,200500,91.2525,91.2525,91.2525,91.2525,400,0
RWK.US,5,20211015,201000,91.18,91.18,91.18,91.18,151,0
RWK.US,5,20211015,201500,91.2803,91.2803,91.2803,91.2803,135,0
RWK.US,5,20211015,205500,91.0801,91.0801,91.0801,91.0801,135,0
RWK.US,5,20211015,213000,91.0931,91.0931,90.995,90.995,3082,0
RWK.US,5,20211015,213500,90.9887,90.9887,90.9887,90.9887,294,0
RWK.US,5,20211018,153000,90.54,90.54,90.54,90.54,2137,0
RWK.US,5,20211018,161000,90.471,90.471,90.471,90.471,126,0
RWK.US,5,20211018,163500,90.565,90.565,90.565,90.565,661,0
RWK.US,5,20211018,164500,90.6545,90.6545,90.6545,90.6545,664,0
RWK.US,5,20211018,170000,90.58,90.58,90.58,90.58,1100,0
RWK.US,5,20211018,172500,90.765,90.765,90.68,90.75,1285,0
RWK.US,5,20211018,173000,90.693,90.693,90.693,90.693,484,0
RWK.US,5,20211018,175000,90.84,90.84,90.84,90.84,100,0
RWK.US,5,20211018,182000,90.9,90.9,90.9,90.9,400,0
RWK.US,5,20211018,190500,90.8843,90.8843,90.8843,90.8843,120,0
RWK.US,5,20211018,202000,90.7599,90.7599,90.7599,90.7599,273,0
RWK.US,5,20211018,202500,90.672,90.672,90.672,90.672,172,0
RWK.US,5,20211018,211500,90.6852,90.7024,90.6852,90.7024,335,0
RWK.US,5,20211018,215500,90.83,90.83,90.83,90.83,200,0
RWK.US,5,20211019,153000,91.06,91.19,91.06,91.153,721,0
RWK.US,5,20211019,155500,90.8175,90.8175,90.8175,90.8175,100,0
RWK.US,5,20211019,160000,90.7871,90.7871,90.7871,90.7871,143,0
RWK.US,5,20211019,161000,90.78,90.78,90.78,90.78,191,0
RWK.US,5,20211019,162000,90.755,90.755,90.755,90.755,157,0
RWK.US,5,20211019,162500,90.59,90.59,90.59,90.59,7600,0
RWK.US,5,20211019,171500,90.835,90.835,90.835,90.835,100,0
RWK.US,5,20211019,193000,91.06,91.08,91.03,91.03,300,0
RWK.US,5,20211019,195000,91.0524,91.11,91.0524,91.11,603,0
RWK.US,5,20211019,195500,91.1684,91.1684,91.1684,91.1684,365,0
RWK.US,5,20211019,202000,90.945,90.945,90.8738,90.8738,642,0
RWK.US,5,20211019,210500,90.9019,90.9019,90.9019,90.9019,367,0
RWK.US,5,20211019,211000,90.92,90.92,90.92,90.92,114,0
RWK.US,5,20211019,211500,91.0568,91.0568,91.0568,91.0568,454,0
RWK.US,5,20211019,212000,90.94,90.94,90.94,90.94,100,0
RWK.US,5,20211019,213000,90.765,90.765,90.765,90.765,1016,0
RWK.US,5,20211019,215000,90.855,90.855,90.855,90.855,115,0
RWK.US,5,20211020,153000,90.82,90.82,90.82,90.82,211,0
RWK.US,5,20211020,153500,91.0756,91.0756,90.9282,90.9282,219,0
RWK.US,5,20211020,161500,91.435,91.435,91.435,91.435,147,0
RWK.US,5,20211020,162000,91.47,91.47,91.47,91.47,113,0
RWK.US,5,20211020,162500,91.52,91.52,91.52,91.52,100,0
RWK.US,5,20211020,163000,91.81,91.81,91.81,91.81,300,0
RWK.US,5,20211020,173500,91.82,91.82,91.82,91.82,163,0
RWK.US,5,20211020,175000,91.913,91.955,91.913,91.955,700,0
RWK.US,5,20211020,180500,91.985,91.985,91.985,91.985,300,0
RWK.US,5,20211020,183500,91.9791,91.9791,91.9791,91.9791,500,0
RWK.US,5,20211020,190000,91.96,91.96,91.96,91.96,109,0
RWK.US,5,20211020,190500,92,92,92,92,270,0
RWK.US,5,20211020,193000,91.7101,91.7101,91.7101,91.7101,165,0
RWK.US,5,20211020,194500,91.9,91.9,91.702,91.7841,3837,0
RWK.US,5,20211020,195000,91.78,91.78,91.78,91.78,200,0
RWK.US,5,20211020,204500,91.7719,91.7719,91.7719,91.7719,144,0
RWK.US,5,20211020,205500,91.6487,91.72,91.6487,91.72,453,0
RWK.US,5,20211020,210000,91.71,91.7341,91.66,91.66,1039,0
RWK.US,5,20211020,212000,91.62,91.62,91.62,91.62,180,0
RWK.US,5,20211020,214000,91.5433,91.5433,91.5433,91.5433,272,0
RWK.US,5,20211020,214500,91.635,91.635,91.635,91.635,611,0
RWK.US,5,20211021,153000,91.83,91.8693,91.83,91.8693,648,0
RWK.US,5,20211021,154000,91.9312,91.9312,91.7652,91.7652,324,0
RWK.US,5,20211021,155000,91.95,91.95,91.95,91.95,100,0
RWK.US,5,20211021,161000,92.1,92.1,92.1,92.1,200,0
RWK.US,5,20211021,162500,91.915,91.915,91.915,91.915,260,0
RWK.US,5,20211021,174000,91.4226,91.4226,91.4226,91.4226,130,0
RWK.US,5,20211021,175500,91.46,91.46,91.46,91.46,218,0
RWK.US,5,20211021,181500,91.58,91.6,91.4804,91.4804,822,0
RWK.US,5,20211021,185500,91.491,91.491,91.491,91.491,215,0
RWK.US,5,20211021,194500,91.7,91.7,91.7,91.7,360,0
RWK.US,5,20211021,195500,91.478,91.478,91.478,91.478,860,0
RWK.US,5,20211021,200000,91.665,91.665,91.665,91.665,495,0
RWK.US,5,20211021,201000,91.77,91.8,91.76,91.8,493,0
RWK.US,5,20211021,202500,91.7307,91.7307,91.7307,91.7307,103,0
RWK.US,5,20211021,203000,91.6301,91.6301,91.6301,91.6301,100,0
RWK.US,5,20211021,205000,91.74,91.8,91.74,91.8,939,0
RWK.US,5,20211021,205500,91.68,91.81,91.68,91.81,1000,0
RWK.US,5,20211021,212000,91.8977,91.8977,91.8977,91.8977,520,0
RWK.US,5,20211021,214500,92.005,92.005,92.005,92.005,110,0
RWK.US,5,20211021,215000,91.87,91.87,91.87,91.87,181,0
RWK.US,5,20211022,154500,92.535,92.535,92.535,92.535,539,0
RWK.US,5,20211022,155500,92.7999,92.7999,92.7999,92.7999,1500,0
RWK.US,5,20211022,162500,92.7397,92.7397,92.7397,92.7397,153,0
RWK.US,5,20211022,164000,92.73,92.73,92.73,92.73,130,0
RWK.US,5,20211022,164500,92.7192,92.7192,92.7192,92.7192,217,0
RWK.US,5,20211022,165000,92.705,92.705,92.705,92.705,115,0
RWK.US,5,20211022,165500,92.62,92.62,92.62,92.62,148,0
RWK.US,5,20211022,170000,92.625,92.625,92.625,92.625,110,0
RWK.US,5,20211022,175500,92.0353,92.0353,92.0353,92.0353,152,0
RWK.US,5,20211022,180500,92.0701,92.0701,92.0701,92.0701,196,0
RWK.US,5,20211022,200500,92.3256,92.3256,92.3256,92.3256,229,0
RWK.US,5,20211022,201500,92.38,92.38,92.355,92.355,200,0
RWK.US,5,20211022,202500,92.3581,92.3581,92.3581,92.3581,200,0
RWK.US,5,20211022,203500,92.5,92.5,92.5,92.5,100,0
RWK.US,5,20211022,210500,92.32,92.32,92.32,92.32,425,0
RWK.US,5,20211022,211000,92.24,92.37,92.2,92.37,1046,0
RWK.US,5,20211022,212000,92.255,92.255,92.255,92.255,588,0
RWK.US,5,20211022,213000,92.4233,92.4233,92.4233,92.4233,138,0
RWK.US,5,20211022,213500,92.3073,92.3073,92.3073,92.3073,108,0
RWK.US,5,20211022,214500,92.3001,92.3001,92.3001,92.3001,216,0
RWK.US,5,20211022,215000,92.3,92.37,92.28,92.37,11513,0
RWK.US,5,20211025,153000,92.52,92.52,92.52,92.52,119,0
RWK.US,5,20211025,155500,92.45,92.45,92.45,92.45,100,0
RWK.US,5,20211025,160000,92.77,92.77,92.77,92.77,100,0
RWK.US,5,20211025,162000,92.89,92.92,92.89,92.92,400,0
RWK.US,5,20211025,162500,92.92,92.92,92.92,92.92,100,0
RWK.US,5,20211025,163000,92.92,92.92,92.92,92.92,100,0
RWK.US,5,20211025,164000,92.965,92.965,92.965,92.965,294,0
RWK.US,5,20211025,164500,92.9012,92.955,92.9012,92.955,229,0
RWK.US,5,20211025,165000,92.955,92.955,92.955,92.955,100,0
RWK.US,5,20211025,165500,92.8901,93.03,92.8901,93.03,200,0
RWK.US,5,20211025,170000,93.03,93.03,93.03,93.03,100,0
RWK.US,5,20211025,170500,92.93,93.03,92.93,93.03,376,0
RWK.US,5,20211025,171500,93.18,93.18,93.18,93.18,100,0
RWK.US,5,20211025,172000,93.25,93.25,93.25,93.25,100,0
RWK.US,5,20211025,172500,93.26,93.26,93.26,93.26,100,0
RWK.US,5,20211025,173000,93.27,93.27,93.27,93.27,100,0
RWK.US,5,20211025,173500,93.28,93.28,93.28,93.28,100,0
RWK.US,5,20211025,174500,93.32,93.32,93.32,93.32,100,0
RWK.US,5,20211025,175000,93.34,93.34,93.34,93.34,100,0
RWK.US,5,20211025,175500,93.44,93.44,93.44,93.44,100,0
RWK.US,5,20211025,180000,93.43,93.43,93.43,93.43,100,0
RWK.US,5,20211025,181000,93.48,93.48,93.48,93.48,100,0
RWK.US,5,20211025,181500,93.39,93.39,93.39,93.39,100,0
RWK.US,5,20211025,182500,93.36,93.36,93.36,93.36,100,0
RWK.US,5,20211025,183000,93.31,93.31,93.31,93.31,100,0
RWK.US,5,20211025,184000,93.18,93.18,93.18,93.18,100,0
RWK.US,5,20211025,185000,93.16,93.16,93.16,93.16,100,0
RWK.US,5,20211025,185500,93.14,93.14,93.14,93.14,100,0
RWK.US,5,20211025,190500,93.2,93.2,93.2,93.2,100,0
RWK.US,5,20211025,191500,93.25,93.25,93.25,93.25,100,0
RWK.US,5,20211025,192500,93.33,93.33,93.33,93.33,100,0
RWK.US,5,20211025,193000,93.35,93.35,93.35,93.35,100,0
RWK.US,5,20211025,194000,93.25,93.25,93.25,93.25,100,0
RWK.US,5,20211025,194500,93.095,93.095,93.095,93.095,1272,0
RWK.US,5,20211025,195000,93.25,93.25,93.25,93.25,100,0
RWK.US,5,20211025,195500,93.31,93.31,93.31,93.31,100,0
RWK.US,5,20211025,200500,93.29,93.29,93.29,93.29,100,0
RWK.US,5,20211025,201500,93.32,93.32,93.32,93.32,100,0
RWK.US,5,20211025,202000,93.32,93.32,93.32,93.32,100,0
RWK.US,5,20211025,202500,93.34,93.34,93.34,93.34,100,0
RWK.US,5,20211025,203000,93.38,93.38,93.38,93.38,100,0
RWK.US,5,20211025,203500,93.33,93.33,93.33,93.33,100,0
RWK.US,5,20211025,204000,93.29,93.29,93.29,93.29,100,0
RWK.US,5,20211025,204500,93.27,93.27,93.27,93.27,100,0
RWK.US,5,20211025,205000,93.16,93.16,93.04,93.04,390,0
RWK.US,5,20211025,205500,93.17,93.17,93.17,93.17,300,0
RWK.US,5,20211025,212000,92.8611,92.8611,92.8611,92.8611,133,0
RWK.US,5,20211025,213500,93.1436,93.1436,93.1436,93.1436,270,0
RWK.US,5,20211025,215500,93.18,93.2,93.18,93.2,400,0
RWK.US,5,20211026,160000,92.57,92.57,92.57,92.57,400,0
RWK.US,5,20211026,161500,92.815,92.815,92.815,92.815,300,0
RWK.US,5,20211026,162000,92.73,92.73,92.72,92.722,2000,0
RWK.US,5,20211026,162500,92.7,92.7,92.7,92.7,200,0
RWK.US,5,20211026,163000,92.65,92.65,92.65,92.65,200,0
RWK.US,5,20211026,164500,92.6512,92.6512,92.6512,92.6512,280,0
RWK.US,5,20211026,170500,92.775,92.775,92.775,92.775,116,0
RWK.US,5,20211026,174000,92.74,92.74,92.74,92.74,225,0
RWK.US,5,20211026,175500,92.65,92.65,92.42,92.42,300,0
RWK.US,5,20211026,180000,92.38,92.38,92.38,92.38,300,0
RWK.US,5,20211026,183000,92.23,92.23,92.23,92.23,148,0
RWK.US,5,20211026,184500,91.899,91.899,91.89,91.89,616,0
RWK.US,5,20211026,190000,91.955,91.955,91.955,91.955,1088,0
RWK.US,5,20211026,190500,92.0823,92.0823,92.0823,92.0823,618,0
RWK.US,5,20211026,194500,91.96,91.96,91.96,91.96,100,0
RWK.US,5,20211026,195000,91.88,91.88,91.88,91.88,300,0
RWK.US,5,20211026,201000,92,92,92,92,257,0
RWK.US,5,20211026,204000,91.9188,91.9188,91.9188,91.9188,103,0
RWK.US,5,20211026,205500,91.99,91.99,91.99,91.99,100,0
RWK.US,5,20211026,210500,92.0079,92.0079,92.0079,92.0079,213,0
RWK.US,5,20211026,213000,91.77,91.77,91.77,91.77,1315,0
RWK.US,5,20211026,214500,91.9332,91.9332,91.9332,91.9332,100,0
RWK.US,5,20211026,215500,91.8456,91.85,91.64,91.85,473,0
RWK.US,5,20211027,154000,91.0499,91.0499,91.0499,91.0499,139,0
RWK.US,5,20211027,155500,91.33,91.33,91.33,91.33,100,0
RWK.US,5,20211027,162500,91.32,91.32,91.32,91.32,116,0
RWK.US,5,20211027,163500,91,91,91,91,110,0
RWK.US,5,20211027,170500,91.15,91.15,91.0963,91.0963,252,0
RWK.US,5,20211027,171000,91.03,91.03,91.03,91.03,124,0
RWK.US,5,20211027,171500,91.05,91.05,91.05,91.05,100,0
RWK.US,5,20211027,175500,90.8219,90.8219,90.8219,90.8219,100,0
RWK.US,5,20211027,181000,91.0088,91.0088,91.0088,91.0088,202,0
RWK.US,5,20211027,184000,90.7287,90.7287,90.7287,90.7287,113,0
RWK.US,5,20211027,192500,90.84,90.84,90.84,90.84,207,0
RWK.US,5,20211027,193000,90.8987,90.8987,90.8987,90.8987,464,0
RWK.US,5,20211027,193500,90.7432,90.7432,90.7432,90.7432,428,0
RWK.US,5,20211027,194000,90.7052,90.7052,90.7052,90.7052,123,0
RWK.US,5,20211027,194500,90.7905,90.7905,90.7905,90.7905,236,0
RWK.US,5,20211027,211500,90.2517,90.2517,90.2517,90.2517,606,0
RWK.US,5,20211027,212500,90.367,90.367,90.367,90.367,276,0
RWK.US,5,20211027,213500,90.36,90.3901,90.36,90.3901,600,0
RWK.US,5,20211027,214500,90.24,90.24,90.24,90.24,11399,0
RWK.US,5,20211027,215000,90.15,90.15,90.15,90.15,100,0
RWK.US,5,20211027,215500,89.95,89.96,89.95,89.96,1310,0
RWK.US,5,20211028,154000,90.61,90.61,90.61,90.61,100,0
RWK.US,5,20211028,154500,90.615,90.615,90.615,90.615,100,0
RWK.US,5,20211028,155000,90.71,90.71,90.71,90.71,100,0
RWK.US,5,20211028,155500,90.76,90.76,90.76,90.76,100,0
RWK.US,5,20211028,161000,90.8599,90.8599,90.8599,90.8599,506,0
RWK.US,5,20211028,163500,90.8,90.8,90.8,90.8,455,0
RWK.US,5,20211028,164000,90.81,90.81,90.81,90.81,158,0
RWK.US,5,20211028,180500,91,91.0082,91,91.0082,1630,0
RWK.US,5,20211028,184000,90.8049,90.8049,90.8049,90.8049,913,0
RWK.US,5,20211028,194000,91.13,91.13,91.13,91.13,243,0
RWK.US,5,20211028,200000,91.12,91.1662,91.12,91.1662,340,0
RWK.US,5,20211028,203500,91.08,91.08,91.07,91.07,2259,0
RWK.US,5,20211028,210500,91.0113,91.0113,91.0113,91.0113,127,0
RWK.US,5,20211028,212000,90.9882,90.9882,90.9882,90.9882,1199,0
RWK.US,5,20211028,214000,90.9386,90.9386,90.9386,90.9386,184,0
RWK.US,5,20211028,215000,91.0607,91.0607,91.05,91.05,283,0
RWK.US,5,20211029,153500,91.52,91.52,91.4525,91.52,500,0
RWK.US,5,20211029,155500,91.6899,91.6899,91.6899,91.6899,156,0
RWK.US,5,20211029,161000,91.56,91.56,91.56,91.56,100,0
RWK.US,5,20211029,161500,91.36,91.36,91.19,91.19,200,0
RWK.US,5,20211029,170000,91.55,91.55,91.55,91.55,115,0
RWK.US,5,20211029,181500,91.43,91.43,91.43,91.43,147,0
RWK.US,5,20211029,182000,91.38,91.38,91.38,91.38,100,0
RWK.US,5,20211029,191500,91.18,91.18,91.18,91.18,100,0
RWK.US,5,20211029,193500,91.145,91.145,91.145,91.145,101,0
RWK.US,5,20211029,201500,91.04,91.04,91.04,91.04,100,0
RWK.US,5,20211029,202000,90.97,90.97,90.97,90.97,100,0
RWK.US,5,20211029,213500,91.1438,91.1438,91.1,91.1,220,0
RWK.US,5,20211029,215000,91.12,91.12,91.12,91.12,100,0
RWK.US,5,20211029,215500,90.97,90.97,90.97,90.97,100,0
RWK.US,5,20211101,143000,91.75,91.75,91.75,91.75,609,0
RWK.US,5,20211101,150000,91.95,91.95,91.95,91.95,182,0
RWK.US,5,20211101,150500,92.08,92.18,92.08,92.18,299,0
RWK.US,5,20211101,151000,92.38,92.38,92.18,92.38,3300,0
RWK.US,5,20211101,153000,92.6171,92.6171,92.6171,92.6171,100,0
RWK.US,5,20211101,163500,92.68,92.68,92.68,92.68,204,0
RWK.US,5,20211101,164000,92.6928,92.6928,92.6928,92.6928,700,0
RWK.US,5,20211101,170000,92.7832,92.7832,92.7832,92.7832,139,0
RWK.US,5,20211101,182000,93.09,93.09,93.09,93.09,527,0
RWK.US,5,20211101,183000,93.0845,93.0845,93.0845,93.0845,189,0
RWK.US,5,20211101,185500,93.032,93.032,93.0142,93.0142,477,0
RWK.US,5,20211101,191500,92.8866,92.8866,92.8866,92.8866,120,0
RWK.US,5,20211101,192500,92.7939,92.7939,92.7939,92.7939,257,0
RWK.US,5,20211101,203000,92.92,92.92,92.92,92.92,108,0
RWK.US,5,20211101,203500,92.96,93.055,92.96,93.055,1425,0
RWK.US,5,20211101,204500,93.1,93.1,93.1,93.1,214,0
RWK.US,5,20211101,205500,93.07,93.07,93.07,93.07,100,0
RWK.US,5,20211102,143000,92.98,93.055,92.98,93.055,1535,0
RWK.US,5,20211102,143500,92.91,92.91,92.85,92.85,200,0
RWK.US,5,20211102,144000,92.7,92.855,92.7,92.855,300,0
RWK.US,5,20211102,144500,92.7797,92.7797,92.7797,92.7797,158,0
RWK.US,5,20211102,145000,92.74,92.74,92.74,92.74,559,0
RWK.US,5,20211102,150000,92.99,93.15,92.99,93.15,200,0
RWK.US,5,20211102,150500,93.49,93.5,93.49,93.49,300,0
RWK.US,5,20211102,151000,93.71,93.72,93.6538,93.6538,733,0
RWK.US,5,20211102,152000,93.38,93.38,93.37,93.37,1253,0
RWK.US,5,20211102,152500,93.27,93.27,93.27,93.27,200,0
RWK.US,5,20211102,153000,93.34,93.34,93.34,93.34,100,0
RWK.US,5,20211102,155000,93.8399,93.8399,93.8399,93.8399,184,0
RWK.US,5,20211102,161500,93.66,93.66,93.66,93.66,300,0
RWK.US,5,20211102,162000,93.62,93.68,93.62,93.68,540,0
RWK.US,5,20211102,162500,93.685,93.685,93.685,93.685,257,0
RWK.US,5,20211102,163500,93.4838,93.4838,93.48,93.48,210,0
RWK.US,5,20211102,172500,93.39,93.39,93.3485,93.3485,1018,0
RWK.US,5,20211102,174500,93.4966,93.4966,93.4966,93.4966,375,0
RWK.US,5,20211102,182500,93.36,93.36,93.36,93.36,300,0
RWK.US,5,20211102,183500,93.39,93.39,93.39,93.39,100,0
RWK.US,5,20211102,192000,93.495,93.495,93.495,93.495,272,0
RWK.US,5,20211102,195000,93.59,93.59,93.59,93.59,700,0
RWK.US,5,20211102,201000,93.8116,93.8116,93.8116,93.8116,556,0
RWK.US,5,20211102,201500,93.755,93.755,93.755,93.755,262,0
RWK.US,5,20211102,202000,93.69,93.72,93.68,93.72,494,0
RWK.US,5,20211102,204000,93.57,93.57,93.57,93.57,200,0
RWK.US,5,20211102,205500,93.49,93.49,93.49,93.49,100,0
RWK.US,5,20211103,143000,93.49,93.49,93.49,93.49,679,0
RWK.US,5,20211103,144500,93.685,93.685,93.685,93.685,100,0
RWK.US,5,20211103,145500,93.8,93.8,93.8,93.8,300,0
RWK.US,5,20211103,150000,94.34,94.34,94.34,94.34,100,0
RWK.US,5,20211103,150500,94.22,94.305,94.22,94.305,4157,0
RWK.US,5,20211103,152500,94.528,94.528,94.528,94.528,345,0
RWK.US,5,20211103,153500,94.605,94.605,94.605,94.605,1490,0
RWK.US,5,20211103,164000,94.57,94.57,94.57,94.57,300,0
RWK.US,5,20211103,165500,94.5,94.5,94.5,94.5,206,0
RWK.US,5,20211103,172500,94.2808,94.2808,94.2808,94.2808,377,0
RWK.US,5,20211103,184000,94.3,94.3,94.3,94.3,140,0
RWK.US,5,20211103,193500,94.85,95.1,94.85,95.1,12300,0
RWK.US,5,20211103,194000,94.94,94.94,94.94,94.94,120,0
RWK.US,5,20211103,195000,95.2714,95.2714,95.2714,95.2714,737,0
RWK.US,5,20211103,201500,95.1877,95.1877,95.1877,95.1877,104,0
RWK.US,5,20211103,204000,95.1585,95.1585,95.145,95.145,1733,0
RWK.US,5,20211104,143000,95.27,95.27,95.27,95.27,261,0
RWK.US,5,20211104,143500,95.435,95.435,95.43,95.43,200,0
RWK.US,5,20211104,144000,95.46,95.46,95.46,95.46,100,0
RWK.US,5,20211104,150000,95.61,95.61,95.61,95.61,100,0
RWK.US,5,20211104,150500,95.71,95.71,95.71,95.71,400,0
RWK.US,5,20211104,151500,95.59,95.59,95.59,95.59,1300,0
RWK.US,5,20211104,152000,95.59,95.59,95.59,95.59,300,0
RWK.US,5,20211104,152500,95.406,95.406,95.406,95.406,168,0
RWK.US,5,20211104,154000,95.305,95.305,95.305,95.305,328,0
RWK.US,5,20211104,161000,94.8716,94.8716,94.7681,94.7681,794,0
RWK.US,5,20211104,165000,94.605,94.605,94.5452,94.5452,425,0
RWK.US,5,20211104,175000,94.7221,94.84,94.7221,94.84,771,0
RWK.US,5,20211104,183500,94.8486,94.8486,94.8486,94.8486,170,0
RWK.US,5,20211104,191500,94.6859,94.6859,94.57,94.58,1207,0
RWK.US,5,20211104,194500,94.505,94.505,94.505,94.505,242,0
RWK.US,5,20211104,195500,94.43,94.43,94.43,94.43,275,0
RWK.US,5,20211104,200500,94.4259,94.4259,94.4259,94.4259,106,0
RWK.US,5,20211104,204000,94.42,94.42,94.42,94.42,104,0
RWK.US,5,20211105,143000,95.47,95.47,95.47,95.47,270,0
RWK.US,5,20211105,145000,96.3988,96.3988,96.3988,96.3988,879,0
RWK.US,5,20211105,150000,96.3202,96.4,96.3202,96.4,415,0
RWK.US,5,20211105,151000,96.18,96.18,96.18,96.18,500,0
RWK.US,5,20211105,162500,96.38,96.38,96.38,96.38,200,0
RWK.US,5,20211105,172000,95.935,95.935,95.935,95.935,250,0
RWK.US,5,20211105,180500,96.02,96.02,95.9969,95.9969,281,0
RWK.US,5,20211105,181500,95.85,95.85,95.85,95.85,150,0
RWK.US,5,20211105,190500,96.035,96.035,96.035,96.035,650,0
RWK.US,5,20211105,195500,95.9327,95.9327,95.9327,95.9327,452,0
RWK.US,5,20211105,205500,96.3,96.3,96.3,96.3,300,0
RWK.US,5,20211108,153000,96.8,96.8,96.8,96.8,552,0
RWK.US,5,20211108,160000,96.4,96.4,96.4,96.4,3615,0
RWK.US,5,20211108,160500,96.24,96.24,96.24,96.24,100,0
RWK.US,5,20211108,163500,96.56,96.56,96.39,96.39,200,0
RWK.US,5,20211108,164000,96.31,96.31,96.31,96.31,100,0
RWK.US,5,20211108,165000,96.48,96.48,96.48,96.48,149,0
RWK.US,5,20211108,170000,96.4071,96.4071,96.4071,96.4071,225,0
RWK.US,5,20211108,171000,96.45,96.45,96.45,96.45,100,0
RWK.US,5,20211108,182000,96.26,96.26,96.2599,96.2599,588,0
RWK.US,5,20211108,193000,96.055,96.087,96.055,96.087,768,0
RWK.US,5,20211108,194500,96,96,96,96,119,0
RWK.US,5,20211108,195500,95.9519,95.9519,95.9519,95.9519,468,0
RWK.US,5,20211108,201000,96.12,96.12,96.12,96.12,166,0
RWK.US,5,20211108,204000,96.0104,96.0104,96.0104,96.0104,221,0
RWK.US,5,20211108,205000,96.0525,96.0525,96.0525,96.0525,723,0
RWK.US,5,20211108,211500,95.8901,95.8901,95.8901,95.8901,250,0
RWK.US,5,20211108,213000,95.89,95.89,95.89,95.89,135,0
RWK.US,5,20211108,215500,96.065,96.065,96.065,96.065,445,0
RWK.US,5,20211109,153000,96.06,96.06,96.06,96.06,200,0
RWK.US,5,20211109,153500,96.64,96.64,96.64,96.64,199,0
RWK.US,5,20211109,155500,95.9304,95.9304,95.9304,95.9304,100,0
RWK.US,5,20211109,162500,96.1909,96.1909,96.1909,96.1909,111,0
RWK.US,5,20211109,165500,95.9798,95.9798,95.9798,95.9798,363,0
RWK.US,5,20211109,172000,95.8266,95.8266,95.8266,95.8266,130,0
RWK.US,5,20211109,173500,95.87,95.87,95.87,95.87,434,0
RWK.US,5,20211109,174000,95.87,95.87,95.87,95.87,104,0
RWK.US,5,20211109,181000,95.8317,95.8317,95.8317,95.8317,225,0
RWK.US,5,20211109,193000,95.8616,95.8616,95.8616,95.8616,113,0
RWK.US,5,20211109,193500,95.945,96.03,95.945,96.03,805,0
RWK.US,5,20211109,195000,95.74,95.74,95.6,95.6,1874,0
RWK.US,5,20211109,195500,95.6886,95.6886,95.6886,95.6886,157,0
RWK.US,5,20211109,200000,95.6494,95.6494,95.6494,95.6494,747,0
RWK.US,5,20211109,201000,95.6831,95.6831,95.6831,95.6831,154,0
RWK.US,5,20211109,204500,95.83,95.83,95.83,95.83,800,0
RWK.US,5,20211109,210500,95.99,95.99,95.99,95.99,481,0
RWK.US,5,20211109,211500,95.7799,95.7799,95.7799,95.7799,105,0
RWK.US,5,20211109,214000,95.945,95.945,95.945,95.945,557,0
RWK.US,5,20211109,215000,95.83,95.88,95.83,95.88,229,0
RWK.US,5,20211109,215500,95.8552,95.8552,95.77,95.77,277,0
RWK.US,5,20211110,154500,96.05,96.05,96.05,96.05,100,0
RWK.US,5,20211110,161000,95.92,95.92,95.92,95.92,3232,0
RWK.US,5,20211110,161500,95.95,95.95,95.95,95.95,312,0
RWK.US,5,20211110,163500,96.03,96.03,96.03,96.03,100,0
RWK.US,5,20211110,164000,96,96,96,96,157,0
RWK.US,5,20211110,170500,96.0187,96.0187,95.997,95.997,509,0
RWK.US,5,20211110,171000,96.11,96.11,96.11,96.11,100,0
RWK.US,5,20211110,171500,96.0969,96.0969,96.0969,96.0969,183,0
RWK.US,5,20211110,172000,96.14,96.14,96.14,96.14,468,0
RWK.US,5,20211110,172500,96.085,96.085,96.085,96.085,244,0
RWK.US,5,20211110,174000,96.1064,96.1064,96.0182,96.0182,1198,0
RWK.US,5,20211110,181500,95.93,95.93,95.93,95.93,200,0
RWK.US,5,20211110,182000,96.0054,96.0054,96.0054,96.0054,152,0
RWK.US,5,20211110,183000,95.99,95.99,95.99,95.99,114,0
RWK.US,5,20211110,200000,95.2852,95.2852,95.2852,95.2852,416,0
RWK.US,5,20211110,201000,95.2691,95.2691,95.2691,95.2691,420,0
RWK.US,5,20211110,202000,95.16,95.16,95.16,95.16,104,0
RWK.US,5,20211110,202500,95,95,95,95,200,0
RWK.US,5,20211110,203000,94.99,94.99,94.99,94.99,100,0
RWK.US,5,20211110,203500,94.9273,94.9273,94.9273,94.9273,469,0
RWK.US,5,20211110,214000,95.22,95.22,95.22,95.22,100,0
RWK.US,5,20211111,153000,95.92,95.92,95.92,95.92,307,0
RWK.US,5,20211111,153500,95.4216,95.4216,95.4216,95.4216,153,0
RWK.US,5,20211111,154500,95.62,95.7825,95.62,95.7825,235,0
RWK.US,5,20211111,155000,95.865,95.865,95.865,95.865,103,0
RWK.US,5,20211111,160500,95.8,95.8,95.8,95.8,932,0
RWK.US,5,20211111,161500,95.86,95.9376,95.84,95.9376,747,0
RWK.US,5,20211111,163000,95.68,95.68,95.68,95.68,403,0
RWK.US,5,20211111,170000,95.92,95.92,95.92,95.92,156,0
RWK.US,5,20211111,173500,96.1785,96.1785,96.1785,96.1785,321,0
RWK.US,5,20211111,182500,96.0282,96.0282,96.0282,96.0282,129,0
RWK.US,5,20211111,183000,95.9701,96.17,95.9701,96.17,614,0
RWK.US,5,20211111,195000,96.025,96.025,96.025,96.025,125,0
RWK.US,5,20211111,200500,95.975,95.975,95.975,95.975,231,0
RWK.US,5,20211111,201500,95.99,95.99,95.99,95.99,102,0
RWK.US,5,20211111,202000,96.0452,96.0452,96.0452,96.0452,407,0
RWK.US,5,20211111,210000,95.9,95.9,95.89,95.9,600,0
