<TICKER>,<PER>,<DATE>,<TIME>,<OPEN>,<HIGH>,<LOW>,<CLOSE>,<VOL>,<OPENINT>
SJB.US,5,20210922,153000,17.72,17.72,17.72,17.72,1680,0
SJB.US,5,20210922,154000,17.7,17.7,17.7,17.7,100,0
SJB.US,5,20210922,155000,17.66,17.66,17.66,17.66,479,0
SJB.US,5,20210922,163500,17.65,17.65,17.64,17.64,2100,0
SJB.US,5,20210922,164000,17.6419,17.6419,17.63,17.63,23739,0
SJB.US,5,20210922,164500,17.6377,17.6377,17.6377,17.6377,220,0
SJB.US,5,20210922,172000,17.639,17.639,17.639,17.639,250,0
SJB.US,5,20210922,184000,17.63,17.63,17.625,17.63,12900,0
SJB.US,5,20210922,184500,17.62,17.62,17.62,17.62,1085,0
SJB.US,5,20210922,202500,17.617,17.617,17.617,17.617,100,0
SJB.US,5,20210922,203500,17.6101,17.6101,17.6101,17.6101,200,0
SJB.US,5,20210922,214500,17.63,17.63,17.63,17.63,2325,0
SJB.US,5,20210922,215500,17.63,17.63,17.62,17.625,510,0
SJB.US,5,20210923,153000,17.6101,17.6101,17.6101,17.6101,600,0
SJB.US,5,20210923,153500,17.619,17.619,17.619,17.619,100,0
SJB.US,5,20210923,154000,17.5901,17.5901,17.5901,17.5901,1000,0
SJB.US,5,20210923,154500,17.59,17.59,17.59,17.59,1000,0
SJB.US,5,20210923,155500,17.5901,17.5901,17.5901,17.5901,100,0
SJB.US,5,20210923,160000,17.6,17.6,17.6,17.6,890,0
SJB.US,5,20210923,161500,17.59,17.59,17.59,17.59,7200,0
SJB.US,5,20210923,162000,17.59,17.59,17.59,17.59,5750,0
SJB.US,5,20210923,162500,17.59,17.59,17.59,17.59,3000,0
SJB.US,5,20210923,163000,17.59,17.59,17.59,17.59,6000,0
SJB.US,5,20210923,163500,17.59,17.5901,17.59,17.5901,2000,0
SJB.US,5,20210923,164000,17.6,17.6,17.6,17.6,100,0
SJB.US,5,20210923,165000,17.61,17.61,17.61,17.61,650,0
SJB.US,5,20210923,170500,17.6032,17.6032,17.6032,17.6032,200,0
SJB.US,5,20210923,171500,17.6038,17.6038,17.6038,17.6038,106,0
SJB.US,5,20210923,180500,17.605,17.6096,17.605,17.6096,8000,0
SJB.US,5,20210923,182000,17.6,17.6001,17.6,17.6001,300,0
SJB.US,5,20210923,184500,17.6,17.6,17.6,17.6,315,0
SJB.US,5,20210923,190000,17.6039,17.6039,17.6039,17.6039,564,0
SJB.US,5,20210923,202000,17.61,17.61,17.61,17.61,1000,0
SJB.US,5,20210923,204500,17.6199,17.6199,17.6199,17.6199,461,0
SJB.US,5,20210923,205500,17.611,17.615,17.61,17.61,7000,0
SJB.US,5,20210923,211000,17.62,17.63,17.62,17.63,1700,0
SJB.US,5,20210923,212000,17.6288,17.6288,17.61,17.6115,9938,0
SJB.US,5,20210923,214500,17.615,17.615,17.61,17.61,1970,0
SJB.US,5,20210923,215500,17.61,17.61,17.61,17.61,1414,0
SJB.US,5,20210924,153000,17.64,17.64,17.62,17.638,4574,0
SJB.US,5,20210924,153500,17.63,17.63,17.62,17.62,11050,0
SJB.US,5,20210924,155000,17.64,17.64,17.64,17.64,1500,0
SJB.US,5,20210924,160000,17.63,17.63,17.63,17.63,100,0
SJB.US,5,20210924,161500,17.625,17.625,17.625,17.625,100,0
SJB.US,5,20210924,162000,17.625,17.625,17.625,17.625,100,0
SJB.US,5,20210924,163000,17.639,17.639,17.639,17.639,100,0
SJB.US,5,20210924,163500,17.635,17.635,17.635,17.635,200,0
SJB.US,5,20210924,164000,17.628,17.6295,17.628,17.6295,200,0
SJB.US,5,20210924,164500,17.64,17.645,17.64,17.645,520,0
SJB.US,5,20210924,165000,17.645,17.645,17.645,17.645,100,0
SJB.US,5,20210924,165500,17.645,17.645,17.645,17.645,100,0
SJB.US,5,20210924,170500,17.64,17.64,17.64,17.64,100,0
SJB.US,5,20210924,171000,17.643,17.645,17.643,17.645,280,0
SJB.US,5,20210924,172000,17.645,17.645,17.645,17.645,100,0
SJB.US,5,20210924,172500,17.6482,17.6495,17.6465,17.6465,1000,0
SJB.US,5,20210924,173000,17.645,17.645,17.645,17.645,100,0
SJB.US,5,20210924,174000,17.6499,17.6499,17.645,17.645,300,0
SJB.US,5,20210924,175500,17.645,17.645,17.645,17.645,100,0
SJB.US,5,20210924,180000,17.65,17.65,17.65,17.65,2000,0
SJB.US,5,20210924,180500,17.64,17.64,17.64,17.64,100,0
SJB.US,5,20210924,181500,17.64,17.64,17.635,17.635,1800,0
SJB.US,5,20210924,183000,17.635,17.635,17.635,17.635,100,0
SJB.US,5,20210924,184500,17.635,17.635,17.635,17.635,100,0
SJB.US,5,20210924,190000,17.635,17.635,17.635,17.635,100,0
SJB.US,5,20210924,192500,17.65,17.65,17.65,17.65,100,0
SJB.US,5,20210924,194000,17.65,17.65,17.65,17.65,100,0
SJB.US,5,20210924,194500,17.65,17.65,17.65,17.65,100,0
SJB.US,5,20210924,195000,17.631,17.631,17.631,17.631,1000,0
SJB.US,5,20210924,201500,17.65,17.65,17.65,17.65,170,0
SJB.US,5,20210924,204500,17.645,17.645,17.645,17.645,100,0
SJB.US,5,20210924,205500,17.64,17.64,17.64,17.64,202,0
SJB.US,5,20210924,214500,17.64,17.64,17.64,17.64,500,0
SJB.US,5,20210924,215500,17.63,17.63,17.63,17.63,2107,0
SJB.US,5,20210927,153000,17.7,17.7,17.66,17.66,4474,0
SJB.US,5,20210927,153500,17.67,17.675,17.67,17.67,1997,0
SJB.US,5,20210927,154000,17.67,17.67,17.67,17.67,493,0
SJB.US,5,20210927,155000,17.67,17.67,17.66,17.66,1200,0
SJB.US,5,20210927,160000,17.66,17.66,17.66,17.66,100,0
SJB.US,5,20210927,161000,17.65,17.65,17.65,17.65,1700,0
SJB.US,5,20210927,165500,17.65,17.65,17.64,17.64,717,0
SJB.US,5,20210927,171000,17.65,17.65,17.65,17.65,1166,0
SJB.US,5,20210927,173500,17.659,17.66,17.64,17.65,9714,0
SJB.US,5,20210927,174000,17.65,17.65,17.65,17.65,485,0
SJB.US,5,20210927,180500,17.65,17.65,17.65,17.65,100,0
SJB.US,5,20210927,181000,17.64,17.64,17.64,17.64,281,0
SJB.US,5,20210927,181500,17.64,17.64,17.64,17.64,161,0
SJB.US,5,20210927,182000,17.64,17.64,17.64,17.64,322,0
SJB.US,5,20210927,182500,17.64,17.64,17.64,17.64,161,0
SJB.US,5,20210927,183000,17.64,17.64,17.64,17.64,161,0
SJB.US,5,20210927,183500,17.65,17.65,17.64,17.64,581,0
SJB.US,5,20210927,184000,17.64,17.6504,17.64,17.6504,1202,0
SJB.US,5,20210927,184500,17.64,17.64,17.64,17.64,100,0
SJB.US,5,20210927,193500,17.66,17.66,17.66,17.66,2200,0
SJB.US,5,20210927,194000,17.641,17.641,17.641,17.641,380,0
SJB.US,5,20210927,211000,17.65,17.65,17.65,17.65,3000,0
SJB.US,5,20210927,215000,17.65,17.65,17.65,17.65,2300,0
SJB.US,5,20210927,215500,17.64,17.64,17.64,17.64,954,0
SJB.US,5,20210928,153000,17.67,17.67,17.67,17.67,100,0
SJB.US,5,20210928,153500,17.68,17.68,17.68,17.68,32854,0
SJB.US,5,20210928,154000,17.68,17.68,17.68,17.68,2701,0
SJB.US,5,20210928,160000,17.7199,17.72,17.7199,17.72,2100,0
SJB.US,5,20210928,160500,17.72,17.72,17.72,17.72,720,0
SJB.US,5,20210928,161000,17.725,17.73,17.725,17.7299,6725,0
SJB.US,5,20210928,161500,17.735,17.74,17.735,17.74,1406,0
SJB.US,5,20210928,162000,17.735,17.74,17.735,17.74,4400,0
SJB.US,5,20210928,162500,17.735,17.74,17.735,17.74,5150,0
SJB.US,5,20210928,163000,17.73,17.7334,17.73,17.7334,1600,0
SJB.US,5,20210928,163500,17.72,17.72,17.72,17.72,100,0
SJB.US,5,20210928,164500,17.718,17.718,17.718,17.718,200,0
SJB.US,5,20210928,165000,17.715,17.715,17.715,17.715,200,0
SJB.US,5,20210928,170000,17.73,17.73,17.73,17.73,10000,0
SJB.US,5,20210928,170500,17.729,17.73,17.729,17.7299,6500,0
SJB.US,5,20210928,171000,17.73,17.73,17.73,17.73,100,0
SJB.US,5,20210928,171500,17.74,17.74,17.74,17.74,5000,0
SJB.US,5,20210928,172500,17.74,17.74,17.7382,17.74,6819,0
SJB.US,5,20210928,173000,17.74,17.74,17.74,17.74,100,0
SJB.US,5,20210928,173500,17.739,17.739,17.7358,17.7358,400,0
SJB.US,5,20210928,174000,17.735,17.735,17.735,17.735,3000,0
SJB.US,5,20210928,174500,17.7301,17.7301,17.7301,17.7301,1000,0
SJB.US,5,20210928,175000,17.74,17.74,17.74,17.74,2713,0
SJB.US,5,20210928,182000,17.735,17.735,17.735,17.735,1000,0
SJB.US,5,20210928,183000,17.74,17.74,17.739,17.739,1100,0
SJB.US,5,20210928,184000,17.74,17.74,17.74,17.74,200,0
SJB.US,5,20210928,190000,17.74,17.74,17.7382,17.7382,692,0
SJB.US,5,20210928,191500,17.74,17.743,17.733,17.743,9354,0
SJB.US,5,20210928,192000,17.7401,17.7401,17.74,17.7401,400,0
SJB.US,5,20210928,194000,17.74,17.74,17.74,17.74,102,0
SJB.US,5,20210928,194500,17.74,17.74,17.74,17.74,300,0
SJB.US,5,20210928,195500,17.7301,17.7301,17.7301,17.7301,1000,0
SJB.US,5,20210928,201000,17.74,17.75,17.74,17.75,10595,0
SJB.US,5,20210928,201500,17.75,17.75,17.75,17.75,200,0
SJB.US,5,20210928,203500,17.745,17.7499,17.745,17.7499,16350,0
SJB.US,5,20210928,204000,17.74,17.74,17.74,17.74,1063,0
SJB.US,5,20210928,205500,17.73,17.73,17.73,17.73,1000,0
SJB.US,5,20210928,210500,17.739,17.74,17.735,17.7399,11000,0
SJB.US,5,20210928,212000,17.735,17.7363,17.735,17.7363,275,0
SJB.US,5,20210928,212500,17.74,17.75,17.74,17.75,633,0
SJB.US,5,20210928,215500,17.74,17.75,17.735,17.735,7300,0
SJB.US,5,20210929,155000,17.71,17.71,17.71,17.71,900,0
SJB.US,5,20210929,160000,17.71,17.71,17.71,17.71,100,0
SJB.US,5,20210929,160500,17.7,17.7,17.7,17.7,100,0
SJB.US,5,20210929,161500,17.705,17.705,17.705,17.705,100,0
SJB.US,5,20210929,162000,17.705,17.705,17.705,17.705,150,0
SJB.US,5,20210929,163000,17.7,17.71,17.7,17.71,819,0
SJB.US,5,20210929,163500,17.71,17.71,17.71,17.71,660,0
SJB.US,5,20210929,164500,17.7,17.7,17.7,17.7,5200,0
SJB.US,5,20210929,165000,17.7,17.7,17.7,17.7,200,0
SJB.US,5,20210929,170000,17.6801,17.6801,17.6801,17.6801,500,0
SJB.US,5,20210929,172000,17.685,17.685,17.685,17.685,100,0
SJB.US,5,20210929,173000,17.6896,17.6896,17.6896,17.6896,100,0
SJB.US,5,20210929,174000,17.68,17.68,17.68,17.68,419,0
SJB.US,5,20210929,175000,17.6907,17.6907,17.6907,17.6907,200,0
SJB.US,5,20210929,185000,17.7,17.7,17.7,17.7,100,0
SJB.US,5,20210929,190000,17.691,17.695,17.69,17.691,2300,0
SJB.US,5,20210929,193500,17.6962,17.7,17.695,17.695,33626,0
SJB.US,5,20210929,210500,17.6999,17.6999,17.6999,17.6999,100,0
SJB.US,5,20210929,212000,17.699,17.7,17.699,17.6994,24100,0
SJB.US,5,20210929,213500,17.7,17.7,17.7,17.7,1200,0
SJB.US,5,20210929,214000,17.699,17.7,17.699,17.7,8060,0
SJB.US,5,20210929,214500,17.705,17.705,17.705,17.705,3000,0
SJB.US,5,20210929,215500,17.71,17.71,17.71,17.71,1052,0
SJB.US,5,20210930,153000,17.71,17.71,17.69,17.69,521,0
SJB.US,5,20210930,153500,17.695,17.695,17.695,17.695,100,0
SJB.US,5,20210930,155000,17.692,17.692,17.692,17.692,100,0
SJB.US,5,20210930,155500,17.7,17.7,17.7,17.7,300,0
SJB.US,5,20210930,160500,17.7,17.7,17.7,17.7,100,0
SJB.US,5,20210930,171000,17.715,17.715,17.715,17.715,667,0
SJB.US,5,20210930,174000,17.7299,17.7299,17.7299,17.7299,1000,0
SJB.US,5,20210930,175500,17.74,17.74,17.7308,17.7308,800,0
SJB.US,5,20210930,181500,17.72,17.73,17.72,17.73,1871,0
SJB.US,5,20210930,182000,17.7347,17.74,17.73,17.73,2500,0
SJB.US,5,20210930,184000,17.73,17.73,17.73,17.73,2000,0
SJB.US,5,20210930,185500,17.71,17.71,17.71,17.71,1700,0
SJB.US,5,20210930,190500,17.72,17.72,17.72,17.72,100,0
SJB.US,5,20210930,193500,17.715,17.715,17.715,17.715,418,0
SJB.US,5,20210930,195000,17.71,17.71,17.71,17.71,700,0
SJB.US,5,20210930,200000,17.709,17.709,17.709,17.709,100,0
SJB.US,5,20210930,201500,17.7,17.7,17.7,17.7,976,0
SJB.US,5,20210930,203500,17.7001,17.7001,17.7001,17.7001,1000,0
SJB.US,5,20210930,204500,17.7,17.7,17.7,17.7,775,0
SJB.US,5,20210930,205000,17.695,17.695,17.695,17.695,100,0
SJB.US,5,20210930,215500,17.72,17.72,17.72,17.72,400,0
SJB.US,5,20211001,154500,17.71,17.71,17.71,17.71,6900,0
SJB.US,5,20211001,160000,17.72,17.72,17.72,17.72,300,0
SJB.US,5,20211001,160500,17.71,17.71,17.7039,17.7039,400,0
SJB.US,5,20211001,161500,17.71,17.71,17.71,17.71,370,0
SJB.US,5,20211001,163000,17.725,17.725,17.725,17.725,100,0
SJB.US,5,20211001,165000,17.729,17.729,17.729,17.729,100,0
SJB.US,5,20211001,170000,17.71,17.71,17.7,17.7,16108,0
SJB.US,5,20211001,171000,17.72,17.72,17.7,17.7,17430,0
SJB.US,5,20211001,171500,17.71,17.71,17.71,17.71,100,0
SJB.US,5,20211001,172500,17.7,17.7,17.7,17.7,131,0
SJB.US,5,20211001,173000,17.7,17.7,17.7,17.7,1800,0
SJB.US,5,20211001,173500,17.7,17.7,17.7,17.7,9963,0
SJB.US,5,20211001,181500,17.6999,17.7,17.6999,17.7,662,0
SJB.US,5,20211001,193000,17.69,17.69,17.69,17.69,727,0
SJB.US,5,20211001,194000,17.6808,17.6808,17.6808,17.6808,300,0
SJB.US,5,20211001,195000,17.68,17.68,17.675,17.675,500,0
SJB.US,5,20211001,201500,17.675,17.6796,17.675,17.6796,3400,0
SJB.US,5,20211001,203500,17.6716,17.6716,17.6716,17.6716,700,0
SJB.US,5,20211001,210500,17.67,17.67,17.661,17.661,4982,0
SJB.US,5,20211001,211000,17.655,17.655,17.655,17.655,150,0
SJB.US,5,20211001,213000,17.661,17.661,17.661,17.661,300,0
SJB.US,5,20211004,153000,17.71,17.71,17.6899,17.6899,4499,0
SJB.US,5,20211004,155000,17.69,17.69,17.69,17.69,1151,0
SJB.US,5,20211004,155500,17.705,17.705,17.705,17.705,800,0
SJB.US,5,20211004,160500,17.709,17.709,17.7081,17.7081,300,0
SJB.US,5,20211004,163000,17.7094,17.71,17.7063,17.7063,500,0
SJB.US,5,20211004,164000,17.7196,17.7196,17.7196,17.7196,200,0
SJB.US,5,20211004,170000,17.725,17.73,17.72,17.729,3752,0
SJB.US,5,20211004,171000,17.72,17.72,17.72,17.72,500,0
SJB.US,5,20211004,172000,17.73,17.73,17.73,17.73,500,0
SJB.US,5,20211004,173500,17.72,17.72,17.72,17.72,141,0
SJB.US,5,20211004,175500,17.71,17.71,17.71,17.71,200,0
SJB.US,5,20211004,182000,17.72,17.72,17.72,17.72,300,0
SJB.US,5,20211004,190500,17.725,17.725,17.725,17.725,150,0
SJB.US,5,20211004,192000,17.7182,17.729,17.7182,17.729,200,0
SJB.US,5,20211004,203000,17.7199,17.7199,17.7199,17.7199,200,0
SJB.US,5,20211004,204000,17.725,17.729,17.725,17.729,200,0
SJB.US,5,20211004,205500,17.72,17.72,17.72,17.72,100,0
SJB.US,5,20211004,210000,17.71,17.71,17.71,17.71,100,0
SJB.US,5,20211004,212500,17.725,17.725,17.725,17.725,1200,0
SJB.US,5,20211004,215000,17.725,17.725,17.725,17.725,1200,0
SJB.US,5,20211004,215500,17.725,17.73,17.725,17.73,1485,0
SJB.US,5,20211005,153000,17.71,17.71,17.71,17.71,1124,0
SJB.US,5,20211005,153500,17.73,17.73,17.73,17.73,100,0
SJB.US,5,20211005,154000,17.73,17.74,17.73,17.7365,3800,0
SJB.US,5,20211005,154500,17.7398,17.74,17.73,17.73,1670,0
SJB.US,5,20211005,155000,17.7377,17.7377,17.7377,17.7377,8700,0
SJB.US,5,20211005,155500,17.739,17.739,17.739,17.739,2400,0
SJB.US,5,20211005,160000,17.739,17.74,17.72,17.721,7205,0
SJB.US,5,20211005,163000,17.72,17.725,17.72,17.725,1598,0
SJB.US,5,20211005,163500,17.725,17.725,17.725,17.725,600,0
SJB.US,5,20211005,170000,17.725,17.725,17.725,17.725,1000,0
SJB.US,5,20211005,170500,17.725,17.725,17.725,17.725,100,0
SJB.US,5,20211005,171000,17.72,17.72,17.72,17.72,466,0
SJB.US,5,20211005,172500,17.7199,17.7199,17.715,17.715,1600,0
SJB.US,5,20211005,173500,17.72,17.72,17.72,17.72,217,0
SJB.US,5,20211005,174000,17.725,17.725,17.725,17.725,443,0
SJB.US,5,20211005,183000,17.725,17.725,17.725,17.725,152,0
SJB.US,5,20211005,185000,17.725,17.725,17.725,17.725,395,0
SJB.US,5,20211005,195000,17.72,17.72,17.72,17.72,8604,0
SJB.US,5,20211005,201000,17.72,17.72,17.72,17.72,600,0
SJB.US,5,20211005,205000,17.715,17.715,17.715,17.715,160,0
SJB.US,5,20211005,205500,17.72,17.72,17.72,17.72,160,0
SJB.US,5,20211005,210500,17.725,17.725,17.725,17.725,200,0
SJB.US,5,20211005,214500,17.73,17.7399,17.73,17.7399,1102,0
SJB.US,5,20211005,215500,17.74,17.74,17.735,17.735,427,0
SJB.US,5,20211006,153000,17.77,17.85,17.77,17.775,16499,0
SJB.US,5,20211006,153500,17.775,17.775,17.775,17.775,100,0
SJB.US,5,20211006,154000,17.77,17.7774,17.77,17.7774,6400,0
SJB.US,5,20211006,154500,17.775,17.775,17.775,17.775,838,0
SJB.US,5,20211006,155500,17.79,17.79,17.7899,17.79,8500,0
SJB.US,5,20211006,160000,17.8,17.8,17.7968,17.7968,300,0
SJB.US,5,20211006,160500,17.798,17.798,17.795,17.795,610,0
SJB.US,5,20211006,161000,17.795,17.8,17.795,17.799,9400,0
SJB.US,5,20211006,162000,17.795,17.795,17.79,17.79,4100,0
SJB.US,5,20211006,162500,17.8,17.8,17.79,17.79,680,0
SJB.US,5,20211006,164000,17.7992,17.7992,17.7992,17.7992,500,0
SJB.US,5,20211006,165000,17.79,17.79,17.79,17.79,500,0
SJB.US,5,20211006,165500,17.79,17.79,17.79,17.79,7699,0
SJB.US,5,20211006,174500,17.79,17.79,17.79,17.79,801,0
SJB.US,5,20211006,175000,17.79,17.79,17.785,17.785,1342,0
SJB.US,5,20211006,175500,17.789,17.789,17.789,17.789,125,0
SJB.US,5,20211006,183500,17.79,17.79,17.79,17.79,100,0
SJB.US,5,20211006,184000,17.7849,17.7849,17.7849,17.7849,100,0
SJB.US,5,20211006,184500,17.785,17.785,17.785,17.785,125,0
SJB.US,5,20211006,192000,17.78,17.785,17.78,17.78,875,0
SJB.US,5,20211006,192500,17.785,17.785,17.78,17.78,499,0
SJB.US,5,20211006,193000,17.77,17.775,17.77,17.77,2289,0
SJB.US,5,20211006,194000,17.76,17.764,17.76,17.764,1500,0
SJB.US,5,20211006,200000,17.765,17.765,17.76,17.76,250,0
SJB.US,5,20211006,203500,17.76,17.76,17.76,17.76,1000,0
SJB.US,5,20211006,205500,17.76,17.76,17.76,17.76,100,0
SJB.US,5,20211006,211500,17.765,17.765,17.765,17.765,5400,0
SJB.US,5,20211006,212500,17.765,17.765,17.765,17.765,177,0
SJB.US,5,20211006,214000,17.7641,17.7641,17.7641,17.7641,200,0
SJB.US,5,20211006,215000,17.76,17.76,17.76,17.76,250,0
SJB.US,5,20211006,215500,17.765,17.765,17.76,17.76,1372,0
SJB.US,5,20211007,153000,17.8,17.8,17.71,17.72,9831,0
SJB.US,5,20211007,154000,17.715,17.715,17.715,17.715,118,0
SJB.US,5,20211007,154500,17.71,17.71,17.71,17.71,100,0
SJB.US,5,20211007,160500,17.71,17.71,17.71,17.71,100,0
SJB.US,5,20211007,161000,17.71,17.71,17.71,17.71,4498,0
SJB.US,5,20211007,162000,17.71,17.71,17.71,17.71,100,0
SJB.US,5,20211007,165000,17.7,17.7,17.7,17.7,1000,0
SJB.US,5,20211007,170000,17.695,17.7,17.695,17.7,200,0
SJB.US,5,20211007,181000,17.71,17.71,17.71,17.71,285,0
SJB.US,5,20211007,191500,17.705,17.705,17.705,17.705,1298,0
SJB.US,5,20211007,195500,17.705,17.705,17.705,17.705,310,0
SJB.US,5,20211007,202000,17.71,17.71,17.71,17.71,2000,0
SJB.US,5,20211007,203000,17.72,17.72,17.72,17.72,100,0
SJB.US,5,20211007,211500,17.72,17.72,17.72,17.72,1000,0
SJB.US,5,20211007,212000,17.7115,17.7115,17.711,17.711,1150,0
SJB.US,5,20211007,214500,17.73,17.73,17.73,17.73,1413,0
SJB.US,5,20211007,215500,17.75,17.75,17.75,17.75,700,0
SJB.US,5,20211008,153000,17.76,17.76,17.76,17.76,353,0
SJB.US,5,20211008,154000,17.74,17.7511,17.74,17.7511,2093,0
SJB.US,5,20211008,155000,17.77,17.77,17.77,17.77,100,0
SJB.US,5,20211008,160000,17.755,17.755,17.755,17.755,400,0
SJB.US,5,20211008,164000,17.76,17.76,17.76,17.76,100,0
SJB.US,5,20211008,172000,17.76,17.77,17.76,17.77,1700,0
SJB.US,5,20211008,173500,17.765,17.765,17.765,17.765,400,0
SJB.US,5,20211008,174000,17.765,17.765,17.765,17.765,100,0
SJB.US,5,20211008,174500,17.77,17.77,17.77,17.77,2000,0
SJB.US,5,20211008,175000,17.773,17.773,17.773,17.773,2000,0
SJB.US,5,20211008,175500,17.78,17.78,17.775,17.775,700,0
SJB.US,5,20211008,181000,17.77,17.77,17.77,17.77,1000,0
SJB.US,5,20211008,183500,17.78,17.78,17.775,17.78,11087,0
SJB.US,5,20211008,184000,17.77,17.77,17.77,17.77,900,0
SJB.US,5,20211008,192500,17.77,17.77,17.77,17.77,426,0
SJB.US,5,20211008,193500,17.79,17.79,17.79,17.79,408,0
SJB.US,5,20211008,194000,17.79,17.79,17.79,17.79,9000,0
SJB.US,5,20211008,194500,17.785,17.785,17.785,17.785,634,0
SJB.US,5,20211008,200000,17.7885,17.7885,17.785,17.785,6523,0
SJB.US,5,20211008,200500,17.78,17.78,17.78,17.78,2408,0
SJB.US,5,20211008,205500,17.785,17.785,17.785,17.785,200,0
SJB.US,5,20211008,212000,17.78,17.78,17.78,17.78,1000,0
SJB.US,5,20211008,215000,17.79,17.79,17.79,17.79,1600,0
SJB.US,5,20211008,215500,17.79,17.79,17.785,17.79,4542,0
SJB.US,5,20211011,153000,17.82,17.82,17.82,17.82,700,0
SJB.US,5,20211011,153500,17.8,17.8,17.8,17.8,1000,0
SJB.US,5,20211011,154000,17.8,17.8,17.8,17.8,340,0
SJB.US,5,20211011,155000,17.803,17.805,17.8,17.8,5236,0
SJB.US,5,20211011,155500,17.7994,17.7994,17.7994,17.7994,100,0
SJB.US,5,20211011,163000,17.79,17.79,17.79,17.79,200,0
SJB.US,5,20211011,170000,17.8,17.8,17.8,17.8,500,0
SJB.US,5,20211011,171500,17.8,17.8,17.795,17.795,1000,0
SJB.US,5,20211011,180000,17.7989,17.7989,17.7989,17.7989,2000,0
SJB.US,5,20211011,180500,17.7991,17.8,17.795,17.8,8534,0
SJB.US,5,20211011,181000,17.8,17.81,17.8,17.809,14932,0
SJB.US,5,20211011,181500,17.81,17.81,17.805,17.805,2000,0
SJB.US,5,20211011,182000,17.801,17.801,17.801,17.801,150,0
SJB.US,5,20211011,184500,17.805,17.805,17.805,17.805,100,0
SJB.US,5,20211011,190000,17.81,17.81,17.81,17.81,2870,0
SJB.US,5,20211011,190500,17.8199,17.82,17.8199,17.82,700,0
SJB.US,5,20211011,192500,17.82,17.82,17.8182,17.8182,400,0
SJB.US,5,20211011,193000,17.815,17.815,17.815,17.815,100,0
SJB.US,5,20211011,201500,17.825,17.825,17.825,17.825,100,0
SJB.US,5,20211011,202000,17.83,17.83,17.83,17.83,500,0
SJB.US,5,20211011,202500,17.83,17.83,17.83,17.83,4400,0
SJB.US,5,20211011,204500,17.835,17.835,17.835,17.835,700,0
SJB.US,5,20211011,205000,17.8349,17.8349,17.8349,17.8349,175,0
SJB.US,5,20211011,205500,17.835,17.835,17.835,17.835,100,0
SJB.US,5,20211011,210500,17.8399,17.8399,17.8399,17.8399,242,0
SJB.US,5,20211011,211000,17.8399,17.8399,17.8399,17.8399,200,0
SJB.US,5,20211011,213000,17.839,17.84,17.839,17.84,650,0
SJB.US,5,20211011,214500,17.84,17.84,17.8358,17.84,2800,0
SJB.US,5,20211011,215500,17.8499,17.85,17.84,17.85,1360,0
SJB.US,5,20211012,153000,17.81,17.81,17.81,17.81,1776,0
SJB.US,5,20211012,153500,17.81,17.81,17.8,17.8,1700,0
SJB.US,5,20211012,154000,17.795,17.805,17.795,17.805,9300,0
SJB.US,5,20211012,154500,17.815,17.84,17.815,17.8347,3900,0
SJB.US,5,20211012,155000,17.819,17.819,17.815,17.815,400,0
SJB.US,5,20211012,161000,17.82,17.82,17.82,17.82,1000,0
SJB.US,5,20211012,161500,17.8209,17.8209,17.8209,17.8209,200,0
SJB.US,5,20211012,162000,17.8201,17.8201,17.82,17.82,410,0
SJB.US,5,20211012,163500,17.81,17.81,17.81,17.81,1000,0
SJB.US,5,20211012,165000,17.81,17.81,17.81,17.81,1000,0
SJB.US,5,20211012,170500,17.81,17.81,17.805,17.805,600,0
SJB.US,5,20211012,171000,17.805,17.805,17.805,17.805,200,0
SJB.US,5,20211012,172500,17.81,17.81,17.81,17.81,200,0
SJB.US,5,20211012,173000,17.81,17.82,17.81,17.815,11248,0
SJB.US,5,20211012,180000,17.81,17.815,17.81,17.81,300,0
SJB.US,5,20211012,180500,17.8,17.8,17.8,17.8,600,0
SJB.US,5,20211012,181000,17.809,17.809,17.809,17.809,100,0
SJB.US,5,20211012,183000,17.805,17.81,17.805,17.81,800,0
SJB.US,5,20211012,184500,17.81,17.81,17.81,17.81,184,0
SJB.US,5,20211012,190000,17.81,17.81,17.805,17.81,700,0
SJB.US,5,20211012,191000,17.81,17.81,17.8095,17.8095,2000,0
SJB.US,5,20211012,193000,17.815,17.815,17.815,17.815,1000,0
SJB.US,5,20211012,194500,17.81,17.82,17.81,17.82,299990,0
SJB.US,5,20211012,201500,17.81,17.81,17.81,17.81,100,0
SJB.US,5,20211012,205500,17.8001,17.8001,17.8001,17.8001,400,0
SJB.US,5,20211012,211500,17.81,17.82,17.81,17.82,1815,0
SJB.US,5,20211012,212000,17.818,17.818,17.8148,17.8148,246,0
SJB.US,5,20211012,214000,17.811,17.82,17.811,17.82,675,0
SJB.US,5,20211012,215500,17.82,17.83,17.815,17.82,28575,0
SJB.US,5,20211013,153000,17.8,17.8,17.8,17.8,113,0
SJB.US,5,20211013,154000,17.805,17.805,17.805,17.805,500,0
SJB.US,5,20211013,154500,17.81,17.81,17.81,17.81,3800,0
SJB.US,5,20211013,155000,17.81,17.81,17.81,17.81,3200,0
SJB.US,5,20211013,155500,17.8099,17.81,17.8091,17.81,4800,0
SJB.US,5,20211013,160000,17.81,17.815,17.81,17.815,1100,0
SJB.US,5,20211013,161000,17.82,17.82,17.82,17.82,700,0
SJB.US,5,20211013,161500,17.83,17.83,17.825,17.825,700,0
SJB.US,5,20211013,164000,17.82,17.82,17.82,17.82,300,0
SJB.US,5,20211013,164500,17.815,17.819,17.81,17.8112,2400,0
SJB.US,5,20211013,165000,17.8101,17.8101,17.8101,17.8101,500,0
SJB.US,5,20211013,170000,17.825,17.825,17.82,17.8225,800,0
SJB.US,5,20211013,173000,17.81,17.81,17.81,17.81,300,0
SJB.US,5,20211013,175500,17.805,17.805,17.8,17.8,3480,0
SJB.US,5,20211013,180000,17.8,17.8,17.8,17.8,600,0
SJB.US,5,20211013,181000,17.81,17.81,17.81,17.81,100,0
SJB.US,5,20211013,182500,17.82,17.82,17.82,17.82,100,0
SJB.US,5,20211013,183000,17.81,17.82,17.81,17.815,3400,0
SJB.US,5,20211013,184500,17.81,17.81,17.8,17.801,1617,0
SJB.US,5,20211013,185000,17.805,17.805,17.801,17.801,575,0
SJB.US,5,20211013,185500,17.8,17.8,17.8,17.8,420,0
SJB.US,5,20211013,190500,17.8,17.8,17.8,17.8,446,0
SJB.US,5,20211013,191000,17.8,17.8,17.8,17.8,152,0
SJB.US,5,20211013,191500,17.8,17.8,17.8,17.8,736,0
SJB.US,5,20211013,192500,17.8,17.81,17.8,17.81,1400,0
SJB.US,5,20211013,194000,17.8,17.8,17.7901,17.7901,2108,0
SJB.US,5,20211013,195500,17.7999,17.7999,17.7999,17.7999,2000,0
SJB.US,5,20211013,203000,17.795,17.795,17.79,17.79,1642,0
SJB.US,5,20211013,210500,17.79,17.79,17.79,17.79,312,0
SJB.US,5,20211013,212000,17.795,17.795,17.795,17.795,138,0
SJB.US,5,20211013,213500,17.79,17.79,17.79,17.79,300,0
SJB.US,5,20211013,215500,17.78,17.78,17.78,17.78,2385,0
SJB.US,5,20211014,153000,17.74,17.74,17.7101,17.7101,4001,0
SJB.US,5,20211014,153500,17.7168,17.7168,17.7168,17.7168,1200,0
SJB.US,5,20211014,155000,17.701,17.71,17.701,17.71,830,0
SJB.US,5,20211014,160000,17.71,17.71,17.69,17.69,7800,0
SJB.US,5,20211014,160500,17.695,17.695,17.695,17.695,1000,0
SJB.US,5,20211014,161000,17.69,17.69,17.69,17.69,100,0
SJB.US,5,20211014,162500,17.68,17.68,17.68,17.68,100,0
SJB.US,5,20211014,163500,17.685,17.699,17.685,17.699,440,0
SJB.US,5,20211014,164000,17.681,17.681,17.681,17.681,3000,0
SJB.US,5,20211014,164500,17.68,17.68,17.68,17.68,900,0
SJB.US,5,20211014,165000,17.684,17.684,17.684,17.684,350,0
SJB.US,5,20211014,165500,17.68,17.68,17.68,17.68,150,0
SJB.US,5,20211014,170500,17.7,17.7,17.68,17.68,400,0
SJB.US,5,20211014,171500,17.699,17.699,17.699,17.699,1130,0
SJB.US,5,20211014,174500,17.7,17.7,17.7,17.7,101,0
SJB.US,5,20211014,181000,17.69,17.69,17.68,17.68,800,0
SJB.US,5,20211014,182500,17.6807,17.6807,17.6807,17.6807,600,0
SJB.US,5,20211014,184000,17.685,17.685,17.685,17.685,100,0
SJB.US,5,20211014,191500,17.681,17.69,17.681,17.6899,658,0
SJB.US,5,20211014,192000,17.685,17.685,17.685,17.685,100,0
SJB.US,5,20211014,194000,17.6801,17.6801,17.6801,17.6801,500,0
SJB.US,5,20211014,195500,17.6803,17.6803,17.6803,17.6803,1000,0
SJB.US,5,20211014,201000,17.68,17.68,17.67,17.67,1150,0
SJB.US,5,20211014,201500,17.6701,17.6701,17.6701,17.6701,1000,0
SJB.US,5,20211014,203000,17.67,17.675,17.67,17.675,1000,0
SJB.US,5,20211014,204500,17.6795,17.6795,17.6795,17.6795,100,0
SJB.US,5,20211014,210000,17.67,17.6701,17.67,17.6701,220,0
SJB.US,5,20211014,213500,17.6699,17.6699,17.6699,17.6699,102,0
SJB.US,5,20211014,215500,17.65,17.65,17.65,17.65,2652,0
SJB.US,5,20211015,153000,17.64,17.64,17.64,17.64,698,0
SJB.US,5,20211015,154000,17.665,17.665,17.665,17.665,200,0
SJB.US,5,20211015,154500,17.67,17.67,17.67,17.67,200,0
SJB.US,5,20211015,155000,17.66,17.6619,17.66,17.6619,7000,0
SJB.US,5,20211015,155500,17.66,17.66,17.66,17.66,1100,0
SJB.US,5,20211015,160000,17.65,17.65,17.65,17.65,100,0
SJB.US,5,20211015,161500,17.65,17.66,17.65,17.651,2920,0
SJB.US,5,20211015,162000,17.6578,17.6578,17.6578,17.6578,300,0
SJB.US,5,20211015,163000,17.665,17.665,17.665,17.665,100,0
SJB.US,5,20211015,163500,17.67,17.67,17.67,17.67,150,0
SJB.US,5,20211015,164500,17.665,17.665,17.665,17.665,101,0
SJB.US,5,20211015,170000,17.6601,17.6617,17.6601,17.6617,200,0
SJB.US,5,20211015,171500,17.665,17.67,17.665,17.67,1372,0
SJB.US,5,20211015,172000,17.665,17.665,17.665,17.665,100,0
SJB.US,5,20211015,172500,17.67,17.67,17.67,17.67,500,0
SJB.US,5,20211015,173000,17.675,17.675,17.671,17.671,200,0
SJB.US,5,20211015,181000,17.675,17.675,17.675,17.675,112,0
SJB.US,5,20211015,182000,17.67,17.67,17.67,17.67,100,0
SJB.US,5,20211015,182500,17.67,17.671,17.67,17.67,10500,0
SJB.US,5,20211015,183000,17.67,17.67,17.67,17.67,100,0
SJB.US,5,20211015,184500,17.68,17.68,17.68,17.68,265,0
SJB.US,5,20211015,185000,17.6746,17.6746,17.67,17.67,15700,0
SJB.US,5,20211015,185500,17.66,17.66,17.66,17.66,2395,0
SJB.US,5,20211015,190000,17.66,17.66,17.66,17.66,196,0
SJB.US,5,20211015,191000,17.66,17.66,17.66,17.66,442,0
SJB.US,5,20211015,194000,17.669,17.669,17.665,17.665,1000,0
SJB.US,5,20211015,195000,17.66,17.66,17.66,17.66,250,0
SJB.US,5,20211015,195500,17.661,17.661,17.661,17.661,150,0
SJB.US,5,20211015,202500,17.6601,17.6601,17.6601,17.6601,250,0
SJB.US,5,20211015,203500,17.67,17.67,17.67,17.67,7500,0
SJB.US,5,20211015,204000,17.6664,17.6664,17.6664,17.6664,100,0
SJB.US,5,20211015,204500,17.67,17.67,17.67,17.67,142,0
SJB.US,5,20211015,210000,17.67,17.67,17.67,17.67,150,0
SJB.US,5,20211015,211000,17.671,17.671,17.671,17.671,350,0
SJB.US,5,20211015,212000,17.68,17.68,17.68,17.68,1000,0
SJB.US,5,20211015,213000,17.6824,17.6824,17.6824,17.6824,1500,0
SJB.US,5,20211015,214000,17.681,17.681,17.681,17.681,200,0
SJB.US,5,20211015,214500,17.69,17.69,17.685,17.685,1084,0
SJB.US,5,20211015,215500,17.681,17.685,17.68,17.68,1250,0
SJB.US,5,20211018,153000,17.71,17.71,17.71,17.71,511,0
SJB.US,5,20211018,154000,17.72,17.72,17.72,17.72,100,0
SJB.US,5,20211018,160500,17.7,17.71,17.7,17.71,8490,0
SJB.US,5,20211018,161500,17.71,17.71,17.71,17.71,2000,0
SJB.US,5,20211018,162000,17.705,17.71,17.705,17.705,4976,0
SJB.US,5,20211018,162500,17.71,17.71,17.71,17.71,1918,0
SJB.US,5,20211018,163000,17.7053,17.7053,17.705,17.705,600,0
SJB.US,5,20211018,164000,17.7,17.7,17.7,17.7,500,0
SJB.US,5,20211018,174000,17.705,17.705,17.705,17.705,100,0
SJB.US,5,20211018,174500,17.7,17.7,17.7,17.7,200,0
SJB.US,5,20211018,175000,17.7,17.7,17.7,17.7,2000,0
SJB.US,5,20211018,184000,17.69,17.69,17.69,17.69,1000,0
SJB.US,5,20211018,184500,17.7,17.7,17.7,17.7,764,0
SJB.US,5,20211018,192500,17.6982,17.6982,17.6982,17.6982,500,0
SJB.US,5,20211018,203000,17.6999,17.7,17.6999,17.7,200,0
SJB.US,5,20211018,210000,17.705,17.705,17.705,17.705,100,0
SJB.US,5,20211018,211500,17.7099,17.7099,17.7099,17.7099,188,0
SJB.US,5,20211018,212000,17.695,17.695,17.695,17.695,250,0
SJB.US,5,20211018,214000,17.695,17.695,17.69,17.69,1100,0
SJB.US,5,20211018,215500,17.69,17.71,17.68,17.71,756,0
SJB.US,5,20211019,153000,17.7,17.7,17.68,17.68,3956,0
SJB.US,5,20211019,154500,17.69,17.69,17.69,17.69,200,0
SJB.US,5,20211019,155000,17.69,17.69,17.68,17.6835,16696,0
SJB.US,5,20211019,155500,17.69,17.69,17.69,17.69,1000,0
SJB.US,5,20211019,160500,17.69,17.69,17.69,17.69,2500,0
SJB.US,5,20211019,161000,17.6922,17.6922,17.6922,17.6922,250,0
SJB.US,5,20211019,172500,17.69,17.69,17.69,17.69,200,0
SJB.US,5,20211019,173500,17.6831,17.6831,17.6831,17.6831,1202,0
SJB.US,5,20211019,175500,17.685,17.685,17.6801,17.685,2300,0
SJB.US,5,20211019,180000,17.685,17.685,17.685,17.685,125,0
SJB.US,5,20211019,181000,17.68,17.68,17.68,17.68,7295,0
SJB.US,5,20211019,181500,17.68,17.68,17.68,17.68,125,0
SJB.US,5,20211019,182500,17.69,17.69,17.69,17.69,200,0
SJB.US,5,20211019,183000,17.685,17.685,17.685,17.685,1400,0
SJB.US,5,20211019,184500,17.685,17.685,17.685,17.685,130,0
SJB.US,5,20211019,190000,17.68,17.68,17.68,17.68,4705,0
SJB.US,5,20211019,190500,17.68,17.68,17.68,17.68,236,0
SJB.US,5,20211019,192500,17.68,17.68,17.68,17.68,115,0
SJB.US,5,20211019,195500,17.6799,17.68,17.6799,17.68,200,0
SJB.US,5,20211019,202500,17.68,17.68,17.68,17.68,600,0
SJB.US,5,20211019,213000,17.685,17.685,17.685,17.685,500,0
SJB.US,5,20211019,214500,17.68,17.68,17.68,17.68,1242,0
SJB.US,5,20211019,215000,17.685,17.685,17.68,17.68,901,0
SJB.US,5,20211019,215500,17.68,17.68,17.6704,17.675,2175,0
SJB.US,5,20211020,153000,17.7,17.7,17.67,17.67,1463,0
SJB.US,5,20211020,153500,17.675,17.675,17.675,17.675,282,0
SJB.US,5,20211020,154000,17.68,17.68,17.68,17.68,600,0
SJB.US,5,20211020,162500,17.68,17.68,17.68,17.68,1000,0
SJB.US,5,20211020,163000,17.68,17.68,17.68,17.68,200,0
SJB.US,5,20211020,164000,17.679,17.679,17.679,17.679,100,0
SJB.US,5,20211020,172000,17.6739,17.6739,17.6739,17.6739,200,0
SJB.US,5,20211020,172500,17.671,17.671,17.671,17.671,200,0
SJB.US,5,20211020,173000,17.68,17.69,17.68,17.69,9651,0
SJB.US,5,20211020,173500,17.685,17.685,17.68,17.68,1600,0
SJB.US,5,20211020,174000,17.69,17.69,17.6899,17.6899,400,0
SJB.US,5,20211020,175000,17.685,17.685,17.681,17.681,1362,0
SJB.US,5,20211020,175500,17.69,17.69,17.69,17.69,146,0
SJB.US,5,20211020,184500,17.675,17.675,17.675,17.675,150,0
SJB.US,5,20211020,185000,17.68,17.68,17.68,17.68,1130,0
SJB.US,5,20211020,192500,17.68,17.68,17.68,17.68,100,0
SJB.US,5,20211020,194500,17.685,17.685,17.68,17.68,1258,0
SJB.US,5,20211020,195500,17.685,17.69,17.685,17.69,1493,0
SJB.US,5,20211020,201500,17.685,17.685,17.685,17.685,263,0
SJB.US,5,20211020,202000,17.685,17.69,17.685,17.69,469,0
SJB.US,5,20211020,204500,17.68,17.68,17.68,17.68,100,0
SJB.US,5,20211020,210000,17.68,17.68,17.68,17.68,449,0
SJB.US,5,20211020,212500,17.6799,17.6799,17.675,17.675,1154,0
SJB.US,5,20211020,213000,17.675,17.675,17.675,17.675,200,0
SJB.US,5,20211020,214500,17.6705,17.6705,17.6705,17.6705,1072,0
SJB.US,5,20211021,153000,17.69,17.69,17.6505,17.66,9200,0
SJB.US,5,20211021,154500,17.6601,17.6601,17.6601,17.6601,150,0
SJB.US,5,20211021,160000,17.67,17.67,17.67,17.67,1200,0
SJB.US,5,20211021,173500,17.693,17.693,17.693,17.693,2000,0
SJB.US,5,20211021,174500,17.69,17.69,17.69,17.69,2000,0
SJB.US,5,20211021,182000,17.7,17.7,17.7,17.7,100,0
SJB.US,5,20211021,183000,17.7099,17.7099,17.7099,17.7099,100,0
SJB.US,5,20211021,184500,17.705,17.705,17.705,17.705,222,0
SJB.US,5,20211021,185500,17.705,17.71,17.705,17.71,1809,0
SJB.US,5,20211021,193500,17.719,17.719,17.7121,17.7121,520,0
SJB.US,5,20211021,195500,17.719,17.719,17.719,17.719,800,0
SJB.US,5,20211021,201000,17.71,17.71,17.71,17.71,150,0
SJB.US,5,20211021,203500,17.7,17.7,17.7,17.7,25642,0
SJB.US,5,20211021,204000,17.72,17.72,17.72,17.72,900,0
SJB.US,5,20211021,211000,17.7,17.7,17.7,17.7,100,0
SJB.US,5,20211021,213500,17.71,17.71,17.71,17.71,1000,0
SJB.US,5,20211021,214500,17.715,17.72,17.71,17.72,3930,0
SJB.US,5,20211021,215500,17.7101,17.72,17.7,17.7,1000,0
SJB.US,5,20211022,153500,17.7,17.7,17.7,17.7,1181,0
SJB.US,5,20211022,154000,17.71,17.72,17.71,17.72,1000,0
SJB.US,5,20211022,155500,17.72,17.72,17.72,17.72,1200,0
SJB.US,5,20211022,160500,17.73,17.73,17.73,17.73,1000,0
SJB.US,5,20211022,161500,17.729,17.73,17.729,17.73,28100,0
SJB.US,5,20211022,162500,17.72,17.72,17.72,17.72,200,0
SJB.US,5,20211022,165000,17.73,17.73,17.73,17.73,543,0
SJB.US,5,20211022,165500,17.72,17.72,17.72,17.72,500,0
SJB.US,5,20211022,170000,17.72,17.72,17.72,17.72,2100,0
SJB.US,5,20211022,171500,17.73,17.73,17.73,17.73,6800,0
SJB.US,5,20211022,172000,17.73,17.73,17.73,17.73,200,0
SJB.US,5,20211022,172500,17.745,17.745,17.74,17.74,1400,0
SJB.US,5,20211022,173000,17.74,17.745,17.74,17.745,2450,0
SJB.US,5,20211022,173500,17.75,17.75,17.75,17.75,3379,0
SJB.US,5,20211022,174000,17.76,17.76,17.75,17.757,15000,0
SJB.US,5,20211022,174500,17.759,17.76,17.759,17.76,17000,0
SJB.US,5,20211022,175500,17.75,17.75,17.75,17.75,282,0
SJB.US,5,20211022,180500,17.75,17.76,17.75,17.76,562,0
SJB.US,5,20211022,182000,17.7599,17.7599,17.7599,17.7599,5000,0
SJB.US,5,20211022,182500,17.7584,17.7584,17.75,17.75,300,0
SJB.US,5,20211022,184500,17.74,17.74,17.74,17.74,216,0
SJB.US,5,20211022,191000,17.74,17.74,17.74,17.74,3600,0
SJB.US,5,20211022,191500,17.74,17.74,17.74,17.74,500,0
SJB.US,5,20211022,192000,17.74,17.74,17.74,17.74,1200,0
SJB.US,5,20211022,200000,17.75,17.75,17.75,17.75,1000,0
SJB.US,5,20211022,200500,17.75,17.75,17.75,17.75,1801,0
SJB.US,5,20211022,210000,17.75,17.75,17.75,17.75,600,0
SJB.US,5,20211022,212000,17.75,17.75,17.7499,17.7499,300,0
SJB.US,5,20211022,212500,17.759,17.76,17.75,17.75,2800,0
SJB.US,5,20211022,214500,17.76,17.76,17.76,17.76,1010,0
SJB.US,5,20211022,215500,17.76,17.77,17.75,17.77,801,0
SJB.US,5,20211025,153000,17.75,17.75,17.75,17.75,890,0
SJB.US,5,20211025,153500,17.75,17.75,17.75,17.75,100,0
SJB.US,5,20211025,154500,17.7601,17.7601,17.7601,17.7601,400,0
SJB.US,5,20211025,155000,17.765,17.765,17.76,17.76,4140,0
SJB.US,5,20211025,155500,17.76,17.76,17.76,17.76,800,0
SJB.US,5,20211025,160500,17.76,17.76,17.76,17.76,1200,0
SJB.US,5,20211025,161000,17.7599,17.7599,17.7599,17.7599,100,0
SJB.US,5,20211025,161500,17.75,17.75,17.74,17.745,1900,0
SJB.US,5,20211025,163000,17.74,17.74,17.74,17.74,600,0
SJB.US,5,20211025,164500,17.745,17.745,17.745,17.745,2200,0
SJB.US,5,20211025,170500,17.7301,17.739,17.73,17.739,1025,0
SJB.US,5,20211025,172000,17.73,17.739,17.73,17.73,600,0
SJB.US,5,20211025,181500,17.739,17.739,17.739,17.739,100,0
SJB.US,5,20211025,182500,17.7201,17.73,17.7201,17.725,3100,0
SJB.US,5,20211025,183500,17.7201,17.725,17.72,17.725,2621,0
SJB.US,5,20211025,184000,17.72,17.722,17.72,17.72,2100,0
SJB.US,5,20211025,184500,17.72,17.72,17.72,17.72,337,0
SJB.US,5,20211025,193000,17.72,17.72,17.72,17.72,300,0
SJB.US,5,20211025,194000,17.7169,17.7169,17.7169,17.7169,654,0
SJB.US,5,20211025,195000,17.71,17.715,17.71,17.715,1163,0
SJB.US,5,20211025,195500,17.715,17.715,17.715,17.715,100,0
SJB.US,5,20211025,201500,17.711,17.715,17.711,17.715,363,0
SJB.US,5,20211025,205000,17.7199,17.7199,17.7199,17.7199,177,0
SJB.US,5,20211025,210000,17.7174,17.72,17.7174,17.72,463,0
SJB.US,5,20211025,215500,17.715,17.715,17.715,17.715,145,0
SJB.US,5,20211026,153000,17.71,17.71,17.7,17.7054,4227,0
SJB.US,5,20211026,154000,17.7001,17.7001,17.7,17.7,4000,0
SJB.US,5,20211026,160000,17.7,17.7,17.7,17.7,1500,0
SJB.US,5,20211026,161000,17.6901,17.6901,17.6901,17.6901,100,0
SJB.US,5,20211026,162000,17.69,17.69,17.69,17.69,200,0
SJB.US,5,20211026,162500,17.6827,17.6827,17.6827,17.6827,500,0
SJB.US,5,20211026,163500,17.69,17.69,17.69,17.69,2330,0
SJB.US,5,20211026,164000,17.69,17.69,17.69,17.69,100,0
SJB.US,5,20211026,164500,17.7,17.7,17.7,17.7,100,0
SJB.US,5,20211026,165500,17.69,17.69,17.69,17.69,999,0
SJB.US,5,20211026,171000,17.695,17.695,17.695,17.695,100,0
SJB.US,5,20211026,173500,17.69,17.69,17.69,17.69,200,0
SJB.US,5,20211026,180000,17.7,17.7,17.7,17.7,2550,0
SJB.US,5,20211026,180500,17.7,17.7,17.7,17.7,1100,0
SJB.US,5,20211026,184500,17.705,17.71,17.705,17.71,1424,0
SJB.US,5,20211026,191500,17.705,17.705,17.705,17.705,500,0
SJB.US,5,20211026,200000,17.7,17.7,17.7,17.7,1000,0
SJB.US,5,20211026,204000,17.7,17.7,17.7,17.7,23750,0
SJB.US,5,20211026,205000,17.709,17.709,17.709,17.709,125,0
SJB.US,5,20211026,210000,17.705,17.705,17.705,17.705,1000,0
SJB.US,5,20211026,210500,17.709,17.709,17.709,17.709,724,0
SJB.US,5,20211026,211000,17.709,17.709,17.709,17.709,100,0
SJB.US,5,20211026,212000,17.7099,17.7099,17.7099,17.7099,166,0
SJB.US,5,20211026,214500,17.705,17.705,17.705,17.705,1044,0
SJB.US,5,20211027,153000,17.71,17.71,17.69,17.69,2630,0
SJB.US,5,20211027,153500,17.695,17.695,17.695,17.695,800,0
SJB.US,5,20211027,154000,17.695,17.695,17.69,17.69,776,0
SJB.US,5,20211027,155000,17.69,17.69,17.69,17.69,100,0
SJB.US,5,20211027,155500,17.691,17.695,17.69,17.695,2900,0
SJB.US,5,20211027,160000,17.695,17.695,17.695,17.695,1000,0
SJB.US,5,20211027,161500,17.7,17.7,17.7,17.7,6031,0
SJB.US,5,20211027,162500,17.7,17.7,17.7,17.7,500,0
SJB.US,5,20211027,163500,17.6994,17.7,17.6994,17.7,611,0
SJB.US,5,20211027,164000,17.695,17.695,17.695,17.695,500,0
SJB.US,5,20211027,165500,17.7,17.71,17.7,17.71,900,0
SJB.US,5,20211027,183000,17.6991,17.6991,17.6991,17.6991,160,0
SJB.US,5,20211027,184500,17.71,17.71,17.71,17.71,577,0
SJB.US,5,20211027,185500,17.709,17.71,17.709,17.71,9500,0
SJB.US,5,20211027,203500,17.7076,17.7076,17.705,17.705,4050,0
SJB.US,5,20211027,210500,17.705,17.705,17.705,17.705,697,0
SJB.US,5,20211027,215500,17.73,17.73,17.73,17.73,282,0
SJB.US,5,20211028,153000,17.72,17.72,17.69,17.69,2139,0
SJB.US,5,20211028,153500,17.7,17.7,17.7,17.7,1300,0
SJB.US,5,20211028,162500,17.6871,17.6871,17.6871,17.6871,600,0
SJB.US,5,20211028,170500,17.69,17.69,17.69,17.69,300,0
SJB.US,5,20211028,171500,17.69,17.69,17.69,17.69,150,0
SJB.US,5,20211028,172000,17.69,17.69,17.69,17.69,300,0
SJB.US,5,20211028,173000,17.71,17.71,17.71,17.71,12232,0
SJB.US,5,20211028,173500,17.7,17.7,17.7,17.7,300,0
SJB.US,5,20211028,183500,17.69,17.69,17.69,17.69,177,0
SJB.US,5,20211028,184500,17.71,17.71,17.71,17.71,521,0
SJB.US,5,20211028,210000,17.705,17.705,17.705,17.705,200,0
SJB.US,5,20211028,214500,17.695,17.695,17.695,17.695,100,0
SJB.US,5,20211028,215500,17.69,17.69,17.69,17.69,1200,0
SJB.US,5,20211029,153500,17.7,17.7,17.7,17.7,1374,0
SJB.US,5,20211029,154000,17.715,17.715,17.715,17.715,1300,0
SJB.US,5,20211029,175500,17.71,17.71,17.71,17.71,100,0
SJB.US,5,20211029,182500,17.705,17.705,17.7,17.7,6014,0
SJB.US,5,20211029,183500,17.695,17.695,17.695,17.695,110,0
SJB.US,5,20211029,185000,17.6996,17.6996,17.6996,17.6996,100,0
SJB.US,5,20211029,190000,17.7,17.7,17.7,17.7,500,0
SJB.US,5,20211029,191500,17.71,17.71,17.71,17.71,100,0
SJB.US,5,20211029,201500,17.705,17.705,17.705,17.705,1000,0
SJB.US,5,20211029,202000,17.7099,17.7099,17.7099,17.7099,1000,0
SJB.US,5,20211029,202500,17.71,17.71,17.705,17.705,2100,0
SJB.US,5,20211029,203500,17.703,17.703,17.703,17.703,1000,0
SJB.US,5,20211029,204000,17.7071,17.7071,17.7071,17.7071,1000,0
SJB.US,5,20211029,204500,17.7099,17.7099,17.7,17.7,25825,0
SJB.US,5,20211029,212000,17.7,17.7,17.7,17.7,14000,0
SJB.US,5,20211029,213000,17.705,17.709,17.705,17.709,2251,0
SJB.US,5,20211029,214500,17.705,17.705,17.705,17.705,867,0
SJB.US,5,20211029,215500,17.7,17.7,17.7,17.7,140,0
SJB.US,5,20211101,143000,17.69,17.7,17.69,17.69,3426,0
SJB.US,5,20211101,143500,17.69,17.69,17.69,17.69,1800,0
SJB.US,5,20211101,151000,17.71,17.71,17.71,17.71,2000,0
SJB.US,5,20211101,152000,17.71,17.71,17.71,17.71,2957,0
SJB.US,5,20211101,154000,17.71,17.71,17.71,17.71,100,0
SJB.US,5,20211101,162000,17.71,17.71,17.71,17.71,1000,0
SJB.US,5,20211101,162500,17.71,17.71,17.71,17.71,200,0
SJB.US,5,20211101,173500,17.71,17.71,17.71,17.71,300,0
SJB.US,5,20211101,175000,17.71,17.71,17.71,17.71,1000,0
SJB.US,5,20211101,181000,17.72,17.72,17.7166,17.72,2500,0
SJB.US,5,20211101,181500,17.72,17.72,17.72,17.72,880,0
SJB.US,5,20211101,182000,17.7265,17.729,17.72,17.72,1500,0
SJB.US,5,20211101,182500,17.729,17.729,17.729,17.729,500,0
SJB.US,5,20211101,183000,17.729,17.73,17.7266,17.7266,2740,0
SJB.US,5,20211101,183500,17.7269,17.73,17.7266,17.7298,2780,0
SJB.US,5,20211101,184000,17.73,17.73,17.7266,17.7266,1632,0
SJB.US,5,20211101,185500,17.73,17.73,17.73,17.73,100,0
SJB.US,5,20211101,192500,17.737,17.737,17.737,17.737,560,0
SJB.US,5,20211101,193500,17.73,17.73,17.73,17.73,200,0
SJB.US,5,20211101,201000,17.735,17.735,17.735,17.735,500,0
SJB.US,5,20211101,204000,17.74,17.74,17.74,17.74,300,0
SJB.US,5,20211101,205000,17.74,17.74,17.74,17.74,400,0
SJB.US,5,20211101,205500,17.7363,17.7363,17.7363,17.7363,100,0
SJB.US,5,20211102,143000,17.7401,17.7499,17.74,17.74,435,0
SJB.US,5,20211102,143500,17.73,17.73,17.72,17.72,1032,0
SJB.US,5,20211102,144000,17.73,17.73,17.73,17.73,500,0
SJB.US,5,20211102,145000,17.725,17.73,17.72,17.73,1380,0
SJB.US,5,20211102,150000,17.72,17.72,17.72,17.72,200,0
SJB.US,5,20211102,150500,17.725,17.725,17.725,17.725,200,0
SJB.US,5,20211102,152500,17.7299,17.7299,17.7299,17.7299,300,0
SJB.US,5,20211102,155000,17.715,17.715,17.71,17.71,1100,0
SJB.US,5,20211102,160000,17.72,17.72,17.71,17.71,40332,0
SJB.US,5,20211102,161000,17.71,17.71,17.705,17.705,640,0
SJB.US,5,20211102,162000,17.705,17.705,17.7,17.7,2864,0
SJB.US,5,20211102,162500,17.7001,17.7001,17.7,17.7,1498,0
SJB.US,5,20211102,163000,17.695,17.695,17.695,17.695,144,0
SJB.US,5,20211102,171000,17.695,17.695,17.695,17.695,500,0
SJB.US,5,20211102,171500,17.698,17.6999,17.698,17.6999,750,0
SJB.US,5,20211102,173000,17.695,17.7,17.695,17.7,300,0
SJB.US,5,20211102,174000,17.695,17.695,17.695,17.695,100,0
SJB.US,5,20211102,175000,17.7,17.71,17.7,17.7,14905,0
SJB.US,5,20211102,182500,17.7,17.7,17.7,17.7,2600,0
SJB.US,5,20211102,190500,17.701,17.701,17.701,17.701,600,0
SJB.US,5,20211102,191000,17.7006,17.7006,17.7006,17.7006,1000,0
SJB.US,5,20211102,192000,17.705,17.7099,17.705,17.7099,521,0
SJB.US,5,20211102,194000,17.71,17.71,17.705,17.71,4312,0
SJB.US,5,20211102,194500,17.701,17.701,17.7,17.7,625,0
SJB.US,5,20211102,200500,17.71,17.71,17.71,17.71,13450,0
SJB.US,5,20211102,201000,17.71,17.71,17.7058,17.7058,400,0
SJB.US,5,20211102,201500,17.71,17.7125,17.71,17.71,18250,0
SJB.US,5,20211102,205500,17.71,17.71,17.71,17.71,300,0
SJB.US,5,20211103,143000,17.72,17.72,17.72,17.72,1550,0
SJB.US,5,20211103,143500,17.71,17.71,17.71,17.71,800,0
SJB.US,5,20211103,153500,17.705,17.705,17.705,17.705,1100,0
SJB.US,5,20211103,154000,17.705,17.705,17.705,17.705,100,0
SJB.US,5,20211103,154500,17.701,17.701,17.7,17.7009,1750,0
SJB.US,5,20211103,160500,17.705,17.705,17.705,17.705,110,0
SJB.US,5,20211103,161500,17.71,17.71,17.71,17.71,200,0
SJB.US,5,20211103,163500,17.71,17.71,17.71,17.71,1000,0
SJB.US,5,20211103,164000,17.7,17.7,17.7,17.7,250,0
SJB.US,5,20211103,175500,17.705,17.705,17.7,17.705,5601,0
SJB.US,5,20211103,184500,17.71,17.71,17.71,17.71,129,0
SJB.US,5,20211103,192500,17.685,17.685,17.685,17.685,828,0
SJB.US,5,20211103,194000,17.685,17.685,17.685,17.685,300,0
SJB.US,5,20211103,194500,17.68,17.68,17.67,17.679,1700,0
SJB.US,5,20211103,195000,17.67,17.67,17.67,17.67,100,0
SJB.US,5,20211103,200000,17.6632,17.6632,17.661,17.661,11684,0
SJB.US,5,20211103,200500,17.6601,17.6601,17.6601,17.6601,5000,0
SJB.US,5,20211103,201000,17.6601,17.6601,17.66,17.66,6868,0
SJB.US,5,20211103,202000,17.66,17.6601,17.66,17.6601,19800,0
SJB.US,5,20211103,202500,17.6612,17.6612,17.65,17.651,16958,0
SJB.US,5,20211103,203000,17.66,17.66,17.66,17.66,900,0
SJB.US,5,20211103,204500,17.65,17.65,17.65,17.65,2049,0
SJB.US,5,20211103,205000,17.66,17.66,17.66,17.66,170,0
SJB.US,5,20211103,205500,17.66,17.66,17.65,17.65,2436,0
SJB.US,5,20211104,143000,17.63,17.63,17.63,17.63,501,0
SJB.US,5,20211104,144000,17.62,17.62,17.62,17.62,500,0
SJB.US,5,20211104,150000,17.612,17.612,17.6109,17.6109,200,0
SJB.US,5,20211104,150500,17.615,17.62,17.61,17.62,15900,0
SJB.US,5,20211104,151000,17.61,17.61,17.61,17.61,200,0
SJB.US,5,20211104,160500,17.62,17.62,17.62,17.62,100,0
SJB.US,5,20211104,161000,17.615,17.615,17.615,17.615,500,0
SJB.US,5,20211104,161500,17.62,17.62,17.62,17.62,232,0
SJB.US,5,20211104,162500,17.6294,17.6294,17.6294,17.6294,200,0
SJB.US,5,20211104,163000,17.62,17.62,17.62,17.62,500,0
SJB.US,5,20211104,165500,17.625,17.625,17.625,17.625,500,0
SJB.US,5,20211104,175500,17.615,17.62,17.615,17.615,700,0
SJB.US,5,20211104,180000,17.615,17.62,17.615,17.615,2100,0
SJB.US,5,20211104,181500,17.62,17.62,17.62,17.62,387,0
SJB.US,5,20211104,191500,17.619,17.619,17.619,17.619,113,0
SJB.US,5,20211104,192000,17.61,17.61,17.61,17.61,1000,0
SJB.US,5,20211104,200000,17.615,17.615,17.615,17.615,250,0
SJB.US,5,20211104,203000,17.61,17.6101,17.61,17.6101,1302,0
SJB.US,5,20211104,204500,17.619,17.619,17.619,17.619,3000,0
SJB.US,5,20211104,205500,17.61,17.615,17.61,17.615,2500,0
SJB.US,5,20211105,144000,17.575,17.575,17.575,17.575,111,0
SJB.US,5,20211105,145000,17.561,17.565,17.56,17.5623,16825,0
SJB.US,5,20211105,150000,17.56,17.56,17.555,17.56,4557,0
SJB.US,5,20211105,150500,17.551,17.56,17.55,17.555,17705,0
SJB.US,5,20211105,151500,17.555,17.555,17.55,17.55,3400,0
SJB.US,5,20211105,152000,17.55,17.5522,17.55,17.55,8960,0
SJB.US,5,20211105,152500,17.55,17.55,17.545,17.55,6319,0
SJB.US,5,20211105,153000,17.551,17.552,17.551,17.552,1310,0
SJB.US,5,20211105,154500,17.555,17.555,17.555,17.555,200,0
SJB.US,5,20211105,155000,17.55,17.55,17.55,17.55,500,0
SJB.US,5,20211105,160000,17.555,17.555,17.555,17.555,117,0
SJB.US,5,20211105,160500,17.55,17.55,17.55,17.55,100,0
SJB.US,5,20211105,163000,17.55,17.55,17.55,17.55,100,0
SJB.US,5,20211105,163500,17.55,17.55,17.55,17.55,6232,0
SJB.US,5,20211105,164000,17.55,17.551,17.55,17.551,7800,0
SJB.US,5,20211105,165000,17.5599,17.5599,17.5599,17.5599,300,0
SJB.US,5,20211105,170500,17.555,17.555,17.555,17.555,1339,0
SJB.US,5,20211105,171000,17.5533,17.5533,17.5533,17.5533,175,0
SJB.US,5,20211105,172000,17.55,17.55,17.55,17.55,1000,0
SJB.US,5,20211105,180000,17.5415,17.5415,17.5415,17.5415,10000,0
SJB.US,5,20211105,180500,17.541,17.5422,17.541,17.5422,5000,0
SJB.US,5,20211105,181000,17.54,17.5422,17.54,17.54,5224,0
SJB.US,5,20211105,181500,17.541,17.541,17.54,17.5401,2500,0
SJB.US,5,20211105,182500,17.55,17.55,17.55,17.55,1600,0
SJB.US,5,20211105,185000,17.55,17.55,17.54,17.54,4399,0
SJB.US,5,20211105,191500,17.541,17.541,17.541,17.541,200,0
SJB.US,5,20211105,192000,17.545,17.545,17.545,17.545,300,0
SJB.US,5,20211105,195500,17.545,17.545,17.54,17.54,550,0
SJB.US,5,20211105,201500,17.54,17.54,17.54,17.54,400,0
SJB.US,5,20211105,204500,17.535,17.54,17.531,17.531,8375,0
SJB.US,5,20211105,205000,17.5311,17.5311,17.53,17.53,5302,0
SJB.US,5,20211105,205500,17.53,17.53,17.53,17.53,1750,0
SJB.US,5,20211108,153000,17.51,17.51,17.51,17.51,2103,0
SJB.US,5,20211108,153500,17.515,17.52,17.515,17.52,764,0
SJB.US,5,20211108,154000,17.53,17.53,17.53,17.53,200,0
SJB.US,5,20211108,154500,17.53,17.53,17.53,17.53,3000,0
SJB.US,5,20211108,155000,17.53,17.53,17.53,17.53,2000,0
SJB.US,5,20211108,155500,17.53,17.53,17.53,17.53,100,0
SJB.US,5,20211108,160000,17.54,17.54,17.54,17.54,700,0
SJB.US,5,20211108,160500,17.54,17.54,17.54,17.54,1500,0
SJB.US,5,20211108,161000,17.54,17.54,17.54,17.54,5610,0
SJB.US,5,20211108,161500,17.54,17.54,17.54,17.54,8700,0
SJB.US,5,20211108,163000,17.54,17.54,17.54,17.54,2500,0
SJB.US,5,20211108,164000,17.545,17.545,17.545,17.545,600,0
SJB.US,5,20211108,164500,17.55,17.55,17.55,17.55,600,0
SJB.US,5,20211108,165500,17.555,17.56,17.55,17.56,17670,0
SJB.US,5,20211108,171000,17.55,17.55,17.5499,17.5499,400,0
SJB.US,5,20211108,174000,17.5441,17.5441,17.5441,17.5441,1250,0
SJB.US,5,20211108,180500,17.545,17.545,17.545,17.545,500,0
SJB.US,5,20211108,185000,17.55,17.55,17.55,17.55,100,0
SJB.US,5,20211108,190500,17.5562,17.5562,17.55,17.55,393,0
SJB.US,5,20211108,191500,17.5518,17.5518,17.5518,17.5518,3000,0
SJB.US,5,20211108,192000,17.55,17.5501,17.55,17.5501,8800,0
SJB.US,5,20211108,192500,17.555,17.555,17.555,17.555,570,0
SJB.US,5,20211108,194000,17.555,17.555,17.555,17.555,1074,0
SJB.US,5,20211108,194500,17.56,17.56,17.56,17.56,365,0
SJB.US,5,20211108,201000,17.55,17.555,17.55,17.55,40825,0
SJB.US,5,20211108,201500,17.551,17.5512,17.55,17.55,28900,0
SJB.US,5,20211108,202500,17.55,17.55,17.55,17.55,100,0
SJB.US,5,20211108,211500,17.551,17.551,17.551,17.551,200,0
SJB.US,5,20211108,215500,17.555,17.555,17.55,17.55,1500,0
SJB.US,5,20211109,153000,17.54,17.555,17.54,17.55,5550,0
SJB.US,5,20211109,153500,17.55,17.55,17.55,17.55,1300,0
SJB.US,5,20211109,155500,17.56,17.57,17.56,17.57,1200,0
SJB.US,5,20211109,162000,17.565,17.565,17.565,17.565,100,0
SJB.US,5,20211109,162500,17.561,17.561,17.561,17.561,100,0
SJB.US,5,20211109,164500,17.5553,17.5553,17.5553,17.5553,250,0
SJB.US,5,20211109,165500,17.56,17.56,17.56,17.56,950,0
SJB.US,5,20211109,173500,17.565,17.565,17.565,17.565,200,0
SJB.US,5,20211109,174000,17.565,17.565,17.565,17.565,100,0
SJB.US,5,20211109,174500,17.56,17.56,17.56,17.56,200,0
SJB.US,5,20211109,180000,17.551,17.551,17.551,17.551,200,0
SJB.US,5,20211109,183000,17.555,17.5551,17.555,17.5551,1525,0
SJB.US,5,20211109,183500,17.5509,17.5509,17.5509,17.5509,3350,0
SJB.US,5,20211109,184500,17.56,17.56,17.56,17.56,400,0
SJB.US,5,20211109,205000,17.5401,17.5401,17.5401,17.5401,139,0
SJB.US,5,20211109,210000,17.53,17.54,17.52,17.52,26774,0
SJB.US,5,20211109,213500,17.55,17.55,17.5401,17.5401,1000,0
SJB.US,5,20211109,214500,17.54,17.54,17.54,17.54,1000,0
SJB.US,5,20211109,215500,17.54,17.54,17.54,17.54,997,0
SJB.US,5,20211110,153000,17.58,17.58,17.56,17.5799,10000,0
SJB.US,5,20211110,154500,17.575,17.58,17.575,17.58,350,0
SJB.US,5,20211110,155000,17.575,17.575,17.575,17.575,150,0
SJB.US,5,20211110,155500,17.57,17.57,17.57,17.57,400,0
SJB.US,5,20211110,160000,17.565,17.565,17.565,17.565,100,0
SJB.US,5,20211110,161000,17.565,17.565,17.565,17.565,200,0
SJB.US,5,20211110,162500,17.5699,17.5699,17.5699,17.5699,1000,0
SJB.US,5,20211110,164000,17.57,17.57,17.57,17.57,2200,0
SJB.US,5,20211110,164500,17.58,17.58,17.58,17.58,900,0
SJB.US,5,20211110,171000,17.58,17.58,17.58,17.58,9100,0
SJB.US,5,20211110,175500,17.59,17.59,17.585,17.585,400,0
SJB.US,5,20211110,180000,17.59,17.59,17.59,17.59,200,0
SJB.US,5,20211110,180500,17.59,17.59,17.59,17.59,100,0
SJB.US,5,20211110,181000,17.585,17.59,17.585,17.59,300,0
SJB.US,5,20211110,181500,17.585,17.59,17.585,17.585,400,0
SJB.US,5,20211110,182000,17.59,17.59,17.585,17.5882,550,0
SJB.US,5,20211110,183000,17.588,17.588,17.588,17.588,777,0
SJB.US,5,20211110,184500,17.59,17.59,17.59,17.59,1800,0
SJB.US,5,20211110,190000,17.6,17.6,17.6,17.6,180,0
SJB.US,5,20211110,191000,17.6199,17.6199,17.6199,17.6199,200,0
SJB.US,5,20211110,191500,17.6,17.6075,17.6,17.6075,814,0
SJB.US,5,20211110,192500,17.609,17.609,17.609,17.609,300,0
SJB.US,5,20211110,194000,17.605,17.605,17.605,17.605,200,0
SJB.US,5,20211110,194500,17.605,17.605,17.6,17.6,1283,0
SJB.US,5,20211110,195500,17.608,17.608,17.605,17.605,1100,0
SJB.US,5,20211110,200000,17.61,17.61,17.61,17.61,400,0
SJB.US,5,20211110,201000,17.619,17.619,17.619,17.619,300,0
SJB.US,5,20211110,202000,17.615,17.62,17.615,17.62,3064,0
SJB.US,5,20211110,202500,17.63,17.63,17.63,17.63,2116,0
SJB.US,5,20211110,204000,17.63,17.63,17.63,17.63,1300,0
SJB.US,5,20211110,210000,17.6201,17.6201,17.6201,17.6201,100,0
SJB.US,5,20211110,211500,17.62,17.62,17.62,17.62,2803,0
SJB.US,5,20211110,212000,17.62,17.62,17.62,17.62,400,0
SJB.US,5,20211110,214500,17.625,17.63,17.625,17.63,978,0
SJB.US,5,20211110,215500,17.62,17.62,17.62,17.62,1900,0
SJB.US,5,20211111,153000,17.64,17.64,17.64,17.64,2200,0
SJB.US,5,20211111,155000,17.621,17.621,17.621,17.621,100,0
SJB.US,5,20211111,155500,17.62,17.64,17.62,17.64,300,0
SJB.US,5,20211111,173000,17.64,17.64,17.63,17.63,3609,0
SJB.US,5,20211111,174000,17.635,17.635,17.635,17.635,370,0
SJB.US,5,20211111,175500,17.64,17.64,17.64,17.64,400,0
SJB.US,5,20211111,180000,17.64,17.64,17.64,17.64,400,0
SJB.US,5,20211111,180500,17.64,17.64,17.64,17.64,400,0
SJB.US,5,20211111,181000,17.64,17.64,17.6392,17.6392,520,0
SJB.US,5,20211111,183500,17.64,17.64,17.64,17.64,410,0
SJB.US,5,20211111,190000,17.65,17.65,17.65,17.65,2100,0
SJB.US,5,20211111,211000,17.6446,17.6446,17.6446,17.6446,2000,0
SJB.US,5,20211111,211500,17.65,17.655,17.65,17.655,1899,0
SJB.US,5,20211111,215500,17.655,17.655,17.65,17.65,1600,0
