<TICKER>,<PER>,<DATE>,<TIME>,<OPEN>,<HIGH>,<LOW>,<CLOSE>,<VOL>,<OPENINT>
SMN.US,5,20210922,153000,15.73,15.73,15.65,15.65,1100,0
SMN.US,5,20210922,155000,15.01,15.01,15,15,6092,0
SMN.US,5,20210922,155500,15.045,15.045,15.045,15.045,500,0
SMN.US,5,20210922,161000,15.011,15.011,15,15,9580,0
SMN.US,5,20210922,171500,15,15.0113,14.9201,14.94,6359,0
SMN.US,5,20210922,173500,14.8727,14.8727,14.8727,14.8727,500,0
SMN.US,5,20210922,174000,14.84,14.88,14.81,14.88,8710,0
SMN.US,5,20210922,174500,14.8108,14.8108,14.8108,14.8108,200,0
SMN.US,5,20210922,175000,14.8101,14.9,14.8101,14.9,1679,0
SMN.US,5,20210922,180000,14.85,14.86,14.85,14.86,300,0
SMN.US,5,20210922,180500,14.91,14.91,14.9,14.9,800,0
SMN.US,5,20210922,190000,14.9,14.9,14.86,14.86,800,0
SMN.US,5,20210922,190500,14.91,14.92,14.9,14.9,2900,0
SMN.US,5,20210922,191000,14.92,14.94,14.92,14.94,3200,0
SMN.US,5,20210922,191500,14.92,14.95,14.92,14.94,7500,0
SMN.US,5,20210922,193000,14.9,14.9,14.9,14.9,100,0
SMN.US,5,20210922,194000,14.88,14.91,14.88,14.91,4600,0
SMN.US,5,20210922,195000,14.91,14.93,14.91,14.93,1100,0
SMN.US,5,20210922,200000,14.92,15.01,14.87,14.93,1500,0
SMN.US,5,20210922,200500,14.79,14.81,14.79,14.81,1877,0
SMN.US,5,20210922,201500,14.76,14.78,14.76,14.78,600,0
SMN.US,5,20210922,202000,14.79,14.84,14.79,14.84,400,0
SMN.US,5,20210922,203000,14.81,14.81,14.77,14.77,300,0
SMN.US,5,20210922,203500,14.82,14.85,14.82,14.84,400,0
SMN.US,5,20210922,204000,14.86,14.92,14.86,14.92,400,0
SMN.US,5,20210922,204500,14.94,15.01,14.94,15,1300,0
SMN.US,5,20210922,205000,15.02,15.05,14.91,14.93,1100,0
SMN.US,5,20210922,205500,14.94,14.98,14.94,14.96,1300,0
SMN.US,5,20210922,210000,14.98,14.98,14.97,14.98,600,0
SMN.US,5,20210922,210500,15,15,14.96,14.96,300,0
SMN.US,5,20210922,212000,14.85,14.92,14.85,14.92,900,0
SMN.US,5,20210922,212500,14.92,14.92,14.92,14.92,100,0
SMN.US,5,20210922,213000,14.93,14.95,14.93,14.95,300,0
SMN.US,5,20210922,214000,14.96,15,14.96,15,300,0
SMN.US,5,20210922,215500,15.05,15.05,15.05,15.05,3800,0
SMN.US,5,20210923,153000,14.86,14.86,14.845,14.845,1053,0
SMN.US,5,20210923,154500,14.7,14.7,14.68,14.68,700,0
SMN.US,5,20210923,155000,14.7,14.725,14.69,14.7022,2100,0
SMN.US,5,20210923,160000,14.6422,14.6422,14.6422,14.6422,500,0
SMN.US,5,20210923,160500,14.72,14.72,14.72,14.72,650,0
SMN.US,5,20210923,161000,14.68,14.68,14.68,14.68,300,0
SMN.US,5,20210923,161500,14.65,14.65,14.6313,14.6313,520,0
SMN.US,5,20210923,164000,14.68,14.68,14.68,14.68,200,0
SMN.US,5,20210923,164500,14.67,14.67,14.66,14.665,2300,0
SMN.US,5,20210923,165000,14.63,14.63,14.58,14.61,1975,0
SMN.US,5,20210923,170000,14.521,14.5355,14.521,14.5355,290,0
SMN.US,5,20210923,170500,14.54,14.54,14.54,14.54,100,0
SMN.US,5,20210923,171500,14.54,14.54,14.54,14.54,100,0
SMN.US,5,20210923,172000,14.511,14.511,14.5,14.51,1800,0
SMN.US,5,20210923,183000,14.53,14.53,14.53,14.53,200,0
SMN.US,5,20210923,183500,14.51,14.51,14.51,14.51,400,0
SMN.US,5,20210923,190500,14.49,14.5,14.49,14.49,1200,0
SMN.US,5,20210923,192500,14.51,14.51,14.51,14.51,136,0
SMN.US,5,20210923,194000,14.5,14.5,14.5,14.5,200,0
SMN.US,5,20210923,195000,14.48,14.48,14.48,14.48,300,0
SMN.US,5,20210923,203000,14.52,14.52,14.52,14.52,100,0
SMN.US,5,20210923,210000,14.55,14.55,14.55,14.55,145,0
SMN.US,5,20210923,211000,14.6,14.6,14.6,14.6,700,0
SMN.US,5,20210923,212500,14.64,14.64,14.64,14.64,200,0
SMN.US,5,20210923,214000,14.64,14.65,14.64,14.65,900,0
SMN.US,5,20210923,214500,14.65,14.65,14.65,14.65,700,0
SMN.US,5,20210923,215000,14.65,14.65,14.65,14.65,300,0
SMN.US,5,20210923,215500,14.65,14.67,14.62,14.67,2300,0
SMN.US,5,20210924,161000,14.52,14.52,14.52,14.52,150,0
SMN.US,5,20210924,163000,14.4609,14.4609,14.4609,14.4609,100,0
SMN.US,5,20210924,215500,14.61,14.61,14.61,14.61,300,0
SMN.US,5,20210927,153000,14.7,14.7,14.7,14.7,1808,0
SMN.US,5,20210927,154000,14.44,14.44,14.44,14.44,132,0
SMN.US,5,20210927,155500,14.25,14.25,14.25,14.25,100,0
SMN.US,5,20210927,161000,14.15,14.18,14.15,14.18,500,0
SMN.US,5,20210927,164500,14.2155,14.2155,14.2155,14.2155,100,0
SMN.US,5,20210927,165000,14.22,14.22,14.22,14.22,200,0
SMN.US,5,20210927,171500,14.23,14.23,14.22,14.22,200,0
SMN.US,5,20210927,172500,14.17,14.17,14.17,14.17,100,0
SMN.US,5,20210927,173000,14.16,14.16,14.16,14.16,171,0
SMN.US,5,20210927,174500,14.15,14.15,14.15,14.15,100,0
SMN.US,5,20210927,181000,14.16,14.17,14.16,14.16,1025,0
SMN.US,5,20210927,181500,14.13,14.13,14.13,14.13,769,0
SMN.US,5,20210927,182000,14.12,14.12,14.12,14.12,496,0
SMN.US,5,20210927,191000,14.19,14.19,14.19,14.19,100,0
SMN.US,5,20210927,194500,14.19,14.19,14.19,14.19,100,0
SMN.US,5,20210927,195000,14.13,14.14,14.13,14.14,700,0
SMN.US,5,20210927,201000,14.17,14.17,14.17,14.17,100,0
SMN.US,5,20210927,201500,14.16,14.19,14.16,14.19,1982,0
SMN.US,5,20210927,202500,14.14,14.16,14.14,14.16,350,0
SMN.US,5,20210927,204500,14.18,14.18,14.18,14.18,100,0
SMN.US,5,20210927,205500,14.19,14.24,14.19,14.24,300,0
SMN.US,5,20210927,212000,14.19,14.19,14.19,14.19,100,0
SMN.US,5,20210927,212500,14.21,14.22,14.21,14.22,200,0
SMN.US,5,20210927,213500,14.25,14.25,14.25,14.25,100,0
SMN.US,5,20210927,215500,14.3,14.3,14.26,14.26,329,0
SMN.US,5,20210928,163500,14.41,14.46,14.41,14.46,1400,0
SMN.US,5,20210928,164000,14.41,14.46,14.41,14.435,1350,0
SMN.US,5,20210928,164500,14.42,14.42,14.42,14.42,200,0
SMN.US,5,20210928,165000,14.46,14.46,14.46,14.46,100,0
SMN.US,5,20210928,170000,14.5,14.53,14.46,14.53,1000,0
SMN.US,5,20210928,171000,14.5,14.5,14.5,14.5,100,0
SMN.US,5,20210928,172500,14.52,14.52,14.52,14.52,100,0
SMN.US,5,20210928,173000,14.53,14.53,14.53,14.53,100,0
SMN.US,5,20210928,174000,14.56,14.59,14.56,14.59,500,0
SMN.US,5,20210928,175000,14.59,14.61,14.59,14.61,200,0
SMN.US,5,20210928,180500,14.62,14.63,14.62,14.63,200,0
SMN.US,5,20210928,181000,14.6,14.6,14.6,14.6,208,0
SMN.US,5,20210928,182000,14.64,14.64,14.59,14.59,400,0
SMN.US,5,20210928,184500,14.61,14.61,14.61,14.61,400,0
SMN.US,5,20210928,185500,14.61,14.68,14.61,14.61,1800,0
SMN.US,5,20210928,190000,14.62,14.68,14.61,14.63,700,0
SMN.US,5,20210928,192000,14.59,14.59,14.58,14.58,250,0
SMN.US,5,20210928,201000,14.6,14.65,14.59,14.6,900,0
SMN.US,5,20210928,201500,14.57,14.57,14.57,14.57,100,0
SMN.US,5,20210928,212000,14.42,14.45,14.42,14.45,300,0
SMN.US,5,20210928,212500,14.49,14.49,14.49,14.49,100,0
SMN.US,5,20210928,213500,14.5,14.511,14.49,14.511,405,0
SMN.US,5,20210928,214000,14.51,14.51,14.5,14.51,800,0
SMN.US,5,20210928,215000,14.64,14.64,14.62,14.62,1500,0
SMN.US,5,20210928,215500,14.63,14.63,14.615,14.615,392,0
SMN.US,5,20210929,153000,14.53,14.53,14.53,14.53,150,0
SMN.US,5,20210929,154000,14.59,14.595,14.59,14.595,208,0
SMN.US,5,20210929,160500,14.6,14.6,14.6,14.6,100,0
SMN.US,5,20210929,164000,14.64,14.64,14.64,14.64,100,0
SMN.US,5,20210929,164500,14.57,14.57,14.57,14.57,100,0
SMN.US,5,20210929,191500,14.71,14.71,14.71,14.71,100,0
SMN.US,5,20210929,201000,14.7,14.7,14.7,14.7,100,0
SMN.US,5,20210929,215000,14.7999,14.7999,14.73,14.73,1220,0
SMN.US,5,20210929,215500,14.799,14.799,14.79,14.79,372,0
SMN.US,5,20210930,163000,14.67,14.67,14.67,14.67,100,0
SMN.US,5,20210930,164000,14.74,14.74,14.711,14.711,200,0
SMN.US,5,20210930,170000,14.79,14.79,14.77,14.77,200,0
SMN.US,5,20210930,170500,14.75,14.75,14.71,14.71,200,0
SMN.US,5,20210930,213000,14.96,14.96,14.96,14.96,100,0
SMN.US,5,20210930,215500,15.16,15.16,15.16,15.16,100,0
SMN.US,5,20211001,153000,15.05,15.05,15.05,15.05,454,0
SMN.US,5,20211001,161500,14.99,14.99,14.99,14.99,100,0
SMN.US,5,20211001,162500,15.209,15.209,15.209,15.209,119,0
SMN.US,5,20211001,170500,15.28,15.28,15.28,15.28,100,0
SMN.US,5,20211001,171000,15.29,15.29,15.2,15.2,200,0
SMN.US,5,20211001,171500,15.18,15.18,15.15,15.15,200,0
SMN.US,5,20211001,194500,14.78,14.78,14.72,14.72,200,0
SMN.US,5,20211001,200000,14.71,14.71,14.71,14.71,100,0
SMN.US,5,20211001,202000,14.68,14.68,14.68,14.68,100,0
SMN.US,5,20211001,203500,14.709,14.709,14.709,14.709,200,0
SMN.US,5,20211001,204000,14.66,14.66,14.66,14.66,100,0
SMN.US,5,20211001,211000,14.63,14.66,14.63,14.66,200,0
SMN.US,5,20211001,211500,14.61,14.61,14.61,14.61,100,0
SMN.US,5,20211001,213000,14.69,14.69,14.69,14.69,400,0
SMN.US,5,20211001,213500,14.69,14.69,14.69,14.69,100,0
SMN.US,5,20211001,214000,14.68,14.68,14.68,14.68,100,0
SMN.US,5,20211001,214500,14.7,14.7,14.7,14.7,103,0
SMN.US,5,20211001,215000,14.68,14.68,14.68,14.68,100,0
SMN.US,5,20211001,215500,14.73,14.75,14.73,14.75,200,0
SMN.US,5,20211004,155500,14.5,14.5,14.5,14.5,100,0
SMN.US,5,20211004,162000,14.75,14.8,14.75,14.8,1000,0
SMN.US,5,20211004,162500,14.835,14.835,14.835,14.835,100,0
SMN.US,5,20211004,165500,14.9141,14.9141,14.9141,14.9141,127,0
SMN.US,5,20211004,184000,14.83,14.83,14.83,14.83,100,0
SMN.US,5,20211004,195500,14.7901,14.835,14.7901,14.835,4311,0
SMN.US,5,20211004,201000,14.81,14.8125,14.81,14.8125,1190,0
SMN.US,5,20211004,201500,14.88,14.88,14.88,14.88,100,0
SMN.US,5,20211004,215500,14.85,14.9,14.84,14.9,414,0
SMN.US,5,20211005,153000,14.7,14.7,14.7,14.7,200,0
SMN.US,5,20211005,153500,14.99,15,14.99,15,500,0
SMN.US,5,20211005,155500,14.91,14.91,14.91,14.91,100,0
SMN.US,5,20211005,160000,14.91,14.91,14.91,14.91,200,0
SMN.US,5,20211005,160500,14.925,14.925,14.89,14.89,250,0
SMN.US,5,20211005,161000,14.87,14.87,14.8,14.8,600,0
SMN.US,5,20211005,161500,14.77,14.77,14.77,14.77,100,0
SMN.US,5,20211005,162000,14.75,14.75,14.72,14.72,300,0
SMN.US,5,20211005,162500,14.7,14.7,14.67,14.67,200,0
SMN.US,5,20211005,163000,14.64,14.64,14.61,14.61,200,0
SMN.US,5,20211005,164500,14.61,14.61,14.59,14.59,200,0
SMN.US,5,20211005,170000,14.56,14.56,14.56,14.56,100,0
SMN.US,5,20211005,170500,14.565,14.565,14.565,14.565,200,0
SMN.US,5,20211005,171000,14.53,14.53,14.53,14.53,100,0
SMN.US,5,20211005,172000,14.51,14.51,14.51,14.51,100,0
SMN.US,5,20211005,173000,14.52,14.52,14.52,14.52,100,0
SMN.US,5,20211005,185000,14.64,14.64,14.64,14.64,100,0
SMN.US,5,20211005,190500,14.58,14.58,14.58,14.58,100,0
SMN.US,5,20211005,194000,14.56,14.56,14.5,14.5,300,0
SMN.US,5,20211005,200000,14.52,14.52,14.52,14.52,100,0
SMN.US,5,20211005,202000,14.54,14.54,14.54,14.54,200,0
SMN.US,5,20211005,203000,14.53,14.53,14.53,14.53,100,0
SMN.US,5,20211005,204000,14.5,14.5,14.5,14.5,1300,0
SMN.US,5,20211005,204500,14.48,14.48,14.48,14.48,100,0
SMN.US,5,20211005,211500,14.491,14.491,14.491,14.491,112,0
SMN.US,5,20211005,213000,14.5,14.5,14.5,14.5,112,0
SMN.US,5,20211006,153000,15.02,15.02,14.86,14.86,1550,0
SMN.US,5,20211006,153500,14.81,14.82,14.81,14.82,1000,0
SMN.US,5,20211006,154500,14.95,14.98,14.95,14.98,400,0
SMN.US,5,20211006,155000,15.13,15.13,15.13,15.13,100,0
SMN.US,5,20211006,155500,15.16,15.16,15.15,15.15,200,0
SMN.US,5,20211006,160000,15.21,15.235,15.1901,15.205,3600,0
SMN.US,5,20211006,161000,15.22,15.22,15.22,15.22,100,0
SMN.US,5,20211006,161500,15.29,15.29,15.29,15.29,148,0
SMN.US,5,20211006,162000,15.29,15.29,15.22,15.22,400,0
SMN.US,5,20211006,164000,15.3099,15.3099,15.3099,15.3099,200,0
SMN.US,5,20211006,165000,15.32,15.32,15.31,15.31,200,0
SMN.US,5,20211006,165500,15.27,15.27,15.27,15.27,100,0
SMN.US,5,20211006,170000,15.24,15.24,15.19,15.19,300,0
SMN.US,5,20211006,180500,15.3,15.3,15.3,15.3,200,0
SMN.US,5,20211006,185000,15.181,15.181,15.18,15.18,1000,0
SMN.US,5,20211006,194000,15.025,15.025,15.025,15.025,2000,0
SMN.US,5,20211006,200000,15.03,15.03,15.03,15.03,100,0
SMN.US,5,20211006,202000,14.95,14.95,14.95,14.95,100,0
SMN.US,5,20211006,215000,14.831,14.831,14.831,14.831,100,0
SMN.US,5,20211006,215500,14.87,14.87,14.87,14.87,102,0
SMN.US,5,20211007,200000,14.22,14.22,14.22,14.22,100,0
SMN.US,5,20211007,202000,14.25,14.25,14.25,14.25,100,0
SMN.US,5,20211007,215000,14.33,14.36,14.33,14.36,200,0
SMN.US,5,20211007,215500,14.37,14.37,14.37,14.37,100,0
SMN.US,5,20211008,153000,14.19,14.25,14.19,14.25,800,0
SMN.US,5,20211008,154000,14.31,14.31,14.31,14.31,400,0
SMN.US,5,20211008,154500,14.31,14.31,14.31,14.31,100,0
SMN.US,5,20211008,161000,14.265,14.265,14.265,14.265,700,0
SMN.US,5,20211008,161500,14.26,14.3,14.26,14.3,1700,0
SMN.US,5,20211008,162000,14.31,14.31,14.31,14.31,100,0
SMN.US,5,20211008,163000,14.3,14.3,14.3,14.3,100,0
SMN.US,5,20211008,170000,14.295,14.3,14.295,14.3,500,0
SMN.US,5,20211008,171000,14.27,14.27,14.27,14.27,100,0
SMN.US,5,20211008,171500,14.285,14.285,14.285,14.285,800,0
SMN.US,5,20211008,172000,14.31,14.31,14.31,14.31,200,0
SMN.US,5,20211008,173500,14.33,14.34,14.33,14.34,800,0
SMN.US,5,20211008,175000,14.33,14.33,14.33,14.33,100,0
SMN.US,5,20211008,180500,14.38,14.39,14.38,14.39,1000,0
SMN.US,5,20211008,182500,14.46,14.46,14.46,14.46,600,0
SMN.US,5,20211008,190000,14.43,14.43,14.43,14.43,300,0
SMN.US,5,20211008,190500,14.43,14.43,14.43,14.43,200,0
SMN.US,5,20211008,191500,14.46,14.47,14.435,14.47,2200,0
SMN.US,5,20211008,192500,14.46,14.46,14.46,14.46,200,0
SMN.US,5,20211008,195000,14.5081,14.5086,14.5,14.5086,1100,0
SMN.US,5,20211008,200000,14.4,14.4,14.4,14.4,200,0
SMN.US,5,20211008,203000,14.39,14.39,14.39,14.39,200,0
SMN.US,5,20211008,203500,14.395,14.395,14.395,14.395,300,0
SMN.US,5,20211008,204000,14.37,14.37,14.37,14.37,200,0
SMN.US,5,20211008,211000,14.38,14.38,14.38,14.38,800,0
SMN.US,5,20211008,211500,14.38,14.38,14.38,14.38,200,0
SMN.US,5,20211008,212000,14.35,14.35,14.35,14.35,200,0
SMN.US,5,20211008,213500,14.37,14.4,14.37,14.4,2200,0
SMN.US,5,20211008,215000,14.415,14.415,14.415,14.415,600,0
SMN.US,5,20211008,215500,14.42,14.425,14.4,14.41,3255,0
SMN.US,5,20211011,153000,14.12,14.12,14.12,14.12,1200,0
SMN.US,5,20211011,155000,14,14,13.98,13.98,500,0
SMN.US,5,20211011,170000,13.95,13.98,13.95,13.98,200,0
SMN.US,5,20211011,172500,13.975,13.975,13.975,13.975,100,0
SMN.US,5,20211011,181000,13.99,13.99,13.99,13.99,100,0
SMN.US,5,20211011,181500,14.03,14.05,14.03,14.05,1775,0
SMN.US,5,20211011,183500,14.07,14.07,14.07,14.07,100,0
SMN.US,5,20211011,185000,14.09,14.09,14.09,14.09,100,0
SMN.US,5,20211011,185500,14.11,14.11,14.11,14.11,100,0
SMN.US,5,20211011,190000,14.15,14.15,14.15,14.15,100,0
SMN.US,5,20211011,192000,14.19,14.19,14.19,14.19,100,0
SMN.US,5,20211011,192500,14.22,14.22,14.22,14.22,100,0
SMN.US,5,20211011,193000,14.26,14.26,14.26,14.26,100,0
SMN.US,5,20211011,194500,14.27,14.27,14.27,14.27,100,0
SMN.US,5,20211011,202500,14.26,14.26,14.26,14.26,100,0
SMN.US,5,20211011,203500,14.28,14.28,14.28,14.28,100,0
SMN.US,5,20211011,210000,14.21,14.21,14.21,14.21,100,0
SMN.US,5,20211011,210500,14.25,14.25,14.25,14.25,100,0
SMN.US,5,20211011,214500,14.27,14.27,14.27,14.27,600,0
SMN.US,5,20211011,215000,14.26,14.3,14.25,14.3,1150,0
SMN.US,5,20211012,155500,14.17,14.2,14.17,14.2,300,0
SMN.US,5,20211012,160000,14.17,14.26,14.16,14.26,1000,0
SMN.US,5,20211012,160500,14.23,14.24,14.22,14.24,300,0
SMN.US,5,20211012,161000,14.25,14.25,14.25,14.25,100,0
SMN.US,5,20211012,161500,14.26,14.31,14.26,14.31,400,0
SMN.US,5,20211012,162000,14.27,14.27,14.27,14.27,100,0
SMN.US,5,20211012,162500,14.31,14.31,14.31,14.31,100,0
SMN.US,5,20211012,163500,14.25,14.26,14.25,14.26,400,0
SMN.US,5,20211012,165000,14.23,14.24,14.23,14.24,300,0
SMN.US,5,20211012,170000,14.25,14.25,14.25,14.25,100,0
SMN.US,5,20211012,171500,14.25,14.25,14.25,14.25,100,0
SMN.US,5,20211012,173000,14.27,14.27,14.27,14.27,100,0
SMN.US,5,20211012,173500,14.31,14.33,14.31,14.33,200,0
SMN.US,5,20211012,175500,14.27,14.27,14.27,14.27,100,0
SMN.US,5,20211012,181500,14.22,14.22,14.22,14.22,100,0
SMN.US,5,20211012,182500,14.23,14.23,14.23,14.23,200,0
SMN.US,5,20211012,183000,14.23,14.25,14.23,14.25,200,0
SMN.US,5,20211012,183500,14.27,14.27,14.27,14.27,100,0
SMN.US,5,20211012,195000,14.19,14.19,14.19,14.19,100,0
SMN.US,5,20211012,195500,14.21,14.21,14.21,14.21,100,0
SMN.US,5,20211012,200000,14.24,14.24,14.24,14.24,100,0
SMN.US,5,20211012,202500,14.21,14.21,14.21,14.21,100,0
SMN.US,5,20211012,210000,14.23,14.23,14.23,14.23,100,0
SMN.US,5,20211012,215500,14.22,14.22,14.22,14.22,198,0
SMN.US,5,20211013,153000,14.11,14.11,14.055,14.055,500,0
SMN.US,5,20211013,154500,14.19,14.19,14.19,14.19,100,0
SMN.US,5,20211013,155000,14.19,14.19,14.17,14.17,300,0
SMN.US,5,20211013,155500,14.19,14.19,14.16,14.16,400,0
SMN.US,5,20211013,161500,14.31,14.31,14.31,14.31,300,0
SMN.US,5,20211013,163000,14.29,14.29,14.29,14.29,100,0
SMN.US,5,20211013,163500,14.23,14.23,14.23,14.23,100,0
SMN.US,5,20211013,164000,14.18,14.18,14.18,14.18,100,0
SMN.US,5,20211013,164500,14.16,14.16,14.16,14.16,100,0
SMN.US,5,20211013,170000,14.12,14.12,14.12,14.12,100,0
SMN.US,5,20211013,171000,14.07,14.07,14.07,14.07,100,0
SMN.US,5,20211013,174500,14.06,14.06,14.06,14.06,100,0
SMN.US,5,20211013,192500,14.03,14.03,13.98,13.98,227,0
SMN.US,5,20211013,193000,13.99,13.99,13.99,13.99,100,0
SMN.US,5,20211013,195500,14,14,14,14,600,0
SMN.US,5,20211013,200000,14,14.03,13.92,13.96,4100,0
SMN.US,5,20211013,201000,13.93,13.93,13.93,13.93,100,0
SMN.US,5,20211013,215000,14.03,14.03,14.03,14.03,100,0
SMN.US,5,20211014,153000,13.55,13.55,13.51,13.51,500,0
SMN.US,5,20211014,154500,13.65,13.65,13.61,13.61,300,0
SMN.US,5,20211014,155000,13.59,13.59,13.59,13.59,100,0
SMN.US,5,20211014,160000,13.59,13.59,13.56,13.56,200,0
SMN.US,5,20211014,161500,13.47,13.47,13.41,13.41,433,0
SMN.US,5,20211014,162000,13.43,13.43,13.37,13.37,300,0
SMN.US,5,20211014,162500,13.36,13.36,13.36,13.36,200,0
SMN.US,5,20211014,163000,13.395,13.43,13.395,13.43,600,0
SMN.US,5,20211014,164500,13.415,13.415,13.36,13.36,300,0
SMN.US,5,20211014,165000,13.35,13.35,13.3,13.3,300,0
SMN.US,5,20211014,170000,13.335,13.35,13.335,13.35,240,0
SMN.US,5,20211014,170500,13.36,13.36,13.36,13.36,100,0
SMN.US,5,20211014,171000,13.36,13.36,13.36,13.36,300,0
SMN.US,5,20211014,173500,13.335,13.335,13.335,13.335,100,0
SMN.US,5,20211014,174000,13.33,13.33,13.33,13.33,100,0
SMN.US,5,20211014,174500,13.3,13.3,13.3,13.3,100,0
SMN.US,5,20211014,175000,13.3,13.32,13.3,13.3144,880,0
SMN.US,5,20211014,175500,13.32,13.33,13.32,13.33,600,0
SMN.US,5,20211014,180000,13.31,13.31,13.29,13.3,400,0
SMN.US,5,20211014,182500,13.34,13.34,13.34,13.34,400,0
SMN.US,5,20211014,190500,13.345,13.345,13.345,13.345,200,0
SMN.US,5,20211014,193000,13.33,13.33,13.33,13.33,100,0
SMN.US,5,20211014,193500,13.325,13.325,13.325,13.325,400,0
SMN.US,5,20211014,194500,13.32,13.32,13.32,13.32,100,0
SMN.US,5,20211014,200000,13.29,13.29,13.29,13.29,100,0
SMN.US,5,20211014,201500,13.26,13.26,13.26,13.26,100,0
SMN.US,5,20211014,202000,13.23,13.23,13.23,13.23,200,0
SMN.US,5,20211014,203000,13.23,13.23,13.23,13.23,300,0
SMN.US,5,20211014,210500,13.22,13.255,13.22,13.255,1100,0
SMN.US,5,20211014,212000,13.28,13.29,13.28,13.29,1400,0
SMN.US,5,20211014,213000,13.28,13.28,13.28,13.28,100,0
SMN.US,5,20211014,215000,13.33,13.33,13.28,13.3,634,0
SMN.US,5,20211014,215500,13.33,13.33,13.27,13.27,711,0
SMN.US,5,20211015,160000,13.06,13.06,13.06,13.06,200,0
SMN.US,5,20211015,160500,13,13,13,13,500,0
SMN.US,5,20211015,161500,13,13,13,13,500,0
SMN.US,5,20211015,194500,13.06,13.06,13.06,13.06,100,0
SMN.US,5,20211018,161000,13.1952,13.1952,13.1952,13.1952,344,0
SMN.US,5,20211018,163500,13.175,13.175,13.175,13.175,250,0
SMN.US,5,20211019,164000,13.21,13.21,13.21,13.21,100,0
SMN.US,5,20211019,165500,13.14,13.1799,13.14,13.1799,10100,0
SMN.US,5,20211019,170500,13.13,13.13,13.13,13.13,100,0
SMN.US,5,20211019,171500,13.13,13.13,13.13,13.13,100,0
SMN.US,5,20211019,174500,13.09,13.09,13.09,13.09,100,0
SMN.US,5,20211019,180000,13.04,13.04,13.04,13.04,100,0
SMN.US,5,20211019,184500,13.05,13.05,13.05,13.05,100,0
SMN.US,5,20211019,190000,13.03,13.03,13.03,13.03,100,0
SMN.US,5,20211019,191000,13.05,13.05,13.05,13.05,100,0
SMN.US,5,20211019,191500,13.05,13.05,13.05,13.05,100,0
SMN.US,5,20211019,193500,13.04,13.04,13.04,13.04,200,0
SMN.US,5,20211019,194000,13.04,13.04,13.04,13.04,300,0
SMN.US,5,20211019,195000,13.06,13.06,13.06,13.06,300,0
SMN.US,5,20211019,195500,13.06,13.06,13.05,13.06,300,0
SMN.US,5,20211019,200500,13.07,13.07,13.07,13.07,100,0
SMN.US,5,20211019,201000,13.09,13.09,13.08,13.08,400,0
SMN.US,5,20211019,201500,13.08,13.09,13.08,13.08,500,0
SMN.US,5,20211019,202000,13.1,13.1,13.1,13.1,100,0
SMN.US,5,20211019,202500,13.11,13.12,13.11,13.12,400,0
SMN.US,5,20211019,203000,13.13,13.14,13.13,13.14,300,0
SMN.US,5,20211019,203500,13.13,13.14,13.13,13.14,400,0
SMN.US,5,20211019,204000,13.13,13.15,13.13,13.15,600,0
SMN.US,5,20211019,204500,13.13,13.14,13.11,13.11,900,0
SMN.US,5,20211019,205000,13.11,13.12,13.07,13.11,900,0
SMN.US,5,20211019,205500,13.11,13.11,13.09,13.1,2100,0
SMN.US,5,20211019,210000,13.1,13.1,13.1,13.1,100,0
SMN.US,5,20211019,210500,13.08,13.08,13.08,13.08,400,0
SMN.US,5,20211019,211500,13.07,13.07,13.05,13.05,1000,0
SMN.US,5,20211019,212000,13.05,13.05,13.05,13.05,100,0
SMN.US,5,20211019,213000,13.1,13.1,13.1,13.1,400,0
SMN.US,5,20211019,213500,13.09,13.09,13.08,13.08,300,0
SMN.US,5,20211019,214000,13.11,13.11,13.11,13.11,130,0
SMN.US,5,20211019,215000,13.06,13.06,13.05,13.05,600,0
SMN.US,5,20211020,164000,12.82,12.82,12.82,12.82,100,0
SMN.US,5,20211020,164500,12.83,12.83,12.83,12.83,100,0
SMN.US,5,20211020,165000,12.84,12.84,12.84,12.84,100,0
SMN.US,5,20211020,165500,12.85,12.86,12.85,12.86,200,0
SMN.US,5,20211020,174000,12.8506,12.8506,12.8506,12.8506,500,0
SMN.US,5,20211020,185000,12.84,12.84,12.84,12.84,100,0
SMN.US,5,20211020,192000,12.9299,12.9299,12.9299,12.9299,2900,0
SMN.US,5,20211021,153500,13.09,13.09,13.09,13.09,200,0
SMN.US,5,20211021,154500,13.12,13.13,13.12,13.13,200,0
SMN.US,5,20211021,180500,13.23,13.23,13.23,13.23,100,0
SMN.US,5,20211021,193000,13.21,13.21,13.21,13.21,100,0
SMN.US,5,20211021,212000,13.13,13.13,13.13,13.13,100,0
SMN.US,5,20211021,213000,13.11,13.11,13.11,13.11,100,0
SMN.US,5,20211021,215500,13.07,13.07,13.07,13.07,100,0
SMN.US,5,20211022,161000,12.68,12.68,12.68,12.68,200,0
SMN.US,5,20211022,161500,12.7,12.71,12.69,12.71,1500,0
SMN.US,5,20211022,163000,12.72,12.72,12.72,12.72,100,0
SMN.US,5,20211022,164500,12.76,12.78,12.76,12.78,200,0
SMN.US,5,20211022,165500,12.81,12.81,12.81,12.81,100,0
SMN.US,5,20211025,154500,12.88,12.9,12.88,12.9,400,0
SMN.US,5,20211025,163000,12.7,12.7,12.7,12.7,100,0
SMN.US,5,20211025,183500,12.59,12.61,12.59,12.61,800,0
SMN.US,5,20211025,184500,12.62,12.62,12.62,12.62,100,0
SMN.US,5,20211025,194000,12.59,12.59,12.56,12.58,900,0
SMN.US,5,20211025,204000,12.61,12.61,12.61,12.61,200,0
SMN.US,5,20211025,213000,12.57,12.57,12.57,12.57,500,0
SMN.US,5,20211025,214500,12.61,12.61,12.6,12.6,1300,0
SMN.US,5,20211025,215000,12.61,12.63,12.61,12.63,800,0
SMN.US,5,20211025,215500,12.62,12.63,12.62,12.62,1000,0
SMN.US,5,20211026,153000,12.5,12.5,12.5,12.5,154,0
SMN.US,5,20211026,154500,12.74,12.74,12.72,12.72,200,0
SMN.US,5,20211026,155000,12.67,12.67,12.67,12.67,100,0
SMN.US,5,20211026,184500,12.68,12.68,12.68,12.68,100,0
SMN.US,5,20211026,185000,12.66,12.66,12.66,12.66,100,0
SMN.US,5,20211026,185500,12.63,12.63,12.63,12.63,100,0
SMN.US,5,20211026,195500,12.62,12.62,12.62,12.62,100,0
SMN.US,5,20211027,154500,12.93,12.95,12.93,12.93,1600,0
SMN.US,5,20211027,172000,12.97,12.97,12.97,12.97,1200,0
SMN.US,5,20211027,211000,13,13,13,13,9000,0
SMN.US,5,20211027,212000,13.07,13.07,13.07,13.07,300,0
SMN.US,5,20211027,215500,13.07,13.11,13.07,13.1,2642,0
SMN.US,5,20211028,154500,13,13,13,13,1541,0
SMN.US,5,20211028,155000,13,13,12.95,12.95,759,0
SMN.US,5,20211028,155500,12.89,12.91,12.89,12.91,400,0
SMN.US,5,20211028,160000,12.9,12.93,12.9,12.91,800,0
SMN.US,5,20211028,160500,12.92,12.93,12.91,12.92,800,0
SMN.US,5,20211028,161000,12.94,12.95,12.93,12.94,600,0
SMN.US,5,20211028,162000,12.96,12.97,12.96,12.96,1300,0
SMN.US,5,20211028,162500,12.97,12.97,12.91,12.91,200,0
SMN.US,5,20211028,163000,12.91,12.95,12.9,12.94,1100,0
SMN.US,5,20211028,163500,12.94,12.94,12.94,12.94,200,0
SMN.US,5,20211028,171500,12.88,12.93,12.88,12.93,400,0
SMN.US,5,20211028,175000,12.91,12.91,12.9,12.9,400,0
SMN.US,5,20211028,182500,12.86,12.86,12.86,12.86,100,0
SMN.US,5,20211028,183000,12.91,12.91,12.91,12.91,100,0
SMN.US,5,20211028,183500,12.8701,12.8701,12.8701,12.8701,150,0
SMN.US,5,20211028,205500,12.855,12.855,12.855,12.855,100,0
SMN.US,5,20211028,211000,12.86,12.86,12.86,12.86,300,0
SMN.US,5,20211028,212000,12.89,12.89,12.89,12.89,100,0
SMN.US,5,20211028,212500,12.91,12.91,12.91,12.91,100,0
SMN.US,5,20211029,155000,12.75,12.75,12.75,12.75,100,0
SMN.US,5,20211029,161500,12.9,12.9,12.9,12.9,100,0
SMN.US,5,20211029,162500,12.92,12.92,12.91,12.91,200,0
SMN.US,5,20211029,163500,12.88,12.88,12.88,12.88,100,0
SMN.US,5,20211029,164000,12.85,12.85,12.85,12.85,100,0
SMN.US,5,20211029,164500,12.83,12.83,12.83,12.83,100,0
SMN.US,5,20211029,165000,12.81,12.81,12.81,12.81,100,0
SMN.US,5,20211029,165500,12.81,12.81,12.81,12.81,100,0
SMN.US,5,20211029,172500,12.82,12.82,12.82,12.82,200,0
SMN.US,5,20211101,143000,12.785,12.785,12.785,12.785,100,0
SMN.US,5,20211101,145500,12.92,12.94,12.91,12.92,500,0
SMN.US,5,20211101,150000,12.91,12.92,12.9,12.91,500,0
SMN.US,5,20211101,150500,12.91,12.91,12.86,12.86,500,0
SMN.US,5,20211101,152500,12.9,12.9,12.89,12.89,200,0
SMN.US,5,20211101,153000,12.85,12.85,12.85,12.85,100,0
SMN.US,5,20211101,154000,12.83,12.83,12.82,12.82,200,0
SMN.US,5,20211101,160000,12.83,12.83,12.79,12.79,400,0
SMN.US,5,20211101,164500,12.8,12.8,12.8,12.8,100,0
SMN.US,5,20211101,165000,12.77,12.77,12.77,12.77,100,0
SMN.US,5,20211101,165500,12.77,12.77,12.77,12.77,100,0
SMN.US,5,20211101,170500,12.74,12.74,12.74,12.74,100,0
SMN.US,5,20211101,174000,12.72,12.72,12.72,12.72,100,0
SMN.US,5,20211101,191000,12.73,12.73,12.73,12.73,100,0
SMN.US,5,20211101,205000,12.79,12.79,12.79,12.79,100,0
SMN.US,5,20211102,144000,12.75,12.79,12.75,12.79,200,0
SMN.US,5,20211102,144500,12.8,12.8,12.8,12.8,100,0
SMN.US,5,20211102,145000,12.79,12.79,12.76,12.76,200,0
SMN.US,5,20211102,145500,12.73,12.73,12.7,12.7,200,0
SMN.US,5,20211102,150000,12.68,12.68,12.68,12.68,100,0
SMN.US,5,20211102,150500,12.67,12.67,12.67,12.67,100,0
SMN.US,5,20211102,155500,12.81,12.81,12.8,12.8,200,0
SMN.US,5,20211102,160000,12.76,12.76,12.76,12.76,100,0
SMN.US,5,20211102,171000,12.73,12.73,12.73,12.73,100,0
SMN.US,5,20211102,172000,12.7,12.7,12.7,12.7,100,0
SMN.US,5,20211102,173000,12.67,12.67,12.67,12.67,396,0
SMN.US,5,20211102,174000,12.65,12.65,12.65,12.65,100,0
SMN.US,5,20211102,175000,12.62,12.62,12.57,12.57,200,0
SMN.US,5,20211102,184000,12.62,12.62,12.62,12.62,100,0
SMN.US,5,20211102,184500,12.6,12.6,12.6,12.6,100,0
SMN.US,5,20211102,194500,12.6,12.6,12.6,12.6,100,0
SMN.US,5,20211102,200500,12.56,12.56,12.56,12.56,100,0
SMN.US,5,20211102,201000,12.53,12.53,12.53,12.53,100,0
SMN.US,5,20211102,204500,12.53,12.53,12.53,12.53,100,0
SMN.US,5,20211102,205000,12.63,12.64,12.57,12.57,600,0
SMN.US,5,20211103,143500,12.48,12.48,12.48,12.48,200,0
SMN.US,5,20211103,144000,12.54,12.54,12.54,12.54,100,0
SMN.US,5,20211103,155000,12.35,12.35,12.35,12.35,100,0
SMN.US,5,20211103,170500,12.32,12.32,12.32,12.32,500,0
SMN.US,5,20211103,174500,12.37,12.37,12.37,12.37,100,0
SMN.US,5,20211103,183500,12.4,12.4,12.4,12.4,100,0
SMN.US,5,20211103,190000,12.35,12.35,12.35,12.35,100,0
SMN.US,5,20211103,190500,12.34,12.34,12.34,12.34,100,0
SMN.US,5,20211103,191000,12.38,12.38,12.38,12.38,100,0
SMN.US,5,20211103,192500,12.3,12.3,12.3,12.3,100,0
SMN.US,5,20211103,195500,12.19,12.19,12.19,12.19,100,0
SMN.US,5,20211103,200500,12.181,12.181,12.181,12.181,200,0
SMN.US,5,20211103,202000,12.13,12.13,12.13,12.13,300,0
SMN.US,5,20211103,205500,12.2,12.2,12.2,12.2,108,0
SMN.US,5,20211104,143500,12.2,12.2,12.2,12.2,100,0
SMN.US,5,20211104,145000,12.2,12.2,12.19,12.19,300,0
SMN.US,5,20211104,145500,12.13,12.13,12.13,12.13,100,0
SMN.US,5,20211104,152500,12.26,12.26,12.26,12.26,100,0
SMN.US,5,20211104,153000,12.26,12.27,12.25,12.25,400,0
SMN.US,5,20211104,165500,12.31,12.31,12.31,12.31,100,0
SMN.US,5,20211104,170000,12.32,12.33,12.305,12.305,505,0
SMN.US,5,20211104,170500,12.28,12.28,12.28,12.28,100,0
SMN.US,5,20211104,184000,12.25,12.25,12.25,12.25,100,0
SMN.US,5,20211104,204500,12.38,12.38,12.33,12.33,300,0
SMN.US,5,20211104,205000,12.38,12.38,12.34,12.34,600,0
SMN.US,5,20211104,205500,12.27,12.27,12.27,12.27,200,0
SMN.US,5,20211105,160000,12,12,12,12,250,0
SMN.US,5,20211105,163500,11.98,11.98,11.98,11.98,326,0
SMN.US,5,20211105,182000,12.05,12.05,12.05,12.05,100,0
SMN.US,5,20211105,182500,12.09,12.09,12.09,12.09,100,0
SMN.US,5,20211105,202000,12.01,12.01,12.01,12.01,1000,0
SMN.US,5,20211105,205000,11.95,11.95,11.95,11.95,100,0
SMN.US,5,20211105,205500,11.97,11.97,11.97,11.97,200,0
SMN.US,5,20211108,153000,11.82,11.84,11.82,11.84,500,0
SMN.US,5,20211108,154500,11.62,11.62,11.62,11.62,100,0
SMN.US,5,20211108,155500,11.65,11.65,11.65,11.65,100,0
SMN.US,5,20211108,160000,11.73,11.73,11.73,11.73,192,0
SMN.US,5,20211108,165500,11.66,11.66,11.66,11.66,100,0
SMN.US,5,20211108,194000,11.74,11.75,11.74,11.75,200,0
SMN.US,5,20211108,195000,11.76,11.76,11.76,11.76,100,0
SMN.US,5,20211108,212500,11.7,11.7,11.7,11.7,100,0
SMN.US,5,20211108,215500,11.69,11.69,11.69,11.69,100,0
SMN.US,5,20211109,154000,11.71,11.71,11.71,11.71,100,0
SMN.US,5,20211109,154500,11.73,11.73,11.69,11.69,200,0
SMN.US,5,20211109,155000,11.66,11.68,11.66,11.68,200,0
SMN.US,5,20211109,160000,11.73,11.73,11.71,11.71,200,0
SMN.US,5,20211109,161000,11.78,11.78,11.78,11.78,100,0
SMN.US,5,20211109,162500,11.72,11.72,11.72,11.72,100,0
SMN.US,5,20211109,172000,11.71,11.71,11.71,11.71,100,0
SMN.US,5,20211109,183500,11.7204,11.7204,11.7204,11.7204,233,0
SMN.US,5,20211109,184000,11.72,11.72,11.72,11.72,100,0
SMN.US,5,20211109,190500,11.69,11.69,11.69,11.69,100,0
SMN.US,5,20211109,202000,11.6899,11.7,11.689,11.7,8100,0
SMN.US,5,20211109,202500,11.71,11.71,11.7092,11.71,9800,0
SMN.US,5,20211109,203500,11.68,11.68,11.68,11.68,100,0
SMN.US,5,20211109,214000,11.66,11.66,11.66,11.66,100,0
SMN.US,5,20211109,214500,11.64,11.64,11.64,11.64,100,0
SMN.US,5,20211110,161000,11.62,11.65,11.62,11.65,612,0
SMN.US,5,20211110,163000,11.63,11.63,11.63,11.63,100,0
SMN.US,5,20211110,212000,11.815,11.815,11.815,11.815,300,0
SMN.US,5,20211111,160000,11.55,11.55,11.55,11.55,404,0
SMN.US,5,20211111,163000,11.6187,11.6187,11.6187,11.6187,100,0
