<TICKER>,<PER>,<DATE>,<TIME>,<OPEN>,<HIGH>,<LOW>,<CLOSE>,<VOL>,<OPENINT>
UNL.US,5,20210922,153000,12.8,12.8,12.8,12.8,372,0
UNL.US,5,20210922,153500,12.749,12.749,12.749,12.749,500,0
UNL.US,5,20210922,155000,12.7199,12.725,12.7199,12.725,657,0
UNL.US,5,20210922,162000,12.755,12.755,12.755,12.755,500,0
UNL.US,5,20210922,163500,12.8099,12.8099,12.8099,12.8099,100,0
UNL.US,5,20210922,164000,12.75,12.75,12.75,12.75,120,0
UNL.US,5,20210922,170000,12.8,12.8,12.8,12.8,535,0
UNL.US,5,20210922,171500,12.755,12.755,12.755,12.755,100,0
UNL.US,5,20210922,172000,12.73,12.73,12.73,12.73,3000,0
UNL.US,5,20210922,174000,12.7501,12.7501,12.7501,12.7501,417,0
UNL.US,5,20210922,180000,12.77,12.77,12.77,12.77,1279,0
UNL.US,5,20210922,180500,12.789,12.789,12.789,12.789,100,0
UNL.US,5,20210922,182000,12.74,12.74,12.74,12.74,150,0
UNL.US,5,20210922,182500,12.789,12.79,12.789,12.79,210,0
UNL.US,5,20210922,192500,12.82,12.82,12.8199,12.8199,4000,0
UNL.US,5,20210922,195000,12.805,12.805,12.805,12.805,500,0
UNL.US,5,20210922,205000,12.73,12.73,12.73,12.73,100,0
UNL.US,5,20210922,210500,12.729,12.729,12.729,12.729,1000,0
UNL.US,5,20210922,213000,12.7295,12.7295,12.7295,12.7295,100,0
UNL.US,5,20210922,215500,12.72,12.72,12.72,12.72,100,0
UNL.US,5,20210923,153000,12.99,12.99,12.99,12.99,240,0
UNL.US,5,20210923,155000,12.95,12.9592,12.95,12.9592,700,0
UNL.US,5,20210923,161000,13.0299,13.0299,13,13,900,0
UNL.US,5,20210923,161500,13.005,13.005,13.005,13.005,550,0
UNL.US,5,20210923,162500,13.03,13.03,13.03,13.03,1000,0
UNL.US,5,20210923,163000,12.95,12.99,12.95,12.95,1069,0
UNL.US,5,20210923,165500,13.005,13.005,13.005,13.005,150,0
UNL.US,5,20210923,171500,13.15,13.15,13.15,13.15,1095,0
UNL.US,5,20210923,174000,13.185,13.185,13.185,13.185,150,0
UNL.US,5,20210923,180000,13.239,13.239,13.239,13.239,1137,0
UNL.US,5,20210923,180500,13.239,13.239,13.239,13.239,1133,0
UNL.US,5,20210923,182000,13.211,13.211,13.211,13.211,350,0
UNL.US,5,20210923,190500,13.215,13.235,13.215,13.22,1000,0
UNL.US,5,20210923,191000,13.25,13.25,13.25,13.25,100,0
UNL.US,5,20210923,191500,13.22,13.22,13.191,13.191,1995,0
UNL.US,5,20210923,194000,13.2007,13.2007,13.2007,13.2007,100,0
UNL.US,5,20210923,200000,13.2,13.2,13.2,13.2,100,0
UNL.US,5,20210923,202000,13.19,13.19,13.19,13.19,378,0
UNL.US,5,20210923,204500,13.3076,13.3076,13.3076,13.3076,2000,0
UNL.US,5,20210923,205500,13.28,13.28,13.28,13.28,100,0
UNL.US,5,20210923,210000,13.295,13.295,13.295,13.295,100,0
UNL.US,5,20210923,211000,13.31,13.31,13.31,13.31,100,0
UNL.US,5,20210923,212000,13.35,13.35,13.35,13.35,100,0
UNL.US,5,20210923,214500,13.34,13.36,13.34,13.36,1224,0
UNL.US,5,20210923,215500,13.35,13.35,13.35,13.35,170,0
UNL.US,5,20210924,153000,13.51,13.51,13.51,13.51,337,0
UNL.US,5,20210924,153500,13.408,13.408,13.408,13.408,450,0
UNL.US,5,20210924,155000,13.389,13.389,13.389,13.389,374,0
UNL.US,5,20210924,160000,13.35,13.35,13.35,13.35,500,0
UNL.US,5,20210924,161000,13.31,13.31,13.31,13.31,135,0
UNL.US,5,20210924,163000,13.4,13.4,13.3999,13.3999,200,0
UNL.US,5,20210924,170000,13.37,13.37,13.36,13.36,1800,0
UNL.US,5,20210924,171500,13.39,13.39,13.39,13.39,104,0
UNL.US,5,20210924,180000,13.51,13.51,13.51,13.51,100,0
UNL.US,5,20210924,184000,13.49,13.49,13.4772,13.4772,1200,0
UNL.US,5,20210924,184500,13.509,13.509,13.509,13.509,200,0
UNL.US,5,20210924,185500,13.48,13.48,13.48,13.48,300,0
UNL.US,5,20210924,195000,13.4843,13.4843,13.4843,13.4843,100,0
UNL.US,5,20210924,195500,13.49,13.49,13.49,13.49,434,0
UNL.US,5,20210924,200500,13.52,13.52,13.519,13.519,978,0
UNL.US,5,20210924,202500,13.59,13.59,13.589,13.589,200,0
UNL.US,5,20210924,210500,13.59,13.59,13.59,13.59,300,0
UNL.US,5,20210924,213000,13.595,13.595,13.595,13.595,400,0
UNL.US,5,20210924,214500,13.635,13.635,13.635,13.635,370,0
UNL.US,5,20210924,215500,13.63,13.6464,13.63,13.6464,350,0
UNL.US,5,20210927,153000,14.43,14.43,14.1805,14.225,16303,0
UNL.US,5,20210927,153500,14.23,14.23,14.23,14.23,282,0
UNL.US,5,20210927,154000,14.19,14.19,14.19,14.19,285,0
UNL.US,5,20210927,154500,14.21,14.21,14.13,14.13,500,0
UNL.US,5,20210927,155000,14.13,14.13,14.1073,14.1073,1300,0
UNL.US,5,20210927,155500,14.12,14.12,14.1022,14.105,929,0
UNL.US,5,20210927,160000,14.179,14.1893,14.13,14.18,1988,0
UNL.US,5,20210927,161500,14.1902,14.1902,14.1902,14.1902,310,0
UNL.US,5,20210927,162500,14.205,14.205,14.205,14.205,211,0
UNL.US,5,20210927,163000,14.215,14.215,14.215,14.215,101,0
UNL.US,5,20210927,163500,14.26,14.26,14.26,14.26,253,0
UNL.US,5,20210927,164000,14.2583,14.2583,14.25,14.25,600,0
UNL.US,5,20210927,164500,14.255,14.255,14.255,14.255,100,0
UNL.US,5,20210927,165000,14.259,14.26,14.25,14.25,18185,0
UNL.US,5,20210927,165500,14.2745,14.2745,14.2745,14.2745,700,0
UNL.US,5,20210927,170000,14.31,14.32,14.31,14.32,53087,0
UNL.US,5,20210927,171000,14.3099,14.3099,14.309,14.309,348,0
UNL.US,5,20210927,171500,14.31,14.329,14.31,14.3199,2700,0
UNL.US,5,20210927,172000,14.33,14.33,14.3299,14.3299,200,0
UNL.US,5,20210927,173000,14.3103,14.3103,14.3103,14.3103,100,0
UNL.US,5,20210927,173500,14.34,14.34,14.31,14.31,244,0
UNL.US,5,20210927,174000,14.3295,14.3295,14.3295,14.3295,100,0
UNL.US,5,20210927,175500,14.29,14.29,14.29,14.29,1000,0
UNL.US,5,20210927,181000,14.35,14.35,14.3292,14.3292,1100,0
UNL.US,5,20210927,182000,14.31,14.31,14.309,14.309,400,0
UNL.US,5,20210927,182500,14.285,14.285,14.285,14.285,200,0
UNL.US,5,20210927,184000,14.309,14.309,14.309,14.309,800,0
UNL.US,5,20210927,185000,14.2895,14.2895,14.241,14.241,1710,0
UNL.US,5,20210927,194000,14.3361,14.36,14.3361,14.36,515,0
UNL.US,5,20210927,200000,14.41,14.41,14.38,14.38,5550,0
UNL.US,5,20210927,201000,14.345,14.345,14.345,14.345,250,0
UNL.US,5,20210927,202500,14.5,14.5,14.5,14.5,747,0
UNL.US,5,20210927,203500,14.46,14.46,14.459,14.459,2800,0
UNL.US,5,20210927,204000,14.45,14.45,14.45,14.45,500,0
UNL.US,5,20210927,204500,14.44,14.44,14.44,14.44,150,0
UNL.US,5,20210927,205000,14.45,14.45,14.4492,14.4492,2000,0
UNL.US,5,20210927,205500,14.46,14.46,14.433,14.459,3150,0
UNL.US,5,20210927,210500,14.475,14.475,14.475,14.475,250,0
UNL.US,5,20210927,212000,14.548,14.548,14.535,14.535,274,0
UNL.US,5,20210927,212500,14.55,14.55,14.55,14.55,1000,0
UNL.US,5,20210927,213000,14.53,14.53,14.52,14.52,2071,0
UNL.US,5,20210927,214000,14.69,14.71,14.69,14.71,600,0
UNL.US,5,20210927,214500,14.73,14.73,14.73,14.73,100,0
UNL.US,5,20210927,215000,14.75,14.75,14.7496,14.7496,689,0
UNL.US,5,20210927,215500,14.7543,14.78,14.73,14.78,1373,0
UNL.US,5,20210928,153000,14.87,14.87,14.76,14.779,11531,0
UNL.US,5,20210928,153500,14.9,14.9,14.82,14.82,1035,0
UNL.US,5,20210928,154000,14.83,14.935,14.83,14.91,2300,0
UNL.US,5,20210928,154500,14.99,15.04,14.99,15.0225,1550,0
UNL.US,5,20210928,155000,15.05,15.05,14.91,14.9291,3973,0
UNL.US,5,20210928,155500,14.83,14.83,14.75,14.765,2050,0
UNL.US,5,20210928,160000,14.75,14.75,14.7,14.7,1300,0
UNL.US,5,20210928,160500,14.8599,14.8599,14.8599,14.8599,100,0
UNL.US,5,20210928,161500,14.75,14.789,14.75,14.76,683,0
UNL.US,5,20210928,162500,14.8,14.825,14.8,14.825,800,0
UNL.US,5,20210928,163000,14.819,14.819,14.7601,14.7601,300,0
UNL.US,5,20210928,163500,14.771,14.771,14.771,14.771,100,0
UNL.US,5,20210928,164000,14.77,14.77,14.77,14.77,900,0
UNL.US,5,20210928,165000,14.795,14.795,14.795,14.795,100,0
UNL.US,5,20210928,170000,14.7,14.7,14.62,14.62,796,0
UNL.US,5,20210928,170500,14.62,14.62,14.62,14.62,200,0
UNL.US,5,20210928,172000,14.6605,14.6605,14.6605,14.6605,100,0
UNL.US,5,20210928,172500,14.7045,14.7045,14.7045,14.7045,341,0
UNL.US,5,20210928,173000,14.76,14.76,14.76,14.76,800,0
UNL.US,5,20210928,173500,14.77,14.77,14.77,14.77,300,0
UNL.US,5,20210928,174500,14.71,14.71,14.6395,14.6395,635,0
UNL.US,5,20210928,175000,14.63,14.63,14.63,14.63,200,0
UNL.US,5,20210928,175500,14.581,14.581,14.581,14.581,125,0
UNL.US,5,20210928,180000,14.595,14.595,14.595,14.595,100,0
UNL.US,5,20210928,180500,14.52,14.52,14.41,14.41,700,0
UNL.US,5,20210928,181000,14.4357,14.4357,14.295,14.295,550,0
UNL.US,5,20210928,181500,14.25,14.25,14.215,14.215,250,0
UNL.US,5,20210928,182000,14.25,14.25,14.25,14.25,200,0
UNL.US,5,20210928,183000,14.2848,14.2848,14.2848,14.2848,200,0
UNL.US,5,20210928,184000,14.28,14.28,14.28,14.28,500,0
UNL.US,5,20210928,184500,14.24,14.24,14.17,14.2,1800,0
UNL.US,5,20210928,185000,14.1975,14.245,14.19,14.24,1300,0
UNL.US,5,20210928,185500,14.3599,14.42,14.3599,14.42,1309,0
UNL.US,5,20210928,191000,14.48,14.48,14.48,14.48,100,0
UNL.US,5,20210928,191500,14.525,14.525,14.525,14.525,100,0
UNL.US,5,20210928,192000,14.51,14.51,14.49,14.51,2195,0
UNL.US,5,20210928,192500,14.5,14.5,14.5,14.5,500,0
UNL.US,5,20210928,193500,14.43,14.43,14.42,14.42,6000,0
UNL.US,5,20210928,194500,14.42,14.42,14.42,14.42,120,0
UNL.US,5,20210928,201000,14.445,14.445,14.445,14.445,100,0
UNL.US,5,20210928,202500,14.49,14.51,14.49,14.51,3100,0
UNL.US,5,20210928,204000,14.49,14.49,14.49,14.49,580,0
UNL.US,5,20210928,204500,14.5199,14.5199,14.5,14.5,1100,0
UNL.US,5,20210928,205500,14.5,14.53,14.5,14.5101,32583,0
UNL.US,5,20210928,210000,14.511,14.511,14.5,14.5,3700,0
UNL.US,5,20210928,211000,14.499,14.499,14.499,14.499,100,0
UNL.US,5,20210928,211500,14.5,14.5,14.5,14.5,300,0
UNL.US,5,20210928,213000,14.455,14.455,14.455,14.455,300,0
UNL.US,5,20210928,213500,14.45,14.52,14.45,14.46,65111,0
UNL.US,5,20210928,214000,14.46,14.47,14.45,14.46,28000,0
UNL.US,5,20210928,214500,14.45,14.47,14.45,14.46,9700,0
UNL.US,5,20210928,215000,14.46,14.4705,14.45,14.45,29600,0
UNL.US,5,20210928,215500,14.45,14.4884,14.45,14.4884,1100,0
UNL.US,5,20210929,153000,14.22,14.22,14.125,14.125,984,0
UNL.US,5,20210929,153500,14.168,14.168,14.1,14.1,3703,0
UNL.US,5,20210929,154000,14.11,14.11,14.11,14.11,100,0
UNL.US,5,20210929,155000,14.15,14.15,14.15,14.15,100,0
UNL.US,5,20210929,155500,14.13,14.13,14.13,14.13,6000,0
UNL.US,5,20210929,160500,14.075,14.075,14.075,14.075,150,0
UNL.US,5,20210929,161000,14.09,14.09,14.09,14.09,355,0
UNL.US,5,20210929,162500,14.04,14.04,14.04,14.04,596,0
UNL.US,5,20210929,163500,13.95,13.9999,13.95,13.9999,402,0
UNL.US,5,20210929,164000,13.955,13.955,13.955,13.955,200,0
UNL.US,5,20210929,164500,13.99,14,13.99,14,22997,0
UNL.US,5,20210929,165000,14.1,14.1,14.1,14.1,100,0
UNL.US,5,20210929,165500,14.0901,14.0901,14.0901,14.0901,100,0
UNL.US,5,20210929,171000,14.1588,14.1588,14.1588,14.1588,200,0
UNL.US,5,20210929,172500,14,14,14,14,1371,0
UNL.US,5,20210929,173000,14,14.0001,14,14.0001,600,0
UNL.US,5,20210929,175000,14.089,14.089,14.089,14.089,2748,0
UNL.US,5,20210929,183000,14.0092,14.0092,14.008,14.008,1000,0
UNL.US,5,20210929,183500,13.99,14.0116,13.99,14.008,1000,0
UNL.US,5,20210929,184500,13.9834,13.9834,13.9834,13.9834,200,0
UNL.US,5,20210929,185000,13.86,13.861,13.801,13.84,8684,0
UNL.US,5,20210929,185500,13.8,13.8,13.8,13.8,536,0
UNL.US,5,20210929,190000,13.76,13.795,13.76,13.795,1664,0
UNL.US,5,20210929,191500,13.79,13.79,13.79,13.79,100,0
UNL.US,5,20210929,192000,13.8036,13.8036,13.8036,13.8036,144,0
UNL.US,5,20210929,192500,13.79,13.8098,13.78,13.78,1649,0
UNL.US,5,20210929,194500,13.8599,13.8599,13.8599,13.8599,100,0
UNL.US,5,20210929,200500,13.92,13.92,13.92,13.92,1000,0
UNL.US,5,20210929,201500,13.91,13.91,13.91,13.91,150,0
UNL.US,5,20210929,204000,13.97,13.97,13.97,13.97,200,0
UNL.US,5,20210929,205500,13.869,13.869,13.869,13.869,500,0
UNL.US,5,20210929,210500,13.855,13.855,13.855,13.855,500,0
UNL.US,5,20210929,211500,13.8,13.8,13.8,13.8,150,0
UNL.US,5,20210929,213500,13.8,13.8,13.8,13.8,217,0
UNL.US,5,20210929,214000,13.8,13.8,13.8,13.8,400,0
UNL.US,5,20210929,215500,13.79,13.84,13.76,13.84,309,0
UNL.US,5,20210930,153000,14.02,14.04,14.02,14.04,1769,0
UNL.US,5,20210930,153500,14.02,14.02,13.91,13.9999,2040,0
UNL.US,5,20210930,154000,14.02,14.05,14.02,14.05,713,0
UNL.US,5,20210930,155000,14.0897,14.0897,14.0897,14.0897,100,0
UNL.US,5,20210930,155500,14.05,14.05,14.05,14.05,1300,0
UNL.US,5,20210930,160000,14,14,14,14,1000,0
UNL.US,5,20210930,160500,13.98,14.03,13.9795,14.03,1000,0
UNL.US,5,20210930,162500,14.04,14.04,14.04,14.04,400,0
UNL.US,5,20210930,163000,14,14.12,14,14.12,1160,0
UNL.US,5,20210930,163500,14.3,14.3,14.3,14.3,100,0
UNL.US,5,20210930,164000,14.23,14.23,14.23,14.23,100,0
UNL.US,5,20210930,165000,14.24,14.288,14.14,14.14,3300,0
UNL.US,5,20210930,165500,14.23,14.23,14.23,14.23,14430,0
UNL.US,5,20210930,170000,14.245,14.245,14.245,14.245,1000,0
UNL.US,5,20210930,170500,14.314,14.33,14.314,14.33,600,0
UNL.US,5,20210930,171000,14.29,14.33,14.29,14.33,1300,0
UNL.US,5,20210930,172000,14.359,14.359,14.33,14.33,400,0
UNL.US,5,20210930,173000,14.35,14.35,14.35,14.35,400,0
UNL.US,5,20210930,173500,14.19,14.19,14.19,14.19,100,0
UNL.US,5,20210930,181000,14.23,14.23,14.21,14.21,14430,0
UNL.US,5,20210930,181500,14.21,14.2799,14.21,14.2201,5000,0
UNL.US,5,20210930,182000,14.245,14.245,14.245,14.245,100,0
UNL.US,5,20210930,182500,14.22,14.22,14.22,14.22,2000,0
UNL.US,5,20210930,183500,14.22,14.3,14.22,14.275,6400,0
UNL.US,5,20210930,184000,14.3,14.3,14.275,14.275,233,0
UNL.US,5,20210930,184500,14.275,14.275,14.275,14.275,100,0
UNL.US,5,20210930,185500,14.27,14.27,14.27,14.27,100,0
UNL.US,5,20210930,190000,14.26,14.26,14.26,14.26,300,0
UNL.US,5,20210930,190500,14.27,14.34,14.23,14.23,5400,0
UNL.US,5,20210930,191000,14.32,14.32,14.27,14.27,400,0
UNL.US,5,20210930,192000,14.29,14.3385,14.29,14.3385,874,0
UNL.US,5,20210930,192500,14.329,14.34,14.327,14.34,2000,0
UNL.US,5,20210930,193000,14.3101,14.3101,14.3101,14.3101,414,0
UNL.US,5,20210930,195500,14.4295,14.4295,14.4295,14.4295,250,0
UNL.US,5,20210930,202500,14.53,14.53,14.49,14.49,420,0
UNL.US,5,20210930,203000,14.46,14.46,14.4512,14.4512,1240,0
UNL.US,5,20210930,203500,14.47,14.47,14.47,14.47,486,0
UNL.US,5,20210930,204000,14.4692,14.4692,14.42,14.42,1807,0
UNL.US,5,20210930,205000,14.46,14.49,14.46,14.49,307,0
UNL.US,5,20210930,210000,14.47,14.47,14.47,14.47,100,0
UNL.US,5,20210930,211500,14.5,14.5,14.5,14.5,100,0
UNL.US,5,20210930,213000,14.5482,14.5482,14.5482,14.5482,100,0
UNL.US,5,20210930,213500,14.54,14.54,14.515,14.54,600,0
UNL.US,5,20210930,215000,14.5504,14.559,14.5504,14.559,1700,0
UNL.US,5,20210930,215500,14.558,14.558,14.5088,14.51,1650,0
UNL.US,5,20211001,153000,14.38,14.3899,14.38,14.3899,583,0
UNL.US,5,20211001,154500,14.28,14.28,14.28,14.28,100,0
UNL.US,5,20211001,155500,14.285,14.285,14.285,14.285,350,0
UNL.US,5,20211001,160000,14.3,14.3,14.286,14.286,200,0
UNL.US,5,20211001,161000,14.29,14.29,14.29,14.29,500,0
UNL.US,5,20211001,161500,14.256,14.28,14.256,14.28,1900,0
UNL.US,5,20211001,162000,14.28,14.32,14.28,14.32,1953,0
UNL.US,5,20211001,164000,14.3237,14.3237,14.3237,14.3237,100,0
UNL.US,5,20211001,164500,14.28,14.28,14.25,14.25,851,0
UNL.US,5,20211001,165500,14.26,14.26,14.259,14.259,729,0
UNL.US,5,20211001,171000,14.26,14.26,14.13,14.23,2557,0
UNL.US,5,20211001,173000,14.15,14.15,14.1,14.103,300,0
UNL.US,5,20211001,173500,14.125,14.125,14.125,14.125,100,0
UNL.US,5,20211001,175500,14.12,14.12,14.12,14.12,100,0
UNL.US,5,20211001,181000,14.13,14.1389,14.101,14.101,1340,0
UNL.US,5,20211001,183000,14.23,14.24,14.23,14.24,212,0
UNL.US,5,20211001,185500,14.25,14.25,14.25,14.25,400,0
UNL.US,5,20211001,190500,14.225,14.225,14.225,14.225,1000,0
UNL.US,5,20211001,191000,14.22,14.22,14.22,14.22,200,0
UNL.US,5,20211001,191500,14.2,14.2,14.2,14.2,1000,0
UNL.US,5,20211001,192500,14.2199,14.2199,14.2199,14.2199,740,0
UNL.US,5,20211001,195500,14.2862,14.2862,14.2862,14.2862,500,0
UNL.US,5,20211001,200000,14.31,14.31,14.31,14.31,102,0
UNL.US,5,20211001,200500,14.295,14.295,14.295,14.295,100,0
UNL.US,5,20211001,201500,14.22,14.2201,14.22,14.2201,240,0
UNL.US,5,20211001,202500,14.22,14.22,14.22,14.22,500,0
UNL.US,5,20211001,203500,14.2299,14.2299,14.2,14.2,1650,0
UNL.US,5,20211001,204000,14.2099,14.2099,14.195,14.195,1000,0
UNL.US,5,20211001,205000,14.21,14.22,14.1987,14.1987,4814,0
UNL.US,5,20211001,210000,14.18,14.18,14.18,14.18,300,0
UNL.US,5,20211001,211000,14.155,14.155,14.155,14.155,100,0
UNL.US,5,20211001,213500,14.199,14.199,14.199,14.199,200,0
UNL.US,5,20211001,214000,14.21,14.23,14.21,14.23,2000,0
UNL.US,5,20211001,214500,14.2,14.2,14.19,14.19,507,0
UNL.US,5,20211001,215500,14.168,14.168,14.16,14.16,600,0
UNL.US,5,20211004,153000,14.87,14.87,14.695,14.695,4277,0
UNL.US,5,20211004,153500,14.771,14.85,14.771,14.85,1298,0
UNL.US,5,20211004,154000,14.8495,14.85,14.82,14.82,881,0
UNL.US,5,20211004,154500,14.87,14.989,14.87,14.989,479,0
UNL.US,5,20211004,155000,14.979,15.02,14.979,14.9826,2300,0
UNL.US,5,20211004,155500,14.95,14.95,14.95,14.95,100,0
UNL.US,5,20211004,161000,14.869,14.869,14.869,14.869,100,0
UNL.US,5,20211004,161500,14.8799,14.8799,14.74,14.74,2600,0
UNL.US,5,20211004,162000,14.85,14.85,14.85,14.85,100,0
UNL.US,5,20211004,162500,14.845,14.845,14.845,14.845,100,0
UNL.US,5,20211004,163000,14.85,14.85,14.85,14.85,100,0
UNL.US,5,20211004,163500,14.84,14.84,14.84,14.84,300,0
UNL.US,5,20211004,164500,14.729,14.729,14.729,14.729,100,0
UNL.US,5,20211004,165000,14.689,14.689,14.689,14.689,150,0
UNL.US,5,20211004,170000,14.595,14.595,14.595,14.595,100,0
UNL.US,5,20211004,170500,14.67,14.67,14.6599,14.6599,2100,0
UNL.US,5,20211004,171500,14.6,14.6,14.5865,14.5865,992,0
UNL.US,5,20211004,172000,14.59,14.59,14.59,14.59,100,0
UNL.US,5,20211004,173500,14.7,14.779,14.6999,14.779,1372,0
UNL.US,5,20211004,174000,14.74,14.74,14.74,14.74,300,0
UNL.US,5,20211004,175500,14.819,14.82,14.785,14.785,1100,0
UNL.US,5,20211004,180500,14.76,14.76,14.76,14.76,100,0
UNL.US,5,20211004,181000,14.79,14.83,14.79,14.83,300,0
UNL.US,5,20211004,181500,14.79,14.79,14.77,14.77,1620,0
UNL.US,5,20211004,182000,14.7201,14.7201,14.65,14.65,500,0
UNL.US,5,20211004,182500,14.679,14.679,14.679,14.679,100,0
UNL.US,5,20211004,184000,14.66,14.72,14.6592,14.7199,983,0
UNL.US,5,20211004,184500,14.71,14.71,14.71,14.71,100,0
UNL.US,5,20211004,185000,14.66,14.66,14.645,14.645,550,0
UNL.US,5,20211004,191000,14.6093,14.6093,14.5,14.5,2132,0
UNL.US,5,20211004,191500,14.5699,14.5699,14.5699,14.5699,345,0
UNL.US,5,20211004,192500,14.59,14.59,14.59,14.59,100,0
UNL.US,5,20211004,193000,14.579,14.579,14.579,14.579,100,0
UNL.US,5,20211004,200000,14.67,14.67,14.59,14.59,700,0
UNL.US,5,20211004,200500,14.59,14.59,14.53,14.56,5500,0
UNL.US,5,20211004,201000,14.53,14.555,14.52,14.52,11386,0
UNL.US,5,20211004,201500,14.51,14.54,14.5,14.5,5200,0
UNL.US,5,20211004,202000,14.51,14.52,14.5,14.515,6780,0
UNL.US,5,20211004,202500,14.51,14.51,14.46,14.49,7500,0
UNL.US,5,20211004,203500,14.4645,14.4645,14.4645,14.4645,100,0
UNL.US,5,20211004,205000,14.55,14.55,14.55,14.55,626,0
UNL.US,5,20211004,205500,14.56,14.56,14.56,14.56,300,0
UNL.US,5,20211004,213000,14.689,14.729,14.689,14.729,2100,0
UNL.US,5,20211004,214000,14.71,14.71,14.71,14.71,200,0
UNL.US,5,20211004,214500,14.71,14.77,14.71,14.77,3391,0
UNL.US,5,20211004,215000,14.78,14.78,14.78,14.78,802,0
UNL.US,5,20211004,215500,14.765,14.78,14.76,14.78,746,0
UNL.US,5,20211005,153000,15.12,15.12,15.035,15.11,5851,0
UNL.US,5,20211005,153500,15.15,15.15,15.15,15.15,100,0
UNL.US,5,20211005,154000,15.2,15.2,15.2,15.2,751,0
UNL.US,5,20211005,154500,15.3,15.3,15.3,15.3,200,0
UNL.US,5,20211005,155000,15.29,15.29,15.19,15.19,1500,0
UNL.US,5,20211005,155500,15.18,15.18,15.18,15.18,588,0
UNL.US,5,20211005,160000,15.23,15.2699,15.23,15.2699,200,0
UNL.US,5,20211005,160500,15.248,15.255,15.248,15.255,296,0
UNL.US,5,20211005,161000,15.24,15.24,15.23,15.23,382,0
UNL.US,5,20211005,161500,15.15,15.15,15.12,15.12,750,0
UNL.US,5,20211005,162500,15.1699,15.1699,15.1699,15.1699,2500,0
UNL.US,5,20211005,163500,15.15,15.15,15.15,15.15,500,0
UNL.US,5,20211005,164500,15.2,15.23,15.2,15.225,1450,0
UNL.US,5,20211005,165000,15.21,15.21,15.161,15.161,648,0
UNL.US,5,20211005,172000,15.219,15.219,15.2,15.2,281,0
UNL.US,5,20211005,173000,15.25,15.25,15.25,15.25,235,0
UNL.US,5,20211005,174000,15.289,15.289,15.255,15.28,1734,0
UNL.US,5,20211005,174500,15.289,15.289,15.289,15.289,620,0
UNL.US,5,20211005,175500,15.21,15.21,15.21,15.21,200,0
UNL.US,5,20211005,181500,15.2399,15.2399,15.2399,15.2399,262,0
UNL.US,5,20211005,182500,15.19,15.19,15.19,15.19,1000,0
UNL.US,5,20211005,183500,15.255,15.255,15.255,15.255,500,0
UNL.US,5,20211005,184500,15.29,15.3,15.29,15.3,802,0
UNL.US,5,20211005,185000,15.3,15.3,15.3,15.3,400,0
UNL.US,5,20211005,185500,15.3,15.34,15.3,15.34,1486,0
UNL.US,5,20211005,190000,15.3297,15.3297,15.3297,15.3297,500,0
UNL.US,5,20211005,190500,15.2997,15.2997,15.2997,15.2997,200,0
UNL.US,5,20211005,191000,15.3,15.36,15.3,15.36,1491,0
UNL.US,5,20211005,192500,15.45,15.45,15.43,15.43,2700,0
UNL.US,5,20211005,193000,15.49,15.49,15.49,15.49,100,0
UNL.US,5,20211005,194000,15.48,15.48,15.48,15.48,200,0
UNL.US,5,20211005,194500,15.505,15.55,15.505,15.5377,7790,0
UNL.US,5,20211005,195000,15.54,15.54,15.54,15.54,300,0
UNL.US,5,20211005,200500,15.468,15.468,15.426,15.429,900,0
UNL.US,5,20211005,202000,15.36,15.36,15.31,15.31,400,0
UNL.US,5,20211005,203000,15.409,15.409,15.409,15.409,382,0
UNL.US,5,20211005,204000,15.4,15.4,15.4,15.4,100,0
UNL.US,5,20211005,204500,15.4,15.4,15.32,15.32,5955,0
UNL.US,5,20211005,205500,15.31,15.31,15.31,15.31,520,0
UNL.US,5,20211005,210000,15.3,15.32,15.3,15.32,1395,0
UNL.US,5,20211005,210500,15.3164,15.3164,15.3,15.3,1800,0
UNL.US,5,20211005,212000,15.4,15.4,15.4,15.4,1074,0
UNL.US,5,20211005,212500,15.405,15.405,15.405,15.405,390,0
UNL.US,5,20211005,213000,15.4,15.4,15.4,15.4,500,0
UNL.US,5,20211005,213500,15.369,15.38,15.36,15.36,745,0
UNL.US,5,20211005,214000,15.365,15.365,15.365,15.365,200,0
UNL.US,5,20211005,214500,15.38,15.39,15.365,15.365,2909,0
UNL.US,5,20211005,215000,15.4204,15.43,15.34,15.34,2254,0
UNL.US,5,20211005,215500,15.399,15.42,15.38,15.42,5238,0
UNL.US,5,20211006,153000,14.9,14.9,14.52,14.53,4625,0
UNL.US,5,20211006,153500,14.48,14.51,14.48,14.5,827,0
UNL.US,5,20211006,154000,14.53,14.53,14.485,14.485,260,0
UNL.US,5,20211006,154500,14.55,14.55,14.5,14.5,600,0
UNL.US,5,20211006,155000,14.51,14.6688,14.5,14.6688,2047,0
UNL.US,5,20211006,155500,14.689,14.689,14.689,14.689,1000,0
UNL.US,5,20211006,161000,14.5901,14.5901,14.5901,14.5901,260,0
UNL.US,5,20211006,161500,14.58,14.58,14.57,14.57,1200,0
UNL.US,5,20211006,162000,14.52,14.5401,14.52,14.5401,855,0
UNL.US,5,20211006,162500,14.545,14.609,14.545,14.609,4000,0
UNL.US,5,20211006,163000,14.55,14.57,14.55,14.57,970,0
UNL.US,5,20211006,165500,14.7399,14.7399,14.7388,14.7388,635,0
UNL.US,5,20211006,170500,14.67,14.67,14.67,14.67,170,0
UNL.US,5,20211006,171000,14.685,14.685,14.685,14.685,100,0
UNL.US,5,20211006,171500,14.67,14.74,14.67,14.6741,7407,0
UNL.US,5,20211006,172000,14.69,14.69,14.69,14.69,300,0
UNL.US,5,20211006,173500,14.67,14.67,14.601,14.645,2260,0
UNL.US,5,20211006,175000,14.6898,14.6898,14.679,14.679,1600,0
UNL.US,5,20211006,180000,14.7197,14.7197,14.6595,14.6595,1800,0
UNL.US,5,20211006,180500,14.6,14.6,14.42,14.42,4386,0
UNL.US,5,20211006,181000,14.4799,14.4799,14.4799,14.4799,500,0
UNL.US,5,20211006,181500,14.43,14.43,14.43,14.43,400,0
UNL.US,5,20211006,182000,14.4401,14.4401,14.44,14.44,400,0
UNL.US,5,20211006,182500,14.47,14.47,14.41,14.41,495,0
UNL.US,5,20211006,184000,14.4092,14.4092,14.4092,14.4092,100,0
UNL.US,5,20211006,184500,14.4183,14.4183,14.4183,14.4183,200,0
UNL.US,5,20211006,185500,14.31,14.31,14.19,14.19,2430,0
UNL.US,5,20211006,190500,14.31,14.31,14.31,14.31,139,0
UNL.US,5,20211006,192500,14.36,14.4,14.36,14.4,2388,0
UNL.US,5,20211006,194000,14.49,14.49,14.49,14.49,100,0
UNL.US,5,20211006,194500,14.47,14.47,14.47,14.47,200,0
UNL.US,5,20211006,195000,14.465,14.465,14.465,14.465,150,0
UNL.US,5,20211006,195500,14.45,14.479,14.425,14.479,300,0
UNL.US,5,20211006,200500,14.485,14.509,14.485,14.5,981,0
UNL.US,5,20211006,201500,14.33,14.33,14.33,14.33,100,0
UNL.US,5,20211006,202000,14.35,14.35,14.35,14.35,150,0
UNL.US,5,20211006,202500,14.32,14.32,14.32,14.32,100,0
UNL.US,5,20211006,205000,14.4285,14.45,14.4285,14.45,232,0
UNL.US,5,20211006,210000,14.4702,14.4702,14.4702,14.4702,100,0
UNL.US,5,20211006,211000,14.53,14.53,14.53,14.53,690,0
UNL.US,5,20211006,213000,14.4736,14.4736,14.455,14.455,844,0
UNL.US,5,20211006,214500,14.4592,14.4592,14.4592,14.4592,100,0
UNL.US,5,20211006,215500,14.4586,14.4586,14.4586,14.4586,500,0
UNL.US,5,20211007,153000,14.45,14.45,14.1,14.1,4527,0
UNL.US,5,20211007,153500,14.14,14.14,14.14,14.14,450,0
UNL.US,5,20211007,154000,14.18,14.18,14.18,14.18,100,0
UNL.US,5,20211007,154500,14.1101,14.14,14.1101,14.12,2485,0
UNL.US,5,20211007,155000,14.12,14.12,14.07,14.09,1250,0
UNL.US,5,20211007,155500,14.115,14.115,14.115,14.115,484,0
UNL.US,5,20211007,160000,14.12,14.12,14.06,14.0801,8072,0
UNL.US,5,20211007,160500,14.12,14.1799,14.12,14.1799,8720,0
UNL.US,5,20211007,161000,14.08,14.08,14.08,14.08,505,0
UNL.US,5,20211007,161500,14.0533,14.0533,14.0533,14.0533,1149,0
UNL.US,5,20211007,162500,14.065,14.07,13.985,13.985,1274,0
UNL.US,5,20211007,163000,13.99,13.99,13.81,13.82,3250,0
UNL.US,5,20211007,163500,14.16,14.16,14.16,14.16,700,0
UNL.US,5,20211007,164000,14.16,14.16,14.16,14.16,200,0
UNL.US,5,20211007,164500,14.2474,14.26,14.23,14.26,3480,0
UNL.US,5,20211007,170000,14.2291,14.2291,14.2291,14.2291,701,0
UNL.US,5,20211007,170500,14.3,14.3,14.28,14.28,607,0
UNL.US,5,20211007,171000,14.2347,14.2347,14.2347,14.2347,372,0
UNL.US,5,20211007,171500,14.24,14.24,14.24,14.24,700,0
UNL.US,5,20211007,172500,14.3,14.31,14.3,14.3099,600,0
UNL.US,5,20211007,173500,14.25,14.25,14.25,14.25,250,0
UNL.US,5,20211007,174500,14.2001,14.2001,14.2001,14.2001,100,0
UNL.US,5,20211007,175000,14.2,14.2,14.2,14.2,1005,0
UNL.US,5,20211007,181500,14.1901,14.1901,14.1901,14.1901,174,0
UNL.US,5,20211007,183000,14.2,14.2,14.15,14.1787,877,0
UNL.US,5,20211007,183500,14.18,14.18,14.18,14.18,227,0
UNL.US,5,20211007,184500,14.1399,14.1399,14.1399,14.1399,100,0
UNL.US,5,20211007,192500,14.319,14.319,14.319,14.319,200,0
UNL.US,5,20211007,193000,14.34,14.34,14.34,14.34,200,0
UNL.US,5,20211007,200000,14.335,14.335,14.335,14.335,322,0
UNL.US,5,20211007,202500,14.27,14.27,14.27,14.27,339,0
UNL.US,5,20211007,204500,14.42,14.42,14.42,14.42,100,0
UNL.US,5,20211007,210500,14.421,14.421,14.421,14.421,179,0
UNL.US,5,20211007,212000,14.47,14.47,14.47,14.47,100,0
UNL.US,5,20211007,213500,14.43,14.47,14.43,14.47,200,0
UNL.US,5,20211007,214000,14.4655,14.4655,14.4655,14.4655,200,0
UNL.US,5,20211008,153000,14.5,14.5,14.26,14.26,2656,0
UNL.US,5,20211008,154000,14.299,14.299,14.299,14.299,500,0
UNL.US,5,20211008,155500,14.42,14.42,14.42,14.42,179,0
UNL.US,5,20211008,160000,14.361,14.361,14.361,14.361,118,0
UNL.US,5,20211008,161000,14.4,14.4,14.4,14.4,100,0
UNL.US,5,20211008,162000,14.385,14.385,14.385,14.385,500,0
UNL.US,5,20211008,162500,14.3662,14.3662,14.3662,14.3662,350,0
UNL.US,5,20211008,165000,14.36,14.36,14.36,14.36,300,0
UNL.US,5,20211008,170000,14.325,14.325,14.291,14.291,498,0
UNL.US,5,20211008,172000,14.3,14.3,14.3,14.3,3500,0
UNL.US,5,20211008,173500,14.325,14.325,14.325,14.325,100,0
UNL.US,5,20211008,174500,14.37,14.37,14.37,14.37,381,0
UNL.US,5,20211008,183000,14.3405,14.3405,14.3405,14.3405,355,0
UNL.US,5,20211008,183500,14.35,14.35,14.35,14.35,103,0
UNL.US,5,20211008,184500,14.3799,14.38,14.3799,14.38,1600,0
UNL.US,5,20211008,190500,14.41,14.41,14.41,14.41,768,0
UNL.US,5,20211008,192500,14.35,14.35,14.35,14.35,100,0
UNL.US,5,20211008,193000,14.3,14.3,14.3,14.3,143,0
UNL.US,5,20211008,193500,14.3599,14.36,14.3599,14.3599,500,0
UNL.US,5,20211008,195000,14.31,14.31,14.31,14.31,200,0
UNL.US,5,20211008,195500,14.33,14.33,14.33,14.33,123,0
UNL.US,5,20211008,202500,14.29,14.29,14.23,14.23,300,0
UNL.US,5,20211008,205000,14.27,14.27,14.27,14.27,900,0
UNL.US,5,20211008,205500,14.3,14.3,14.3,14.3,200,0
UNL.US,5,20211008,210500,14.3,14.3,14.3,14.3,500,0
UNL.US,5,20211008,213500,14.3,14.3,14.29,14.29,600,0
UNL.US,5,20211008,214500,14.285,14.285,14.285,14.285,500,0
UNL.US,5,20211008,215500,14.3,14.3,14.3,14.3,629,0
UNL.US,5,20211011,153000,14.23,14.23,13.8,13.8,7395,0
UNL.US,5,20211011,153500,13.7772,13.81,13.7772,13.81,979,0
UNL.US,5,20211011,154000,13.82,13.82,13.82,13.82,200,0
UNL.US,5,20211011,155000,13.9645,13.9645,13.9645,13.9645,128,0
UNL.US,5,20211011,155500,13.9185,13.96,13.9185,13.94,390,0
UNL.US,5,20211011,160000,14,14,14,14,1350,0
UNL.US,5,20211011,162000,14.011,14.011,14.011,14.011,200,0
UNL.US,5,20211011,163000,14.04,14.04,14.04,14.04,289,0
UNL.US,5,20211011,163500,14.07,14.129,14.0684,14.07,5100,0
UNL.US,5,20211011,164000,14.12,14.12,14.12,14.12,100,0
UNL.US,5,20211011,165000,14.09,14.09,14.09,14.09,300,0
UNL.US,5,20211011,165500,14.05,14.05,14.05,14.05,1100,0
UNL.US,5,20211011,170000,14.01,14.01,14,14,300,0
UNL.US,5,20211011,170500,14.01,14.01,14.01,14.01,100,0
UNL.US,5,20211011,172000,14,14,13.85,13.85,1200,0
UNL.US,5,20211011,173000,13.8277,13.8277,13.8277,13.8277,500,0
UNL.US,5,20211011,173500,13.825,13.825,13.825,13.825,500,0
UNL.US,5,20211011,174000,13.88,13.88,13.88,13.88,200,0
UNL.US,5,20211011,174500,13.85,13.98,13.85,13.98,1800,0
UNL.US,5,20211011,175500,14.02,14.03,14.02,14.03,400,0
UNL.US,5,20211011,183000,14.04,14.05,14.04,14.05,444,0
UNL.US,5,20211011,191000,13.98,14,13.98,14,276,0
UNL.US,5,20211011,191500,14.021,14.021,14.021,14.021,1500,0
UNL.US,5,20211011,192000,14.001,14.001,14.001,14.001,122,0
UNL.US,5,20211011,201000,13.83,13.83,13.83,13.83,173,0
UNL.US,5,20211011,202000,13.862,13.862,13.862,13.862,100,0
UNL.US,5,20211011,204000,13.975,13.975,13.975,13.975,800,0
UNL.US,5,20211011,211500,14,14.01,13.99,14.0023,7735,0
UNL.US,5,20211011,212000,13.971,13.9885,13.97,13.97,960,0
UNL.US,5,20211011,213000,13.99,13.99,13.99,13.99,2153,0
UNL.US,5,20211011,214000,14,14,14,14,300,0
UNL.US,5,20211011,215500,13.9999,13.9999,13.96,13.96,706,0
UNL.US,5,20211012,153000,13.79,13.8214,13.79,13.8,2295,0
UNL.US,5,20211012,153500,13.8,13.81,13.8,13.81,350,0
UNL.US,5,20211012,154000,13.87,13.94,13.87,13.94,650,0
UNL.US,5,20211012,154500,13.9205,13.9205,13.9205,13.9205,200,0
UNL.US,5,20211012,155000,13.95,13.95,13.95,13.95,910,0
UNL.US,5,20211012,161000,13.895,13.919,13.895,13.919,1227,0
UNL.US,5,20211012,162500,13.871,13.871,13.871,13.871,150,0
UNL.US,5,20211012,163500,13.95,13.9923,13.95,13.9923,1900,0
UNL.US,5,20211012,170500,13.98,13.98,13.97,13.97,457,0
UNL.US,5,20211012,171000,13.97,13.97,13.94,13.94,4245,0
UNL.US,5,20211012,173000,13.99,13.99,13.99,13.99,100,0
UNL.US,5,20211012,173500,13.99,13.999,13.99,13.999,200,0
UNL.US,5,20211012,174000,14.02,14.02,14.02,14.02,100,0
UNL.US,5,20211012,175000,13.9899,13.9899,13.9899,13.9899,1000,0
UNL.US,5,20211012,180500,14.09,14.09,14.06,14.06,700,0
UNL.US,5,20211012,181000,14.09,14.09,14.09,14.09,100,0
UNL.US,5,20211012,184500,14.14,14.14,14.14,14.14,100,0
UNL.US,5,20211012,185500,14.16,14.17,14.16,14.16,519,0
UNL.US,5,20211012,190000,14.1082,14.1082,14.1082,14.1082,200,0
UNL.US,5,20211012,193000,14.2019,14.2019,14.2019,14.2019,100,0
UNL.US,5,20211012,195500,14.199,14.199,14.199,14.199,100,0
UNL.US,5,20211012,204500,14.21,14.21,14.21,14.21,200,0
UNL.US,5,20211012,210000,14.2093,14.2093,14.2093,14.2093,400,0
UNL.US,5,20211012,210500,14.14,14.1699,14.14,14.1699,2300,0
UNL.US,5,20211012,213500,14.15,14.15,14.15,14.15,200,0
UNL.US,5,20211012,215500,14.13,14.15,14.13,14.15,200,0
UNL.US,5,20211013,153000,14.19,14.19,14.19,14.19,189,0
UNL.US,5,20211013,154500,14.142,14.142,14.142,14.142,500,0
UNL.US,5,20211013,155000,14.105,14.105,14.105,14.105,150,0
UNL.US,5,20211013,155500,14.08,14.15,14.08,14.15,909,0
UNL.US,5,20211013,160000,14.23,14.23,14.23,14.23,100,0
UNL.US,5,20211013,160500,14.24,14.24,14.1791,14.1791,2700,0
UNL.US,5,20211013,161000,14.18,14.18,14.15,14.15,212,0
UNL.US,5,20211013,161500,14.09,14.09,14.09,14.09,100,0
UNL.US,5,20211013,163000,14.09,14.09,14.09,14.09,450,0
UNL.US,5,20211013,172500,14.1,14.12,14.1,14.12,200,0
UNL.US,5,20211013,173000,14.11,14.11,14.11,14.11,1000,0
UNL.US,5,20211013,173500,14.11,14.11,14.11,14.11,100,0
UNL.US,5,20211013,175000,14.24,14.24,14.24,14.24,1413,0
UNL.US,5,20211013,181000,14.115,14.115,14.115,14.115,150,0
UNL.US,5,20211013,182500,14.19,14.195,14.181,14.195,537,0
UNL.US,5,20211013,184000,14.214,14.219,14.214,14.219,300,0
UNL.US,5,20211013,184500,14.2,14.2,14.2,14.2,100,0
UNL.US,5,20211013,192000,14.3321,14.3321,14.3321,14.3321,3945,0
UNL.US,5,20211013,192500,14.33,14.33,14.33,14.33,100,0
UNL.US,5,20211013,195000,14.3438,14.3438,14.3438,14.3438,208,0
UNL.US,5,20211013,202000,14.44,14.44,14.44,14.44,220,0
UNL.US,5,20211013,202500,14.475,14.475,14.475,14.475,302,0
UNL.US,5,20211013,210000,14.6,14.605,14.6,14.605,920,0
UNL.US,5,20211013,210500,14.6298,14.66,14.6298,14.66,467,0
UNL.US,5,20211013,211000,14.695,14.7028,14.695,14.7028,700,0
UNL.US,5,20211013,212500,14.66,14.66,14.66,14.66,100,0
UNL.US,5,20211013,214000,14.66,14.66,14.63,14.6399,1721,0
UNL.US,5,20211013,214500,14.64,14.64,14.62,14.62,4100,0
UNL.US,5,20211013,215000,14.67,14.67,14.635,14.635,900,0
UNL.US,5,20211013,215500,14.68,14.69,14.68,14.68,538,0
UNL.US,5,20211014,153000,14.97,14.97,14.905,14.905,2024,0
UNL.US,5,20211014,154000,14.9,14.9199,14.86,14.9199,519,0
UNL.US,5,20211014,155500,14.9282,14.96,14.92,14.9391,2840,0
UNL.US,5,20211014,160000,14.9695,14.9695,14.9695,14.9695,330,0
UNL.US,5,20211014,160500,14.969,14.969,14.969,14.969,202,0
UNL.US,5,20211014,161500,14.94,14.94,14.94,14.94,600,0
UNL.US,5,20211014,162000,14.949,14.96,14.949,14.96,700,0
UNL.US,5,20211014,162500,14.959,14.9699,14.959,14.9699,2200,0
UNL.US,5,20211014,163000,14.97,15.22,14.97,15.04,5810,0
UNL.US,5,20211014,164000,15.12,15.12,15.12,15.12,300,0
UNL.US,5,20211014,164500,15.13,15.13,15.1288,15.1299,3900,0
UNL.US,5,20211014,165000,15.1,15.11,15.06,15.06,500,0
UNL.US,5,20211014,165500,15.0573,15.0573,15.0573,15.0573,100,0
UNL.US,5,20211014,170000,15.015,15.015,15.015,15.015,750,0
UNL.US,5,20211014,171000,15,15.02,15,15.02,1600,0
UNL.US,5,20211014,172500,15.019,15.019,15.019,15.019,100,0
UNL.US,5,20211014,173000,15,15,15,15,400,0
UNL.US,5,20211014,173500,14.97,14.98,14.97,14.98,200,0
UNL.US,5,20211014,174000,14.96,14.96,14.96,14.96,219,0
UNL.US,5,20211014,175500,14.94,14.94,14.911,14.931,6000,0
UNL.US,5,20211014,180000,14.99,15,14.99,15,600,0
UNL.US,5,20211014,180500,15,15,15,15,6066,0
UNL.US,5,20211014,181000,14.929,14.929,14.91,14.91,250,0
UNL.US,5,20211014,181500,14.9,14.9,14.7104,14.78,4049,0
UNL.US,5,20211014,182000,14.76,14.76,14.76,14.76,100,0
UNL.US,5,20211014,190000,14.88,14.88,14.88,14.88,220,0
UNL.US,5,20211014,191000,14.91,14.91,14.85,14.85,200,0
UNL.US,5,20211014,194500,14.8899,14.8899,14.8899,14.8899,200,0
UNL.US,5,20211014,200000,14.8655,14.8655,14.8655,14.8655,1000,0
UNL.US,5,20211014,200500,14.83,14.83,14.83,14.83,100,0
UNL.US,5,20211014,201000,14.78,14.799,14.78,14.78,414,0
UNL.US,5,20211014,201500,14.7,14.7,14.7,14.7,1467,0
UNL.US,5,20211014,204000,14.64,14.64,14.64,14.64,346,0
UNL.US,5,20211014,205500,14.56,14.56,14.56,14.56,200,0
UNL.US,5,20211014,213000,14.59,14.59,14.59,14.59,200,0
UNL.US,5,20211014,214000,14.61,14.61,14.61,14.61,100,0
UNL.US,5,20211014,215000,14.66,14.66,14.66,14.66,100,0
UNL.US,5,20211014,215500,14.69,14.69,14.69,14.69,129,0
UNL.US,5,20211015,153000,14.5,14.5,14.38,14.4158,3575,0
UNL.US,5,20211015,154500,14.43,14.43,14.43,14.43,100,0
UNL.US,5,20211015,155000,14.4,14.4,14.39,14.39,946,0
UNL.US,5,20211015,155500,14.39,14.39,14.39,14.39,121,0
UNL.US,5,20211015,160000,14.43,14.43,14.43,14.43,350,0
UNL.US,5,20211015,160500,14.449,14.449,14.449,14.449,100,0
UNL.US,5,20211015,161000,14.45,14.45,14.45,14.45,345,0
UNL.US,5,20211015,162000,14.4278,14.4278,14.4278,14.4278,100,0
UNL.US,5,20211015,163500,14.51,14.51,14.51,14.51,100,0
UNL.US,5,20211015,171000,14.619,14.619,14.619,14.619,500,0
UNL.US,5,20211015,171500,14.59,14.59,14.57,14.57,400,0
UNL.US,5,20211015,172000,14.5964,14.5964,14.5964,14.5964,200,0
UNL.US,5,20211015,173000,14.52,14.52,14.51,14.51,690,0
UNL.US,5,20211015,174500,14.45,14.45,14.45,14.45,100,0
UNL.US,5,20211015,180500,14.52,14.52,14.52,14.52,700,0
UNL.US,5,20211015,181500,14.559,14.559,14.53,14.53,300,0
UNL.US,5,20211015,183500,14.49,14.51,14.49,14.5,400,0
UNL.US,5,20211015,185000,14.49,14.49,14.49,14.49,100,0
UNL.US,5,20211015,185500,14.493,14.493,14.493,14.493,100,0
UNL.US,5,20211015,193000,14.5,14.5,14.5,14.5,100,0
UNL.US,5,20211015,193500,14.49,14.49,14.49,14.49,100,0
UNL.US,5,20211015,200000,14.471,14.474,14.471,14.474,1300,0
UNL.US,5,20211015,202500,14.4,14.4,14.4,14.4,250,0
UNL.US,5,20211015,204000,14.4118,14.4118,14.4118,14.4118,200,0
UNL.US,5,20211015,205000,14.44,14.44,14.411,14.411,7327,0
UNL.US,5,20211015,205500,14.47,14.47,14.47,14.47,100,0
UNL.US,5,20211015,213000,14.44,14.45,14.44,14.45,499,0
UNL.US,5,20211015,215000,14.449,14.449,14.449,14.449,220,0
UNL.US,5,20211015,215500,14.43,14.43,14.43,14.43,161,0
UNL.US,5,20211018,153000,14.13,14.13,14.13,14.13,650,0
UNL.US,5,20211018,153500,14.1,14.1,14.1,14.1,100,0
UNL.US,5,20211018,154500,14.08,14.099,13.94,14.079,6300,0
UNL.US,5,20211018,155500,13.98,14.079,13.98,14.079,2082,0
UNL.US,5,20211018,160000,14.11,14.11,14.065,14.065,530,0
UNL.US,5,20211018,160500,14.09,14.09,14.09,14.09,300,0
UNL.US,5,20211018,161000,14.119,14.119,14.085,14.085,520,0
UNL.US,5,20211018,161500,14.1592,14.1592,14.1592,14.1592,500,0
UNL.US,5,20211018,162500,14.149,14.149,14.149,14.149,200,0
UNL.US,5,20211018,163500,14.13,14.16,14.13,14.16,309,0
UNL.US,5,20211018,164000,14.145,14.177,14.145,14.177,300,0
UNL.US,5,20211018,165000,14.21,14.21,14.21,14.21,5289,0
UNL.US,5,20211018,170500,14.25,14.28,14.248,14.248,775,0
UNL.US,5,20211018,171000,14.21,14.21,14.21,14.21,320,0
UNL.US,5,20211018,171500,14.2299,14.2299,14.2299,14.2299,300,0
UNL.US,5,20211018,172000,14.21,14.21,14.1932,14.1932,2000,0
UNL.US,5,20211018,173500,14.09,14.09,14.09,14.09,100,0
UNL.US,5,20211018,175500,14.13,14.13,14.13,14.13,200,0
UNL.US,5,20211018,180000,14.1299,14.1299,14.1299,14.1299,100,0
UNL.US,5,20211018,181500,14.08,14.08,14.08,14.08,200,0
UNL.US,5,20211018,182000,14.02,14.02,14.02,14.02,100,0
UNL.US,5,20211018,183500,14.09,14.09,14.09,14.09,700,0
UNL.US,5,20211018,190000,14.07,14.07,14.07,14.07,100,0
UNL.US,5,20211018,190500,14.04,14.04,14.04,14.04,100,0
UNL.US,5,20211018,191000,14.04,14.04,14.0101,14.0101,206,0
UNL.US,5,20211018,191500,14.035,14.035,14.035,14.035,300,0
UNL.US,5,20211018,192000,14.03,14.03,14.03,14.03,100,0
UNL.US,5,20211018,192500,14.02,14.02,14.02,14.02,100,0
UNL.US,5,20211018,195000,13.99,13.99,13.99,13.99,400,0
UNL.US,5,20211018,195500,13.97,13.97,13.97,13.97,239,0
UNL.US,5,20211018,200000,13.88,13.88,13.87,13.87,300,0
UNL.US,5,20211018,202000,13.83,13.83,13.74,13.74,400,0
UNL.US,5,20211018,202500,13.75,13.7928,13.75,13.7928,5634,0
UNL.US,5,20211018,203000,13.73,13.73,13.73,13.73,100,0
UNL.US,5,20211018,204500,13.7592,13.7592,13.7592,13.7592,100,0
UNL.US,5,20211018,205000,13.8075,13.8075,13.8038,13.8038,797,0
UNL.US,5,20211018,205500,13.765,13.765,13.76,13.76,245,0
UNL.US,5,20211018,213000,13.75,13.75,13.75,13.75,200,0
UNL.US,5,20211018,213500,13.749,13.749,13.749,13.749,300,0
UNL.US,5,20211018,214000,13.69,13.69,13.69,13.69,693,0
UNL.US,5,20211018,215000,13.7199,13.77,13.7177,13.742,8510,0
UNL.US,5,20211018,215500,13.67,13.67,13.67,13.67,230,0
UNL.US,5,20211019,153000,13.68,13.68,13.5,13.579,4094,0
UNL.US,5,20211019,153500,13.58,13.58,13.58,13.58,100,0
UNL.US,5,20211019,154000,13.6,13.6,13.6,13.6,100,0
UNL.US,5,20211019,154500,13.7,13.7,13.7,13.7,100,0
UNL.US,5,20211019,155500,13.699,13.699,13.64,13.64,410,0
UNL.US,5,20211019,160500,13.62,13.62,13.6,13.6,2600,0
UNL.US,5,20211019,161000,13.6,13.615,13.6,13.615,695,0
UNL.US,5,20211019,164000,13.6,13.6,13.6,13.6,100,0
UNL.US,5,20211019,164500,13.66,13.689,13.66,13.689,1100,0
UNL.US,5,20211019,165000,13.67,13.67,13.655,13.655,500,0
UNL.US,5,20211019,172500,13.66,13.66,13.66,13.66,100,0
UNL.US,5,20211019,173500,13.8272,13.8272,13.8272,13.8272,200,0
UNL.US,5,20211019,180500,13.77,13.82,13.77,13.82,1116,0
UNL.US,5,20211019,182000,13.81,13.81,13.81,13.81,200,0
UNL.US,5,20211019,192000,13.84,13.84,13.84,13.84,160,0
UNL.US,5,20211019,194500,13.82,13.839,13.7995,13.839,662,0
UNL.US,5,20211019,200000,13.81,13.81,13.791,13.791,3400,0
UNL.US,5,20211019,204000,13.865,13.865,13.865,13.865,1000,0
UNL.US,5,20211019,204500,13.855,13.855,13.855,13.855,1000,0
UNL.US,5,20211019,210500,13.84,13.84,13.84,13.84,500,0
UNL.US,5,20211019,212000,13.77,13.77,13.77,13.77,200,0
UNL.US,5,20211019,214000,13.79,13.82,13.7845,13.7845,7586,0
UNL.US,5,20211019,215500,13.82,13.82,13.82,13.82,188,0
UNL.US,5,20211020,153000,13.5,13.6,13.5,13.6,807,0
UNL.US,5,20211020,154500,13.6899,13.6899,13.6899,13.6899,200,0
UNL.US,5,20211020,155000,13.72,13.73,13.72,13.73,552,0
UNL.US,5,20211020,155500,13.7579,13.7579,13.7579,13.7579,434,0
UNL.US,5,20211020,161000,13.715,13.715,13.715,13.715,100,0
UNL.US,5,20211020,161500,13.7101,13.7101,13.7101,13.7101,4000,0
UNL.US,5,20211020,162000,13.77,13.77,13.7696,13.7696,1116,0
UNL.US,5,20211020,165000,13.96,13.96,13.96,13.96,260,0
UNL.US,5,20211020,165500,13.93,13.93,13.93,13.93,265,0
UNL.US,5,20211020,174500,13.91,13.91,13.91,13.91,170,0
UNL.US,5,20211020,181000,13.91,13.91,13.89,13.89,1400,0
UNL.US,5,20211020,183000,13.96,13.99,13.96,13.988,3000,0
UNL.US,5,20211020,183500,13.98,13.98,13.95,13.98,4600,0
UNL.US,5,20211020,184500,13.91,13.91,13.91,13.91,100,0
UNL.US,5,20211020,191500,13.98,13.98,13.98,13.98,200,0
UNL.US,5,20211020,193000,14.02,14.02,14.02,14.02,100,0
UNL.US,5,20211020,194500,14.01,14.01,14,14,900,0
UNL.US,5,20211020,200500,14,14,13.99,13.99,1000,0
UNL.US,5,20211020,201000,13.99,13.99,13.99,13.99,100,0
UNL.US,5,20211020,205500,13.97,13.99,13.97,13.99,679,0
UNL.US,5,20211020,210500,13.99,13.99,13.99,13.99,100,0
UNL.US,5,20211020,211000,13.9557,13.9557,13.9557,13.9557,250,0
UNL.US,5,20211020,215500,14.02,14.04,13.98,14.04,1333,0
UNL.US,5,20211021,153000,14.01,14.01,14.01,14.01,109,0
UNL.US,5,20211021,154000,13.9599,13.9599,13.9599,13.9599,100,0
UNL.US,5,20211021,155500,13.91,13.91,13.91,13.91,886,0
UNL.US,5,20211021,161500,13.93,13.93,13.93,13.93,235,0
UNL.US,5,20211021,162000,13.95,13.95,13.95,13.95,100,0
UNL.US,5,20211021,163000,13.93,13.93,13.93,13.93,700,0
UNL.US,5,20211021,164000,13.93,13.93,13.929,13.93,600,0
UNL.US,5,20211021,165500,13.85,13.85,13.85,13.85,100,0
UNL.US,5,20211021,171000,13.8442,13.8442,13.8442,13.8442,350,0
UNL.US,5,20211021,172000,13.833,13.833,13.833,13.833,450,0
UNL.US,5,20211021,173000,13.8,13.8,13.8,13.8,700,0
UNL.US,5,20211021,173500,13.83,13.83,13.83,13.83,100,0
UNL.US,5,20211021,174000,13.88,13.909,13.8707,13.89,1550,0
UNL.US,5,20211021,174500,13.9,13.91,13.9,13.91,200,0
UNL.US,5,20211021,175000,13.9,13.9,13.9,13.9,747,0
UNL.US,5,20211021,182500,13.8905,13.8905,13.8905,13.8905,300,0
UNL.US,5,20211021,184500,13.89,13.9,13.88,13.88,1300,0
UNL.US,5,20211021,194000,14.02,14.02,14.02,14.02,220,0
UNL.US,5,20211021,200000,13.9819,13.9819,13.9819,13.9819,200,0
UNL.US,5,20211021,200500,14,14,14,14,1000,0
UNL.US,5,20211021,201500,13.99,13.99,13.99,13.99,100,0
UNL.US,5,20211021,203500,13.96,13.96,13.951,13.96,1275,0
UNL.US,5,20211021,205500,13.96,13.96,13.96,13.96,225,0
UNL.US,5,20211021,210500,14.01,14.01,14.01,14.01,442,0
UNL.US,5,20211021,213000,14.08,14.089,14.08,14.089,500,0
UNL.US,5,20211021,213500,14.07,14.07,14.07,14.07,100,0
UNL.US,5,20211021,215500,14.1,14.1,14.1,14.1,194,0
UNL.US,5,20211022,153000,14.23,14.28,14.23,14.28,1444,0
UNL.US,5,20211022,154000,14.2301,14.2301,14.2301,14.2301,100,0
UNL.US,5,20211022,160000,14.27,14.27,14.27,14.27,885,0
UNL.US,5,20211022,162000,14.1,14.1,14.1,14.1,100,0
UNL.US,5,20211022,163000,14.1,14.1,14.1,14.1,100,0
UNL.US,5,20211022,174000,13.98,13.98,13.98,13.98,100,0
UNL.US,5,20211022,175000,13.93,13.93,13.93,13.93,500,0
UNL.US,5,20211022,175500,13.95,13.95,13.95,13.95,100,0
UNL.US,5,20211022,182500,13.93,13.93,13.93,13.93,100,0
UNL.US,5,20211022,183500,13.93,13.93,13.91,13.91,200,0
UNL.US,5,20211022,184000,13.945,13.945,13.945,13.945,1078,0
UNL.US,5,20211022,195000,14,14,14,14,861,0
UNL.US,5,20211022,203000,14.06,14.06,14.049,14.049,7142,0
UNL.US,5,20211022,203500,14.08,14.08,14.08,14.08,1773,0
UNL.US,5,20211022,204000,14.025,14.025,14.025,14.025,569,0
UNL.US,5,20211022,205000,14.001,14.059,14.001,14.05,1570,0
UNL.US,5,20211022,212500,14.06,14.08,14.06,14.08,200,0
UNL.US,5,20211022,213500,14.13,14.14,14.1299,14.14,11033,0
UNL.US,5,20211022,215500,14.16,14.17,14.16,14.17,200,0
UNL.US,5,20211025,153000,14.88,14.88,14.635,14.635,1091,0
UNL.US,5,20211025,153500,14.65,14.65,14.65,14.65,100,0
UNL.US,5,20211025,154500,14.614,14.614,14.614,14.614,100,0
UNL.US,5,20211025,155000,14.71,14.72,14.71,14.71,5600,0
UNL.US,5,20211025,155500,14.71,14.71,14.7083,14.7083,400,0
UNL.US,5,20211025,160000,14.779,14.779,14.73,14.73,486,0
UNL.US,5,20211025,161000,14.78,14.78,14.78,14.78,100,0
UNL.US,5,20211025,161500,14.72,14.74,14.7193,14.74,300,0
UNL.US,5,20211025,162500,14.78,14.78,14.77,14.77,1100,0
UNL.US,5,20211025,163000,14.79,14.79,14.73,14.73,3143,0
UNL.US,5,20211025,163500,14.8,14.8,14.779,14.779,500,0
UNL.US,5,20211025,165500,14.77,14.77,14.7444,14.7444,894,0
UNL.US,5,20211025,170500,14.7608,14.769,14.7608,14.769,200,0
UNL.US,5,20211025,171000,14.77,14.77,14.77,14.77,133,0
UNL.US,5,20211025,172500,14.81,14.825,14.78,14.825,6289,0
UNL.US,5,20211025,173000,14.87,14.87,14.83,14.83,400,0
UNL.US,5,20211025,175500,14.899,14.899,14.8665,14.8665,1954,0
UNL.US,5,20211025,180500,14.882,14.882,14.882,14.882,100,0
UNL.US,5,20211025,182500,14.92,14.92,14.92,14.92,400,0
UNL.US,5,20211025,184500,15,15.05,15,15.05,200,0
UNL.US,5,20211025,185000,15.05,15.05,15.04,15.04,406,0
UNL.US,5,20211025,185500,14.982,14.982,14.982,14.982,100,0
UNL.US,5,20211025,190000,14.96,14.96,14.96,14.96,100,0
UNL.US,5,20211025,190500,14.9991,14.9991,14.9991,14.9991,750,0
UNL.US,5,20211025,191000,14.96,14.96,14.95,14.95,1140,0
UNL.US,5,20211025,192000,15.009,15.009,15.009,15.009,150,0
UNL.US,5,20211025,193500,14.91,14.91,14.9,14.9002,500,0
UNL.US,5,20211025,194000,14.9,14.9,14.9,14.9,550,0
UNL.US,5,20211025,194500,14.83,14.83,14.83,14.83,200,0
UNL.US,5,20211025,200000,14.77,14.77,14.71,14.71,900,0
UNL.US,5,20211025,200500,14.74,14.76,14.72,14.76,1503,0
UNL.US,5,20211025,205000,15.043,15.05,15.015,15.015,1900,0
UNL.US,5,20211025,211500,15.09,15.09,15.09,15.09,500,0
UNL.US,5,20211025,212000,15.16,15.16,15.11,15.11,456,0
UNL.US,5,20211025,212500,15.04,15.04,15.04,15.04,300,0
UNL.US,5,20211025,213000,15.02,15.02,15.01,15.02,1744,0
UNL.US,5,20211025,213500,15.03,15.03,15.02,15.02,500,0
UNL.US,5,20211025,215500,15.09,15.13,15.09,15.13,1050,0
UNL.US,5,20211026,153000,14.95,14.95,14.65,14.6852,3734,0
UNL.US,5,20211026,153500,14.65,14.65,14.63,14.63,200,0
UNL.US,5,20211026,155000,14.625,14.65,14.625,14.63,815,0
UNL.US,5,20211026,155500,14.52,14.52,14.48,14.48,1300,0
UNL.US,5,20211026,161000,14.539,14.539,14.539,14.539,100,0
UNL.US,5,20211026,162500,14.53,14.53,14.53,14.53,100,0
UNL.US,5,20211026,164500,14.62,14.622,14.62,14.622,700,0
UNL.US,5,20211026,165000,14.74,14.74,14.74,14.74,100,0
UNL.US,5,20211026,165500,14.6897,14.69,14.68,14.69,1072,0
UNL.US,5,20211026,170000,14.6925,14.6925,14.69,14.69,200,0
UNL.US,5,20211026,171500,14.62,14.62,14.62,14.62,100,0
UNL.US,5,20211026,172000,14.625,14.625,14.601,14.61,967,0
UNL.US,5,20211026,173000,14.64,14.64,14.64,14.64,172,0
UNL.US,5,20211026,175500,14.76,14.76,14.76,14.76,100,0
UNL.US,5,20211026,182000,14.84,14.84,14.84,14.84,200,0
UNL.US,5,20211026,182500,14.81,14.81,14.8,14.8,1800,0
UNL.US,5,20211026,183000,14.78,14.78,14.78,14.78,225,0
UNL.US,5,20211026,185000,14.84,14.84,14.84,14.84,100,0
UNL.US,5,20211026,191000,14.87,14.88,14.87,14.88,200,0
UNL.US,5,20211026,201500,14.88,14.89,14.88,14.89,200,0
UNL.US,5,20211026,202500,14.88,14.89,14.88,14.89,1616,0
UNL.US,5,20211026,204000,14.92,14.929,14.91,14.929,300,0
UNL.US,5,20211026,205000,14.9,14.9,14.9,14.9,400,0
UNL.US,5,20211026,205500,14.888,14.89,14.885,14.885,9000,0
UNL.US,5,20211026,210000,14.85,14.859,14.85,14.858,670,0
UNL.US,5,20211026,215000,14.87,14.87,14.87,14.87,1000,0
UNL.US,5,20211026,215500,14.882,14.89,14.882,14.89,339,0
UNL.US,5,20211027,153000,15.1,15.22,15.1,15.18,903,0
UNL.US,5,20211027,153500,15.189,15.189,15.189,15.189,1000,0
UNL.US,5,20211027,154000,15.15,15.15,15.15,15.15,431,0
UNL.US,5,20211027,154500,15.16,15.16,15.16,15.16,655,0
UNL.US,5,20211027,155500,15.08,15.08,15.08,15.08,100,0
UNL.US,5,20211027,160000,15.105,15.105,15.105,15.105,413,0
UNL.US,5,20211027,160500,15.065,15.065,15.065,15.065,3000,0
UNL.US,5,20211027,161500,15.02,15.0699,14.995,15.0699,400,0
UNL.US,5,20211027,165000,14.9999,14.9999,14.99,14.9999,10059,0
UNL.US,5,20211027,165500,14.96,14.99,14.95,14.99,300,0
UNL.US,5,20211027,170500,15,15,15,15,100,0
UNL.US,5,20211027,173000,14.94,14.945,14.92,14.92,700,0
UNL.US,5,20211027,174500,14.9,14.9,14.9,14.9,1100,0
UNL.US,5,20211027,180000,14.73,14.73,14.72,14.72,1500,0
UNL.US,5,20211027,182000,14.85,14.85,14.85,14.85,200,0
UNL.US,5,20211027,194000,15.17,15.17,15.17,15.17,1584,0
UNL.US,5,20211027,200000,15.247,15.247,15.247,15.247,430,0
UNL.US,5,20211027,200500,15.22,15.22,15.22,15.22,100,0
UNL.US,5,20211027,201500,15.2795,15.28,15.2795,15.28,200,0
UNL.US,5,20211027,210000,15.15,15.15,15.15,15.15,100,0
UNL.US,5,20211027,210500,15.16,15.16,15.16,15.16,228,0
UNL.US,5,20211027,212500,15.1,15.1,15.03,15.03,800,0
UNL.US,5,20211027,214500,15.04,15.04,15.04,15.04,100,0
UNL.US,5,20211027,215000,15.06,15.06,15.02,15.02,200,0
UNL.US,5,20211027,215500,15,15.07,15,15.07,359,0
UNL.US,5,20211028,153000,14.66,14.66,14.6201,14.6201,1525,0
UNL.US,5,20211028,153500,14.6856,14.71,14.6856,14.71,600,0
UNL.US,5,20211028,154000,14.72,14.72,14.72,14.72,125,0
UNL.US,5,20211028,154500,14.72,14.72,14.72,14.72,500,0
UNL.US,5,20211028,155500,14.73,14.75,14.73,14.75,1275,0
UNL.US,5,20211028,160000,14.651,14.651,14.651,14.651,1000,0
UNL.US,5,20211028,161500,14.66,14.66,14.66,14.66,116,0
UNL.US,5,20211028,162000,14.68,14.6806,14.68,14.6806,700,0
UNL.US,5,20211028,162500,14.665,14.665,14.665,14.665,100,0
UNL.US,5,20211028,163500,14.6317,14.68,14.6317,14.68,661,0
UNL.US,5,20211028,164000,14.6,14.6,14.6,14.6,500,0
UNL.US,5,20211028,171000,14.54,14.54,14.48,14.48,1200,0
UNL.US,5,20211028,171500,14.519,14.519,14.485,14.485,1396,0
UNL.US,5,20211028,172000,14.529,14.529,14.529,14.529,100,0
UNL.US,5,20211028,172500,14.5,14.5,14.5,14.5,100,0
UNL.US,5,20211028,173000,14.471,14.471,14.471,14.471,100,0
UNL.US,5,20211028,181000,14.48,14.48,14.43,14.43,4600,0
UNL.US,5,20211028,181500,14.45,14.47,14.45,14.47,800,0
UNL.US,5,20211028,182000,14.52,14.52,14.52,14.52,100,0
UNL.US,5,20211028,182500,14.6,14.6,14.6,14.6,100,0
UNL.US,5,20211028,184000,14.61,14.61,14.61,14.61,110,0
UNL.US,5,20211028,190000,14.64,14.65,14.64,14.65,600,0
UNL.US,5,20211028,191000,14.62,14.62,14.62,14.62,200,0
UNL.US,5,20211028,191500,14.545,14.545,14.545,14.545,350,0
UNL.US,5,20211028,194000,14.629,14.629,14.629,14.629,500,0
UNL.US,5,20211028,200000,14.6049,14.6049,14.6049,14.6049,800,0
UNL.US,5,20211028,201000,14.6089,14.6089,14.6089,14.6089,341,0
UNL.US,5,20211028,204000,14.51,14.51,14.5,14.51,3500,0
UNL.US,5,20211028,210500,14.5,14.5,14.5,14.5,306,0
UNL.US,5,20211028,212000,14.53,14.54,14.49,14.49,1504,0
UNL.US,5,20211028,212500,14.51,14.51,14.51,14.51,200,0
UNL.US,5,20211028,214000,14.515,14.515,14.515,14.515,250,0
UNL.US,5,20211028,215000,14.545,14.545,14.545,14.545,203,0
UNL.US,5,20211028,215500,14.59,14.619,14.53,14.53,1732,0
UNL.US,5,20211029,153000,14.36,14.36,14.21,14.28,1841,0
UNL.US,5,20211029,153500,14.28,14.28,14.28,14.28,116,0
UNL.US,5,20211029,154000,14.28,14.28,14.28,14.28,100,0
UNL.US,5,20211029,155000,14.33,14.37,14.321,14.37,1148,0
UNL.US,5,20211029,161500,14.23,14.23,14.23,14.23,1000,0
UNL.US,5,20211029,164000,14.31,14.31,14.31,14.31,731,0
UNL.US,5,20211029,171500,14.2701,14.2701,14.2633,14.2633,1429,0
UNL.US,5,20211029,175500,14.2528,14.2528,14.2528,14.2528,570,0
UNL.US,5,20211029,180500,14.211,14.211,14.211,14.211,730,0
UNL.US,5,20211029,183000,14.26,14.31,14.255,14.31,3680,0
UNL.US,5,20211029,185000,14.24,14.24,14.24,14.24,100,0
UNL.US,5,20211029,190000,14.22,14.22,14.22,14.22,100,0
UNL.US,5,20211029,191000,14.1985,14.1985,14.1985,14.1985,100,0
UNL.US,5,20211029,192000,14.1,14.117,14.1,14.117,200,0
UNL.US,5,20211029,192500,14.0903,14.0903,14.0903,14.0903,400,0
UNL.US,5,20211029,200500,14.12,14.12,14.1,14.1,2100,0
UNL.US,5,20211029,203000,14.097,14.097,14.097,14.097,100,0
UNL.US,5,20211029,203500,14.15,14.1816,14.15,14.1816,390,0
UNL.US,5,20211029,210500,14.16,14.18,14.16,14.18,945,0
UNL.US,5,20211029,212500,14.1984,14.1984,14.1984,14.1984,500,0
UNL.US,5,20211029,214000,14.15,14.15,14.14,14.14,200,0
UNL.US,5,20211029,214500,14.1875,14.1875,14.1875,14.1875,3100,0
UNL.US,5,20211029,215000,14.191,14.191,14.19,14.19,2500,0
UNL.US,5,20211029,215500,14.24,14.27,14.24,14.27,248,0
UNL.US,5,20211101,143000,14,14,13.67,13.73,3355,0
UNL.US,5,20211101,143500,13.67,13.729,13.66,13.6887,2288,0
UNL.US,5,20211101,144000,13.695,13.695,13.695,13.695,100,0
UNL.US,5,20211101,145000,13.78,13.78,13.78,13.78,363,0
UNL.US,5,20211101,145500,13.79,13.81,13.75,13.79,3752,0
UNL.US,5,20211101,150000,13.73,13.73,13.66,13.66,1225,0
UNL.US,5,20211101,150500,13.652,13.652,13.652,13.652,400,0
UNL.US,5,20211101,151500,13.6301,13.6301,13.615,13.63,2400,0
UNL.US,5,20211101,152000,13.65,13.65,13.65,13.65,200,0
UNL.US,5,20211101,152500,13.698,13.699,13.698,13.699,1099,0
UNL.US,5,20211101,153000,13.68,13.68,13.64,13.64,1382,0
UNL.US,5,20211101,153500,13.7,13.7,13.7,13.7,1000,0
UNL.US,5,20211101,154000,13.72,13.731,13.72,13.731,400,0
UNL.US,5,20211101,155000,13.75,13.765,13.75,13.765,550,0
UNL.US,5,20211101,155500,13.78,13.79,13.78,13.79,200,0
UNL.US,5,20211101,160500,13.81,13.81,13.81,13.81,100,0
UNL.US,5,20211101,161000,13.8,13.8,13.77,13.77,350,0
UNL.US,5,20211101,162500,13.7281,13.7281,13.7281,13.7281,325,0
UNL.US,5,20211101,170000,13.745,13.77,13.745,13.77,700,0
UNL.US,5,20211101,171000,13.72,13.72,13.72,13.72,143,0
UNL.US,5,20211101,173500,13.6,13.6,13.6,13.6,300,0
UNL.US,5,20211101,174000,13.57,13.57,13.57,13.57,100,0
UNL.US,5,20211101,180500,13.52,13.52,13.5,13.5,300,0
UNL.US,5,20211101,181000,13.5,13.5,13.5,13.5,329,0
UNL.US,5,20211101,181500,13.49,13.49,13.49,13.49,860,0
UNL.US,5,20211101,182000,13.5299,13.53,13.525,13.525,800,0
UNL.US,5,20211101,183000,13.525,13.525,13.525,13.525,442,0
UNL.US,5,20211101,184500,13.53,13.54,13.53,13.54,236,0
UNL.US,5,20211101,185000,13.54,13.54,13.54,13.54,1000,0
UNL.US,5,20211101,190500,13.51,13.51,13.51,13.51,100,0
UNL.US,5,20211101,192500,13.53,13.53,13.53,13.53,253,0
UNL.US,5,20211101,194000,13.51,13.51,13.51,13.51,100,0
UNL.US,5,20211101,194500,13.5,13.5,13.5,13.5,490,0
UNL.US,5,20211101,195000,13.44,13.44,13.391,13.391,300,0
UNL.US,5,20211101,200000,13.41,13.41,13.41,13.41,100,0
UNL.US,5,20211101,204000,13.52,13.52,13.52,13.52,100,0
UNL.US,5,20211101,205000,13.4609,13.4609,13.4609,13.4609,200,0
UNL.US,5,20211101,205500,13.485,13.485,13.485,13.485,909,0
UNL.US,5,20211102,143000,13.75,13.86,13.75,13.86,2328,0
UNL.US,5,20211102,151000,13.8977,13.8977,13.8977,13.8977,100,0
UNL.US,5,20211102,151500,13.9,13.92,13.9,13.92,637,0
UNL.US,5,20211102,153500,13.969,13.969,13.969,13.969,107,0
UNL.US,5,20211102,154500,13.93,13.93,13.93,13.93,1000,0
UNL.US,5,20211102,155500,13.95,13.95,13.92,13.93,3860,0
UNL.US,5,20211102,161500,13.94,13.94,13.94,13.94,100,0
UNL.US,5,20211102,162000,13.95,13.95,13.95,13.95,267,0
UNL.US,5,20211102,162500,13.93,13.93,13.93,13.93,100,0
UNL.US,5,20211102,170000,13.838,13.838,13.838,13.838,100,0
UNL.US,5,20211102,172500,13.89,13.8901,13.88,13.8901,1480,0
UNL.US,5,20211102,173000,13.98,14,13.98,14,200,0
UNL.US,5,20211102,174500,14.09,14.13,14.09,14.13,1300,0
UNL.US,5,20211102,175000,14.13,14.15,14.13,14.15,400,0
UNL.US,5,20211102,183000,14.04,14.04,14.04,14.04,217,0
UNL.US,5,20211102,183500,14.07,14.07,14.07,14.07,178,0
UNL.US,5,20211102,185500,14.055,14.055,14.055,14.055,600,0
UNL.US,5,20211102,192500,14.19,14.19,14.19,14.19,100,0
UNL.US,5,20211102,195500,14.13,14.13,14.13,14.13,100,0
UNL.US,5,20211102,200000,14.12,14.1319,14.11,14.1319,800,0
UNL.US,5,20211102,200500,14.1048,14.1048,14.1048,14.1048,1000,0
UNL.US,5,20211102,204500,14.11,14.11,14.095,14.095,200,0
UNL.US,5,20211103,143000,14.08,14.08,14.08,14.08,1125,0
UNL.US,5,20211103,143500,14.07,14.07,14.07,14.07,100,0
UNL.US,5,20211103,144500,14.27,14.27,14.27,14.27,400,0
UNL.US,5,20211103,152000,14.2499,14.2499,14.19,14.19,1100,0
UNL.US,5,20211103,154500,14.25,14.25,14.25,14.25,100,0
UNL.US,5,20211103,155500,14.26,14.26,14.26,14.26,135,0
UNL.US,5,20211103,162500,14.25,14.25,14.25,14.25,100,0
UNL.US,5,20211103,163500,14.29,14.3,14.29,14.3,510,0
UNL.US,5,20211103,164500,14.23,14.23,14.23,14.23,200,0
UNL.US,5,20211103,165500,14.23,14.23,14.23,14.23,100,0
UNL.US,5,20211103,170000,14.25,14.25,14.25,14.25,100,0
UNL.US,5,20211103,173000,14.3098,14.3098,14.3098,14.3098,175,0
UNL.US,5,20211103,175000,14.4,14.4,14.4,14.4,200,0
UNL.US,5,20211103,181500,14.3,14.3,14.29,14.2901,300,0
UNL.US,5,20211103,183000,14.26,14.26,14.26,14.26,100,0
UNL.US,5,20211103,184000,14.325,14.35,14.31,14.315,15754,0
UNL.US,5,20211103,190000,14.35,14.35,14.35,14.35,100,0
UNL.US,5,20211103,190500,14.39,14.39,14.39,14.39,431,0
UNL.US,5,20211103,193000,14.36,14.369,14.36,14.369,200,0
UNL.US,5,20211103,195000,14.36,14.36,14.36,14.36,100,0
UNL.US,5,20211103,203000,14.41,14.41,14.41,14.41,3100,0
UNL.US,5,20211103,205000,14.52,14.52,14.5132,14.5132,200,0
UNL.US,5,20211103,205500,14.5,14.5,14.5,14.5,110,0
UNL.US,5,20211104,143000,14.53,14.53,14.53,14.53,120,0
UNL.US,5,20211104,145000,14.5,14.5,14.5,14.5,300,0
UNL.US,5,20211104,153000,14.54,14.54,14.54,14.54,700,0
UNL.US,5,20211104,154000,14.499,14.499,14.499,14.499,120,0
UNL.US,5,20211104,155500,14.36,14.36,14.36,14.36,200,0
UNL.US,5,20211104,160500,14.3,14.3,14.3,14.3,300,0
UNL.US,5,20211104,162500,14.24,14.24,14.24,14.24,155,0
UNL.US,5,20211104,163000,14.2,14.2,14.2,14.2,210,0
UNL.US,5,20211104,164000,14.1356,14.1356,14.1356,14.1356,100,0
UNL.US,5,20211104,170500,14.1536,14.1536,14.1536,14.1536,300,0
UNL.US,5,20211104,173500,14.28,14.28,14.28,14.28,100,0
UNL.US,5,20211104,174000,14.2952,14.2952,14.2952,14.2952,150,0
UNL.US,5,20211104,175500,14.5,14.5,14.5,14.5,100,0
UNL.US,5,20211104,181000,14.4601,14.4601,14.4601,14.4601,320,0
UNL.US,5,20211104,181500,14.52,14.54,14.52,14.54,248,0
UNL.US,5,20211104,190000,14.525,14.525,14.525,14.525,290,0
UNL.US,5,20211104,193000,14.46,14.46,14.45,14.46,924,0
UNL.US,5,20211104,194500,14.409,14.409,14.409,14.409,100,0
UNL.US,5,20211104,200000,14.34,14.34,14.34,14.34,100,0
UNL.US,5,20211104,202000,14.36,14.36,14.28,14.28,700,0
UNL.US,5,20211104,203000,14.39,14.399,14.39,14.399,500,0
UNL.US,5,20211104,205000,14.41,14.41,14.41,14.41,1323,0
UNL.US,5,20211104,205500,14.46,14.469,14.46,14.46,1000,0
UNL.US,5,20211105,143000,14.31,14.31,14.21,14.22,1740,0
UNL.US,5,20211105,144000,14.245,14.245,14.245,14.245,290,0
UNL.US,5,20211105,144500,14.28,14.325,14.28,14.325,700,0
UNL.US,5,20211105,145000,14.352,14.352,14.305,14.31,1050,0
UNL.US,5,20211105,152000,14.31,14.31,14.31,14.31,200,0
UNL.US,5,20211105,163000,14.265,14.265,14.265,14.265,100,0
UNL.US,5,20211105,180500,14.355,14.355,14.355,14.355,600,0
UNL.US,5,20211105,181500,14.3526,14.3526,14.3526,14.3526,300,0
UNL.US,5,20211105,185500,14.3101,14.33,14.3101,14.33,450,0
UNL.US,5,20211105,191500,14.3201,14.3201,14.3201,14.3201,750,0
UNL.US,5,20211105,192500,14.24,14.24,14.24,14.24,158,0
UNL.US,5,20211105,203000,14.3301,14.3301,14.33,14.33,200,0
UNL.US,5,20211108,153000,14.11,14.28,14.11,14.28,1549,0
UNL.US,5,20211108,153500,14.28,14.28,14.28,14.28,350,0
UNL.US,5,20211108,154000,14.26,14.3,14.26,14.3,2090,0
UNL.US,5,20211108,155000,14.27,14.27,14.26,14.26,200,0
UNL.US,5,20211108,155500,14.3,14.3,14.3,14.3,100,0
UNL.US,5,20211108,162500,14.11,14.14,14.101,14.14,1600,0
UNL.US,5,20211108,164500,14.18,14.18,14.18,14.18,160,0
UNL.US,5,20211108,171000,14.2299,14.2299,14.2299,14.2299,1000,0
UNL.US,5,20211108,172000,14.185,14.2,14.185,14.2,200,0
UNL.US,5,20211108,172500,14.19,14.19,14.19,14.19,983,0
UNL.US,5,20211108,175000,14.21,14.21,14.21,14.21,100,0
UNL.US,5,20211108,175500,14.16,14.2,14.16,14.2,500,0
UNL.US,5,20211108,181500,14.25,14.25,14.25,14.25,100,0
UNL.US,5,20211108,182000,14.27,14.27,14.2698,14.2698,1500,0
UNL.US,5,20211108,184500,14.27,14.27,14.27,14.27,297,0
UNL.US,5,20211108,185000,14.24,14.24,14.24,14.24,100,0
UNL.US,5,20211108,190000,14.2694,14.2694,14.22,14.22,500,0
UNL.US,5,20211108,191500,14.2,14.2,14.2,14.2,275,0
UNL.US,5,20211108,194500,14.15,14.15,14.14,14.15,300,0
UNL.US,5,20211108,195500,14.1,14.11,14.02,14.02,500,0
UNL.US,5,20211108,200000,14.11,14.11,14.11,14.11,100,0
UNL.US,5,20211108,200500,14.08,14.08,14.08,14.08,500,0
UNL.US,5,20211108,203500,14.06,14.06,14.06,14.06,100,0
UNL.US,5,20211108,215000,14.075,14.075,14.075,14.075,200,0
UNL.US,5,20211108,215500,14.08,14.08,14.07,14.07,3265,0
UNL.US,5,20211109,153000,13.75,13.75,13.44,13.46,5336,0
UNL.US,5,20211109,153500,13.46,13.52,13.46,13.51,700,0
UNL.US,5,20211109,155000,13.431,13.431,13.431,13.431,100,0
UNL.US,5,20211109,160000,13.43,13.43,13.43,13.43,149,0
UNL.US,5,20211109,160500,13.4,13.4017,13.33,13.33,2478,0
UNL.US,5,20211109,163000,13.36,13.36,13.36,13.36,300,0
UNL.US,5,20211109,163500,13.3982,13.3982,13.3982,13.3982,300,0
UNL.US,5,20211109,164000,13.33,13.33,13.33,13.33,100,0
UNL.US,5,20211109,164500,13.3,13.3,13.3,13.3,100,0
UNL.US,5,20211109,170000,13.26,13.29,13.26,13.29,200,0
UNL.US,5,20211109,170500,13.28,13.29,13.28,13.29,476,0
UNL.US,5,20211109,171000,13.29,13.33,13.271,13.33,851,0
UNL.US,5,20211109,171500,13.38,13.38,13.38,13.38,100,0
UNL.US,5,20211109,172500,13.3,13.3,13.29,13.29,200,0
UNL.US,5,20211109,173000,13.23,13.23,13.17,13.17,200,0
UNL.US,5,20211109,174000,13.25,13.29,13.25,13.29,1210,0
UNL.US,5,20211109,174500,13.29,13.29,13.28,13.29,300,0
UNL.US,5,20211109,175500,13.29,13.29,13.29,13.29,100,0
UNL.US,5,20211109,180000,13.31,13.35,13.31,13.35,1100,0
UNL.US,5,20211109,182000,13.38,13.38,13.38,13.38,900,0
UNL.US,5,20211109,182500,13.34,13.34,13.34,13.34,100,0
UNL.US,5,20211109,183500,13.36,13.36,13.36,13.36,100,0
UNL.US,5,20211109,195000,13.38,13.39,13.38,13.39,200,0
UNL.US,5,20211109,201000,13.47,13.51,13.47,13.51,200,0
UNL.US,5,20211109,205000,13.44,13.44,13.44,13.44,2500,0
UNL.US,5,20211109,210000,13.41,13.41,13.41,13.41,200,0
UNL.US,5,20211109,213000,13.41,13.41,13.41,13.41,100,0
UNL.US,5,20211109,213500,13.44,13.459,13.4101,13.459,800,0
UNL.US,5,20211109,214000,13.4101,13.4101,13.4101,13.4101,200,0
UNL.US,5,20211109,214500,13.46,13.46,13.42,13.42,327,0
UNL.US,5,20211109,215000,13.47,13.47,13.47,13.47,500,0
UNL.US,5,20211109,215500,13.46,13.48,13.44,13.48,1782,0
UNL.US,5,20211110,153000,13.07,13.07,13.005,13.005,470,0
UNL.US,5,20211110,153500,13,13,12.94,12.96,3131,0
UNL.US,5,20211110,154000,13.03,13.03,13.03,13.03,300,0
UNL.US,5,20211110,154500,13.05,13.05,13.0167,13.0167,783,0
UNL.US,5,20211110,160500,13.17,13.18,13.17,13.18,948,0
UNL.US,5,20211110,162500,13.2,13.2,13.2,13.2,200,0
UNL.US,5,20211110,164000,13.2898,13.29,13.2898,13.29,600,0
UNL.US,5,20211110,165000,13.27,13.3,13.27,13.3,200,0
UNL.US,5,20211110,170500,13.31,13.31,13.25,13.2602,3100,0
UNL.US,5,20211110,172000,13.33,13.33,13.33,13.33,100,0
UNL.US,5,20211110,172500,13.39,13.4,13.39,13.4,366,0
UNL.US,5,20211110,174500,13.31,13.31,13.31,13.31,100,0
UNL.US,5,20211110,175000,13.3299,13.33,13.3299,13.33,200,0
UNL.US,5,20211110,175500,13.38,13.38,13.37,13.37,200,0
UNL.US,5,20211110,180000,13.33,13.33,13.31,13.31,1600,0
UNL.US,5,20211110,181000,13.22,13.22,13.22,13.22,100,0
UNL.US,5,20211110,182000,13.23,13.23,13.23,13.23,100,0
UNL.US,5,20211110,185000,13.27,13.27,13.27,13.27,100,0
UNL.US,5,20211110,190000,13.27,13.27,13.25,13.25,437,0
UNL.US,5,20211110,192500,13.29,13.34,13.29,13.32,2297,0
UNL.US,5,20211110,193000,13.3401,13.3401,13.3401,13.3401,499,0
UNL.US,5,20211110,193500,13.4,13.4,13.4,13.4,100,0
UNL.US,5,20211110,194000,13.43,13.43,13.43,13.43,100,0
UNL.US,5,20211110,195500,13.3499,13.359,13.3499,13.359,1366,0
UNL.US,5,20211110,201000,13.42,13.43,13.42,13.43,248,0
UNL.US,5,20211110,203000,13.429,13.429,13.429,13.429,300,0
UNL.US,5,20211110,205000,13.385,13.392,13.38,13.392,1400,0
UNL.US,5,20211110,205500,13.42,13.42,13.42,13.42,400,0
UNL.US,5,20211110,210000,13.4,13.4,13.38,13.38,237,0
UNL.US,5,20211110,215000,13.3918,13.3918,13.3918,13.3918,100,0
UNL.US,5,20211110,215500,13.49,13.49,13.49,13.49,324,0
UNL.US,5,20211111,153000,13.84,13.84,13.84,13.84,609,0
UNL.US,5,20211111,153500,13.56,13.56,13.56,13.56,100,0
UNL.US,5,20211111,154500,13.54,13.54,13.54,13.54,100,0
UNL.US,5,20211111,155000,13.551,13.551,13.551,13.551,100,0
UNL.US,5,20211111,161000,13.59,13.59,13.59,13.59,100,0
UNL.US,5,20211111,164500,13.5896,13.5896,13.5896,13.5896,735,0
UNL.US,5,20211111,171000,13.65,13.65,13.65,13.65,688,0
UNL.US,5,20211111,172000,13.66,13.66,13.66,13.66,100,0
UNL.US,5,20211111,172500,13.62,13.62,13.62,13.62,100,0
UNL.US,5,20211111,173000,13.62,13.62,13.62,13.62,100,0
UNL.US,5,20211111,173500,13.66,13.66,13.66,13.66,150,0
UNL.US,5,20211111,174000,13.68,13.68,13.68,13.68,100,0
UNL.US,5,20211111,175000,13.69,13.69,13.6899,13.6899,200,0
UNL.US,5,20211111,175500,13.68,13.68,13.68,13.68,100,0
UNL.US,5,20211111,180000,13.74,13.75,13.74,13.75,200,0
UNL.US,5,20211111,183000,13.7501,13.7501,13.7501,13.7501,100,0
UNL.US,5,20211111,190000,13.81,13.81,13.81,13.81,100,0
UNL.US,5,20211111,191500,13.84,13.85,13.84,13.85,3200,0
UNL.US,5,20211111,192000,13.81,13.81,13.77,13.77,300,0
UNL.US,5,20211111,201500,13.81,13.81,13.81,13.81,100,0
UNL.US,5,20211111,202000,13.88,13.9,13.87,13.9,300,0
UNL.US,5,20211111,202500,13.87,13.9,13.87,13.9,498,0
UNL.US,5,20211111,203000,13.9,13.9,13.9,13.9,690,0
UNL.US,5,20211111,204000,13.915,13.915,13.915,13.915,100,0
UNL.US,5,20211111,210000,13.88,13.88,13.88,13.88,100,0
UNL.US,5,20211111,212000,13.8513,13.8513,13.8513,13.8513,100,0
UNL.US,5,20211111,213500,13.84,13.84,13.84,13.84,100,0
UNL.US,5,20211111,215500,13.848,13.85,13.848,13.85,499,0
