<TICKER>,<PER>,<DATE>,<TIME>,<OPEN>,<HIGH>,<LOW>,<CLOSE>,<VOL>,<OPENINT>
IBBQ.US,5,20210922,153000,26.94,26.94,26.66,26.66,1280,0
IBBQ.US,5,20210922,154500,26.66,26.66,26.66,26.66,1300,0
IBBQ.US,5,20210922,161500,26.6265,26.6265,26.6265,26.6265,100,0
IBBQ.US,5,20210922,163000,26.65,26.65,26.65,26.65,200,0
IBBQ.US,5,20210922,164000,26.665,26.665,26.665,26.665,2050,0
IBBQ.US,5,20210922,173000,26.779,26.7797,26.771,26.7797,1000,0
IBBQ.US,5,20210922,173500,26.78,26.78,26.78,26.78,100,0
IBBQ.US,5,20210922,184500,26.812,26.8209,26.812,26.8209,500,0
IBBQ.US,5,20210922,192000,26.7,26.7,26.7,26.7,100,0
IBBQ.US,5,20210922,200500,26.84,26.84,26.84,26.84,600,0
IBBQ.US,5,20210922,204000,26.8495,26.8495,26.8495,26.8495,900,0
IBBQ.US,5,20210922,215500,26.73,26.73,26.73,26.73,601,0
IBBQ.US,5,20210923,153000,26.88,26.88,26.72,26.72,311,0
IBBQ.US,5,20210923,153500,26.98,26.98,26.98,26.98,400,0
IBBQ.US,5,20210923,154000,27.0146,27.0146,26.99,26.99,700,0
IBBQ.US,5,20210923,155000,26.995,26.995,26.995,26.995,200,0
IBBQ.US,5,20210923,160500,27,27,27,27,100,0
IBBQ.US,5,20210923,162500,27,27,27,27,500,0
IBBQ.US,5,20210923,164000,26.9815,26.9815,26.96,26.96,600,0
IBBQ.US,5,20210923,175000,26.99,27,26.99,27,7500,0
IBBQ.US,5,20210923,175500,27.01,27.02,27.01,27.02,7478,0
IBBQ.US,5,20210923,180000,27.02,27.02,27.02,27.02,1100,0
IBBQ.US,5,20210923,183000,26.985,26.985,26.985,26.985,366,0
IBBQ.US,5,20210923,193000,27.09,27.09,27.09,27.09,200,0
IBBQ.US,5,20210923,213000,27.1464,27.1464,27.1464,27.1464,439,0
IBBQ.US,5,20210923,214000,27.17,27.17,27.17,27.17,100,0
IBBQ.US,5,20210923,215000,27.1107,27.1107,27.1107,27.1107,298,0
IBBQ.US,5,20210923,215500,27.12,27.15,27.111,27.15,1734,0
IBBQ.US,5,20210924,153500,26.88,26.88,26.88,26.88,100,0
IBBQ.US,5,20210924,154500,26.82,26.82,26.82,26.82,100,0
IBBQ.US,5,20210924,165000,26.84,26.84,26.84,26.84,100,0
IBBQ.US,5,20210924,174000,26.71,26.71,26.71,26.71,100,0
IBBQ.US,5,20210924,181500,26.75,26.75,26.75,26.75,1100,0
IBBQ.US,5,20210924,182000,26.76,26.76,26.76,26.76,100,0
IBBQ.US,5,20210924,183000,26.763,26.782,26.763,26.782,612,0
IBBQ.US,5,20210924,191500,26.77,26.77,26.77,26.77,390,0
IBBQ.US,5,20210924,194500,26.68,26.7,26.68,26.7,650,0
IBBQ.US,5,20210924,202500,26.6799,26.6799,26.6799,26.6799,200,0
IBBQ.US,5,20210924,213500,26.655,26.655,26.65,26.65,500,0
IBBQ.US,5,20210924,214000,26.66,26.66,26.66,26.66,500,0
IBBQ.US,5,20210924,214500,26.651,26.651,26.651,26.651,500,0
IBBQ.US,5,20210924,215500,26.6204,26.63,26.59,26.59,1533,0
IBBQ.US,5,20210927,153000,26.68,26.68,26.68,26.68,528,0
IBBQ.US,5,20210927,153500,26.5,26.5,26.4,26.4,1800,0
IBBQ.US,5,20210927,161000,26.41,26.41,26.41,26.41,300,0
IBBQ.US,5,20210927,162500,26.43,26.43,26.418,26.418,1400,0
IBBQ.US,5,20210927,180000,26.37,26.37,26.37,26.37,300,0
IBBQ.US,5,20210927,180500,26.39,26.39,26.39,26.39,145,0
IBBQ.US,5,20210927,181000,26.3801,26.3801,26.38,26.38,305,0
IBBQ.US,5,20210927,181500,26.3566,26.3566,26.34,26.34,400,0
IBBQ.US,5,20210927,184500,26.371,26.371,26.371,26.371,1800,0
IBBQ.US,5,20210927,194000,26.36,26.36,26.36,26.36,100,0
IBBQ.US,5,20210927,211000,26.41,26.41,26.41,26.41,200,0
IBBQ.US,5,20210927,212500,26.42,26.42,26.42,26.42,100,0
IBBQ.US,5,20210927,215500,26.3916,26.44,26.39,26.44,364,0
IBBQ.US,5,20210928,153000,26.23,26.23,26.08,26.08,2104,0
IBBQ.US,5,20210928,153500,25.97,25.97,25.95,25.96,700,0
IBBQ.US,5,20210928,154000,25.87,25.87,25.87,25.87,100,0
IBBQ.US,5,20210928,161000,25.735,25.735,25.7,25.7,400,0
IBBQ.US,5,20210928,162500,25.765,25.765,25.765,25.765,300,0
IBBQ.US,5,20210928,163000,25.7983,25.8,25.7983,25.8,300,0
IBBQ.US,5,20210928,163500,25.8212,25.8212,25.8212,25.8212,850,0
IBBQ.US,5,20210928,165500,25.8254,25.84,25.8254,25.8254,300,0
IBBQ.US,5,20210928,170500,25.75,25.75,25.75,25.75,639,0
IBBQ.US,5,20210928,172500,25.77,25.77,25.76,25.76,4200,0
IBBQ.US,5,20210928,180000,25.74,25.74,25.74,25.74,400,0
IBBQ.US,5,20210928,182000,25.81,25.81,25.81,25.81,200,0
IBBQ.US,5,20210928,182500,25.86,25.86,25.86,25.86,193,0
IBBQ.US,5,20210928,183500,25.7797,25.7797,25.7797,25.7797,1000,0
IBBQ.US,5,20210928,184000,25.77,25.77,25.77,25.77,200,0
IBBQ.US,5,20210928,190500,25.76,25.76,25.76,25.76,1000,0
IBBQ.US,5,20210928,191500,25.781,25.781,25.781,25.781,100,0
IBBQ.US,5,20210928,200500,25.805,25.805,25.805,25.805,370,0
IBBQ.US,5,20210928,202500,25.8617,25.8617,25.8617,25.8617,4000,0
IBBQ.US,5,20210928,204000,25.85,25.85,25.85,25.85,250,0
IBBQ.US,5,20210928,210500,25.8765,25.8765,25.8765,25.8765,500,0
IBBQ.US,5,20210928,214500,25.7,25.7,25.7,25.7,1000,0
IBBQ.US,5,20210928,215000,25.63,25.63,25.63,25.63,145,0
IBBQ.US,5,20210928,215500,25.619,25.68,25.61,25.68,12219,0
IBBQ.US,5,20210929,153000,25.8,25.8,25.8,25.8,109,0
IBBQ.US,5,20210929,154000,25.8782,25.8782,25.8782,25.8782,250,0
IBBQ.US,5,20210929,163000,25.76,25.76,25.76,25.76,200,0
IBBQ.US,5,20210929,164000,25.714,25.714,25.7067,25.7067,850,0
IBBQ.US,5,20210929,165000,25.74,25.74,25.74,25.74,100,0
IBBQ.US,5,20210929,173500,25.62,25.6246,25.613,25.613,1371,0
IBBQ.US,5,20210929,175000,25.66,25.66,25.66,25.66,250,0
IBBQ.US,5,20210929,183500,25.5601,25.5601,25.5601,25.5601,100,0
IBBQ.US,5,20210929,185500,25.5852,25.5852,25.582,25.582,1500,0
IBBQ.US,5,20210929,190500,25.5,25.5088,25.4904,25.4904,3786,0
IBBQ.US,5,20210929,203000,25.69,25.7009,25.69,25.7009,600,0
IBBQ.US,5,20210929,204500,25.765,25.765,25.765,25.765,108,0
IBBQ.US,5,20210929,205500,25.78,25.78,25.78,25.78,200,0
IBBQ.US,5,20210929,212500,25.665,25.665,25.665,25.665,200,0
IBBQ.US,5,20210929,213500,25.59,25.59,25.59,25.59,190,0
IBBQ.US,5,20210929,214500,25.5307,25.5307,25.5307,25.5307,1500,0
IBBQ.US,5,20210929,215500,25.51,25.54,25.5,25.54,607,0
IBBQ.US,5,20210930,153500,25.8037,25.8037,25.8037,25.8037,150,0
IBBQ.US,5,20210930,154000,25.61,25.7115,25.61,25.7115,3000,0
IBBQ.US,5,20210930,155000,25.7223,25.7223,25.7223,25.7223,3250,0
IBBQ.US,5,20210930,160500,25.6744,25.6744,25.621,25.621,2500,0
IBBQ.US,5,20210930,162000,25.7595,25.76,25.7595,25.76,500,0
IBBQ.US,5,20210930,164000,25.81,25.81,25.81,25.81,100,0
IBBQ.US,5,20210930,165500,25.7641,25.7641,25.7641,25.7641,200,0
IBBQ.US,5,20210930,171500,25.7942,25.7942,25.7942,25.7942,300,0
IBBQ.US,5,20210930,172500,25.818,25.818,25.818,25.818,370,0
IBBQ.US,5,20210930,181000,25.67,25.67,25.67,25.67,200,0
IBBQ.US,5,20210930,182000,25.6701,25.671,25.67,25.671,300,0
IBBQ.US,5,20210930,184500,25.68,25.68,25.68,25.68,1527,0
IBBQ.US,5,20210930,191500,25.81,25.81,25.81,25.81,2872,0
IBBQ.US,5,20210930,194000,25.7401,25.7401,25.7401,25.7401,600,0
IBBQ.US,5,20210930,200500,25.85,25.85,25.85,25.85,200,0
IBBQ.US,5,20210930,210000,25.7893,25.7893,25.7451,25.75,1666,0
IBBQ.US,5,20210930,210500,25.755,25.8,25.755,25.7807,1894,0
IBBQ.US,5,20210930,211500,25.8234,25.84,25.8234,25.84,859,0
IBBQ.US,5,20210930,214500,25.685,25.6873,25.68,25.6873,630,0
IBBQ.US,5,20210930,215000,25.6322,25.6398,25.62,25.63,7917,0
IBBQ.US,5,20210930,215500,25.61,25.61,25.59,25.6,3062,0
IBBQ.US,5,20211001,153000,25.34,25.36,25,25.023,5177,0
IBBQ.US,5,20211001,153500,24.96,24.974,24.9268,24.9268,1800,0
IBBQ.US,5,20211001,154000,24.86,24.86,24.86,24.86,200,0
IBBQ.US,5,20211001,154500,24.8,24.89,24.76,24.89,400,0
IBBQ.US,5,20211001,155000,24.82,24.82,24.82,24.82,200,0
IBBQ.US,5,20211001,155500,24.825,24.825,24.825,24.825,200,0
IBBQ.US,5,20211001,160500,24.785,24.785,24.7,24.7,850,0
IBBQ.US,5,20211001,161000,24.7209,24.7209,24.7117,24.7117,450,0
IBBQ.US,5,20211001,161500,24.67,24.675,24.65,24.65,1008,0
IBBQ.US,5,20211001,162000,24.68,24.68,24.68,24.68,400,0
IBBQ.US,5,20211001,162500,24.6788,24.6788,24.66,24.66,1100,0
IBBQ.US,5,20211001,163000,24.66,24.66,24.61,24.61,200,0
IBBQ.US,5,20211001,163500,24.6,24.6,24.5996,24.6,700,0
IBBQ.US,5,20211001,164000,24.62,24.6225,24.62,24.6225,700,0
IBBQ.US,5,20211001,164500,24.6375,24.725,24.6375,24.725,3100,0
IBBQ.US,5,20211001,165500,24.7626,24.7626,24.7626,24.7626,250,0
IBBQ.US,5,20211001,170500,24.7657,24.7657,24.7657,24.7657,2000,0
IBBQ.US,5,20211001,172000,24.9025,24.91,24.9025,24.91,1000,0
IBBQ.US,5,20211001,173500,25.005,25.0273,25.0001,25.0001,1837,0
IBBQ.US,5,20211001,174500,24.9721,24.9721,24.9721,24.9721,1500,0
IBBQ.US,5,20211001,175500,25,25,25,25,3000,0
IBBQ.US,5,20211001,181500,24.96,24.96,24.96,24.96,150,0
IBBQ.US,5,20211001,182000,24.96,24.96,24.96,24.96,200,0
IBBQ.US,5,20211001,184500,24.9699,24.9699,24.9699,24.9699,160,0
IBBQ.US,5,20211001,190000,24.9482,24.9482,24.9482,24.9482,557,0
IBBQ.US,5,20211001,190500,24.9562,24.9562,24.9562,24.9562,100,0
IBBQ.US,5,20211001,195500,25,25,25,25,100,0
IBBQ.US,5,20211001,200500,25.0667,25.0667,25.0667,25.0667,1000,0
IBBQ.US,5,20211001,210000,25.19,25.19,25.19,25.19,100,0
IBBQ.US,5,20211001,212500,25.208,25.208,25.208,25.208,100,0
IBBQ.US,5,20211001,215500,25.12,25.15,25.1,25.15,4433,0
IBBQ.US,5,20211004,153000,24.89,24.89,24.8247,24.8247,790,0
IBBQ.US,5,20211004,153500,24.75,24.7976,24.75,24.75,500,0
IBBQ.US,5,20211004,154000,24.78,24.7928,24.78,24.7928,375,0
IBBQ.US,5,20211004,160000,24.9499,24.9599,24.9499,24.9599,378,0
IBBQ.US,5,20211004,164500,24.71,24.71,24.71,24.71,270,0
IBBQ.US,5,20211004,165000,24.6653,24.6653,24.64,24.64,798,0
IBBQ.US,5,20211004,170500,24.6658,24.6658,24.6658,24.6658,1000,0
IBBQ.US,5,20211004,171500,24.71,24.71,24.71,24.71,100,0
IBBQ.US,5,20211004,172000,24.7357,24.7357,24.7357,24.7357,500,0
IBBQ.US,5,20211004,174500,24.6437,24.6437,24.6437,24.6437,200,0
IBBQ.US,5,20211004,175000,24.63,24.657,24.63,24.657,1000,0
IBBQ.US,5,20211004,181000,24.6415,24.6415,24.6415,24.6415,753,0
IBBQ.US,5,20211004,182500,24.65,24.65,24.65,24.65,200,0
IBBQ.US,5,20211004,183000,24.65,24.65,24.65,24.65,200,0
IBBQ.US,5,20211004,184000,24.62,24.62,24.62,24.62,150,0
IBBQ.US,5,20211004,185000,24.63,24.63,24.63,24.63,200,0
IBBQ.US,5,20211004,195000,24.7,24.7,24.7,24.7,152,0
IBBQ.US,5,20211004,200000,24.71,24.71,24.71,24.71,164,0
IBBQ.US,5,20211004,202000,24.795,24.795,24.795,24.795,100,0
IBBQ.US,5,20211004,210000,24.759,24.759,24.759,24.759,400,0
IBBQ.US,5,20211004,211500,24.6317,24.6317,24.6317,24.6317,300,0
IBBQ.US,5,20211004,212000,24.6,24.6,24.6,24.6,622,0
IBBQ.US,5,20211004,213500,24.65,24.65,24.65,24.65,100,0
IBBQ.US,5,20211004,214000,24.625,24.68,24.625,24.68,300,0
IBBQ.US,5,20211004,215000,24.5881,24.5881,24.5881,24.5881,1000,0
IBBQ.US,5,20211004,215500,24.64,24.64,24.62,24.62,2119,0
IBBQ.US,5,20211005,153000,24.68,24.68,24.68,24.68,5000,0
IBBQ.US,5,20211005,163000,24.8594,24.87,24.8594,24.87,1100,0
IBBQ.US,5,20211005,164000,24.85,24.85,24.84,24.84,300,0
IBBQ.US,5,20211005,165500,24.82,24.82,24.82,24.82,115,0
IBBQ.US,5,20211005,170500,24.929,24.929,24.929,24.929,1100,0
IBBQ.US,5,20211005,171000,24.9005,24.9345,24.9005,24.9345,3102,0
IBBQ.US,5,20211005,171500,24.9469,24.9469,24.9362,24.9362,1690,0
IBBQ.US,5,20211005,174000,24.745,24.745,24.745,24.745,317,0
IBBQ.US,5,20211005,181000,24.7246,24.7298,24.7246,24.7298,294,0
IBBQ.US,5,20211005,182000,24.6902,24.6902,24.6902,24.6902,212,0
IBBQ.US,5,20211005,182500,24.6975,24.6975,24.6864,24.6864,921,0
IBBQ.US,5,20211005,183000,24.69,24.69,24.69,24.69,336,0
IBBQ.US,5,20211005,200500,24.7627,24.7627,24.7627,24.7627,100,0
IBBQ.US,5,20211005,201000,24.76,24.76,24.76,24.76,1300,0
IBBQ.US,5,20211005,201500,24.76,24.76,24.76,24.76,1150,0
IBBQ.US,5,20211005,202000,24.79,24.79,24.7633,24.7633,1700,0
IBBQ.US,5,20211005,202500,24.76,24.7775,24.76,24.7775,300,0
IBBQ.US,5,20211005,210500,24.79,24.79,24.79,24.79,150,0
IBBQ.US,5,20211005,213500,24.72,24.72,24.72,24.72,100,0
IBBQ.US,5,20211005,214500,24.72,24.72,24.72,24.72,100,0
IBBQ.US,5,20211005,215000,24.71,24.71,24.686,24.686,800,0
IBBQ.US,5,20211005,215500,24.68,24.68,24.68,24.68,6720,0
IBBQ.US,5,20211006,153000,24.6,24.6,24.6,24.6,122,0
IBBQ.US,5,20211006,160000,24.4,24.4,24.4,24.4,500,0
IBBQ.US,5,20211006,161500,24.43,24.43,24.43,24.43,100,0
IBBQ.US,5,20211006,163500,24.54,24.54,24.54,24.54,155,0
IBBQ.US,5,20211006,174500,24.484,24.484,24.484,24.484,200,0
IBBQ.US,5,20211006,175500,24.5044,24.5044,24.5044,24.5044,1000,0
IBBQ.US,5,20211006,183000,24.439,24.439,24.439,24.439,1000,0
IBBQ.US,5,20211006,191000,24.3944,24.3944,24.3944,24.3944,205,0
IBBQ.US,5,20211006,192000,24.409,24.41,24.409,24.41,1000,0
IBBQ.US,5,20211006,193000,24.44,24.455,24.44,24.455,800,0
IBBQ.US,5,20211006,201000,24.5147,24.5147,24.5147,24.5147,100,0
IBBQ.US,5,20211006,205500,24.4899,24.4899,24.4899,24.4899,100,0
IBBQ.US,5,20211006,211500,24.39,24.39,24.35,24.35,4300,0
IBBQ.US,5,20211006,212500,24.34,24.34,24.34,24.34,200,0
IBBQ.US,5,20211006,214000,24.2975,24.2975,24.29,24.29,611,0
IBBQ.US,5,20211006,215500,24.38,24.38,24.36,24.36,849,0
IBBQ.US,5,20211007,153000,24.48,24.48,24.48,24.48,455,0
IBBQ.US,5,20211007,154000,24.61,24.62,24.61,24.62,1001,0
IBBQ.US,5,20211007,161500,24.78,24.78,24.78,24.78,300,0
IBBQ.US,5,20211007,164500,24.8301,24.855,24.8301,24.855,300,0
IBBQ.US,5,20211007,170500,24.8747,24.8747,24.8747,24.8747,100,0
IBBQ.US,5,20211007,173000,24.8415,24.8415,24.8415,24.8415,350,0
IBBQ.US,5,20211007,174000,24.8492,24.8492,24.8492,24.8492,150,0
IBBQ.US,5,20211007,182500,24.8572,24.8572,24.8572,24.8572,200,0
IBBQ.US,5,20211007,183000,24.859,24.859,24.859,24.859,262,0
IBBQ.US,5,20211007,190500,24.81,24.81,24.81,24.81,100,0
IBBQ.US,5,20211007,192500,24.85,24.85,24.85,24.85,100,0
IBBQ.US,5,20211007,193000,24.85,24.85,24.85,24.85,434,0
IBBQ.US,5,20211007,195500,24.86,24.86,24.86,24.86,100,0
IBBQ.US,5,20211007,204000,24.74,24.74,24.74,24.74,300,0
IBBQ.US,5,20211007,204500,24.74,24.74,24.74,24.74,100,0
IBBQ.US,5,20211007,211000,24.7375,24.7375,24.7375,24.7375,400,0
IBBQ.US,5,20211007,214500,24.695,24.695,24.695,24.695,100,0
IBBQ.US,5,20211007,215500,24.67,24.67,24.66,24.66,1716,0
IBBQ.US,5,20211008,153000,24.78,24.78,24.78,24.78,200,0
IBBQ.US,5,20211008,154500,24.6,24.6,24.6,24.6,100,0
IBBQ.US,5,20211008,161000,24.6176,24.6176,24.6176,24.6176,406,0
IBBQ.US,5,20211008,161500,24.615,24.615,24.615,24.615,200,0
IBBQ.US,5,20211008,162500,24.524,24.524,24.51,24.51,930,0
IBBQ.US,5,20211008,182000,24.5311,24.5311,24.5311,24.5311,400,0
IBBQ.US,5,20211008,200500,24.605,24.605,24.605,24.605,300,0
IBBQ.US,5,20211008,213500,24.59,24.59,24.59,24.59,300,0
IBBQ.US,5,20211008,215500,24.55,24.55,24.55,24.55,154,0
IBBQ.US,5,20211011,153000,24.59,24.59,24.59,24.59,161,0
IBBQ.US,5,20211011,160500,24.69,24.69,24.69,24.69,250,0
IBBQ.US,5,20211011,163000,24.73,24.73,24.73,24.73,400,0
IBBQ.US,5,20211011,170500,24.7714,24.7714,24.7714,24.7714,500,0
IBBQ.US,5,20211011,173000,24.8175,24.8175,24.8175,24.8175,400,0
IBBQ.US,5,20211011,180500,24.75,24.75,24.75,24.75,938,0
IBBQ.US,5,20211011,181000,24.75,24.75,24.75,24.75,200,0
IBBQ.US,5,20211011,183500,24.775,24.775,24.775,24.775,1000,0
IBBQ.US,5,20211011,191500,24.679,24.679,24.679,24.679,1000,0
IBBQ.US,5,20211011,192500,24.65,24.65,24.65,24.65,150,0
IBBQ.US,5,20211011,214000,24.6,24.6,24.6,24.6,100,0
IBBQ.US,5,20211011,214500,24.59,24.59,24.59,24.59,125,0
IBBQ.US,5,20211011,215500,24.56,24.56,24.52,24.52,1452,0
IBBQ.US,5,20211012,153500,24.681,24.681,24.681,24.681,408,0
IBBQ.US,5,20211012,154500,24.67,24.67,24.67,24.67,3834,0
IBBQ.US,5,20211012,160500,24.705,24.705,24.705,24.705,500,0
IBBQ.US,5,20211012,170000,24.6,24.6,24.6,24.6,100,0
IBBQ.US,5,20211012,174000,24.615,24.615,24.615,24.615,100,0
IBBQ.US,5,20211012,180500,24.655,24.655,24.655,24.655,126,0
IBBQ.US,5,20211012,190000,24.6,24.6,24.6,24.6,700,0
IBBQ.US,5,20211012,202500,24.67,24.67,24.67,24.67,100,0
IBBQ.US,5,20211012,204000,24.6391,24.6391,24.6391,24.6391,170,0
IBBQ.US,5,20211012,211000,24.585,24.585,24.57,24.57,800,0
IBBQ.US,5,20211012,212000,24.5504,24.5504,24.5504,24.5504,500,0
IBBQ.US,5,20211012,215500,24.55,24.55,24.55,24.55,342,0
IBBQ.US,5,20211013,153500,24.72,24.72,24.72,24.72,100,0
IBBQ.US,5,20211013,154000,24.74,24.74,24.74,24.74,100,0
IBBQ.US,5,20211013,162500,24.6201,24.6201,24.6201,24.6201,100,0
IBBQ.US,5,20211013,163000,24.65,24.7247,24.65,24.715,530,0
IBBQ.US,5,20211013,163500,24.73,24.73,24.73,24.73,100,0
IBBQ.US,5,20211013,181000,24.715,24.715,24.715,24.715,100,0
IBBQ.US,5,20211013,202500,24.68,24.68,24.68,24.68,100,0
IBBQ.US,5,20211013,212500,24.68,24.68,24.68,24.68,100,0
IBBQ.US,5,20211013,215000,24.695,24.695,24.695,24.695,300,0
IBBQ.US,5,20211013,215500,24.65,24.65,24.65,24.65,156,0
IBBQ.US,5,20211014,153000,24.9,24.9,24.9,24.9,201,0
IBBQ.US,5,20211014,153500,24.901,24.901,24.901,24.901,500,0
IBBQ.US,5,20211014,154000,25,25,25,25,328,0
IBBQ.US,5,20211014,154500,25.015,25.015,25.015,25.015,500,0
IBBQ.US,5,20211014,160000,24.925,24.925,24.925,24.925,500,0
IBBQ.US,5,20211014,163000,24.93,24.93,24.93,24.93,200,0
IBBQ.US,5,20211014,163500,24.96,24.96,24.9454,24.9454,200,0
IBBQ.US,5,20211014,165000,25.04,25.04,25.04,25.04,200,0
IBBQ.US,5,20211014,165500,25.04,25.04,25.04,25.04,100,0
IBBQ.US,5,20211014,172000,25.0401,25.0501,25.0401,25.0501,340,0
IBBQ.US,5,20211014,173000,25.08,25.08,25.08,25.08,600,0
IBBQ.US,5,20211014,175500,25.12,25.12,25.12,25.12,100,0
IBBQ.US,5,20211014,181000,25.15,25.15,25.15,25.15,200,0
IBBQ.US,5,20211014,183000,25.14,25.14,25.14,25.14,103,0
IBBQ.US,5,20211014,202000,25.03,25.04,25.03,25.04,1391,0
IBBQ.US,5,20211014,211000,25.0277,25.0277,25.0277,25.0277,400,0
IBBQ.US,5,20211014,215500,24.9618,24.98,24.9618,24.98,1186,0
IBBQ.US,5,20211015,161500,25.0675,25.0675,25.0675,25.0675,100,0
IBBQ.US,5,20211015,162000,25.04,25.05,25.04,25.05,1056,0
IBBQ.US,5,20211015,164000,25.0172,25.0172,25.0172,25.0172,125,0
IBBQ.US,5,20211015,173000,24.97,24.97,24.9501,24.959,2958,0
IBBQ.US,5,20211015,173500,24.9652,24.9652,24.9652,24.9652,201,0
IBBQ.US,5,20211015,181500,25,25,25,25,100,0
IBBQ.US,5,20211015,182500,24.95,24.95,24.9213,24.9213,300,0
IBBQ.US,5,20211015,183500,24.928,24.928,24.928,24.928,100,0
IBBQ.US,5,20211015,185000,24.895,24.895,24.895,24.895,200,0
IBBQ.US,5,20211015,194500,24.8599,24.8599,24.8599,24.8599,500,0
IBBQ.US,5,20211015,203000,24.8692,24.8692,24.8692,24.8692,130,0
IBBQ.US,5,20211015,215500,24.86,24.86,24.86,24.86,400,0
IBBQ.US,5,20211018,153000,24.79,24.79,24.6814,24.6814,570,0
IBBQ.US,5,20211018,153500,24.65,24.65,24.65,24.65,400,0
IBBQ.US,5,20211018,154000,24.5365,24.56,24.5365,24.56,500,0
IBBQ.US,5,20211018,160500,24.57,24.57,24.57,24.57,200,0
IBBQ.US,5,20211018,163000,24.59,24.59,24.59,24.59,100,0
IBBQ.US,5,20211018,164500,24.607,24.607,24.607,24.607,150,0
IBBQ.US,5,20211018,170000,24.59,24.59,24.59,24.59,100,0
IBBQ.US,5,20211018,171500,24.5495,24.555,24.5495,24.555,2759,0
IBBQ.US,5,20211018,172000,24.5527,24.5527,24.5525,24.5525,2000,0
IBBQ.US,5,20211018,183500,24.5,24.5,24.5,24.5,470,0
IBBQ.US,5,20211018,184000,24.47,24.47,24.46,24.46,623,0
IBBQ.US,5,20211018,184500,24.45,24.45,24.45,24.45,100,0
IBBQ.US,5,20211018,185500,24.44,24.44,24.44,24.44,124,0
IBBQ.US,5,20211018,190500,24.45,24.45,24.45,24.45,100,0
IBBQ.US,5,20211018,194000,24.45,24.45,24.45,24.45,100,0
IBBQ.US,5,20211018,200000,24.4118,24.4118,24.4118,24.4118,400,0
IBBQ.US,5,20211018,200500,24.44,24.449,24.44,24.449,500,0
IBBQ.US,5,20211018,201500,24.449,24.449,24.449,24.449,250,0
IBBQ.US,5,20211018,205000,24.47,24.47,24.47,24.47,236,0
IBBQ.US,5,20211018,210000,24.51,24.51,24.51,24.51,700,0
IBBQ.US,5,20211018,211000,24.49,24.5,24.4885,24.4885,700,0
IBBQ.US,5,20211018,211500,24.5033,24.5033,24.5033,24.5033,150,0
IBBQ.US,5,20211018,212500,24.55,24.55,24.55,24.55,300,0
IBBQ.US,5,20211018,215500,24.51,24.55,24.51,24.55,3087,0
IBBQ.US,5,20211019,153500,24.6849,24.6849,24.6849,24.6849,100,0
IBBQ.US,5,20211019,161500,24.805,24.805,24.805,24.805,130,0
IBBQ.US,5,20211019,164500,24.81,24.82,24.81,24.82,32000,0
IBBQ.US,5,20211019,173500,24.8034,24.8034,24.8034,24.8034,500,0
IBBQ.US,5,20211019,174000,24.8232,24.8232,24.8232,24.8232,750,0
IBBQ.US,5,20211019,174500,24.8341,24.8423,24.8341,24.8423,1750,0
IBBQ.US,5,20211019,175000,24.85,24.85,24.85,24.85,750,0
IBBQ.US,5,20211019,180000,24.861,24.861,24.861,24.861,402,0
IBBQ.US,5,20211019,185000,24.8572,24.8572,24.855,24.855,800,0
IBBQ.US,5,20211019,213000,24.803,24.803,24.766,24.766,250,0
IBBQ.US,5,20211019,215000,24.77,24.77,24.77,24.77,254,0
IBBQ.US,5,20211019,215500,24.79,24.8,24.77,24.77,2697,0
IBBQ.US,5,20211020,164000,24.9151,24.9151,24.9151,24.9151,200,0
IBBQ.US,5,20211020,165500,24.9738,24.9738,24.96,24.96,200,0
IBBQ.US,5,20211020,172500,24.875,24.875,24.875,24.875,100,0
IBBQ.US,5,20211020,190500,24.81,24.81,24.81,24.81,300,0
IBBQ.US,5,20211020,200000,24.815,24.815,24.815,24.815,400,0
IBBQ.US,5,20211020,215500,24.79,24.79,24.79,24.79,445,0
IBBQ.US,5,20211021,153000,24.9,24.93,24.9,24.93,800,0
IBBQ.US,5,20211021,153500,24.86,24.86,24.85,24.85,200,0
IBBQ.US,5,20211021,154500,24.92,24.92,24.88,24.88,300,0
IBBQ.US,5,20211021,155000,24.9,24.9,24.9,24.9,100,0
IBBQ.US,5,20211021,155500,24.89,24.89,24.86,24.86,400,0
IBBQ.US,5,20211021,160500,24.9,24.92,24.9,24.92,7960,0
IBBQ.US,5,20211021,161500,24.95,24.97,24.95,24.97,300,0
IBBQ.US,5,20211021,162000,24.96,24.96,24.96,24.96,200,0
IBBQ.US,5,20211021,162500,24.95,24.95,24.95,24.95,200,0
IBBQ.US,5,20211021,163000,24.95,24.96,24.95,24.96,200,0
IBBQ.US,5,20211021,163500,24.95,24.96,24.95,24.96,200,0
IBBQ.US,5,20211021,164000,24.98,24.98,24.95,24.95,400,0
IBBQ.US,5,20211021,165000,24.95,24.95,24.94,24.94,300,0
IBBQ.US,5,20211021,165500,24.94,24.94,24.94,24.94,100,0
IBBQ.US,5,20211021,170000,24.95,24.97,24.95,24.97,200,0
IBBQ.US,5,20211021,170500,24.97,24.97,24.93,24.93,450,0
IBBQ.US,5,20211021,171000,24.93,24.93,24.93,24.93,100,0
IBBQ.US,5,20211021,171500,24.94,24.94,24.92,24.92,300,0
IBBQ.US,5,20211021,172000,24.93,24.94,24.93,24.94,200,0
IBBQ.US,5,20211021,172500,24.92,24.92,24.92,24.92,100,0
IBBQ.US,5,20211021,182000,24.89,24.89,24.89,24.89,100,0
IBBQ.US,5,20211021,195000,24.8953,24.8953,24.8953,24.8953,103,0
IBBQ.US,5,20211021,200000,24.91,24.91,24.91,24.91,100,0
IBBQ.US,5,20211021,200500,24.94,24.94,24.94,24.94,200,0
IBBQ.US,5,20211021,201000,24.94,24.94,24.94,24.94,200,0
IBBQ.US,5,20211021,201500,24.95,24.95,24.92,24.92,500,0
IBBQ.US,5,20211021,202000,24.9,24.9,24.9,24.9,100,0
IBBQ.US,5,20211021,202500,24.91,24.91,24.91,24.91,100,0
IBBQ.US,5,20211021,203000,24.9,24.9,24.9,24.9,300,0
IBBQ.US,5,20211021,204000,24.885,24.89,24.88,24.89,400,0
IBBQ.US,5,20211021,204500,24.87,24.87,24.87,24.87,200,0
IBBQ.US,5,20211021,205000,24.93,24.93,24.93,24.93,100,0
IBBQ.US,5,20211021,205500,24.93,24.93,24.93,24.93,200,0
IBBQ.US,5,20211021,210000,24.95,24.98,24.95,24.96,400,0
IBBQ.US,5,20211021,211000,24.97,24.97,24.96,24.96,200,0
IBBQ.US,5,20211021,211500,24.97,24.98,24.95,24.95,300,0
IBBQ.US,5,20211021,212000,24.95,24.95,24.95,24.95,200,0
IBBQ.US,5,20211021,212500,24.98,24.98,24.98,24.98,100,0
IBBQ.US,5,20211021,213000,24.965,24.98,24.965,24.98,200,0
IBBQ.US,5,20211021,213500,24.965,24.98,24.96,24.96,500,0
IBBQ.US,5,20211021,214500,24.95,24.95,24.95,24.95,200,0
IBBQ.US,5,20211021,215000,24.94,24.94,24.94,24.94,300,0
IBBQ.US,5,20211021,215500,24.95,24.98,24.95,24.98,3913,0
IBBQ.US,5,20211022,153000,25.02,25.02,24.7668,24.7668,1360,0
IBBQ.US,5,20211022,153500,24.75,24.75,24.75,24.75,250,0
IBBQ.US,5,20211022,165500,24.735,24.735,24.735,24.735,600,0
IBBQ.US,5,20211022,172000,24.64,24.64,24.64,24.64,699,0
IBBQ.US,5,20211022,173000,24.61,24.61,24.61,24.61,500,0
IBBQ.US,5,20211022,184000,24.705,24.705,24.705,24.705,200,0
IBBQ.US,5,20211022,193000,24.69,24.6901,24.69,24.6901,2014,0
IBBQ.US,5,20211022,194500,24.73,24.73,24.73,24.73,500,0
IBBQ.US,5,20211022,201000,24.7299,24.7299,24.7299,24.7299,100,0
IBBQ.US,5,20211022,213000,24.7401,24.7401,24.7401,24.7401,600,0
IBBQ.US,5,20211022,213500,24.74,24.74,24.74,24.74,100,0
IBBQ.US,5,20211022,215000,24.8234,24.8234,24.8234,24.8234,120,0
IBBQ.US,5,20211022,215500,24.85,24.85,24.8469,24.85,1402,0
IBBQ.US,5,20211025,153000,24.92,24.92,24.86,24.86,842,0
IBBQ.US,5,20211025,153500,24.86,24.86,24.84,24.84,399,0
IBBQ.US,5,20211025,162500,25.01,25.01,25.01,25.01,300,0
IBBQ.US,5,20211025,163000,25,25,25,25,100,0
IBBQ.US,5,20211025,165500,25,25.01,25,25.01,1000,0
IBBQ.US,5,20211025,182000,24.96,24.9683,24.96,24.9683,800,0
IBBQ.US,5,20211025,183000,24.97,24.97,24.97,24.97,401,0
IBBQ.US,5,20211025,190000,25.06,25.06,25.06,25.06,100,0
IBBQ.US,5,20211025,191000,25.07,25.07,25.07,25.07,2900,0
IBBQ.US,5,20211025,195500,25.0797,25.0797,25.0797,25.0797,121,0
IBBQ.US,5,20211025,200000,25.08,25.08,25.08,25.08,444,0
IBBQ.US,5,20211025,204500,25.11,25.11,25.11,25.11,1650,0
IBBQ.US,5,20211025,215500,25.13,25.13,25.13,25.13,2185,0
IBBQ.US,5,20211026,153000,25.1707,25.1707,25.1707,25.1707,138,0
IBBQ.US,5,20211026,155000,25.04,25.04,25.04,25.04,1393,0
IBBQ.US,5,20211026,160000,25.1509,25.1509,25.1509,25.1509,118,0
IBBQ.US,5,20211026,160500,25.179,25.179,25.179,25.179,500,0
IBBQ.US,5,20211026,165000,25.25,25.25,25.25,25.25,200,0
IBBQ.US,5,20211026,172500,25.255,25.255,25.225,25.225,656,0
IBBQ.US,5,20211026,185500,25.1349,25.15,25.1349,25.15,200,0
IBBQ.US,5,20211026,190000,25.136,25.136,25.136,25.136,100,0
IBBQ.US,5,20211026,191500,25.125,25.125,25.125,25.125,500,0
IBBQ.US,5,20211026,194500,25.1,25.1,25.1,25.1,200,0
IBBQ.US,5,20211026,203000,25.155,25.155,25.155,25.155,100,0
IBBQ.US,5,20211026,210000,25.17,25.17,25.17,25.17,250,0
IBBQ.US,5,20211026,210500,25.19,25.19,25.19,25.19,100,0
IBBQ.US,5,20211026,212000,25.15,25.15,25.15,25.15,100,0
IBBQ.US,5,20211026,215500,25.1,25.1,25.1,25.1,122,0
IBBQ.US,5,20211027,154000,25,25,24.98,24.98,6791,0
IBBQ.US,5,20211027,154500,24.98,24.98,24.98,24.98,134,0
IBBQ.US,5,20211027,160000,24.93,24.93,24.93,24.93,100,0
IBBQ.US,5,20211027,163000,24.8254,24.8254,24.82,24.82,200,0
IBBQ.US,5,20211027,163500,24.815,24.815,24.81,24.81,900,0
IBBQ.US,5,20211027,165000,24.792,24.83,24.792,24.83,1800,0
IBBQ.US,5,20211027,165500,24.86,24.86,24.86,24.86,700,0
IBBQ.US,5,20211027,170000,24.8024,24.8024,24.785,24.785,300,0
IBBQ.US,5,20211027,174000,24.829,24.829,24.829,24.829,200,0
IBBQ.US,5,20211027,184500,24.85,24.85,24.85,24.85,100,0
IBBQ.US,5,20211027,193000,24.875,24.875,24.875,24.875,120,0
IBBQ.US,5,20211027,195500,24.86,24.86,24.86,24.86,200,0
IBBQ.US,5,20211027,200000,24.87,24.87,24.87,24.87,100,0
IBBQ.US,5,20211027,203500,24.87,24.87,24.8575,24.8575,416,0
IBBQ.US,5,20211027,205000,24.86,24.86,24.86,24.86,200,0
IBBQ.US,5,20211027,211000,24.81,24.81,24.81,24.81,171,0
IBBQ.US,5,20211027,211500,24.78,24.78,24.78,24.78,1000,0
IBBQ.US,5,20211027,213000,24.8058,24.8058,24.8,24.8041,300,0
IBBQ.US,5,20211027,215000,24.74,24.74,24.73,24.73,206,0
IBBQ.US,5,20211027,215500,24.73,24.73,24.72,24.72,586,0
IBBQ.US,5,20211028,153000,24.71,24.84,24.71,24.8,2078,0
IBBQ.US,5,20211028,153500,24.82,24.97,24.82,24.96,1899,0
IBBQ.US,5,20211028,154000,24.95,25,24.95,24.96,1912,0
IBBQ.US,5,20211028,154500,24.96,25.04,24.96,25.04,1828,0
IBBQ.US,5,20211028,155000,25.0044,25.0044,25,25,200,0
IBBQ.US,5,20211028,161000,24.9373,24.94,24.9373,24.94,520,0
IBBQ.US,5,20211028,161500,24.9131,24.9131,24.9131,24.9131,550,0
IBBQ.US,5,20211028,162000,24.88,24.89,24.88,24.881,2900,0
IBBQ.US,5,20211028,162500,24.8854,24.8854,24.8854,24.8854,500,0
IBBQ.US,5,20211028,163000,24.8945,24.8945,24.8945,24.8945,1000,0
IBBQ.US,5,20211028,164500,24.99,25.02,24.98,24.98,1600,0
IBBQ.US,5,20211028,165000,24.965,24.965,24.965,24.965,1201,0
IBBQ.US,5,20211028,172500,25.04,25.04,25.04,25.04,844,0
IBBQ.US,5,20211028,180500,25,25,24.9947,24.9947,655,0
IBBQ.US,5,20211028,182500,24.9324,24.9324,24.9324,24.9324,159,0
IBBQ.US,5,20211028,203000,25.025,25.025,25.025,25.025,100,0
IBBQ.US,5,20211028,214000,25.1,25.1,25.1,25.1,200,0
IBBQ.US,5,20211028,215000,25.16,25.16,25.16,25.16,218,0
IBBQ.US,5,20211028,215500,25.16,25.19,25.16,25.19,3948,0
IBBQ.US,5,20211029,153000,25.15,25.15,25.01,25.01,1106,0
IBBQ.US,5,20211029,153500,25.01,25.01,24.96,25,1117,0
IBBQ.US,5,20211029,154000,25.01,25.04,24.96,24.96,1425,0
IBBQ.US,5,20211029,160500,25.07,25.07,25.0401,25.0401,225,0
IBBQ.US,5,20211029,163000,24.9948,24.9948,24.9948,24.9948,400,0
IBBQ.US,5,20211029,170500,25.05,25.05,25.05,25.05,100,0
IBBQ.US,5,20211029,174500,25.06,25.06,25.06,25.06,500,0
IBBQ.US,5,20211029,190000,25.08,25.08,25.08,25.08,100,0
IBBQ.US,5,20211029,192000,25.0857,25.0857,25.0857,25.0857,500,0
IBBQ.US,5,20211029,201500,25.065,25.065,25.065,25.065,200,0
IBBQ.US,5,20211029,212000,25.0545,25.0545,25.0545,25.0545,300,0
IBBQ.US,5,20211029,215500,25.1,25.11,25.09,25.11,1730,0
IBBQ.US,5,20211101,143000,25.07,25.07,25.07,25.07,101,0
IBBQ.US,5,20211101,155500,25.35,25.35,25.35,25.35,200,0
IBBQ.US,5,20211101,161500,25.4141,25.4141,25.4141,25.4141,172,0
IBBQ.US,5,20211101,163000,25.44,25.44,25.44,25.44,500,0
IBBQ.US,5,20211101,171000,25.4299,25.4299,25.3871,25.3871,600,0
IBBQ.US,5,20211101,172500,25.4,25.4,25.4,25.4,100,0
IBBQ.US,5,20211101,191500,25.35,25.35,25.35,25.35,130,0
IBBQ.US,5,20211101,205000,25.4601,25.48,25.4601,25.48,306,0
IBBQ.US,5,20211101,205500,25.46,25.46,25.46,25.46,1918,0
IBBQ.US,5,20211102,143000,25.55,25.55,25.55,25.55,137,0
IBBQ.US,5,20211102,151000,25.45,25.45,25.45,25.45,357,0
IBBQ.US,5,20211102,163500,25.5394,25.5394,25.5394,25.5394,520,0
IBBQ.US,5,20211102,173000,25.5504,25.5504,25.5504,25.5504,100,0
IBBQ.US,5,20211102,191000,25.549,25.549,25.549,25.549,500,0
IBBQ.US,5,20211102,193000,25.56,25.56,25.56,25.56,100,0
IBBQ.US,5,20211102,193500,25.58,25.585,25.58,25.585,600,0
IBBQ.US,5,20211102,194500,25.649,25.6494,25.649,25.6494,400,0
IBBQ.US,5,20211102,195500,25.655,25.655,25.655,25.655,100,0
IBBQ.US,5,20211102,202500,25.595,25.595,25.595,25.595,445,0
IBBQ.US,5,20211102,203500,25.605,25.605,25.605,25.605,300,0
IBBQ.US,5,20211102,204000,25.591,25.591,25.591,25.591,273,0
IBBQ.US,5,20211102,205500,25.72,25.72,25.72,25.72,750,0
IBBQ.US,5,20211103,143000,25.69,25.69,25.56,25.56,1882,0
IBBQ.US,5,20211103,145500,25.74,25.74,25.74,25.74,200,0
IBBQ.US,5,20211103,151000,25.88,25.88,25.88,25.88,117,0
IBBQ.US,5,20211103,151500,25.8925,25.8925,25.8925,25.8925,500,0
IBBQ.US,5,20211103,154500,25.9,25.9,25.9,25.9,500,0
IBBQ.US,5,20211103,161000,25.8819,25.8819,25.8819,25.8819,400,0
IBBQ.US,5,20211103,180500,25.8234,25.8234,25.82,25.82,1566,0
IBBQ.US,5,20211103,190500,25.88,25.88,25.88,25.88,250,0
IBBQ.US,5,20211103,194000,25.98,25.98,25.98,25.98,100,0
IBBQ.US,5,20211103,194500,26,26,26,26,115,0
IBBQ.US,5,20211103,204000,26.07,26.07,26.07,26.07,100,0
IBBQ.US,5,20211103,204500,26.065,26.065,26.065,26.065,100,0
IBBQ.US,5,20211103,205500,26.125,26.15,26.125,26.15,500,0
IBBQ.US,5,20211104,143000,25.84,25.84,25.7,25.7,1911,0
IBBQ.US,5,20211104,143500,25.78,25.78,25.75,25.75,1207,0
IBBQ.US,5,20211104,144500,25.6067,25.6067,25.6067,25.6067,351,0
IBBQ.US,5,20211104,145000,25.61,25.61,25.61,25.61,200,0
IBBQ.US,5,20211104,145500,25.6349,25.6349,25.6349,25.6349,198,0
IBBQ.US,5,20211104,150500,25.65,25.65,25.65,25.65,100,0
IBBQ.US,5,20211104,151000,25.68,25.7,25.68,25.7,458,0
IBBQ.US,5,20211104,151500,25.74,25.74,25.74,25.74,150,0
IBBQ.US,5,20211104,152500,25.7,25.7,25.7,25.7,400,0
IBBQ.US,5,20211104,153000,25.7,25.7,25.7,25.7,100,0
IBBQ.US,5,20211104,153500,25.745,25.745,25.745,25.745,100,0
IBBQ.US,5,20211104,154500,25.7087,25.7087,25.7087,25.7087,100,0
IBBQ.US,5,20211104,161000,25.58,25.58,25.58,25.58,300,0
IBBQ.US,5,20211104,162500,25.4855,25.4855,25.4855,25.4855,100,0
IBBQ.US,5,20211104,164500,25.494,25.494,25.494,25.494,200,0
IBBQ.US,5,20211104,165000,25.47,25.47,25.47,25.47,175,0
IBBQ.US,5,20211104,170500,25.46,25.46,25.46,25.46,129,0
IBBQ.US,5,20211104,171500,25.4763,25.4763,25.4763,25.4763,299,0
IBBQ.US,5,20211104,172000,25.5257,25.5257,25.5257,25.5257,500,0
IBBQ.US,5,20211104,175500,25.536,25.536,25.536,25.536,100,0
IBBQ.US,5,20211104,180000,25.5378,25.5378,25.5378,25.5378,1000,0
IBBQ.US,5,20211104,180500,25.5632,25.57,25.5632,25.57,331,0
IBBQ.US,5,20211104,182500,25.54,25.54,25.54,25.54,1000,0
IBBQ.US,5,20211104,184000,25.55,25.55,25.55,25.55,1500,0
IBBQ.US,5,20211104,205500,25.65,25.65,25.65,25.65,1193,0
IBBQ.US,5,20211105,143000,25.2,25.2,25.2,25.2,414,0
IBBQ.US,5,20211105,144500,25,25.0431,25,25.0431,200,0
IBBQ.US,5,20211105,150000,25.1775,25.1775,25.1775,25.1775,200,0
IBBQ.US,5,20211105,150500,25.1587,25.1587,25.1587,25.1587,200,0
IBBQ.US,5,20211105,152000,25.08,25.08,25.08,25.08,246,0
IBBQ.US,5,20211105,161500,25.09,25.093,25.06,25.082,1500,0
IBBQ.US,5,20211105,162500,25.07,25.07,25.07,25.07,100,0
IBBQ.US,5,20211105,163000,25.05,25.05,25.05,25.05,152,0
IBBQ.US,5,20211105,164000,25.059,25.059,25.0153,25.0153,1325,0
IBBQ.US,5,20211105,164500,25.0182,25.0182,25.0182,25.0182,200,0
IBBQ.US,5,20211105,165500,25,25,25,25,300,0
IBBQ.US,5,20211105,171500,24.935,24.96,24.935,24.96,200,0
IBBQ.US,5,20211105,172500,24.91,24.91,24.91,24.91,610,0
IBBQ.US,5,20211105,173000,24.91,24.91,24.91,24.91,200,0
IBBQ.US,5,20211105,174000,24.8641,24.8641,24.8641,24.8641,1204,0
IBBQ.US,5,20211105,174500,24.86,24.86,24.8,24.8,3200,0
IBBQ.US,5,20211105,180500,24.795,24.795,24.795,24.795,2000,0
IBBQ.US,5,20211105,181500,24.679,24.679,24.679,24.679,200,0
IBBQ.US,5,20211105,182000,24.7052,24.7052,24.7052,24.7052,1740,0
IBBQ.US,5,20211105,184500,24.7336,24.7336,24.7336,24.7336,500,0
IBBQ.US,5,20211105,192000,24.85,24.85,24.85,24.85,100,0
IBBQ.US,5,20211105,193000,24.815,24.84,24.815,24.84,500,0
IBBQ.US,5,20211105,194000,24.8317,24.8317,24.8317,24.8317,150,0
IBBQ.US,5,20211105,202500,24.8687,24.8687,24.8687,24.8687,200,0
IBBQ.US,5,20211105,204000,24.915,24.915,24.9103,24.9103,300,0
IBBQ.US,5,20211105,205500,25.02,25.02,25.02,25.02,475,0
IBBQ.US,5,20211108,153500,25.05,25.05,25.05,25.05,107,0
IBBQ.US,5,20211108,160000,25.11,25.11,25.0707,25.0707,2000,0
IBBQ.US,5,20211108,161500,24.9912,24.9912,24.9912,24.9912,248,0
IBBQ.US,5,20211108,162000,24.9953,24.9953,24.9953,24.9953,2250,0
IBBQ.US,5,20211108,162500,25.085,25.085,25.085,25.085,999,0
IBBQ.US,5,20211108,171500,25.0102,25.0102,25.0102,25.0102,400,0
IBBQ.US,5,20211108,173000,25.03,25.03,25.03,25.03,300,0
IBBQ.US,5,20211108,173500,25,25,25,25,200,0
IBBQ.US,5,20211108,174000,25,25,25,25,200,0
IBBQ.US,5,20211108,174500,25,25,25,25,200,0
IBBQ.US,5,20211108,175000,24.99,24.99,24.99,24.99,318,0
IBBQ.US,5,20211108,175500,24.98,24.98,24.98,24.98,200,0
IBBQ.US,5,20211108,180500,24.95,24.95,24.95,24.95,300,0
IBBQ.US,5,20211108,181000,24.92,24.92,24.92,24.92,200,0
IBBQ.US,5,20211108,181500,24.91,24.91,24.91,24.91,200,0
IBBQ.US,5,20211108,182000,24.95,24.95,24.95,24.95,200,0
IBBQ.US,5,20211108,182500,24.9375,24.95,24.91,24.91,1150,0
IBBQ.US,5,20211108,183000,24.95,24.95,24.95,24.95,200,0
IBBQ.US,5,20211108,183500,24.94,24.94,24.94,24.94,100,0
IBBQ.US,5,20211108,184000,24.93,24.93,24.93,24.93,200,0
IBBQ.US,5,20211108,184500,24.93,24.93,24.93,24.93,200,0
IBBQ.US,5,20211108,185000,24.92,24.92,24.92,24.92,200,0
IBBQ.US,5,20211108,185500,24.91,24.91,24.91,24.91,300,0
IBBQ.US,5,20211108,190500,24.92,24.92,24.92,24.92,400,0
IBBQ.US,5,20211108,191500,24.95,24.95,24.95,24.95,200,0
IBBQ.US,5,20211108,192000,24.95,24.95,24.95,24.95,400,0
IBBQ.US,5,20211108,193000,24.94,24.94,24.94,24.94,200,0
IBBQ.US,5,20211108,193500,24.94,24.94,24.94,24.94,200,0
IBBQ.US,5,20211108,194000,24.95,24.95,24.9383,24.9383,350,0
IBBQ.US,5,20211108,194500,24.97,24.97,24.97,24.97,300,0
IBBQ.US,5,20211108,195000,24.98,24.98,24.98,24.98,200,0
IBBQ.US,5,20211108,200000,24.99,24.99,24.99,24.99,200,0
IBBQ.US,5,20211108,200500,25.01,25.01,25.01,25.01,200,0
IBBQ.US,5,20211108,201000,25.01,25.01,25.01,25.01,200,0
IBBQ.US,5,20211108,201500,24.98,24.98,24.98,24.98,200,0
IBBQ.US,5,20211108,202000,24.97,24.97,24.97,24.97,200,0
IBBQ.US,5,20211108,202500,24.94,24.94,24.94,24.94,300,0
IBBQ.US,5,20211108,203500,24.97,24.97,24.97,24.97,200,0
IBBQ.US,5,20211108,204000,24.97,24.97,24.96,24.96,400,0
IBBQ.US,5,20211108,205000,24.98,24.98,24.965,24.965,350,0
IBBQ.US,5,20211108,205500,24.97,24.97,24.97,24.97,300,0
IBBQ.US,5,20211108,210000,24.96,24.96,24.96,24.96,200,0
IBBQ.US,5,20211108,210500,24.97,24.97,24.97,24.97,200,0
IBBQ.US,5,20211108,211000,24.97,24.97,24.97,24.97,200,0
IBBQ.US,5,20211108,211500,24.96,24.96,24.95,24.9501,4523,0
IBBQ.US,5,20211108,212500,25,25,24.9892,24.9892,440,0
IBBQ.US,5,20211108,213000,24.99,24.99,24.99,24.99,200,0
IBBQ.US,5,20211108,213500,25.02,25.02,25.02,25.02,200,0
IBBQ.US,5,20211108,214000,25.01,25.01,25.01,25.01,300,0
IBBQ.US,5,20211108,215000,24.98,24.98,24.98,24.98,200,0
IBBQ.US,5,20211108,215500,25.01,25.04,25.01,25.04,2444,0
IBBQ.US,5,20211109,153000,25.12,25.12,25.12,25.12,815,0
IBBQ.US,5,20211109,154500,24.9108,24.9108,24.9108,24.9108,220,0
IBBQ.US,5,20211109,155500,24.88,24.88,24.88,24.88,200,0
IBBQ.US,5,20211109,161000,24.829,24.829,24.829,24.829,150,0
IBBQ.US,5,20211109,164500,24.82,24.82,24.82,24.82,200,0
IBBQ.US,5,20211109,175000,24.8354,24.8354,24.8354,24.8354,100,0
IBBQ.US,5,20211109,182500,24.8,24.8,24.77,24.77,2596,0
IBBQ.US,5,20211109,210500,24.77,24.77,24.75,24.75,550,0
IBBQ.US,5,20211109,215500,24.73,24.73,24.73,24.73,800,0
IBBQ.US,5,20211110,153000,24.71,24.78,24.68,24.78,2755,0
IBBQ.US,5,20211110,160500,24.9,24.9,24.9,24.9,100,0
IBBQ.US,5,20211110,163000,24.8987,24.8987,24.8987,24.8987,100,0
IBBQ.US,5,20211110,165500,24.8079,24.8079,24.8079,24.8079,100,0
IBBQ.US,5,20211110,172500,24.8549,24.8549,24.8549,24.8549,200,0
IBBQ.US,5,20211110,183000,24.8072,24.8072,24.8072,24.8072,200,0
IBBQ.US,5,20211110,184000,24.7594,24.7594,24.7594,24.7594,500,0
IBBQ.US,5,20211110,200000,24.61,24.61,24.6,24.6,350,0
IBBQ.US,5,20211110,200500,24.55,24.55,24.55,24.55,300,0
IBBQ.US,5,20211110,201500,24.5539,24.5539,24.5539,24.5539,204,0
IBBQ.US,5,20211110,202000,24.51,24.51,24.5,24.5,680,0
IBBQ.US,5,20211110,203000,24.4508,24.4508,24.4508,24.4508,1363,0
IBBQ.US,5,20211110,203500,24.44,24.44,24.44,24.44,150,0
IBBQ.US,5,20211110,204500,24.4301,24.4301,24.4301,24.4301,100,0
IBBQ.US,5,20211110,211000,24.47,24.47,24.4697,24.4697,1200,0
IBBQ.US,5,20211110,211500,24.462,24.462,24.462,24.462,200,0
IBBQ.US,5,20211110,213000,24.46,24.46,24.46,24.46,100,0
IBBQ.US,5,20211110,215500,24.44,24.44,24.41,24.41,1302,0
IBBQ.US,5,20211111,153000,24.48,24.48,24.48,24.48,300,0
IBBQ.US,5,20211111,154000,24.46,24.46,24.46,24.46,801,0
IBBQ.US,5,20211111,154500,24.4951,24.4951,24.4951,24.4951,408,0
IBBQ.US,5,20211111,161000,24.4412,24.4412,24.425,24.425,300,0
IBBQ.US,5,20211111,161500,24.4205,24.4205,24.4205,24.4205,100,0
IBBQ.US,5,20211111,163000,24.35,24.35,24.35,24.35,100,0
IBBQ.US,5,20211111,164500,24.3,24.3,24.3,24.3,300,0
IBBQ.US,5,20211111,165000,24.275,24.275,24.275,24.275,100,0
IBBQ.US,5,20211111,174000,24.3617,24.3617,24.3617,24.3617,1000,0
IBBQ.US,5,20211111,180500,24.3086,24.3086,24.3086,24.3086,718,0
IBBQ.US,5,20211111,192000,24.3556,24.3556,24.3556,24.3556,145,0
IBBQ.US,5,20211111,201500,24.41,24.41,24.41,24.41,200,0
IBBQ.US,5,20211111,202500,24.42,24.42,24.41,24.41,300,0
IBBQ.US,5,20211111,203000,24.41,24.41,24.41,24.41,300,0
IBBQ.US,5,20211111,203500,24.42,24.42,24.4156,24.4156,2848,0
IBBQ.US,5,20211111,205000,24.3621,24.3621,24.3621,24.3621,250,0
IBBQ.US,5,20211111,215500,24.37,24.38,24.37,24.38,1036,0
