<TICKER>,<PER>,<DATE>,<TIME>,<OPEN>,<HIGH>,<LOW>,<CLOSE>,<VOL>,<OPENINT>
LVTX.US,5,20210922,153000,6.05,6.05,6.05,6.05,224,0
LVTX.US,5,20210922,153500,6.2004,6.2004,6.01,6.02,300,0
LVTX.US,5,20210922,154000,6.1,6.1,6.1,6.1,100,0
LVTX.US,5,20210922,154500,6.1806,6.1806,6.1806,6.1806,200,0
LVTX.US,5,20210922,155500,6,6.2127,6,6,300,0
LVTX.US,5,20210922,160000,6,6,5.95,5.96,5181,0
LVTX.US,5,20210922,162500,5.97,5.97,5.95,5.9581,1673,0
LVTX.US,5,20210922,164000,5.945,5.945,5.945,5.945,300,0
LVTX.US,5,20210922,170500,5.9,5.9,5.85,5.89,1778,0
LVTX.US,5,20210922,172000,5.89,5.89,5.89,5.89,100,0
LVTX.US,5,20210922,175000,5.9,5.9,5.9,5.9,400,0
LVTX.US,5,20210922,175500,5.9,5.9,5.73,5.73,200,0
LVTX.US,5,20210922,180000,5.97,5.97,5.97,5.97,100,0
LVTX.US,5,20210922,181000,5.9,5.98,5.9,5.98,200,0
LVTX.US,5,20210922,182000,5.91,5.97,5.91,5.97,200,0
LVTX.US,5,20210922,182500,5.92,5.92,5.92,5.92,100,0
LVTX.US,5,20210922,183500,5.9,5.9,5.9,5.9,340,0
LVTX.US,5,20210922,185000,5.9,5.9,5.9,5.9,100,0
LVTX.US,5,20210922,191500,5.73,5.73,5.73,5.73,100,0
LVTX.US,5,20210922,192500,5.825,5.825,5.825,5.825,1500,0
LVTX.US,5,20210922,193500,5.8,5.81,5.73,5.73,300,0
LVTX.US,5,20210922,194000,5.65,5.8129,5.65,5.78,2600,0
LVTX.US,5,20210922,194500,5.78,5.8,5.78,5.8,1310,0
LVTX.US,5,20210922,195000,5.92,5.92,5.92,5.92,100,0
LVTX.US,5,20210922,200000,5.8,6,5.8,5.895,400,0
LVTX.US,5,20210922,200500,5.99,5.99,5.99,5.99,100,0
LVTX.US,5,20210922,201000,5.83,5.96,5.7,5.845,3643,0
LVTX.US,5,20210922,201500,5.73,5.73,5.73,5.73,100,0
LVTX.US,5,20210922,202000,6.24,6.24,6.24,6.24,100,0
LVTX.US,5,20210922,202500,5.72,5.91,5.72,5.91,300,0
LVTX.US,5,20210922,203000,5.9,5.9,5.9,5.9,100,0
LVTX.US,5,20210922,203500,5.9,5.9,5.9,5.9,100,0
LVTX.US,5,20210922,204000,5.92,5.92,5.92,5.92,100,0
LVTX.US,5,20210922,204500,5.9,5.9,5.7575,5.9,500,0
LVTX.US,5,20210922,205000,6,6,6,6,200,0
LVTX.US,5,20210922,205500,6,6,5.85,5.85,200,0
LVTX.US,5,20210922,210000,6,6,6,6,100,0
LVTX.US,5,20210922,210500,6,6,6,6,100,0
LVTX.US,5,20210922,211000,6,6,6,6,100,0
LVTX.US,5,20210922,211500,6,6,6,6,100,0
LVTX.US,5,20210922,213000,5.955,5.955,5.9502,5.9502,200,0
LVTX.US,5,20210922,213500,5.955,5.955,5.82,5.955,300,0
LVTX.US,5,20210922,214000,5.9,5.96,5.83,5.83,405,0
LVTX.US,5,20210922,214500,5.83,5.885,5.83,5.885,500,0
LVTX.US,5,20210922,215000,5.885,5.91,5.885,5.885,400,0
LVTX.US,5,20210922,215500,5.91,6,5.89,5.89,1783,0
LVTX.US,5,20210923,153000,5.9,5.9,5.9,5.9,196,0
LVTX.US,5,20210923,154500,6.04,6.04,6.04,6.04,100,0
LVTX.US,5,20210923,160000,6.06,6.06,6.06,6.06,100,0
LVTX.US,5,20210923,161000,6.06,6.06,6.06,6.06,100,0
LVTX.US,5,20210923,162000,6.05,6.05,6.05,6.05,100,0
LVTX.US,5,20210923,163000,6.06,6.06,6.06,6.06,100,0
LVTX.US,5,20210923,164500,6.06,6.06,5.9079,5.9079,209,0
LVTX.US,5,20210923,165500,6.06,6.06,6.06,6.06,100,0
LVTX.US,5,20210923,171000,6.04,6.04,6.04,6.04,100,0
LVTX.US,5,20210923,171500,6.03,6.1776,6.03,6.1776,12300,0
LVTX.US,5,20210923,172000,6.07,6.17,5.94,6.17,900,0
LVTX.US,5,20210923,173500,6.16,6.16,6.16,6.16,100,0
LVTX.US,5,20210923,175500,6.15,6.15,6.15,6.15,100,0
LVTX.US,5,20210923,180500,6.1319,6.1319,6.1319,6.1319,120,0
LVTX.US,5,20210923,181000,6.15,6.15,6.15,6.15,100,0
LVTX.US,5,20210923,182000,6.055,6.15,6.055,6.15,500,0
LVTX.US,5,20210923,183500,6.15,6.15,6.15,6.15,200,0
LVTX.US,5,20210923,185500,6.15,6.15,6.15,6.15,100,0
LVTX.US,5,20210923,190000,6.15,6.16,6.15,6.16,400,0
LVTX.US,5,20210923,191500,6.16,6.16,6.16,6.16,100,0
LVTX.US,5,20210923,194000,6.14,6.14,6.14,6.14,100,0
LVTX.US,5,20210923,200000,6.15,6.15,6.15,6.15,100,0
LVTX.US,5,20210923,201000,6.14,6.14,6.14,6.14,100,0
LVTX.US,5,20210923,203000,6.14,6.14,6.14,6.14,100,0
LVTX.US,5,20210923,204000,6.15,6.15,6.15,6.15,100,0
LVTX.US,5,20210923,210000,6.15,6.15,6.15,6.15,500,0
LVTX.US,5,20210923,211000,6.15,6.15,6.09,6.09,600,0
LVTX.US,5,20210923,212000,6.15,6.15,6.15,6.15,100,0
LVTX.US,5,20210923,213500,6.14,6.14,6.14,6.14,100,0
LVTX.US,5,20210923,214000,6.13,6.13,6.1,6.1,360,0
LVTX.US,5,20210923,214500,6.15,6.15,6.09,6.09,200,0
LVTX.US,5,20210923,215000,6.05,6.115,6.01,6.03,2204,0
LVTX.US,5,20210923,215500,6.06,6.15,5.9988,6.15,1800,0
LVTX.US,5,20210924,153000,6.07,6.07,6.07,6.07,269,0
LVTX.US,5,20210924,154500,6.15,6.15,6.15,6.15,823,0
LVTX.US,5,20210924,160000,6.134,6.134,6.134,6.134,400,0
LVTX.US,5,20210924,162000,6.1355,6.1355,6.1355,6.1355,600,0
LVTX.US,5,20210924,164000,6.14,6.15,6.075,6.15,2800,0
LVTX.US,5,20210924,170500,6.05,6.05,6.05,6.05,100,0
LVTX.US,5,20210924,171000,6.1283,6.1283,6.1283,6.1283,100,0
LVTX.US,5,20210924,171500,6.15,6.15,6.15,6.15,100,0
LVTX.US,5,20210924,184500,6.1176,6.1176,6.1176,6.1176,1960,0
LVTX.US,5,20210924,213000,6.0269,6.0707,6.0269,6.0707,500,0
LVTX.US,5,20210924,215000,6.09,6.09,6.09,6.09,100,0
LVTX.US,5,20210924,215500,6.07,6.1,6,6,1135,0
LVTX.US,5,20210927,153000,5.98,6.34,5.98,6.34,1003,0
LVTX.US,5,20210927,153500,6.17,6.2851,6.17,6.2851,400,0
LVTX.US,5,20210927,154000,6.3069,6.3069,6.3069,6.3069,200,0
LVTX.US,5,20210927,155500,5.9955,6.1666,5.9955,6.1666,250,0
LVTX.US,5,20210927,160500,6.26,6.29,6.26,6.29,715,0
LVTX.US,5,20210927,162000,6.2891,6.2891,6.2891,6.2891,120,0
LVTX.US,5,20210927,162500,6.3086,6.3086,6,6,680,0
LVTX.US,5,20210927,163000,6,6,6,6,500,0
LVTX.US,5,20210927,170000,6.15,6.15,6.15,6.15,1000,0
LVTX.US,5,20210927,170500,6.15,6.15,6.15,6.15,807,0
LVTX.US,5,20210927,193500,6.03,6.03,6.03,6.03,100,0
LVTX.US,5,20210927,200500,6.08,6.23,6,6,3856,0
LVTX.US,5,20210927,213500,5.97,5.97,5.97,5.97,100,0
LVTX.US,5,20210927,214500,5.99,6.1,5.94,6.1,1700,0
LVTX.US,5,20210927,215000,6.24,6.24,6.24,6.24,100,0
LVTX.US,5,20210927,215500,6.2,6.2,5.94,6.095,602,0
LVTX.US,5,20210928,153000,6.07,6.1891,6.07,6.1891,309,0
LVTX.US,5,20210928,153500,6.19,6.25,6.19,6.25,700,0
LVTX.US,5,20210928,155000,6.0001,6.0101,6.0001,6.0101,5000,0
LVTX.US,5,20210928,161500,6.02,6.02,6,6,754,0
LVTX.US,5,20210928,162000,6.175,6.175,6.04,6.04,200,0
LVTX.US,5,20210928,172000,6.01,6.04,5.87,5.87,3834,0
LVTX.US,5,20210928,180000,5.8301,5.8301,5.8301,5.8301,500,0
LVTX.US,5,20210928,180500,5.9817,5.9817,5.9817,5.9817,2000,0
LVTX.US,5,20210928,182000,5.87,5.9703,5.76,5.76,550,0
LVTX.US,5,20210928,182500,5.75,5.75,5.75,5.75,200,0
LVTX.US,5,20210928,190000,5.8411,5.8411,5.8411,5.8411,500,0
LVTX.US,5,20210928,194000,5.948,5.948,5.948,5.948,200,0
LVTX.US,5,20210928,200500,5.83,5.83,5.81,5.81,300,0
LVTX.US,5,20210928,201500,5.8035,5.8035,5.8035,5.8035,170,0
LVTX.US,5,20210928,202000,5.81,5.81,5.81,5.81,230,0
LVTX.US,5,20210928,203000,5.8,5.8,5.8,5.8,100,0
LVTX.US,5,20210928,204000,5.7999,5.7999,5.7999,5.7999,200,0
LVTX.US,5,20210928,205000,5.79,5.8,5.79,5.8,2624,0
LVTX.US,5,20210928,210500,5.9,5.9,5.8001,5.8001,908,0
LVTX.US,5,20210928,213500,5.87,5.8898,5.87,5.8898,800,0
LVTX.US,5,20210928,214000,5.81,5.82,5.8,5.815,2720,0
LVTX.US,5,20210928,215500,5.77,5.8,5.76,5.8,1346,0
LVTX.US,5,20210929,153000,6.08,6.08,6.08,6.08,784,0
LVTX.US,5,20210929,163000,5.81,5.81,5.81,5.81,100,0
LVTX.US,5,20210929,163500,5.9,5.9,5.9,5.9,400,0
LVTX.US,5,20210929,174500,6.0198,6.0198,6.0198,6.0198,160,0
LVTX.US,5,20210929,175500,5.83,5.83,5.83,5.83,100,0
LVTX.US,5,20210929,180000,5.8,5.8,5.8,5.8,100,0
LVTX.US,5,20210929,183000,5.82,5.93,5.801,5.93,2698,0
LVTX.US,5,20210929,183500,5.855,5.855,5.855,5.855,100,0
LVTX.US,5,20210929,194500,5.89,5.89,5.89,5.89,100,0
LVTX.US,5,20210929,203000,5.865,5.865,5.865,5.865,3498,0
LVTX.US,5,20210929,203500,5.865,5.9,5.865,5.9,4450,0
LVTX.US,5,20210929,210000,5.975,5.975,5.975,5.975,207,0
LVTX.US,5,20210929,210500,5.96,6.03,5.96,6.03,500,0
LVTX.US,5,20210929,211000,6.05,6.05,6.05,6.05,400,0
LVTX.US,5,20210929,211500,6.03,6.03,6,6.03,2851,0
LVTX.US,5,20210929,212000,6,6.08,6,6,97900,0
LVTX.US,5,20210929,215000,5.99,6.02,5.99,6.02,200,0
LVTX.US,5,20210929,215500,6.02,6.1,6.02,6.1,300,0
LVTX.US,5,20210930,153000,6.13,6.14,6.1,6.1,2066,0
LVTX.US,5,20210930,154000,6.1,6.1,6.1,6.1,200,0
LVTX.US,5,20210930,163000,6.08,6.08,6.08,6.08,200,0
LVTX.US,5,20210930,164000,6.065,6.065,6.04,6.04,200,0
LVTX.US,5,20210930,165500,6.08,6.08,5.86,5.86,600,0
LVTX.US,5,20210930,172000,6.06,6.06,6.06,6.06,100,0
LVTX.US,5,20210930,172500,5.83,5.83,5.83,5.83,100,0
LVTX.US,5,20210930,180000,5.975,6.05,5.975,5.975,1621,0
LVTX.US,5,20210930,180500,6.045,6.05,6.04,6.05,1482,0
LVTX.US,5,20210930,181500,6.04,6.04,6.04,6.04,100,0
LVTX.US,5,20210930,183000,6.03,6.03,6.03,6.03,100,0
LVTX.US,5,20210930,184000,6.05,6.05,6.05,6.05,100,0
LVTX.US,5,20210930,185000,5.975,6.05,5.975,6.05,200,0
LVTX.US,5,20210930,190000,6.05,6.05,6.05,6.05,100,0
LVTX.US,5,20210930,190500,6.05,6.05,6.05,6.05,100,0
LVTX.US,5,20210930,192000,6.05,6.05,6.05,6.05,100,0
LVTX.US,5,20210930,193000,6.05,6.05,6.05,6.05,100,0
LVTX.US,5,20210930,194000,6.03,6.03,6.03,6.03,100,0
LVTX.US,5,20210930,194500,6.03,6.03,5.9,5.9,500,0
LVTX.US,5,20210930,200000,6.03,6.03,6.03,6.03,100,0
LVTX.US,5,20210930,200500,6.0211,6.0211,6.0211,6.0211,150,0
LVTX.US,5,20210930,201500,6,6.02,6,6.02,200,0
LVTX.US,5,20210930,202000,6.02,6.02,6.02,6.02,100,0
LVTX.US,5,20210930,203000,6.02,6.02,6.02,6.02,100,0
LVTX.US,5,20210930,203500,6.02,6.02,6.02,6.02,100,0
LVTX.US,5,20210930,204000,6.03,6.03,6.03,6.03,100,0
LVTX.US,5,20210930,204500,6.02,6.03,6.02,6.03,800,0
LVTX.US,5,20210930,205000,6.02,6.02,6.02,6.02,100,0
LVTX.US,5,20210930,211000,6.03,6.03,6.03,6.03,100,0
LVTX.US,5,20210930,212000,6.02,6.02,6.02,6.02,198,0
LVTX.US,5,20210930,213500,5.975,6.03,5.97,5.98,1300,0
LVTX.US,5,20210930,214000,5.98,5.985,5.97,5.985,500,0
LVTX.US,5,20210930,214500,5.97,6,5.97,5.97,898,0
LVTX.US,5,20210930,215000,5.925,6.03,5.92,6.02,15093,0
LVTX.US,5,20210930,215500,6.02,6.03,5.92,5.92,3105,0
LVTX.US,5,20211001,153000,6.04,6.1,6.04,6.09,1762,0
LVTX.US,5,20211001,153500,6.08,6.08,6.04,6.07,400,0
LVTX.US,5,20211001,154000,6.06,6.06,6.04,6.04,800,0
LVTX.US,5,20211001,160500,6.02,6.02,6,6.02,3000,0
LVTX.US,5,20211001,161000,5.98,5.98,5.98,5.98,100,0
LVTX.US,5,20211001,162000,5.935,5.935,5.935,5.935,620,0
LVTX.US,5,20211001,164500,5.93,5.93,5.93,5.93,100,0
LVTX.US,5,20211001,165500,5.93,5.93,5.93,5.93,500,0
LVTX.US,5,20211001,172000,5.9,5.9,5.9,5.9,881,0
LVTX.US,5,20211001,174000,5.89,5.9,5.86,5.86,1770,0
LVTX.US,5,20211001,211500,6.08,6.08,6.08,6.08,100,0
LVTX.US,5,20211001,212000,5.9069,5.9069,5.9069,5.9069,100,0
LVTX.US,5,20211001,213000,5.985,5.985,5.985,5.985,200,0
LVTX.US,5,20211001,215500,6.07,6.07,6.07,6.07,100,0
LVTX.US,5,20211004,153000,6.12,6.14,5.94,5.94,1450,0
LVTX.US,5,20211004,154500,6.4181,6.4181,6.4181,6.4181,100,0
LVTX.US,5,20211004,160500,6.3852,6.3852,6.3852,6.3852,192,0
LVTX.US,5,20211004,162000,6.23,6.23,6.23,6.23,200,0
LVTX.US,5,20211004,163000,6.12,6.12,5.96,5.96,1950,0
LVTX.US,5,20211004,163500,6.18,6.2,6.18,6.2,200,0
LVTX.US,5,20211004,165500,6.15,6.2,6.15,6.2,200,0
LVTX.US,5,20211004,170000,6.18,6.18,6.18,6.18,100,0
LVTX.US,5,20211004,171000,6.19,6.19,6.18,6.18,500,0
LVTX.US,5,20211004,174500,6.197,6.197,6.197,6.197,400,0
LVTX.US,5,20211004,180500,6.19,6.19,6.19,6.19,100,0
LVTX.US,5,20211004,182000,6.17,6.17,6.17,6.17,100,0
LVTX.US,5,20211004,183500,6.08,6.08,6.06,6.075,1305,0
LVTX.US,5,20211004,192000,6.14,6.14,6.14,6.14,100,0
LVTX.US,5,20211004,203000,6.17,6.17,6.17,6.17,200,0
LVTX.US,5,20211004,210500,6.14,6.15,6.13,6.15,400,0
LVTX.US,5,20211004,213000,6.15,6.2,6.14,6.2,1648,0
LVTX.US,5,20211004,215000,6.2,6.2,6.2,6.2,100,0
LVTX.US,5,20211004,215500,6.2,6.2,6.1737,6.1737,1104,0
LVTX.US,5,20211005,153000,6.18,6.18,6.18,6.18,208,0
LVTX.US,5,20211005,155000,6.25,6.27,6.17,6.17,10593,0
LVTX.US,5,20211005,160000,6.2361,6.2361,6.1896,6.1896,401,0
LVTX.US,5,20211005,160500,6.18,6.18,6.18,6.18,100,0
LVTX.US,5,20211005,163000,6.173,6.24,6.08,6.24,2738,0
LVTX.US,5,20211005,171000,6.18,6.21,6.18,6.21,200,0
LVTX.US,5,20211005,174500,6.335,6.335,6.335,6.335,100,0
LVTX.US,5,20211005,190000,6.1193,6.1193,6.1193,6.1193,100,0
LVTX.US,5,20211005,193000,6.19,6.19,6.19,6.19,800,0
LVTX.US,5,20211005,202500,6.1317,6.1317,6.1317,6.1317,100,0
LVTX.US,5,20211005,203500,6.1,6.1,6.1,6.1,680,0
LVTX.US,5,20211005,214000,5.9776,6.1432,5.9776,6.1432,300,0
LVTX.US,5,20211005,215500,6.17,6.18,5.95,6.07,2596,0
LVTX.US,5,20211006,153000,5.97,5.97,5.97,5.97,137,0
LVTX.US,5,20211006,154500,6.19,6.19,6.19,6.19,300,0
LVTX.US,5,20211006,163000,6.125,6.125,6.125,6.125,100,0
LVTX.US,5,20211006,175500,6.01,6.01,6.01,6.01,100,0
LVTX.US,5,20211006,191000,6.03,6.05,6.01,6.05,600,0
LVTX.US,5,20211006,213000,6.24,6.24,6.24,6.24,100,0
LVTX.US,5,20211006,215500,6.24,6.24,6.24,6.24,133,0
LVTX.US,5,20211007,160500,6.0338,6.0338,6.0338,6.0338,250,0
LVTX.US,5,20211007,161000,6.01,6.01,6.01,6.01,100,0
LVTX.US,5,20211007,162500,6.01,6.13,6.01,6.13,1600,0
LVTX.US,5,20211007,163000,6.391,6.391,6.391,6.391,780,0
LVTX.US,5,20211007,171000,6.27,6.27,6.27,6.27,100,0
LVTX.US,5,20211007,173000,6.3899,6.3899,6.2,6.2,1550,0
LVTX.US,5,20211007,173500,6.3626,6.3626,6.3626,6.3626,482,0
LVTX.US,5,20211007,182000,6.04,6.12,6,6.001,800,0
LVTX.US,5,20211007,182500,6.1896,6.1896,6.1896,6.1896,480,0
LVTX.US,5,20211007,185500,6.06,6.06,6.05,6.05,600,0
LVTX.US,5,20211007,191000,6.0627,6.0627,6.0627,6.0627,100,0
LVTX.US,5,20211007,194500,6.16,6.16,6.16,6.16,200,0
LVTX.US,5,20211007,200000,6.05,6.09,6.05,6.09,1477,0
LVTX.US,5,20211007,201500,6.05,6.05,6.05,6.05,100,0
LVTX.US,5,20211007,203000,6.07,6.07,6.07,6.07,100,0
LVTX.US,5,20211007,205000,6.06,6.06,6.05,6.06,2738,0
LVTX.US,5,20211007,210000,6.05,6.05,6.05,6.05,100,0
LVTX.US,5,20211007,210500,6.06,6.06,6.06,6.06,100,0
LVTX.US,5,20211007,214500,6.05,6.05,6.05,6.05,186,0
LVTX.US,5,20211007,215500,6.05,6.2,6.05,6.08,827,0
LVTX.US,5,20211008,153000,5.96,6.3531,5.96,6.3531,2391,0
LVTX.US,5,20211008,155000,6.2498,6.2498,6.2498,6.2498,100,0
LVTX.US,5,20211008,160000,6.2526,6.2526,6.2526,6.2526,100,0
LVTX.US,5,20211008,162000,6.2,6.2,6.2,6.2,100,0
LVTX.US,5,20211008,190500,6.14,6.16,6.14,6.16,200,0
LVTX.US,5,20211008,203000,6.2,6.2,6.15,6.19,900,0
LVTX.US,5,20211008,203500,6.15,6.3,6.15,6.3,3166,0
LVTX.US,5,20211008,204000,6.1186,6.2,6.1186,6.2,700,0
LVTX.US,5,20211008,204500,6.3,6.3,6.3,6.3,1300,0
LVTX.US,5,20211008,205000,6.3,6.3,6.3,6.3,600,0
LVTX.US,5,20211008,205500,6.3,6.3,6.3,6.3,600,0
LVTX.US,5,20211008,210000,6.3,6.3,6.28,6.28,895,0
LVTX.US,5,20211008,210500,6.3,6.35,6.3,6.35,6740,0
LVTX.US,5,20211008,211000,6.4,6.49,6.4,6.49,795,0
LVTX.US,5,20211008,211500,6.48,6.51,6.43,6.43,800,0
LVTX.US,5,20211008,212000,6.43,6.54,6.43,6.54,1494,0
LVTX.US,5,20211008,212500,6.6,6.74,6.59,6.73,1041,0
LVTX.US,5,20211008,213000,6.7,6.78,6.5385,6.78,2065,0
LVTX.US,5,20211008,213500,6.81,7,6.755,6.82,4613,0
LVTX.US,5,20211008,214000,7,7.0228,6.8,6.9,8352,0
LVTX.US,5,20211008,214500,6.98,7.4,6.925,7,1796,0
LVTX.US,5,20211008,215000,7.38,7.38,7.38,7.38,300,0
LVTX.US,5,20211008,215500,7.35,7.3503,7.1,7.11,5557,0
LVTX.US,5,20211011,153000,7.26,7.26,7.26,7.26,286,0
LVTX.US,5,20211011,155500,7.259,7.259,6.95,6.95,382,0
LVTX.US,5,20211011,160500,6.905,6.905,6.905,6.905,177,0
LVTX.US,5,20211011,163000,6.5301,6.5301,6.5301,6.5301,160,0
LVTX.US,5,20211011,163500,7.02,7.02,6.95,6.95,1050,0
LVTX.US,5,20211011,164000,7.26,7.26,7.26,7.26,250,0
LVTX.US,5,20211011,165000,6.53,6.53,6.53,6.53,100,0
LVTX.US,5,20211011,173500,6.9543,6.9543,6.9,6.9,344,0
LVTX.US,5,20211011,174500,6.99,6.99,6.99,6.99,100,0
LVTX.US,5,20211011,202500,7.1,7.1,7.1,7.1,450,0
LVTX.US,5,20211011,211500,6.98,6.98,6.98,6.98,100,0
LVTX.US,5,20211011,212000,7,7,7,7,1089,0
LVTX.US,5,20211011,212500,6.8064,6.8064,6.7628,6.7628,1588,0
LVTX.US,5,20211011,213000,6.76,6.76,6.76,6.76,300,0
LVTX.US,5,20211011,214000,7.1,7.1,7.1,7.1,100,0
LVTX.US,5,20211011,215500,6.76,7,6.76,7,751,0
LVTX.US,5,20211012,153000,6.85,6.85,6.85,6.85,205,0
LVTX.US,5,20211012,153500,6.6441,6.6441,6.6441,6.6441,450,0
LVTX.US,5,20211012,155500,7.31,7.31,7.06,7.07,300,0
LVTX.US,5,20211012,160000,7.212,7.214,7.2,7.2,500,0
LVTX.US,5,20211012,163000,7.2,7.2,7.2,7.2,1000,0
LVTX.US,5,20211012,163500,7.2,7.2,7.2,7.2,500,0
LVTX.US,5,20211012,173000,7.1,7.1,7.1,7.1,500,0
LVTX.US,5,20211012,174000,7,7,7,7,100,0
LVTX.US,5,20211012,184000,6.9089,6.9089,6.9089,6.9089,2236,0
LVTX.US,5,20211012,204000,7.075,7.075,7.075,7.075,1000,0
LVTX.US,5,20211012,211000,7.075,7.075,7.075,7.075,200,0
LVTX.US,5,20211012,215000,7.1561,7.1561,7.1561,7.1561,278,0
LVTX.US,5,20211012,215500,6.9001,7.18,6.9001,7.18,713,0
LVTX.US,5,20211013,153000,7.22,7.3,7.21,7.21,600,0
LVTX.US,5,20211013,154000,7.21,7.21,7.21,7.21,300,0
LVTX.US,5,20211013,155500,7.23,7.23,7.21,7.21,1400,0
LVTX.US,5,20211013,160500,7.24,7.24,7.1,7.1,1300,0
LVTX.US,5,20211013,161000,7.24,7.24,7.24,7.24,100,0
LVTX.US,5,20211013,161500,7.22,7.22,7.198,7.198,700,0
LVTX.US,5,20211013,163500,7.22,7.22,7.22,7.22,100,0
LVTX.US,5,20211013,165000,7.12,7.12,7.1027,7.1175,500,0
LVTX.US,5,20211013,170500,7.145,7.145,7.09,7.09,785,0
LVTX.US,5,20211013,174500,7.09,8.38,7.09,8.38,74075,0
LVTX.US,5,20211013,175000,8.25,8.26,7.78,7.78,129956,0
LVTX.US,5,20211013,175500,7.7801,8.22,7.77,7.9999,184891,0
LVTX.US,5,20211013,180000,7.93,8.07,7.85,7.89,46230,0
LVTX.US,5,20211013,180500,7.85,8.0073,7.85,7.94,20742,0
LVTX.US,5,20211013,181000,7.93,7.93,7.7,7.79,34736,0
LVTX.US,5,20211013,181500,7.7375,7.8,7.7,7.8,11150,0
LVTX.US,5,20211013,182000,7.7932,7.84,7.645,7.77,8217,0
LVTX.US,5,20211013,182500,7.7,8.1,7.68,8,13784,0
LVTX.US,5,20211013,183000,7.9999,7.9999,7.9,7.9001,3900,0
LVTX.US,5,20211013,183500,7.9773,7.9773,7.83,7.888,6412,0
LVTX.US,5,20211013,184000,7.87,7.9,7.87,7.9,3287,0
LVTX.US,5,20211013,184500,7.9719,8.15,7.97,7.97,15416,0
LVTX.US,5,20211013,185000,8,8.03,7.86,7.9055,5169,0
LVTX.US,5,20211013,185500,7.99,8,7.91,7.91,2072,0
LVTX.US,5,20211013,190000,7.9999,8,7.9199,7.9914,3700,0
LVTX.US,5,20211013,190500,8,8.01,7.9289,7.9289,4959,0
LVTX.US,5,20211013,191000,7.92,7.9207,7.8701,7.9207,5330,0
LVTX.US,5,20211013,191500,7.89,7.9,7.8005,7.81,5276,0
LVTX.US,5,20211013,192000,7.97,7.97,7.85,7.8697,3034,0
LVTX.US,5,20211013,192500,7.8838,7.93,7.84,7.8551,3481,0
LVTX.US,5,20211013,193000,7.877,7.88,7.82,7.82,1395,0
LVTX.US,5,20211013,193500,7.855,7.88,7.8,7.8001,4590,0
LVTX.US,5,20211013,194000,7.75,7.7501,7.65,7.6861,13177,0
LVTX.US,5,20211013,194500,7.77,7.77,7.77,7.77,500,0
LVTX.US,5,20211013,195500,7.73,7.75,7.71,7.72,1900,0
LVTX.US,5,20211013,200000,7.72,7.73,7.7,7.7,1200,0
LVTX.US,5,20211013,200500,7.69,7.7052,7.6,7.6079,3835,0
LVTX.US,5,20211013,201000,7.6,7.6,7.51,7.5358,9213,0
LVTX.US,5,20211013,201500,7.53,7.55,7.4,7.55,2591,0
LVTX.US,5,20211013,202000,7.42,7.4334,7.3173,7.4334,5875,0
LVTX.US,5,20211013,202500,7.38,7.4799,7.38,7.466,10171,0
LVTX.US,5,20211013,203000,7.38,7.51,7.38,7.51,1930,0
LVTX.US,5,20211013,203500,7.51,7.52,7.51,7.52,200,0
LVTX.US,5,20211013,204500,7.465,7.465,7.465,7.465,170,0
LVTX.US,5,20211013,205000,7.465,7.465,7.36,7.377,2678,0
LVTX.US,5,20211013,205500,7.4262,7.5149,7.4262,7.5149,520,0
LVTX.US,5,20211013,210000,7.43,7.53,7.43,7.53,1000,0
LVTX.US,5,20211013,210500,7.4563,7.48,7.4563,7.48,449,0
LVTX.US,5,20211013,211000,7.5299,7.5299,7.5299,7.5299,2174,0
LVTX.US,5,20211013,211500,7.52,7.74,7.48,7.69,5903,0
LVTX.US,5,20211013,212500,7.8,7.8,7.8,7.8,200,0
LVTX.US,5,20211013,213000,7.7603,7.7603,7.44,7.44,400,0
LVTX.US,5,20211013,213500,7.76,7.79,7.76,7.79,300,0
LVTX.US,5,20211013,214000,7.7865,7.7873,7.695,7.695,1925,0
LVTX.US,5,20211013,214500,7.61,7.61,7.61,7.61,300,0
LVTX.US,5,20211013,215000,7.5,7.57,7.5,7.54,1050,0
LVTX.US,5,20211013,215500,7.5123,7.58,7.1968,7.54,29432,0
LVTX.US,5,20211014,153000,7.06,7.375,6.79,7.375,8216,0
LVTX.US,5,20211014,153500,7.47,7.47,7.335,7.335,800,0
LVTX.US,5,20211014,154000,7.31,7.47,7.24,7.47,600,0
LVTX.US,5,20211014,154500,7.355,7.355,7.3061,7.3061,1100,0
LVTX.US,5,20211014,155000,7.3001,7.3001,7.3001,7.3001,5000,0
LVTX.US,5,20211014,155500,7.375,7.4429,7.375,7.4429,1132,0
LVTX.US,5,20211014,161000,7.43,7.5,7.3417,7.4628,1450,0
LVTX.US,5,20211014,161500,7.4588,7.4961,7.4588,7.4961,799,0
LVTX.US,5,20211014,162000,7.51,7.511,7.37,7.4443,1616,0
LVTX.US,5,20211014,162500,7.55,7.55,7.43,7.43,300,0
LVTX.US,5,20211014,163000,7.5,7.55,7.465,7.5,2367,0
LVTX.US,5,20211014,163500,7.56,7.72,7.56,7.61,4000,0
LVTX.US,5,20211014,164000,7.6711,7.78,7.67,7.67,2249,0
LVTX.US,5,20211014,164500,7.715,7.75,7.715,7.73,650,0
LVTX.US,5,20211014,165500,7.5408,7.5408,7.5408,7.5408,100,0
LVTX.US,5,20211014,170000,7.7246,7.7246,7.7246,7.7246,100,0
LVTX.US,5,20211014,171500,7.43,7.43,7.3,7.32,800,0
LVTX.US,5,20211014,173000,7.4,7.4,7.4,7.4,100,0
LVTX.US,5,20211014,173500,7.3588,7.3588,7.3588,7.3588,150,0
LVTX.US,5,20211014,175000,7.275,7.29,7.275,7.29,400,0
LVTX.US,5,20211014,175500,7.29,7.29,7.29,7.29,300,0
LVTX.US,5,20211014,180500,7.5,7.5,7.2,7.47,800,0
LVTX.US,5,20211014,182500,7.3,7.3,7.3,7.3,500,0
LVTX.US,5,20211014,184500,7.0465,7.0465,7.0465,7.0465,275,0
LVTX.US,5,20211014,185000,7.0761,7.0761,7.0761,7.0761,100,0
LVTX.US,5,20211014,190500,7.07,7.3591,7.07,7.3591,640,0
LVTX.US,5,20211014,195500,7.3,7.3,7.1592,7.1592,1269,0
LVTX.US,5,20211014,202000,7.385,7.385,7.385,7.385,1400,0
LVTX.US,5,20211014,202500,7.385,7.385,7.385,7.385,100,0
LVTX.US,5,20211014,203500,7.5,7.6,7.5,7.6,200,0
LVTX.US,5,20211014,204000,7.59,7.68,7.59,7.6451,2502,0
LVTX.US,5,20211014,205500,7.65,7.65,7.65,7.65,507,0
LVTX.US,5,20211014,210000,7.7,7.7,7.7,7.7,200,0
LVTX.US,5,20211014,213000,7.76,7.76,7.76,7.76,400,0
LVTX.US,5,20211014,214500,7.7265,7.73,7.61,7.73,1900,0
LVTX.US,5,20211014,215000,7.666,7.666,7.6,7.6,3600,0
LVTX.US,5,20211014,215500,7.6,7.64,7.54,7.63,1859,0
LVTX.US,5,20211015,153000,7.63,8,7.63,7.89,12496,0
LVTX.US,5,20211015,153500,7.9,7.9459,7.65,7.65,1835,0
LVTX.US,5,20211015,154000,7.95,7.9719,7.925,7.925,1828,0
LVTX.US,5,20211015,154500,7.9326,7.9326,7.92,7.92,1000,0
LVTX.US,5,20211015,155000,7.85,7.88,7.6,7.88,4106,0
LVTX.US,5,20211015,155500,7.85,7.89,7.6601,7.8899,4790,0
LVTX.US,5,20211015,160500,7.745,7.745,7.745,7.745,100,0
LVTX.US,5,20211015,161000,7.7497,7.7501,7.7497,7.7501,700,0
LVTX.US,5,20211015,161500,7.7729,7.87,7.7729,7.87,200,0
LVTX.US,5,20211015,162000,7.8799,7.8799,7.8799,7.8799,1000,0
LVTX.US,5,20211015,162500,7.7955,7.7955,7.7955,7.7955,1000,0
LVTX.US,5,20211015,163500,7.76,7.76,7.5001,7.5001,4570,0
LVTX.US,5,20211015,164000,7.54,7.54,7.5,7.5,600,0
LVTX.US,5,20211015,165000,7.66,7.68,7.66,7.67,611,0
LVTX.US,5,20211015,165500,7.5475,7.5475,7.5475,7.5475,100,0
LVTX.US,5,20211015,170500,7.51,7.53,7.5,7.53,600,0
LVTX.US,5,20211015,174000,7.3101,7.4,7.3101,7.3194,1100,0
LVTX.US,5,20211015,174500,7.33,7.33,7.25,7.25,2292,0
LVTX.US,5,20211015,175000,7.2,7.23,7.19,7.1903,2843,0
LVTX.US,5,20211015,181000,7.412,7.412,7.412,7.412,750,0
LVTX.US,5,20211015,181500,7.3044,7.3044,7.1901,7.1901,1400,0
LVTX.US,5,20211015,182000,7.4,7.4,7.4,7.4,100,0
LVTX.US,5,20211015,183500,7.45,7.45,7.45,7.45,400,0
LVTX.US,5,20211015,185500,7.2,7.2,7.2,7.2,197,0
LVTX.US,5,20211015,192000,7.403,7.403,7.403,7.403,100,0
LVTX.US,5,20211015,193000,7.41,7.41,7.41,7.41,100,0
LVTX.US,5,20211015,194000,7.4,7.43,7.33,7.33,1077,0
LVTX.US,5,20211015,194500,7.35,7.35,7.35,7.35,150,0
LVTX.US,5,20211015,195500,7.36,7.36,7.36,7.36,250,0
LVTX.US,5,20211015,200500,7.36,7.36,7.36,7.36,100,0
LVTX.US,5,20211015,201000,7.3415,7.36,7.2102,7.2102,1400,0
LVTX.US,5,20211015,201500,7.2221,7.25,7.2221,7.25,300,0
LVTX.US,5,20211015,202000,7.33,7.33,7.23,7.23,800,0
LVTX.US,5,20211015,202500,7.34,7.34,7.21,7.21,800,0
LVTX.US,5,20211015,203000,7.23,7.27,7.23,7.27,300,0
LVTX.US,5,20211015,203500,7.23,7.23,7.23,7.23,100,0
LVTX.US,5,20211015,204000,7.23,7.2699,7.23,7.23,360,0
LVTX.US,5,20211015,205000,7.23,7.23,7.23,7.23,120,0
LVTX.US,5,20211015,210000,7.1901,7.22,7.1901,7.22,500,0
LVTX.US,5,20211015,211000,7.2199,7.22,7.2199,7.22,200,0
LVTX.US,5,20211015,212000,7.21,7.22,7.195,7.22,400,0
LVTX.US,5,20211015,212500,7.195,7.195,7.18,7.18,700,0
LVTX.US,5,20211015,213000,7.18,7.18,7.18,7.18,100,0
LVTX.US,5,20211015,213500,7.19,7.19,7.1082,7.1082,400,0
LVTX.US,5,20211015,214000,7.13,7.17,7.1289,7.17,2534,0
LVTX.US,5,20211015,215000,7.1175,7.13,7.1,7.1,1792,0
LVTX.US,5,20211015,215500,7.16,7.16,7.08,7.13,942,0
LVTX.US,5,20211018,153000,7.03,7.0339,7.0202,7.0202,444,0
LVTX.US,5,20211018,153500,7.0201,7.035,6.63,6.79,10342,0
LVTX.US,5,20211018,154000,6.63,6.77,6.6101,6.77,1580,0
LVTX.US,5,20211018,154500,6.7699,6.7699,6.7699,6.7699,200,0
LVTX.US,5,20211018,155000,6.77,6.77,6.77,6.77,200,0
LVTX.US,5,20211018,155500,7.0033,7.0033,7.0033,7.0033,400,0
LVTX.US,5,20211018,160000,7.02,7.02,6.8,6.8003,1450,0
LVTX.US,5,20211018,160500,6.8,6.82,6.8,6.82,200,0
LVTX.US,5,20211018,161500,7.01,7.01,6.8,6.83,1603,0
LVTX.US,5,20211018,163000,6.9057,6.9057,6.88,6.88,1396,0
LVTX.US,5,20211018,163500,6.87,6.87,6.77,6.865,1592,0
LVTX.US,5,20211018,164000,6.8004,6.8004,6.8004,6.8004,300,0
LVTX.US,5,20211018,165000,6.94,6.96,6.94,6.96,948,0
LVTX.US,5,20211018,165500,6.91,6.91,6.91,6.91,200,0
LVTX.US,5,20211018,170500,6.97,6.97,6.97,6.97,120,0
LVTX.US,5,20211018,172000,6.8609,6.8609,6.8609,6.8609,300,0
LVTX.US,5,20211018,174000,6.8625,6.8625,6.85,6.85,1543,0
LVTX.US,5,20211018,174500,6.85,6.85,6.84,6.84,700,0
LVTX.US,5,20211018,180500,6.8829,6.8829,6.8829,6.8829,100,0
LVTX.US,5,20211018,183500,6.825,6.825,6.825,6.825,100,0
LVTX.US,5,20211018,190500,6.825,6.88,6.825,6.88,600,0
LVTX.US,5,20211018,191000,6.9,6.9,6.87,6.87,200,0
LVTX.US,5,20211018,192000,6.8001,6.8001,6.8001,6.8001,100,0
LVTX.US,5,20211018,192500,6.82,6.82,6.82,6.82,100,0
LVTX.US,5,20211018,193000,6.835,6.835,6.835,6.835,200,0
LVTX.US,5,20211018,193500,6.835,6.9,6.835,6.9,566,0
LVTX.US,5,20211018,202000,6.8914,6.8914,6.8914,6.8914,300,0
LVTX.US,5,20211018,202500,6.86,6.86,6.8202,6.83,1453,0
LVTX.US,5,20211018,210500,6.8463,6.8463,6.8463,6.8463,150,0
LVTX.US,5,20211018,211000,6.82,6.82,6.82,6.82,200,0
LVTX.US,5,20211018,212500,6.85,6.85,6.82,6.82,300,0
LVTX.US,5,20211018,213000,6.85,6.85,6.85,6.85,300,0
LVTX.US,5,20211018,214500,6.825,6.825,6.825,6.825,1000,0
LVTX.US,5,20211018,215500,6.89,6.89,6.75,6.87,1300,0
LVTX.US,5,20211019,153000,6.77,6.77,6.77,6.77,286,0
LVTX.US,5,20211019,154000,6.87,6.87,6.87,6.87,100,0
LVTX.US,5,20211019,155500,6.99,7,6.7901,7,700,0
LVTX.US,5,20211019,160500,6.97,6.99,6.97,6.97,848,0
LVTX.US,5,20211019,161500,6.96,6.97,6.96,6.96,300,0
LVTX.US,5,20211019,162500,6.96,6.96,6.96,6.96,300,0
LVTX.US,5,20211019,163500,6.96,6.96,6.96,6.96,300,0
LVTX.US,5,20211019,164500,6.94,6.94,6.93,6.93,200,0
LVTX.US,5,20211019,165500,6.95,6.95,6.95,6.95,300,0
LVTX.US,5,20211019,170500,6.94,6.94,6.94,6.94,400,0
LVTX.US,5,20211019,171500,6.93,6.94,6.93,6.93,300,0
LVTX.US,5,20211019,172500,6.94,7.02,6.94,7.02,2221,0
LVTX.US,5,20211019,173500,7.225,7.225,7.225,7.225,176,0
LVTX.US,5,20211019,174000,7.36,7.36,7.36,7.36,100,0
LVTX.US,5,20211019,174500,7.0823,7.3721,7.0823,7.3721,776,0
LVTX.US,5,20211019,175000,7.1,7.11,7.05,7.05,670,0
LVTX.US,5,20211019,183000,6.9,6.99,6.9,6.99,1096,0
LVTX.US,5,20211019,184000,6.92,6.92,6.79,6.7903,1974,0
LVTX.US,5,20211019,191000,6.9,6.9,6.8856,6.8856,643,0
LVTX.US,5,20211019,191500,6.89,6.9,6.89,6.89,1399,0
LVTX.US,5,20211019,194000,6.8535,6.86,6.8527,6.86,990,0
LVTX.US,5,20211019,211000,6.975,6.975,6.92,6.922,410,0
LVTX.US,5,20211019,215500,7.025,7.03,6.89,6.89,514,0
LVTX.US,5,20211020,154500,6.84,6.84,6.6101,6.6101,774,0
LVTX.US,5,20211020,155000,6.7713,6.7713,6.7713,6.7713,100,0
LVTX.US,5,20211020,160500,6.7,6.9022,6.7,6.9022,1700,0
LVTX.US,5,20211020,162000,6.99,6.99,6.99,6.99,200,0
LVTX.US,5,20211020,165000,6.93,7.06,6.93,7.06,1298,0
LVTX.US,5,20211020,174000,7,7.05,7,7,3250,0
LVTX.US,5,20211020,180000,6.9158,6.9158,6.9158,6.9158,200,0
LVTX.US,5,20211020,182500,7.05,7.05,7.05,7.05,200,0
LVTX.US,5,20211020,202000,7.0699,7.2399,6.965,7.0997,19795,0
LVTX.US,5,20211020,202500,7.225,7.36,7.07,7.14,7750,0
LVTX.US,5,20211020,203000,7.1972,7.32,7.1201,7.19,9171,0
LVTX.US,5,20211020,205500,7.13,7.13,7.03,7.03,1019,0
LVTX.US,5,20211020,211000,7.13,7.13,7.13,7.13,100,0
LVTX.US,5,20211020,212500,7.125,7.15,7.09,7.15,400,0
LVTX.US,5,20211020,213000,7.0125,7.0125,7.0125,7.0125,100,0
LVTX.US,5,20211020,214500,7.1,7.12,7.09,7.12,300,0
LVTX.US,5,20211020,215500,7.015,7.04,7.015,7.04,487,0
LVTX.US,5,20211021,153000,7.045,7.045,6.915,6.915,201,0
LVTX.US,5,20211021,162500,6.97,6.97,6.97,6.97,100,0
LVTX.US,5,20211021,172000,6.8801,6.8801,6.8801,6.8801,100,0
LVTX.US,5,20211021,173000,6.9026,6.9026,6.9026,6.9026,550,0
LVTX.US,5,20211021,181500,6.9203,6.9203,6.9203,6.9203,200,0
LVTX.US,5,20211021,184000,6.94,6.94,6.94,6.94,400,0
LVTX.US,5,20211021,185000,6.92,6.98,6.92,6.98,375,0
LVTX.US,5,20211021,200000,7,7.09,6.945,7.09,2095,0
LVTX.US,5,20211021,200500,7.09,7.09,7.09,7.09,400,0
LVTX.US,5,20211021,204500,7.09,7.09,7.01,7.01,200,0
LVTX.US,5,20211021,210000,7.05,7.05,7.05,7.05,500,0
LVTX.US,5,20211021,213500,7.055,7.15,7.055,7.15,900,0
LVTX.US,5,20211021,215500,7.15,7.15,7.15,7.15,100,0
LVTX.US,5,20211022,153000,7.07,7.07,6.85,6.85,277,0
LVTX.US,5,20211022,153500,6.96,6.96,6.86,6.9,660,0
LVTX.US,5,20211022,154000,6.9211,7.18,6.9211,7.18,369,0
LVTX.US,5,20211022,155500,6.95,6.95,6.95,6.95,100,0
LVTX.US,5,20211022,161000,7.0155,7.0155,6.9136,6.9136,1300,0
LVTX.US,5,20211022,161500,6.99,6.99,6.99,6.99,2000,0
LVTX.US,5,20211022,162500,6.9138,6.9138,6.9138,6.9138,400,0
LVTX.US,5,20211022,165500,6.8901,6.8901,6.8901,6.8901,100,0
LVTX.US,5,20211022,173500,6.95,6.95,6.95,6.95,100,0
LVTX.US,5,20211022,180000,6.99,6.99,6.99,6.99,100,0
LVTX.US,5,20211022,183500,6.9,6.9,6.9,6.9,100,0
LVTX.US,5,20211022,190500,6.9,6.9,6.9,6.9,120,0
LVTX.US,5,20211022,195500,6.9,6.9,6.9,6.9,100,0
LVTX.US,5,20211022,200500,6.89,6.915,6.88,6.88,2247,0
LVTX.US,5,20211022,203500,6.85,6.85,6.85,6.85,300,0
LVTX.US,5,20211022,204000,6.8,6.8,6.8,6.8,500,0
LVTX.US,5,20211022,213000,6.83,6.835,6.791,6.835,360,0
LVTX.US,5,20211022,214000,6.835,6.835,6.835,6.835,100,0
LVTX.US,5,20211022,215000,6.87,6.88,6.87,6.87,400,0
LVTX.US,5,20211022,215500,6.81,6.81,6.81,6.81,164,0
LVTX.US,5,20211025,153000,6.78,6.81,6.78,6.81,415,0
LVTX.US,5,20211025,155500,6.9242,6.9242,6.9242,6.9242,100,0
LVTX.US,5,20211025,161000,6.84,7.1,6.78,7.1,12812,0
LVTX.US,5,20211025,161500,7.19,7.38,7,7,4932,0
LVTX.US,5,20211025,162000,7.06,7.31,6.99,7.03,9800,0
LVTX.US,5,20211025,162500,7,7.25,6.97,7.0289,3536,0
LVTX.US,5,20211025,171000,6.92,6.92,6.87,6.87,1290,0
LVTX.US,5,20211025,190000,6.7863,6.7863,6.7863,6.7863,102,0
LVTX.US,5,20211025,192000,6.9,6.94,6.9,6.94,200,0
LVTX.US,5,20211025,200000,6.8,6.8,6.8,6.8,100,0
LVTX.US,5,20211025,202500,6.76,6.82,6.76,6.82,250,0
LVTX.US,5,20211025,205000,6.79,6.79,6.79,6.79,100,0
LVTX.US,5,20211025,210500,6.79,6.88,6.79,6.88,404,0
LVTX.US,5,20211025,212000,6.8575,6.9,6.8575,6.9,4495,0
LVTX.US,5,20211025,214000,6.895,6.895,6.85,6.85,1000,0
LVTX.US,5,20211026,153000,6.84,6.84,6.84,6.84,169,0
LVTX.US,5,20211026,154000,6.85,6.85,6.85,6.85,103,0
LVTX.US,5,20211026,163000,6.8351,6.8351,6.8351,6.8351,3000,0
LVTX.US,5,20211026,164000,6.8754,6.8754,6.8754,6.8754,500,0
LVTX.US,5,20211026,171500,6.91,6.91,6.91,6.91,500,0
LVTX.US,5,20211026,172500,7.07,7.07,6.7798,6.7798,988,0
LVTX.US,5,20211026,184500,6.7874,6.7874,6.7874,6.7874,1000,0
LVTX.US,5,20211026,201000,6.83,6.83,6.8,6.8,1926,0
LVTX.US,5,20211026,204000,6.85,6.85,6.85,6.85,300,0
LVTX.US,5,20211026,214000,6.85,6.85,6.85,6.85,400,0
LVTX.US,5,20211026,215500,6.85,6.85,6.85,6.85,310,0
LVTX.US,5,20211027,154000,6.8101,6.8101,6.8101,6.8101,186,0
LVTX.US,5,20211027,155000,7.1,7.1,7,7,300,0
LVTX.US,5,20211027,162000,7.0191,7.0191,7.0191,7.0191,200,0
LVTX.US,5,20211027,163000,7.055,7.055,7.055,7.055,500,0
LVTX.US,5,20211027,163500,7.095,7.3799,7.08,7.34,10927,0
LVTX.US,5,20211027,164000,7.29,7.37,7.2,7.37,5386,0
LVTX.US,5,20211027,164500,7.2601,7.4,7.26,7.28,6850,0
LVTX.US,5,20211027,165500,7.2,7.2,7.04,7.2,3500,0
LVTX.US,5,20211027,170000,7.35,7.35,7.35,7.35,100,0
LVTX.US,5,20211027,172000,7.2514,7.2514,7.2514,7.2514,200,0
LVTX.US,5,20211027,174500,7.295,7.295,7.295,7.295,200,0
LVTX.US,5,20211027,175500,7.2401,7.26,7.24,7.24,1100,0
LVTX.US,5,20211027,185500,7.28,7.28,7.28,7.28,100,0
LVTX.US,5,20211027,191500,7.28,7.28,7.28,7.28,100,0
LVTX.US,5,20211027,192500,7.2899,7.35,7.2899,7.3,6502,0
LVTX.US,5,20211027,193000,7.38,7.48,7.3635,7.48,2450,0
LVTX.US,5,20211027,193500,7.3201,7.3201,7.3201,7.3201,1000,0
LVTX.US,5,20211027,195500,7.37,7.41,7.37,7.41,300,0
LVTX.US,5,20211027,200500,7.375,7.41,7.35,7.37,900,0
LVTX.US,5,20211027,201000,7.375,7.375,7.375,7.375,100,0
LVTX.US,5,20211027,201500,7.33,7.35,7.33,7.34,400,0
LVTX.US,5,20211027,202500,7.355,7.355,7.355,7.355,400,0
LVTX.US,5,20211027,203000,7.34,7.34,7.31,7.31,400,0
LVTX.US,5,20211027,203500,7.33,7.34,7.33,7.33,400,0
LVTX.US,5,20211027,204000,7.32,7.32,7.32,7.32,100,0
LVTX.US,5,20211027,204500,7.345,7.345,7.32,7.33,400,0
LVTX.US,5,20211027,211500,7.2817,7.2817,7.2817,7.2817,300,0
LVTX.US,5,20211027,213000,7.21,7.23,7.13,7.14,3172,0
LVTX.US,5,20211027,213500,7.21,7.275,7.21,7.275,1500,0
LVTX.US,5,20211027,214000,7.1386,7.14,7.13,7.1301,1587,0
LVTX.US,5,20211027,214500,7.205,7.2741,7.205,7.2741,1200,0
LVTX.US,5,20211027,215500,7.15,7.28,7.12,7.21,3086,0
LVTX.US,5,20211028,153000,7.19,7.19,7.19,7.19,212,0
LVTX.US,5,20211028,153500,6.9998,7.04,6.9998,7.04,628,0
LVTX.US,5,20211028,155000,6.9501,7.19,6.9501,7.19,4800,0
LVTX.US,5,20211028,162500,7.4699,7.4699,7.4699,7.4699,1000,0
LVTX.US,5,20211028,163500,7.33,7.33,7.33,7.33,500,0
LVTX.US,5,20211028,165000,7.35,7.35,7.35,7.35,100,0
LVTX.US,5,20211028,170500,7.33,7.33,7.33,7.33,400,0
LVTX.US,5,20211028,171000,7.4,7.4,7.4,7.4,1000,0
LVTX.US,5,20211028,171500,7.36,7.36,7.36,7.36,100,0
LVTX.US,5,20211028,172000,7.44,7.4977,7.44,7.4977,792,0
LVTX.US,5,20211028,172500,7.5,7.55,7.5,7.5499,1712,0
LVTX.US,5,20211028,175000,7.5,7.5,7.5,7.5,500,0
LVTX.US,5,20211028,180000,7.52,7.64,7.49,7.64,1500,0
LVTX.US,5,20211028,180500,7.6246,7.6246,7.6246,7.6246,261,0
LVTX.US,5,20211028,182500,7.5,7.5,7.49,7.5,1600,0
LVTX.US,5,20211028,183500,7.53,7.565,7.51,7.565,800,0
LVTX.US,5,20211028,185000,7.52,7.52,7.51,7.51,300,0
LVTX.US,5,20211028,185500,7.545,7.58,7.545,7.58,300,0
LVTX.US,5,20211028,190500,7.5,7.504,7.5,7.504,227,0
LVTX.US,5,20211028,193500,7.46,7.46,7.46,7.46,100,0
LVTX.US,5,20211028,201500,7.4731,7.4731,7.4731,7.4731,500,0
LVTX.US,5,20211028,202000,7.44,7.44,7.4,7.4,750,0
LVTX.US,5,20211028,202500,7.2473,7.2473,7.2473,7.2473,201,0
LVTX.US,5,20211028,212500,7.5004,7.5004,7.5004,7.5004,146,0
LVTX.US,5,20211028,215500,7.26,7.26,7.26,7.26,204,0
LVTX.US,5,20211029,153000,7.32,7.525,7.25,7.525,1618,0
LVTX.US,5,20211029,153500,7.53,7.53,7.53,7.53,100,0
LVTX.US,5,20211029,155000,7.5,7.5,7.5,7.5,100,0
LVTX.US,5,20211029,161500,7.5,7.5,7.5,7.5,610,0
LVTX.US,5,20211029,162000,7.5,7.5,7.5,7.5,150,0
LVTX.US,5,20211029,163500,7.48,7.48,7.39,7.42,2400,0
LVTX.US,5,20211029,164000,7.46,7.46,7.4,7.448,1200,0
LVTX.US,5,20211029,164500,7.45,7.75,7.3001,7.7354,10585,0
LVTX.US,5,20211029,165000,7.45,7.52,7.45,7.48,2400,0
LVTX.US,5,20211029,171000,7.3784,7.5,7.3401,7.3401,2400,0
LVTX.US,5,20211029,172500,7.445,7.445,7.445,7.445,175,0
LVTX.US,5,20211029,174500,7.45,7.45,7.45,7.45,500,0
LVTX.US,5,20211029,175000,7.548,7.548,7.548,7.548,1250,0
LVTX.US,5,20211029,180000,7.55,7.55,7.55,7.55,372,0
LVTX.US,5,20211029,181500,7.3831,7.3831,7.3831,7.3831,100,0
LVTX.US,5,20211029,183500,7.47,7.66,7.47,7.66,679,0
LVTX.US,5,20211029,184500,7.4501,7.4501,7.4501,7.4501,200,0
LVTX.US,5,20211029,193000,7.48,7.48,7.48,7.48,100,0
LVTX.US,5,20211029,203500,7.57,7.57,7.57,7.57,100,0
LVTX.US,5,20211029,204500,7.68,7.7189,7.6666,7.6666,1239,0
LVTX.US,5,20211029,210000,7.63,7.63,7.62,7.622,1500,0
LVTX.US,5,20211029,212500,7.62,7.65,7.62,7.65,600,0
LVTX.US,5,20211029,215500,7.655,7.655,7.62,7.62,1368,0
LVTX.US,5,20211101,144500,7.4701,7.4701,7.4701,7.4701,500,0
LVTX.US,5,20211101,150000,7.4808,7.4808,7.4808,7.4808,1800,0
LVTX.US,5,20211101,172500,7.5714,7.5714,7.5714,7.5714,250,0
LVTX.US,5,20211101,182500,7.6,7.673,7.6,7.673,200,0
LVTX.US,5,20211101,193000,7.65,7.66,7.65,7.66,400,0
LVTX.US,5,20211101,194500,7.69,7.69,7.69,7.69,100,0
LVTX.US,5,20211101,200000,7.7,7.75,7.7,7.75,1323,0
LVTX.US,5,20211101,201500,7.71,7.7773,7.71,7.7773,1300,0
LVTX.US,5,20211101,203500,7.78,7.78,7.71,7.78,946,0
LVTX.US,5,20211101,204000,7.755,7.755,7.71,7.71,725,0
LVTX.US,5,20211101,205000,7.77,7.79,7.72,7.76,1700,0
LVTX.US,5,20211101,205500,7.79,7.79,7.77,7.77,200,0
LVTX.US,5,20211102,145000,7.583,7.583,7.583,7.583,900,0
LVTX.US,5,20211102,145500,7.635,7.636,7.635,7.636,800,0
LVTX.US,5,20211102,154000,7.65,7.65,7.65,7.65,100,0
LVTX.US,5,20211102,155500,7.67,7.71,7.67,7.71,200,0
LVTX.US,5,20211102,165500,7.72,7.72,7.72,7.72,100,0
LVTX.US,5,20211102,170500,7.5982,7.5982,7.5982,7.5982,200,0
LVTX.US,5,20211102,173500,7.67,7.67,7.67,7.67,200,0
LVTX.US,5,20211102,174500,7.61,7.61,7.61,7.61,200,0
LVTX.US,5,20211102,175000,7.61,7.67,7.61,7.67,300,0
LVTX.US,5,20211102,175500,7.635,7.635,7.61,7.61,266,0
LVTX.US,5,20211102,180000,7.6,7.6,7.6,7.6,100,0
LVTX.US,5,20211102,182000,7.6,7.6,7.6,7.6,100,0
LVTX.US,5,20211102,185500,7.61,7.61,7.6,7.6,750,0
LVTX.US,5,20211102,194500,7.585,7.585,7.585,7.585,300,0
LVTX.US,5,20211102,205500,7.51,7.51,7.51,7.51,100,0
LVTX.US,5,20211103,143000,7.5,7.5,7.5,7.5,527,0
LVTX.US,5,20211103,143500,7.52,7.52,7.52,7.52,100,0
LVTX.US,5,20211103,150000,7.47,7.5,7.45,7.46,919,0
LVTX.US,5,20211103,150500,7.71,7.71,7.71,7.71,100,0
LVTX.US,5,20211103,152000,7.7549,7.7549,7.7549,7.7549,500,0
LVTX.US,5,20211103,155000,7.73,7.73,7.7,7.73,1373,0
LVTX.US,5,20211103,160500,7.7,7.7009,7.7,7.7009,400,0
LVTX.US,5,20211103,162500,7.67,7.67,7.65,7.65,900,0
LVTX.US,5,20211103,171500,7.5736,7.63,7.5736,7.63,262,0
LVTX.US,5,20211103,180500,7.625,7.625,7.56,7.56,1483,0
LVTX.US,5,20211103,194000,7.685,7.69,7.66,7.69,400,0
LVTX.US,5,20211103,194500,7.64,7.75,7.64,7.69,1820,0
LVTX.US,5,20211103,200000,7.7,7.76,7.7,7.76,815,0
LVTX.US,5,20211103,200500,7.7,7.7,7.7,7.7,200,0
LVTX.US,5,20211103,203000,7.7,7.7,7.7,7.7,100,0
LVTX.US,5,20211103,204500,7.69,7.76,7.69,7.71,1082,0
LVTX.US,5,20211103,205500,7.77,7.77,7.67,7.67,649,0
LVTX.US,5,20211104,144000,7.75,7.79,7.66,7.78,1774,0
LVTX.US,5,20211104,155000,7.64,7.64,7.505,7.525,2300,0
LVTX.US,5,20211104,155500,7.5,7.5,7.5,7.5,1000,0
LVTX.US,5,20211104,161000,7.65,7.65,7.65,7.65,150,0
LVTX.US,5,20211104,172000,7.59,7.59,7.59,7.59,944,0
LVTX.US,5,20211104,181000,7.57,7.57,7.57,7.57,100,0
LVTX.US,5,20211104,181500,7.59,7.59,7.59,7.59,133,0
LVTX.US,5,20211104,183000,7.565,7.565,7.565,7.565,100,0
LVTX.US,5,20211104,184500,7.56,7.57,7.55,7.57,500,0
LVTX.US,5,20211104,190000,7.595,7.595,7.595,7.595,238,0
LVTX.US,5,20211104,193000,7.54,7.54,7.54,7.54,100,0
LVTX.US,5,20211104,201500,7.56,7.56,7.56,7.56,200,0
LVTX.US,5,20211104,202000,7.55,7.55,7.55,7.55,100,0
LVTX.US,5,20211104,205500,7.54,7.5629,7.54,7.54,1340,0
LVTX.US,5,20211105,143000,7.65,7.65,7.5,7.5,496,0
LVTX.US,5,20211105,145000,7.59,7.59,7.46,7.46,5314,0
LVTX.US,5,20211105,145500,7.47,7.615,7.47,7.615,200,0
LVTX.US,5,20211105,150500,7.46,7.46,7.46,7.46,100,0
LVTX.US,5,20211105,152000,7.47,7.47,7.47,7.47,100,0
LVTX.US,5,20211105,155000,7.655,7.79,7.655,7.79,400,0
LVTX.US,5,20211105,155500,7.55,7.55,7.55,7.55,100,0
LVTX.US,5,20211105,164000,7.5236,7.5236,7.5236,7.5236,400,0
LVTX.US,5,20211105,171000,7.55,7.55,7.55,7.55,100,0
LVTX.US,5,20211105,180500,7.73,7.73,7.72,7.72,550,0
LVTX.US,5,20211105,182500,7.59,7.59,7.59,7.59,100,0
LVTX.US,5,20211105,184000,7.59,7.59,7.58,7.58,300,0
LVTX.US,5,20211105,190000,7.558,7.558,7.558,7.558,150,0
LVTX.US,5,20211105,191000,7.58,7.58,7.58,7.58,100,0
LVTX.US,5,20211105,192000,7.58,7.58,7.58,7.58,100,0
LVTX.US,5,20211105,200500,7.58,7.61,7.58,7.61,600,0
LVTX.US,5,20211105,201000,7.61,7.61,7.61,7.61,200,0
LVTX.US,5,20211105,203000,7.56,7.56,7.31,7.48,4285,0
LVTX.US,5,20211105,205500,7.36,7.36,7.36,7.36,100,0
LVTX.US,5,20211108,153000,7.29,7.29,7.29,7.29,478,0
LVTX.US,5,20211108,162500,7.34,7.36,7.34,7.36,800,0
LVTX.US,5,20211108,163000,7.42,7.42,7.42,7.42,300,0
LVTX.US,5,20211108,164000,7.35,7.35,7.35,7.35,573,0
LVTX.US,5,20211108,181500,7.255,7.255,7.255,7.255,100,0
LVTX.US,5,20211108,182000,7.24,7.24,7.24,7.24,392,0
LVTX.US,5,20211108,185500,7.42,7.42,7.42,7.42,100,0
LVTX.US,5,20211108,202000,7.37,7.37,7.37,7.37,500,0
LVTX.US,5,20211108,210500,7.41,7.42,7.41,7.42,400,0
LVTX.US,5,20211108,211000,7.42,7.42,7.41,7.41,200,0
LVTX.US,5,20211108,211500,7.42,7.49,7.415,7.415,400,0
LVTX.US,5,20211108,215500,7.46,7.46,7.35,7.35,396,0
LVTX.US,5,20211109,153000,7.48,7.61,7.35,7.61,737,0
LVTX.US,5,20211109,153500,7.6137,7.6137,7.6137,7.6137,500,0
LVTX.US,5,20211109,154000,7.3,7.3,7.3,7.3,100,0
LVTX.US,5,20211109,155500,7.3,7.3,7.3,7.3,150,0
LVTX.US,5,20211109,170000,7.3001,7.3001,7.3001,7.3001,400,0
LVTX.US,5,20211109,172500,7.46,7.53,7.46,7.53,200,0
LVTX.US,5,20211109,180500,7.3147,7.3147,7.3147,7.3147,410,0
LVTX.US,5,20211109,193500,7.36,7.36,7.36,7.36,200,0
LVTX.US,5,20211109,200000,7.3009,7.3009,7.3009,7.3009,100,0
LVTX.US,5,20211109,201000,7.31,7.31,7.31,7.31,100,0
LVTX.US,5,20211109,201500,7.275,7.37,7.275,7.31,900,0
LVTX.US,5,20211110,153000,7.29,7.29,7.29,7.29,526,0
LVTX.US,5,20211110,153500,7.25,7.25,7.25,7.25,400,0
LVTX.US,5,20211110,154000,7.25,7.26,7.25,7.25,2150,0
LVTX.US,5,20211110,155500,7.09,7.09,7.09,7.09,100,0
LVTX.US,5,20211110,160000,7.1755,7.1755,7.1755,7.1755,1000,0
LVTX.US,5,20211110,164000,7.2,7.2,7.2,7.2,200,0
LVTX.US,5,20211110,172500,7.14,7.18,7,7,3804,0
LVTX.US,5,20211110,173000,6.86,6.86,6.79,6.79,4595,0
LVTX.US,5,20211110,173500,6.76,6.76,6.76,6.76,100,0
LVTX.US,5,20211110,180000,6.86,6.86,6.86,6.86,100,0
LVTX.US,5,20211110,180500,6.76,6.78,6.76,6.76,300,0
LVTX.US,5,20211110,181000,6.87,6.9,6.87,6.9,300,0
LVTX.US,5,20211110,181500,6.9,6.9,6.9,6.9,200,0
LVTX.US,5,20211110,182000,6.91,6.97,6.91,6.96,700,0
LVTX.US,5,20211110,184000,6.8402,6.8402,6.8402,6.8402,500,0
LVTX.US,5,20211110,185000,6.845,6.845,6.845,6.845,100,0
LVTX.US,5,20211110,190500,6.8518,6.8518,6.8518,6.8518,100,0
LVTX.US,5,20211110,191500,6.8418,6.86,6.795,6.795,2544,0
LVTX.US,5,20211110,192000,6.81,6.81,6.71,6.71,4391,0
LVTX.US,5,20211110,193500,6.64,6.64,6.64,6.64,125,0
LVTX.US,5,20211110,195000,6.71,6.8,6.71,6.8,300,0
LVTX.US,5,20211110,195500,6.78,6.78,6.78,6.78,100,0
LVTX.US,5,20211110,201000,6.77,6.77,6.7,6.7,200,0
LVTX.US,5,20211110,205000,6.7,6.72,6.7,6.72,500,0
LVTX.US,5,20211110,211000,6.715,6.715,6.715,6.715,200,0
LVTX.US,5,20211110,212000,6.77,6.77,6.77,6.77,500,0
LVTX.US,5,20211110,212500,6.75,6.77,6.71,6.71,600,0
LVTX.US,5,20211110,214000,6.705,6.75,6.66,6.66,500,0
LVTX.US,5,20211110,215000,6.65,6.87,6.65,6.87,1754,0
LVTX.US,5,20211110,215500,6.71,6.71,6.68,6.71,400,0
LVTX.US,5,20211111,153000,6.7113,6.7113,6.7113,6.7113,500,0
LVTX.US,5,20211111,155500,6.75,6.75,6.75,6.75,400,0
LVTX.US,5,20211111,173500,6.81,6.81,6.81,6.81,147,0
LVTX.US,5,20211111,174000,6.7692,6.81,6.75,6.81,1224,0
LVTX.US,5,20211111,174500,6.81,6.81,6.81,6.81,100,0
LVTX.US,5,20211111,180000,6.75,6.75,6.75,6.75,100,0
LVTX.US,5,20211111,181000,6.8,6.8,6.8,6.8,100,0
LVTX.US,5,20211111,203000,6.8,6.8,6.8,6.8,200,0
LVTX.US,5,20211111,211500,6.87,6.89,6.85,6.89,400,0
LVTX.US,5,20211111,212000,6.89,6.89,6.89,6.89,130,0
LVTX.US,5,20211111,214000,6.8,6.88,6.8,6.88,200,0
LVTX.US,5,20211111,215500,6.87,6.87,6.84,6.84,1309,0
