<TICKER>,<PER>,<DATE>,<TIME>,<OPEN>,<HIGH>,<LOW>,<CLOSE>,<VOL>,<OPENINT>
MNTSW.US,5,20210922,153000,2.59,2.59,2.59,2.59,3000,0
MNTSW.US,5,20210922,154500,2.45,2.45,2.45,2.45,200,0
MNTSW.US,5,20210922,160000,2.48,2.48,2.48,2.48,1000,0
MNTSW.US,5,20210922,160500,2.58,2.59,2.58,2.59,9941,0
MNTSW.US,5,20210922,161000,2.59,2.63,2.57,2.59,35907,0
MNTSW.US,5,20210922,161500,2.64,2.6436,2.62,2.62,2544,0
MNTSW.US,5,20210922,162000,2.62,2.62,2.62,2.62,200,0
MNTSW.US,5,20210922,163500,2.81,2.82,2.81,2.82,300,0
MNTSW.US,5,20210922,164000,2.83,2.83,2.83,2.83,2935,0
MNTSW.US,5,20210922,164500,2.83,2.97,2.755,2.76,3288,0
MNTSW.US,5,20210922,165000,2.855,2.855,2.855,2.855,100,0
MNTSW.US,5,20210922,171500,2.8399,2.8399,2.8399,2.8399,100,0
MNTSW.US,5,20210922,172000,2.74,2.7469,2.73,2.73,1445,0
MNTSW.US,5,20210922,172500,2.73,2.785,2.73,2.785,1350,0
MNTSW.US,5,20210922,173000,2.78,2.78,2.78,2.78,300,0
MNTSW.US,5,20210922,174000,2.73,2.73,2.73,2.73,975,0
MNTSW.US,5,20210922,174500,2.735,2.74,2.735,2.74,600,0
MNTSW.US,5,20210922,175000,2.735,2.735,2.735,2.735,100,0
MNTSW.US,5,20210922,175500,2.74,2.74,2.74,2.74,1150,0
MNTSW.US,5,20210922,180500,2.73,2.7307,2.73,2.73,1764,0
MNTSW.US,5,20210922,181500,2.745,2.745,2.745,2.745,300,0
MNTSW.US,5,20210922,182000,2.745,2.745,2.745,2.745,100,0
MNTSW.US,5,20210922,182500,2.76,2.76,2.75,2.75,600,0
MNTSW.US,5,20210922,183000,2.7699,2.7699,2.75,2.75,1641,0
MNTSW.US,5,20210922,184000,2.765,2.765,2.765,2.765,400,0
MNTSW.US,5,20210922,184500,2.765,2.765,2.765,2.765,100,0
MNTSW.US,5,20210922,185500,2.765,2.765,2.765,2.765,200,0
MNTSW.US,5,20210922,190000,2.78,2.8,2.77,2.8,1300,0
MNTSW.US,5,20210922,190500,2.79,2.85,2.79,2.85,2700,0
MNTSW.US,5,20210922,192500,2.75,2.75,2.75,2.75,100,0
MNTSW.US,5,20210922,193500,2.7411,2.7411,2.7411,2.7411,100,0
MNTSW.US,5,20210922,195500,2.85,2.85,2.85,2.85,200,0
MNTSW.US,5,20210922,200000,2.835,2.835,2.835,2.835,200,0
MNTSW.US,5,20210922,200500,2.85,2.85,2.835,2.835,2409,0
MNTSW.US,5,20210922,201000,2.84,2.86,2.83,2.86,2006,0
MNTSW.US,5,20210922,201500,2.845,2.87,2.845,2.87,775,0
MNTSW.US,5,20210922,202000,2.85,2.85,2.835,2.835,1900,0
MNTSW.US,5,20210922,202500,2.87,2.87,2.87,2.87,129,0
MNTSW.US,5,20210922,203000,2.86,2.89,2.86,2.89,1396,0
MNTSW.US,5,20210922,203500,2.87,2.87,2.87,2.87,604,0
MNTSW.US,5,20210922,204000,2.88,2.88,2.86,2.86,200,0
MNTSW.US,5,20210922,210500,2.87,2.91,2.87,2.91,600,0
MNTSW.US,5,20210922,211000,2.93,2.98,2.93,2.98,6384,0
MNTSW.US,5,20210922,211500,2.95,2.95,2.95,2.95,496,0
MNTSW.US,5,20210922,212000,2.95,2.97,2.95,2.97,4370,0
MNTSW.US,5,20210922,212500,2.97,3,2.97,2.9899,4106,0
MNTSW.US,5,20210922,213000,2.995,2.995,2.95,2.96,22225,0
MNTSW.US,5,20210922,214000,2.97,2.99,2.84,2.95,6881,0
MNTSW.US,5,20210922,214500,2.95,3.01,2.95,3.01,3601,0
MNTSW.US,5,20210922,215000,3.01,3.02,2.95,3.01,6445,0
MNTSW.US,5,20210922,215500,3,3.01,2.95,3.01,9058,0
MNTSW.US,5,20210923,153000,3.19,3.19,3.19,3.19,303,0
MNTSW.US,5,20210923,171000,2.79,2.79,2.79,2.79,144,0
MNTSW.US,5,20210923,172500,2.98,2.98,2.885,2.885,1318,0
MNTSW.US,5,20210923,180500,2.89,2.9,2.89,2.9,2332,0
MNTSW.US,5,20210923,185500,2.94,2.94,2.8311,2.8311,2000,0
MNTSW.US,5,20210923,190500,2.94,2.95,2.94,2.95,646,0
MNTSW.US,5,20210923,191000,2.98,2.98,2.95,2.95,6480,0
MNTSW.US,5,20210923,192500,2.92,3,2.92,3,8405,0
MNTSW.US,5,20210923,195000,3,3,3,3,902,0
MNTSW.US,5,20210923,200500,3,3,3,3,1298,0
MNTSW.US,5,20210923,201000,3,3,3,3,602,0
MNTSW.US,5,20210923,201500,2.965,2.965,2.9038,2.9038,1100,0
MNTSW.US,5,20210923,202000,3,3,3,3,800,0
MNTSW.US,5,20210923,203000,2.98,2.98,2.95,2.95,500,0
MNTSW.US,5,20210923,203500,2.98,2.98,2.98,2.98,200,0
MNTSW.US,5,20210923,204000,2.98,2.98,2.97,2.97,1100,0
MNTSW.US,5,20210923,204500,2.98,2.99,2.945,2.945,1400,0
MNTSW.US,5,20210923,205500,2.91,2.98,2.91,2.98,1795,0
MNTSW.US,5,20210923,210000,2.98,2.98,2.95,2.98,1600,0
MNTSW.US,5,20210923,211000,2.98,2.98,2.98,2.98,300,0
MNTSW.US,5,20210923,212000,2.96,3,2.96,3,2298,0
MNTSW.US,5,20210923,212500,3.05,3.05,3.05,3.05,100,0
MNTSW.US,5,20210923,213000,2.96,2.96,2.94,2.94,200,0
MNTSW.US,5,20210923,213500,2.95,2.95,2.94,2.94,200,0
MNTSW.US,5,20210923,214000,2.9636,2.9636,2.9636,2.9636,492,0
MNTSW.US,5,20210923,214500,2.95,2.95,2.94,2.94,200,0
MNTSW.US,5,20210923,215500,2.98,2.98,2.9401,2.96,5200,0
MNTSW.US,5,20210924,154000,2.63,2.63,2.63,2.63,100,0
MNTSW.US,5,20210924,162500,2.75,2.75,2.75,2.75,2300,0
MNTSW.US,5,20210924,163000,2.75,2.93,2.69,2.78,9404,0
MNTSW.US,5,20210924,163500,2.8,2.8,2.75,2.75,794,0
MNTSW.US,5,20210924,170500,2.76,2.76,2.72,2.74,24249,0
MNTSW.US,5,20210924,171000,2.755,2.76,2.74,2.76,3902,0
MNTSW.US,5,20210924,171500,2.765,2.765,2.765,2.765,100,0
MNTSW.US,5,20210924,172000,2.765,2.77,2.765,2.77,500,0
MNTSW.US,5,20210924,172500,2.77,2.8,2.77,2.78,1000,0
MNTSW.US,5,20210924,173000,2.77,2.77,2.77,2.77,200,0
MNTSW.US,5,20210924,173500,2.79,2.79,2.79,2.79,200,0
MNTSW.US,5,20210924,174000,2.79,2.79,2.79,2.79,100,0
MNTSW.US,5,20210924,174500,2.79,2.81,2.77,2.81,900,0
MNTSW.US,5,20210924,180000,2.78,2.79,2.77,2.77,1600,0
MNTSW.US,5,20210924,180500,2.79,2.79,2.79,2.79,100,0
MNTSW.US,5,20210924,184500,2.82,2.82,2.8,2.8,400,0
MNTSW.US,5,20210924,190000,2.78,2.78,2.78,2.78,600,0
MNTSW.US,5,20210924,191000,2.8,2.82,2.8,2.82,660,0
MNTSW.US,5,20210924,191500,2.81,2.81,2.81,2.81,300,0
MNTSW.US,5,20210924,195500,2.82,2.99,2.82,2.99,837,0
MNTSW.US,5,20210924,215500,2.9,2.9,2.9,2.9,300,0
MNTSW.US,5,20210927,153000,3.18,3.18,3.18,3.18,200,0
MNTSW.US,5,20210927,154000,3.065,3.065,3.065,3.065,272,0
MNTSW.US,5,20210927,154500,3.02,3.02,3.01,3.01,460,0
MNTSW.US,5,20210927,155000,3.01,3.01,2.99,2.99,700,0
MNTSW.US,5,20210927,155500,3,3,3,3,100,0
MNTSW.US,5,20210927,160000,2.89,2.89,2.89,2.89,200,0
MNTSW.US,5,20210927,161000,2.7401,2.7401,2.7401,2.7401,1400,0
MNTSW.US,5,20210927,163000,2.79,2.79,2.58,2.61,5170,0
MNTSW.US,5,20210927,164000,2.6298,2.6298,2.6298,2.6298,675,0
MNTSW.US,5,20210927,164500,2.63,2.65,2.6,2.61,5856,0
MNTSW.US,5,20210927,165500,2.65,2.65,2.65,2.65,100,0
MNTSW.US,5,20210927,171000,2.6555,2.6555,2.6555,2.6555,100,0
MNTSW.US,5,20210927,173500,2.66,2.66,2.645,2.66,1200,0
MNTSW.US,5,20210927,174000,2.665,2.665,2.665,2.665,200,0
MNTSW.US,5,20210927,175500,2.66,2.66,2.66,2.66,100,0
MNTSW.US,5,20210927,185500,2.67,2.67,2.6699,2.6699,900,0
MNTSW.US,5,20210927,190000,2.68,2.68,2.68,2.68,300,0
MNTSW.US,5,20210927,191000,2.68,2.68,2.68,2.68,100,0
MNTSW.US,5,20210927,191500,2.69,2.69,2.69,2.69,100,0
MNTSW.US,5,20210927,192000,2.73,2.73,2.73,2.73,100,0
MNTSW.US,5,20210927,200500,2.78,2.78,2.78,2.78,400,0
MNTSW.US,5,20210927,201500,2.8,2.8,2.79,2.79,200,0
MNTSW.US,5,20210927,202500,2.82,2.82,2.82,2.82,400,0
MNTSW.US,5,20210927,203000,2.815,2.82,2.815,2.82,1100,0
MNTSW.US,5,20210927,203500,2.82,2.82,2.82,2.82,100,0
MNTSW.US,5,20210927,205500,2.8306,2.8306,2.8306,2.8306,100,0
MNTSW.US,5,20210927,210000,2.82,2.82,2.8,2.81,4956,0
MNTSW.US,5,20210927,212500,2.84,2.85,2.84,2.85,1200,0
MNTSW.US,5,20210927,213000,2.9001,2.9001,2.9,2.9,2000,0
MNTSW.US,5,20210927,214500,2.9,2.93,2.9,2.91,5100,0
MNTSW.US,5,20210927,215000,2.91,2.91,2.91,2.91,100,0
MNTSW.US,5,20210927,215500,2.9,2.92,2.9,2.92,1100,0
MNTSW.US,5,20210928,153000,2.26,2.9899,2.26,2.28,3050,0
MNTSW.US,5,20210928,153500,2.785,2.785,2.66,2.66,300,0
MNTSW.US,5,20210928,160000,2.7401,2.76,2.7401,2.75,500,0
MNTSW.US,5,20210928,160500,2.74,2.74,2.62,2.62,677,0
MNTSW.US,5,20210928,161000,2.6101,2.6101,2.6101,2.6101,500,0
MNTSW.US,5,20210928,161500,2.7,2.7,2.69,2.7,1100,0
MNTSW.US,5,20210928,162500,2.77,2.78,2.77,2.77,2300,0
MNTSW.US,5,20210928,163000,2.81,2.82,2.81,2.82,200,0
MNTSW.US,5,20210928,165000,2.82,2.82,2.82,2.82,200,0
MNTSW.US,5,20210928,171500,2.815,2.815,2.815,2.815,1000,0
MNTSW.US,5,20210928,172500,2.81,2.81,2.78,2.78,4363,0
MNTSW.US,5,20210928,173500,2.84,2.84,2.84,2.84,200,0
MNTSW.US,5,20210928,174500,2.85,2.85,2.85,2.85,100,0
MNTSW.US,5,20210928,175000,2.79,2.79,2.79,2.79,100,0
MNTSW.US,5,20210928,180000,2.85,2.85,2.85,2.85,100,0
MNTSW.US,5,20210928,185500,2.85,2.85,2.85,2.85,400,0
MNTSW.US,5,20210928,190000,2.93,2.96,2.93,2.96,200,0
MNTSW.US,5,20210928,190500,2.8622,2.885,2.84,2.885,1429,0
MNTSW.US,5,20210928,192000,2.85,2.85,2.85,2.85,1206,0
MNTSW.US,5,20210928,194000,2.85,2.85,2.85,2.85,274,0
MNTSW.US,5,20210928,194500,2.93,2.93,2.93,2.93,300,0
MNTSW.US,5,20210928,195000,2.87,2.9,2.87,2.87,1999,0
MNTSW.US,5,20210928,202000,2.87,2.87,2.87,2.87,400,0
MNTSW.US,5,20210928,202500,2.9,2.9,2.87,2.87,1100,0
MNTSW.US,5,20210928,203500,2.87,2.8701,2.87,2.87,1100,0
MNTSW.US,5,20210928,204000,2.87,2.87,2.87,2.87,300,0
MNTSW.US,5,20210928,205000,2.87,2.87,2.78,2.78,2541,0
MNTSW.US,5,20210928,215500,2.785,2.79,2.69,2.69,500,0
MNTSW.US,5,20210929,153000,2.58,2.58,2.58,2.58,151,0
MNTSW.US,5,20210929,173500,2.91,2.91,2.91,2.91,1000,0
MNTSW.US,5,20210929,185000,2.765,2.765,2.765,2.765,100,0
MNTSW.US,5,20210929,185500,2.7,2.7,2.7,2.7,1000,0
MNTSW.US,5,20210929,190000,2.74,2.74,2.74,2.74,100,0
MNTSW.US,5,20210929,201500,2.67,2.67,2.67,2.67,139,0
MNTSW.US,5,20210929,202000,2.67,2.67,2.67,2.67,139,0
MNTSW.US,5,20210929,203000,2.67,2.67,2.67,2.67,100,0
MNTSW.US,5,20210929,204000,2.67,2.67,2.67,2.67,139,0
MNTSW.US,5,20210929,204500,2.67,2.67,2.67,2.67,583,0
MNTSW.US,5,20210929,205000,2.67,2.67,2.67,2.67,422,0
MNTSW.US,5,20210929,205500,2.67,2.67,2.67,2.67,140,0
MNTSW.US,5,20210929,210000,2.67,2.67,2.67,2.67,118,0
MNTSW.US,5,20210929,211000,2.67,2.67,2.67,2.67,139,0
MNTSW.US,5,20210929,211500,2.67,2.67,2.67,2.67,139,0
MNTSW.US,5,20210929,212000,2.67,2.67,2.67,2.67,117,0
MNTSW.US,5,20210929,212500,2.67,2.67,2.67,2.67,140,0
MNTSW.US,5,20210929,213000,2.67,2.67,2.67,2.67,140,0
MNTSW.US,5,20210929,213500,2.67,2.67,2.67,2.67,140,0
MNTSW.US,5,20210929,214000,2.67,2.67,2.67,2.67,100,0
MNTSW.US,5,20210929,214500,2.67,2.67,2.67,2.67,260,0
MNTSW.US,5,20210929,215000,2.67,2.67,2.67,2.67,400,0
MNTSW.US,5,20210929,215500,2.67,2.74,2.67,2.67,954,0
MNTSW.US,5,20210930,153000,2.79,2.79,2.79,2.79,225,0
MNTSW.US,5,20210930,160500,2.75,2.75,2.74,2.75,6848,0
MNTSW.US,5,20210930,163500,2.76,2.76,2.76,2.76,300,0
MNTSW.US,5,20210930,164000,2.7,2.75,2.7,2.705,4800,0
MNTSW.US,5,20210930,164500,2.705,2.7275,2.705,2.705,1900,0
MNTSW.US,5,20210930,165000,2.7275,2.75,2.705,2.75,4100,0
MNTSW.US,5,20210930,165500,2.7275,2.7275,2.705,2.705,500,0
MNTSW.US,5,20210930,170000,2.7275,2.75,2.68,2.715,6381,0
MNTSW.US,5,20210930,180500,2.69,2.69,2.69,2.69,396,0
MNTSW.US,5,20210930,194500,2.6901,2.72,2.69,2.7,800,0
MNTSW.US,5,20210930,200000,2.69,2.71,2.69,2.71,900,0
MNTSW.US,5,20210930,201000,2.7105,2.7105,2.7105,2.7105,100,0
MNTSW.US,5,20210930,202500,2.69,2.71,2.69,2.71,2100,0
MNTSW.US,5,20210930,205500,2.69,2.69,2.69,2.69,600,0
MNTSW.US,5,20210930,210000,2.69,2.695,2.68,2.68,4200,0
MNTSW.US,5,20210930,210500,2.625,2.625,2.625,2.625,200,0
MNTSW.US,5,20210930,211500,2.67,2.68,2.625,2.66,5500,0
MNTSW.US,5,20210930,212000,2.67,2.68,2.66,2.68,1200,0
MNTSW.US,5,20210930,213000,2.65,2.665,2.65,2.665,700,0
MNTSW.US,5,20211001,162500,2.6,2.6,2.6,2.6,900,0
MNTSW.US,5,20211001,165500,2.68,2.68,2.68,2.68,550,0
MNTSW.US,5,20211001,170000,2.61,2.61,2.61,2.61,300,0
MNTSW.US,5,20211001,171500,2.61,2.61,2.61,2.61,300,0
MNTSW.US,5,20211001,172500,2.62,2.62,2.62,2.62,400,0
MNTSW.US,5,20211001,173000,2.685,2.685,2.685,2.685,100,0
MNTSW.US,5,20211001,174500,2.68,2.69,2.68,2.69,2700,0
MNTSW.US,5,20211001,175000,2.73,2.75,2.73,2.75,1084,0
MNTSW.US,5,20211001,181000,2.795,2.795,2.795,2.795,471,0
MNTSW.US,5,20211001,181500,2.735,2.795,2.73,2.73,800,0
MNTSW.US,5,20211001,183500,2.73,2.73,2.73,2.73,100,0
MNTSW.US,5,20211001,192000,2.73,2.73,2.73,2.73,893,0
MNTSW.US,5,20211001,193500,2.74,2.74,2.73,2.73,500,0
MNTSW.US,5,20211001,194000,2.73,2.8299,2.73,2.8299,400,0
MNTSW.US,5,20211001,194500,2.74,2.785,2.74,2.785,400,0
MNTSW.US,5,20211001,201000,2.74,2.74,2.74,2.74,200,0
MNTSW.US,5,20211001,203500,2.79,2.83,2.74,2.75,1456,0
MNTSW.US,5,20211001,205000,2.83,2.83,2.83,2.83,200,0
MNTSW.US,5,20211001,205500,2.74,2.85,2.73,2.85,2390,0
MNTSW.US,5,20211001,211000,2.85,2.85,2.85,2.85,800,0
MNTSW.US,5,20211001,211500,2.855,2.86,2.85,2.855,1000,0
MNTSW.US,5,20211001,212000,2.855,2.855,2.855,2.855,200,0
MNTSW.US,5,20211001,213000,2.85,2.85,2.85,2.85,2310,0
MNTSW.US,5,20211001,213500,2.81,2.81,2.73,2.73,2200,0
MNTSW.US,5,20211001,214000,2.73,2.74,2.73,2.73,800,0
MNTSW.US,5,20211001,214500,2.73,2.73,2.73,2.73,300,0
MNTSW.US,5,20211001,215000,2.7,2.7,2.7,2.7,200,0
MNTSW.US,5,20211001,215500,2.69,2.69,2.61,2.61,1800,0
MNTSW.US,5,20211004,153000,2.3,2.55,2.3,2.55,9556,0
MNTSW.US,5,20211004,153500,2.55,2.55,2.55,2.55,100,0
MNTSW.US,5,20211004,160000,2.55,2.55,2.55,2.55,500,0
MNTSW.US,5,20211004,162000,2.55,2.55,2.55,2.55,4300,0
MNTSW.US,5,20211004,163000,2.55,2.55,2.55,2.55,700,0
MNTSW.US,5,20211004,164500,2.37,2.37,2.33,2.33,327,0
MNTSW.US,5,20211004,171500,2.38,2.38,2.38,2.38,100,0
MNTSW.US,5,20211004,172000,2.38,2.38,2.38,2.38,473,0
MNTSW.US,5,20211004,173000,2.37,2.38,2.36,2.36,1089,0
MNTSW.US,5,20211004,173500,2.37,2.38,2.36,2.36,994,0
MNTSW.US,5,20211004,192000,2.5,2.5,2.5,2.5,100,0
MNTSW.US,5,20211004,203500,2.47,2.47,2.47,2.47,110,0
MNTSW.US,5,20211004,211500,2.5,2.5,2.5,2.5,110,0
MNTSW.US,5,20211004,212000,2.42,2.44,2.42,2.42,430,0
MNTSW.US,5,20211004,212500,2.43,2.44,2.42,2.44,524,0
MNTSW.US,5,20211004,214500,2.435,2.435,2.435,2.435,225,0
MNTSW.US,5,20211004,215000,2.38,2.38,2.38,2.38,500,0
MNTSW.US,5,20211004,215500,2.45,2.46,2.36,2.36,920,0
MNTSW.US,5,20211005,161500,2.38,2.38,2.37,2.37,966,0
MNTSW.US,5,20211005,163500,2.44,2.44,2.44,2.44,200,0
MNTSW.US,5,20211005,164000,2.41,2.41,2.41,2.41,300,0
MNTSW.US,5,20211005,173000,2.41,2.41,2.41,2.41,500,0
MNTSW.US,5,20211005,174000,2.42,2.42,2.42,2.42,500,0
MNTSW.US,5,20211005,181000,2.41,2.41,2.41,2.41,200,0
MNTSW.US,5,20211005,181500,2.41,2.41,2.4,2.4,400,0
MNTSW.US,5,20211005,200000,2.4,2.4,2.4,2.4,400,0
MNTSW.US,5,20211005,201000,2.4,2.4,2.4,2.4,160,0
MNTSW.US,5,20211005,205000,2.41,2.41,2.41,2.41,100,0
MNTSW.US,5,20211005,215500,2.41,2.41,2.41,2.41,100,0
MNTSW.US,5,20211006,163000,2.41,2.41,2.365,2.365,12218,0
MNTSW.US,5,20211006,164000,2.445,2.47,2.445,2.4525,2287,0
MNTSW.US,5,20211006,165500,2.3901,2.3901,2.3901,2.3901,100,0
MNTSW.US,5,20211006,173000,2.41,2.41,2.41,2.41,100,0
MNTSW.US,5,20211006,175500,2.41,2.4127,2.41,2.4127,411,0
MNTSW.US,5,20211006,183000,2.4,2.4,2.4,2.4,400,0
MNTSW.US,5,20211006,184000,2.4,2.4,2.39,2.39,500,0
MNTSW.US,5,20211006,185500,2.42,2.42,2.4,2.4,4688,0
MNTSW.US,5,20211006,190000,2.4,2.4,2.37,2.37,11278,0
MNTSW.US,5,20211006,192500,2.4,2.4,2.4,2.4,100,0
MNTSW.US,5,20211006,195000,2.39,2.39,2.39,2.39,174,0
MNTSW.US,5,20211006,195500,2.39,2.39,2.39,2.39,174,0
MNTSW.US,5,20211006,200000,2.39,2.39,2.39,2.39,122,0
MNTSW.US,5,20211006,200500,2.385,2.385,2.385,2.385,100,0
MNTSW.US,5,20211006,201000,2.41,2.41,2.41,2.41,174,0
MNTSW.US,5,20211006,201500,2.41,2.41,2.41,2.41,100,0
MNTSW.US,5,20211006,202500,2.4,2.4,2.4,2.4,174,0
MNTSW.US,5,20211006,203000,2.4,2.4,2.4,2.4,174,0
MNTSW.US,5,20211006,204000,2.39,2.39,2.39,2.39,174,0
MNTSW.US,5,20211006,204500,2.4,2.4,2.4,2.4,174,0
MNTSW.US,5,20211006,205000,2.3901,2.3901,2.3901,2.3901,100,0
MNTSW.US,5,20211006,205500,2.4,2.4,2.4,2.4,135,0
MNTSW.US,5,20211006,210000,2.41,2.41,2.41,2.41,100,0
MNTSW.US,5,20211006,210500,2.41,2.41,2.41,2.41,135,0
MNTSW.US,5,20211006,211000,2.41,2.41,2.41,2.41,130,0
MNTSW.US,5,20211006,211500,2.41,2.41,2.41,2.41,135,0
MNTSW.US,5,20211006,212000,2.39,2.4,2.39,2.4,257,0
MNTSW.US,5,20211006,212500,2.4,2.4,2.4,2.4,135,0
MNTSW.US,5,20211006,213000,2.4,2.4,2.4,2.4,135,0
MNTSW.US,5,20211006,213500,2.4,2.4,2.4,2.4,104,0
MNTSW.US,5,20211006,215000,2.43,2.43,2.42,2.42,300,0
MNTSW.US,5,20211006,215500,2.43,2.43,2.41,2.42,845,0
MNTSW.US,5,20211007,155500,2.46,2.5247,2.28,2.282,2300,0
MNTSW.US,5,20211007,160000,2.41,2.41,2.41,2.41,300,0
MNTSW.US,5,20211007,162500,2.39,2.39,2.39,2.39,100,0
MNTSW.US,5,20211007,163000,2.45,2.45,2.45,2.45,200,0
MNTSW.US,5,20211007,163500,2.39,2.39,2.39,2.39,100,0
MNTSW.US,5,20211007,164000,2.44,2.44,2.44,2.44,900,0
MNTSW.US,5,20211007,164500,2.4,2.4,2.4,2.4,1200,0
MNTSW.US,5,20211007,165000,2.38,2.4,2.38,2.38,2970,0
MNTSW.US,5,20211007,165500,2.38,2.38,2.38,2.38,345,0
MNTSW.US,5,20211007,172000,2.38,2.4,2.38,2.4,3327,0
MNTSW.US,5,20211007,172500,2.38,2.39,2.37,2.37,1100,0
MNTSW.US,5,20211007,173000,2.4,2.45,2.4,2.43,4823,0
MNTSW.US,5,20211007,173500,2.43,2.43,2.43,2.43,800,0
MNTSW.US,5,20211007,174500,2.4,2.43,2.4,2.43,1200,0
MNTSW.US,5,20211007,175000,2.43,2.43,2.39,2.39,800,0
MNTSW.US,5,20211007,175500,2.43,2.43,2.38,2.43,9395,0
MNTSW.US,5,20211007,181500,2.41,2.43,2.4,2.4,3685,0
MNTSW.US,5,20211007,182000,2.4,2.4,2.39,2.39,666,0
MNTSW.US,5,20211007,183000,2.41,2.41,2.41,2.41,100,0
MNTSW.US,5,20211007,184000,2.43,2.48,2.4,2.4,10597,0
MNTSW.US,5,20211007,184500,2.4,2.42,2.39,2.42,11000,0
MNTSW.US,5,20211007,190000,2.42,2.42,2.4001,2.4001,400,0
MNTSW.US,5,20211007,190500,2.42,2.42,2.42,2.42,100,0
MNTSW.US,5,20211007,191000,2.4,2.4,2.39,2.39,2300,0
MNTSW.US,5,20211007,192000,2.4,2.4228,2.4,2.4,1300,0
MNTSW.US,5,20211007,192500,2.4,2.42,2.4,2.4,6300,0
MNTSW.US,5,20211007,193000,2.41,2.41,2.4,2.405,723,0
MNTSW.US,5,20211007,194000,2.39,2.4,2.39,2.4,1495,0
MNTSW.US,5,20211007,200500,2.38,2.38,2.3506,2.38,10500,0
MNTSW.US,5,20211007,201500,2.42,2.42,2.42,2.42,250,0
MNTSW.US,5,20211007,203500,2.41,2.41,2.3506,2.4001,2200,0
MNTSW.US,5,20211007,210000,2.41,2.41,2.41,2.41,800,0
MNTSW.US,5,20211007,211000,2.41,2.41,2.4001,2.4001,400,0
MNTSW.US,5,20211007,212000,2.425,2.425,2.425,2.425,300,0
MNTSW.US,5,20211007,214500,2.45,2.45,2.45,2.45,500,0
MNTSW.US,5,20211007,215500,2.45,2.46,2.45,2.45,502,0
MNTSW.US,5,20211008,153500,2.6405,2.6405,2.64,2.64,1100,0
MNTSW.US,5,20211008,164000,2.491,2.5167,2.4,2.48,1544,0
MNTSW.US,5,20211008,164500,2.48,2.48,2.48,2.48,100,0
MNTSW.US,5,20211008,175500,2.57,2.57,2.52,2.52,500,0
MNTSW.US,5,20211008,180000,2.6,2.6,2.6,2.6,100,0
MNTSW.US,5,20211008,182000,2.62,2.63,2.62,2.63,969,0
MNTSW.US,5,20211008,182500,2.74,2.74,2.7,2.74,4406,0
MNTSW.US,5,20211008,184000,2.74,2.74,2.72,2.74,11200,0
MNTSW.US,5,20211008,184500,2.8,2.8,2.79,2.79,200,0
MNTSW.US,5,20211008,185500,2.82,2.82,2.82,2.82,1317,0
MNTSW.US,5,20211008,194500,2.71,2.71,2.71,2.71,200,0
MNTSW.US,5,20211008,200500,2.765,2.8,2.765,2.8,700,0
MNTSW.US,5,20211008,202000,2.74,2.74,2.74,2.74,800,0
MNTSW.US,5,20211008,210500,2.74,2.74,2.74,2.74,201,0
MNTSW.US,5,20211008,211000,2.74,2.74,2.74,2.74,1100,0
MNTSW.US,5,20211008,214000,2.74,2.74,2.72,2.725,4900,0
MNTSW.US,5,20211008,214500,2.725,2.725,2.725,2.725,700,0
MNTSW.US,5,20211008,215500,2.74,2.76,2.73,2.74,3095,0
MNTSW.US,5,20211011,155500,2.92,2.92,2.92,2.92,100,0
MNTSW.US,5,20211011,181000,2.75,2.75,2.75,2.75,100,0
MNTSW.US,5,20211011,182000,2.75,2.75,2.75,2.75,300,0
MNTSW.US,5,20211011,183000,2.72,2.72,2.68,2.68,2170,0
MNTSW.US,5,20211011,195000,2.75,2.75,2.75,2.75,300,0
MNTSW.US,5,20211011,201000,2.74,2.7408,2.74,2.7408,200,0
MNTSW.US,5,20211011,203000,2.76,2.78,2.76,2.78,2116,0
MNTSW.US,5,20211011,205000,2.78,2.785,2.78,2.785,300,0
MNTSW.US,5,20211011,212500,2.79,2.79,2.79,2.79,198,0
MNTSW.US,5,20211011,215500,2.79,2.79,2.79,2.79,400,0
MNTSW.US,5,20211012,153000,2.69,2.69,2.69,2.69,100,0
MNTSW.US,5,20211012,154000,2.79,2.79,2.79,2.79,1000,0
MNTSW.US,5,20211012,155500,2.74,2.74,2.74,2.74,100,0
MNTSW.US,5,20211012,161000,2.72,2.72,2.72,2.72,400,0
MNTSW.US,5,20211012,161500,2.72,2.72,2.69,2.69,29600,0
MNTSW.US,5,20211012,164000,2.71,2.71,2.71,2.71,100,0
MNTSW.US,5,20211012,174000,2.8,2.8,2.8,2.8,200,0
MNTSW.US,5,20211012,175500,2.82,2.82,2.81,2.81,800,0
MNTSW.US,5,20211012,180500,2.84,2.84,2.83,2.84,1252,0
MNTSW.US,5,20211012,181000,2.83,2.83,2.83,2.83,200,0
MNTSW.US,5,20211012,182500,2.8233,2.8233,2.8233,2.8233,900,0
MNTSW.US,5,20211012,183000,2.82,2.82,2.78,2.78,485,0
MNTSW.US,5,20211012,194000,2.805,2.83,2.805,2.83,171692,0
MNTSW.US,5,20211012,194500,2.8075,2.8075,2.805,2.805,200,0
MNTSW.US,5,20211012,195500,2.83,2.84,2.81,2.81,1150,0
MNTSW.US,5,20211012,201000,2.81,2.81,2.81,2.81,500,0
MNTSW.US,5,20211012,201500,2.83,2.85,2.82,2.83,5500,0
MNTSW.US,5,20211012,202000,2.84,2.95,2.84,2.95,6332,0
MNTSW.US,5,20211012,202500,2.9,2.925,2.895,2.9,1900,0
MNTSW.US,5,20211012,203000,2.895,2.895,2.895,2.895,200,0
MNTSW.US,5,20211012,203500,2.895,2.895,2.895,2.895,200,0
MNTSW.US,5,20211012,204000,2.9,2.9,2.865,2.88,2000,0
MNTSW.US,5,20211012,204500,2.88,2.89,2.86,2.865,1400,0
MNTSW.US,5,20211012,205000,2.86,2.87,2.86,2.86,1100,0
MNTSW.US,5,20211012,210500,2.87,2.87,2.82,2.82,500,0
MNTSW.US,5,20211012,214500,2.83,2.83,2.83,2.83,1300,0
MNTSW.US,5,20211012,215000,2.87,2.87,2.86,2.87,900,0
MNTSW.US,5,20211012,215500,2.87,2.9,2.87,2.89,4929,0
MNTSW.US,5,20211013,153500,2.83,2.84,2.83,2.84,200,0
MNTSW.US,5,20211013,155000,2.82,2.82,2.81,2.81,400,0
MNTSW.US,5,20211013,172500,2.8,2.8,2.8,2.8,478,0
MNTSW.US,5,20211013,183500,2.77,2.77,2.77,2.77,700,0
MNTSW.US,5,20211013,184000,2.8,2.8,2.78,2.7931,1200,0
MNTSW.US,5,20211013,192500,2.79,2.79,2.79,2.79,100,0
MNTSW.US,5,20211013,195500,2.8,2.8,2.77,2.8,4549,0
MNTSW.US,5,20211013,200000,2.79,2.79,2.79,2.79,500,0
MNTSW.US,5,20211013,203000,2.77,2.8,2.77,2.77,4200,0
MNTSW.US,5,20211013,204000,2.74,2.77,2.74,2.77,891,0
MNTSW.US,5,20211013,204500,2.76,2.77,2.72,2.72,3900,0
MNTSW.US,5,20211013,205500,2.74,2.78,2.74,2.78,12200,0
MNTSW.US,5,20211013,210000,2.78,2.79,2.76,2.76,2092,0
MNTSW.US,5,20211013,210500,2.77,2.77,2.77,2.77,800,0
MNTSW.US,5,20211013,211000,2.77,2.77,2.77,2.77,700,0
MNTSW.US,5,20211013,211500,2.78,2.79,2.76,2.77,4300,0
MNTSW.US,5,20211013,212000,2.77,2.77,2.77,2.77,1100,0
MNTSW.US,5,20211013,212500,2.76,2.8,2.76,2.795,71969,0
MNTSW.US,5,20211013,213000,2.795,2.795,2.795,2.795,200,0
MNTSW.US,5,20211013,213500,2.795,2.795,2.795,2.795,500,0
MNTSW.US,5,20211013,214000,2.795,2.795,2.795,2.795,400,0
MNTSW.US,5,20211013,214500,2.795,2.795,2.795,2.795,400,0
MNTSW.US,5,20211013,215000,2.795,2.8,2.795,2.8,10900,0
MNTSW.US,5,20211013,215500,2.8,2.86,2.795,2.845,3804,0
MNTSW.US,5,20211014,153000,2.74,2.88,2.74,2.83,1494,0
MNTSW.US,5,20211014,162000,2.79,2.79,2.78,2.78,800,0
MNTSW.US,5,20211014,163500,2.78,2.78,2.75,2.78,1092,0
MNTSW.US,5,20211014,170000,2.8,2.8,2.79,2.8,800,0
MNTSW.US,5,20211014,170500,2.79,2.79,2.785,2.785,300,0
MNTSW.US,5,20211014,171500,2.8,2.8,2.785,2.8,3500,0
MNTSW.US,5,20211014,172500,2.79,2.83,2.75,2.78,5164,0
MNTSW.US,5,20211014,173000,2.78,2.78,2.78,2.78,100,0
MNTSW.US,5,20211014,174500,2.8,2.8,2.785,2.785,584,0
MNTSW.US,5,20211014,180000,2.78,2.79,2.78,2.79,400,0
MNTSW.US,5,20211014,180500,2.77,2.77,2.77,2.77,200,0
MNTSW.US,5,20211014,183000,2.7001,2.7001,2.7001,2.7001,100,0
MNTSW.US,5,20211014,195000,2.75,2.77,2.74,2.74,900,0
MNTSW.US,5,20211014,195500,2.74,2.74,2.73,2.73,700,0
MNTSW.US,5,20211014,200500,2.71,2.71,2.71,2.71,600,0
MNTSW.US,5,20211014,203500,2.71,2.71,2.71,2.71,100,0
MNTSW.US,5,20211014,204000,2.68,2.72,2.67,2.67,2373,0
MNTSW.US,5,20211014,204500,2.67,2.69,2.64,2.67,16105,0
MNTSW.US,5,20211014,210000,2.6,2.61,2.6,2.61,511,0
MNTSW.US,5,20211014,210500,2.64,2.65,2.62,2.62,4486,0
MNTSW.US,5,20211014,211000,2.6,2.65,2.6,2.63,4317,0
MNTSW.US,5,20211014,211500,2.64,2.64,2.6,2.62,2895,0
MNTSW.US,5,20211014,212000,2.59,2.59,2.58,2.58,437,0
MNTSW.US,5,20211014,212500,2.57,2.61,2.55,2.61,3059,0
MNTSW.US,5,20211014,215000,2.645,2.68,2.64,2.65,900,0
MNTSW.US,5,20211014,215500,2.66,2.66,2.65,2.65,300,0
MNTSW.US,5,20211015,161000,2.63,2.6301,2.63,2.6301,1150,0
MNTSW.US,5,20211015,162500,2.61,2.61,2.6,2.6,600,0
MNTSW.US,5,20211015,163500,2.66,2.68,2.66,2.67,540,0
MNTSW.US,5,20211015,164000,2.675,2.675,2.675,2.675,100,0
MNTSW.US,5,20211015,165500,2.645,2.645,2.645,2.645,100,0
MNTSW.US,5,20211015,182500,2.54,2.54,2.51,2.51,300,0
MNTSW.US,5,20211015,184500,2.5,2.5,2.5,2.5,102,0
MNTSW.US,5,20211015,195000,2.5,2.5,2.49,2.49,32530,0
MNTSW.US,5,20211015,195500,2.49,2.49,2.48,2.48,400,0
MNTSW.US,5,20211015,200000,2.47,2.47,2.47,2.47,100,0
MNTSW.US,5,20211015,203500,2.46,2.48,2.43,2.43,1300,0
MNTSW.US,5,20211015,204000,2.45,2.45,2.45,2.45,100,0
MNTSW.US,5,20211015,204500,2.44,2.44,2.44,2.44,100,0
MNTSW.US,5,20211015,210000,2.47,2.47,2.47,2.47,100,0
MNTSW.US,5,20211015,210500,2.46,2.46,2.46,2.46,200,0
MNTSW.US,5,20211015,212500,2.43,2.43,2.38,2.43,15277,0
MNTSW.US,5,20211015,213500,2.48,2.48,2.48,2.48,300,0
MNTSW.US,5,20211015,215500,2.42,2.43,2.41,2.41,800,0
MNTSW.US,5,20211018,153000,2.38,2.38,2.38,2.38,100,0
MNTSW.US,5,20211018,153500,2.47,2.57,2.45,2.45,1850,0
MNTSW.US,5,20211018,155000,2.45,2.51,2.45,2.51,1500,0
MNTSW.US,5,20211018,161500,2.5,2.57,2.5,2.57,900,0
MNTSW.US,5,20211018,164000,2.6,2.6,2.53,2.53,12900,0
MNTSW.US,5,20211018,164500,2.52,2.52,2.44,2.48,24400,0
MNTSW.US,5,20211018,171000,2.55,2.55,2.5,2.53,1400,0
MNTSW.US,5,20211018,173500,2.53,2.53,2.5,2.52,3830,0
MNTSW.US,5,20211018,174000,2.51,2.51,2.5,2.5,5300,0
MNTSW.US,5,20211018,174500,2.49,2.5,2.45,2.48,5831,0
MNTSW.US,5,20211018,175000,2.48,2.48,2.45,2.46,10265,0
MNTSW.US,5,20211018,180000,2.465,2.465,2.465,2.465,200,0
MNTSW.US,5,20211018,182500,2.46,2.46,2.46,2.46,100,0
MNTSW.US,5,20211018,183000,2.46,2.46,2.46,2.46,400,0
MNTSW.US,5,20211018,183500,2.45,2.45,2.45,2.45,200,0
MNTSW.US,5,20211018,184500,2.42,2.42,2.42,2.42,2092,0
MNTSW.US,5,20211018,190000,2.445,2.47,2.445,2.47,1000,0
MNTSW.US,5,20211018,190500,2.445,2.445,2.445,2.445,100,0
MNTSW.US,5,20211018,193000,2.42,2.42,2.42,2.42,200,0
MNTSW.US,5,20211018,195000,2.38,2.38,2.38,2.38,100,0
MNTSW.US,5,20211018,195500,2.37,2.37,2.37,2.37,109,0
MNTSW.US,5,20211018,200500,2.4,2.4,2.39,2.39,209,0
MNTSW.US,5,20211018,210000,2.39,2.39,2.39,2.39,3300,0
MNTSW.US,5,20211018,210500,2.39,2.39,2.39,2.39,800,0
MNTSW.US,5,20211018,211500,2.38,2.39,2.38,2.38,699,0
MNTSW.US,5,20211018,212000,2.3801,2.3801,2.38,2.38,220,0
MNTSW.US,5,20211018,212500,2.39,2.39,2.39,2.39,200,0
MNTSW.US,5,20211018,214000,2.42,2.42,2.42,2.42,396,0
MNTSW.US,5,20211018,214500,2.41,2.42,2.41,2.42,381,0
MNTSW.US,5,20211018,215500,2.4,2.4,2.37,2.39,4583,0
MNTSW.US,5,20211019,153000,2.39,2.39,2.39,2.39,205,0
MNTSW.US,5,20211019,155000,2.43,2.43,2.43,2.43,100,0
MNTSW.US,5,20211019,155500,2.45,2.45,2.425,2.425,800,0
MNTSW.US,5,20211019,164500,2.44,2.46,2.39,2.39,33700,0
MNTSW.US,5,20211019,165500,2.43,2.43,2.43,2.43,1200,0
MNTSW.US,5,20211019,170000,2.43,2.43,2.39,2.39,25200,0
MNTSW.US,5,20211019,172500,2.43,2.43,2.4,2.4,6900,0
MNTSW.US,5,20211019,175000,2.455,2.455,2.45,2.45,25100,0
MNTSW.US,5,20211019,180500,2.41,2.44,2.4,2.41,1236,0
MNTSW.US,5,20211019,181000,2.44,2.44,2.44,2.44,336,0
MNTSW.US,5,20211019,182000,2.43,2.49,2.39,2.475,11200,0
MNTSW.US,5,20211019,183000,2.43,2.43,2.42,2.42,1000,0
MNTSW.US,5,20211019,185000,2.45,2.45,2.45,2.45,1000,0
MNTSW.US,5,20211019,190000,2.45,2.45,2.45,2.45,500,0
MNTSW.US,5,20211019,192500,2.47,2.47,2.47,2.47,1000,0
MNTSW.US,5,20211019,202500,2.55,2.57,2.55,2.57,1100,0
MNTSW.US,5,20211019,203500,2.53,2.53,2.51,2.51,1400,0
MNTSW.US,5,20211019,204000,2.53,2.53,2.51,2.51,24500,0
MNTSW.US,5,20211019,211000,2.59,2.59,2.59,2.59,100,0
MNTSW.US,5,20211019,211500,2.55,2.55,2.54,2.54,8200,0
MNTSW.US,5,20211019,212000,2.52,2.52,2.47,2.47,500,0
MNTSW.US,5,20211019,213500,2.48,2.48,2.48,2.48,100,0
MNTSW.US,5,20211019,214000,2.46,2.46,2.43,2.46,1366,0
MNTSW.US,5,20211019,215500,2.46,2.46,2.43,2.43,1000,0
MNTSW.US,5,20211020,153000,2.43,2.44,2.43,2.44,200,0
MNTSW.US,5,20211020,154000,2.415,2.42,2.415,2.42,300,0
MNTSW.US,5,20211020,154500,2.41,2.41,2.41,2.41,100,0
MNTSW.US,5,20211020,163000,2.47,2.47,2.47,2.47,800,0
MNTSW.US,5,20211020,164500,2.48,2.48,2.415,2.415,3691,0
MNTSW.US,5,20211020,165000,2.42,2.47,2.36,2.41,25189,0
MNTSW.US,5,20211020,165500,2.43,2.46,2.41,2.42,9904,0
MNTSW.US,5,20211020,170000,2.42,2.42,2.42,2.42,100,0
MNTSW.US,5,20211020,170500,2.435,2.44,2.435,2.44,600,0
MNTSW.US,5,20211020,171500,2.485,2.485,2.47,2.47,300,0
MNTSW.US,5,20211020,172000,2.5,2.5,2.49,2.49,600,0
MNTSW.US,5,20211020,172500,2.49,2.49,2.47,2.485,3644,0
MNTSW.US,5,20211020,173500,2.5,2.5,2.5,2.5,200,0
MNTSW.US,5,20211020,174000,2.49,2.49,2.49,2.49,400,0
MNTSW.US,5,20211020,181500,2.5001,2.5001,2.49,2.49,200,0
MNTSW.US,5,20211020,182500,2.47,2.5399,2.46,2.5399,300,0
MNTSW.US,5,20211020,183000,2.45,2.45,2.45,2.45,100,0
MNTSW.US,5,20211020,184000,2.45,2.45,2.45,2.45,100,0
MNTSW.US,5,20211020,190000,2.4814,2.4814,2.4814,2.4814,1000,0
MNTSW.US,5,20211020,193000,2.49,2.49,2.49,2.49,300,0
MNTSW.US,5,20211020,193500,2.5,2.5,2.49,2.5,1000,0
MNTSW.US,5,20211020,201000,2.48,2.48,2.45,2.45,500,0
MNTSW.US,5,20211020,202000,2.4529,2.4529,2.4529,2.4529,1000,0
MNTSW.US,5,20211020,205000,2.45,2.47,2.45,2.45,13024,0
MNTSW.US,5,20211020,205500,2.44,2.44,2.44,2.44,100,0
MNTSW.US,5,20211020,212000,2.42,2.42,2.41,2.41,400,0
MNTSW.US,5,20211020,212500,2.4,2.4,2.38,2.38,1400,0
MNTSW.US,5,20211020,213500,2.41,2.425,2.41,2.425,42402,0
MNTSW.US,5,20211020,214000,2.43,2.43,2.43,2.43,100,0
MNTSW.US,5,20211020,214500,2.43,2.45,2.43,2.45,400,0
MNTSW.US,5,20211020,215000,2.41,2.41,2.41,2.41,800,0
MNTSW.US,5,20211020,215500,2.435,2.435,2.41,2.41,800,0
MNTSW.US,5,20211021,154500,2.69,2.69,2.69,2.69,100,0
MNTSW.US,5,20211021,161500,2.66,2.6635,2.55,2.6,2500,0
MNTSW.US,5,20211021,163000,2.595,2.595,2.57,2.57,500,0
MNTSW.US,5,20211021,163500,2.54,2.57,2.54,2.55,400,0
MNTSW.US,5,20211021,164000,2.57,2.57,2.57,2.57,100,0
MNTSW.US,5,20211021,164500,2.57,2.57,2.55,2.57,300,0
MNTSW.US,5,20211021,165500,2.57,2.57,2.41,2.445,8386,0
MNTSW.US,5,20211021,170500,2.46,2.46,2.45,2.45,727,0
MNTSW.US,5,20211021,171500,2.45,2.45,2.29,2.36,52880,0
MNTSW.US,5,20211021,172000,2.35,2.37,2.35,2.37,16200,0
MNTSW.US,5,20211021,172500,2.37,2.37,2.36,2.37,2186,0
MNTSW.US,5,20211021,173000,2.35,2.35,2.34,2.34,855,0
MNTSW.US,5,20211021,173500,2.34,2.36,2.32,2.32,1595,0
MNTSW.US,5,20211021,174000,2.31,2.32,2.3,2.31,3911,0
MNTSW.US,5,20211021,174500,2.31,2.31,2.3,2.3,2350,0
MNTSW.US,5,20211021,175500,2.31,2.31,2.3,2.3,8337,0
MNTSW.US,5,20211021,180000,2.3,2.3,2.3,2.3,1100,0
MNTSW.US,5,20211021,180500,2.3,2.3,2.26,2.26,1929,0
MNTSW.US,5,20211021,181000,2.26,2.3399,2.25,2.26,1628,0
MNTSW.US,5,20211021,182000,2.26,2.3,2.26,2.26,1297,0
MNTSW.US,5,20211021,182500,2.28,2.32,2.275,2.3,14429,0
MNTSW.US,5,20211021,184500,2.29,2.29,2.29,2.29,200,0
MNTSW.US,5,20211021,185000,2.29,2.29,2.29,2.29,1420,0
MNTSW.US,5,20211021,190000,2.29,2.29,2.29,2.29,550,0
MNTSW.US,5,20211021,193000,2.29,2.29,2.29,2.29,1450,0
MNTSW.US,5,20211021,193500,2.29,2.3,2.29,2.3,1717,0
MNTSW.US,5,20211021,194500,2.29,2.295,2.29,2.295,755,0
MNTSW.US,5,20211021,203000,2.29,2.3,2.29,2.3,10500,0
MNTSW.US,5,20211021,203500,2.315,2.34,2.315,2.34,500,0
MNTSW.US,5,20211021,204000,2.32,2.32,2.301,2.301,200,0
MNTSW.US,5,20211021,211000,2.32,2.32,2.32,2.32,100,0
MNTSW.US,5,20211021,211500,2.32,2.32,2.3105,2.32,400,0
MNTSW.US,5,20211021,212000,2.31,2.31,2.28,2.28,200,0
MNTSW.US,5,20211021,213500,2.3,2.3,2.3,2.3,418,0
MNTSW.US,5,20211021,214500,2.29,2.3,2.26,2.27,2397,0
MNTSW.US,5,20211021,215000,2.28,2.28,2.27,2.28,3800,0
MNTSW.US,5,20211021,215500,2.29,2.3,2.25,2.28,2862,0
MNTSW.US,5,20211022,153000,2.32,2.34,2.32,2.34,1900,0
MNTSW.US,5,20211022,154500,2.38,2.39,2.34,2.375,5300,0
MNTSW.US,5,20211022,155000,2.34,2.34,2.34,2.34,200,0
MNTSW.US,5,20211022,160000,2.3501,2.3501,2.3501,2.3501,1000,0
MNTSW.US,5,20211022,160500,2.37,2.37,2.37,2.37,300,0
MNTSW.US,5,20211022,163500,2.37,2.37,2.35,2.35,1000,0
MNTSW.US,5,20211022,165000,2.33,2.33,2.33,2.33,250,0
MNTSW.US,5,20211022,172000,2.33,2.33,2.31,2.31,300,0
MNTSW.US,5,20211022,172500,2.29,2.29,2.29,2.29,400,0
MNTSW.US,5,20211022,185500,2.33,2.33,2.3175,2.33,1608,0
MNTSW.US,5,20211022,192000,2.35,2.35,2.35,2.35,1500,0
MNTSW.US,5,20211022,193500,2.37,2.385,2.36,2.3703,3422,0
MNTSW.US,5,20211022,202000,2.37,2.37,2.33,2.33,3208,0
MNTSW.US,5,20211022,215500,2.37,2.38,2.33,2.37,27905,0
MNTSW.US,5,20211025,153000,2.37,2.37,2.33,2.37,2113,0
MNTSW.US,5,20211025,153500,2.37,2.37,2.31,2.32,6559,0
MNTSW.US,5,20211025,154000,2.32,2.32,2.32,2.32,200,0
MNTSW.US,5,20211025,155000,2.35,2.35,2.35,2.35,100,0
MNTSW.US,5,20211025,164000,2.35,2.35,2.35,2.35,2000,0
MNTSW.US,5,20211025,164500,2.34,2.34,2.34,2.34,400,0
MNTSW.US,5,20211025,172500,2.3,2.3,2.29,2.29,1100,0
MNTSW.US,5,20211025,175000,2.27,2.27,2.25,2.25,2100,0
MNTSW.US,5,20211025,180500,2.27,2.27,2.27,2.27,261,0
MNTSW.US,5,20211025,182000,2.27,2.2705,2.27,2.2705,1000,0
MNTSW.US,5,20211025,182500,2.23,2.23,2.21,2.21,2300,0
MNTSW.US,5,20211025,183500,2.22,2.24,2.2,2.23,5156,0
MNTSW.US,5,20211025,184000,2.215,2.24,2.2,2.24,4600,0
MNTSW.US,5,20211025,184500,2.235,2.25,2.235,2.25,1600,0
MNTSW.US,5,20211025,185000,2.24,2.24,2.24,2.24,200,0
MNTSW.US,5,20211025,190000,2.24,2.24,2.24,2.24,100,0
MNTSW.US,5,20211025,190500,2.245,2.245,2.24,2.24,200,0
MNTSW.US,5,20211025,191000,2.24,2.26,2.24,2.25,18409,0
MNTSW.US,5,20211025,192000,2.29,2.3,2.29,2.3,400,0
MNTSW.US,5,20211025,192500,2.29,2.3,2.29,2.3,2350,0
MNTSW.US,5,20211025,193500,2.3,2.3,2.295,2.295,5500,0
MNTSW.US,5,20211025,195000,2.295,2.295,2.29,2.2901,800,0
MNTSW.US,5,20211025,195500,2.29,2.2901,2.27,2.27,6143,0
MNTSW.US,5,20211025,200500,2.28,2.3,2.28,2.3,1035,0
MNTSW.US,5,20211025,202500,2.325,2.34,2.319,2.34,800,0
MNTSW.US,5,20211025,203000,2.35,2.35,2.35,2.35,200,0
MNTSW.US,5,20211025,205500,2.345,2.35,2.345,2.35,1000,0
MNTSW.US,5,20211025,210500,2.36,2.38,2.36,2.38,300,0
MNTSW.US,5,20211025,211000,2.37,2.37,2.37,2.37,122,0
MNTSW.US,5,20211025,213000,2.38,2.38,2.38,2.38,570,0
MNTSW.US,5,20211025,213500,2.37,2.37,2.31,2.31,1700,0
MNTSW.US,5,20211025,214000,2.375,2.375,2.375,2.375,100,0
MNTSW.US,5,20211025,214500,2.37,2.4,2.31,2.33,56430,0
MNTSW.US,5,20211025,215000,2.31,2.32,2.25,2.3,111168,0
MNTSW.US,5,20211025,215500,2.315,2.37,2.25,2.25,5808,0
MNTSW.US,5,20211026,153000,2.25,2.25,2.25,2.25,850,0
MNTSW.US,5,20211026,154000,2.25,2.25,2.25,2.25,400,0
MNTSW.US,5,20211026,154500,2.255,2.275,2.25,2.25,1100,0
MNTSW.US,5,20211026,155000,2.25,2.34,2.25,2.28,1490,0
MNTSW.US,5,20211026,161000,2.2679,2.2679,2.2679,2.2679,542,0
MNTSW.US,5,20211026,162500,2.2601,2.2601,2.2601,2.2601,150,0
MNTSW.US,5,20211026,164000,2.27,2.27,2.27,2.27,100,0
MNTSW.US,5,20211026,165000,2.27,2.27,2.27,2.27,200,0
MNTSW.US,5,20211026,172000,2.27,2.27,2.25,2.25,635,0
MNTSW.US,5,20211026,172500,2.25,2.25,2.25,2.25,3090,0
MNTSW.US,5,20211026,173000,2.25,2.25,2.25,2.25,440,0
MNTSW.US,5,20211026,182500,2.26,2.26,2.26,2.26,1000,0
MNTSW.US,5,20211026,183500,2.24,2.24,2.24,2.24,100,0
MNTSW.US,5,20211026,184000,2.244,2.244,2.23,2.23,200,0
MNTSW.US,5,20211026,184500,2.23,2.23,2.2,2.21,1050,0
MNTSW.US,5,20211026,185000,2.2,2.2,2.2,2.2,100,0
MNTSW.US,5,20211026,194000,2.24,2.24,2.2,2.2,400,0
MNTSW.US,5,20211026,200500,2.2,2.2,2.2,2.2,187,0
MNTSW.US,5,20211026,201000,2.225,2.25,2.225,2.25,1000,0
MNTSW.US,5,20211026,203500,2.22,2.22,2.22,2.22,1085,0
MNTSW.US,5,20211026,204000,2.2,2.2,2.2,2.2,135,0
MNTSW.US,5,20211026,212000,2.2,2.2,2.2,2.2,338,0
MNTSW.US,5,20211026,212500,2.2,2.2,2.16,2.16,700,0
MNTSW.US,5,20211026,213000,2.18,2.18,2.17,2.17,1277,0
MNTSW.US,5,20211026,213500,2.1899,2.1899,2.1899,2.1899,4975,0
MNTSW.US,5,20211026,214000,2.16,2.175,2.145,2.16,5578,0
MNTSW.US,5,20211026,214500,2.17,2.17,2.16,2.16,400,0
MNTSW.US,5,20211026,215000,2.15,2.17,2.15,2.16,3832,0
MNTSW.US,5,20211026,215500,2.16,2.18,2.16,2.16,2555,0
MNTSW.US,5,20211027,153000,2.66,2.66,2.66,2.66,200,0
MNTSW.US,5,20211027,153500,2.2,2.295,2.18,2.295,1297,0
MNTSW.US,5,20211027,154500,2.345,2.345,2.345,2.345,100,0
MNTSW.US,5,20211027,161500,2.315,2.33,2.315,2.33,200,0
MNTSW.US,5,20211027,162000,2.29,2.29,2.2375,2.24,300,0
MNTSW.US,5,20211027,190000,2.2301,2.2301,2.2301,2.2301,100,0
MNTSW.US,5,20211027,191500,2.25,2.25,2.2,2.21,4855,0
MNTSW.US,5,20211027,205000,2.19,2.19,2.19,2.19,730,0
MNTSW.US,5,20211027,210000,2.19,2.19,2.18,2.19,1360,0
MNTSW.US,5,20211027,215500,2.17,2.17,2.14,2.15,12380,0
MNTSW.US,5,20211028,155000,2.26,2.26,2.26,2.26,100,0
MNTSW.US,5,20211028,160000,2.36,2.37,2.36,2.37,322,0
MNTSW.US,5,20211028,160500,2.3501,2.3501,2.31,2.31,495,0
MNTSW.US,5,20211028,165000,2.3,2.34,2.27,2.28,4383,0
MNTSW.US,5,20211028,165500,2.28,2.28,2.26,2.26,200,0
MNTSW.US,5,20211028,170000,2.24,2.24,2.21,2.24,410,0
MNTSW.US,5,20211028,171000,2.27,2.27,2.27,2.27,100,0
MNTSW.US,5,20211028,172500,2.28,2.29,2.28,2.29,310,0
MNTSW.US,5,20211028,173000,2.22,2.25,2.21,2.22,2567,0
MNTSW.US,5,20211028,173500,2.22,2.24,2.2,2.24,310,0
MNTSW.US,5,20211028,175000,2.23,2.23,2.23,2.23,100,0
MNTSW.US,5,20211028,175500,2.24,2.24,2.24,2.24,2000,0
MNTSW.US,5,20211028,180000,2.27,2.27,2.27,2.27,210,0
MNTSW.US,5,20211028,181500,2.27,2.27,2.22,2.22,1600,0
MNTSW.US,5,20211028,182000,2.22,2.22,2.22,2.22,100,0
MNTSW.US,5,20211028,182500,2.22,2.22,2.15,2.15,3885,0
MNTSW.US,5,20211028,183000,2.15,2.17,2.12,2.14,4830,0
MNTSW.US,5,20211028,184000,2.18,2.18,2.1601,2.1601,350,0
MNTSW.US,5,20211028,190000,2.2,2.2,2.2,2.2,700,0
MNTSW.US,5,20211028,191000,2.2,2.2,2.18,2.18,1930,0
MNTSW.US,5,20211028,191500,2.18,2.18,2.17,2.17,322,0
MNTSW.US,5,20211028,213000,2.22,2.22,2.22,2.22,221,0
MNTSW.US,5,20211028,214500,2.2,2.2,2.2,2.2,1500,0
MNTSW.US,5,20211028,215000,2.19,2.19,2.15,2.16,2465,0
MNTSW.US,5,20211028,215500,2.16,2.17,2.14,2.17,16065,0
MNTSW.US,5,20211029,153000,2.405,2.405,2.405,2.405,100,0
MNTSW.US,5,20211029,154000,2.29,2.29,2.29,2.29,990,0
MNTSW.US,5,20211029,154500,2.2,2.227,2.2,2.227,1100,0
MNTSW.US,5,20211029,155000,2.23,2.275,2.23,2.275,400,0
MNTSW.US,5,20211029,160000,2.265,2.265,2.265,2.265,500,0
MNTSW.US,5,20211029,161000,2.25,2.2512,2.25,2.2512,400,0
MNTSW.US,5,20211029,165000,2.23,2.23,2.23,2.23,2145,0
MNTSW.US,5,20211029,172000,2.23,2.23,2.23,2.23,400,0
MNTSW.US,5,20211029,180500,2.19,2.1906,2.19,2.1906,200,0
MNTSW.US,5,20211029,191000,2.195,2.195,2.195,2.195,500,0
MNTSW.US,5,20211029,200500,2.2,2.22,2.2,2.215,5715,0
MNTSW.US,5,20211029,201000,2.22,2.23,2.21,2.23,922,0
MNTSW.US,5,20211029,201500,2.23,2.23,2.225,2.23,4719,0
MNTSW.US,5,20211029,202500,2.28,2.28,2.28,2.28,400,0
MNTSW.US,5,20211029,203500,2.25,2.25,2.25,2.25,200,0
MNTSW.US,5,20211029,204000,2.2,2.2,2.2,2.2,200,0
MNTSW.US,5,20211029,204500,2.235,2.24,2.235,2.24,50586,0
MNTSW.US,5,20211029,205000,2.24,2.24,2.24,2.24,43680,0
MNTSW.US,5,20211029,205500,2.24,2.24,2.24,2.24,500,0
MNTSW.US,5,20211029,211000,2.32,2.32,2.32,2.32,100,0
MNTSW.US,5,20211029,212000,2.315,2.35,2.315,2.35,17300,0
MNTSW.US,5,20211029,212500,2.34,2.34,2.34,2.34,400,0
MNTSW.US,5,20211029,213000,2.335,2.36,2.335,2.34,500,0
MNTSW.US,5,20211029,213500,2.33,2.34,2.32,2.32,500,0
MNTSW.US,5,20211029,214000,2.32,2.38,2.32,2.38,4300,0
MNTSW.US,5,20211029,214500,2.38,2.38,2.365,2.38,900,0
MNTSW.US,5,20211029,215000,2.36,2.38,2.36,2.36,4200,0
MNTSW.US,5,20211029,215500,2.39,2.42,2.29,2.29,400,0
MNTSW.US,5,20211101,143000,2.19,2.39,2.19,2.39,1050,0
MNTSW.US,5,20211101,145500,2.3,2.3,2.2906,2.3,550,0
MNTSW.US,5,20211101,152000,2.3,2.3,2.3,2.3,200,0
MNTSW.US,5,20211101,152500,2.3,2.3,2.3,2.3,400,0
MNTSW.US,5,20211101,153000,2.31,2.35,2.31,2.33,2218,0
MNTSW.US,5,20211101,153500,2.36,2.36,2.36,2.36,98900,0
MNTSW.US,5,20211101,163000,2.38,2.38,2.38,2.38,104,0
MNTSW.US,5,20211101,164000,2.3921,2.3921,2.3921,2.3921,250,0
MNTSW.US,5,20211101,164500,2.38,2.38,2.38,2.38,390,0
MNTSW.US,5,20211101,165000,2.37,2.37,2.37,2.37,200,0
MNTSW.US,5,20211101,172000,2.41,2.41,2.41,2.41,600,0
MNTSW.US,5,20211101,191500,2.43,2.445,2.43,2.445,5400,0
MNTSW.US,5,20211101,192000,2.45,2.45,2.45,2.45,3300,0
MNTSW.US,5,20211101,201500,2.43,2.43,2.43,2.43,482,0
MNTSW.US,5,20211101,202000,2.43,2.43,2.43,2.43,200,0
MNTSW.US,5,20211101,204000,2.43,2.43,2.43,2.43,200,0
MNTSW.US,5,20211101,204500,2.44,2.44,2.44,2.44,24383,0
MNTSW.US,5,20211101,205000,2.44,2.46,2.44,2.46,400,0
MNTSW.US,5,20211101,205500,2.44,2.46,2.44,2.46,1173,0
MNTSW.US,5,20211102,143000,2.46,2.62,2.46,2.52,1411,0
MNTSW.US,5,20211102,145500,2.6,2.6,2.6,2.6,100,0
MNTSW.US,5,20211102,150000,2.61,2.61,2.545,2.545,500,0
MNTSW.US,5,20211102,151000,2.49,2.58,2.485,2.53,2448,0
MNTSW.US,5,20211102,152000,2.56,2.58,2.545,2.57,2645,0
MNTSW.US,5,20211102,153000,2.56,2.56,2.545,2.545,1100,0
MNTSW.US,5,20211102,154500,2.53,2.55,2.53,2.535,3800,0
MNTSW.US,5,20211102,160500,2.55,2.55,2.55,2.55,200,0
MNTSW.US,5,20211102,162500,2.59,2.59,2.59,2.59,628,0
MNTSW.US,5,20211102,164000,2.59,2.65,2.58,2.65,1972,0
MNTSW.US,5,20211102,165000,2.64,2.64,2.63,2.63,300,0
MNTSW.US,5,20211102,165500,2.63,2.63,2.63,2.63,200,0
MNTSW.US,5,20211102,171000,2.625,2.625,2.625,2.625,350,0
MNTSW.US,5,20211102,172500,2.62,2.62,2.62,2.62,400,0
MNTSW.US,5,20211102,173000,2.62,2.62,2.62,2.62,100,0
MNTSW.US,5,20211102,173500,2.61,2.61,2.61,2.61,200,0
MNTSW.US,5,20211102,174000,2.55,2.55,2.55,2.55,810,0
MNTSW.US,5,20211102,175000,2.55,2.55,2.55,2.55,200,0
MNTSW.US,5,20211102,201000,2.55,2.55,2.55,2.55,1100,0
MNTSW.US,5,20211102,201500,2.595,2.595,2.595,2.595,800,0
MNTSW.US,5,20211102,202500,2.58,2.5864,2.54,2.58,1300,0
MNTSW.US,5,20211102,203500,2.575,2.575,2.575,2.575,365,0
MNTSW.US,5,20211102,204500,2.57,2.57,2.55,2.55,200,0
MNTSW.US,5,20211102,205000,2.54,2.54,2.54,2.54,100,0
MNTSW.US,5,20211102,205500,2.53,2.53,2.52,2.52,800,0
MNTSW.US,5,20211103,143000,2.66,2.735,2.63,2.63,1219,0
MNTSW.US,5,20211103,150000,2.57,2.59,2.57,2.59,978,0
MNTSW.US,5,20211103,153000,2.595,2.6,2.595,2.6,602,0
MNTSW.US,5,20211103,153500,2.66,2.66,2.66,2.66,200,0
MNTSW.US,5,20211103,172000,2.68,2.68,2.68,2.68,108,0
MNTSW.US,5,20211103,173500,2.65,2.65,2.65,2.65,200,0
MNTSW.US,5,20211103,190500,2.66,2.66,2.66,2.66,700,0
MNTSW.US,5,20211103,194000,2.69,2.7,2.675,2.7,1867,0
MNTSW.US,5,20211103,195500,2.7224,2.7224,2.7224,2.7224,100,0
MNTSW.US,5,20211103,202000,2.725,2.725,2.725,2.725,10000,0
MNTSW.US,5,20211103,202500,2.71,2.725,2.71,2.71,2200,0
MNTSW.US,5,20211103,203000,2.73,2.73,2.72,2.73,2000,0
MNTSW.US,5,20211103,203500,2.7116,2.7116,2.71,2.71,200,0
MNTSW.US,5,20211103,204000,2.72,2.72,2.68,2.68,400,0
MNTSW.US,5,20211103,205500,2.68,2.68,2.65,2.65,400,0
MNTSW.US,5,20211104,152000,2.64,2.64,2.64,2.64,295,0
MNTSW.US,5,20211104,152500,2.64,2.64,2.64,2.64,400,0
MNTSW.US,5,20211104,153000,2.64,2.64,2.64,2.64,305,0
MNTSW.US,5,20211104,194500,2.64,2.64,2.64,2.64,1000,0
MNTSW.US,5,20211104,204000,2.67,2.74,2.64,2.64,24700,0
MNTSW.US,5,20211104,205000,2.64,2.64,2.64,2.64,600,0
MNTSW.US,5,20211104,205500,2.63,2.63,2.57,2.57,666,0
MNTSW.US,5,20211105,145500,2.7,2.7,2.7,2.7,100,0
MNTSW.US,5,20211105,152000,2.675,2.675,2.675,2.675,200,0
MNTSW.US,5,20211105,153500,2.65,2.66,2.65,2.66,200,0
MNTSW.US,5,20211105,154500,2.71,2.71,2.68,2.705,800,0
MNTSW.US,5,20211105,155500,2.72,2.72,2.715,2.715,300,0
MNTSW.US,5,20211105,160500,2.71,2.71,2.685,2.705,1337,0
MNTSW.US,5,20211105,165000,2.64,2.64,2.64,2.64,600,0
MNTSW.US,5,20211105,165500,2.63,2.63,2.63,2.63,200,0
MNTSW.US,5,20211105,175000,2.54,2.54,2.54,2.54,100,0
MNTSW.US,5,20211105,184000,2.53,2.53,2.43,2.43,11600,0
MNTSW.US,5,20211105,184500,2.43,2.44,2.43,2.44,674,0
MNTSW.US,5,20211105,185500,2.445,2.47,2.445,2.47,220,0
MNTSW.US,5,20211105,193500,2.47,2.49,2.47,2.48,400,0
MNTSW.US,5,20211105,203500,2.55,2.55,2.55,2.55,100,0
MNTSW.US,5,20211105,204500,2.54,2.54,2.54,2.54,100,0
MNTSW.US,5,20211108,153000,2.81,2.81,2.72,2.72,210,0
MNTSW.US,5,20211108,155000,2.53,2.53,2.53,2.53,120,0
MNTSW.US,5,20211108,160500,2.5087,2.5087,2.5087,2.5087,1000,0
MNTSW.US,5,20211108,164500,2.53,2.53,2.53,2.53,500,0
MNTSW.US,5,20211108,165000,2.5266,2.53,2.51,2.51,600,0
MNTSW.US,5,20211108,171000,2.51,2.53,2.51,2.53,234,0
MNTSW.US,5,20211108,173500,2.53,2.53,2.53,2.53,100,0
MNTSW.US,5,20211108,181000,2.49,2.49,2.49,2.49,1000,0
MNTSW.US,5,20211108,185000,2.4501,2.4501,2.45,2.45,200,0
MNTSW.US,5,20211108,191500,2.47,2.47,2.47,2.47,100,0
MNTSW.US,5,20211108,195500,2.475,2.475,2.475,2.475,495,0
MNTSW.US,5,20211108,204500,2.45,2.45,2.44,2.44,200,0
MNTSW.US,5,20211109,153000,2.34,2.68,2.34,2.54,600,0
MNTSW.US,5,20211109,154000,2.57,2.57,2.57,2.57,100,0
MNTSW.US,5,20211109,160000,2.54,2.54,2.54,2.54,328,0
MNTSW.US,5,20211109,160500,2.55,2.57,2.54,2.57,1635,0
MNTSW.US,5,20211109,161000,2.59,2.59,2.59,2.59,200,0
MNTSW.US,5,20211109,164000,2.57,2.57,2.57,2.57,1000,0
MNTSW.US,5,20211109,185000,2.625,2.625,2.5809,2.5809,1000,0
MNTSW.US,5,20211109,194500,2.5901,2.5901,2.5901,2.5901,3000,0
MNTSW.US,5,20211109,204000,2.59,2.59,2.57,2.57,726,0
MNTSW.US,5,20211109,214500,2.57,2.59,2.57,2.59,5100,0
MNTSW.US,5,20211109,215500,2.585,2.585,2.57,2.57,500,0
MNTSW.US,5,20211110,153000,2.57,2.57,2.57,2.57,450,0
MNTSW.US,5,20211110,153500,2.69,2.69,2.54,2.59,4615,0
MNTSW.US,5,20211110,160000,2.58,2.58,2.58,2.58,2300,0
MNTSW.US,5,20211110,161000,2.56,2.56,2.55,2.55,2200,0
MNTSW.US,5,20211110,170000,2.58,2.58,2.58,2.58,200,0
MNTSW.US,5,20211110,171500,2.57,2.57,2.57,2.57,1000,0
MNTSW.US,5,20211110,172500,2.56,2.56,2.55,2.55,3000,0
MNTSW.US,5,20211110,173500,2.55,2.5502,2.55,2.5501,2100,0
MNTSW.US,5,20211110,175500,2.5799,2.5799,2.5799,2.5799,100,0
MNTSW.US,5,20211110,183000,2.55,2.5501,2.54,2.5402,2118,0
MNTSW.US,5,20211110,193500,2.57,2.57,2.57,2.57,100,0
MNTSW.US,5,20211110,194500,2.55,2.55,2.51,2.51,200,0
MNTSW.US,5,20211110,204500,2.47,2.47,2.47,2.47,400,0
MNTSW.US,5,20211110,213000,2.47,2.47,2.47,2.47,100,0
MNTSW.US,5,20211110,215000,2.47,2.47,2.47,2.47,300,0
MNTSW.US,5,20211111,153000,2.47,2.47,2.47,2.47,300,0
MNTSW.US,5,20211111,155000,2.49,2.49,2.48,2.48,200,0
MNTSW.US,5,20211111,155500,2.4899,2.4899,2.47,2.47,4010,0
MNTSW.US,5,20211111,160000,2.47,2.4705,2.47,2.4705,2270,0
MNTSW.US,5,20211111,160500,2.47,2.47,2.47,2.47,200,0
MNTSW.US,5,20211111,162000,2.44,2.44,2.44,2.44,700,0
MNTSW.US,5,20211111,162500,2.44,2.44,2.43,2.43,695,0
MNTSW.US,5,20211111,163000,2.43,2.43,2.43,2.43,100,0
MNTSW.US,5,20211111,171000,2.46,2.5,2.4599,2.5,1300,0
MNTSW.US,5,20211111,185500,2.4703,2.4703,2.4703,2.4703,100,0
MNTSW.US,5,20211111,190000,2.46,2.46,2.44,2.44,2785,0
MNTSW.US,5,20211111,191000,2.44,2.44,2.44,2.44,200,0
MNTSW.US,5,20211111,193000,2.43,2.43,2.4,2.4,870,0
MNTSW.US,5,20211111,195500,2.43,2.43,2.43,2.43,500,0
MNTSW.US,5,20211111,215500,2.43,2.43,2.43,2.43,849,0
