<TICKER>,<PER>,<DATE>,<TIME>,<OPEN>,<HIGH>,<LOW>,<CLOSE>,<VOL>,<OPENINT>
RNWWW.US,5,20210922,153000,1.53,1.53,1.53,1.53,250,0
RNWWW.US,5,20210922,154500,1.55,1.58,1.55,1.575,10798,0
RNWWW.US,5,20210922,160000,1.58,1.58,1.58,1.58,100,0
RNWWW.US,5,20210922,160500,1.565,1.565,1.565,1.565,1000,0
RNWWW.US,5,20210922,162500,1.57,1.58,1.57,1.58,10370,0
RNWWW.US,5,20210922,163000,1.58,1.6,1.5777,1.5999,4093,0
RNWWW.US,5,20210922,163500,1.6,1.6,1.6,1.6,760,0
RNWWW.US,5,20210922,164000,1.62,1.62,1.62,1.62,3460,0
RNWWW.US,5,20210922,171500,1.62,1.62,1.62,1.62,500,0
RNWWW.US,5,20210922,174000,1.62,1.62,1.62,1.62,370,0
RNWWW.US,5,20210922,174500,1.62,1.62,1.62,1.62,133,0
RNWWW.US,5,20210922,180500,1.635,1.635,1.635,1.635,300,0
RNWWW.US,5,20210922,184000,1.63,1.63,1.6201,1.6201,2110,0
RNWWW.US,5,20210922,194500,1.645,1.65,1.64,1.65,25670,0
RNWWW.US,5,20210922,195500,1.65,1.65,1.65,1.65,1322,0
RNWWW.US,5,20210922,203500,1.65,1.65,1.65,1.65,100,0
RNWWW.US,5,20210922,204000,1.64,1.65,1.64,1.65,1895,0
RNWWW.US,5,20210922,204500,1.65,1.65,1.65,1.65,100,0
RNWWW.US,5,20210922,211500,1.6532,1.6532,1.6532,1.6532,5000,0
RNWWW.US,5,20210922,212500,1.655,1.655,1.655,1.655,250,0
RNWWW.US,5,20210922,213000,1.65,1.655,1.65,1.65,724,0
RNWWW.US,5,20210923,154500,1.61,1.615,1.57,1.615,2600,0
RNWWW.US,5,20210923,155000,1.635,1.635,1.635,1.635,100,0
RNWWW.US,5,20210923,155500,1.635,1.635,1.62,1.62,200,0
RNWWW.US,5,20210923,160500,1.6999,1.6999,1.6999,1.6999,964,0
RNWWW.US,5,20210923,163500,1.655,1.655,1.655,1.655,200,0
RNWWW.US,5,20210923,170000,1.69,1.69,1.69,1.69,2200,0
RNWWW.US,5,20210923,170500,1.69,1.7,1.65,1.7,4110,0
RNWWW.US,5,20210923,171000,1.7399,1.7399,1.7399,1.7399,1367,0
RNWWW.US,5,20210923,171500,1.74,1.75,1.7399,1.7497,10575,0
RNWWW.US,5,20210923,174000,1.75,1.75,1.75,1.75,626,0
RNWWW.US,5,20210923,174500,1.75,1.75,1.75,1.75,1420,0
RNWWW.US,5,20210923,175000,1.76,1.76,1.76,1.76,285,0
RNWWW.US,5,20210923,175500,1.75,1.75,1.75,1.75,100,0
RNWWW.US,5,20210923,181500,1.75,1.75,1.75,1.75,445,0
RNWWW.US,5,20210923,182000,1.745,1.75,1.74,1.75,5705,0
RNWWW.US,5,20210923,182500,1.75,1.75,1.75,1.75,500,0
RNWWW.US,5,20210923,185000,1.75,1.75,1.7409,1.75,3000,0
RNWWW.US,5,20210923,185500,1.7401,1.7401,1.7401,1.7401,699,0
RNWWW.US,5,20210923,191500,1.76,1.76,1.76,1.76,100,0
RNWWW.US,5,20210923,192000,1.76,1.76,1.76,1.76,100,0
RNWWW.US,5,20210923,193500,1.7899,1.7899,1.7899,1.7899,3000,0
RNWWW.US,5,20210923,194500,1.79,1.79,1.79,1.79,150,0
RNWWW.US,5,20210923,202500,1.76,1.76,1.76,1.76,200,0
RNWWW.US,5,20210923,203500,1.77,1.77,1.77,1.77,700,0
RNWWW.US,5,20210923,204000,1.78,1.78,1.78,1.78,100,0
RNWWW.US,5,20210923,204500,1.77,1.77,1.76,1.76,11000,0
RNWWW.US,5,20210923,205500,1.775,1.775,1.775,1.775,1500,0
RNWWW.US,5,20210923,210000,1.77,1.77,1.77,1.77,100,0
RNWWW.US,5,20210923,212500,1.77,1.77,1.77,1.77,450,0
RNWWW.US,5,20210923,215000,1.78,1.78,1.76,1.77,2494,0
RNWWW.US,5,20210924,153000,1.7561,1.77,1.7561,1.76,440,0
RNWWW.US,5,20210924,154000,1.77,1.77,1.77,1.77,300,0
RNWWW.US,5,20210924,154500,1.8,1.8,1.8,1.8,2815,0
RNWWW.US,5,20210924,160000,1.82,1.82,1.8,1.8,300,0
RNWWW.US,5,20210924,160500,1.8,1.84,1.76,1.84,1200,0
RNWWW.US,5,20210924,165000,1.84,1.85,1.84,1.8497,739,0
RNWWW.US,5,20210924,173500,1.84,1.84,1.84,1.84,447,0
RNWWW.US,5,20210924,174000,1.8301,1.8304,1.82,1.82,2200,0
RNWWW.US,5,20210924,175500,1.82,1.82,1.82,1.82,500,0
RNWWW.US,5,20210924,180000,1.82,1.82,1.82,1.82,400,0
RNWWW.US,5,20210924,180500,1.82,1.82,1.82,1.82,500,0
RNWWW.US,5,20210924,181000,1.82,1.84,1.82,1.83,20669,0
RNWWW.US,5,20210924,182500,1.85,1.85,1.85,1.85,390,0
RNWWW.US,5,20210924,183000,1.87,1.87,1.85,1.8601,6989,0
RNWWW.US,5,20210924,185500,1.85,1.85,1.85,1.85,300,0
RNWWW.US,5,20210924,190000,1.86,1.86,1.86,1.86,206,0
RNWWW.US,5,20210924,191000,1.88,1.88,1.88,1.88,376,0
RNWWW.US,5,20210924,191500,1.86,1.86,1.84,1.855,1900,0
RNWWW.US,5,20210924,192000,1.855,1.8698,1.855,1.8698,400,0
RNWWW.US,5,20210924,192500,1.8698,1.8698,1.8698,1.8698,500,0
RNWWW.US,5,20210924,193500,1.85,1.85,1.85,1.85,500,0
RNWWW.US,5,20210924,194000,1.8641,1.8641,1.8641,1.8641,6000,0
RNWWW.US,5,20210924,194500,1.87,1.87,1.8699,1.87,12000,0
RNWWW.US,5,20210924,195000,1.87,1.87,1.8694,1.8694,1800,0
RNWWW.US,5,20210924,195500,1.86,1.88,1.86,1.88,600,0
RNWWW.US,5,20210924,200500,1.87,1.87,1.87,1.87,200,0
RNWWW.US,5,20210924,202000,1.88,1.88,1.88,1.88,3300,0
RNWWW.US,5,20210924,203500,1.8801,1.885,1.88,1.8801,2000,0
RNWWW.US,5,20210924,205000,1.88,1.88,1.88,1.88,200,0
RNWWW.US,5,20210924,211000,1.89,1.89,1.89,1.89,1766,0
RNWWW.US,5,20210924,212000,1.89,1.92,1.89,1.92,12264,0
RNWWW.US,5,20210924,212500,1.92,1.92,1.92,1.92,400,0
RNWWW.US,5,20210924,213000,1.9399,1.95,1.93,1.95,3173,0
RNWWW.US,5,20210924,213500,1.94,1.94,1.92,1.93,1600,0
RNWWW.US,5,20210924,214000,1.92,1.92,1.92,1.92,274,0
RNWWW.US,5,20210924,214500,1.93,1.94,1.93,1.94,400,0
RNWWW.US,5,20210924,215000,1.93,1.94,1.9258,1.9258,1000,0
RNWWW.US,5,20210924,215500,1.94,1.96,1.94,1.945,2466,0
RNWWW.US,5,20210927,153000,1.86,1.86,1.86,1.86,500,0
RNWWW.US,5,20210927,154000,1.9499,1.9499,1.9499,1.9499,500,0
RNWWW.US,5,20210927,155000,1.95,1.98,1.95,1.98,400,0
RNWWW.US,5,20210927,155500,1.9799,1.98,1.9,1.96,3340,0
RNWWW.US,5,20210927,160000,1.98,1.98,1.975,1.975,2600,0
RNWWW.US,5,20210927,160500,1.98,1.98,1.98,1.98,2000,0
RNWWW.US,5,20210927,161000,1.99,2,1.98,2,3971,0
RNWWW.US,5,20210927,161500,2,2.13,2,2.13,1751,0
RNWWW.US,5,20210927,162000,2.0211,2.15,2.0211,2.14,3272,0
RNWWW.US,5,20210927,163500,2.14,2.15,2.13,2.15,2076,0
RNWWW.US,5,20210927,164500,2.12,2.12,2.12,2.12,333,0
RNWWW.US,5,20210927,165000,2.1,2.105,2.1,2.105,300,0
RNWWW.US,5,20210927,165500,2.1,2.1,2.1,2.1,290,0
RNWWW.US,5,20210927,170000,2.1001,2.1001,2.1001,2.1001,930,0
RNWWW.US,5,20210927,170500,2.14,2.15,2.13,2.15,7926,0
RNWWW.US,5,20210927,171000,2.13,2.145,2.11,2.11,5300,0
RNWWW.US,5,20210927,171500,2.1,2.1,2.1,2.1,100,0
RNWWW.US,5,20210927,173000,2.05,2.05,2.05,2.05,26700,0
RNWWW.US,5,20210927,173500,2.08,2.08,2.08,2.08,821,0
RNWWW.US,5,20210927,175000,2.085,2.085,2.01,2.01,1890,0
RNWWW.US,5,20210927,175500,2.0201,2.0201,2.0201,2.0201,600,0
RNWWW.US,5,20210927,181500,2.05,2.05,2.01,2.04,12026,0
RNWWW.US,5,20210927,183500,2.045,2.05,2.01,2.05,11629,0
RNWWW.US,5,20210927,185500,1.9901,1.9901,1.9901,1.9901,1900,0
RNWWW.US,5,20210927,191500,2.0375,2.05,2.025,2.0375,1500,0
RNWWW.US,5,20210927,192000,2.06,2.07,2.05,2.05,2080,0
RNWWW.US,5,20210927,192500,2.06,2.08,2.06,2.08,2970,0
RNWWW.US,5,20210927,193000,2.07,2.12,2.07,2.12,9135,0
RNWWW.US,5,20210927,194000,2.1,2.1,2.1,2.1,250,0
RNWWW.US,5,20210927,202500,2.095,2.095,2.095,2.095,5500,0
RNWWW.US,5,20210927,204500,2.095,2.095,2.08,2.08,2600,0
RNWWW.US,5,20210927,205000,2.08,2.09,2.08,2.09,1365,0
RNWWW.US,5,20210927,215000,2.05,2.08,2.05,2.08,2411,0
RNWWW.US,5,20210928,153000,1.98,1.98,1.98,1.98,125,0
RNWWW.US,5,20210928,153500,2.0199,2.0199,2.0199,2.0199,1000,0
RNWWW.US,5,20210928,154500,2,2,2,2,300,0
RNWWW.US,5,20210928,155500,1.9801,1.9801,1.9801,1.9801,200,0
RNWWW.US,5,20210928,161000,1.985,2.02,1.985,2.02,3480,0
RNWWW.US,5,20210928,161500,2.065,2.065,2.04,2.04,2900,0
RNWWW.US,5,20210928,164000,2.07,2.07,2.07,2.07,2770,0
RNWWW.US,5,20210928,164500,2.05,2.065,2.04,2.04,2401,0
RNWWW.US,5,20210928,165500,2.05,2.07,2.05,2.07,400,0
RNWWW.US,5,20210928,170500,2.06,2.06,2,2,1000,0
RNWWW.US,5,20210928,171500,1.98,1.98,1.98,1.98,1875,0
RNWWW.US,5,20210928,172000,1.97,1.97,1.89,1.895,9723,0
RNWWW.US,5,20210928,174000,1.96,1.96,1.96,1.96,800,0
RNWWW.US,5,20210928,174500,1.91,1.91,1.91,1.91,200,0
RNWWW.US,5,20210928,175000,1.91,1.91,1.91,1.91,800,0
RNWWW.US,5,20210928,175500,1.9,1.91,1.9,1.9,900,0
RNWWW.US,5,20210928,180000,1.9,1.91,1.9,1.91,1300,0
RNWWW.US,5,20210928,180500,1.89,1.89,1.88,1.89,600,0
RNWWW.US,5,20210928,181000,1.89,1.89,1.89,1.89,800,0
RNWWW.US,5,20210928,181500,1.89,1.89,1.89,1.89,800,0
RNWWW.US,5,20210928,182000,1.89,1.89,1.86,1.86,3935,0
RNWWW.US,5,20210928,182500,1.86,1.86,1.86,1.86,2508,0
RNWWW.US,5,20210928,183500,1.88,1.88,1.88,1.88,250,0
RNWWW.US,5,20210928,185000,1.85,1.86,1.8401,1.8401,1250,0
RNWWW.US,5,20210928,185500,1.86,1.86,1.86,1.86,300,0
RNWWW.US,5,20210928,190000,1.87,1.87,1.87,1.87,400,0
RNWWW.US,5,20210928,190500,1.87,1.87,1.87,1.87,300,0
RNWWW.US,5,20210928,191000,1.88,1.88,1.88,1.88,700,0
RNWWW.US,5,20210928,193000,1.86,1.86,1.86,1.86,4100,0
RNWWW.US,5,20210928,193500,1.87,1.87,1.87,1.87,1302,0
RNWWW.US,5,20210928,194500,1.87,1.87,1.86,1.86,12563,0
RNWWW.US,5,20210928,195000,1.86,1.86,1.86,1.86,100,0
RNWWW.US,5,20210928,195500,1.86,1.87,1.86,1.87,300,0
RNWWW.US,5,20210928,200500,1.875,1.875,1.875,1.875,200,0
RNWWW.US,5,20210928,201000,1.875,1.875,1.875,1.875,900,0
RNWWW.US,5,20210928,201500,1.875,1.89,1.87,1.88,9200,0
RNWWW.US,5,20210928,203000,1.88,1.92,1.87,1.91,11898,0
RNWWW.US,5,20210928,203500,1.93,1.93,1.93,1.93,200,0
RNWWW.US,5,20210928,204000,1.93,1.93,1.92,1.92,595,0
RNWWW.US,5,20210928,204500,1.9001,1.9001,1.89,1.89,2500,0
RNWWW.US,5,20210928,205000,1.9,1.95,1.9,1.9333,26200,0
RNWWW.US,5,20210928,205500,1.93,1.93,1.93,1.93,400,0
RNWWW.US,5,20210928,210000,1.93,1.94,1.93,1.9317,900,0
RNWWW.US,5,20210928,210500,1.96,1.9887,1.96,1.9887,700,0
RNWWW.US,5,20210928,211500,1.93,1.93,1.93,1.93,800,0
RNWWW.US,5,20210928,212500,1.95,1.95,1.95,1.95,1050,0
RNWWW.US,5,20210928,213000,1.95,1.97,1.95,1.97,3300,0
RNWWW.US,5,20210928,213500,1.99,2.05,1.99,1.995,3171,0
RNWWW.US,5,20210928,214000,1.96,1.995,1.95,1.995,2200,0
RNWWW.US,5,20210928,214500,1.975,1.975,1.89,1.89,3017,0
RNWWW.US,5,20210928,215500,1.9,1.95,1.9,1.95,900,0
RNWWW.US,5,20210929,153000,1.86,1.86,1.86,1.86,196,0
RNWWW.US,5,20210929,154500,1.8707,1.8707,1.8707,1.8707,350,0
RNWWW.US,5,20210929,160000,1.86,1.86,1.86,1.86,100,0
RNWWW.US,5,20210929,163000,1.9,1.9,1.9,1.9,500,0
RNWWW.US,5,20210929,174000,1.86,1.86,1.86,1.86,900,0
RNWWW.US,5,20210929,174500,1.83,1.83,1.83,1.83,100,0
RNWWW.US,5,20210929,175500,1.84,1.8499,1.795,1.8179,27400,0
RNWWW.US,5,20210929,180000,1.83,1.83,1.8033,1.8266,5520,0
RNWWW.US,5,20210929,180500,1.83,1.83,1.83,1.83,2500,0
RNWWW.US,5,20210929,181500,1.83,1.83,1.83,1.83,1000,0
RNWWW.US,5,20210929,184000,1.81,1.81,1.81,1.81,210,0
RNWWW.US,5,20210929,185000,1.83,1.83,1.83,1.83,100,0
RNWWW.US,5,20210929,191500,1.835,1.835,1.8,1.8,2254,0
RNWWW.US,5,20210929,192000,1.86,1.87,1.81,1.81,994,0
RNWWW.US,5,20210929,192500,1.8699,1.8699,1.81,1.8687,2000,0
RNWWW.US,5,20210929,193000,1.87,1.9,1.87,1.9,3413,0
RNWWW.US,5,20210929,194000,1.88,1.9,1.88,1.9,797,0
RNWWW.US,5,20210929,212500,1.93,1.97,1.92,1.97,500,0
RNWWW.US,5,20210929,213000,1.96,1.96,1.96,1.96,300,0
RNWWW.US,5,20210929,215000,2,2.01,2,2,918,0
RNWWW.US,5,20210929,215500,2.0899,2.0899,2.01,2.01,1527,0
RNWWW.US,5,20210930,153000,1.82,1.8485,1.82,1.8485,1909,0
RNWWW.US,5,20210930,153500,1.7301,1.785,1.7301,1.785,200,0
RNWWW.US,5,20210930,161000,1.81,1.81,1.8,1.8,400,0
RNWWW.US,5,20210930,161500,1.81,1.81,1.76,1.76,785,0
RNWWW.US,5,20210930,162000,1.77,1.78,1.75,1.78,1939,0
RNWWW.US,5,20210930,162500,1.77,1.77,1.77,1.77,1000,0
RNWWW.US,5,20210930,163000,1.77,1.77,1.77,1.77,127,0
RNWWW.US,5,20210930,163500,1.7868,1.7868,1.78,1.78,1600,0
RNWWW.US,5,20210930,164000,1.79,1.795,1.7899,1.7902,1200,0
RNWWW.US,5,20210930,164500,1.795,1.795,1.79,1.795,1100,0
RNWWW.US,5,20210930,170500,1.8,1.8,1.79,1.8,7668,0
RNWWW.US,5,20210930,172500,1.7899,1.7899,1.7899,1.7899,425,0
RNWWW.US,5,20210930,175000,1.79,1.8,1.79,1.8,1635,0
RNWWW.US,5,20210930,175500,1.78,1.785,1.78,1.78,654,0
RNWWW.US,5,20210930,181500,1.79,1.79,1.79,1.79,500,0
RNWWW.US,5,20210930,182500,1.79,1.79,1.79,1.79,876,0
RNWWW.US,5,20210930,183000,1.79,1.8,1.78,1.8,4556,0
RNWWW.US,5,20210930,191000,1.785,1.81,1.785,1.81,2000,0
RNWWW.US,5,20210930,192000,1.78,1.7801,1.78,1.7801,1000,0
RNWWW.US,5,20210930,194500,1.79,1.79,1.78,1.78,1400,0
RNWWW.US,5,20210930,195000,1.79,1.79,1.79,1.79,8560,0
RNWWW.US,5,20210930,205000,1.7801,1.7801,1.7801,1.7801,2500,0
RNWWW.US,5,20210930,205500,1.7801,1.7801,1.7801,1.7801,2600,0
RNWWW.US,5,20210930,210500,1.79,1.79,1.79,1.79,200,0
RNWWW.US,5,20210930,213000,1.795,1.82,1.795,1.82,600,0
RNWWW.US,5,20210930,213500,1.835,1.835,1.82,1.82,2968,0
RNWWW.US,5,20210930,215000,1.82,1.82,1.82,1.82,250,0
RNWWW.US,5,20211001,165000,1.94,1.94,1.94,1.94,400,0
RNWWW.US,5,20211001,171000,1.925,1.925,1.925,1.925,290,0
RNWWW.US,5,20211001,171500,1.92,1.92,1.92,1.92,500,0
RNWWW.US,5,20211001,172500,1.92,1.92,1.92,1.92,100,0
RNWWW.US,5,20211001,173000,1.92,1.92,1.92,1.92,300,0
RNWWW.US,5,20211001,174000,1.92,1.92,1.92,1.92,250,0
RNWWW.US,5,20211001,180500,1.92,1.92,1.92,1.92,200,0
RNWWW.US,5,20211001,181000,1.91,1.91,1.91,1.91,256,0
RNWWW.US,5,20211001,182500,1.9101,1.9101,1.9101,1.9101,100,0
RNWWW.US,5,20211001,192000,1.91,1.91,1.9,1.9,691,0
RNWWW.US,5,20211001,194500,1.9105,1.92,1.9105,1.92,2203,0
RNWWW.US,5,20211001,195000,1.94,1.95,1.94,1.95,1900,0
RNWWW.US,5,20211001,200000,1.95,1.95,1.95,1.95,100,0
RNWWW.US,5,20211001,203500,1.95,1.95,1.95,1.95,4700,0
RNWWW.US,5,20211001,204000,1.955,1.955,1.91,1.93,4847,0
RNWWW.US,5,20211001,205000,1.9,1.91,1.9,1.91,200,0
RNWWW.US,5,20211001,211500,1.91,1.91,1.91,1.91,100,0
RNWWW.US,5,20211001,212000,1.92,1.92,1.92,1.92,370,0
RNWWW.US,5,20211001,213000,1.91,1.915,1.88,1.88,9162,0
RNWWW.US,5,20211001,214000,1.895,1.895,1.895,1.895,160,0
RNWWW.US,5,20211001,214500,1.91,1.92,1.91,1.92,2895,0
RNWWW.US,5,20211001,215000,1.91,1.925,1.91,1.925,1600,0
RNWWW.US,5,20211004,154500,1.9,1.9,1.89,1.8901,1660,0
RNWWW.US,5,20211004,155500,1.9,1.9,1.9,1.9,100,0
RNWWW.US,5,20211004,161500,1.89,1.89,1.8,1.8001,5710,0
RNWWW.US,5,20211004,162500,1.76,1.8,1.76,1.8,4400,0
RNWWW.US,5,20211004,163500,1.8,1.8,1.8,1.8,4690,0
RNWWW.US,5,20211004,164000,1.8,1.8,1.8,1.8,7980,0
RNWWW.US,5,20211004,164500,1.8,1.8,1.8,1.8,211,0
RNWWW.US,5,20211004,165000,1.8,1.8,1.8,1.8,268,0
RNWWW.US,5,20211004,165500,1.78,1.78,1.76,1.76,1800,0
RNWWW.US,5,20211004,171500,1.78,1.78,1.78,1.78,225,0
RNWWW.US,5,20211004,175000,1.8,1.8,1.8,1.8,500,0
RNWWW.US,5,20211004,181500,1.8201,1.8201,1.82,1.82,700,0
RNWWW.US,5,20211004,184500,1.83,1.83,1.83,1.83,200,0
RNWWW.US,5,20211004,185000,1.7801,1.7812,1.78,1.78,9120,0
RNWWW.US,5,20211004,185500,1.78,1.78,1.75,1.76,21220,0
RNWWW.US,5,20211004,190000,1.77,1.78,1.77,1.78,10385,0
RNWWW.US,5,20211004,191500,1.77,1.7701,1.77,1.7701,736,0
RNWWW.US,5,20211004,202000,1.78,1.78,1.78,1.78,200,0
RNWWW.US,5,20211004,205500,1.78,1.78,1.78,1.78,100,0
RNWWW.US,5,20211004,211000,1.78,1.78,1.78,1.78,400,0
RNWWW.US,5,20211004,211500,1.78,1.78,1.78,1.78,200,0
RNWWW.US,5,20211004,213000,1.77,1.77,1.77,1.77,213,0
RNWWW.US,5,20211004,215000,1.78,1.78,1.78,1.78,250,0
RNWWW.US,5,20211005,154000,1.78,1.78,1.78,1.78,3000,0
RNWWW.US,5,20211005,162500,1.7701,1.7701,1.7701,1.7701,150,0
RNWWW.US,5,20211005,163000,1.775,1.78,1.77,1.78,7300,0
RNWWW.US,5,20211005,175000,1.815,1.815,1.815,1.815,350,0
RNWWW.US,5,20211005,181500,1.78,1.78,1.78,1.78,2800,0
RNWWW.US,5,20211005,185000,1.765,1.765,1.72,1.73,6630,0
RNWWW.US,5,20211005,190500,1.75,1.75,1.75,1.75,100,0
RNWWW.US,5,20211005,191000,1.75,1.75,1.75,1.75,200,0
RNWWW.US,5,20211005,193500,1.73,1.734,1.72,1.73,9950,0
RNWWW.US,5,20211005,194000,1.73,1.74,1.73,1.74,24981,0
RNWWW.US,5,20211005,194500,1.74,1.7666,1.74,1.7666,20000,0
RNWWW.US,5,20211005,195500,1.7485,1.7485,1.7485,1.7485,4000,0
RNWWW.US,5,20211005,202500,1.74,1.74,1.74,1.74,800,0
RNWWW.US,5,20211005,205500,1.7399,1.7399,1.7399,1.7399,150,0
RNWWW.US,5,20211005,210500,1.74,1.74,1.73,1.73,4100,0
RNWWW.US,5,20211005,213500,1.75,1.75,1.75,1.75,200,0
RNWWW.US,5,20211005,215500,1.755,1.79,1.755,1.77,5925,0
RNWWW.US,5,20211006,153000,1.55,1.55,1.43,1.4799,15270,0
RNWWW.US,5,20211006,153500,1.48,1.49,1.44,1.4716,3557,0
RNWWW.US,5,20211006,154000,1.4701,1.5,1.47,1.5,850,0
RNWWW.US,5,20211006,154500,1.5063,1.55,1.5,1.5103,20526,0
RNWWW.US,5,20211006,155000,1.5,1.5103,1.5,1.5001,5300,0
RNWWW.US,5,20211006,155500,1.5001,1.5001,1.5,1.5,500,0
RNWWW.US,5,20211006,160500,1.5,1.5001,1.5,1.5001,1300,0
RNWWW.US,5,20211006,161000,1.515,1.53,1.515,1.53,350,0
RNWWW.US,5,20211006,161500,1.52,1.5404,1.52,1.5301,4075,0
RNWWW.US,5,20211006,162000,1.542,1.558,1.542,1.558,600,0
RNWWW.US,5,20211006,162500,1.57,1.57,1.57,1.57,300,0
RNWWW.US,5,20211006,163000,1.5899,1.6,1.58,1.6,1400,0
RNWWW.US,5,20211006,163500,1.585,1.59,1.585,1.585,850,0
RNWWW.US,5,20211006,164000,1.585,1.59,1.58,1.5805,4300,0
RNWWW.US,5,20211006,165000,1.59,1.61,1.5896,1.61,3200,0
RNWWW.US,5,20211006,165500,1.61,1.61,1.6,1.6,300,0
RNWWW.US,5,20211006,170000,1.61,1.61,1.6,1.6,600,0
RNWWW.US,5,20211006,170500,1.61,1.61,1.6099,1.6099,2200,0
RNWWW.US,5,20211006,171000,1.6,1.6,1.6,1.6,200,0
RNWWW.US,5,20211006,171500,1.6,1.61,1.6,1.61,200,0
RNWWW.US,5,20211006,172000,1.61,1.61,1.61,1.61,200,0
RNWWW.US,5,20211006,172500,1.58,1.595,1.58,1.5819,800,0
RNWWW.US,5,20211006,173000,1.59,1.59,1.59,1.59,250,0
RNWWW.US,5,20211006,174000,1.5801,1.5801,1.5801,1.5801,500,0
RNWWW.US,5,20211006,174500,1.58,1.65,1.575,1.62,9447,0
RNWWW.US,5,20211006,175000,1.64,1.65,1.6101,1.65,2680,0
RNWWW.US,5,20211006,180000,1.66,1.67,1.66,1.67,915,0
RNWWW.US,5,20211006,181000,1.6485,1.67,1.6485,1.67,5000,0
RNWWW.US,5,20211006,181500,1.65,1.65,1.64,1.64,247,0
RNWWW.US,5,20211006,182000,1.65,1.7,1.65,1.65,1250,0
RNWWW.US,5,20211006,182500,1.64,1.7,1.6266,1.7,2500,0
RNWWW.US,5,20211006,183000,1.6401,1.74,1.6401,1.74,600,0
RNWWW.US,5,20211006,183500,1.7,1.7,1.7,1.7,100,0
RNWWW.US,5,20211006,185000,1.6601,1.6601,1.6601,1.6601,150,0
RNWWW.US,5,20211006,185500,1.6601,1.6601,1.6601,1.6601,100,0
RNWWW.US,5,20211006,190500,1.6734,1.6734,1.66,1.66,300,0
RNWWW.US,5,20211006,191000,1.6501,1.6501,1.65,1.65,800,0
RNWWW.US,5,20211006,192000,1.65,1.65,1.65,1.65,499,0
RNWWW.US,5,20211006,195000,1.63,1.63,1.6,1.6,3976,0
RNWWW.US,5,20211006,201000,1.62,1.7,1.6,1.6716,42268,0
RNWWW.US,5,20211006,202000,1.65,1.65,1.65,1.65,200,0
RNWWW.US,5,20211006,202500,1.65,1.69,1.65,1.69,3000,0
RNWWW.US,5,20211006,203500,1.7,1.7,1.6765,1.6765,935,0
RNWWW.US,5,20211006,204000,1.6961,1.6961,1.6961,1.6961,800,0
RNWWW.US,5,20211006,210500,1.7,1.7,1.7,1.7,400,0
RNWWW.US,5,20211007,153000,1.53,1.625,1.53,1.6206,2400,0
RNWWW.US,5,20211007,153500,1.65,1.67,1.65,1.66,700,0
RNWWW.US,5,20211007,154000,1.68,1.68,1.68,1.68,1530,0
RNWWW.US,5,20211007,155500,1.65,1.7,1.631,1.631,3726,0
RNWWW.US,5,20211007,160500,1.67,1.67,1.66,1.67,1244,0
RNWWW.US,5,20211007,161000,1.67,1.67,1.67,1.67,100,0
RNWWW.US,5,20211007,161500,1.66,1.66,1.66,1.66,100,0
RNWWW.US,5,20211007,162000,1.66,1.66,1.66,1.66,200,0
RNWWW.US,5,20211007,162500,1.69,1.69,1.69,1.69,1200,0
RNWWW.US,5,20211007,163000,1.69,1.69,1.69,1.69,200,0
RNWWW.US,5,20211007,163500,1.69,1.69,1.69,1.69,100,0
RNWWW.US,5,20211007,164000,1.69,1.69,1.69,1.69,700,0
RNWWW.US,5,20211007,164500,1.69,1.69,1.69,1.69,100,0
RNWWW.US,5,20211007,165000,1.69,1.69,1.69,1.69,100,0
RNWWW.US,5,20211007,165500,1.69,1.69,1.69,1.69,200,0
RNWWW.US,5,20211007,170000,1.69,1.72,1.69,1.72,1296,0
RNWWW.US,5,20211007,171000,1.72,1.72,1.72,1.72,200,0
RNWWW.US,5,20211007,171500,1.715,1.715,1.7,1.7,600,0
RNWWW.US,5,20211007,172000,1.7,1.7,1.7,1.7,100,0
RNWWW.US,5,20211007,172500,1.705,1.705,1.705,1.705,100,0
RNWWW.US,5,20211007,173000,1.705,1.705,1.705,1.705,100,0
RNWWW.US,5,20211007,173500,1.7,1.7,1.7,1.7,100,0
RNWWW.US,5,20211007,174000,1.7,1.7,1.7,1.7,200,0
RNWWW.US,5,20211007,174500,1.7,1.7,1.7,1.7,300,0
RNWWW.US,5,20211007,175000,1.7,1.71,1.7,1.71,462,0
RNWWW.US,5,20211007,175500,1.7001,1.7001,1.7001,1.7001,1000,0
RNWWW.US,5,20211007,180000,1.705,1.705,1.7,1.7,500,0
RNWWW.US,5,20211007,180500,1.7001,1.7001,1.7,1.7,200,0
RNWWW.US,5,20211007,181000,1.7,1.71,1.7,1.71,1222,0
RNWWW.US,5,20211007,182000,1.71,1.71,1.71,1.71,300,0
RNWWW.US,5,20211007,183000,1.705,1.71,1.705,1.71,1628,0
RNWWW.US,5,20211007,184000,1.71,1.71,1.71,1.71,100,0
RNWWW.US,5,20211007,184500,1.71,1.71,1.71,1.71,100,0
RNWWW.US,5,20211007,185000,1.71,1.71,1.71,1.71,100,0
RNWWW.US,5,20211007,185500,1.71,1.71,1.71,1.71,100,0
RNWWW.US,5,20211007,190000,1.71,1.71,1.71,1.71,100,0
RNWWW.US,5,20211007,190500,1.71,1.71,1.71,1.71,100,0
RNWWW.US,5,20211007,191000,1.715,1.715,1.715,1.715,100,0
RNWWW.US,5,20211007,192000,1.72,1.72,1.715,1.715,400,0
RNWWW.US,5,20211007,193000,1.73,1.73,1.73,1.73,2306,0
RNWWW.US,5,20211007,200000,1.72,1.72,1.72,1.72,400,0
RNWWW.US,5,20211007,202000,1.72,1.72,1.72,1.72,400,0
RNWWW.US,5,20211007,204000,1.73,1.73,1.72,1.72,400,0
RNWWW.US,5,20211007,205500,1.72,1.72,1.72,1.72,300,0
RNWWW.US,5,20211007,210500,1.73,1.73,1.73,1.73,1350,0
RNWWW.US,5,20211007,211000,1.73,1.73,1.73,1.73,400,0
RNWWW.US,5,20211007,212000,1.7295,1.7295,1.7295,1.7295,200,0
RNWWW.US,5,20211007,212500,1.73,1.73,1.73,1.73,500,0
RNWWW.US,5,20211007,213500,1.73,1.73,1.73,1.73,400,0
RNWWW.US,5,20211007,214000,1.73,1.73,1.73,1.73,2000,0
RNWWW.US,5,20211007,214500,1.73,1.73,1.73,1.73,400,0
RNWWW.US,5,20211007,215000,1.73,1.73,1.73,1.73,695,0
RNWWW.US,5,20211007,215500,1.73,1.73,1.725,1.73,3493,0
RNWWW.US,5,20211008,153000,1.63,1.63,1.63,1.63,200,0
RNWWW.US,5,20211008,154000,1.6847,1.6847,1.6847,1.6847,1000,0
RNWWW.US,5,20211008,163500,1.6801,1.6801,1.6801,1.6801,400,0
RNWWW.US,5,20211008,165000,1.71,1.71,1.71,1.71,1500,0
RNWWW.US,5,20211008,181000,1.74,1.74,1.74,1.74,100,0
RNWWW.US,5,20211008,183500,1.72,1.72,1.7,1.7,970,0
RNWWW.US,5,20211008,190500,1.7005,1.7005,1.7005,1.7005,133,0
RNWWW.US,5,20211008,191500,1.74,1.74,1.74,1.74,100,0
RNWWW.US,5,20211008,200000,1.72,1.72,1.72,1.72,100,0
RNWWW.US,5,20211008,210500,1.74,1.74,1.74,1.74,424,0
RNWWW.US,5,20211008,213000,1.71,1.71,1.71,1.71,266,0
RNWWW.US,5,20211008,214500,1.725,1.725,1.725,1.725,100,0
RNWWW.US,5,20211008,215500,1.725,1.725,1.725,1.725,13333,0
RNWWW.US,5,20211011,153000,1.71,1.77,1.71,1.77,3712,0
RNWWW.US,5,20211011,153500,1.76,1.77,1.76,1.77,1000,0
RNWWW.US,5,20211011,155000,1.77,1.77,1.77,1.77,900,0
RNWWW.US,5,20211011,161500,1.7599,1.7599,1.7599,1.7599,1000,0
RNWWW.US,5,20211011,165500,1.735,1.735,1.71,1.71,2800,0
RNWWW.US,5,20211011,170000,1.71,1.71,1.71,1.71,11401,0
RNWWW.US,5,20211011,170500,1.7,1.71,1.7,1.71,28892,0
RNWWW.US,5,20211011,171000,1.72,1.72,1.72,1.72,100,0
RNWWW.US,5,20211011,175500,1.72,1.7266,1.72,1.7201,2100,0
RNWWW.US,5,20211011,184000,1.75,1.75,1.74,1.75,600,0
RNWWW.US,5,20211011,192000,1.75,1.75,1.75,1.75,650,0
RNWWW.US,5,20211011,192500,1.75,1.75,1.75,1.75,200,0
RNWWW.US,5,20211011,204500,1.755,1.755,1.755,1.755,100,0
RNWWW.US,5,20211011,210000,1.7501,1.7501,1.7501,1.7501,228,0
RNWWW.US,5,20211011,210500,1.7504,1.7504,1.7504,1.7504,210,0
RNWWW.US,5,20211011,214000,1.76,1.76,1.76,1.76,1000,0
RNWWW.US,5,20211011,214500,1.77,1.77,1.77,1.77,1800,0
RNWWW.US,5,20211011,215500,1.79,1.8,1.79,1.8,1130,0
RNWWW.US,5,20211012,153000,1.84,1.84,1.84,1.84,300,0
RNWWW.US,5,20211012,154000,1.79,1.79,1.79,1.79,100,0
RNWWW.US,5,20211012,155000,1.784,1.784,1.7699,1.7699,1400,0
RNWWW.US,5,20211012,161000,1.75,1.75,1.73,1.73,894,0
RNWWW.US,5,20211012,161500,1.72,1.72,1.72,1.72,1840,0
RNWWW.US,5,20211012,162000,1.745,1.745,1.73,1.73,2999,0
RNWWW.US,5,20211012,172500,1.735,1.735,1.71,1.71,2860,0
RNWWW.US,5,20211012,181500,1.7211,1.7211,1.7211,1.7211,133,0
RNWWW.US,5,20211012,182500,1.72,1.72,1.72,1.72,100,0
RNWWW.US,5,20211012,183500,1.7001,1.7001,1.7001,1.7001,2500,0
RNWWW.US,5,20211012,184000,1.73,1.73,1.73,1.73,1827,0
RNWWW.US,5,20211012,185000,1.73,1.73,1.7,1.7,19900,0
RNWWW.US,5,20211012,185500,1.7,1.7107,1.7,1.7107,564,0
RNWWW.US,5,20211012,192500,1.7108,1.7108,1.7108,1.7108,200,0
RNWWW.US,5,20211012,194500,1.7107,1.7107,1.7107,1.7107,145,0
RNWWW.US,5,20211012,202500,1.7199,1.7199,1.7199,1.7199,500,0
RNWWW.US,5,20211013,153000,1.65,1.75,1.65,1.75,963,0
RNWWW.US,5,20211013,154000,1.75,1.75,1.72,1.72,840,0
RNWWW.US,5,20211013,154500,1.7,1.71,1.7,1.71,22812,0
RNWWW.US,5,20211013,155000,1.7001,1.7001,1.7,1.7,3420,0
RNWWW.US,5,20211013,161000,1.735,1.735,1.7,1.7,3400,0
RNWWW.US,5,20211013,161500,1.73,1.73,1.7,1.73,12200,0
RNWWW.US,5,20211013,165500,1.725,1.725,1.725,1.725,100,0
RNWWW.US,5,20211013,171500,1.74,1.74,1.74,1.74,200,0
RNWWW.US,5,20211013,173000,1.73,1.73,1.7,1.7,2100,0
RNWWW.US,5,20211013,183000,1.6801,1.6801,1.6801,1.6801,1000,0
RNWWW.US,5,20211013,195500,1.7,1.7,1.68,1.68,5100,0
RNWWW.US,5,20211013,201000,1.6901,1.6901,1.6901,1.6901,200,0
RNWWW.US,5,20211013,205000,1.7,1.71,1.7,1.71,1994,0
RNWWW.US,5,20211013,210500,1.71,1.71,1.71,1.71,100,0
RNWWW.US,5,20211014,153000,1.65,1.65,1.65,1.65,781,0
RNWWW.US,5,20211014,153500,1.69,1.7,1.61,1.61,4859,0
RNWWW.US,5,20211014,155000,1.7,1.7,1.7,1.7,2100,0
RNWWW.US,5,20211014,182500,1.78,1.78,1.78,1.78,1700,0
RNWWW.US,5,20211014,192000,1.7201,1.7201,1.7201,1.7201,110,0
RNWWW.US,5,20211014,200000,1.765,1.78,1.75,1.78,2272,0
RNWWW.US,5,20211014,200500,1.72,1.78,1.72,1.775,4300,0
RNWWW.US,5,20211014,201000,1.74,1.74,1.74,1.74,100,0
RNWWW.US,5,20211014,202000,1.738,1.738,1.738,1.738,400,0
RNWWW.US,5,20211014,202500,1.74,1.74,1.74,1.74,100,0
RNWWW.US,5,20211014,204000,1.74,1.745,1.725,1.73,16100,0
RNWWW.US,5,20211014,205000,1.735,1.75,1.725,1.75,2800,0
RNWWW.US,5,20211014,205500,1.75,1.77,1.73,1.77,3350,0
RNWWW.US,5,20211014,210000,1.75,1.79,1.75,1.775,1800,0
RNWWW.US,5,20211014,210500,1.75,1.75,1.735,1.745,2000,0
RNWWW.US,5,20211014,211000,1.75,1.75,1.745,1.745,4300,0
RNWWW.US,5,20211014,211500,1.745,1.75,1.745,1.745,4100,0
RNWWW.US,5,20211014,212000,1.75,1.75,1.745,1.745,3500,0
RNWWW.US,5,20211014,212500,1.75,1.75,1.74,1.74,5100,0
RNWWW.US,5,20211014,213000,1.75,1.75,1.74,1.745,4900,0
RNWWW.US,5,20211014,213500,1.745,1.75,1.74,1.74,14400,0
RNWWW.US,5,20211014,214500,1.705,1.73,1.68,1.68,1138,0
RNWWW.US,5,20211014,215500,1.73,1.8,1.73,1.8,8000,0
RNWWW.US,5,20211015,153500,1.72,1.72,1.72,1.72,1200,0
RNWWW.US,5,20211015,155000,1.7,1.7,1.7,1.7,1000,0
RNWWW.US,5,20211015,161000,1.72,1.72,1.7,1.7,1796,0
RNWWW.US,5,20211015,164500,1.72,1.72,1.7,1.7,13796,0
RNWWW.US,5,20211015,171500,1.69,1.705,1.69,1.7,30000,0
RNWWW.US,5,20211015,174000,1.705,1.705,1.705,1.705,850,0
RNWWW.US,5,20211015,174500,1.72,1.72,1.72,1.72,150,0
RNWWW.US,5,20211015,175000,1.705,1.705,1.69,1.705,10000,0
RNWWW.US,5,20211015,180500,1.7,1.708,1.69,1.708,10100,0
RNWWW.US,5,20211015,181500,1.6901,1.708,1.6901,1.708,5000,0
RNWWW.US,5,20211015,182000,1.71,1.71,1.7,1.7,3485,0
RNWWW.US,5,20211015,185000,1.72,1.72,1.72,1.72,411,0
RNWWW.US,5,20211015,190500,1.69,1.715,1.69,1.7,11600,0
RNWWW.US,5,20211015,192000,1.72,1.72,1.72,1.72,100,0
RNWWW.US,5,20211015,201000,1.7,1.7,1.7,1.7,1770,0
RNWWW.US,5,20211015,201500,1.72,1.72,1.72,1.72,100,0
RNWWW.US,5,20211015,204000,1.68,1.695,1.68,1.695,700,0
RNWWW.US,5,20211015,205000,1.72,1.72,1.72,1.72,250,0
RNWWW.US,5,20211015,210000,1.71,1.72,1.71,1.72,400,0
RNWWW.US,5,20211015,210500,1.6994,1.6994,1.6994,1.6994,1000,0
RNWWW.US,5,20211015,212000,1.69,1.71,1.69,1.7,10181,0
RNWWW.US,5,20211015,215000,1.7199,1.7199,1.7199,1.7199,100,0
RNWWW.US,5,20211015,215500,1.72,1.72,1.72,1.72,2802,0
RNWWW.US,5,20211018,153000,1.7,1.7,1.7,1.7,100,0
RNWWW.US,5,20211018,162500,1.68,1.7,1.68,1.7,2120,0
RNWWW.US,5,20211018,165500,1.745,1.745,1.745,1.745,540,0
RNWWW.US,5,20211018,182500,1.71,1.71,1.71,1.71,100,0
RNWWW.US,5,20211018,192500,1.705,1.705,1.705,1.705,1500,0
RNWWW.US,5,20211018,194500,1.705,1.705,1.705,1.705,750,0
RNWWW.US,5,20211018,211000,1.71,1.71,1.703,1.71,814,0
RNWWW.US,5,20211018,215500,1.72,1.72,1.72,1.72,100,0
RNWWW.US,5,20211019,154000,1.7,1.7,1.7,1.7,500,0
RNWWW.US,5,20211019,160000,1.69,1.69,1.69,1.69,100,0
RNWWW.US,5,20211019,161000,1.7028,1.7028,1.7028,1.7028,103,0
RNWWW.US,5,20211019,165000,1.71,1.71,1.71,1.71,100,0
RNWWW.US,5,20211019,173500,1.74,1.74,1.74,1.74,100,0
RNWWW.US,5,20211019,174500,1.74,1.75,1.72,1.75,38985,0
RNWWW.US,5,20211019,175000,1.75,1.75,1.75,1.75,200,0
RNWWW.US,5,20211019,184000,1.7999,1.7999,1.7999,1.7999,200,0
RNWWW.US,5,20211019,184500,1.8,1.8,1.8,1.8,1231,0
RNWWW.US,5,20211019,190500,1.8,1.8,1.8,1.8,100,0
RNWWW.US,5,20211019,191000,1.81,1.81,1.81,1.81,100,0
RNWWW.US,5,20211019,192000,1.8,1.8,1.8,1.8,200,0
RNWWW.US,5,20211019,194000,1.79,1.805,1.782,1.8,18113,0
RNWWW.US,5,20211019,195500,1.81,1.81,1.81,1.81,3582,0
RNWWW.US,5,20211019,201500,1.81,1.825,1.81,1.81,400,0
RNWWW.US,5,20211019,202000,1.825,1.825,1.82,1.82,200,0
RNWWW.US,5,20211019,202500,1.82,1.82,1.82,1.82,100,0
RNWWW.US,5,20211019,203000,1.81,1.81,1.81,1.81,200,0
RNWWW.US,5,20211019,204500,1.81,1.81,1.81,1.81,2500,0
RNWWW.US,5,20211019,210500,1.7656,1.7656,1.7656,1.7656,300,0
RNWWW.US,5,20211019,212000,1.78,1.8,1.78,1.8,2000,0
RNWWW.US,5,20211019,213500,1.77,1.77,1.77,1.77,200,0
RNWWW.US,5,20211019,214000,1.7704,1.7704,1.7704,1.7704,200,0
RNWWW.US,5,20211019,215000,1.8,1.8,1.8,1.8,1010,0
RNWWW.US,5,20211019,215500,1.82,1.82,1.82,1.82,2039,0
RNWWW.US,5,20211020,155500,1.7801,1.7801,1.78,1.78,2332,0
RNWWW.US,5,20211020,161000,1.81,1.81,1.81,1.81,325,0
RNWWW.US,5,20211020,162500,1.81,1.81,1.81,1.81,1000,0
RNWWW.US,5,20211020,164000,1.81,1.81,1.8092,1.8092,700,0
RNWWW.US,5,20211020,194500,1.8,1.83,1.8,1.82,1100,0
RNWWW.US,5,20211020,203500,1.83,1.83,1.83,1.83,166,0
RNWWW.US,5,20211020,211500,1.82,1.83,1.82,1.82,11933,0
RNWWW.US,5,20211020,212000,1.82,1.83,1.82,1.82,5100,0
RNWWW.US,5,20211020,212500,1.83,1.83,1.83,1.83,100,0
RNWWW.US,5,20211020,213000,1.83,1.84,1.83,1.84,700,0
RNWWW.US,5,20211020,213500,1.84,1.85,1.84,1.84,1350,0
RNWWW.US,5,20211020,214500,1.88,1.88,1.88,1.88,800,0
RNWWW.US,5,20211020,215500,1.86,1.86,1.84,1.85,500,0
RNWWW.US,5,20211021,154500,1.83,1.83,1.83,1.83,166,0
RNWWW.US,5,20211021,161500,1.7901,1.7901,1.7901,1.7901,500,0
RNWWW.US,5,20211021,162500,1.79,1.8,1.79,1.8,900,0
RNWWW.US,5,20211021,171500,1.8101,1.8101,1.81,1.81,200,0
RNWWW.US,5,20211021,181500,1.82,1.82,1.8034,1.8034,200,0
RNWWW.US,5,20211021,191000,1.82,1.82,1.82,1.82,500,0
RNWWW.US,5,20211021,191500,1.82,1.82,1.82,1.82,500,0
RNWWW.US,5,20211021,202000,1.84,1.84,1.84,1.84,100,0
RNWWW.US,5,20211021,205500,1.84,1.85,1.84,1.85,1300,0
RNWWW.US,5,20211021,210000,1.85,1.85,1.85,1.85,100,0
RNWWW.US,5,20211021,210500,1.855,1.855,1.855,1.855,100,0
RNWWW.US,5,20211021,211500,1.86,1.86,1.8553,1.8553,200,0
RNWWW.US,5,20211021,213000,1.8527,1.8527,1.8527,1.8527,2000,0
RNWWW.US,5,20211021,215000,1.855,1.855,1.85,1.85,1300,0
RNWWW.US,5,20211022,153000,1.7,1.73,1.7,1.73,646,0
RNWWW.US,5,20211022,155000,1.79,1.79,1.79,1.79,200,0
RNWWW.US,5,20211022,160500,1.8101,1.8101,1.8101,1.8101,500,0
RNWWW.US,5,20211022,175000,1.82,1.82,1.82,1.82,200,0
RNWWW.US,5,20211022,181500,1.8371,1.8371,1.8371,1.8371,200,0
RNWWW.US,5,20211022,183500,1.84,1.84,1.82,1.82,1600,0
RNWWW.US,5,20211022,191000,1.82,1.83,1.82,1.8201,1900,0
RNWWW.US,5,20211022,194000,1.835,1.835,1.83,1.83,1100,0
RNWWW.US,5,20211022,194500,1.825,1.825,1.82,1.8245,3800,0
RNWWW.US,5,20211022,201500,1.8,1.8,1.8,1.8,700,0
RNWWW.US,5,20211022,203000,1.8001,1.8001,1.8001,1.8001,500,0
RNWWW.US,5,20211022,204000,1.81,1.8101,1.81,1.8101,200,0
RNWWW.US,5,20211022,205000,1.81,1.81,1.81,1.81,18700,0
RNWWW.US,5,20211022,212000,1.83,1.83,1.83,1.83,405,0
RNWWW.US,5,20211022,215500,1.82,1.82,1.81,1.81,1427,0
RNWWW.US,5,20211025,153000,1.71,1.71,1.71,1.71,1500,0
RNWWW.US,5,20211025,162500,1.75,1.75,1.75,1.75,500,0
RNWWW.US,5,20211025,163000,1.75,1.76,1.75,1.76,500,0
RNWWW.US,5,20211025,163500,1.76,1.76,1.76,1.76,200,0
RNWWW.US,5,20211025,164000,1.76,1.78,1.76,1.78,375,0
RNWWW.US,5,20211025,164500,1.78,1.8,1.78,1.79,6000,0
RNWWW.US,5,20211025,171000,1.8,1.8,1.79,1.8,52500,0
RNWWW.US,5,20211025,172500,1.8,1.8,1.7994,1.7994,2270,0
RNWWW.US,5,20211025,173500,1.815,1.815,1.81,1.815,3967,0
RNWWW.US,5,20211025,180500,1.81,1.81,1.8099,1.8099,5000,0
RNWWW.US,5,20211025,183000,1.81,1.81,1.78,1.78,700,0
RNWWW.US,5,20211025,192000,1.78,1.78,1.78,1.78,3700,0
RNWWW.US,5,20211025,192500,1.78,1.78,1.78,1.78,5800,0
RNWWW.US,5,20211025,193000,1.78,1.78,1.78,1.78,500,0
RNWWW.US,5,20211025,193500,1.8,1.81,1.8,1.81,200,0
RNWWW.US,5,20211025,194000,1.8,1.81,1.8,1.81,400,0
RNWWW.US,5,20211025,201000,1.8,1.81,1.8,1.81,400,0
RNWWW.US,5,20211025,204500,1.8,1.81,1.7854,1.81,1550,0
RNWWW.US,5,20211025,205500,1.78,1.8,1.78,1.8,400,0
RNWWW.US,5,20211025,211500,1.7901,1.7901,1.7901,1.7901,730,0
RNWWW.US,5,20211025,212000,1.81,1.81,1.81,1.81,1250,0
RNWWW.US,5,20211025,213000,1.83,1.83,1.83,1.83,200,0
RNWWW.US,5,20211025,215500,1.83,1.83,1.83,1.83,200,0
RNWWW.US,5,20211026,160500,1.8535,1.8535,1.8535,1.8535,106,0
RNWWW.US,5,20211026,161000,1.83,1.83,1.83,1.83,700,0
RNWWW.US,5,20211026,161500,1.81,1.81,1.81,1.81,1000,0
RNWWW.US,5,20211026,162000,1.81,1.81,1.81,1.81,3000,0
RNWWW.US,5,20211026,163500,1.81,1.81,1.81,1.81,5300,0
RNWWW.US,5,20211026,164000,1.81,1.83,1.8,1.8,5987,0
RNWWW.US,5,20211026,164500,1.8,1.8,1.8,1.8,300,0
RNWWW.US,5,20211026,165500,1.79,1.8,1.79,1.79,2000,0
RNWWW.US,5,20211026,173500,1.77,1.77,1.77,1.77,200,0
RNWWW.US,5,20211026,182000,1.76,1.76,1.76,1.76,2400,0
RNWWW.US,5,20211026,183000,1.8,1.8,1.8,1.8,200,0
RNWWW.US,5,20211026,183500,1.8,1.8,1.8,1.8,200,0
RNWWW.US,5,20211026,185500,1.8,1.8,1.8,1.8,2900,0
RNWWW.US,5,20211026,193000,1.805,1.805,1.805,1.805,96700,0
RNWWW.US,5,20211026,193500,1.83,1.83,1.83,1.83,200,0
RNWWW.US,5,20211026,215500,1.82,1.84,1.82,1.84,3455,0
RNWWW.US,5,20211027,153000,1.76,1.76,1.76,1.76,1000,0
RNWWW.US,5,20211027,154000,1.7979,1.83,1.7979,1.83,3550,0
RNWWW.US,5,20211027,160500,1.77,1.77,1.77,1.77,100,0
RNWWW.US,5,20211027,163500,1.7501,1.7501,1.7501,1.7501,100,0
RNWWW.US,5,20211027,165500,1.76,1.77,1.7506,1.77,1300,0
RNWWW.US,5,20211027,172500,1.79,1.79,1.79,1.79,500,0
RNWWW.US,5,20211027,173000,1.8029,1.8029,1.8029,1.8029,283,0
RNWWW.US,5,20211027,183000,1.79,1.79,1.79,1.79,100,0
RNWWW.US,5,20211027,215500,1.83,1.84,1.83,1.84,1744,0
RNWWW.US,5,20211028,153000,1.81,1.9,1.81,1.87,1338,0
RNWWW.US,5,20211028,154000,1.89,1.89,1.88,1.88,600,0
RNWWW.US,5,20211028,154500,1.9,1.94,1.9,1.93,1897,0
RNWWW.US,5,20211028,155000,1.93,1.95,1.91,1.94,4828,0
RNWWW.US,5,20211028,155500,1.95,1.95,1.95,1.95,100,0
RNWWW.US,5,20211028,161000,1.89,1.9,1.87,1.87,1495,0
RNWWW.US,5,20211028,162000,1.87,1.92,1.87,1.92,800,0
RNWWW.US,5,20211028,162500,1.92,1.92,1.91,1.91,1299,0
RNWWW.US,5,20211028,163500,1.92,1.92,1.92,1.92,338,0
RNWWW.US,5,20211028,164500,1.8901,1.9,1.8901,1.9,1100,0
RNWWW.US,5,20211028,165000,1.91,1.91,1.89,1.89,400,0
RNWWW.US,5,20211028,170000,1.91,1.91,1.91,1.91,300,0
RNWWW.US,5,20211028,170500,1.91,1.91,1.91,1.91,1323,0
RNWWW.US,5,20211028,171000,1.91,1.91,1.91,1.91,339,0
RNWWW.US,5,20211028,171500,1.91,1.91,1.91,1.91,933,0
RNWWW.US,5,20211028,172000,1.91,1.92,1.91,1.92,990,0
RNWWW.US,5,20211028,173000,1.92,1.92,1.92,1.92,100,0
RNWWW.US,5,20211028,173500,1.93,1.93,1.93,1.93,500,0
RNWWW.US,5,20211028,174000,1.915,1.915,1.915,1.915,100,0
RNWWW.US,5,20211028,174500,1.92,1.92,1.92,1.92,339,0
RNWWW.US,5,20211028,175000,1.93,1.94,1.92,1.94,2515,0
RNWWW.US,5,20211028,175500,1.94,1.95,1.93,1.95,2638,0
RNWWW.US,5,20211028,180000,1.94,1.94,1.94,1.94,100,0
RNWWW.US,5,20211028,180500,1.95,1.95,1.94,1.94,6180,0
RNWWW.US,5,20211028,181000,1.93,1.93,1.93,1.93,100,0
RNWWW.US,5,20211028,181500,1.92,1.92,1.92,1.92,300,0
RNWWW.US,5,20211028,182000,1.92,1.93,1.92,1.93,995,0
RNWWW.US,5,20211028,182500,1.94,1.95,1.93,1.95,1339,0
RNWWW.US,5,20211028,183000,1.95,1.95,1.95,1.95,3371,0
RNWWW.US,5,20211028,183500,1.94,1.94,1.925,1.94,700,0
RNWWW.US,5,20211028,184500,1.94,1.95,1.94,1.95,4376,0
RNWWW.US,5,20211028,185000,1.95,1.97,1.95,1.97,2657,0
RNWWW.US,5,20211028,185500,1.97,1.99,1.96,1.99,1466,0
RNWWW.US,5,20211028,190000,1.99,2.03,1.97,2.03,1761,0
RNWWW.US,5,20211028,191000,2.04,2.04,2.04,2.04,100,0
RNWWW.US,5,20211028,191500,2.04,2.04,2.03,2.03,300,0
RNWWW.US,5,20211028,192500,2.015,2.02,2.015,2.02,338,0
RNWWW.US,5,20211028,193000,2.02,2.02,2.02,2.02,1528,0
RNWWW.US,5,20211028,193500,2.03,2.04,2.025,2.025,900,0
RNWWW.US,5,20211028,194000,2.04,2.05,2.03,2.05,1437,0
RNWWW.US,5,20211028,194500,2.05,2.05,2.05,2.05,4363,0
RNWWW.US,5,20211028,195000,2.05,2.05,2.05,2.05,1995,0
RNWWW.US,5,20211028,200000,2.05,2.06,2.05,2.05,1838,0
RNWWW.US,5,20211028,200500,2.06,2.06,2.05,2.06,11386,0
RNWWW.US,5,20211028,201000,2.06,2.06,2.05,2.06,4599,0
RNWWW.US,5,20211028,201500,2.06,2.09,2.05,2.09,2720,0
RNWWW.US,5,20211028,202000,2.09,2.09,2.09,2.09,395,0
RNWWW.US,5,20211028,202500,2.08,2.08,2.08,2.08,395,0
RNWWW.US,5,20211028,203000,2.09,2.09,2.09,2.09,600,0
RNWWW.US,5,20211028,203500,2.1,2.1,2.1,2.1,2476,0
RNWWW.US,5,20211028,204000,2.1,2.1,2.09,2.09,1276,0
RNWWW.US,5,20211028,204500,2.09,2.1,2.09,2.09,2114,0
RNWWW.US,5,20211028,205000,2.1,2.1,2.07,2.07,2250,0
RNWWW.US,5,20211028,210500,2.0405,2.0405,2.0405,2.0405,100,0
RNWWW.US,5,20211028,211000,2.09,2.1,2.03,2.09,4256,0
RNWWW.US,5,20211028,211500,2.1,2.1,2.03,2.1,3308,0
RNWWW.US,5,20211028,212000,2.09,2.09,2.02,2.07,22695,0
RNWWW.US,5,20211028,212500,2.07,2.08,2.07,2.08,1073,0
RNWWW.US,5,20211028,213000,2.09,2.1,2.05,2.1,14509,0
RNWWW.US,5,20211028,213500,2.07,2.1,2.07,2.1,10756,0
RNWWW.US,5,20211028,214000,2.11,2.11,2.105,2.105,600,0
RNWWW.US,5,20211028,214500,2.105,2.13,2.105,2.12,12400,0
RNWWW.US,5,20211028,215000,2.12,2.14,2.12,2.12,1100,0
RNWWW.US,5,20211028,215500,2.1,2.12,2.0995,2.1,41781,0
RNWWW.US,5,20211029,153000,2.06,2.06,2.06,2.06,200,0
RNWWW.US,5,20211029,153500,2.075,2.09,2.075,2.09,200,0
RNWWW.US,5,20211029,155500,2.05,2.05,1.97,1.97,5791,0
RNWWW.US,5,20211029,160000,1.97,1.97,1.94,1.96,5939,0
RNWWW.US,5,20211029,163500,1.97,1.97,1.96,1.96,200,0
RNWWW.US,5,20211029,164500,2,2.015,2,2,5450,0
RNWWW.US,5,20211029,165000,2,2.02,2,2.02,1700,0
RNWWW.US,5,20211029,170500,2.065,2.065,2.055,2.055,700,0
RNWWW.US,5,20211029,171000,2.05,2.05,2.05,2.05,400,0
RNWWW.US,5,20211029,171500,2.05,2.05,2.05,2.05,4598,0
RNWWW.US,5,20211029,173000,2.0425,2.0425,2.0425,2.0425,100,0
RNWWW.US,5,20211029,180000,2.045,2.045,2.045,2.045,100,0
RNWWW.US,5,20211029,180500,2.07,2.07,2.07,2.07,200,0
RNWWW.US,5,20211029,194500,2.0503,2.0503,2.0503,2.0503,400,0
RNWWW.US,5,20211029,201500,2.07,2.07,2.07,2.07,100,0
RNWWW.US,5,20211029,202500,2.05,2.05,1.98,2.05,3613,0
RNWWW.US,5,20211029,203000,2.05,2.05,2.05,2.05,1500,0
RNWWW.US,5,20211029,204000,2.07,2.07,2.05,2.05,400,0
RNWWW.US,5,20211029,204500,2.06,2.06,2.05,2.06,500,0
RNWWW.US,5,20211029,205000,2.05,2.08,2.05,2.08,200,0
RNWWW.US,5,20211029,205500,2.08,2.09,2.07,2.09,950,0
RNWWW.US,5,20211029,210000,2.08,2.09,2.04,2.08,3400,0
RNWWW.US,5,20211029,210500,2.08,2.09,2.06,2.09,5922,0
RNWWW.US,5,20211029,211000,2.09,2.09,2.06,2.08,15222,0
RNWWW.US,5,20211029,211500,2.08,2.08,2.06,2.07,3800,0
RNWWW.US,5,20211029,212000,2.07,2.07,2.07,2.07,6000,0
RNWWW.US,5,20211029,212500,2.07,2.07,2.07,2.07,13800,0
RNWWW.US,5,20211029,213000,2.09,2.1,2.09,2.1,1150,0
RNWWW.US,5,20211029,214500,2.08,2.08,2.08,2.08,5800,0
RNWWW.US,5,20211029,215000,2.1,2.1,2.08,2.1,25407,0
RNWWW.US,5,20211029,215500,2.11,2.11,2.08,2.09,13702,0
RNWWW.US,5,20211101,143000,2.01,2.08,2.01,2.08,1214,0
RNWWW.US,5,20211101,152000,2.09,2.09,2.08,2.08,900,0
RNWWW.US,5,20211101,153000,2.19,2.21,2.13,2.13,1090,0
RNWWW.US,5,20211101,154000,2.09,2.09,2.07,2.07,300,0
RNWWW.US,5,20211101,162000,2.1,2.1,2.08,2.08,410,0
RNWWW.US,5,20211101,165000,2.08,2.08,2.07,2.07,500,0
RNWWW.US,5,20211101,165500,2.1,2.1,2.09,2.1,2972,0
RNWWW.US,5,20211101,170000,2.08,2.08,2.08,2.08,100,0
RNWWW.US,5,20211101,170500,2.08,2.08,2.08,2.08,100,0
RNWWW.US,5,20211101,171000,2.09,2.09,2.09,2.09,100,0
RNWWW.US,5,20211101,173000,2.07,2.099,2.06,2.099,1800,0
RNWWW.US,5,20211101,175000,2.08,2.08,2.08,2.08,100,0
RNWWW.US,5,20211101,181000,2.14,2.14,2.14,2.14,986,0
RNWWW.US,5,20211101,182000,2.08,2.08,2.08,2.08,100,0
RNWWW.US,5,20211101,192000,2.08,2.08,2.07,2.07,378,0
RNWWW.US,5,20211101,195500,2.07,2.08,2,2.08,2481,0
RNWWW.US,5,20211101,205500,2.05,2.0588,2.04,2.04,1500,0
RNWWW.US,5,20211102,144500,2.1,2.25,2.1,2.2496,6197,0
RNWWW.US,5,20211102,145000,2.25,2.3,2.25,2.3,5788,0
RNWWW.US,5,20211102,150000,2.3,2.31,2.2998,2.31,3615,0
RNWWW.US,5,20211102,150500,2.3,2.32,2.3,2.3,3819,0
RNWWW.US,5,20211102,151000,2.3,2.33,2.3,2.32,1300,0
RNWWW.US,5,20211102,151500,2.33,2.33,2.31,2.31,620,0
RNWWW.US,5,20211102,152500,2.37,2.39,2.37,2.39,1300,0
RNWWW.US,5,20211102,153000,2.38,2.4,2.38,2.4,4300,0
RNWWW.US,5,20211102,153500,2.45,2.45,2.45,2.45,317,0
RNWWW.US,5,20211102,154000,2.41,2.41,2.37,2.41,1026,0
RNWWW.US,5,20211102,154500,2.38,2.44,2.38,2.44,1000,0
RNWWW.US,5,20211102,155000,2.36,2.36,2.36,2.36,1232,0
RNWWW.US,5,20211102,155500,2.38,2.38,2.3301,2.3301,266,0
RNWWW.US,5,20211102,160000,2.37,2.43,2.37,2.43,3322,0
RNWWW.US,5,20211102,160500,2.4,2.4,2.394,2.4,841,0
RNWWW.US,5,20211102,161500,2.37,2.3707,2.37,2.3707,300,0
RNWWW.US,5,20211102,165000,2.335,2.335,2.335,2.335,100,0
RNWWW.US,5,20211102,165500,2.33,2.33,2.33,2.33,104,0
RNWWW.US,5,20211102,171000,2.3,2.3,2.28,2.28,2373,0
RNWWW.US,5,20211102,171500,2.28,2.31,2.28,2.3,6006,0
RNWWW.US,5,20211102,172000,2.31,2.31,2.31,2.31,3417,0
RNWWW.US,5,20211102,174000,2.31,2.31,2.31,2.31,730,0
RNWWW.US,5,20211102,175500,2.325,2.325,2.325,2.325,250,0
RNWWW.US,5,20211102,180000,2.32,2.32,2.32,2.32,250,0
RNWWW.US,5,20211102,190000,2.26,2.26,2.26,2.26,400,0
RNWWW.US,5,20211102,192500,2.2999,2.3,2.2999,2.3,200,0
RNWWW.US,5,20211102,194500,2.26,2.2766,2.25,2.2707,2410,0
RNWWW.US,5,20211102,201500,2.25,2.25,2.25,2.25,5000,0
RNWWW.US,5,20211102,205500,2.26,2.2667,2.26,2.2667,7600,0
RNWWW.US,5,20211103,143000,2.26,2.3,2.26,2.3,500,0
RNWWW.US,5,20211103,145500,2.33,2.33,2.27,2.27,776,0
RNWWW.US,5,20211103,151000,2.1301,2.1301,2.1301,2.1301,600,0
RNWWW.US,5,20211103,154000,2.14,2.14,2.1,2.1,4885,0
RNWWW.US,5,20211103,154500,2.185,2.185,2.185,2.185,100,0
RNWWW.US,5,20211103,160500,2.1523,2.185,2.11,2.11,2954,0
RNWWW.US,5,20211103,161500,2.1628,2.1628,2.13,2.13,3000,0
RNWWW.US,5,20211103,162000,2.13,2.13,2.13,2.13,143,0
RNWWW.US,5,20211103,162500,2.17,2.17,2.12,2.12,900,0
RNWWW.US,5,20211103,163000,2.16,2.16,2.16,2.16,100,0
RNWWW.US,5,20211103,163500,2.17,2.17,2.17,2.17,200,0
RNWWW.US,5,20211103,171000,2.21,2.22,2.21,2.22,1025,0
RNWWW.US,5,20211103,172500,2.25,2.25,2.24,2.24,300,0
RNWWW.US,5,20211103,173000,2.26,2.26,2.23,2.23,396,0
RNWWW.US,5,20211103,174500,2.3,2.3,2.3,2.3,300,0
RNWWW.US,5,20211103,184500,2.32,2.32,2.3,2.31,3100,0
RNWWW.US,5,20211103,185000,2.32,2.32,2.32,2.32,100,0
RNWWW.US,5,20211103,190500,2.32,2.32,2.32,2.32,600,0
RNWWW.US,5,20211103,192000,2.32,2.32,2.23,2.32,6900,0
RNWWW.US,5,20211103,192500,2.32,2.32,2.32,2.32,2400,0
RNWWW.US,5,20211103,193000,2.32,2.32,2.3,2.3,1400,0
RNWWW.US,5,20211103,193500,2.31,2.31,2.31,2.31,2621,0
RNWWW.US,5,20211103,194000,2.327,2.327,2.29,2.31,7183,0
RNWWW.US,5,20211103,194500,2.31,2.327,2.29,2.31,8083,0
RNWWW.US,5,20211103,195000,2.31,2.31,2.31,2.31,2800,0
RNWWW.US,5,20211103,195500,2.305,2.32,2.305,2.32,200,0
RNWWW.US,5,20211103,200000,2.32,2.32,2.32,2.32,800,0
RNWWW.US,5,20211103,202000,2.315,2.32,2.315,2.32,700,0
RNWWW.US,5,20211103,202500,2.32,2.32,2.32,2.32,2400,0
RNWWW.US,5,20211103,203000,2.32,2.33,2.32,2.33,1500,0
RNWWW.US,5,20211103,204000,2.3004,2.3134,2.28,2.3134,4200,0
RNWWW.US,5,20211103,205000,2.27,2.295,2.26,2.27,1400,0
RNWWW.US,5,20211103,205500,2.26,2.27,2.26,2.27,3318,0
RNWWW.US,5,20211104,143000,2.25,2.27,2.24,2.27,11300,0
RNWWW.US,5,20211104,144000,2.31,2.35,2.31,2.35,220,0
RNWWW.US,5,20211104,150000,2.35,2.35,2.31,2.31,200,0
RNWWW.US,5,20211104,152000,2.35,2.3508,2.35,2.3508,200,0
RNWWW.US,5,20211104,154000,2.35,2.351,2.35,2.35,400,0
RNWWW.US,5,20211104,155000,2.37,2.37,2.37,2.37,1000,0
RNWWW.US,5,20211104,160000,2.35,2.35,2.35,2.35,100,0
RNWWW.US,5,20211104,162500,2.3573,2.3573,2.34,2.35,1300,0
RNWWW.US,5,20211104,163500,2.35,2.35,2.35,2.35,600,0
RNWWW.US,5,20211104,164000,2.35,2.35,2.35,2.35,700,0
RNWWW.US,5,20211104,164500,2.35,2.35,2.35,2.35,800,0
RNWWW.US,5,20211104,165000,2.35,2.35,2.35,2.35,600,0
RNWWW.US,5,20211104,165500,2.34,2.34,2.25,2.33,1060,0
RNWWW.US,5,20211104,170000,2.34,2.34,2.33,2.34,700,0
RNWWW.US,5,20211104,170500,2.34,2.35,2.34,2.35,800,0
RNWWW.US,5,20211104,171000,2.35,2.35,2.35,2.35,600,0
RNWWW.US,5,20211104,171500,2.35,2.36,2.305,2.36,900,0
RNWWW.US,5,20211104,175000,2.3501,2.3501,2.3501,2.3501,100,0
RNWWW.US,5,20211104,180500,2.35,2.36,2.325,2.35,2300,0
RNWWW.US,5,20211104,181000,2.35,2.357,2.35,2.35,8400,0
RNWWW.US,5,20211104,181500,2.35,2.357,2.35,2.35,2800,0
RNWWW.US,5,20211104,182000,2.35,2.35,2.32,2.35,566,0
RNWWW.US,5,20211104,182500,2.35,2.35,2.29,2.34,1675,0
RNWWW.US,5,20211104,183000,2.34,2.35,2.32,2.35,800,0
RNWWW.US,5,20211104,183500,2.35,2.35,2.32,2.35,700,0
RNWWW.US,5,20211104,184000,2.35,2.35,2.325,2.35,800,0
RNWWW.US,5,20211104,184500,2.35,2.35,2.3275,2.35,700,0
RNWWW.US,5,20211104,185000,2.35,2.35,2.325,2.325,250,0
RNWWW.US,5,20211104,185500,2.325,2.325,2.325,2.325,100,0
RNWWW.US,5,20211104,190000,2.31,2.31,2.31,2.31,100,0
RNWWW.US,5,20211104,190500,2.3275,2.3275,2.3275,2.3275,100,0
RNWWW.US,5,20211104,191000,2.3225,2.3225,2.3225,2.3225,100,0
RNWWW.US,5,20211104,191500,2.29,2.29,2.29,2.29,100,0
RNWWW.US,5,20211104,192000,2.28,2.28,2.28,2.28,100,0
RNWWW.US,5,20211104,193000,2.26,2.26,2.25,2.25,200,0
RNWWW.US,5,20211104,201500,2.25,2.25,2.25,2.25,100,0
RNWWW.US,5,20211104,205000,2.27,2.27,2.2535,2.2535,4600,0
RNWWW.US,5,20211104,205500,2.27,2.27,2.27,2.27,400,0
RNWWW.US,5,20211105,143000,2.28,2.28,2.28,2.28,100,0
RNWWW.US,5,20211105,150500,2.28,2.28,2.28,2.28,100,0
RNWWW.US,5,20211105,154500,2.3,2.3006,2.25,2.2512,6815,0
RNWWW.US,5,20211105,164000,2.275,2.275,2.25,2.25,3088,0
RNWWW.US,5,20211105,170500,2.27,2.27,2.27,2.27,880,0
RNWWW.US,5,20211105,171000,2.27,2.27,2.27,2.27,1000,0
RNWWW.US,5,20211105,175000,2.26,2.26,2.26,2.26,700,0
RNWWW.US,5,20211105,180000,2.27,2.2702,2.27,2.27,4500,0
RNWWW.US,5,20211105,183000,2.27,2.2717,2.27,2.2717,266,0
RNWWW.US,5,20211105,184000,2.27,2.27,2.27,2.27,1500,0
RNWWW.US,5,20211105,185000,2.275,2.275,2.275,2.275,100,0
RNWWW.US,5,20211105,190000,2.27,2.27,2.27,2.27,2020,0
RNWWW.US,5,20211105,191500,2.27,2.27,2.22,2.22,510,0
RNWWW.US,5,20211105,194500,2.22,2.22,2.21,2.2101,822,0
RNWWW.US,5,20211105,201000,2.23,2.23,2.23,2.23,100,0
RNWWW.US,5,20211105,202000,2.23,2.232,2.22,2.22,1200,0
RNWWW.US,5,20211105,202500,2.23,2.23,2.23,2.23,970,0
RNWWW.US,5,20211105,203500,2.23,2.23,2.23,2.23,700,0
RNWWW.US,5,20211105,204000,2.23,2.23,2.23,2.23,100,0
RNWWW.US,5,20211105,204500,2.205,2.205,2.205,2.205,200,0
RNWWW.US,5,20211105,205000,2.21,2.23,2.21,2.23,5910,0
RNWWW.US,5,20211105,205500,2.1903,2.23,2.1903,2.23,1500,0
RNWWW.US,5,20211108,153000,2.14,2.26,2.14,2.26,1435,0
RNWWW.US,5,20211108,153500,2.26,2.26,2.26,2.26,200,0
RNWWW.US,5,20211108,155000,2.26,2.26,2.26,2.26,300,0
RNWWW.US,5,20211108,160000,2.26,2.26,2.26,2.26,600,0
RNWWW.US,5,20211108,161000,2.2356,2.2356,2.2356,2.2356,100,0
RNWWW.US,5,20211108,162000,2.2,2.2,2.2,2.2,100,0
RNWWW.US,5,20211108,174000,2.19,2.19,2.17,2.19,5500,0
RNWWW.US,5,20211108,174500,2.19,2.19,2.19,2.19,4800,0
RNWWW.US,5,20211108,175000,2.18,2.18,2.18,2.18,600,0
RNWWW.US,5,20211108,175500,2.17,2.17,2.15,2.15,4814,0
RNWWW.US,5,20211108,183000,2.19,2.19,2.19,2.19,1400,0
RNWWW.US,5,20211108,190000,2.229,2.229,2.229,2.229,200,0
RNWWW.US,5,20211108,190500,2.2032,2.2032,2.17,2.2032,750,0
RNWWW.US,5,20211108,191500,2.2,2.2,2.2,2.2,2000,0
RNWWW.US,5,20211108,192500,2.17,2.17,2.17,2.17,260,0
RNWWW.US,5,20211108,195000,2.16,2.1635,2.16,2.1635,1800,0
RNWWW.US,5,20211108,201000,2.18,2.18,2.18,2.18,500,0
RNWWW.US,5,20211108,211500,2.1601,2.1601,2.1601,2.1601,100,0
RNWWW.US,5,20211108,213000,2.18,2.2,2.155,2.2,10925,0
RNWWW.US,5,20211109,153000,2.18,2.26,2.18,2.26,2100,0
RNWWW.US,5,20211109,154500,2.2,2.2,2.2,2.2,189,0
RNWWW.US,5,20211109,155500,2.1,2.1,2.1,2.1,300,0
RNWWW.US,5,20211109,160000,2.1,2.13,2.1,2.13,800,0
RNWWW.US,5,20211109,161000,2.14,2.14,2.12,2.13,5120,0
RNWWW.US,5,20211109,161500,2.13,2.13,2.115,2.13,3780,0
RNWWW.US,5,20211109,162000,2.19,2.19,2.19,2.19,200,0
RNWWW.US,5,20211109,165000,2.17,2.17,2.17,2.17,100,0
RNWWW.US,5,20211109,165500,2.1701,2.1707,2.17,2.1707,5582,0
RNWWW.US,5,20211109,170000,2.18,2.18,2.17,2.18,400,0
RNWWW.US,5,20211109,170500,2.2,2.2,2.19,2.19,400,0
RNWWW.US,5,20211109,173000,2.185,2.185,2.185,2.185,100,0
RNWWW.US,5,20211109,174500,2.19,2.1901,2.17,2.17,2250,0
RNWWW.US,5,20211109,181000,2.19,2.19,2.17,2.17,400,0
RNWWW.US,5,20211109,185000,2.195,2.2,2.19,2.19,550,0
RNWWW.US,5,20211109,185500,2.19,2.19,2.19,2.19,100,0
RNWWW.US,5,20211109,192500,2.16,2.19,2.16,2.19,1500,0
RNWWW.US,5,20211109,193000,2.18,2.18,2.14,2.14,1000,0
RNWWW.US,5,20211109,193500,2.16,2.2,2.16,2.2,300,0
RNWWW.US,5,20211109,194500,2.19,2.19,2.19,2.19,200,0
RNWWW.US,5,20211109,195500,2.17,2.18,2.1,2.18,1593,0
RNWWW.US,5,20211109,200000,2.19,2.2,2.18,2.2,1253,0
RNWWW.US,5,20211109,200500,2.195,2.2395,2.195,2.23,4910,0
RNWWW.US,5,20211109,201000,2.19,2.208,2.1408,2.18,3500,0
RNWWW.US,5,20211109,202000,2.14,2.175,2.14,2.14,2000,0
RNWWW.US,5,20211109,205500,2.19,2.2,2.17,2.2,1450,0
RNWWW.US,5,20211109,210000,2.19,2.19,2.19,2.19,800,0
RNWWW.US,5,20211109,210500,2.2002,2.21,2.19,2.2,1950,0
RNWWW.US,5,20211109,211500,2.2,2.2,2.14,2.14,1411,0
RNWWW.US,5,20211109,212000,2.19,2.2,2.19,2.2,411,0
RNWWW.US,5,20211109,213000,2.2,2.21,2.17,2.17,3109,0
RNWWW.US,5,20211109,213500,2.18,2.19,2.165,2.165,400,0
RNWWW.US,5,20211109,214000,2.18,2.18,2.18,2.18,100,0
RNWWW.US,5,20211109,215500,2.155,2.155,2.13,2.14,2304,0
RNWWW.US,5,20211110,160000,2.15,2.15,2.15,2.15,300,0
RNWWW.US,5,20211110,170000,2.1,2.1,2.08,2.0802,1500,0
RNWWW.US,5,20211110,185000,2.0309,2.093,2.0309,2.093,1000,0
RNWWW.US,5,20211110,185500,2.064,2.075,2.03,2.03,2000,0
RNWWW.US,5,20211110,190000,2.0626,2.0628,2.01,2.0209,10334,0
RNWWW.US,5,20211110,190500,2.01,2.035,2,2.02,15250,0
RNWWW.US,5,20211110,191000,2.01,2.01,2.01,2.01,100,0
RNWWW.US,5,20211110,192000,2.05,2.05,2.05,2.05,100,0
RNWWW.US,5,20211110,202000,2.06,2.06,1.96,2.0434,2369,0
RNWWW.US,5,20211110,203000,2.05,2.05,2.05,2.05,100,0
RNWWW.US,5,20211110,204000,2.05,2.0576,2.03,2.03,5800,0
RNWWW.US,5,20211110,214000,2.02,2.04,2.02,2.0334,5538,0
RNWWW.US,5,20211110,214500,2.02,2.048,1.99,2.0206,21366,0
RNWWW.US,5,20211110,215000,2.0204,2.0204,2.0204,2.0204,200,0
RNWWW.US,5,20211110,215500,2.0204,2.036,2,2,1300,0
RNWWW.US,5,20211111,160500,2.0917,2.0917,2.0917,2.0917,350,0
RNWWW.US,5,20211111,162500,2.04,2.04,2.03,2.03,365,0
RNWWW.US,5,20211111,163500,2.04,2.0634,1.99,2.06,18100,0
RNWWW.US,5,20211111,164000,2.04,2.04,2.02,2.04,1900,0
RNWWW.US,5,20211111,164500,2.0644,2.0644,2.04,2.04,2000,0
RNWWW.US,5,20211111,165000,2.04,2.082,2.01,2.02,12400,0
RNWWW.US,5,20211111,165500,2.03,2.065,1.99,2.02,10700,0
RNWWW.US,5,20211111,170000,2.01,2.03,2.01,2.03,1200,0
RNWWW.US,5,20211111,170500,2.04,2.04,2.03,2.04,500,0
RNWWW.US,5,20211111,172500,2.06,2.093,2.02,2.058,4700,0
RNWWW.US,5,20211111,173000,2.02,2.04,1.88,2.04,23895,0
RNWWW.US,5,20211111,173500,2.04,2.04,2.01,2.04,2300,0
RNWWW.US,5,20211111,175000,2.04,2.045,2.04,2.04,17700,0
RNWWW.US,5,20211111,175500,2.0438,2.0438,2.01,2.01,1400,0
RNWWW.US,5,20211111,180000,2.02,2.02,2.01,2.01,600,0
RNWWW.US,5,20211111,180500,2.02,2.03,1.99,2.02,4100,0
RNWWW.US,5,20211111,181000,2.02,2.02,2,2.02,900,0
RNWWW.US,5,20211111,183000,2.02,2.02,2.02,2.02,100,0
RNWWW.US,5,20211111,184000,2.04,2.04,2.04,2.04,500,0
RNWWW.US,5,20211111,185000,2.0281,2.0281,2.0281,2.0281,1700,0
RNWWW.US,5,20211111,191000,2.05,2.05,2.05,2.05,332,0
RNWWW.US,5,20211111,191500,2.08,2.08,2.07,2.07,200,0
RNWWW.US,5,20211111,192000,2.1001,2.1001,2.1,2.1,1000,0
RNWWW.US,5,20211111,200500,2.07,2.07,2.07,2.07,400,0
RNWWW.US,5,20211111,201000,2.07,2.07,2.07,2.07,200,0
RNWWW.US,5,20211111,201500,2.07,2.08,2.07,2.08,400,0
RNWWW.US,5,20211111,202000,2.08,2.08,2.08,2.08,200,0
RNWWW.US,5,20211111,202500,2.07,2.08,2.07,2.08,400,0
RNWWW.US,5,20211111,203000,2.07,2.08,2.07,2.08,200,0
RNWWW.US,5,20211111,203500,2.08,2.08,2.08,2.08,400,0
RNWWW.US,5,20211111,204000,2.08,2.08,2.08,2.08,200,0
RNWWW.US,5,20211111,204500,2.08,2.08,2.07,2.07,400,0
RNWWW.US,5,20211111,205000,2.07,2.08,2.07,2.08,700,0
RNWWW.US,5,20211111,205500,2.07,2.07,2.07,2.07,400,0
RNWWW.US,5,20211111,210000,2.05,2.08,2.05,2.08,400,0
RNWWW.US,5,20211111,210500,2.07,2.08,2.07,2.08,400,0
RNWWW.US,5,20211111,211000,2.07,2.08,2.07,2.08,400,0
RNWWW.US,5,20211111,211500,2.07,2.08,2.07,2.08,400,0
RNWWW.US,5,20211111,212000,2.07,2.08,2.07,2.07,400,0
RNWWW.US,5,20211111,212500,2.07,2.08,2.07,2.07,600,0
RNWWW.US,5,20211111,213000,2.07,2.08,2.07,2.07,1200,0
RNWWW.US,5,20211111,213500,2.07,2.07,2.0316,2.07,1500,0
RNWWW.US,5,20211111,214000,2.08,2.08,2.08,2.08,1400,0
RNWWW.US,5,20211111,214500,2.08,2.08,2.08,2.08,1800,0
