<TICKER>,<PER>,<DATE>,<TIME>,<OPEN>,<HIGH>,<LOW>,<CLOSE>,<VOL>,<OPENINT>
SAFT.US,5,20210922,153000,78.57,78.57,78.57,78.57,716,0
SAFT.US,5,20210922,154000,78.585,78.585,78.585,78.585,126,0
SAFT.US,5,20210922,155500,78.51,78.51,78.51,78.51,100,0
SAFT.US,5,20210922,160000,78.285,78.5,78.285,78.5,468,0
SAFT.US,5,20210922,161000,78.4,78.4,77.9,77.9,642,0
SAFT.US,5,20210922,161500,77.97,77.97,77.97,77.97,100,0
SAFT.US,5,20210922,162500,78.2,78.52,78.16,78.52,300,0
SAFT.US,5,20210922,163500,78.45,78.5,78.45,78.5,500,0
SAFT.US,5,20210922,164500,78.64,78.75,78.59,78.75,400,0
SAFT.US,5,20210922,165000,78.79,78.85,78.79,78.85,200,0
SAFT.US,5,20210922,165500,78.94,79.05,78.94,79.05,509,0
SAFT.US,5,20210922,170000,78.82,78.8845,78.82,78.8845,325,0
SAFT.US,5,20210922,170500,78.85,78.92,78.85,78.92,200,0
SAFT.US,5,20210922,171500,78.93,78.93,78.83,78.83,309,0
SAFT.US,5,20210922,172000,78.83,78.83,78.83,78.83,200,0
SAFT.US,5,20210922,172500,78.89,78.89,78.8,78.8,494,0
SAFT.US,5,20210922,173500,78.78,78.78,78.75,78.75,200,0
SAFT.US,5,20210922,174500,78.77,78.79,78.74,78.74,600,0
SAFT.US,5,20210922,175000,78.85,78.85,78.85,78.85,199,0
SAFT.US,5,20210922,180000,78.84,78.84,78.84,78.84,100,0
SAFT.US,5,20210922,181000,78.86,78.86,78.83,78.83,200,0
SAFT.US,5,20210922,181500,78.88,78.88,78.88,78.88,100,0
SAFT.US,5,20210922,182000,78.875,78.875,78.86,78.86,200,0
SAFT.US,5,20210922,183000,79.01,79.03,79.01,79.03,200,0
SAFT.US,5,20210922,183500,78.85,78.85,78.85,78.85,100,0
SAFT.US,5,20210922,184000,78.95,78.9689,78.95,78.9689,350,0
SAFT.US,5,20210922,184500,78.91,78.91,78.91,78.91,100,0
SAFT.US,5,20210922,185000,78.86,79,78.86,79,300,0
SAFT.US,5,20210922,185500,78.92,78.92,78.85,78.85,300,0
SAFT.US,5,20210922,190000,78.91,78.91,78.86,78.86,200,0
SAFT.US,5,20210922,191000,78.77,78.77,78.71,78.71,200,0
SAFT.US,5,20210922,191500,78.74,78.88,78.74,78.88,300,0
SAFT.US,5,20210922,192000,78.78,78.84,78.78,78.84,200,0
SAFT.US,5,20210922,192500,78.82,78.82,78.82,78.82,100,0
SAFT.US,5,20210922,193500,78.85,79.1,78.85,79.02,800,0
SAFT.US,5,20210922,194000,78.95,78.95,78.95,78.95,200,0
SAFT.US,5,20210922,194500,79,79.1,79,79.02,654,0
SAFT.US,5,20210922,195500,78.91,78.91,78.91,78.91,100,0
SAFT.US,5,20210922,200000,79.22,79.22,78.81,78.81,897,0
SAFT.US,5,20210922,201000,79.28,79.28,79.28,79.28,200,0
SAFT.US,5,20210922,201500,79.16,79.32,79.16,79.32,300,0
SAFT.US,5,20210922,202000,79.13,79.18,79.05,79.05,400,0
SAFT.US,5,20210922,202500,79.03,79.14,79.03,79.14,500,0
SAFT.US,5,20210922,203000,79.1,79.1,78.94,78.94,200,0
SAFT.US,5,20210922,204000,78.94,79.08,78.94,79.08,300,0
SAFT.US,5,20210922,204500,78.91,78.93,78.9,78.93,300,0
SAFT.US,5,20210922,205000,78.82,78.91,78.82,78.82,400,0
SAFT.US,5,20210922,205500,78.94,78.94,78.94,78.94,100,0
SAFT.US,5,20210922,210500,79.05,79.05,79.05,79.05,300,0
SAFT.US,5,20210922,211000,79.145,79.33,79.145,79.33,200,0
SAFT.US,5,20210922,211500,79.27,79.29,79.22,79.22,718,0
SAFT.US,5,20210922,212000,79.18,79.22,79.18,79.22,300,0
SAFT.US,5,20210922,212500,79.2,79.2,79.11,79.11,203,0
SAFT.US,5,20210922,213000,79.02,79.05,78.99,79.05,503,0
SAFT.US,5,20210922,213500,79,79.05,79,79.03,500,0
SAFT.US,5,20210922,214000,78.99,79.11,78.95,78.95,300,0
SAFT.US,5,20210922,214500,79.02,79.06,78.89,78.97,1111,0
SAFT.US,5,20210922,215000,78.8,79,78.47,78.82,2024,0
SAFT.US,5,20210922,215500,78.59,78.81,78.57,78.68,18154,0
SAFT.US,5,20210923,153000,79.11,79.11,79.11,79.11,286,0
SAFT.US,5,20210923,154000,79.45,79.45,79.45,79.45,100,0
SAFT.US,5,20210923,155000,78.63,78.63,78.63,78.63,133,0
SAFT.US,5,20210923,155500,78.63,79.49,78.63,79.49,325,0
SAFT.US,5,20210923,160000,79.5,79.5,79.5,79.5,100,0
SAFT.US,5,20210923,161000,79.35,79.35,79.35,79.35,100,0
SAFT.US,5,20210923,161500,79.35,79.36,79.32,79.32,500,0
SAFT.US,5,20210923,162000,79.195,79.195,79.195,79.195,100,0
SAFT.US,5,20210923,164500,79.07,79.07,79.07,79.07,100,0
SAFT.US,5,20210923,165000,79.2,79.46,79.2,79.46,600,0
SAFT.US,5,20210923,170500,79.35,79.35,79.35,79.35,100,0
SAFT.US,5,20210923,171000,79.3713,79.3713,79.3713,79.3713,250,0
SAFT.US,5,20210923,172500,79.47,79.47,79.365,79.365,488,0
SAFT.US,5,20210923,173000,79.48,79.533,79.48,79.533,700,0
SAFT.US,5,20210923,174000,79.67,79.67,79.42,79.42,200,0
SAFT.US,5,20210923,174500,79.45,79.45,79.45,79.45,457,0
SAFT.US,5,20210923,182000,79.37,79.37,79.37,79.37,100,0
SAFT.US,5,20210923,183000,79.23,79.23,79.14,79.14,400,0
SAFT.US,5,20210923,183500,79.07,79.07,79.07,79.07,472,0
SAFT.US,5,20210923,184000,78.92,78.92,78.89,78.89,200,0
SAFT.US,5,20210923,184500,78.89,78.89,78.89,78.89,206,0
SAFT.US,5,20210923,190500,79.06,79.06,79.06,79.06,200,0
SAFT.US,5,20210923,192000,79.1,79.105,79.1,79.105,400,0
SAFT.US,5,20210923,192500,79.115,79.115,79.115,79.115,139,0
SAFT.US,5,20210923,193000,79.2,79.2,79.2,79.2,300,0
SAFT.US,5,20210923,193500,79.21,79.21,79.21,79.21,100,0
SAFT.US,5,20210923,194000,79.22,79.35,79.22,79.35,1300,0
SAFT.US,5,20210923,195000,79.21,79.21,79.21,79.21,100,0
SAFT.US,5,20210923,195500,79.38,79.38,79.32,79.32,200,0
SAFT.US,5,20210923,200500,79.4052,79.4052,79.4052,79.4052,600,0
SAFT.US,5,20210923,201000,79.46,79.46,79.46,79.46,100,0
SAFT.US,5,20210923,202000,79.395,79.415,79.395,79.415,298,0
SAFT.US,5,20210923,202500,79.36,79.36,79.36,79.36,283,0
SAFT.US,5,20210923,203500,79.31,79.31,79.31,79.31,100,0
SAFT.US,5,20210923,204500,79.21,79.21,79.21,79.21,100,0
SAFT.US,5,20210923,205500,79.35,79.389,79.35,79.389,500,0
SAFT.US,5,20210923,210000,79.4,79.4,79.4,79.4,400,0
SAFT.US,5,20210923,210500,79.29,79.29,79.15,79.15,694,0
SAFT.US,5,20210923,211500,78.77,78.77,78.77,78.77,500,0
SAFT.US,5,20210923,212000,78.92,78.92,78.92,78.92,100,0
SAFT.US,5,20210923,213000,78.95,78.95,78.88,78.88,500,0
SAFT.US,5,20210923,213500,78.87,78.87,78.76,78.76,200,0
SAFT.US,5,20210923,214000,78.84,78.89,78.78,78.89,500,0
SAFT.US,5,20210923,214500,78.79,78.88,78.69,78.69,600,0
SAFT.US,5,20210923,215000,78.51,78.56,78.32,78.32,1462,0
SAFT.US,5,20210923,215500,78.36,78.51,78.32,78.43,15332,0
SAFT.US,5,20210924,153000,78.6,78.6,78.6,78.6,1150,0
SAFT.US,5,20210924,154500,78.66,78.66,78.61,78.61,200,0
SAFT.US,5,20210924,155000,79,79.07,79,79.07,200,0
SAFT.US,5,20210924,155500,79.12,79.3,79.12,79.3,302,0
SAFT.US,5,20210924,161000,79.295,79.295,79.295,79.295,126,0
SAFT.US,5,20210924,162500,79.42,79.42,79.42,79.42,100,0
SAFT.US,5,20210924,163500,79.64,79.64,79.64,79.64,100,0
SAFT.US,5,20210924,164000,79.52,79.52,79.52,79.52,100,0
SAFT.US,5,20210924,164500,79.6,79.6,79.35,79.35,313,0
SAFT.US,5,20210924,170000,79.63,79.68,79.63,79.68,200,0
SAFT.US,5,20210924,171000,79.76,79.76,79.43,79.43,298,0
SAFT.US,5,20210924,172000,79.55,79.55,79.55,79.55,635,0
SAFT.US,5,20210924,173000,79.3275,79.3275,79.3275,79.3275,100,0
SAFT.US,5,20210924,175000,79.48,79.48,79.48,79.48,200,0
SAFT.US,5,20210924,181500,79.28,79.32,79.28,79.32,300,0
SAFT.US,5,20210924,182500,79.27,79.27,79.14,79.14,314,0
SAFT.US,5,20210924,190000,79.12,79.12,79.12,79.12,250,0
SAFT.US,5,20210924,190500,79.03,79.08,79.03,79.08,200,0
SAFT.US,5,20210924,192500,78.86,78.86,78.86,78.86,100,0
SAFT.US,5,20210924,193500,78.99,79.1,78.99,79.1,200,0
SAFT.US,5,20210924,204000,79.2,79.46,79.075,79.46,1000,0
SAFT.US,5,20210924,210000,79.16,79.16,79.13,79.13,348,0
SAFT.US,5,20210924,210500,79.11,79.11,79.03,79.03,200,0
SAFT.US,5,20210924,211000,79.14,79.14,79.14,79.14,100,0
SAFT.US,5,20210924,211500,79.22,79.22,79.22,79.22,100,0
SAFT.US,5,20210924,212000,79.24,79.31,79.24,79.26,300,0
SAFT.US,5,20210924,213000,79.26,79.26,79.26,79.26,100,0
SAFT.US,5,20210924,213500,79.33,79.33,79.05,79.05,1284,0
SAFT.US,5,20210924,214000,79.155,79.19,79.13,79.145,400,0
SAFT.US,5,20210924,214500,79.145,79.215,79.08,79.08,2100,0
SAFT.US,5,20210924,215000,79.07,79.115,78.97,78.98,2600,0
SAFT.US,5,20210924,215500,78.85,78.85,78.7,78.71,13168,0
SAFT.US,5,20210927,153000,79.38,79.38,79.38,79.38,1052,0
SAFT.US,5,20210927,154000,79.46,79.74,79.46,79.74,400,0
SAFT.US,5,20210927,160000,79.81,79.81,79.81,79.81,102,0
SAFT.US,5,20210927,160500,79.645,79.82,79.42,79.605,1000,0
SAFT.US,5,20210927,161000,79.655,79.77,79.65,79.655,1400,0
SAFT.US,5,20210927,161500,79.82,80.4099,79.78,80.18,800,0
SAFT.US,5,20210927,163500,80.19,80.24,80.19,80.24,300,0
SAFT.US,5,20210927,171000,80.27,80.27,80.27,80.27,100,0
SAFT.US,5,20210927,173000,80.12,80.1706,80.12,80.1706,475,0
SAFT.US,5,20210927,173500,80.355,80.355,80.355,80.355,100,0
SAFT.US,5,20210927,174500,80.365,80.365,80.365,80.365,100,0
SAFT.US,5,20210927,175000,80.31,80.31,80.31,80.31,100,0
SAFT.US,5,20210927,181500,80.24,80.24,80.24,80.24,1000,0
SAFT.US,5,20210927,182000,80,80.27,80,80.27,600,0
SAFT.US,5,20210927,184000,80.45,80.45,80.45,80.45,100,0
SAFT.US,5,20210927,184500,80.4,80.41,80.33,80.33,400,0
SAFT.US,5,20210927,185000,80.45,80.45,80.45,80.45,100,0
SAFT.US,5,20210927,191500,80.32,80.32,80.32,80.32,100,0
SAFT.US,5,20210927,193500,80.49,80.5,80.44,80.5,500,0
SAFT.US,5,20210927,194500,80.41,80.41,80.41,80.41,100,0
SAFT.US,5,20210927,200000,80.53,80.53,80.53,80.53,183,0
SAFT.US,5,20210927,200500,80.52,80.53,80.52,80.53,300,0
SAFT.US,5,20210927,201000,80.59,80.59,80.59,80.59,100,0
SAFT.US,5,20210927,201500,80.495,80.575,80.495,80.575,300,0
SAFT.US,5,20210927,202000,80.5,80.5,80.5,80.5,100,0
SAFT.US,5,20210927,203500,80.63,80.63,80.63,80.63,100,0
SAFT.US,5,20210927,204000,80.39,80.39,80.33,80.33,300,0
SAFT.US,5,20210927,204500,80.35,80.35,80.35,80.35,100,0
SAFT.US,5,20210927,205000,80.4012,80.4012,80.4012,80.4012,100,0
SAFT.US,5,20210927,210000,80.46,80.508,80.34,80.508,300,0
SAFT.US,5,20210927,210500,80.47,80.62,80.47,80.62,473,0
SAFT.US,5,20210927,211000,80.62,80.62,80.62,80.62,100,0
SAFT.US,5,20210927,211500,80.485,80.485,80.4,80.4,200,0
SAFT.US,5,20210927,212000,80.57,80.57,80.57,80.57,100,0
SAFT.US,5,20210927,212500,80.41,80.41,80.4,80.4,200,0
SAFT.US,5,20210927,213000,80.48,80.48,80.48,80.48,100,0
SAFT.US,5,20210927,213500,80.51,80.53,80.465,80.47,500,0
SAFT.US,5,20210927,214000,80.37,80.48,80.37,80.48,700,0
SAFT.US,5,20210927,214500,80.37,80.37,80.37,80.37,200,0
SAFT.US,5,20210927,215000,80.3,80.3,80.095,80.24,2286,0
SAFT.US,5,20210927,215500,80.06,80.2,79.99,79.99,17647,0
SAFT.US,5,20210928,153000,80.16,80.16,80.16,80.16,522,0
SAFT.US,5,20210928,160000,79.9055,79.9055,79.9055,79.9055,700,0
SAFT.US,5,20210928,161000,79.7,79.7,79.7,79.7,300,0
SAFT.US,5,20210928,162500,79.3101,79.3101,79.3101,79.3101,300,0
SAFT.US,5,20210928,163000,79.545,79.545,79.545,79.545,100,0
SAFT.US,5,20210928,164500,79.37,79.37,79.37,79.37,100,0
SAFT.US,5,20210928,165500,79.37,79.37,79.37,79.37,100,0
SAFT.US,5,20210928,171000,79.19,79.19,79.15,79.15,200,0
SAFT.US,5,20210928,174500,79.2,79.2,79.2,79.2,300,0
SAFT.US,5,20210928,180500,78.85,78.85,78.72,78.72,524,0
SAFT.US,5,20210928,183500,78.6,78.6,78.6,78.6,400,0
SAFT.US,5,20210928,193500,78.87,78.87,78.76,78.76,630,0
SAFT.US,5,20210928,195500,78.66,78.66,78.66,78.66,100,0
SAFT.US,5,20210928,200000,78.85,78.85,78.85,78.85,299,0
SAFT.US,5,20210928,201000,78.65,78.65,78.65,78.65,100,0
SAFT.US,5,20210928,201500,78.74,78.74,78.74,78.74,200,0
SAFT.US,5,20210928,204000,78.89,78.89,78.89,78.89,100,0
SAFT.US,5,20210928,205000,79.07,79.07,79.07,79.07,100,0
SAFT.US,5,20210928,210500,79.12,79.155,79.12,79.155,200,0
SAFT.US,5,20210928,212000,79.06,79.06,79.06,79.06,100,0
SAFT.US,5,20210928,212500,78.93,78.93,78.93,78.93,200,0
SAFT.US,5,20210928,213500,78.77,78.825,78.74,78.825,600,0
SAFT.US,5,20210928,214000,78.86,78.86,78.86,78.86,200,0
SAFT.US,5,20210928,214500,78.81,78.81,78.8,78.8,300,0
SAFT.US,5,20210928,215000,78.67,78.67,78.67,78.67,100,0
SAFT.US,5,20210928,215500,78.67,78.87,78.65,78.87,10780,0
SAFT.US,5,20210929,153000,78.88,79.395,78.88,79.3342,794,0
SAFT.US,5,20210929,155500,79.6999,79.6999,79.6999,79.6999,140,0
SAFT.US,5,20210929,160500,79.28,79.28,78.95,78.95,713,0
SAFT.US,5,20210929,162000,79.29,79.57,79.29,79.44,1100,0
SAFT.US,5,20210929,163500,79.67,79.67,79.67,79.67,100,0
SAFT.US,5,20210929,164500,79.99,79.99,79.64,79.64,400,0
SAFT.US,5,20210929,165000,79.59,79.59,79.59,79.59,100,0
SAFT.US,5,20210929,171500,79.15,79.15,79.15,79.15,100,0
SAFT.US,5,20210929,173500,79.32,79.49,79.32,79.49,200,0
SAFT.US,5,20210929,174000,79.71,79.72,79.71,79.72,200,0
SAFT.US,5,20210929,180000,79.76,79.76,79.76,79.76,100,0
SAFT.US,5,20210929,181000,79.87,79.89,79.6,79.61,490,0
SAFT.US,5,20210929,182500,79.59,79.59,79.59,79.59,140,0
SAFT.US,5,20210929,184000,79.72,79.72,79.58,79.58,200,0
SAFT.US,5,20210929,190500,79.8,79.8,79.8,79.8,200,0
SAFT.US,5,20210929,193000,80.1904,80.1904,80.1904,80.1904,299,0
SAFT.US,5,20210929,194000,79.94,79.94,79.94,79.94,100,0
SAFT.US,5,20210929,195000,79.835,79.835,79.835,79.835,100,0
SAFT.US,5,20210929,195500,79.95,79.95,79.83,79.88,400,0
SAFT.US,5,20210929,200500,79.82,79.82,79.82,79.82,100,0
SAFT.US,5,20210929,201500,79.87,79.87,79.87,79.87,100,0
SAFT.US,5,20210929,202000,79.74,79.74,79.74,79.74,100,0
SAFT.US,5,20210929,202500,79.61,79.61,79.61,79.61,100,0
SAFT.US,5,20210929,203000,79.85,79.88,79.85,79.88,305,0
SAFT.US,5,20210929,204000,80.015,80.015,80.01,80.01,200,0
SAFT.US,5,20210929,205000,79.89,79.89,79.89,79.89,100,0
SAFT.US,5,20210929,210000,79.9419,79.9419,79.885,79.885,525,0
SAFT.US,5,20210929,211000,79.845,79.845,79.75,79.75,250,0
SAFT.US,5,20210929,211500,79.87,79.96,79.87,79.96,200,0
SAFT.US,5,20210929,212500,79.97,79.97,79.89,79.89,400,0
SAFT.US,5,20210929,213000,79.975,79.975,79.97,79.97,300,0
SAFT.US,5,20210929,213500,79.98,79.98,79.89,79.89,300,0
SAFT.US,5,20210929,214000,79.78,79.88,79.78,79.88,300,0
SAFT.US,5,20210929,214500,79.83,79.9,79.82,79.895,900,0
SAFT.US,5,20210929,215000,79.75,79.77,79.54,79.77,1903,0
SAFT.US,5,20210929,215500,79.73,79.83,79.62,79.62,19155,0
SAFT.US,5,20210930,153000,80.15,80.15,80.15,80.15,475,0
SAFT.US,5,20210930,153500,79.27,79.27,79.27,79.27,100,0
SAFT.US,5,20210930,154000,79.96,79.96,79.32,79.32,200,0
SAFT.US,5,20210930,161500,79.6,79.6,79.6,79.6,100,0
SAFT.US,5,20210930,163000,79.68,79.68,79.68,79.68,100,0
SAFT.US,5,20210930,163500,79.95,80.01,79.95,80.01,1249,0
SAFT.US,5,20210930,164000,80.06,80.18,80.05,80.09,500,0
SAFT.US,5,20210930,164500,80.08,80.13,80.05,80.13,400,0
SAFT.US,5,20210930,171000,79.93,79.955,79.93,79.955,200,0
SAFT.US,5,20210930,174500,79.64,79.71,79.64,79.71,300,0
SAFT.US,5,20210930,175500,79.795,79.795,79.795,79.795,200,0
SAFT.US,5,20210930,180500,79.62,79.66,79.62,79.66,200,0
SAFT.US,5,20210930,182000,79.55,79.55,79.55,79.55,200,0
SAFT.US,5,20210930,183000,79.29,79.35,79.29,79.35,450,0
SAFT.US,5,20210930,192500,79.45,79.45,79.37,79.37,400,0
SAFT.US,5,20210930,193000,79.37,79.37,79.37,79.37,100,0
SAFT.US,5,20210930,193500,79.285,79.285,79.285,79.285,100,0
SAFT.US,5,20210930,194500,79.45,79.48,79.35,79.35,500,0
SAFT.US,5,20210930,195500,79.33,79.33,79.33,79.33,100,0
SAFT.US,5,20210930,201000,79.45,79.59,79.45,79.59,600,0
SAFT.US,5,20210930,201500,79.64,79.64,79.43,79.43,300,0
SAFT.US,5,20210930,204000,79.82,79.82,79.82,79.82,100,0
SAFT.US,5,20210930,210000,79.5727,79.615,79.51,79.51,1034,0
SAFT.US,5,20210930,211500,79.64,79.795,79.61,79.64,1000,0
SAFT.US,5,20210930,212500,79.54,79.59,79.42,79.42,532,0
SAFT.US,5,20210930,213000,79.61,79.61,79.61,79.61,200,0
SAFT.US,5,20210930,214000,79.6,79.6,79.5,79.535,625,0
SAFT.US,5,20210930,214500,79.48,79.48,79.37,79.455,1200,0
SAFT.US,5,20210930,215000,79.33,79.4,79.195,79.39,1332,0
SAFT.US,5,20210930,215500,79.265,79.44,79.09,79.25,16702,0
SAFT.US,5,20211001,153000,79.49,79.49,79.49,79.49,504,0
SAFT.US,5,20211001,154500,79.935,79.935,79.935,79.935,100,0
SAFT.US,5,20211001,160000,79.785,79.785,79.785,79.785,109,0
SAFT.US,5,20211001,161500,79.21,79.25,79.21,79.25,200,0
SAFT.US,5,20211001,162000,79.35,79.35,79.2,79.2,913,0
SAFT.US,5,20211001,163500,78.95,78.95,78.95,78.95,200,0
SAFT.US,5,20211001,165500,79.04,79.04,79.04,79.04,100,0
SAFT.US,5,20211001,171500,79.63,79.63,79.39,79.39,800,0
SAFT.US,5,20211001,172000,79.46,79.46,79.46,79.46,100,0
SAFT.US,5,20211001,174000,79.77,79.77,79.77,79.77,100,0
SAFT.US,5,20211001,174500,79.91,79.96,79.835,79.96,800,0
SAFT.US,5,20211001,175000,79.92,80.08,79.92,80.08,300,0
SAFT.US,5,20211001,175500,79.98,80.01,79.98,80.01,400,0
SAFT.US,5,20211001,180000,79.967,79.967,79.967,79.967,150,0
SAFT.US,5,20211001,180500,80.04,80.04,80.04,80.04,102,0
SAFT.US,5,20211001,181000,79.91,79.9783,79.86,79.86,665,0
SAFT.US,5,20211001,181500,79.8117,79.8117,79.8117,79.8117,600,0
SAFT.US,5,20211001,183000,79.87,79.94,79.7234,79.94,600,0
SAFT.US,5,20211001,184000,79.95,80.01,79.95,79.95,500,0
SAFT.US,5,20211001,184500,79.98,79.99,79.97,79.97,400,0
SAFT.US,5,20211001,185000,79.95,79.95,79.95,79.95,100,0
SAFT.US,5,20211001,185500,79.96,79.96,79.95,79.95,399,0
SAFT.US,5,20211001,190000,79.93,79.93,79.89,79.89,500,0
SAFT.US,5,20211001,190500,80.03,80.03,80.03,80.03,100,0
SAFT.US,5,20211001,192000,80.05,80.13,80.03,80.13,600,0
SAFT.US,5,20211001,192500,80.33,80.33,80.07,80.07,500,0
SAFT.US,5,20211001,193000,80.045,80.045,80.045,80.045,100,0
SAFT.US,5,20211001,194500,80.22,80.3,80.16,80.195,800,0
SAFT.US,5,20211001,195500,80.3,80.3,80.2027,80.2027,355,0
SAFT.US,5,20211001,200500,80.31,80.42,80.31,80.42,500,0
SAFT.US,5,20211001,201000,80.42,80.42,80.42,80.42,100,0
SAFT.US,5,20211001,202000,80.4707,80.4707,80.39,80.39,440,0
SAFT.US,5,20211001,203000,80.65,80.65,80.65,80.65,100,0
SAFT.US,5,20211001,204000,80.59,80.6,80.57,80.57,800,0
SAFT.US,5,20211001,205000,80.29,80.29,80.29,80.29,100,0
SAFT.US,5,20211001,205500,80.37,80.37,80.37,80.37,203,0
SAFT.US,5,20211001,210000,80.4,80.4,80.4,80.4,100,0
SAFT.US,5,20211001,210500,80.35,80.35,80.35,80.35,100,0
SAFT.US,5,20211001,211500,80.44,80.46,80.27,80.27,1100,0
SAFT.US,5,20211001,212500,80.39,80.39,80.31,80.33,300,0
SAFT.US,5,20211001,213000,80.28,80.28,80.16,80.22,400,0
SAFT.US,5,20211001,213500,80.14,80.18,80.13,80.13,771,0
SAFT.US,5,20211001,214000,80.045,80.13,80.045,80.13,300,0
SAFT.US,5,20211001,214500,80.06,80.06,79.88,79.92,1090,0
SAFT.US,5,20211001,215000,79.92,80.18,79.89,80.1,1781,0
SAFT.US,5,20211001,215500,79.84,80.09,79.73,80.09,22526,0
SAFT.US,5,20211004,153000,79.93,79.93,79.93,79.93,452,0
SAFT.US,5,20211004,153500,80.17,80.17,80.17,80.17,100,0
SAFT.US,5,20211004,155500,80.12,80.12,80.12,80.12,200,0
SAFT.US,5,20211004,160000,80.04,80.04,80.04,80.04,100,0
SAFT.US,5,20211004,161000,80.25,80.25,80.25,80.25,100,0
SAFT.US,5,20211004,161500,79.9953,79.9953,79.9953,79.9953,300,0
SAFT.US,5,20211004,162000,80.1,80.1,80.1,80.1,200,0
SAFT.US,5,20211004,162500,79.98,79.98,79.86,79.86,300,0
SAFT.US,5,20211004,164000,79.62,79.62,79.62,79.62,100,0
SAFT.US,5,20211004,164500,79.85,79.85,79.75,79.75,200,0
SAFT.US,5,20211004,165000,79.71,79.71,79.55,79.595,400,0
SAFT.US,5,20211004,165500,79.61,79.61,79.61,79.61,100,0
SAFT.US,5,20211004,170000,79.53,79.53,79.53,79.53,100,0
SAFT.US,5,20211004,171000,79.6,79.6,79.45,79.45,1331,0
SAFT.US,5,20211004,172000,79.56,79.56,79.43,79.43,400,0
SAFT.US,5,20211004,172500,79.5,79.53,79.32,79.42,500,0
SAFT.US,5,20211004,180000,79.27,79.27,79.27,79.27,100,0
SAFT.US,5,20211004,180500,79.45,79.45,79.45,79.45,100,0
SAFT.US,5,20211004,181500,79.71,79.71,79.71,79.71,100,0
SAFT.US,5,20211004,182500,79.66,79.84,79.65,79.67,900,0
SAFT.US,5,20211004,183000,79.49,79.49,79.49,79.49,100,0
SAFT.US,5,20211004,183500,79.48,79.58,79.28,79.48,600,0
SAFT.US,5,20211004,185000,79.55,79.56,79.55,79.55,500,0
SAFT.US,5,20211004,185500,79.59,79.59,79.59,79.59,100,0
SAFT.US,5,20211004,190000,79.59,79.59,79.33,79.33,400,0
SAFT.US,5,20211004,190500,79.37,79.37,79.37,79.37,100,0
SAFT.US,5,20211004,191000,79.4,79.46,79.4,79.46,300,0
SAFT.US,5,20211004,192000,79.64,79.64,79.64,79.64,100,0
SAFT.US,5,20211004,192500,79.58,79.58,79.58,79.58,100,0
SAFT.US,5,20211004,193500,79.55,79.59,79.55,79.59,400,0
SAFT.US,5,20211004,200000,79.53,79.53,79.53,79.53,100,0
SAFT.US,5,20211004,201500,79.45,79.45,79.45,79.45,100,0
SAFT.US,5,20211004,202000,79.41,79.41,79.41,79.41,100,0
SAFT.US,5,20211004,202500,79.46,79.46,79.46,79.46,100,0
SAFT.US,5,20211004,203000,79.49,79.49,79.32,79.33,657,0
SAFT.US,5,20211004,203500,79.37,79.37,79.37,79.37,100,0
SAFT.US,5,20211004,204500,79.45,79.45,79.27,79.27,780,0
SAFT.US,5,20211004,205000,79.42,79.42,79.375,79.375,300,0
SAFT.US,5,20211004,205500,79.37,79.37,79.2,79.28,500,0
SAFT.US,5,20211004,210000,79.34,79.35,79.34,79.34,478,0
SAFT.US,5,20211004,210500,79.3448,79.3448,79.28,79.28,366,0
SAFT.US,5,20211004,211000,79.27,79.36,79.27,79.36,200,0
SAFT.US,5,20211004,211500,79.5,79.5,79.5,79.5,100,0
SAFT.US,5,20211004,212500,79.29,79.29,79.29,79.29,100,0
SAFT.US,5,20211004,213000,79.41,79.49,79.41,79.49,500,0
SAFT.US,5,20211004,213500,79.62,79.62,79.45,79.45,573,0
SAFT.US,5,20211004,214000,79.69,79.69,79.62,79.62,200,0
SAFT.US,5,20211004,214500,79.56,79.56,79.41,79.41,600,0
SAFT.US,5,20211004,215000,79.39,79.39,79.18,79.18,900,0
SAFT.US,5,20211004,215500,79.17,79.39,79.15,79.18,12045,0
SAFT.US,5,20211005,153000,79.54,80.165,79.54,80.165,975,0
SAFT.US,5,20211005,153500,79.53,79.53,79.3,79.3,200,0
SAFT.US,5,20211005,155000,79.36,79.36,79.36,79.36,100,0
SAFT.US,5,20211005,155500,79.3571,79.3571,79.35,79.35,220,0
SAFT.US,5,20211005,160500,79.225,79.225,79.225,79.225,100,0
SAFT.US,5,20211005,161000,79.235,79.36,79.235,79.36,200,0
SAFT.US,5,20211005,161500,79.29,79.29,79.25,79.25,200,0
SAFT.US,5,20211005,162000,79.38,79.43,79.14,79.14,700,0
SAFT.US,5,20211005,162500,79.29,79.29,79.18,79.18,300,0
SAFT.US,5,20211005,163000,79.41,79.635,79.41,79.55,400,0
SAFT.US,5,20211005,163500,79.55,79.55,79.55,79.55,300,0
SAFT.US,5,20211005,165000,79.28,79.29,79.22,79.29,400,0
SAFT.US,5,20211005,165500,79.23,79.23,79.12,79.12,200,0
SAFT.US,5,20211005,170500,79.13,79.13,79.13,79.13,100,0
SAFT.US,5,20211005,171000,79.3663,79.3663,79.13,79.13,500,0
SAFT.US,5,20211005,171500,79.295,79.295,79.13,79.2706,400,0
SAFT.US,5,20211005,172000,79.14,79.31,78.94,79.205,2650,0
SAFT.US,5,20211005,173500,79.03,79.03,79.03,79.03,100,0
SAFT.US,5,20211005,174000,79.01,79.17,78.75,79.03,2168,0
SAFT.US,5,20211005,175000,79.085,79.3,79.085,79.21,400,0
SAFT.US,5,20211005,180000,79.24,79.49,79.24,79.375,400,0
SAFT.US,5,20211005,180500,79.499,79.499,79.499,79.499,100,0
SAFT.US,5,20211005,181000,79.41,79.41,79.37,79.37,300,0
SAFT.US,5,20211005,182000,79.37,79.37,78.88,79,1247,0
SAFT.US,5,20211005,182500,79,79.0472,79,79.0472,220,0
SAFT.US,5,20211005,183000,79.0396,79.0396,79.0396,79.0396,180,0
SAFT.US,5,20211005,184000,79.08,79.08,79.075,79.075,200,0
SAFT.US,5,20211005,184500,79.24,79.24,79.24,79.24,200,0
SAFT.US,5,20211005,190000,79.325,79.51,79.325,79.51,500,0
SAFT.US,5,20211005,190500,79.47,79.47,79.47,79.47,100,0
SAFT.US,5,20211005,191000,79.34,79.34,79.34,79.34,100,0
SAFT.US,5,20211005,192000,79.37,79.68,79.37,79.67,815,0
SAFT.US,5,20211005,193000,79.48,79.48,79.48,79.48,100,0
SAFT.US,5,20211005,193500,79.565,79.7,79.565,79.7,500,0
SAFT.US,5,20211005,194500,79.78,79.78,79.74,79.74,300,0
SAFT.US,5,20211005,200000,79.8,79.8,79.8,79.8,100,0
SAFT.US,5,20211005,201000,79.83,79.85,79.76,79.84,502,0
SAFT.US,5,20211005,202000,79.95,79.95,79.95,79.95,860,0
SAFT.US,5,20211005,203000,80.03,80.03,80.015,80.015,200,0
SAFT.US,5,20211005,205000,80.17,80.22,80.15,80.22,500,0
SAFT.US,5,20211005,205500,80.22,80.22,80.16,80.16,200,0
SAFT.US,5,20211005,210000,80.14,80.14,80.07,80.1,400,0
SAFT.US,5,20211005,210500,80.095,80.095,80.095,80.095,200,0
SAFT.US,5,20211005,211000,80.16,80.17,80.16,80.17,200,0
SAFT.US,5,20211005,211500,80.2,80.2,80.2,80.2,150,0
SAFT.US,5,20211005,212500,80.27,80.32,80.2,80.32,800,0
SAFT.US,5,20211005,213000,80.37,80.47,80.37,80.47,500,0
SAFT.US,5,20211005,213500,80.53,80.56,80.46,80.56,600,0
SAFT.US,5,20211005,214000,80.555,80.555,80.5,80.5,200,0
SAFT.US,5,20211005,214500,80.415,80.415,80.415,80.415,100,0
SAFT.US,5,20211005,215000,80.2,80.2,79.82,80.14,2103,0
SAFT.US,5,20211005,215500,80.06,80.06,79.91,79.91,18725,0
SAFT.US,5,20211006,153000,79.53,79.53,78.82,78.82,449,0
SAFT.US,5,20211006,153500,79.765,79.765,79.1049,79.1049,251,0
SAFT.US,5,20211006,160000,79.891,79.891,79.891,79.891,100,0
SAFT.US,5,20211006,160500,79.38,79.38,79.38,79.38,100,0
SAFT.US,5,20211006,163000,79.66,79.66,79.11,79.32,1200,0
SAFT.US,5,20211006,164000,79.22,79.23,79.22,79.23,200,0
SAFT.US,5,20211006,164500,79.06,79.31,79.06,79.31,200,0
SAFT.US,5,20211006,170000,79.265,79.57,79.265,79.34,700,0
SAFT.US,5,20211006,170500,79.38,79.48,79.38,79.48,300,0
SAFT.US,5,20211006,171000,79.3,79.34,79.3,79.34,400,0
SAFT.US,5,20211006,171500,79.42,79.55,79.42,79.55,2150,0
SAFT.US,5,20211006,172500,79.57,79.58,79.56,79.56,300,0
SAFT.US,5,20211006,173000,79.45,79.45,79.45,79.45,100,0
SAFT.US,5,20211006,175000,79.24,79.24,79.24,79.24,100,0
SAFT.US,5,20211006,175500,79.55,79.55,79.45,79.45,400,0
SAFT.US,5,20211006,181000,79.27,79.27,79.26,79.26,300,0
SAFT.US,5,20211006,190500,79.25,79.25,79.25,79.25,100,0
SAFT.US,5,20211006,191500,79.21,79.21,79.21,79.21,100,0
SAFT.US,5,20211006,192000,79.21,79.29,79.19,79.2,600,0
SAFT.US,5,20211006,192500,79.35,79.4,79.35,79.39,826,0
SAFT.US,5,20211006,193000,79.46,79.46,79.45,79.45,200,0
SAFT.US,5,20211006,193500,79.64,79.925,79.595,79.925,500,0
SAFT.US,5,20211006,194500,79.75,79.84,79.75,79.84,200,0
SAFT.US,5,20211006,195000,79.72,79.72,79.72,79.72,100,0
SAFT.US,5,20211006,200000,79.81,79.83,79.81,79.83,300,0
SAFT.US,5,20211006,200500,80.03,80.03,80.03,80.03,100,0
SAFT.US,5,20211006,204500,79.93,79.93,79.93,79.93,154,0
SAFT.US,5,20211006,205000,80.18,80.25,80.16,80.25,600,0
SAFT.US,5,20211006,210000,80.12,80.22,80.11,80.22,401,0
SAFT.US,5,20211006,210500,80.22,80.22,80.22,80.22,200,0
SAFT.US,5,20211006,211000,80.32,80.34,80.31,80.34,400,0
SAFT.US,5,20211006,212500,80.465,80.65,80.465,80.65,200,0
SAFT.US,5,20211006,213000,80.36,80.36,80.36,80.36,100,0
SAFT.US,5,20211006,213500,80.49,80.49,80.49,80.49,200,0
SAFT.US,5,20211006,214000,80.485,80.57,80.42,80.57,900,0
SAFT.US,5,20211006,214500,80.74,80.8,80.68,80.7,1200,0
SAFT.US,5,20211006,215000,80.57,80.57,80.3,80.52,1200,0
SAFT.US,5,20211006,215500,80.29,80.84,80.29,80.65,16311,0
SAFT.US,5,20211007,153000,81.19,81.19,80.88,81.11,669,0
SAFT.US,5,20211007,153500,80.86,80.86,80.62,80.62,1500,0
SAFT.US,5,20211007,154000,80.93,81.09,80.6545,80.6545,800,0
SAFT.US,5,20211007,154500,80.85,80.85,80.85,80.85,100,0
SAFT.US,5,20211007,160500,80.88,80.93,80.88,80.93,200,0
SAFT.US,5,20211007,161500,81,81,81,81,100,0
SAFT.US,5,20211007,162000,81.12,81.12,81.06,81.06,200,0
SAFT.US,5,20211007,163000,81.15,81.15,81.15,81.15,300,0
SAFT.US,5,20211007,163500,81.0301,81.07,81.02,81.02,500,0
SAFT.US,5,20211007,164000,80.9,80.9,80.9,80.9,100,0
SAFT.US,5,20211007,170000,80.91,80.91,80.91,80.91,100,0
SAFT.US,5,20211007,173500,81.12,81.12,81.12,81.12,100,0
SAFT.US,5,20211007,174000,81.04,81.04,80.91,80.98,300,0
SAFT.US,5,20211007,175000,81.21,81.21,81.21,81.21,100,0
SAFT.US,5,20211007,184500,81.1,81.1,81.1,81.1,100,0
SAFT.US,5,20211007,185000,81.18,81.27,81.18,81.27,200,0
SAFT.US,5,20211007,185500,81.29,81.29,81.29,81.29,100,0
SAFT.US,5,20211007,190000,81.2,81.22,81.2,81.22,200,0
SAFT.US,5,20211007,191500,81.37,81.37,81.37,81.37,100,0
SAFT.US,5,20211007,192500,81.5,81.5,81.27,81.27,450,0
SAFT.US,5,20211007,193500,81.41,81.41,81.41,81.41,100,0
SAFT.US,5,20211007,194000,81.51,81.51,81.51,81.51,100,0
SAFT.US,5,20211007,195000,81.5,81.54,81.5,81.54,865,0
SAFT.US,5,20211007,195500,81.5,81.5,81.48,81.48,500,0
SAFT.US,5,20211007,201500,81.34,81.34,81.25,81.25,400,0
SAFT.US,5,20211007,203500,81.2,81.2,81.08,81.08,300,0
SAFT.US,5,20211007,210000,80.89,81.075,80.89,81.075,200,0
SAFT.US,5,20211007,210500,80.9,80.9,80.84,80.84,500,0
SAFT.US,5,20211007,211000,80.695,80.695,80.695,80.695,928,0
SAFT.US,5,20211007,211500,80.87,80.87,80.87,80.87,100,0
SAFT.US,5,20211007,212500,81.115,81.115,80.97,81.09,400,0
SAFT.US,5,20211007,213000,81.0235,81.0235,81.0235,81.0235,413,0
SAFT.US,5,20211007,213500,80.96,81.02,80.945,81.02,300,0
SAFT.US,5,20211007,214000,80.86,80.86,80.74,80.74,500,0
SAFT.US,5,20211007,214500,80.86,80.89,80.825,80.825,1600,0
SAFT.US,5,20211007,215000,80.9,81.05,80.88,81.03,2729,0
SAFT.US,5,20211007,215500,81.025,81.12,80.88,81.11,12721,0
SAFT.US,5,20211008,153000,81.11,81.11,81.11,81.11,224,0
SAFT.US,5,20211008,154000,80.61,80.61,80.61,80.61,100,0
SAFT.US,5,20211008,155000,81.08,81.36,80.33,80.96,1000,0
SAFT.US,5,20211008,163500,81.43,81.43,81.43,81.43,100,0
SAFT.US,5,20211008,164000,81.42,81.42,81.42,81.42,100,0
SAFT.US,5,20211008,164500,81.5,81.5,81.5,81.5,102,0
SAFT.US,5,20211008,165000,81.51,81.51,81.4,81.44,600,0
SAFT.US,5,20211008,170500,81.31,81.31,81.31,81.31,100,0
SAFT.US,5,20211008,171500,81.43,81.43,81.43,81.43,100,0
SAFT.US,5,20211008,173500,81.49,81.49,81.49,81.49,100,0
SAFT.US,5,20211008,175000,81.5,81.52,81.5,81.52,200,0
SAFT.US,5,20211008,180500,81.5,81.5,81.5,81.5,100,0
SAFT.US,5,20211008,182000,81.48,81.48,81.48,81.48,100,0
SAFT.US,5,20211008,182500,81.5425,81.5425,81.54,81.54,622,0
SAFT.US,5,20211008,184000,81.25,81.25,81.25,81.25,100,0
SAFT.US,5,20211008,190000,81.24,81.24,81.24,81.24,400,0
SAFT.US,5,20211008,191000,81.315,81.315,81.315,81.315,199,0
SAFT.US,5,20211008,195500,81.76,81.9,81.54,81.9,4321,0
SAFT.US,5,20211008,200000,81.85,81.85,81.85,81.85,100,0
SAFT.US,5,20211008,201500,81.68,81.68,81.68,81.68,100,0
SAFT.US,5,20211008,202000,81.88,81.88,81.88,81.88,100,0
SAFT.US,5,20211008,203000,81.9,81.9,81.9,81.9,200,0
SAFT.US,5,20211008,204000,81.79,81.82,81.79,81.7975,1100,0
SAFT.US,5,20211008,205000,81.795,81.795,81.795,81.795,100,0
SAFT.US,5,20211008,210000,81.75,81.77,81.75,81.77,400,0
SAFT.US,5,20211008,210500,81.69,81.69,81.69,81.69,100,0
SAFT.US,5,20211008,211000,81.68,81.68,81.6517,81.6517,251,0
SAFT.US,5,20211008,212000,81.64,81.64,81.63,81.63,200,0
SAFT.US,5,20211008,213000,81.5599,81.5599,81.5599,81.5599,250,0
SAFT.US,5,20211008,213500,81.54,81.66,81.5,81.66,1032,0
SAFT.US,5,20211008,214000,81.61,81.61,81.61,81.61,200,0
SAFT.US,5,20211008,214500,81.64,81.7,81.64,81.7,309,0
SAFT.US,5,20211008,215000,81.56,81.63,81.56,81.63,400,0
SAFT.US,5,20211008,215500,81.72,81.88,81.71,81.72,5803,0
SAFT.US,5,20211011,153000,81.9,81.9,81.7064,81.7064,671,0
SAFT.US,5,20211011,153500,81.5,81.5,81.5,81.5,1834,0
SAFT.US,5,20211011,154000,81.2236,81.2236,81.2236,81.2236,105,0
SAFT.US,5,20211011,155000,81.75,81.83,81.75,81.83,300,0
SAFT.US,5,20211011,155500,82,82,82,82,200,0
SAFT.US,5,20211011,160000,81.7,81.7,81.7,81.7,100,0
SAFT.US,5,20211011,161000,81.9999,81.9999,81.75,81.75,405,0
SAFT.US,5,20211011,162500,81.95,81.99,81.95,81.98,400,0
SAFT.US,5,20211011,172000,81.79,81.895,81.79,81.895,200,0
SAFT.US,5,20211011,180000,81.79,81.79,81.79,81.79,100,0
SAFT.US,5,20211011,181500,81.6,81.6,81.49,81.49,300,0
SAFT.US,5,20211011,183500,81.4,81.4,81.4,81.4,100,0
SAFT.US,5,20211011,184500,81.355,81.43,81.35,81.35,1915,0
SAFT.US,5,20211011,190000,81.49,81.49,81.49,81.49,100,0
SAFT.US,5,20211011,192500,81.585,81.65,81.585,81.65,320,0
SAFT.US,5,20211011,194500,81.67,81.69,81.61,81.61,700,0
SAFT.US,5,20211011,202000,81.5,81.5,81.5,81.5,100,0
SAFT.US,5,20211011,205000,81.37,81.49,81.37,81.49,200,0
SAFT.US,5,20211011,210500,81.43,81.43,81.4,81.4,300,0
SAFT.US,5,20211011,211000,81.36,81.36,81.31,81.31,200,0
SAFT.US,5,20211011,212000,81.31,81.32,81.31,81.32,228,0
SAFT.US,5,20211011,212500,81.38,81.38,81.345,81.345,200,0
SAFT.US,5,20211011,213000,81.28,81.28,81.28,81.28,100,0
SAFT.US,5,20211011,214000,81.25,81.25,81.18,81.18,300,0
SAFT.US,5,20211011,214500,81.17,81.23,81.12,81.13,700,0
SAFT.US,5,20211011,215000,81.08,81.1,80.93,80.93,709,0
SAFT.US,5,20211011,215500,80.95,81.11,80.85,81.05,10011,0
SAFT.US,5,20211012,153000,81.4,81.4,81.4,81.4,518,0
SAFT.US,5,20211012,154500,81.45,81.45,81.45,81.45,100,0
SAFT.US,5,20211012,155500,81.44,81.605,81.44,81.605,400,0
SAFT.US,5,20211012,160000,81.34,81.45,81.34,81.345,400,0
SAFT.US,5,20211012,160500,81.3,81.4,81.3,81.4,500,0
SAFT.US,5,20211012,161500,81.23,81.23,81.23,81.23,100,0
SAFT.US,5,20211012,163000,81.16,81.16,81.16,81.16,100,0
SAFT.US,5,20211012,165000,81.11,81.11,81.11,81.11,100,0
SAFT.US,5,20211012,165500,81.595,81.595,81.595,81.595,100,0
SAFT.US,5,20211012,171000,81.55,81.55,81.44,81.44,800,0
SAFT.US,5,20211012,171500,81.29,81.29,81.29,81.29,100,0
SAFT.US,5,20211012,172500,81.4922,81.4922,81.48,81.48,300,0
SAFT.US,5,20211012,173000,81.49,81.49,81.49,81.49,100,0
SAFT.US,5,20211012,174500,81.48,81.58,81.48,81.58,200,0
SAFT.US,5,20211012,180500,81.6248,81.64,81.6248,81.64,450,0
SAFT.US,5,20211012,183000,81.31,81.31,81.31,81.31,100,0
SAFT.US,5,20211012,184500,81.01,81.01,81.01,81.01,100,0
SAFT.US,5,20211012,191500,81.31,81.31,81.31,81.31,300,0
SAFT.US,5,20211012,194000,81.18,81.18,81.18,81.18,100,0
SAFT.US,5,20211012,200500,81.29,81.29,81.26,81.26,300,0
SAFT.US,5,20211012,202500,81.28,81.28,81.28,81.28,100,0
SAFT.US,5,20211012,203000,81.25,81.3,81.19,81.3,300,0
SAFT.US,5,20211012,203500,81.35,81.35,81.35,81.35,100,0
SAFT.US,5,20211012,204000,81.41,81.49,81.38,81.45,700,0
SAFT.US,5,20211012,211500,81.29,81.29,81.29,81.29,100,0
SAFT.US,5,20211012,213500,81.13,81.13,81.13,81.13,100,0
SAFT.US,5,20211012,214500,81.04,81.11,80.9,80.9,500,0
SAFT.US,5,20211012,215000,80.91,80.91,80.91,80.91,200,0
SAFT.US,5,20211012,215500,81.07,81.09,80.93,80.93,7192,0
SAFT.US,5,20211013,153000,80.74,80.74,80.74,80.74,371,0
SAFT.US,5,20211013,154500,80.38,80.38,80.34,80.34,200,0
SAFT.US,5,20211013,155000,80.28,80.28,80.28,80.28,100,0
SAFT.US,5,20211013,155500,80.16,80.16,79.771,79.771,200,0
SAFT.US,5,20211013,160000,79.8,79.82,79.8,79.82,200,0
SAFT.US,5,20211013,161000,79.6,79.6,79.39,79.39,200,0
SAFT.US,5,20211013,161500,79.5,79.625,79.5,79.625,900,0
SAFT.US,5,20211013,172000,79.85,79.85,79.85,79.85,100,0
SAFT.US,5,20211013,174000,80.415,80.415,80.415,80.415,121,0
SAFT.US,5,20211013,175000,80.42,80.42,80.42,80.42,100,0
SAFT.US,5,20211013,184000,80.18,80.18,80.18,80.18,100,0
SAFT.US,5,20211013,185000,80.4,80.4,80.4,80.4,100,0
SAFT.US,5,20211013,190000,80.26,80.26,80.26,80.26,100,0
SAFT.US,5,20211013,195500,80.47,80.49,80.231,80.49,300,0
SAFT.US,5,20211013,200000,80.5,80.58,80.5,80.58,200,0
SAFT.US,5,20211013,200500,80.66,80.66,80.66,80.66,100,0
SAFT.US,5,20211013,201000,80.71,80.71,80.6,80.6,300,0
SAFT.US,5,20211013,201500,80.55,80.55,80.55,80.55,100,0
SAFT.US,5,20211013,202000,80.64,80.64,80.54,80.54,200,0
SAFT.US,5,20211013,203000,80.61,80.645,80.5034,80.645,1100,0
SAFT.US,5,20211013,203500,80.63,80.67,80.495,80.495,900,0
SAFT.US,5,20211013,204000,80.58,80.62,80.47,80.62,920,0
SAFT.US,5,20211013,205000,80.73,80.73,80.73,80.73,100,0
SAFT.US,5,20211013,205500,80.73,80.73,80.73,80.73,100,0
SAFT.US,5,20211013,210000,80.89,80.89,80.89,80.89,100,0
SAFT.US,5,20211013,211000,80.84,80.91,80.72,80.91,500,0
SAFT.US,5,20211013,212000,80.86,80.89,80.86,80.89,200,0
SAFT.US,5,20211013,212500,80.81,80.81,80.71,80.71,374,0
SAFT.US,5,20211013,213000,80.7,80.7,80.7,80.7,100,0
SAFT.US,5,20211013,213500,80.75,80.75,80.75,80.75,200,0
SAFT.US,5,20211013,214500,80.72,80.86,80.72,80.86,800,0
SAFT.US,5,20211013,215000,80.69,80.77,80.6,80.69,900,0
SAFT.US,5,20211013,215500,80.7,80.91,80.58,80.91,11978,0
SAFT.US,5,20211014,153000,81.35,81.36,81.35,81.36,402,0
SAFT.US,5,20211014,153500,81.0681,81.0681,81.0681,81.0681,100,0
SAFT.US,5,20211014,154000,81.26,81.26,81.19,81.2,500,0
SAFT.US,5,20211014,155000,81.26,81.49,81.26,81.49,600,0
SAFT.US,5,20211014,155500,81.83,81.83,81.6,81.6,222,0
SAFT.US,5,20211014,160000,81.9,81.9,81.355,81.7,1220,0
SAFT.US,5,20211014,160500,81.73,81.75,80.76,80.76,600,0
SAFT.US,5,20211014,162000,81.57,81.57,81.57,81.57,100,0
SAFT.US,5,20211014,163000,81.5,81.61,81.28,81.45,2945,0
SAFT.US,5,20211014,163500,81.3,81.35,81.175,81.29,687,0
SAFT.US,5,20211014,165500,81.165,81.165,81.165,81.165,100,0
SAFT.US,5,20211014,170000,81.35,81.35,81.35,81.35,800,0
SAFT.US,5,20211014,171500,81.01,81.08,81,81.08,300,0
SAFT.US,5,20211014,172000,81.0375,81.5126,80.95,81.5126,985,0
SAFT.US,5,20211014,174000,80.94,80.99,80.94,80.99,200,0
SAFT.US,5,20211014,174500,80.96,80.96,80.96,80.96,100,0
SAFT.US,5,20211014,175000,80.8,80.8,80.8,80.8,100,0
SAFT.US,5,20211014,181000,80.85,80.88,80.85,80.88,300,0
SAFT.US,5,20211014,181500,80.63,80.63,80.63,80.63,100,0
SAFT.US,5,20211014,182000,80.82,80.82,80.82,80.82,100,0
SAFT.US,5,20211014,184000,80.755,80.755,80.64,80.64,200,0
SAFT.US,5,20211014,184500,80.6,80.6,80.6,80.6,100,0
SAFT.US,5,20211014,185500,80.93,80.94,80.76,80.94,300,0
SAFT.US,5,20211014,190000,80.83,80.83,80.83,80.83,200,0
SAFT.US,5,20211014,192000,80.68,80.68,80.68,80.68,100,0
SAFT.US,5,20211014,192500,80.69,80.69,80.69,80.69,100,0
SAFT.US,5,20211014,194000,80.76,80.76,80.745,80.745,214,0
SAFT.US,5,20211014,195000,80.81,80.82,80.81,80.82,300,0
SAFT.US,5,20211014,200000,80.78,80.78,80.72,80.75,1547,0
SAFT.US,5,20211014,200500,80.69,80.69,80.66,80.66,200,0
SAFT.US,5,20211014,201500,80.77,80.77,80.76,80.76,200,0
SAFT.US,5,20211014,202000,80.6701,80.6701,80.6701,80.6701,100,0
SAFT.US,5,20211014,203000,80.78,80.87,80.78,80.87,200,0
SAFT.US,5,20211014,203500,80.83,80.83,80.83,80.83,100,0
SAFT.US,5,20211014,204500,80.89,80.89,80.89,80.89,100,0
SAFT.US,5,20211014,205000,80.89,80.89,80.89,80.89,100,0
SAFT.US,5,20211014,205500,80.97,80.97,80.97,80.97,100,0
SAFT.US,5,20211014,211000,80.79,80.79,80.79,80.79,100,0
SAFT.US,5,20211014,212000,80.73,80.73,80.72,80.72,200,0
SAFT.US,5,20211014,213000,80.65,80.65,80.62,80.62,200,0
SAFT.US,5,20211014,213500,80.615,80.615,80.55,80.55,300,0
SAFT.US,5,20211014,214000,80.35,80.35,80.33,80.33,300,0
SAFT.US,5,20211014,214500,80.44,80.44,80.33,80.33,300,0
SAFT.US,5,20211014,215000,80.31,80.35,80.21,80.34,800,0
SAFT.US,5,20211014,215500,80.35,80.45,80.27,80.3,13561,0
SAFT.US,5,20211015,153000,81.04,81.04,80.65,80.65,3004,0
SAFT.US,5,20211015,153500,80.15,81.1699,80.15,81.1699,223,0
SAFT.US,5,20211015,154500,80.67,80.67,80.66,80.66,200,0
SAFT.US,5,20211015,155000,80.9,80.93,80.735,80.93,600,0
SAFT.US,5,20211015,155500,81.5116,81.5116,81.5116,81.5116,245,0
SAFT.US,5,20211015,160000,80.9014,81.2886,80.9014,81.2886,226,0
SAFT.US,5,20211015,163000,80.1,80.1,80.1,80.1,100,0
SAFT.US,5,20211015,165000,80.37,80.37,80.32,80.32,200,0
SAFT.US,5,20211015,165500,80.47,80.47,80.46,80.46,200,0
SAFT.US,5,20211015,170500,80.6358,80.6358,80.6358,80.6358,100,0
SAFT.US,5,20211015,171000,80.5,80.5,80.5,80.5,100,0
SAFT.US,5,20211015,172500,80.45,80.52,80.45,80.46,400,0
SAFT.US,5,20211015,173000,80.57,80.57,80.57,80.57,100,0
SAFT.US,5,20211015,173500,80.545,80.59,80.535,80.59,300,0
SAFT.US,5,20211015,175000,80.6,80.6,80.6,80.6,100,0
SAFT.US,5,20211015,175500,80.31,80.31,80.31,80.31,100,0
SAFT.US,5,20211015,184000,80.45,80.4886,80.45,80.45,450,0
SAFT.US,5,20211015,184500,80.39,80.39,80.39,80.39,100,0
SAFT.US,5,20211015,185000,80.53,80.53,80.53,80.53,200,0
SAFT.US,5,20211015,185500,80.45,80.45,80.45,80.45,100,0
SAFT.US,5,20211015,190000,80.45,80.45,80.45,80.45,100,0
SAFT.US,5,20211015,191000,80.41,80.41,80.41,80.41,100,0
SAFT.US,5,20211015,191500,80.41,80.41,80.41,80.41,100,0
SAFT.US,5,20211015,192000,80.37,80.37,80.37,80.37,100,0
SAFT.US,5,20211015,194000,80.53,80.72,80.53,80.72,423,0
SAFT.US,5,20211015,194500,80.96,80.96,80.96,80.96,100,0
SAFT.US,5,20211015,195000,80.75,80.75,80.75,80.75,100,0
SAFT.US,5,20211015,201000,80.595,80.595,80.595,80.595,100,0
SAFT.US,5,20211015,201500,80.4537,80.4537,80.4537,80.4537,149,0
SAFT.US,5,20211015,202000,80.76,80.77,80.76,80.77,300,0
SAFT.US,5,20211015,204500,80.61,80.61,80.61,80.61,100,0
SAFT.US,5,20211015,205000,80.715,80.82,80.63,80.63,531,0
SAFT.US,5,20211015,210000,80.6,80.6,80.6,80.6,100,0
SAFT.US,5,20211015,210500,80.41,80.41,80.41,80.41,100,0
SAFT.US,5,20211015,212500,80.44,80.455,80.36,80.36,300,0
SAFT.US,5,20211015,213000,80.44,80.44,80.44,80.44,100,0
SAFT.US,5,20211015,214000,80.4,80.4,80.3,80.38,400,0
SAFT.US,5,20211015,214500,80.45,80.45,80.28,80.28,400,0
SAFT.US,5,20211015,215000,80.26,80.32,79.87,79.87,1848,0
SAFT.US,5,20211015,215500,79.82,80.2,79.79,79.79,22482,0
SAFT.US,5,20211018,153000,79.83,79.83,79.53,79.53,1505,0
SAFT.US,5,20211018,154000,80.23,80.23,80.14,80.14,600,0
SAFT.US,5,20211018,154500,79.45,79.45,79.45,79.45,424,0
SAFT.US,5,20211018,155000,79.1,79.79,78.53,78.53,6574,0
SAFT.US,5,20211018,161000,79.2563,79.2563,79.2563,79.2563,100,0
SAFT.US,5,20211018,161500,79.11,79.11,79.11,79.11,100,0
SAFT.US,5,20211018,163500,79.25,79.25,79.25,79.25,100,0
SAFT.US,5,20211018,164000,79.42,79.42,79.42,79.42,100,0
SAFT.US,5,20211018,165000,79.45,79.45,79.41,79.41,300,0
SAFT.US,5,20211018,171000,79.39,79.39,79.16,79.16,394,0
SAFT.US,5,20211018,171500,79.607,79.607,79.607,79.607,300,0
SAFT.US,5,20211018,172000,79.44,79.655,79.44,79.6,800,0
SAFT.US,5,20211018,173000,79.66,79.66,79.66,79.66,100,0
SAFT.US,5,20211018,175500,79.7,79.71,79.7,79.71,200,0
SAFT.US,5,20211018,180000,79.75,79.96,79.75,79.96,600,0
SAFT.US,5,20211018,183500,79.53,79.54,79.435,79.435,800,0
SAFT.US,5,20211018,184000,79.76,79.76,79.76,79.76,100,0
SAFT.US,5,20211018,193500,79.35,79.35,79.35,79.35,200,0
SAFT.US,5,20211018,194000,79.48,79.48,79.31,79.31,1100,0
SAFT.US,5,20211018,194500,79.19,79.2,79.19,79.2,500,0
SAFT.US,5,20211018,195000,79.07,79.07,79.07,79.07,100,0
SAFT.US,5,20211018,204000,78.73,78.73,78.73,78.73,200,0
SAFT.US,5,20211018,205000,78.82,78.93,78.77,78.77,600,0
SAFT.US,5,20211018,205500,78.89,78.89,78.89,78.89,100,0
SAFT.US,5,20211018,210000,78.795,78.795,78.795,78.795,100,0
SAFT.US,5,20211018,211500,78.88,78.88,78.88,78.88,100,0
SAFT.US,5,20211018,212000,78.86,78.88,78.72,78.79,1500,0
SAFT.US,5,20211018,213000,78.85,78.85,78.71,78.735,1025,0
SAFT.US,5,20211018,213500,78.72,78.72,78.62,78.62,200,0
SAFT.US,5,20211018,214000,78.68,78.68,78.68,78.68,200,0
SAFT.US,5,20211018,214500,78.78,78.83,78.76,78.83,800,0
SAFT.US,5,20211018,215000,78.88,79.06,78.76,78.76,300,0
SAFT.US,5,20211018,215500,78.91,78.91,78.57,78.75,10172,0
SAFT.US,5,20211019,153000,79.445,79.445,79.23,79.23,936,0
SAFT.US,5,20211019,153500,78.6596,78.6596,78.6596,78.6596,515,0
SAFT.US,5,20211019,155000,78.67,78.67,78.67,78.67,100,0
SAFT.US,5,20211019,160000,78.56,78.56,78.14,78.14,500,0
SAFT.US,5,20211019,160500,78.4454,78.4454,78.4454,78.4454,275,0
SAFT.US,5,20211019,161000,78.63,78.68,78.63,78.68,832,0
SAFT.US,5,20211019,161500,78.68,78.68,78.68,78.68,200,0
SAFT.US,5,20211019,162500,78.66,78.66,78.66,78.66,100,0
SAFT.US,5,20211019,163000,78.66,78.68,78.66,78.68,400,0
SAFT.US,5,20211019,164500,78.814,78.814,78.814,78.814,742,0
SAFT.US,5,20211019,165000,78.8,78.8,78.73,78.73,900,0
SAFT.US,5,20211019,165500,78.85,78.85,78.85,78.85,290,0
SAFT.US,5,20211019,171000,78.64,78.64,78.64,78.64,100,0
SAFT.US,5,20211019,171500,78.665,78.6683,78.57,78.59,740,0
SAFT.US,5,20211019,172500,78.5,78.5,78.5,78.5,100,0
SAFT.US,5,20211019,174000,78.4,78.4,78.4,78.4,479,0
SAFT.US,5,20211019,180000,78.53,78.53,78.53,78.53,200,0
SAFT.US,5,20211019,180500,78.54,78.69,78.54,78.69,1569,0
SAFT.US,5,20211019,181000,78.675,78.675,78.675,78.675,100,0
SAFT.US,5,20211019,181500,78.84,78.84,78.84,78.84,100,0
SAFT.US,5,20211019,182000,78.72,78.72,78.72,78.72,100,0
SAFT.US,5,20211019,182500,78.68,78.68,78.675,78.675,300,0
SAFT.US,5,20211019,184500,78.68,78.75,78.68,78.75,400,0
SAFT.US,5,20211019,185000,78.75,78.75,78.72,78.75,300,0
SAFT.US,5,20211019,190000,78.85,78.85,78.83,78.83,300,0
SAFT.US,5,20211019,191500,78.9589,78.9589,78.9589,78.9589,157,0
SAFT.US,5,20211019,194000,78.76,78.76,78.73,78.73,200,0
SAFT.US,5,20211019,194500,78.8,78.8,78.8,78.8,100,0
SAFT.US,5,20211019,195500,78.77,78.829,78.77,78.829,200,0
SAFT.US,5,20211019,201500,78.72,78.72,78.54,78.54,2100,0
SAFT.US,5,20211019,202500,78.49,78.49,78.49,78.49,100,0
SAFT.US,5,20211019,203000,78.275,78.275,78.275,78.275,100,0
SAFT.US,5,20211019,204000,78.43,78.43,78.43,78.43,200,0
SAFT.US,5,20211019,205000,78.61,78.61,78.61,78.61,100,0
SAFT.US,5,20211019,211000,78.57,78.57,78.57,78.57,100,0
SAFT.US,5,20211019,212500,78.68,78.68,78.655,78.655,242,0
SAFT.US,5,20211019,213000,78.62,78.62,78.5534,78.5534,735,0
SAFT.US,5,20211019,213500,78.545,78.545,78.545,78.545,100,0
SAFT.US,5,20211019,214000,78.48,78.48,78.44,78.44,300,0
SAFT.US,5,20211019,215000,78.76,78.76,78.76,78.76,100,0
SAFT.US,5,20211019,215500,78.8,78.92,78.63,78.92,10702,0
SAFT.US,5,20211020,153000,79.1501,79.1501,79.1501,79.1501,100,0
SAFT.US,5,20211020,155000,79.12,79.32,79.12,79.32,539,0
SAFT.US,5,20211020,155500,79.27,79.28,79.27,79.28,200,0
SAFT.US,5,20211020,161000,79.04,79.04,78.99,78.99,200,0
SAFT.US,5,20211020,162500,79.26,79.26,79.16,79.16,361,0
SAFT.US,5,20211020,164000,79.23,79.23,78.91,78.91,700,0
SAFT.US,5,20211020,165500,78.89,78.89,78.84,78.84,300,0
SAFT.US,5,20211020,170500,79.0405,79.0405,79.0405,79.0405,290,0
SAFT.US,5,20211020,171000,78.91,78.942,78.91,78.942,200,0
SAFT.US,5,20211020,172000,79.06,79.06,78.75,78.75,500,0
SAFT.US,5,20211020,173500,79.1141,79.1141,79.1141,79.1141,400,0
SAFT.US,5,20211020,180000,78.89,78.89,78.89,78.89,100,0
SAFT.US,5,20211020,181000,78.99,78.99,78.88,78.88,200,0
SAFT.US,5,20211020,183000,79.01,79.01,79.01,79.01,200,0
SAFT.US,5,20211020,183500,79,79,79,79,100,0
SAFT.US,5,20211020,184000,79.13,79.13,79.1,79.13,400,0
SAFT.US,5,20211020,190000,79.07,79.07,79.07,79.07,200,0
SAFT.US,5,20211020,191000,79.07,79.23,79.07,79.09,400,0
SAFT.US,5,20211020,192500,78.9,78.9,78.9,78.9,269,0
SAFT.US,5,20211020,194500,79.0261,79.06,79.0261,79.06,200,0
SAFT.US,5,20211020,195500,79.09,79.09,79.06,79.06,200,0
SAFT.US,5,20211020,200000,78.99,78.99,78.99,78.99,100,0
SAFT.US,5,20211020,201000,78.99,79.03,78.99,79.03,200,0
SAFT.US,5,20211020,202500,79.095,79.19,78.99,78.99,400,0
SAFT.US,5,20211020,204000,79.2299,79.2299,79.2299,79.2299,129,0
SAFT.US,5,20211020,204500,79.2,79.2,79,79,325,0
SAFT.US,5,20211020,205000,79.14,79.14,78.98,79.11,580,0
SAFT.US,5,20211020,205500,79.11,79.11,79.11,79.11,100,0
SAFT.US,5,20211020,210500,79.17,79.17,79.17,79.17,100,0
SAFT.US,5,20211020,211000,79.135,79.135,79.135,79.135,100,0
SAFT.US,5,20211020,211500,79.09,79.13,78.97,78.97,1045,0
SAFT.US,5,20211020,212500,78.89,78.96,78.89,78.96,200,0
SAFT.US,5,20211020,213000,79.01,79.01,78.89,78.89,600,0
SAFT.US,5,20211020,213500,78.71,78.71,78.71,78.71,100,0
SAFT.US,5,20211020,214000,78.78,78.86,78.78,78.86,300,0
SAFT.US,5,20211020,214500,78.79,78.79,78.71,78.71,200,0
SAFT.US,5,20211020,215000,78.65,78.92,78.65,78.92,300,0
SAFT.US,5,20211020,215500,78.95,79.07,78.54,78.68,18450,0
SAFT.US,5,20211021,153000,78.66,78.66,78.66,78.66,538,0
SAFT.US,5,20211021,155000,78.79,78.79,78.79,78.79,100,0
SAFT.US,5,20211021,161500,79.04,79.04,79.04,79.04,100,0
SAFT.US,5,20211021,162500,79.02,79.02,78.85,78.85,200,0
SAFT.US,5,20211021,163000,79,79.45,79,79.22,2227,0
SAFT.US,5,20211021,163500,79.35,79.4,79.3,79.3,900,0
SAFT.US,5,20211021,164000,79.43,79.43,79.43,79.43,200,0
SAFT.US,5,20211021,164500,79.61,79.61,79.61,79.61,200,0
SAFT.US,5,20211021,170500,79.5,79.5,79.5,79.5,300,0
SAFT.US,5,20211021,171000,79.4,79.49,79.4,79.49,300,0
SAFT.US,5,20211021,171500,79.5,79.59,79.5,79.59,463,0
SAFT.US,5,20211021,172000,79.6,79.6,79.6,79.6,100,0
SAFT.US,5,20211021,173000,79.675,79.675,79.675,79.675,100,0
SAFT.US,5,20211021,174000,79.26,79.26,79.26,79.26,188,0
SAFT.US,5,20211021,174500,79.45,79.55,79.45,79.55,200,0
SAFT.US,5,20211021,175000,79.51,79.51,79.37,79.37,300,0
SAFT.US,5,20211021,180500,79.35,79.35,79.13,79.13,750,0
SAFT.US,5,20211021,181000,79.14,79.15,79.11,79.14,500,0
SAFT.US,5,20211021,182000,79.1,79.1,79.07,79.07,200,0
SAFT.US,5,20211021,182500,79.0789,79.0789,79.0789,79.0789,120,0
SAFT.US,5,20211021,183000,79.15,79.15,78.998,78.998,228,0
SAFT.US,5,20211021,184000,79.065,79.19,79.065,79.19,300,0
SAFT.US,5,20211021,184500,79.24,79.4,79.24,79.39,795,0
SAFT.US,5,20211021,185500,79.39,79.39,79.39,79.39,100,0
SAFT.US,5,20211021,193000,79.42,79.42,79.42,79.42,100,0
SAFT.US,5,20211021,193500,79.546,79.58,79.546,79.58,400,0
SAFT.US,5,20211021,194500,79.48,79.48,79.45,79.45,635,0
SAFT.US,5,20211021,195000,79.27,79.27,79.27,79.27,200,0
SAFT.US,5,20211021,201500,79.54,79.54,79.31,79.54,500,0
SAFT.US,5,20211021,203500,79.37,79.47,79.23,79.47,1000,0
SAFT.US,5,20211021,204000,79.27,79.27,79.27,79.27,100,0
SAFT.US,5,20211021,204500,79.5,79.5,79.5,79.5,113,0
SAFT.US,5,20211021,205500,79.53,79.53,79.53,79.53,200,0
SAFT.US,5,20211021,210500,79.62,79.68,79.62,79.68,300,0
SAFT.US,5,20211021,211000,79.52,79.52,79.52,79.52,100,0
SAFT.US,5,20211021,211500,79.67,79.67,79.67,79.67,100,0
SAFT.US,5,20211021,212000,79.71,79.71,79.69,79.7,400,0
SAFT.US,5,20211021,214000,79.63,79.75,79.63,79.695,664,0
SAFT.US,5,20211021,214500,79.77,79.8,79.77,79.8,300,0
SAFT.US,5,20211021,215000,79.71,79.91,79.71,79.85,940,0
SAFT.US,5,20211021,215500,79.9,79.96,79.84,79.84,18484,0
SAFT.US,5,20211022,153000,80.08,80.1,80,80.1,383,0
SAFT.US,5,20211022,155000,80.43,80.5731,80.03,80.064,924,0
SAFT.US,5,20211022,162500,80.375,80.375,80.375,80.375,115,0
SAFT.US,5,20211022,164000,80.24,80.24,80.24,80.24,200,0
SAFT.US,5,20211022,164500,80.26,80.37,80.13,80.3,1204,0
SAFT.US,5,20211022,165500,80.45,80.45,80.44,80.44,300,0
SAFT.US,5,20211022,170000,80.6,80.7,80.6,80.7,200,0
SAFT.US,5,20211022,171500,80.65,80.65,80.65,80.65,100,0
SAFT.US,5,20211022,172500,80.6825,80.81,80.6825,80.81,320,0
SAFT.US,5,20211022,173500,80.61,80.61,80.61,80.61,100,0
SAFT.US,5,20211022,180500,80.715,80.715,80.715,80.715,200,0
SAFT.US,5,20211022,181500,80.8,80.8,80.8,80.8,100,0
SAFT.US,5,20211022,184000,80.92,80.92,80.92,80.92,100,0
SAFT.US,5,20211022,202000,81.04,81.12,81.04,81.12,500,0
SAFT.US,5,20211022,203000,81.05,81.05,81.05,81.05,122,0
SAFT.US,5,20211022,204000,81.15,81.16,81.15,81.15,401,0
SAFT.US,5,20211022,204500,81.15,81.18,81.15,81.18,300,0
SAFT.US,5,20211022,205500,81.07,81.07,81.07,81.07,200,0
SAFT.US,5,20211022,210500,81.015,81.16,80.89,80.89,300,0
SAFT.US,5,20211022,211000,80.88,81.0275,80.86,80.86,320,0
SAFT.US,5,20211022,211500,80.88,80.88,80.88,80.88,200,0
SAFT.US,5,20211022,212000,80.88,80.88,80.87,80.87,200,0
SAFT.US,5,20211022,212500,80.97,80.97,80.87,80.965,400,0
SAFT.US,5,20211022,213000,81.04,81.06,81.04,81.06,668,0
SAFT.US,5,20211022,213500,81.16,81.17,81.16,81.17,200,0
SAFT.US,5,20211022,214500,81.09,81.19,80.84,81.19,6258,0
SAFT.US,5,20211022,215000,81.16,81.17,81.12,81.12,500,0
SAFT.US,5,20211022,215500,81.13,81.31,81.015,81.13,9978,0
SAFT.US,5,20211025,153000,81.01,81.01,81.01,81.01,545,0
SAFT.US,5,20211025,154000,80.65,80.65,80.65,80.65,100,0
SAFT.US,5,20211025,154500,80.96,80.96,80.96,80.96,100,0
SAFT.US,5,20211025,155000,80.83,81.03,80.675,81.03,820,0
SAFT.US,5,20211025,155500,81.035,81.04,81.035,81.04,500,0
SAFT.US,5,20211025,161500,80.82,80.9,80.75,80.9,1895,0
SAFT.US,5,20211025,162000,80.905,80.905,80.78,80.9,400,0
SAFT.US,5,20211025,163000,80.905,80.905,80.905,80.905,200,0
SAFT.US,5,20211025,163500,80.92,80.92,80.92,80.92,100,0
SAFT.US,5,20211025,165000,81.12,81.12,81.12,81.12,100,0
SAFT.US,5,20211025,165500,81.35,81.35,81.35,81.35,100,0
SAFT.US,5,20211025,170500,81.175,81.175,81.175,81.175,300,0
SAFT.US,5,20211025,174000,81.02,81.02,80.83,80.83,600,0
SAFT.US,5,20211025,174500,80.9656,81.32,80.9656,81.32,700,0
SAFT.US,5,20211025,180000,81.18,81.18,81.18,81.18,100,0
SAFT.US,5,20211025,182500,80.99,80.99,80.99,80.99,100,0
SAFT.US,5,20211025,184000,80.75,80.82,80.75,80.82,400,0
SAFT.US,5,20211025,184500,80.895,80.95,80.67,80.67,400,0
SAFT.US,5,20211025,185500,80.93,80.93,80.93,80.93,100,0
SAFT.US,5,20211025,191000,81.08,81.08,81.08,81.08,100,0
SAFT.US,5,20211025,193000,81.21,81.21,81.21,81.21,200,0
SAFT.US,5,20211025,193500,80.66,80.66,80.66,80.66,100,0
SAFT.US,5,20211025,194000,80.92,80.93,80.92,80.93,300,0
SAFT.US,5,20211025,195000,80.75,80.75,80.75,80.75,100,0
SAFT.US,5,20211025,200500,80.83,80.83,80.77,80.77,200,0
SAFT.US,5,20211025,201500,80.85,80.85,80.85,80.85,656,0
SAFT.US,5,20211025,203500,80.66,80.66,80.64,80.64,200,0
SAFT.US,5,20211025,204000,80.92,80.92,80.92,80.92,100,0
SAFT.US,5,20211025,205000,81.04,81.09,81.04,81.09,300,0
SAFT.US,5,20211025,210500,80.64,80.64,80.64,80.64,100,0
SAFT.US,5,20211025,211000,80.66,80.74,80.61,80.74,400,0
SAFT.US,5,20211025,211500,80.74,80.76,80.73,80.76,679,0
SAFT.US,5,20211025,212500,80.81,80.81,80.81,80.81,100,0
SAFT.US,5,20211025,213000,80.765,80.765,80.73,80.73,300,0
SAFT.US,5,20211025,213500,80.88,80.88,80.88,80.88,229,0
SAFT.US,5,20211025,214000,80.99,81.2,80.87,80.87,300,0
SAFT.US,5,20211025,215000,81.04,81.14,81.04,81.14,260,0
SAFT.US,5,20211025,215500,81.14,81.26,80.94,81.25,10451,0
SAFT.US,5,20211026,153000,81.13,81.35,80.82,81.035,1016,0
SAFT.US,5,20211026,153500,81.22,81.34,81.22,81.34,300,0
SAFT.US,5,20211026,160500,80.9,80.9,80.88,80.88,200,0
SAFT.US,5,20211026,161500,80.91,80.91,80.59,80.87,600,0
SAFT.US,5,20211026,162000,80.87,80.87,80.87,80.87,100,0
SAFT.US,5,20211026,163000,80.88,80.88,80.72,80.72,300,0
SAFT.US,5,20211026,174000,81.35,81.53,81.35,81.53,300,0
SAFT.US,5,20211026,174500,81.41,81.41,81.41,81.41,200,0
SAFT.US,5,20211026,175000,81.23,81.23,81.23,81.23,200,0
SAFT.US,5,20211026,180000,80.95,81.155,80.95,81.155,200,0
SAFT.US,5,20211026,183000,81.35,81.44,81.35,81.43,500,0
SAFT.US,5,20211026,184000,81.39,81.45,81.39,81.45,300,0
SAFT.US,5,20211026,184500,81.48,81.48,81.48,81.48,100,0
SAFT.US,5,20211026,185000,81.485,81.485,81.485,81.485,100,0
SAFT.US,5,20211026,185500,81.68,81.68,81.68,81.68,100,0
SAFT.US,5,20211026,190000,81.5334,81.5334,81.5,81.52,405,0
SAFT.US,5,20211026,190500,81.58,81.58,81.58,81.58,100,0
SAFT.US,5,20211026,191000,81.3,81.3,81.3,81.3,160,0
SAFT.US,5,20211026,200500,81.36,81.36,81.36,81.36,100,0
SAFT.US,5,20211026,201500,81.43,81.56,81.43,81.56,700,0
SAFT.US,5,20211026,202500,81.51,81.565,81.51,81.53,438,0
SAFT.US,5,20211026,203000,81.485,81.485,81.485,81.485,150,0
SAFT.US,5,20211026,203500,81.46,81.46,81.46,81.46,200,0
SAFT.US,5,20211026,204000,81.54,81.54,81.54,81.54,100,0
SAFT.US,5,20211026,204500,81.42,81.42,81.42,81.42,100,0
SAFT.US,5,20211026,205000,81.39,81.39,81.39,81.39,100,0
SAFT.US,5,20211026,210500,81.44,81.53,81.43,81.53,940,0
SAFT.US,5,20211026,211500,81.62,81.62,81.62,81.62,100,0
SAFT.US,5,20211026,212000,81.64,81.65,81.64,81.65,200,0
SAFT.US,5,20211026,213000,81.48,81.48,81.46,81.46,200,0
SAFT.US,5,20211026,213500,81.39,81.46,81.39,81.45,400,0
SAFT.US,5,20211026,214000,81.47,81.53,81.47,81.5,400,0
SAFT.US,5,20211026,214500,81.49,81.52,81.465,81.465,600,0
SAFT.US,5,20211026,215000,81.59,81.59,81.59,81.59,100,0
SAFT.US,5,20211026,215500,81.62,81.62,81.43,81.43,11868,0
SAFT.US,5,20211027,153000,81.48,81.48,81.44,81.44,493,0
SAFT.US,5,20211027,154000,81.38,81.43,80.71,80.71,1420,0
SAFT.US,5,20211027,154500,80.6,80.6,80.6,80.6,100,0
SAFT.US,5,20211027,155000,80.435,81.2,80.28,81.2,1858,0
SAFT.US,5,20211027,155500,81,81.01,81,81.01,200,0
SAFT.US,5,20211027,160000,81.19,81.19,81.19,81.19,100,0
SAFT.US,5,20211027,161000,81.19,81.19,81.19,81.19,100,0
SAFT.US,5,20211027,161500,81.03,81.03,80.67,80.67,700,0
SAFT.US,5,20211027,162000,80.99,80.99,80.99,80.99,100,0
SAFT.US,5,20211027,162500,80.56,80.56,80.56,80.56,100,0
SAFT.US,5,20211027,164500,80.56,80.56,80.24,80.325,571,0
SAFT.US,5,20211027,165000,80.49,80.49,80.49,80.49,100,0
SAFT.US,5,20211027,171000,80.46,80.46,80.46,80.46,500,0
SAFT.US,5,20211027,171500,80.42,80.42,80.42,80.42,100,0
SAFT.US,5,20211027,173000,80.27,80.3389,80.27,80.3389,300,0
SAFT.US,5,20211027,174000,80.32,80.35,80.32,80.35,573,0
SAFT.US,5,20211027,175000,79.92,79.92,79.92,79.92,100,0
SAFT.US,5,20211027,175500,79.7534,80.09,79.7534,80.09,812,0
SAFT.US,5,20211027,180500,80.092,80.092,79.75,79.75,725,0
SAFT.US,5,20211027,182000,79.53,79.53,79.53,79.53,300,0
SAFT.US,5,20211027,183000,79.5658,79.5658,79.5658,79.5658,500,0
SAFT.US,5,20211027,183500,79.51,79.51,79.38,79.48,704,0
SAFT.US,5,20211027,190000,79.22,79.22,79.21,79.21,200,0
SAFT.US,5,20211027,190500,79.03,79.03,79.03,79.03,100,0
SAFT.US,5,20211027,192500,78.9,78.9,78.49,78.62,2270,0
SAFT.US,5,20211027,193000,78.49,78.49,78.49,78.49,100,0
SAFT.US,5,20211027,193500,78.76,78.92,78.62,78.68,3376,0
SAFT.US,5,20211027,194000,78.8562,78.8562,78.51,78.7347,1600,0
SAFT.US,5,20211027,194500,78.48,78.53,78.14,78.37,800,0
SAFT.US,5,20211027,195000,78.59,78.73,78.59,78.72,784,0
SAFT.US,5,20211027,200500,78.71,78.805,78.68,78.68,514,0
SAFT.US,5,20211027,201500,78.88,78.88,78.88,78.88,200,0
SAFT.US,5,20211027,202000,78.8418,78.88,78.32,78.32,9756,0
SAFT.US,5,20211027,203000,78.4,78.4,78.3,78.32,500,0
SAFT.US,5,20211027,204000,78.27,78.27,78.27,78.27,100,0
SAFT.US,5,20211027,205500,78.255,78.255,78.19,78.19,225,0
SAFT.US,5,20211027,210000,78.19,78.19,78.01,78.162,1042,0
SAFT.US,5,20211027,210500,78.02,78.02,78.02,78.02,100,0
SAFT.US,5,20211027,211000,78.09,78.09,77.77,77.77,3186,0
SAFT.US,5,20211027,211500,77.825,77.98,77.825,77.965,670,0
SAFT.US,5,20211027,212000,78.07,78.23,77.975,78.23,1377,0
SAFT.US,5,20211027,212500,78.29,78.29,78.29,78.29,100,0
SAFT.US,5,20211027,213000,78.29,78.29,78.29,78.29,100,0
SAFT.US,5,20211027,213500,78.31,78.31,78.04,78.185,2281,0
SAFT.US,5,20211027,214000,78.27,78.29,78.25,78.28,833,0
SAFT.US,5,20211027,214500,78.12,78.32,77.82,78.21,3165,0
SAFT.US,5,20211027,215000,78.18,78.32,78,78.275,10800,0
SAFT.US,5,20211027,215500,78.41,78.53,78.2,78.52,14178,0
SAFT.US,5,20211028,153000,78.72,78.72,78.72,78.72,228,0
SAFT.US,5,20211028,154000,79.92,79.92,78.92,79.08,1125,0
SAFT.US,5,20211028,154500,79.14,79.97,79.03,79.97,800,0
SAFT.US,5,20211028,155000,80,80.94,79.98,80.94,500,0
SAFT.US,5,20211028,155500,80.99,81.18,80.99,81.18,200,0
SAFT.US,5,20211028,161000,80.67,80.67,79.975,79.975,700,0
SAFT.US,5,20211028,162000,79.6,79.6,79.6,79.6,100,0
SAFT.US,5,20211028,163500,79.58,79.58,79.58,79.58,122,0
SAFT.US,5,20211028,175500,79.6227,79.6227,79.6227,79.6227,131,0
SAFT.US,5,20211028,181000,79.75,79.75,79.75,79.75,154,0
SAFT.US,5,20211028,181500,79.66,79.66,79.66,79.66,100,0
SAFT.US,5,20211028,183500,79.64,79.64,79.43,79.43,200,0
SAFT.US,5,20211028,190500,79.565,79.565,79.565,79.565,100,0
SAFT.US,5,20211028,194000,79.66,79.71,79.5001,79.5001,1214,0
SAFT.US,5,20211028,195500,79.53,79.53,79.53,79.53,200,0
SAFT.US,5,20211028,200000,79.585,79.585,79.48,79.48,200,0
SAFT.US,5,20211028,201500,79.45,79.45,79.37,79.37,200,0
SAFT.US,5,20211028,202500,79.345,79.345,79.345,79.345,100,0
SAFT.US,5,20211028,203500,79.32,79.32,79.32,79.32,100,0
SAFT.US,5,20211028,204500,79.34,79.405,79.34,79.35,350,0
SAFT.US,5,20211028,205000,79.35,79.35,79.35,79.35,400,0
SAFT.US,5,20211028,205500,79.35,79.35,79.35,79.35,300,0
SAFT.US,5,20211028,211500,79.22,79.22,79.22,79.22,100,0
SAFT.US,5,20211028,213000,79.185,79.185,78.96,79.14,573,0
SAFT.US,5,20211028,213500,79.08,79.2,79.06,79.17,1309,0
SAFT.US,5,20211028,214000,79.17,79.19,79.17,79.19,200,0
SAFT.US,5,20211028,214500,79.17,79.205,79.17,79.19,459,0
SAFT.US,5,20211028,215000,79.16,79.27,79.16,79.25,1364,0
SAFT.US,5,20211028,215500,79.255,79.28,79.11,79.26,9745,0
SAFT.US,5,20211029,153000,79.12,79.12,79.12,79.12,431,0
SAFT.US,5,20211029,153500,79.1769,79.1769,79.1769,79.1769,100,0
SAFT.US,5,20211029,154500,79.85,79.85,79.85,79.85,176,0
SAFT.US,5,20211029,155000,79.03,79.03,79.03,79.03,100,0
SAFT.US,5,20211029,155500,79.0301,79.275,78.5395,78.5395,5659,0
SAFT.US,5,20211029,160000,78.51,78.51,78.51,78.51,100,0
SAFT.US,5,20211029,160500,78.5,78.5,78.5,78.5,2000,0
SAFT.US,5,20211029,161000,78.55,78.55,78.25,78.25,200,0
SAFT.US,5,20211029,161500,77.95,78.2,77.95,78.2,700,0
SAFT.US,5,20211029,162000,78,78.23,77.98,77.98,5420,0
SAFT.US,5,20211029,162500,78.01,78.5,78.01,78.5,1337,0
SAFT.US,5,20211029,163500,78.45,78.55,78.45,78.484,2730,0
SAFT.US,5,20211029,164000,78.23,78.38,78.23,78.38,300,0
SAFT.US,5,20211029,164500,78.26,78.26,78.26,78.26,100,0
SAFT.US,5,20211029,165500,78.54,78.54,78.54,78.54,100,0
SAFT.US,5,20211029,171500,78.32,78.32,78.32,78.32,100,0
SAFT.US,5,20211029,173000,78.1583,78.1583,78.1583,78.1583,250,0
SAFT.US,5,20211029,173500,78.12,78.12,78.03,78.03,200,0
SAFT.US,5,20211029,174000,77.935,77.935,77.78,77.78,400,0
SAFT.US,5,20211029,175000,77.89,77.89,77.64,77.77,657,0
SAFT.US,5,20211029,175500,78.03,78.03,78.03,78.03,100,0
SAFT.US,5,20211029,180000,77.88,77.91,77.85,77.85,300,0
SAFT.US,5,20211029,181000,78.025,78.025,77.78,77.78,200,0
SAFT.US,5,20211029,181500,77.81,77.81,77.81,77.81,100,0
SAFT.US,5,20211029,182000,78,78.02,78,78.02,400,0
SAFT.US,5,20211029,182500,77.93,77.93,77.83,77.83,200,0
SAFT.US,5,20211029,183000,77.84,77.84,77.82,77.82,500,0
SAFT.US,5,20211029,183500,77.82,77.8432,77.82,77.82,400,0
SAFT.US,5,20211029,184000,77.75,77.75,77.75,77.75,100,0
SAFT.US,5,20211029,184500,77.83,77.83,77.83,77.83,100,0
SAFT.US,5,20211029,185500,77.79,77.79,77.79,77.79,200,0
SAFT.US,5,20211029,190000,77.79,77.98,77.79,77.98,600,0
SAFT.US,5,20211029,190500,77.905,77.905,77.905,77.905,100,0
SAFT.US,5,20211029,192000,78,78,78,78,100,0
SAFT.US,5,20211029,192500,78.03,78.27,78.03,78.245,1496,0
SAFT.US,5,20211029,193000,78.36,78.37,78.36,78.37,200,0
SAFT.US,5,20211029,194500,78.275,78.275,78.275,78.275,100,0
SAFT.US,5,20211029,195000,78.385,78.385,78.385,78.385,100,0
SAFT.US,5,20211029,195500,78.4625,78.47,78.23,78.23,400,0
SAFT.US,5,20211029,200500,78.59,78.59,78.59,78.59,100,0
SAFT.US,5,20211029,202000,78.29,78.3,78.27,78.295,1100,0
SAFT.US,5,20211029,202500,78.31,78.31,78.225,78.225,1000,0
SAFT.US,5,20211029,203000,78.32,78.32,78.13,78.13,503,0
SAFT.US,5,20211029,203500,78.38,78.4,78.38,78.4,300,0
SAFT.US,5,20211029,204000,78.575,78.575,78.45,78.45,200,0
SAFT.US,5,20211029,205000,78.3825,78.53,78.3825,78.53,200,0
SAFT.US,5,20211029,210000,78.43,78.43,78.43,78.43,100,0
SAFT.US,5,20211029,210500,78.475,78.475,78.475,78.475,100,0
SAFT.US,5,20211029,211000,78.28,78.38,78.28,78.28,800,0
SAFT.US,5,20211029,211500,78.31,78.31,78.31,78.31,100,0
SAFT.US,5,20211029,212000,78.28,78.31,78.28,78.3,500,0
SAFT.US,5,20211029,212500,78.21,78.21,78.21,78.21,100,0
SAFT.US,5,20211029,213000,78.44,78.44,78.36,78.36,200,0
SAFT.US,5,20211029,213500,78.37,78.37,78.37,78.37,100,0
SAFT.US,5,20211029,214000,78.44,78.44,78.44,78.44,100,0
SAFT.US,5,20211029,214500,78.545,78.545,78.435,78.53,400,0
SAFT.US,5,20211029,215000,78.45,78.45,78.28,78.42,1100,0
SAFT.US,5,20211029,215500,78.35,78.6,78.27,78.41,14759,0
SAFT.US,5,20211101,143000,78.95,78.95,78.95,78.95,356,0
SAFT.US,5,20211101,150000,78.92,78.92,78.18,78.18,300,0
SAFT.US,5,20211101,150500,78.49,78.49,78.47,78.47,300,0
SAFT.US,5,20211101,151000,78.07,78.07,78.07,78.07,100,0
SAFT.US,5,20211101,152000,78.25,78.25,78.25,78.25,100,0
SAFT.US,5,20211101,152500,78.65,78.65,78.65,78.65,100,0
SAFT.US,5,20211101,153500,78.32,78.32,78.32,78.32,531,0
SAFT.US,5,20211101,154000,78.66,78.66,78.435,78.435,750,0
SAFT.US,5,20211101,154500,78.435,78.59,78.36,78.515,807,0
SAFT.US,5,20211101,155000,78.59,78.59,78.59,78.59,100,0
SAFT.US,5,20211101,155500,78.6,78.62,78.6,78.62,200,0
SAFT.US,5,20211101,160000,78.6,78.6,78.54,78.54,200,0
SAFT.US,5,20211101,161500,79.07,79.07,79.07,79.07,100,0
SAFT.US,5,20211101,162500,78.73,79.15,78.73,78.74,300,0
SAFT.US,5,20211101,163000,78.73,78.73,78.73,78.73,100,0
SAFT.US,5,20211101,163500,78.73,78.73,78.73,78.73,100,0
SAFT.US,5,20211101,164000,78.97,78.98,78.74,78.74,647,0
SAFT.US,5,20211101,165000,78.93,78.93,78.93,78.93,100,0
SAFT.US,5,20211101,165500,78.7,78.7,78.7,78.7,100,0
SAFT.US,5,20211101,170500,79.05,79.05,79.05,79.05,100,0
SAFT.US,5,20211101,171000,78.98,78.98,78.98,78.98,100,0
SAFT.US,5,20211101,171500,79.06,79.25,79.01,79.01,500,0
SAFT.US,5,20211101,172500,79.01,79.01,78.73,78.73,500,0
SAFT.US,5,20211101,173500,78.69,78.69,78.69,78.69,600,0
SAFT.US,5,20211101,174000,79.02,79.2279,78.88,79.2279,420,0
SAFT.US,5,20211101,174500,79.1977,79.1977,79.03,79.03,350,0
SAFT.US,5,20211101,175000,79.08,79.15,79.075,79.075,300,0
SAFT.US,5,20211101,175500,79.15,79.15,79.1,79.125,400,0
SAFT.US,5,20211101,180000,79.1,79.1,78.85,78.85,2159,0
SAFT.US,5,20211101,180500,78.94,78.94,78.77,78.86,895,0
SAFT.US,5,20211101,181000,78.925,79,78.925,78.96,600,0
SAFT.US,5,20211101,181500,78.86,79.02,78.86,79.02,300,0
SAFT.US,5,20211101,182000,78.86,78.86,78.86,78.86,100,0
SAFT.US,5,20211101,182500,79.11,79.11,78.95,78.95,500,0
SAFT.US,5,20211101,183000,79.22,79.22,79.22,79.22,100,0
SAFT.US,5,20211101,183500,78.94,78.94,78.94,78.94,200,0
SAFT.US,5,20211101,184000,79.27,79.27,78.94,78.94,300,0
SAFT.US,5,20211101,184500,79.145,79.2,79.145,79.2,200,0
SAFT.US,5,20211101,185000,79.18,79.18,79.18,79.18,100,0
SAFT.US,5,20211101,185500,79.18,79.18,79.1,79.1,308,0
SAFT.US,5,20211101,190000,79.02,79.02,78.78,78.78,631,0
SAFT.US,5,20211101,191000,78.885,78.885,78.885,78.885,100,0
SAFT.US,5,20211101,192000,78.96,78.96,78.89,78.91,400,0
SAFT.US,5,20211101,192500,78.81,78.91,78.81,78.895,400,0
SAFT.US,5,20211101,193500,78.83,78.9,78.83,78.89,500,0
SAFT.US,5,20211101,194000,78.91,78.91,78.91,78.91,200,0
SAFT.US,5,20211101,194500,78.91,78.92,78.91,78.92,200,0
SAFT.US,5,20211101,195000,78.92,78.92,78.89,78.9,625,0
SAFT.US,5,20211101,195500,78.795,78.795,78.795,78.795,100,0
SAFT.US,5,20211101,200000,78.805,78.805,78.805,78.805,200,0
SAFT.US,5,20211101,200500,78.92,78.92,78.81,78.86,902,0
SAFT.US,5,20211101,201000,78.97,78.97,78.87,78.87,700,0
SAFT.US,5,20211101,201500,78.915,78.915,78.915,78.915,100,0
SAFT.US,5,20211101,202000,78.82,78.82,78.68,78.68,600,0
SAFT.US,5,20211101,202500,78.78,78.805,78.78,78.805,200,0
SAFT.US,5,20211101,203000,78.79,78.89,78.79,78.82,700,0
SAFT.US,5,20211101,203500,78.83,78.94,78.83,78.94,200,0
SAFT.US,5,20211101,204000,78.99,79.08,78.99,79.08,300,0
SAFT.US,5,20211101,204500,78.95,79.02,78.82,78.82,900,0
SAFT.US,5,20211101,205000,78.65,78.83,78.59,78.78,1962,0
SAFT.US,5,20211101,205500,78.65,78.76,78.58,78.67,18749,0
SAFT.US,5,20211102,143000,79.34,79.34,79.34,79.34,789,0
SAFT.US,5,20211102,150000,78.27,79.09,78.27,79.09,200,0
SAFT.US,5,20211102,150500,79,79.13,79,79.09,300,0
SAFT.US,5,20211102,153500,78.7,78.73,78.7,78.73,500,0
SAFT.US,5,20211102,154500,78.85,78.85,78.78,78.78,200,0
SAFT.US,5,20211102,155000,78.8,78.8,78.79,78.8,300,0
SAFT.US,5,20211102,155500,79.07,79.07,79.07,79.07,100,0
SAFT.US,5,20211102,160500,78.915,79.11,78.915,79.11,200,0
SAFT.US,5,20211102,162000,79.11,79.12,79.11,79.12,300,0
SAFT.US,5,20211102,164000,79.18,79.19,79.18,79.19,200,0
SAFT.US,5,20211102,165000,79.28,79.3,79.28,79.3,402,0
SAFT.US,5,20211102,165500,79.32,79.41,79.32,79.41,300,0
SAFT.US,5,20211102,170000,79.5,79.5,79.5,79.5,100,0
SAFT.US,5,20211102,171500,79.37,79.37,79.37,79.37,100,0
SAFT.US,5,20211102,172000,79.45,79.47,79.45,79.47,200,0
SAFT.US,5,20211102,173000,79.39,79.425,79.295,79.295,800,0
SAFT.US,5,20211102,174500,79.245,79.245,79.245,79.245,100,0
SAFT.US,5,20211102,180000,79.3309,79.3309,79.16,79.16,400,0
SAFT.US,5,20211102,180500,79.25,79.32,79.25,79.32,200,0
SAFT.US,5,20211102,181000,79.27,79.27,79.27,79.27,100,0
SAFT.US,5,20211102,181500,79.1251,79.18,79.1251,79.18,280,0
SAFT.US,5,20211102,182000,79.28,79.45,79.28,79.45,200,0
SAFT.US,5,20211102,183000,79.4,79.4,79.4,79.4,1000,0
SAFT.US,5,20211102,183500,79.3479,79.3479,79.3479,79.3479,130,0
SAFT.US,5,20211102,185000,79.435,79.435,79.435,79.435,125,0
SAFT.US,5,20211102,185500,79.52,79.52,79.52,79.52,100,0
SAFT.US,5,20211102,191000,79.75,79.75,79.75,79.75,100,0
SAFT.US,5,20211102,192500,79.72,79.72,79.72,79.72,100,0
SAFT.US,5,20211102,194000,79.85,80.08,79.85,80.08,300,0
SAFT.US,5,20211102,194500,79.98,79.98,79.88,79.88,400,0
SAFT.US,5,20211102,200000,79.955,79.98,79.92,79.92,400,0
SAFT.US,5,20211102,202000,79.8,79.8,79.7,79.7,600,0
SAFT.US,5,20211102,203000,79.593,79.593,79.593,79.593,400,0
SAFT.US,5,20211102,204000,79.49,79.49,79.49,79.49,100,0
SAFT.US,5,20211102,204500,79.58,79.61,79.58,79.61,400,0
SAFT.US,5,20211102,205000,79.51,79.51,79.41,79.42,700,0
SAFT.US,5,20211102,205500,79.41,79.55,79.37,79.4,13450,0
SAFT.US,5,20211103,143000,79.28,79.28,78.93,78.93,595,0
SAFT.US,5,20211103,150500,79.84,79.84,79.84,79.84,100,0
SAFT.US,5,20211103,151000,79.68,79.68,79.68,79.68,100,0
SAFT.US,5,20211103,153500,80.02,80.02,80.02,80.02,100,0
SAFT.US,5,20211103,154500,80.415,80.415,80.415,80.415,100,0
SAFT.US,5,20211103,155000,80.13,80.29,80.11,80.29,404,0
SAFT.US,5,20211103,160000,80.01,80.01,80.01,80.01,100,0
SAFT.US,5,20211103,161000,79.9271,79.9271,79.9271,79.9271,200,0
SAFT.US,5,20211103,161500,80.09,80.09,80.09,80.09,100,0
SAFT.US,5,20211103,162000,80,80,79.925,79.925,295,0
SAFT.US,5,20211103,163000,79.99,79.99,79.99,79.99,100,0
SAFT.US,5,20211103,172000,80.47,80.47,80.46,80.47,500,0
SAFT.US,5,20211103,172500,80.6,80.6,80.33,80.33,200,0
SAFT.US,5,20211103,173500,80.49,80.52,80.49,80.52,200,0
SAFT.US,5,20211103,174500,80.39,80.44,80.39,80.44,200,0
SAFT.US,5,20211103,175000,80.31,80.31,80.31,80.31,100,0
SAFT.US,5,20211103,180000,80.23,80.23,80.23,80.23,100,0
SAFT.US,5,20211103,184500,80.11,80.11,80.11,80.11,100,0
SAFT.US,5,20211103,190000,80.29,80.43,80.29,80.43,400,0
SAFT.US,5,20211103,191000,80.79,80.79,80.79,80.79,100,0
SAFT.US,5,20211103,191500,80.77,80.78,80.77,80.78,300,0
SAFT.US,5,20211103,192000,80.61,80.61,80.61,80.61,100,0
SAFT.US,5,20211103,192500,80.745,80.745,80.745,80.745,100,0
SAFT.US,5,20211103,193000,80.54,80.54,80.54,80.54,100,0
SAFT.US,5,20211103,193500,80.83,80.83,80.83,80.83,100,0
SAFT.US,5,20211103,194000,80.87,80.99,80.87,80.99,300,0
SAFT.US,5,20211103,194500,81.06,81.08,81.06,81.08,200,0
SAFT.US,5,20211103,195000,81.25,81.33,81.2,81.2,1200,0
SAFT.US,5,20211103,195500,81.265,81.265,81.11,81.11,400,0
SAFT.US,5,20211103,200500,81.2,81.217,81.2,81.217,300,0
SAFT.US,5,20211103,201000,81.22,81.22,80.99,81.17,600,0
SAFT.US,5,20211103,201500,80.8921,80.8921,80.8921,80.8921,174,0
SAFT.US,5,20211103,202000,81.1,81.1,81.02,81.02,900,0
SAFT.US,5,20211103,203000,81.01,81.01,81.01,81.01,100,0
SAFT.US,5,20211103,203500,81.08,81.08,80.95,80.97,600,0
SAFT.US,5,20211103,204000,81,81,80.975,80.975,400,0
SAFT.US,5,20211103,204500,80.97,80.97,80.97,80.97,100,0
SAFT.US,5,20211103,205000,80.955,80.955,80.78,80.78,900,0
SAFT.US,5,20211103,205500,80.94,81.06,80.71,81.06,13911,0
SAFT.US,5,20211104,143000,81.59,81.59,81.48,81.48,984,0
SAFT.US,5,20211104,143500,80.48,80.48,80.48,80.48,100,0
SAFT.US,5,20211104,144000,80.78,80.78,80.78,80.78,250,0
SAFT.US,5,20211104,144500,80.7,80.7,80.7,80.7,100,0
SAFT.US,5,20211104,145500,79.6,79.6,79.51,79.51,300,0
SAFT.US,5,20211104,152500,79.06,79.08,78.84,78.84,300,0
SAFT.US,5,20211104,154500,78.8298,78.8298,78.8298,78.8298,1000,0
SAFT.US,5,20211104,155500,78.78,78.94,78.77,78.77,300,0
SAFT.US,5,20211104,160000,78.97,78.97,78.97,78.97,100,0
SAFT.US,5,20211104,161000,79.0347,79.0347,79.0347,79.0347,150,0
SAFT.US,5,20211104,162500,78.97,79.195,78.97,79.195,907,0
SAFT.US,5,20211104,163000,79.03,79.03,78.99,78.99,755,0
SAFT.US,5,20211104,165500,79.11,79.11,78.95,78.95,200,0
SAFT.US,5,20211104,170000,78.76,78.84,78.61,78.84,600,0
SAFT.US,5,20211104,170500,78.87,78.89,78.78,78.78,500,0
SAFT.US,5,20211104,172000,78.8236,78.8236,78.665,78.665,927,0
SAFT.US,5,20211104,173000,78.645,78.645,78.51,78.51,494,0
SAFT.US,5,20211104,174000,78.48,78.6,78.48,78.6,746,0
SAFT.US,5,20211104,174500,78.63,78.63,78.63,78.63,100,0
SAFT.US,5,20211104,175500,78.55,78.55,78.55,78.55,100,0
SAFT.US,5,20211104,180500,78.545,78.545,78.395,78.395,415,0
SAFT.US,5,20211104,181500,78.39,78.39,78.39,78.39,100,0
SAFT.US,5,20211104,182500,78.385,78.385,78.385,78.385,100,0
SAFT.US,5,20211104,184000,78.3899,78.3899,78.3899,78.3899,218,0
SAFT.US,5,20211104,184500,78.395,78.5,78.395,78.49,2300,0
SAFT.US,5,20211104,185000,78.49,78.49,78.49,78.49,100,0
SAFT.US,5,20211104,190000,78.35,78.35,78.32,78.32,400,0
SAFT.US,5,20211104,190500,78.17,78.17,78.16,78.16,200,0
SAFT.US,5,20211104,192000,78,78,78,78,167,0
SAFT.US,5,20211104,192500,77.85,77.95,77.85,77.89,900,0
SAFT.US,5,20211104,193000,77.83,77.83,77.77,77.77,200,0
SAFT.US,5,20211104,193500,77.935,77.935,77.935,77.935,100,0
SAFT.US,5,20211104,195000,77.925,77.925,77.925,77.925,400,0
SAFT.US,5,20211104,195500,77.98,78.07,77.98,78.07,600,0
SAFT.US,5,20211104,200000,78.14,78.14,78.14,78.14,100,0
SAFT.US,5,20211104,201000,78.25,78.27,78.25,78.27,200,0
SAFT.US,5,20211104,202000,78.45,78.49,78.45,78.49,200,0
SAFT.US,5,20211104,203000,78.43,78.495,78.43,78.495,300,0
SAFT.US,5,20211104,203500,78.545,78.6234,78.545,78.6234,400,0
SAFT.US,5,20211104,204000,78.6,78.61,78.58,78.61,496,0
SAFT.US,5,20211104,204500,78.615,78.7,78.54,78.54,1400,0
SAFT.US,5,20211104,205000,78.65,78.855,78.5062,78.76,3098,0
SAFT.US,5,20211104,205500,79.03,79.09,78.8,78.98,30164,0
SAFT.US,5,20211105,143000,79.57,79.6,79.57,79.6,837,0
SAFT.US,5,20211105,143500,79.9,79.92,79.9,79.92,800,0
SAFT.US,5,20211105,144500,79.32,79.32,79.32,79.32,100,0
SAFT.US,5,20211105,150000,79.53,79.955,79.49,79.49,1000,0
SAFT.US,5,20211105,151500,79.87,79.87,79.87,79.87,100,0
SAFT.US,5,20211105,153500,79.86,80.26,79.86,80.26,400,0
SAFT.US,5,20211105,154000,80.29,80.47,80.188,80.47,1067,0
SAFT.US,5,20211105,154500,80.51,80.58,80.27,80.27,300,0
SAFT.US,5,20211105,155000,80.68,80.68,80.68,80.68,200,0
SAFT.US,5,20211105,160000,80.84,80.84,80.84,80.84,100,0
SAFT.US,5,20211105,160500,80.65,80.65,80.65,80.65,100,0
SAFT.US,5,20211105,161000,81.07,81.07,80.75,80.75,225,0
SAFT.US,5,20211105,162500,81.16,81.16,81.16,81.16,200,0
SAFT.US,5,20211105,163500,80.77,80.95,80.77,80.95,200,0
SAFT.US,5,20211105,164000,80.7372,80.7372,80.7372,80.7372,200,0
SAFT.US,5,20211105,164500,80.73,80.73,80.61,80.61,300,0
SAFT.US,5,20211105,165000,80.6904,80.8579,80.6904,80.78,842,0
SAFT.US,5,20211105,170000,80.75,80.75,80.75,80.75,100,0
SAFT.US,5,20211105,170500,80.51,80.81,80.51,80.81,600,0
SAFT.US,5,20211105,171500,80.57,80.57,80.57,80.57,100,0
SAFT.US,5,20211105,173000,80.69,80.81,80.69,80.81,500,0
SAFT.US,5,20211105,173500,81,81,81,81,100,0
SAFT.US,5,20211105,175000,81.05,81.05,80.95,80.95,201,0
SAFT.US,5,20211105,180000,81.18,81.18,81.05,81.05,300,0
SAFT.US,5,20211105,181500,81.0875,81.18,81.0875,81.18,300,0
SAFT.US,5,20211105,182500,80.96,80.96,80.96,80.96,100,0
SAFT.US,5,20211105,183000,80.86,80.86,80.86,80.86,100,0
SAFT.US,5,20211105,184000,80.905,80.905,80.71,80.71,300,0
SAFT.US,5,20211105,185000,80.6626,80.6626,80.6626,80.6626,153,0
SAFT.US,5,20211105,185500,80.77,80.77,80.75,80.75,200,0
SAFT.US,5,20211105,190500,80.71,81.18,80.71,81.18,1100,0
SAFT.US,5,20211105,191500,81.09,81.09,81.06,81.06,300,0
SAFT.US,5,20211105,192500,80.95,80.95,80.95,80.95,100,0
SAFT.US,5,20211105,193500,80.89,80.89,80.8,80.83,300,0
SAFT.US,5,20211105,194000,80.77,80.77,80.5,80.5,200,0
SAFT.US,5,20211105,194500,80.7,80.7,80.7,80.7,100,0
SAFT.US,5,20211105,195000,80.73,80.73,80.73,80.73,225,0
SAFT.US,5,20211105,195500,80.3901,80.3901,80.3901,80.3901,200,0
SAFT.US,5,20211105,200000,80.68,80.68,80.68,80.68,100,0
SAFT.US,5,20211105,200500,80.82,80.82,80.82,80.82,100,0
SAFT.US,5,20211105,202000,80.94,80.98,80.85,80.97,600,0
SAFT.US,5,20211105,203500,80.9143,80.9143,80.9143,80.9143,150,0
SAFT.US,5,20211105,204000,81.05,81.05,81.029,81.029,200,0
SAFT.US,5,20211105,204500,81.12,81.12,81.07,81.07,200,0
SAFT.US,5,20211105,205000,81.08,81.15,81.08,81.15,584,0
SAFT.US,5,20211105,205500,81.19,81.19,80.95,80.95,9856,0
SAFT.US,5,20211108,153000,80.87,80.87,80.87,80.87,722,0
SAFT.US,5,20211108,154000,80.745,80.745,80.745,80.745,127,0
SAFT.US,5,20211108,155000,80.91,81.3,80.77,80.77,600,0
SAFT.US,5,20211108,155500,81.18,81.18,81.18,81.18,100,0
SAFT.US,5,20211108,160000,80.86,80.98,80.85,80.85,300,0
SAFT.US,5,20211108,161000,80.63,80.63,80.63,80.63,100,0
SAFT.US,5,20211108,163000,80.65,80.65,80.65,80.65,100,0
SAFT.US,5,20211108,164500,80.9,80.9,80.9,80.9,275,0
SAFT.US,5,20211108,170000,81.21,81.225,81.21,81.225,200,0
SAFT.US,5,20211108,170500,81.08,81.08,81.08,81.08,100,0
SAFT.US,5,20211108,174000,81.1,81.1,81.06,81.06,300,0
SAFT.US,5,20211108,175000,81.38,81.38,81.38,81.38,100,0
SAFT.US,5,20211108,175500,81.23,81.23,81.23,81.23,100,0
SAFT.US,5,20211108,191000,80.58,80.59,80.55,80.55,300,0
SAFT.US,5,20211108,192500,80.51,80.51,80.51,80.51,100,0
SAFT.US,5,20211108,194000,80.48,80.48,80.48,80.48,118,0
SAFT.US,5,20211108,194500,80.8,80.8,80.8,80.8,100,0
SAFT.US,5,20211108,200500,81.0217,81.0217,81.0217,81.0217,171,0
SAFT.US,5,20211108,202000,80.74,80.78,80.74,80.78,500,0
SAFT.US,5,20211108,204000,80.52,80.52,80.52,80.52,200,0
SAFT.US,5,20211108,210000,80.21,80.53,80.17,80.17,300,0
SAFT.US,5,20211108,211000,80.46,80.46,80.46,80.46,100,0
SAFT.US,5,20211108,213000,80.39,80.39,80.39,80.39,100,0
SAFT.US,5,20211108,213500,80.5,80.5,80.5,80.5,398,0
SAFT.US,5,20211108,215000,80.51,80.62,80.51,80.62,207,0
SAFT.US,5,20211108,215500,80.66,80.81,80.51,80.51,8267,0
SAFT.US,5,20211109,153000,80.5,80.91,80.5,80.5,1373,0
SAFT.US,5,20211109,154000,80.14,80.14,80.14,80.14,100,0
SAFT.US,5,20211109,154500,80.46,80.46,80.46,80.46,100,0
SAFT.US,5,20211109,155500,80.62,80.67,80.62,80.62,2100,0
SAFT.US,5,20211109,162000,80.385,80.41,80.36,80.36,300,0
SAFT.US,5,20211109,170000,80.28,80.28,80.28,80.28,100,0
SAFT.US,5,20211109,170500,80.74,80.74,80.74,80.74,100,0
SAFT.US,5,20211109,171500,80.65,80.65,80.65,80.65,100,0
SAFT.US,5,20211109,172500,80.43,80.44,80.41,80.44,300,0
SAFT.US,5,20211109,173000,80.55,80.55,80.55,80.55,100,0
SAFT.US,5,20211109,174000,80.68,80.69,80.68,80.69,200,0
SAFT.US,5,20211109,181000,80.86,80.86,80.86,80.86,100,0
SAFT.US,5,20211109,181500,80.88,80.9,80.87,80.9,300,0
SAFT.US,5,20211109,182500,80.9399,80.9399,80.9399,80.9399,300,0
SAFT.US,5,20211109,183500,81.04,81.04,81.04,81.04,100,0
SAFT.US,5,20211109,184000,80.88,80.88,80.88,80.88,100,0
SAFT.US,5,20211109,184500,80.88,80.88,80.78,80.78,300,0
SAFT.US,5,20211109,192000,80.825,80.825,80.825,80.825,100,0
SAFT.US,5,20211109,194500,80.795,80.83,80.795,80.83,300,0
SAFT.US,5,20211109,195000,80.91,80.91,80.91,80.91,100,0
SAFT.US,5,20211109,195500,80.9,80.91,80.9,80.91,300,0
SAFT.US,5,20211109,200000,81.01,81.01,81.005,81.005,300,0
SAFT.US,5,20211109,201000,80.8,80.89,80.72,80.72,400,0
SAFT.US,5,20211109,202000,80.82,80.82,80.82,80.82,100,0
SAFT.US,5,20211109,202500,80.83,81.02,80.83,81.02,255,0
SAFT.US,5,20211109,203000,80.93,80.93,80.915,80.915,200,0
SAFT.US,5,20211109,203500,81.02,81.07,81.02,81.07,300,0
SAFT.US,5,20211109,204500,81.15,81.15,81.07,81.135,500,0
SAFT.US,5,20211109,205000,81.07,81.07,81.07,81.07,200,0
SAFT.US,5,20211109,205500,81.15,81.15,81.125,81.125,200,0
SAFT.US,5,20211109,210000,81.18,81.18,81.18,81.18,200,0
SAFT.US,5,20211109,210500,81.19,81.19,81.16,81.16,400,0
SAFT.US,5,20211109,211000,81.155,81.155,81.12,81.125,400,0
SAFT.US,5,20211109,211500,80.986,80.986,80.986,80.986,100,0
SAFT.US,5,20211109,212000,81.01,81.02,81.01,81.02,200,0
SAFT.US,5,20211109,212500,81,81,81,81,300,0
SAFT.US,5,20211109,213000,81,81.02,81,81,900,0
SAFT.US,5,20211109,213500,81,81.07,81,81.07,400,0
SAFT.US,5,20211109,214000,81.03,81.03,81.03,81.03,100,0
SAFT.US,5,20211109,214500,81,81.01,80.99,81.01,600,0
SAFT.US,5,20211109,215000,80.9,81.02,80.77,80.77,4068,0
SAFT.US,5,20211109,215500,80.9,81.14,80.89,80.97,20315,0
SAFT.US,5,20211110,154000,81.02,81.02,81.02,81.02,100,0
SAFT.US,5,20211110,154500,81.55,81.845,81.55,81.845,577,0
SAFT.US,5,20211110,155500,81.6,81.6,81.6,81.6,100,0
SAFT.US,5,20211110,161000,81.468,81.468,81.468,81.468,150,0
SAFT.US,5,20211110,161500,81.45,81.45,81.45,81.45,100,0
SAFT.US,5,20211110,163000,81.35,81.35,81.35,81.35,100,0
SAFT.US,5,20211110,163500,81.42,81.49,81.42,81.49,200,0
SAFT.US,5,20211110,164500,81.0247,81.0247,81.0247,81.0247,168,0
SAFT.US,5,20211110,170500,81.07,81.07,81.07,81.07,100,0
SAFT.US,5,20211110,173500,81.47,81.47,81.47,81.47,104,0
SAFT.US,5,20211110,174000,81.256,81.315,81.19,81.315,300,0
SAFT.US,5,20211110,174500,81.22,81.22,81.22,81.22,100,0
SAFT.US,5,20211110,175000,81.46,81.715,81.46,81.6,695,0
SAFT.US,5,20211110,175500,81.55,81.55,81.55,81.55,100,0
SAFT.US,5,20211110,180000,81.57,81.715,81.57,81.715,400,0
SAFT.US,5,20211110,183000,81.49,81.73,81.49,81.69,645,0
SAFT.US,5,20211110,183500,81.61,81.61,81.37,81.37,2029,0
SAFT.US,5,20211110,184000,81.66,81.66,81.6555,81.6555,200,0
SAFT.US,5,20211110,184500,81.7,81.7,81.7,81.7,100,0
SAFT.US,5,20211110,190000,81.67,81.67,81.67,81.67,100,0
SAFT.US,5,20211110,190500,81.7,81.9765,81.7,81.9,1273,0
SAFT.US,5,20211110,191000,81.895,81.895,81.895,81.895,100,0
SAFT.US,5,20211110,191500,81.87,82,81.86,81.98,1102,0
SAFT.US,5,20211110,192000,82.05,82.11,82.05,82.11,498,0
SAFT.US,5,20211110,192500,82.06,82.095,82.06,82.095,200,0
SAFT.US,5,20211110,193000,82.175,82.175,82.175,82.175,118,0
SAFT.US,5,20211110,195500,82.12,82.12,82.12,82.12,100,0
SAFT.US,5,20211110,200500,82.2,82.2,82.11,82.11,200,0
SAFT.US,5,20211110,201000,81.99,81.99,81.99,81.99,200,0
SAFT.US,5,20211110,201500,82.06,82.06,82.06,82.06,100,0
SAFT.US,5,20211110,202000,81.77,81.9,81.77,81.9,200,0
SAFT.US,5,20211110,203000,81.95,82,81.95,82,492,0
SAFT.US,5,20211110,203500,82,82,82,82,100,0
SAFT.US,5,20211110,204000,81.895,81.98,81.7001,81.7001,332,0
SAFT.US,5,20211110,204500,81.87,81.87,81.87,81.87,100,0
SAFT.US,5,20211110,205000,81.7,81.7,81.7,81.7,174,0
SAFT.US,5,20211110,205500,81.7,81.7,81.7,81.7,142,0
SAFT.US,5,20211110,210500,81.75,81.75,81.75,81.75,100,0
SAFT.US,5,20211110,211500,81.87,81.88,81.87,81.88,200,0
SAFT.US,5,20211110,213000,81.58,81.58,81.58,81.58,100,0
SAFT.US,5,20211110,214000,81.66,81.66,81.66,81.66,100,0
SAFT.US,5,20211110,214500,81.65,81.86,81.65,81.86,400,0
SAFT.US,5,20211110,215000,81.68,81.89,81.68,81.89,600,0
SAFT.US,5,20211110,215500,81.98,82.16,81.96,82.02,15042,0
SAFT.US,5,20211111,153000,81.84,81.84,81.84,81.84,331,0
SAFT.US,5,20211111,160000,81.5,81.5,81.5,81.5,100,0
SAFT.US,5,20211111,163000,82.1,82.15,81.68,81.89,600,0
SAFT.US,5,20211111,165500,81.82,81.89,81.75,81.89,700,0
SAFT.US,5,20211111,170500,82,82,82,82,150,0
SAFT.US,5,20211111,171500,82.196,82.196,82.01,82.01,660,0
SAFT.US,5,20211111,173000,82,82,82,82,330,0
SAFT.US,5,20211111,173500,82.18,82.18,81.97,81.97,300,0
SAFT.US,5,20211111,174000,82.09,82.35,82.09,82.35,1180,0
SAFT.US,5,20211111,174500,82.37,82.37,82.37,82.37,100,0
SAFT.US,5,20211111,175000,82.35,82.5,82.35,82.5,420,0
SAFT.US,5,20211111,181500,82.45,82.65,82.45,82.65,779,0
SAFT.US,5,20211111,182500,82.67,82.67,82.51,82.51,200,0
SAFT.US,5,20211111,183000,82.63,82.645,82.63,82.645,200,0
SAFT.US,5,20211111,185500,82.84,82.84,82.84,82.84,435,0
SAFT.US,5,20211111,192500,82.8,82.8,82.67,82.67,1300,0
SAFT.US,5,20211111,193000,82.65,82.75,82.65,82.75,1100,0
SAFT.US,5,20211111,193500,82.785,82.785,82.69,82.69,800,0
SAFT.US,5,20211111,194500,82.71,82.72,82.71,82.72,200,0
SAFT.US,5,20211111,200000,82.59,82.6,82.59,82.6,300,0
SAFT.US,5,20211111,201000,82.58,82.58,82.58,82.58,100,0
SAFT.US,5,20211111,202000,82.57,82.57,82.57,82.57,100,0
SAFT.US,5,20211111,203500,82.39,82.39,82.39,82.39,100,0
SAFT.US,5,20211111,204000,82.5,82.5,82.5,82.5,150,0
SAFT.US,5,20211111,205500,82.505,82.505,82.505,82.505,100,0
SAFT.US,5,20211111,210000,82.61,82.81,82.61,82.81,600,0
SAFT.US,5,20211111,210500,82.82,82.82,82.81,82.81,714,0
SAFT.US,5,20211111,211000,82.74,82.74,82.74,82.74,100,0
SAFT.US,5,20211111,212000,82.78,82.78,82.71,82.71,225,0
SAFT.US,5,20211111,212500,82.47,82.47,82.47,82.47,100,0
SAFT.US,5,20211111,213000,82.49,82.49,82.49,82.49,100,0
SAFT.US,5,20211111,213500,82.585,82.585,82.585,82.585,100,0
SAFT.US,5,20211111,214000,82.63,82.63,82.54,82.54,300,0
SAFT.US,5,20211111,214500,82.44,82.545,82.43,82.545,300,0
SAFT.US,5,20211111,215000,82.58,82.61,82.38,82.38,1300,0
SAFT.US,5,20211111,215500,82.51,82.695,82.43,82.47,9031,0
