<TICKER>,<PER>,<DATE>,<TIME>,<OPEN>,<HIGH>,<LOW>,<CLOSE>,<VOL>,<OPENINT>
AGM.US,5,20210922,153000,100.95,100.95,100.95,100.95,148,0
AGM.US,5,20210922,154500,101.015,101.015,101.015,101.015,100,0
AGM.US,5,20210922,160500,101.3,101.3,101.3,101.3,100,0
AGM.US,5,20210922,161000,101.387,101.387,101.205,101.205,400,0
AGM.US,5,20210922,164000,101.158,101.158,101.101,101.101,400,0
AGM.US,5,20210922,165000,101.18,101.18,101.18,101.18,100,0
AGM.US,5,20210922,170000,101.4,101.4,101.16,101.16,200,0
AGM.US,5,20210922,171000,101.35,102.01,101.35,102.01,2385,0
AGM.US,5,20210922,171500,102.225,102.225,102.225,102.225,200,0
AGM.US,5,20210922,174000,102.4,102.48,102.4,102.48,200,0
AGM.US,5,20210922,174500,102.245,102.245,102.245,102.245,100,0
AGM.US,5,20210922,175500,102.51,102.51,102.5,102.5,202,0
AGM.US,5,20210922,180000,102.4,102.4,102.4,102.4,200,0
AGM.US,5,20210922,180500,102.24,102.24,102.23,102.23,300,0
AGM.US,5,20210922,183500,101.865,101.865,101.865,101.865,100,0
AGM.US,5,20210922,185500,101.85,101.85,101.85,101.85,100,0
AGM.US,5,20210922,190000,102.06,102.06,102.06,102.06,109,0
AGM.US,5,20210922,191500,102.058,102.058,102.058,102.058,125,0
AGM.US,5,20210922,192500,101.85,101.85,101.85,101.85,100,0
AGM.US,5,20210922,193000,101.91,101.91,101.91,101.91,100,0
AGM.US,5,20210922,193500,101.83,101.83,101.83,101.83,100,0
AGM.US,5,20210922,194000,101.85,101.85,101.85,101.85,200,0
AGM.US,5,20210922,195000,101.73,102.057,101.73,102.057,600,0
AGM.US,5,20210922,195500,101.75,101.75,101.75,101.75,100,0
AGM.US,5,20210922,201000,102.19,102.22,102.19,102.22,300,0
AGM.US,5,20210922,201500,102.22,102.22,102.22,102.22,200,0
AGM.US,5,20210922,202000,102.17,102.17,102.05,102.05,200,0
AGM.US,5,20210922,202500,101.815,101.815,101.815,101.815,100,0
AGM.US,5,20210922,203000,101.84,102.01,101.8,101.8,400,0
AGM.US,5,20210922,205000,101.71,101.71,101.585,101.585,400,0
AGM.US,5,20210922,205500,102.03,102.03,102.03,102.03,100,0
AGM.US,5,20210922,210000,102.17,102.17,102.17,102.17,100,0
AGM.US,5,20210922,210500,101.91,101.91,101.91,101.91,100,0
AGM.US,5,20210922,211500,102.19,102.19,101.83,101.83,200,0
AGM.US,5,20210922,212000,101.775,101.775,101.775,101.775,100,0
AGM.US,5,20210922,212500,102.05,102.225,102.05,102.225,200,0
AGM.US,5,20210922,213000,102.025,102.31,102.025,102.31,200,0
AGM.US,5,20210922,213500,102.055,102.055,102.055,102.055,100,0
AGM.US,5,20210922,214000,102.105,102.3,101.925,102.3,471,0
AGM.US,5,20210922,214500,101.9,102.24,101.72,101.72,3900,0
AGM.US,5,20210922,215000,101.855,102.16,101.58,101.87,1156,0
AGM.US,5,20210922,215500,101.785,101.91,101.71,101.91,6691,0
AGM.US,5,20210923,153000,102.03,102.03,101.409,101.409,790,0
AGM.US,5,20210923,153500,102.49,102.49,102.49,102.49,100,0
AGM.US,5,20210923,160500,102.25,102.25,102,102,1005,0
AGM.US,5,20210923,161000,102.59,102.59,102.59,102.59,100,0
AGM.US,5,20210923,162500,102.66,102.66,102.66,102.66,100,0
AGM.US,5,20210923,164500,102.92,102.92,102.645,102.645,570,0
AGM.US,5,20210923,165000,103,103,103,103,100,0
AGM.US,5,20210923,165500,103,103,103,103,100,0
AGM.US,5,20210923,170500,103,103,103,103,400,0
AGM.US,5,20210923,171000,103,103.03,103,103.03,300,0
AGM.US,5,20210923,171500,102.89,102.89,102.81,102.81,300,0
AGM.US,5,20210923,172000,102.874,102.874,102.874,102.874,300,0
AGM.US,5,20210923,172500,103.13,103.14,103.13,103.14,300,0
AGM.US,5,20210923,173000,103.35,103.35,103.35,103.35,370,0
AGM.US,5,20210923,173500,103.37,103.37,103.37,103.37,330,0
AGM.US,5,20210923,175000,103.04,103.04,103.04,103.04,200,0
AGM.US,5,20210923,175500,103.06,103.06,103.06,103.06,100,0
AGM.US,5,20210923,180500,103.4,103.4,103.4,103.4,100,0
AGM.US,5,20210923,182500,103.26,103.26,103.01,103.01,500,0
AGM.US,5,20210923,183000,103.01,103.01,103.01,103.01,100,0
AGM.US,5,20210923,184500,103.3,103.3,103.3,103.3,100,0
AGM.US,5,20210923,190000,102.91,102.91,102.91,102.91,100,0
AGM.US,5,20210923,195500,103.28,103.28,103.28,103.28,100,0
AGM.US,5,20210923,200000,103.43,103.61,103.43,103.61,1200,0
AGM.US,5,20210923,201000,103.61,103.88,103.61,103.88,2204,0
AGM.US,5,20210923,201500,103.9,104,103.9,104,245,0
AGM.US,5,20210923,202500,104.2,104.22,104.18,104.22,500,0
AGM.US,5,20210923,205000,104.05,104.05,104.05,104.05,100,0
AGM.US,5,20210923,205500,104.02,104.02,103.71,103.71,400,0
AGM.US,5,20210923,210000,103.61,103.61,103.61,103.61,100,0
AGM.US,5,20210923,211500,103.65,103.78,103.65,103.78,300,0
AGM.US,5,20210923,212000,103.83,103.83,103.83,103.83,105,0
AGM.US,5,20210923,213000,103.835,103.835,103.835,103.835,100,0
AGM.US,5,20210923,213500,103.72,103.89,103.49,103.89,1619,0
AGM.US,5,20210923,214000,103.51,103.9,103.51,103.59,1200,0
AGM.US,5,20210923,214500,103.85,103.98,103.63,103.86,1559,0
AGM.US,5,20210923,215000,103.81,104.02,103.81,104.02,300,0
AGM.US,5,20210923,215500,103.97,104.21,103.85,104.17,4766,0
AGM.US,5,20210924,153000,103.88,104.91,103.88,104.91,327,0
AGM.US,5,20210924,153500,104.38,104.38,104.38,104.38,100,0
AGM.US,5,20210924,160000,104.915,104.915,104.85,104.85,200,0
AGM.US,5,20210924,160500,104.62,104.62,104.62,104.62,100,0
AGM.US,5,20210924,162000,104.92,105.37,104.81,105.37,500,0
AGM.US,5,20210924,162500,105.05,105.245,105.05,105.245,703,0
AGM.US,5,20210924,164000,105.355,105.63,105.355,105.63,300,0
AGM.US,5,20210924,164500,105.538,105.538,105.538,105.538,100,0
AGM.US,5,20210924,165000,105.78,105.82,105.58,105.58,410,0
AGM.US,5,20210924,170500,105.79,105.79,105.79,105.79,151,0
AGM.US,5,20210924,175000,106.13,106.13,106.13,106.13,100,0
AGM.US,5,20210924,180000,106.13,106.14,106.13,106.14,340,0
AGM.US,5,20210924,190500,106.07,106.13,106.07,106.13,200,0
AGM.US,5,20210924,192000,106.124,106.124,106.124,106.124,100,0
AGM.US,5,20210924,193000,106.23,106.23,106.23,106.23,100,0
AGM.US,5,20210924,195500,105.96,105.96,105.96,105.96,200,0
AGM.US,5,20210924,200500,106.07,106.07,106.07,106.07,100,0
AGM.US,5,20210924,201000,106.05,106.05,106.05,106.05,100,0
AGM.US,5,20210924,201500,106.15,106.175,106.15,106.175,393,0
AGM.US,5,20210924,202000,106.24,106.24,106.23,106.23,200,0
AGM.US,5,20210924,203500,106.16,106.235,106.16,106.235,200,0
AGM.US,5,20210924,204000,106.17,106.19,106.17,106.17,400,0
AGM.US,5,20210924,205000,106.01,106.01,105.995,106,400,0
AGM.US,5,20210924,210000,106.01,106.086,105.86,106.086,429,0
AGM.US,5,20210924,211000,105.75,105.75,105.75,105.75,100,0
AGM.US,5,20210924,211500,105.86,105.86,105.86,105.86,100,0
AGM.US,5,20210924,212000,105.72,105.885,105.72,105.885,800,0
AGM.US,5,20210924,213000,105.8,105.8,105.8,105.8,100,0
AGM.US,5,20210924,213500,105.7,105.7,105.7,105.7,100,0
AGM.US,5,20210924,214000,105.78,105.78,105.78,105.78,190,0
AGM.US,5,20210924,214500,105.82,106.05,105.66,105.66,438,0
AGM.US,5,20210924,215000,105.94,106.01,105.74,105.74,798,0
AGM.US,5,20210924,215500,105.73,105.98,105.73,105.92,4455,0
AGM.US,5,20210927,153000,106.73,107.05,106.73,107.05,361,0
AGM.US,5,20210927,155000,107.55,107.71,107.55,107.71,400,0
AGM.US,5,20210927,155500,108.09,108.17,108.08,108.17,400,0
AGM.US,5,20210927,162000,108.42,108.43,108.42,108.43,600,0
AGM.US,5,20210927,165000,108.71,108.71,108.71,108.71,100,0
AGM.US,5,20210927,170500,109.169,109.169,109.169,109.169,126,0
AGM.US,5,20210927,171000,109.36,109.36,109.36,109.36,200,0
AGM.US,5,20210927,173000,108.95,108.95,108.95,108.95,100,0
AGM.US,5,20210927,175500,109.4,109.4,109.15,109.15,463,0
AGM.US,5,20210927,180500,109.357,109.357,109.357,109.357,100,0
AGM.US,5,20210927,182500,109.5,109.5,109.5,109.5,100,0
AGM.US,5,20210927,183000,109.49,109.49,109.49,109.49,100,0
AGM.US,5,20210927,184000,109.715,109.715,109.715,109.715,100,0
AGM.US,5,20210927,185500,109.3,109.3,109.3,109.3,100,0
AGM.US,5,20210927,190000,109.34,109.51,109.32,109.51,600,0
AGM.US,5,20210927,190500,109.51,109.51,109.51,109.51,275,0
AGM.US,5,20210927,191000,109.69,109.69,109.69,109.69,106,0
AGM.US,5,20210927,192500,109.68,109.68,109.68,109.68,100,0
AGM.US,5,20210927,193500,109.46,109.46,109.46,109.46,110,0
AGM.US,5,20210927,194500,109.61,109.61,109.61,109.61,526,0
AGM.US,5,20210927,200500,109.612,109.612,109.612,109.612,500,0
AGM.US,5,20210927,201000,109.99,109.99,109.99,109.99,100,0
AGM.US,5,20210927,201500,109.99,110.03,109.99,110.03,995,0
AGM.US,5,20210927,202000,110.052,110.145,110.05,110.06,400,0
AGM.US,5,20210927,202500,110.145,110.145,110.145,110.145,100,0
AGM.US,5,20210927,203000,110.23,110.23,110.23,110.23,100,0
AGM.US,5,20210927,203500,110.25,110.25,110.12,110.12,550,0
AGM.US,5,20210927,204000,110.43,110.43,110.285,110.285,400,0
AGM.US,5,20210927,204500,110.22,110.22,110.22,110.22,100,0
AGM.US,5,20210927,205000,110.12,110.215,110.12,110.215,200,0
AGM.US,5,20210927,210000,110.5,110.625,110.5,110.625,1234,0
AGM.US,5,20210927,210500,110.54,110.54,110.54,110.54,100,0
AGM.US,5,20210927,211000,110.6,110.9,110.6,110.9,2013,0
AGM.US,5,20210927,212000,110.78,110.88,110.7,110.88,600,0
AGM.US,5,20210927,212500,110.7,110.96,110.7,110.78,1683,0
AGM.US,5,20210927,213000,110.64,110.775,110.61,110.61,1200,0
AGM.US,5,20210927,213500,110.77,110.887,110.77,110.887,298,0
AGM.US,5,20210927,214000,110.83,110.886,110.83,110.883,415,0
AGM.US,5,20210927,214500,110.92,110.92,110.68,110.885,821,0
AGM.US,5,20210927,215000,110.775,110.89,110.62,110.89,2110,0
AGM.US,5,20210927,215500,110.9,111.19,110.9,111.03,7473,0
AGM.US,5,20210928,153000,110.68,110.68,110.68,110.68,354,0
AGM.US,5,20210928,154000,110.65,111.61,110.05,110.48,600,0
AGM.US,5,20210928,155000,110.48,110.48,110.48,110.48,176,0
AGM.US,5,20210928,160000,110.6,110.6,110.6,110.6,100,0
AGM.US,5,20210928,160500,110.6,110.6,110.49,110.49,200,0
AGM.US,5,20210928,162500,110.45,110.74,110.45,110.46,400,0
AGM.US,5,20210928,163000,110.25,110.705,110.25,110.705,638,0
AGM.US,5,20210928,163500,110.151,110.151,110.151,110.151,500,0
AGM.US,5,20210928,164000,110.73,110.73,110.73,110.73,100,0
AGM.US,5,20210928,170000,110.71,110.735,110.38,110.38,500,0
AGM.US,5,20210928,170500,110.695,110.695,110.695,110.695,100,0
AGM.US,5,20210928,171500,110.75,110.823,110.6,110.823,829,0
AGM.US,5,20210928,172000,110.87,110.87,110.87,110.87,400,0
AGM.US,5,20210928,172500,110.16,110.16,110.16,110.16,100,0
AGM.US,5,20210928,173500,110.508,110.508,110.36,110.36,220,0
AGM.US,5,20210928,180500,110.47,110.47,110.02,110.46,800,0
AGM.US,5,20210928,181000,110.37,110.45,110.37,110.44,802,0
AGM.US,5,20210928,181500,110.51,110.57,110.51,110.57,818,0
AGM.US,5,20210928,182000,110.56,110.59,110.54,110.59,1000,0
AGM.US,5,20210928,182500,110.6,110.6,110.6,110.6,1814,0
AGM.US,5,20210928,184000,110.84,110.84,110.84,110.84,100,0
AGM.US,5,20210928,185000,110.615,110.615,110.615,110.615,292,0
AGM.US,5,20210928,185500,110.61,110.93,110.61,110.93,795,0
AGM.US,5,20210928,190500,110.72,111.17,110.72,111.17,300,0
AGM.US,5,20210928,191500,110.93,110.94,110.93,110.94,300,0
AGM.US,5,20210928,192000,111.019,111.019,111.019,111.019,100,0
AGM.US,5,20210928,192500,111.29,111.29,111.23,111.29,301,0
AGM.US,5,20210928,194000,110.71,110.71,110.71,110.71,100,0
AGM.US,5,20210928,200500,110.93,111,110.75,111,1300,0
AGM.US,5,20210928,201000,110.98,111,110.785,110.785,300,0
AGM.US,5,20210928,201500,110.785,110.785,110.785,110.785,200,0
AGM.US,5,20210928,202000,110.895,110.895,110.895,110.895,100,0
AGM.US,5,20210928,202500,110.98,110.98,110.55,110.55,202,0
AGM.US,5,20210928,203000,110.89,110.89,110.89,110.89,100,0
AGM.US,5,20210928,204000,110.78,110.99,110.78,110.99,300,0
AGM.US,5,20210928,205000,111.04,111.04,111.04,111.04,100,0
AGM.US,5,20210928,211000,110.89,110.89,110.89,110.89,400,0
AGM.US,5,20210928,212000,110.88,110.995,110.88,110.995,200,0
AGM.US,5,20210928,212500,110.995,111.13,110.995,111.13,800,0
AGM.US,5,20210928,213000,111.04,111.04,111.04,111.04,100,0
AGM.US,5,20210928,213500,111.05,111.05,111.05,111.05,100,0
AGM.US,5,20210928,214000,111.04,111.06,110.93,111.06,565,0
AGM.US,5,20210928,214500,111.06,111.06,111.05,111.05,300,0
AGM.US,5,20210928,215000,110.96,111.22,110.86,111.2,2936,0
AGM.US,5,20210928,215500,111.3,111.495,111.16,111.17,7893,0
AGM.US,5,20210929,153000,110.93,110.93,110.521,110.521,745,0
AGM.US,5,20210929,154500,110.299,110.299,110.299,110.299,500,0
AGM.US,5,20210929,162500,110.72,110.72,110.72,110.72,224,0
AGM.US,5,20210929,163000,110.28,110.28,110.28,110.28,100,0
AGM.US,5,20210929,163500,111.048,111.048,111.048,111.048,125,0
AGM.US,5,20210929,165500,110.95,111.01,110.95,111.01,2641,0
AGM.US,5,20210929,172000,110.89,110.89,110.89,110.89,100,0
AGM.US,5,20210929,173000,111.09,111.09,110.75,110.75,300,0
AGM.US,5,20210929,174000,111.2,111.2,111.2,111.2,100,0
AGM.US,5,20210929,175500,111.1,111.1,111.1,111.1,100,0
AGM.US,5,20210929,180500,111.23,111.23,111.23,111.23,100,0
AGM.US,5,20210929,181000,111.066,111.066,110.97,110.97,767,0
AGM.US,5,20210929,181500,111.064,111.064,110.897,110.897,400,0
AGM.US,5,20210929,184000,110.66,110.66,110.66,110.66,100,0
AGM.US,5,20210929,184500,110.29,110.29,110.29,110.29,100,0
AGM.US,5,20210929,190000,110.56,110.56,110.555,110.56,700,0
AGM.US,5,20210929,190500,110.82,110.82,110.82,110.82,100,0
AGM.US,5,20210929,191000,110.8,110.8,110.8,110.8,100,0
AGM.US,5,20210929,191500,110.8,110.83,110.6,110.6,705,0
AGM.US,5,20210929,192000,110.61,110.61,110.6,110.6,236,0
AGM.US,5,20210929,192500,110.74,110.74,110.44,110.44,200,0
AGM.US,5,20210929,193500,110.425,110.425,110.425,110.425,100,0
AGM.US,5,20210929,194000,110.5,110.59,110.1,110.59,500,0
AGM.US,5,20210929,194500,110.2,110.24,110.01,110.01,1216,0
AGM.US,5,20210929,195000,110.182,110.43,110.15,110.43,1079,0
AGM.US,5,20210929,195500,110.3,110.3,110.3,110.3,100,0
AGM.US,5,20210929,200000,110.49,110.49,110.35,110.35,300,0
AGM.US,5,20210929,201000,110.345,110.45,110.345,110.37,300,0
AGM.US,5,20210929,201500,110.52,110.52,110.52,110.52,100,0
AGM.US,5,20210929,202000,110.5,110.5,110.485,110.485,200,0
AGM.US,5,20210929,202500,110.465,110.6,110.465,110.49,20500,0
AGM.US,5,20210929,203000,110.49,110.52,110.49,110.52,400,0
AGM.US,5,20210929,203500,110.5,110.5,110.5,110.5,100,0
AGM.US,5,20210929,204000,110.45,110.45,110.45,110.45,100,0
AGM.US,5,20210929,204500,110.34,110.4,110.34,110.4,300,0
AGM.US,5,20210929,205000,110.32,110.415,110.32,110.415,200,0
AGM.US,5,20210929,210000,110.45,110.45,110.403,110.403,850,0
AGM.US,5,20210929,210500,110.45,110.45,110.42,110.42,200,0
AGM.US,5,20210929,211000,110.4,110.52,110.4,110.52,600,0
AGM.US,5,20210929,211500,110.505,110.63,110.505,110.51,400,0
AGM.US,5,20210929,212000,110.51,110.535,110.51,110.535,200,0
AGM.US,5,20210929,212500,110.52,110.52,110.45,110.45,300,0
AGM.US,5,20210929,214000,110.378,110.45,110.3,110.4,2306,0
AGM.US,5,20210929,214500,110.32,110.35,110.15,110.15,1800,0
AGM.US,5,20210929,215000,110.15,110.28,109.949,109.949,800,0
AGM.US,5,20210929,215500,110,110.27,110,110.02,9893,0
AGM.US,5,20210930,153000,110.91,110.91,109.955,110.06,1559,0
AGM.US,5,20210930,153500,109.555,109.555,108.97,108.97,1132,0
AGM.US,5,20210930,154500,109.97,109.97,109.97,109.97,200,0
AGM.US,5,20210930,161500,109.44,109.44,109.44,109.44,100,0
AGM.US,5,20210930,163000,109.66,109.925,109.66,109.925,300,0
AGM.US,5,20210930,171000,109.92,110.43,109.9,110.43,3143,0
AGM.US,5,20210930,172000,110.115,110.115,110.115,110.115,640,0
AGM.US,5,20210930,173500,109.815,109.815,109.75,109.75,200,0
AGM.US,5,20210930,175000,109.25,109.25,109.25,109.25,100,0
AGM.US,5,20210930,175500,109.8,109.8,109.8,109.8,100,0
AGM.US,5,20210930,180500,109.485,109.485,109.485,109.485,224,0
AGM.US,5,20210930,181000,109.485,109.485,109.18,109.18,324,0
AGM.US,5,20210930,183500,108.92,109.18,108.92,109.18,631,0
AGM.US,5,20210930,184500,108.81,108.81,108.81,108.81,200,0
AGM.US,5,20210930,185000,108.81,108.81,108.81,108.81,100,0
AGM.US,5,20210930,190000,109.13,109.13,109.13,109.13,100,0
AGM.US,5,20210930,192500,108.82,108.82,108.545,108.545,200,0
AGM.US,5,20210930,193500,108.81,108.81,108.48,108.48,442,0
AGM.US,5,20210930,194500,108.7,109.029,108.7,109.029,1291,0
AGM.US,5,20210930,195500,108.955,108.955,108.955,108.955,100,0
AGM.US,5,20210930,200500,108.84,108.84,108.84,108.84,122,0
AGM.US,5,20210930,201000,109.17,109.17,109.17,109.17,100,0
AGM.US,5,20210930,203000,108.8,108.8,108.8,108.8,100,0
AGM.US,5,20210930,205000,108.805,108.95,108.8,108.8,700,0
AGM.US,5,20210930,211000,108.548,108.99,108.548,108.969,911,0
AGM.US,5,20210930,211500,108.97,108.97,108.97,108.97,100,0
AGM.US,5,20210930,213500,108.74,108.74,108.74,108.74,100,0
AGM.US,5,20210930,214000,108.81,108.81,108.81,108.81,100,0
AGM.US,5,20210930,214500,108.726,108.74,108.58,108.67,963,0
AGM.US,5,20210930,215000,108.63,108.69,108.598,108.598,844,0
AGM.US,5,20210930,215500,108.56,108.79,108.48,108.52,8401,0
AGM.US,5,20211001,153000,108.17,108.17,108.17,108.17,389,0
AGM.US,5,20211001,154500,108.71,108.73,108.71,108.73,300,0
AGM.US,5,20211001,155500,108.665,108.665,108.665,108.665,144,0
AGM.US,5,20211001,160000,108.738,108.95,108.738,108.95,566,0
AGM.US,5,20211001,160500,109,109.56,109,109.56,300,0
AGM.US,5,20211001,161000,109.05,109.05,109.05,109.05,115,0
AGM.US,5,20211001,162000,108.55,108.55,108.4,108.4,300,0
AGM.US,5,20211001,162500,108.53,108.87,108.53,108.87,500,0
AGM.US,5,20211001,163500,108.87,108.88,108.87,108.88,209,0
AGM.US,5,20211001,165000,108.92,108.92,108.92,108.92,100,0
AGM.US,5,20211001,165500,109.3,109.3,109.3,109.3,100,0
AGM.US,5,20211001,171000,109.075,109.075,109.075,109.075,100,0
AGM.US,5,20211001,172500,109.61,109.66,109.61,109.66,300,0
AGM.US,5,20211001,173500,109.866,109.866,109.866,109.866,100,0
AGM.US,5,20211001,174000,109.885,110,109.885,110,467,0
AGM.US,5,20211001,174500,110.45,110.45,110.15,110.15,200,0
AGM.US,5,20211001,175500,110.22,110.22,110.22,110.22,210,0
AGM.US,5,20211001,180500,109.684,109.684,109.684,109.684,103,0
AGM.US,5,20211001,181000,109.87,110.12,109.87,110.12,550,0
AGM.US,5,20211001,182000,110.025,110.2,110.025,110.2,583,0
AGM.US,5,20211001,182500,110.27,110.38,110.035,110.38,1554,0
AGM.US,5,20211001,183000,109.914,109.914,109.914,109.914,100,0
AGM.US,5,20211001,184000,110.205,110.205,110.205,110.205,200,0
AGM.US,5,20211001,190500,110.34,110.34,110.34,110.34,100,0
AGM.US,5,20211001,191000,110.14,110.14,110.14,110.14,100,0
AGM.US,5,20211001,192000,110.39,110.39,110.39,110.39,105,0
AGM.US,5,20211001,193000,110.609,110.609,110.609,110.609,100,0
AGM.US,5,20211001,194500,110.92,110.93,110.92,110.93,200,0
AGM.US,5,20211001,200000,111.22,111.22,111.22,111.22,100,0
AGM.US,5,20211001,202000,111.65,111.85,111.65,111.765,567,0
AGM.US,5,20211001,202500,111.905,111.905,111.905,111.905,100,0
AGM.US,5,20211001,203000,111.955,111.955,111.955,111.955,100,0
AGM.US,5,20211001,203500,111.843,111.843,111.843,111.843,351,0
AGM.US,5,20211001,204000,111.97,112,111.97,112,200,0
AGM.US,5,20211001,204500,111.83,111.83,111.83,111.83,200,0
AGM.US,5,20211001,210000,111.93,112.04,111.93,112.04,400,0
AGM.US,5,20211001,210500,112.326,112.326,112.326,112.326,994,0
AGM.US,5,20211001,211000,112.26,112.26,112.26,112.26,100,0
AGM.US,5,20211001,211500,112.44,112.44,112.44,112.44,100,0
AGM.US,5,20211001,212000,112.36,112.36,112.36,112.36,100,0
AGM.US,5,20211001,212500,112.47,112.508,112.29,112.43,1246,0
AGM.US,5,20211001,213000,112.25,112.433,112.22,112.33,1411,0
AGM.US,5,20211001,213500,112.31,112.325,112.28,112.325,1133,0
AGM.US,5,20211001,214000,112.56,113.085,112.56,112.85,2093,0
AGM.US,5,20211001,214500,112.83,112.83,112.38,112.61,2065,0
AGM.US,5,20211001,215000,112.651,112.84,112.21,112.84,2156,0
AGM.US,5,20211001,215500,112.82,112.97,112.465,112.95,10451,0
AGM.US,5,20211004,153000,112.65,112.65,112.65,112.65,202,0
AGM.US,5,20211004,154000,112.54,112.54,112.54,112.54,100,0
AGM.US,5,20211004,155000,112.775,112.775,112.775,112.775,100,0
AGM.US,5,20211004,162000,112.382,112.382,112.382,112.382,100,0
AGM.US,5,20211004,163000,112.27,112.43,112.255,112.35,400,0
AGM.US,5,20211004,163500,112.6,112.6,112.6,112.6,1000,0
AGM.US,5,20211004,165000,112.565,112.565,112.565,112.565,100,0
AGM.US,5,20211004,170000,112.94,112.94,112.94,112.94,100,0
AGM.US,5,20211004,170500,112.94,112.94,112.78,112.8,1310,0
AGM.US,5,20211004,172500,112.945,112.97,112.945,112.945,300,0
AGM.US,5,20211004,173500,113,113,113,113,201,0
AGM.US,5,20211004,174500,113.14,113.3,113.11,113.126,974,0
AGM.US,5,20211004,175500,113.4,113.4,113.4,113.4,154,0
AGM.US,5,20211004,181500,113.6,113.66,113.6,113.64,432,0
AGM.US,5,20211004,182500,113.6,113.6,113.6,113.6,200,0
AGM.US,5,20211004,192000,113.52,113.52,113.46,113.46,500,0
AGM.US,5,20211004,192500,113.5,113.5,113.5,113.5,100,0
AGM.US,5,20211004,193000,113.54,113.54,113.5,113.5,200,0
AGM.US,5,20211004,200000,113.65,113.65,113.65,113.65,104,0
AGM.US,5,20211004,201000,113.43,113.43,113.43,113.43,100,0
AGM.US,5,20211004,202500,113.32,113.32,113.32,113.32,200,0
AGM.US,5,20211004,204000,113.46,113.46,113.46,113.46,100,0
AGM.US,5,20211004,204500,113.63,113.63,113.63,113.63,150,0
AGM.US,5,20211004,210500,113.44,113.44,113.44,113.44,9800,0
AGM.US,5,20211004,211000,113.3,113.37,113.3,113.37,259,0
AGM.US,5,20211004,211500,113.42,113.58,113.42,113.58,900,0
AGM.US,5,20211004,212000,113.36,113.45,113.17,113.17,1583,0
AGM.US,5,20211004,212500,113.325,113.325,113.16,113.325,5000,0
AGM.US,5,20211004,213000,113.355,113.355,113.355,113.355,100,0
AGM.US,5,20211004,214500,113.26,113.26,113.26,113.26,100,0
AGM.US,5,20211004,215000,113.16,113.16,112.96,113.14,1184,0
AGM.US,5,20211004,215500,113.36,113.36,113.24,113.3,5036,0
AGM.US,5,20211005,153000,111.83,113.49,111.83,113.49,296,0
AGM.US,5,20211005,154000,112.446,112.446,111.65,111.65,575,0
AGM.US,5,20211005,162000,112.74,112.74,112.74,112.74,100,0
AGM.US,5,20211005,164500,113.21,113.21,113.21,113.21,300,0
AGM.US,5,20211005,173000,112.97,112.97,112.97,112.97,200,0
AGM.US,5,20211005,182000,112.47,112.47,112.47,112.47,100,0
AGM.US,5,20211005,200000,112.97,112.98,112.96,112.98,505,0
AGM.US,5,20211005,203000,113,113,113,113,178,0
AGM.US,5,20211005,212000,113.828,113.828,113.828,113.828,124,0
AGM.US,5,20211005,213000,113.635,113.635,113.635,113.635,100,0
AGM.US,5,20211005,214000,113.64,113.65,113.64,113.65,290,0
AGM.US,5,20211005,214500,113.47,113.47,113.26,113.26,302,0
AGM.US,5,20211005,215000,113.47,113.72,113.47,113.6,920,0
AGM.US,5,20211005,215500,113.52,113.68,113.47,113.67,7122,0
AGM.US,5,20211006,153000,113,113,113,113,490,0
AGM.US,5,20211006,153500,112.5,112.5,112.5,112.5,100,0
AGM.US,5,20211006,154000,112.5,112.5,112.5,112.5,100,0
AGM.US,5,20211006,154500,112.64,112.64,112.64,112.64,200,0
AGM.US,5,20211006,155000,112.5,112.54,112.5,112.5,300,0
AGM.US,5,20211006,155500,112.61,112.61,112.61,112.61,100,0
AGM.US,5,20211006,160000,112.5,112.54,112.5,112.5,315,0
AGM.US,5,20211006,160500,112.5,112.5,112.5,112.5,1407,0
AGM.US,5,20211006,161000,112.625,112.625,112.5,112.5,200,0
AGM.US,5,20211006,161500,112.5,112.5,112.5,112.5,417,0
AGM.US,5,20211006,162000,112.35,112.35,112.35,112.35,202,0
AGM.US,5,20211006,162500,112.45,112.45,112.45,112.45,100,0
AGM.US,5,20211006,163000,112.555,112.555,112.555,112.555,100,0
AGM.US,5,20211006,163500,112.4,112.555,112.4,112.555,200,0
AGM.US,5,20211006,164000,112.36,112.51,112.35,112.35,2001,0
AGM.US,5,20211006,164500,112.425,112.425,112.35,112.35,200,0
AGM.US,5,20211006,165000,112.49,112.49,112.49,112.49,100,0
AGM.US,5,20211006,165500,112.63,112.63,112.63,112.63,100,0
AGM.US,5,20211006,170000,112.89,112.91,112.89,112.91,344,0
AGM.US,5,20211006,171500,112.48,112.48,112.48,112.48,100,0
AGM.US,5,20211006,172000,112.51,112.51,112.51,112.51,100,0
AGM.US,5,20211006,172500,112.43,112.43,112.43,112.43,100,0
AGM.US,5,20211006,173000,112.665,112.665,112.665,112.665,200,0
AGM.US,5,20211006,174000,112.655,112.655,112.655,112.655,100,0
AGM.US,5,20211006,174500,112.71,112.71,112.71,112.71,300,0
AGM.US,5,20211006,175500,112.725,112.725,112.725,112.725,225,0
AGM.US,5,20211006,181000,112.67,112.67,112.67,112.67,100,0
AGM.US,5,20211006,181500,112.665,112.665,112.46,112.46,200,0
AGM.US,5,20211006,182000,112.665,112.665,112.665,112.665,100,0
AGM.US,5,20211006,182500,112.57,112.57,112.57,112.57,100,0
AGM.US,5,20211006,183500,112.62,112.62,112.62,112.62,100,0
AGM.US,5,20211006,184500,112.62,112.62,112.62,112.62,100,0
AGM.US,5,20211006,185500,112.56,112.56,112.56,112.56,360,0
AGM.US,5,20211006,190500,112.555,112.555,112.555,112.555,200,0
AGM.US,5,20211006,191500,112.555,112.555,112.555,112.555,100,0
AGM.US,5,20211006,192000,112.545,112.545,112.42,112.5,393,0
AGM.US,5,20211006,192500,112.575,112.575,112.575,112.575,100,0
AGM.US,5,20211006,193500,112.83,113.14,112.83,113.14,300,0
AGM.US,5,20211006,200000,113.39,113.39,113.39,113.39,100,0
AGM.US,5,20211006,200500,113.13,113.13,113.13,113.13,100,0
AGM.US,5,20211006,201500,113.225,113.225,113.05,113.05,200,0
AGM.US,5,20211006,202000,113.58,113.58,113.36,113.42,367,0
AGM.US,5,20211006,210500,113.38,113.38,113.31,113.31,200,0
AGM.US,5,20211006,211000,113.535,113.535,113.435,113.435,200,0
AGM.US,5,20211006,211500,113.47,113.88,113.47,113.88,800,0
AGM.US,5,20211006,212000,113.66,113.66,113.66,113.66,100,0
AGM.US,5,20211006,212500,113.85,113.95,113.85,113.95,200,0
AGM.US,5,20211006,213500,113.73,113.73,113.59,113.59,200,0
AGM.US,5,20211006,215000,113.65,113.65,113.65,113.65,100,0
AGM.US,5,20211006,215500,113.615,114,113.57,113.96,4627,0
AGM.US,5,20211007,153000,113.55,113.55,113.55,113.55,690,0
AGM.US,5,20211007,153500,113.81,113.81,113.81,113.81,117,0
AGM.US,5,20211007,160000,113.62,113.62,113.24,113.24,800,0
AGM.US,5,20211007,160500,113.08,113.57,113.08,113.53,500,0
AGM.US,5,20211007,161000,113.3,113.3,113.3,113.3,200,0
AGM.US,5,20211007,162000,113.36,113.36,113.36,113.36,200,0
AGM.US,5,20211007,163500,113.62,113.62,113.62,113.62,100,0
AGM.US,5,20211007,164000,113.42,113.45,113.42,113.45,200,0
AGM.US,5,20211007,171000,113.787,113.787,113.787,113.787,300,0
AGM.US,5,20211007,171500,113.617,113.778,113.617,113.778,760,0
AGM.US,5,20211007,174000,114,114.13,114,114.13,300,0
AGM.US,5,20211007,175000,114.5,114.5,114.5,114.5,230,0
AGM.US,5,20211007,181000,114.43,114.43,114.43,114.43,200,0
AGM.US,5,20211007,181500,114.68,114.68,114.68,114.68,100,0
AGM.US,5,20211007,183000,114.73,114.73,114.73,114.73,100,0
AGM.US,5,20211007,183500,114.69,114.75,114.69,114.75,1664,0
AGM.US,5,20211007,185500,115,115,114.61,114.61,240,0
AGM.US,5,20211007,190000,114.78,114.78,114.78,114.78,126,0
AGM.US,5,20211007,191500,115,115,115,115,300,0
AGM.US,5,20211007,192000,115.055,115.055,115.055,115.055,100,0
AGM.US,5,20211007,194500,115.41,115.77,115.41,115.77,496,0
AGM.US,5,20211007,195000,115.559,115.97,115.4,115.42,3135,0
AGM.US,5,20211007,195500,115.4,115.41,115.05,115.05,2300,0
AGM.US,5,20211007,200000,114.18,114.18,114.18,114.18,100,0
AGM.US,5,20211007,203000,114.81,114.81,114.81,114.81,100,0
AGM.US,5,20211007,205500,114.73,114.87,114.73,114.87,1000,0
AGM.US,5,20211007,210500,115.06,115.06,115.06,115.06,200,0
AGM.US,5,20211007,211000,115.26,115.42,115.26,115.42,200,0
AGM.US,5,20211007,211500,115.205,115.205,115.17,115.17,200,0
AGM.US,5,20211007,213000,115.07,115.07,115.07,115.07,200,0
AGM.US,5,20211007,213500,115.32,115.32,115,115,700,0
AGM.US,5,20211007,214000,115.065,115.065,115.065,115.065,100,0
AGM.US,5,20211007,214500,115.05,115.28,114.902,114.902,300,0
AGM.US,5,20211007,215000,115.27,115.27,115.27,115.27,100,0
AGM.US,5,20211007,215500,115.155,115.55,115.155,115.49,9492,0
AGM.US,5,20211008,153000,115.88,115.88,115.88,115.88,272,0
AGM.US,5,20211008,155000,115,115,115,115,268,0
AGM.US,5,20211008,160000,115.5,115.5,115.5,115.5,100,0
AGM.US,5,20211008,160500,115.736,115.736,114.688,114.688,850,0
AGM.US,5,20211008,165500,115.819,115.819,115.819,115.819,100,0
AGM.US,5,20211008,172000,115.79,115.79,115.79,115.79,100,0
AGM.US,5,20211008,173000,115.97,115.97,115.685,115.78,305,0
AGM.US,5,20211008,181000,115.47,115.47,115.47,115.47,123,0
AGM.US,5,20211008,182000,115.41,115.41,115.41,115.41,100,0
AGM.US,5,20211008,184000,114.86,114.86,114.86,114.86,150,0
AGM.US,5,20211008,191000,115.09,115.12,115.07,115.1,700,0
AGM.US,5,20211008,194500,115.18,115.18,115.18,115.18,100,0
AGM.US,5,20211008,200000,115.32,115.45,115.32,115.45,200,0
AGM.US,5,20211008,200500,115.48,115.49,115.48,115.49,850,0
AGM.US,5,20211008,202000,115.58,115.58,115.58,115.58,184,0
AGM.US,5,20211008,203500,115.8,115.8,115.78,115.78,200,0
AGM.US,5,20211008,205500,115.676,115.676,115.676,115.676,175,0
AGM.US,5,20211008,210500,115.79,115.79,115.79,115.79,100,0
AGM.US,5,20211008,211500,115.7,115.7,115.7,115.7,100,0
AGM.US,5,20211008,212000,115.9,115.9,115.9,115.9,883,0
AGM.US,5,20211008,213500,116.1,116.1,116.04,116.04,800,0
AGM.US,5,20211008,214000,116.12,116.227,116,116.227,459,0
AGM.US,5,20211008,214500,116.045,116.045,116.045,116.045,164,0
AGM.US,5,20211008,215000,116.088,116.175,115.895,115.96,3540,0
AGM.US,5,20211008,215500,115.96,116.24,115.96,116.13,4544,0
AGM.US,5,20211011,153000,116.97,117,116.97,117,515,0
AGM.US,5,20211011,154000,117.316,117.316,117.316,117.316,150,0
AGM.US,5,20211011,154500,117.3,117.3,117.3,117.3,100,0
AGM.US,5,20211011,155000,117.52,117.52,117.52,117.52,100,0
AGM.US,5,20211011,155500,117.728,117.728,117.728,117.728,165,0
AGM.US,5,20211011,161000,117.179,117.179,117.179,117.179,321,0
AGM.US,5,20211011,162500,117.32,117.32,117.32,117.32,100,0
AGM.US,5,20211011,164000,117.38,117.38,117.38,117.38,100,0
AGM.US,5,20211011,164500,117.45,117.45,117.45,117.45,100,0
AGM.US,5,20211011,165500,117.72,117.735,117.72,117.735,477,0
AGM.US,5,20211011,170500,117.5,117.5,116.97,117.09,2030,0
AGM.US,5,20211011,173500,117.13,117.13,117.13,117.13,100,0
AGM.US,5,20211011,174500,117.1,117.1,117.1,117.1,200,0
AGM.US,5,20211011,175000,117.08,117.08,117.08,117.08,100,0
AGM.US,5,20211011,181000,116.35,116.35,116.35,116.35,100,0
AGM.US,5,20211011,183000,116.07,116.15,116.07,116.15,400,0
AGM.US,5,20211011,185500,115.814,115.814,115.814,115.814,200,0
AGM.US,5,20211011,190000,116.039,116.039,116.039,116.039,245,0
AGM.US,5,20211011,191000,116.24,116.24,116.24,116.24,100,0
AGM.US,5,20211011,192500,116.025,116.025,116.025,116.025,150,0
AGM.US,5,20211011,195500,116.41,116.41,116.41,116.41,100,0
AGM.US,5,20211011,200000,116.38,116.38,116.38,116.38,100,0
AGM.US,5,20211011,200500,116.51,116.51,116.51,116.51,100,0
AGM.US,5,20211011,201500,116.66,116.66,116.61,116.62,400,0
AGM.US,5,20211011,204000,116.7,116.7,116.7,116.7,100,0
AGM.US,5,20211011,205000,116.86,116.86,116.86,116.86,100,0
AGM.US,5,20211011,210500,116.85,116.875,116.75,116.875,500,0
AGM.US,5,20211011,211000,116.91,116.91,116.91,116.91,100,0
AGM.US,5,20211011,212000,117.12,117.17,117.09,117.17,400,0
AGM.US,5,20211011,212500,117.05,117.26,117.05,117.26,600,0
AGM.US,5,20211011,213000,117.105,117.105,117.105,117.105,500,0
AGM.US,5,20211011,213500,117.29,117.29,117.1,117.1,211,0
AGM.US,5,20211011,214000,117.28,117.28,117.28,117.28,117,0
AGM.US,5,20211011,214500,117.06,117.18,116.93,117.18,4372,0
AGM.US,5,20211011,215000,117.18,117.68,117.17,117.68,3235,0
AGM.US,5,20211011,215500,117.61,117.82,116.91,117.39,7297,0
AGM.US,5,20211012,153000,116.4,116.89,116.3,116.7,744,0
AGM.US,5,20211012,154500,116.34,116.34,116.34,116.34,2000,0
AGM.US,5,20211012,155000,116.85,116.85,116.73,116.73,200,0
AGM.US,5,20211012,155500,117.05,117.05,116.7,116.7,200,0
AGM.US,5,20211012,160000,116.7,116.96,116.675,116.96,500,0
AGM.US,5,20211012,161500,116.75,116.88,116.45,116.88,665,0
AGM.US,5,20211012,162000,116.38,116.4,116.38,116.4,205,0
AGM.US,5,20211012,163000,116.49,116.49,116.49,116.49,100,0
AGM.US,5,20211012,165500,116.931,117.45,116.93,117.45,300,0
AGM.US,5,20211012,172000,116.901,116.901,116.901,116.901,200,0
AGM.US,5,20211012,181000,117.3,117.3,117.3,117.3,100,0
AGM.US,5,20211012,200500,117.24,117.24,117.24,117.24,100,0
AGM.US,5,20211012,202000,117.14,117.14,117.14,117.14,400,0
AGM.US,5,20211012,202500,117.15,117.15,117.15,117.15,100,0
AGM.US,5,20211012,203000,117.27,117.27,117.15,117.19,800,0
AGM.US,5,20211012,203500,117.155,117.155,116.75,116.75,2678,0
AGM.US,5,20211012,210000,117.05,117.05,116.985,116.985,212,0
AGM.US,5,20211012,211000,117.06,117.1,116.9,116.9,3500,0
AGM.US,5,20211012,211500,116.88,116.89,116.635,116.635,690,0
AGM.US,5,20211012,212500,116.52,116.52,116.52,116.52,200,0
AGM.US,5,20211012,213000,116.595,116.595,116.595,116.595,100,0
AGM.US,5,20211012,214000,116.635,116.635,116.47,116.55,501,0
AGM.US,5,20211012,214500,116.37,116.55,116.36,116.36,1207,0
AGM.US,5,20211012,215000,116.34,116.51,116.31,116.5,1552,0
AGM.US,5,20211012,215500,116.52,116.79,116.43,116.52,5204,0
AGM.US,5,20211013,153000,116.54,116.54,116.54,116.54,159,0
AGM.US,5,20211013,153500,116.24,116.24,116.24,116.24,100,0
AGM.US,5,20211013,154500,116.52,116.52,116.18,116.18,557,0
AGM.US,5,20211013,161000,115.705,115.705,115.705,115.705,100,0
AGM.US,5,20211013,162000,115.46,115.46,115.46,115.46,150,0
AGM.US,5,20211013,165500,115.62,115.62,115.62,115.62,200,0
AGM.US,5,20211013,170000,115.77,115.77,115.77,115.77,351,0
AGM.US,5,20211013,171000,116,116,116,116,119,0
AGM.US,5,20211013,172500,115.68,115.68,115.68,115.68,100,0
AGM.US,5,20211013,175500,115.54,115.54,115.54,115.54,150,0
AGM.US,5,20211013,181500,115.45,115.45,115.45,115.45,200,0
AGM.US,5,20211013,182000,115.294,115.294,115.294,115.294,100,0
AGM.US,5,20211013,183000,115.23,115.23,115.19,115.19,2100,0
AGM.US,5,20211013,184000,115.38,115.38,115.38,115.38,500,0
AGM.US,5,20211013,185500,115.35,115.35,115.35,115.35,743,0
AGM.US,5,20211013,193500,114.96,114.96,114.96,114.96,100,0
AGM.US,5,20211013,194000,115.03,115.03,115.03,115.03,100,0
AGM.US,5,20211013,200000,115.21,115.25,115.09,115.09,300,0
AGM.US,5,20211013,200500,115.065,115.19,115.04,115.04,466,0
AGM.US,5,20211013,202000,115.015,115.09,114.9,115.08,1493,0
AGM.US,5,20211013,203000,115.14,115.14,115.14,115.14,100,0
AGM.US,5,20211013,205000,115,115.07,115,115.07,297,0
AGM.US,5,20211013,210500,115.206,115.25,115.206,115.25,300,0
AGM.US,5,20211013,211500,115.25,115.26,115.148,115.251,600,0
AGM.US,5,20211013,212500,115.3,115.33,115.29,115.33,937,0
AGM.US,5,20211013,213000,115.07,115.31,115.07,115.31,400,0
AGM.US,5,20211013,213500,115.21,115.43,115.21,115.43,305,0
AGM.US,5,20211013,214000,115.3,115.35,115.3,115.34,329,0
AGM.US,5,20211013,214500,115.34,115.37,115.34,115.35,348,0
AGM.US,5,20211013,215000,115.36,115.45,115.36,115.363,1078,0
AGM.US,5,20211013,215500,115.45,115.55,115.37,115.54,7578,0
AGM.US,5,20211014,153000,115.96,115.96,115.96,115.96,845,0
AGM.US,5,20211014,161000,116.285,116.285,116.285,116.285,100,0
AGM.US,5,20211014,162000,116.13,116.13,116.13,116.13,200,0
AGM.US,5,20211014,163000,116.08,116.08,116.08,116.08,100,0
AGM.US,5,20211014,165500,116.49,116.49,116.49,116.49,100,0
AGM.US,5,20211014,170000,116.65,116.65,116.65,116.65,111,0
AGM.US,5,20211014,171500,116.25,116.25,116.25,116.25,100,0
AGM.US,5,20211014,174000,116.23,116.23,116.23,116.23,100,0
AGM.US,5,20211014,175500,116.186,116.186,116.186,116.186,124,0
AGM.US,5,20211014,180500,116.098,116.13,116.09,116.12,642,0
AGM.US,5,20211014,183000,116.17,116.17,116.08,116.08,300,0
AGM.US,5,20211014,184000,116.38,116.44,116.38,116.44,202,0
AGM.US,5,20211014,185500,116.5,116.55,116.5,116.55,200,0
AGM.US,5,20211014,194500,116.48,116.48,116.48,116.48,100,0
AGM.US,5,20211014,201000,116.355,116.355,116.355,116.355,100,0
AGM.US,5,20211014,201500,116.34,116.34,116.32,116.32,200,0
AGM.US,5,20211014,203000,116.36,116.36,116.36,116.36,115,0
AGM.US,5,20211014,203500,116.49,116.56,116.49,116.56,300,0
AGM.US,5,20211014,204000,116.54,116.54,116.54,116.54,181,0
AGM.US,5,20211014,205000,116.77,116.77,116.77,116.77,100,0
AGM.US,5,20211014,212000,116.78,116.78,116.78,116.78,100,0
AGM.US,5,20211014,212500,116.94,117.05,116.94,117.05,487,0
AGM.US,5,20211014,213000,117.15,117.15,117.14,117.14,200,0
AGM.US,5,20211014,213500,117.01,117.11,116.995,117.11,795,0
AGM.US,5,20211014,214000,117.05,117.051,116.92,117.051,388,0
AGM.US,5,20211014,214500,116.915,117.12,116.915,117.12,911,0
AGM.US,5,20211014,215000,117.13,117.295,116.8,117.207,570,0
AGM.US,5,20211014,215500,117.2,117.53,116.99,117.52,6990,0
AGM.US,5,20211015,153000,119.62,119.62,119.62,119.62,1741,0
AGM.US,5,20211015,154000,118.72,118.72,118.72,118.72,1000,0
AGM.US,5,20211015,161500,119.49,119.55,119.49,119.55,300,0
AGM.US,5,20211015,162500,119.41,119.41,118.96,118.96,400,0
AGM.US,5,20211015,163000,119.23,119.25,119.23,119.25,299,0
AGM.US,5,20211015,164000,119.36,119.96,119.36,119.96,300,0
AGM.US,5,20211015,164500,119.973,119.973,119.973,119.973,100,0
AGM.US,5,20211015,165000,120.596,120.604,120.38,120.604,300,0
AGM.US,5,20211015,165500,119.96,119.96,119.96,119.96,208,0
AGM.US,5,20211015,170000,120.092,120.14,120.092,120.13,1340,0
AGM.US,5,20211015,170500,120,120.05,120,120.04,400,0
AGM.US,5,20211015,171000,120.32,120.32,120.32,120.32,100,0
AGM.US,5,20211015,171500,120.434,120.434,120.12,120.39,510,0
AGM.US,5,20211015,172000,120.29,120.29,120.29,120.29,100,0
AGM.US,5,20211015,172500,119.89,120.26,119.89,120.26,281,0
AGM.US,5,20211015,173500,119.96,120.19,119.96,120.19,591,0
AGM.US,5,20211015,174500,120.22,120.22,120.03,120.03,500,0
AGM.US,5,20211015,175500,119.978,119.978,119.978,119.978,200,0
AGM.US,5,20211015,180500,119.94,119.96,119.9,119.9,1317,0
AGM.US,5,20211015,182000,119.37,119.37,119.37,119.37,100,0
AGM.US,5,20211015,185000,119.2,119.2,119.2,119.2,100,0
AGM.US,5,20211015,185500,118.99,118.99,118.99,118.99,100,0
AGM.US,5,20211015,191000,118.83,118.85,118.775,118.775,601,0
AGM.US,5,20211015,192000,118.65,118.66,118.65,118.66,400,0
AGM.US,5,20211015,193000,119.03,119.03,119.03,119.03,100,0
AGM.US,5,20211015,194500,119.34,119.34,119.34,119.34,112,0
AGM.US,5,20211015,195000,119.3,119.3,119.3,119.3,100,0
AGM.US,5,20211015,195500,119.35,119.35,119.35,119.35,100,0
AGM.US,5,20211015,200000,119.33,119.38,119.33,119.36,500,0
AGM.US,5,20211015,201000,119.11,119.11,119.11,119.11,100,0
AGM.US,5,20211015,202000,119.24,119.595,119.24,119.38,395,0
AGM.US,5,20211015,203000,119.435,119.435,119.435,119.435,100,0
AGM.US,5,20211015,205000,119.32,119.32,119.22,119.22,226,0
AGM.US,5,20211015,205500,119.22,119.39,119.22,119.39,299,0
AGM.US,5,20211015,210000,119.27,119.27,119.27,119.27,100,0
AGM.US,5,20211015,210500,119.13,119.13,119.075,119.075,272,0
AGM.US,5,20211015,211500,118.98,118.98,118.98,118.98,100,0
AGM.US,5,20211015,212500,118.83,118.84,118.83,118.84,200,0
AGM.US,5,20211015,213500,118.505,118.56,118.385,118.535,1065,0
AGM.US,5,20211015,214000,118.491,118.5,118.491,118.5,374,0
AGM.US,5,20211015,214500,118.21,118.344,117.58,117.938,8521,0
AGM.US,5,20211015,215000,118.07,118.07,117.655,117.655,2027,0
AGM.US,5,20211015,215500,117.76,118.49,117.34,118.1,19716,0
AGM.US,5,20211018,153000,117.52,117.52,117.28,117.28,404,0
AGM.US,5,20211018,154000,117.71,117.71,117.71,117.71,200,0
AGM.US,5,20211018,154500,118.03,118.03,118.03,118.03,100,0
AGM.US,5,20211018,160500,117.815,117.815,117.815,117.815,1800,0
AGM.US,5,20211018,161500,118.07,118.08,117.8,117.8,300,0
AGM.US,5,20211018,162000,117.528,117.528,117.528,117.528,100,0
AGM.US,5,20211018,162500,118.34,118.41,118.34,118.41,200,0
AGM.US,5,20211018,163000,118.15,118.15,118.15,118.15,214,0
AGM.US,5,20211018,164000,118.205,118.205,118.205,118.205,368,0
AGM.US,5,20211018,164500,118.25,118.25,118.145,118.145,200,0
AGM.US,5,20211018,165000,118.135,118.135,118.135,118.135,100,0
AGM.US,5,20211018,165500,117.875,117.875,117.685,117.685,201,0
AGM.US,5,20211018,170000,117.34,117.72,117.31,117.6,2009,0
AGM.US,5,20211018,170500,117.405,117.405,117.405,117.405,100,0
AGM.US,5,20211018,171000,117.405,117.76,117.405,117.76,326,0
AGM.US,5,20211018,171500,117.59,117.59,117.44,117.44,310,0
AGM.US,5,20211018,174500,117.61,117.63,117.61,117.63,200,0
AGM.US,5,20211018,181000,117.775,117.775,117.775,117.775,100,0
AGM.US,5,20211018,181500,117.69,117.69,117.69,117.69,100,0
AGM.US,5,20211018,192000,117.44,117.44,117.44,117.44,100,0
AGM.US,5,20211018,195000,117.54,117.54,117.54,117.54,300,0
AGM.US,5,20211018,200500,117.68,117.68,117.61,117.61,300,0
AGM.US,5,20211018,202000,117.51,117.55,117.37,117.55,900,0
AGM.US,5,20211018,202500,117.53,117.53,117.53,117.53,200,0
AGM.US,5,20211018,203500,117.755,117.755,117.755,117.755,100,0
AGM.US,5,20211018,204000,117.85,117.85,117.85,117.85,100,0
AGM.US,5,20211018,204500,117.783,117.783,117.783,117.783,200,0
AGM.US,5,20211018,205000,117.84,117.84,117.84,117.84,100,0
AGM.US,5,20211018,210000,117.9,117.9,117.9,117.9,102,0
AGM.US,5,20211018,211500,117.86,118.09,117.86,118.09,900,0
AGM.US,5,20211018,212000,118.17,118.17,118.155,118.155,200,0
AGM.US,5,20211018,212500,118.14,118.14,118.14,118.14,100,0
AGM.US,5,20211018,213000,118.105,118.105,118.105,118.105,152,0
AGM.US,5,20211018,213500,118.125,118.25,118.125,118.25,200,0
AGM.US,5,20211018,214000,118.21,118.21,118.21,118.21,100,0
AGM.US,5,20211018,214500,118.21,118.21,118.21,118.21,100,0
AGM.US,5,20211018,215000,118.13,118.13,118.065,118.075,300,0
AGM.US,5,20211018,215500,118.08,118.27,117.86,118.27,3802,0
AGM.US,5,20211019,153000,118.57,118.57,118.57,118.57,290,0
AGM.US,5,20211019,153500,118.59,118.59,118.59,118.59,100,0
AGM.US,5,20211019,154000,118.59,118.59,118.59,118.59,100,0
AGM.US,5,20211019,160000,117.89,117.905,117.89,117.905,200,0
AGM.US,5,20211019,160500,117.77,117.77,117.77,117.77,100,0
AGM.US,5,20211019,161500,117.395,117.63,117.395,117.63,500,0
AGM.US,5,20211019,162500,117.69,117.69,117.69,117.69,100,0
AGM.US,5,20211019,163000,117.25,117.25,117.25,117.25,112,0
AGM.US,5,20211019,163500,116.812,116.812,116.812,116.812,150,0
AGM.US,5,20211019,170000,117.12,117.12,116.97,116.97,200,0
AGM.US,5,20211019,174500,116.95,116.95,116.871,116.871,481,0
AGM.US,5,20211019,175000,116.9,116.9,116.67,116.78,600,0
AGM.US,5,20211019,181000,116.69,116.69,116.62,116.62,300,0
AGM.US,5,20211019,181500,116.701,116.701,116.701,116.701,150,0
AGM.US,5,20211019,182000,116.61,116.61,116.6,116.6,200,0
AGM.US,5,20211019,182500,116.54,116.54,116.52,116.52,200,0
AGM.US,5,20211019,183500,116.64,116.67,116.64,116.67,633,0
AGM.US,5,20211019,191500,117,117,117,117,108,0
AGM.US,5,20211019,193000,117.003,117.003,117.003,117.003,100,0
AGM.US,5,20211019,194500,117.44,117.55,117.44,117.55,200,0
AGM.US,5,20211019,200000,117.61,117.61,117.61,117.61,100,0
AGM.US,5,20211019,201000,117.61,117.61,117.61,117.61,100,0
AGM.US,5,20211019,202500,117.45,117.45,117.45,117.45,302,0
AGM.US,5,20211019,203500,117.35,117.35,117.35,117.35,100,0
AGM.US,5,20211019,204500,117.62,117.65,117.62,117.65,385,0
AGM.US,5,20211019,205000,118.08,118.08,118.08,118.08,100,0
AGM.US,5,20211019,213000,117.68,117.68,117.53,117.53,420,0
AGM.US,5,20211019,215000,117.7,117.74,117.7,117.74,300,0
AGM.US,5,20211019,215500,117.81,118.06,117.63,117.76,3993,0
AGM.US,5,20211020,153000,118.1,118.1,118.1,118.1,139,0
AGM.US,5,20211020,154500,117.97,117.97,117.97,117.97,233,0
AGM.US,5,20211020,163500,118.9,118.9,118.9,118.9,100,0
AGM.US,5,20211020,164500,119.5,119.5,119.5,119.5,100,0
AGM.US,5,20211020,165000,119.342,119.342,119.342,119.342,1000,0
AGM.US,5,20211020,171000,119.96,119.96,119.96,119.96,100,0
AGM.US,5,20211020,171500,119.95,119.96,119.946,119.96,300,0
AGM.US,5,20211020,172000,119.94,119.94,119.72,119.72,200,0
AGM.US,5,20211020,172500,119.52,119.52,119.52,119.52,100,0
AGM.US,5,20211020,175500,119.53,119.54,119.53,119.54,200,0
AGM.US,5,20211020,180000,119.65,119.72,119.65,119.72,300,0
AGM.US,5,20211020,180500,119.86,119.86,119.86,119.86,100,0
AGM.US,5,20211020,181000,119.9,119.9,119.88,119.88,200,0
AGM.US,5,20211020,181500,119.99,119.99,119.99,119.99,159,0
AGM.US,5,20211020,190000,120.17,120.18,119.89,119.89,800,0
AGM.US,5,20211020,190500,119.62,119.658,119.61,119.624,2374,0
AGM.US,5,20211020,191000,119.52,119.52,119.52,119.52,100,0
AGM.US,5,20211020,191500,119.83,119.83,119.61,119.61,273,0
AGM.US,5,20211020,193000,119.78,119.78,119.7,119.7,200,0
AGM.US,5,20211020,193500,119.9,120.01,119.89,119.89,2104,0
AGM.US,5,20211020,194000,119.74,119.74,119.74,119.74,200,0
AGM.US,5,20211020,202500,119.58,119.58,119.58,119.58,100,0
AGM.US,5,20211020,210500,119.58,119.58,119.58,119.58,100,0
AGM.US,5,20211020,212000,119.3,119.3,119.3,119.3,100,0
AGM.US,5,20211020,212500,119.095,119.095,119.095,119.095,215,0
AGM.US,5,20211020,214500,119.25,119.25,119.2,119.2,333,0
AGM.US,5,20211020,215500,119.21,119.58,119.21,119.57,4270,0
AGM.US,5,20211021,171000,119.82,119.82,119.82,119.82,100,0
AGM.US,5,20211021,171500,119.63,119.77,119.63,119.77,300,0
AGM.US,5,20211021,172000,119.81,119.81,119.81,119.81,100,0
AGM.US,5,20211021,175000,119.85,119.85,119.85,119.85,100,0
AGM.US,5,20211021,175500,119.725,119.725,119.725,119.725,100,0
AGM.US,5,20211021,182500,119.465,119.465,119.465,119.465,100,0
AGM.US,5,20211021,185000,119.358,119.43,119.358,119.43,600,0
AGM.US,5,20211021,194500,119.25,119.28,119.25,119.28,574,0
AGM.US,5,20211021,195000,119.16,119.16,119.16,119.16,100,0
AGM.US,5,20211021,195500,119.2,119.29,119.2,119.29,200,0
AGM.US,5,20211021,200500,119.79,119.82,119.79,119.82,300,0
AGM.US,5,20211021,201000,119.93,119.93,119.93,119.93,100,0
AGM.US,5,20211021,201500,119.93,119.93,119.79,119.79,400,0
AGM.US,5,20211021,204000,119.79,119.94,119.79,119.94,200,0
AGM.US,5,20211021,204500,120.255,120.255,120.255,120.255,100,0
AGM.US,5,20211021,205000,120.164,120.164,120.164,120.164,200,0
AGM.US,5,20211021,210000,120.32,120.32,120.32,120.32,100,0
AGM.US,5,20211021,211500,120.44,120.45,120.39,120.45,300,0
AGM.US,5,20211021,212000,120.73,120.73,120.73,120.73,100,0
AGM.US,5,20211021,212500,120.99,120.99,120.99,120.99,300,0
AGM.US,5,20211021,213500,120.64,120.64,120.64,120.64,207,0
AGM.US,5,20211021,214000,120.73,120.77,120.73,120.77,300,0
AGM.US,5,20211021,214500,120.75,120.75,120.51,120.51,300,0
AGM.US,5,20211021,215000,120.715,120.91,120.56,120.91,968,0
AGM.US,5,20211021,215500,120.91,121.16,120.91,121.07,5445,0
AGM.US,5,20211022,153000,121.62,121.62,121.62,121.62,173,0
AGM.US,5,20211022,162500,121.285,121.285,121.285,121.285,100,0
AGM.US,5,20211022,163500,121.275,121.275,121.275,121.275,250,0
AGM.US,5,20211022,171500,121.16,121.16,121.07,121.095,960,0
AGM.US,5,20211022,172500,120.88,120.88,120.805,120.805,300,0
AGM.US,5,20211022,180000,120.86,120.86,120.48,120.48,300,0
AGM.US,5,20211022,180500,120.88,120.88,120.88,120.88,387,0
AGM.US,5,20211022,184500,121.57,121.7,121.57,121.7,400,0
AGM.US,5,20211022,185000,121.7,121.7,121.402,121.402,993,0
AGM.US,5,20211022,192000,121.35,121.35,121.35,121.35,100,0
AGM.US,5,20211022,193000,121.37,121.61,121.37,121.61,810,0
AGM.US,5,20211022,195500,121.535,121.535,121.535,121.535,300,0
AGM.US,5,20211022,201000,122.33,122.33,122.33,122.33,100,0
AGM.US,5,20211022,201500,122.01,122.01,122.01,122.01,500,0
AGM.US,5,20211022,202000,122.395,122.395,122.05,122.05,201,0
AGM.US,5,20211022,202500,121.94,121.97,121.92,121.97,401,0
AGM.US,5,20211022,203500,121.68,121.68,121.68,121.68,325,0
AGM.US,5,20211022,210500,121.82,121.82,121.67,121.67,400,0
AGM.US,5,20211022,211500,121.555,121.555,121.555,121.555,1128,0
AGM.US,5,20211022,213000,121.45,121.45,121.45,121.45,295,0
AGM.US,5,20211022,214000,121.35,121.35,121.35,121.35,100,0
AGM.US,5,20211022,215000,121.73,121.8,121.73,121.76,4200,0
AGM.US,5,20211022,215500,121.88,121.93,121.88,121.93,4272,0
AGM.US,5,20211025,153000,122.33,122.33,122.33,122.33,313,0
AGM.US,5,20211025,153500,122.305,122.305,122.305,122.305,500,0
AGM.US,5,20211025,154000,121.74,121.74,121.74,121.74,100,0
AGM.US,5,20211025,163000,121.355,121.355,121.355,121.355,400,0
AGM.US,5,20211025,171000,121.195,121.195,121.195,121.195,100,0
AGM.US,5,20211025,172000,121.37,121.37,121.37,121.37,100,0
AGM.US,5,20211025,174000,121.48,121.685,121.48,121.685,509,0
AGM.US,5,20211025,174500,121.685,121.88,121.685,121.88,200,0
AGM.US,5,20211025,180000,121.184,121.184,121.184,121.184,200,0
AGM.US,5,20211025,181500,121.61,121.635,121.61,121.635,2700,0
AGM.US,5,20211025,182500,121.59,121.6,121.59,121.6,201,0
AGM.US,5,20211025,183500,121.61,121.61,121.61,121.61,200,0
AGM.US,5,20211025,191000,121.59,121.59,121.59,121.59,100,0
AGM.US,5,20211025,192000,121.94,121.94,121.94,121.94,200,0
AGM.US,5,20211025,192500,122.17,122.17,122.17,122.17,140,0
AGM.US,5,20211025,200000,122.41,122.41,122.41,122.41,100,0
AGM.US,5,20211025,200500,122.48,122.48,122.48,122.48,100,0
AGM.US,5,20211025,201000,122.44,122.46,122.44,122.46,300,0
AGM.US,5,20211025,202500,122.73,122.73,122.73,122.73,100,0
AGM.US,5,20211025,204500,122.71,122.82,122.71,122.82,200,0
AGM.US,5,20211025,205000,122.79,122.79,122.79,122.79,200,0
AGM.US,5,20211025,205500,122.8,122.8,122.77,122.77,494,0
AGM.US,5,20211025,210000,122.82,122.82,122.82,122.82,100,0
AGM.US,5,20211025,212500,122.66,123.08,122.66,122.88,1125,0
AGM.US,5,20211025,213000,123.05,123.07,122.83,122.83,3900,0
AGM.US,5,20211025,213500,123.03,123.05,123.03,123.05,322,0
AGM.US,5,20211025,215000,123.265,123.265,123.265,123.265,810,0
AGM.US,5,20211025,215500,123.366,123.66,123.29,123.44,4766,0
AGM.US,5,20211026,153000,123.12,123.12,122.04,122.04,600,0
AGM.US,5,20211026,153500,122,122,122,122,100,0
AGM.US,5,20211026,162500,123.13,123.13,123.09,123.09,200,0
AGM.US,5,20211026,163500,123.01,123.01,123.01,123.01,103,0
AGM.US,5,20211026,164000,122.45,122.45,122.45,122.45,100,0
AGM.US,5,20211026,165500,123.49,123.51,123.49,123.51,200,0
AGM.US,5,20211026,170000,123.42,123.42,123.42,123.42,100,0
AGM.US,5,20211026,171000,123.291,123.291,123.291,123.291,300,0
AGM.US,5,20211026,173000,123.26,123.26,123.26,123.26,133,0
AGM.US,5,20211026,173500,123.78,123.78,123.66,123.66,500,0
AGM.US,5,20211026,174000,123.688,123.688,123.688,123.688,2650,0
AGM.US,5,20211026,174500,123.26,123.26,123.22,123.22,200,0
AGM.US,5,20211026,175500,123.194,123.194,123.194,123.194,250,0
AGM.US,5,20211026,181000,122.825,122.825,122.825,122.825,1000,0
AGM.US,5,20211026,182000,122.835,122.835,122.76,122.76,200,0
AGM.US,5,20211026,183000,122.56,122.56,122.56,122.56,100,0
AGM.US,5,20211026,183500,123,123.08,123,123.048,1000,0
AGM.US,5,20211026,184500,122.98,122.99,122.98,122.98,371,0
AGM.US,5,20211026,185500,123.21,123.31,123.21,123.21,400,0
AGM.US,5,20211026,190000,123.37,123.37,123.37,123.37,100,0
AGM.US,5,20211026,193500,123.33,123.34,123.33,123.34,200,0
AGM.US,5,20211026,194000,122.85,122.85,122.85,122.85,100,0
AGM.US,5,20211026,200000,122.87,122.87,122.87,122.87,100,0
AGM.US,5,20211026,202000,123.32,123.36,123.32,123.36,201,0
AGM.US,5,20211026,202500,123.3,123.3,123.3,123.3,100,0
AGM.US,5,20211026,204000,123.15,123.15,123.15,123.15,100,0
AGM.US,5,20211026,205000,123.376,123.376,123.376,123.376,200,0
AGM.US,5,20211026,205500,123.4,123.4,123.4,123.4,100,0
AGM.US,5,20211026,210000,123.4,123.57,123.4,123.57,500,0
AGM.US,5,20211026,211500,123.56,123.56,123.56,123.56,100,0
AGM.US,5,20211026,212500,123.44,123.44,123.44,123.44,100,0
AGM.US,5,20211026,213000,123.38,123.38,123.38,123.38,100,0
AGM.US,5,20211026,213500,123.19,123.19,123.19,123.19,101,0
AGM.US,5,20211026,215500,122.82,123.17,122.73,122.74,7469,0
AGM.US,5,20211027,153000,122.7,122.7,122.7,122.7,567,0
AGM.US,5,20211027,162000,121.8,121.81,121.8,121.81,370,0
AGM.US,5,20211027,162500,121.375,121.375,121.375,121.375,100,0
AGM.US,5,20211027,163000,121.46,121.59,121.46,121.59,340,0
AGM.US,5,20211027,163500,121.13,121.55,120.81,121.55,2636,0
AGM.US,5,20211027,164500,121.59,121.59,121.59,121.59,154,0
AGM.US,5,20211027,170000,121.59,121.8,121.59,121.8,621,0
AGM.US,5,20211027,170500,121.76,121.76,121.74,121.74,200,0
AGM.US,5,20211027,173500,121.84,121.84,121.84,121.84,215,0
AGM.US,5,20211027,175000,121.33,121.33,121.33,121.33,100,0
AGM.US,5,20211027,180000,121.15,121.15,121.15,121.15,100,0
AGM.US,5,20211027,180500,121.125,121.53,121.125,121.385,1300,0
AGM.US,5,20211027,183000,121.34,121.34,121.34,121.34,100,0
AGM.US,5,20211027,183500,121.13,121.13,121.13,121.13,117,0
AGM.US,5,20211027,184500,121.1,121.1,121.1,121.1,115,0
AGM.US,5,20211027,185500,120.975,120.975,120.975,120.975,166,0
AGM.US,5,20211027,190500,120.38,120.605,120.35,120.575,1952,0
AGM.US,5,20211027,192000,120.63,120.63,120.63,120.63,100,0
AGM.US,5,20211027,192500,120.385,120.385,120.385,120.385,100,0
AGM.US,5,20211027,193500,120.03,120.03,120.03,120.03,100,0
AGM.US,5,20211027,195000,120.005,120.005,120.005,120.005,100,0
AGM.US,5,20211027,195500,120.19,120.355,120.19,120.355,672,0
AGM.US,5,20211027,201500,120.63,120.79,120.63,120.79,500,0
AGM.US,5,20211027,202500,120.635,120.635,120.63,120.63,200,0
AGM.US,5,20211027,203500,120.39,120.39,120.39,120.39,100,0
AGM.US,5,20211027,204500,120.5,120.5,120.5,120.5,100,0
AGM.US,5,20211027,205500,120.265,120.265,120.265,120.265,100,0
AGM.US,5,20211027,210000,120.175,120.175,120.175,120.175,100,0
AGM.US,5,20211027,211000,120.2,120.2,120.2,120.2,100,0
AGM.US,5,20211027,211500,120.41,120.41,120.22,120.32,621,0
AGM.US,5,20211027,212000,120.43,120.696,120.43,120.696,200,0
AGM.US,5,20211027,213500,120.455,120.7,120.455,120.68,300,0
AGM.US,5,20211027,214000,120.76,120.78,120.76,120.78,200,0
AGM.US,5,20211027,214500,120.765,120.765,120.765,120.765,100,0
AGM.US,5,20211027,215000,120.79,120.96,120.74,120.765,2100,0
AGM.US,5,20211027,215500,120.96,121.27,120.795,121.12,6310,0
AGM.US,5,20211028,153000,121.76,121.76,121.76,121.76,172,0
AGM.US,5,20211028,154500,122.76,122.76,122.76,122.76,396,0
AGM.US,5,20211028,155500,122.01,122.01,122.01,122.01,100,0
AGM.US,5,20211028,160500,122.1,122.1,122.1,122.1,100,0
AGM.US,5,20211028,161500,122.092,122.092,122.092,122.092,100,0
AGM.US,5,20211028,164000,122.17,122.685,122.17,122.685,200,0
AGM.US,5,20211028,170000,122.64,122.64,122.64,122.64,100,0
AGM.US,5,20211028,170500,122.44,122.68,122.44,122.68,200,0
AGM.US,5,20211028,171000,122.47,122.47,122.47,122.47,100,0
AGM.US,5,20211028,181500,121.826,122.18,121.826,122.18,310,0
AGM.US,5,20211028,202000,122.71,122.71,122.71,122.71,100,0
AGM.US,5,20211028,202500,122.705,122.705,122.705,122.705,100,0
AGM.US,5,20211028,203000,122.71,122.71,122.71,122.71,100,0
AGM.US,5,20211028,205000,122.52,122.71,122.52,122.71,621,0
AGM.US,5,20211028,210500,122.71,122.71,122.71,122.71,100,0
AGM.US,5,20211028,212500,122.75,122.75,122.4,122.65,752,0
AGM.US,5,20211028,213500,122.645,122.645,122.645,122.645,100,0
AGM.US,5,20211028,214000,122.88,122.91,122.88,122.91,200,0
AGM.US,5,20211028,214500,122.935,123.14,122.935,123.14,500,0
AGM.US,5,20211028,215000,123.33,123.35,123.32,123.32,400,0
AGM.US,5,20211028,215500,123.18,123.87,123.18,123.67,5990,0
AGM.US,5,20211029,153000,123.67,123.67,123.67,123.67,389,0
AGM.US,5,20211029,153500,123.5,123.5,123.5,123.5,100,0
AGM.US,5,20211029,154000,124.73,124.73,124.73,124.73,495,0
AGM.US,5,20211029,161000,123.45,123.62,123.43,123.43,500,0
AGM.US,5,20211029,164500,124,124.42,124,124.35,404,0
AGM.US,5,20211029,170500,124.56,124.56,124.56,124.56,242,0
AGM.US,5,20211029,171000,124.7,124.85,124.7,124.78,600,0
AGM.US,5,20211029,171500,124.91,124.91,124.905,124.91,300,0
AGM.US,5,20211029,174000,124.99,124.99,124.99,124.99,100,0
AGM.US,5,20211029,174500,124.955,124.955,124.955,124.955,200,0
AGM.US,5,20211029,175000,125.08,125.08,125.08,125.08,100,0
AGM.US,5,20211029,180000,125.14,125.14,125.14,125.14,100,0
AGM.US,5,20211029,182500,125.26,125.26,125.26,125.26,100,0
AGM.US,5,20211029,183000,125.26,125.26,125.26,125.26,100,0
AGM.US,5,20211029,183500,125.08,125.08,125.08,125.08,100,0
AGM.US,5,20211029,184500,125.5,125.52,125.3,125.3,300,0
AGM.US,5,20211029,190000,125.1,125.1,125.1,125.1,100,0
AGM.US,5,20211029,191000,125.1,125.1,125.1,125.1,100,0
AGM.US,5,20211029,192500,125.69,125.69,125.49,125.49,300,0
AGM.US,5,20211029,194000,125.743,125.743,125.743,125.743,200,0
AGM.US,5,20211029,194500,125.51,125.51,125.51,125.51,300,0
AGM.US,5,20211029,195000,125.43,126,125.43,126,606,0
AGM.US,5,20211029,200500,126.2,126.2,126,126,700,0
AGM.US,5,20211029,201000,126,126.005,126,126.005,602,0
AGM.US,5,20211029,201500,125.83,125.83,125.83,125.83,100,0
AGM.US,5,20211029,202500,125.56,125.56,125.56,125.56,100,0
AGM.US,5,20211029,203000,125.54,125.54,125.21,125.21,1200,0
AGM.US,5,20211029,204000,125.22,125.435,125.22,125.435,200,0
AGM.US,5,20211029,204500,125.14,125.14,125.14,125.14,100,0
AGM.US,5,20211029,205500,125.14,125.14,125.14,125.14,100,0
AGM.US,5,20211029,210000,125.4,125.625,125.4,125.625,400,0
AGM.US,5,20211029,210500,125.52,125.65,125.52,125.65,619,0
AGM.US,5,20211029,211500,125.37,125.37,125.37,125.37,100,0
AGM.US,5,20211029,212000,125.615,125.615,125.445,125.445,300,0
AGM.US,5,20211029,212500,125.23,125.23,125.23,125.23,100,0
AGM.US,5,20211029,213000,125.475,125.74,125.475,125.74,490,0
AGM.US,5,20211029,213500,126.195,126.195,126.195,126.195,100,0
AGM.US,5,20211029,214000,125.9,125.9,125.9,125.9,100,0
AGM.US,5,20211029,214500,126.115,126.115,125.78,125.78,200,0
AGM.US,5,20211029,215000,125.7,125.78,125.63,125.63,600,0
AGM.US,5,20211029,215500,125.63,126.4,125.63,126.09,11406,0
AGM.US,5,20211101,143000,126.09,127.96,126.09,127.77,502,0
AGM.US,5,20211101,145000,127,127,127,127,457,0
AGM.US,5,20211101,145500,126.427,126.75,126.427,126.75,505,0
AGM.US,5,20211101,150500,126.77,126.775,126.77,126.775,1000,0
AGM.US,5,20211101,151000,126.78,126.785,126.78,126.785,513,0
AGM.US,5,20211101,151500,126.83,126.83,126.83,126.83,460,0
AGM.US,5,20211101,152000,127.085,127.085,126.96,126.97,1135,0
AGM.US,5,20211101,153500,126.845,127.095,126.84,127.095,746,0
AGM.US,5,20211101,154000,126.985,126.985,126.96,126.96,500,0
AGM.US,5,20211101,154500,127.41,127.43,127.41,127.43,206,0
AGM.US,5,20211101,155000,127.76,127.76,127.71,127.71,300,0
AGM.US,5,20211101,155500,127.81,127.81,127.81,127.81,275,0
AGM.US,5,20211101,160000,127.99,128.34,127.99,128.24,475,0
AGM.US,5,20211101,160500,128.245,128.245,128.245,128.245,200,0
AGM.US,5,20211101,161500,128.134,128.134,128.134,128.134,165,0
AGM.US,5,20211101,162000,128.29,128.705,128.223,128.705,1442,0
AGM.US,5,20211101,162500,128.355,128.51,128.355,128.48,700,0
AGM.US,5,20211101,163500,128.64,128.665,128.63,128.63,300,0
AGM.US,5,20211101,172000,129.46,129.46,129.46,129.46,100,0
AGM.US,5,20211101,174000,129.165,129.37,129.165,129.37,215,0
AGM.US,5,20211101,174500,129.96,129.96,129.96,129.96,100,0
AGM.US,5,20211101,181000,130.41,130.41,130.41,130.41,100,0
AGM.US,5,20211101,182500,130.34,130.5,130.34,130.5,600,0
AGM.US,5,20211101,183000,131.17,131.17,130.72,130.72,200,0
AGM.US,5,20211101,183500,130.416,130.416,130.416,130.416,400,0
AGM.US,5,20211101,185000,130.13,130.15,130.13,130.15,302,0
AGM.US,5,20211101,191500,128.84,129.29,128.84,129.02,540,0
AGM.US,5,20211101,192500,129.65,129.65,129.415,129.415,200,0
AGM.US,5,20211101,193500,129.68,129.68,129.47,129.47,529,0
AGM.US,5,20211101,195000,129.54,129.61,128.945,129.26,3621,0
AGM.US,5,20211101,195500,129.07,129.46,129.04,129.45,3200,0
AGM.US,5,20211101,200000,129.9,130.055,129.06,129.57,8551,0
AGM.US,5,20211101,200500,129.36,129.36,128.84,128.85,2685,0
AGM.US,5,20211101,201500,128.41,128.685,128.025,128.025,500,0
AGM.US,5,20211101,202000,127.76,127.76,127.37,127.37,200,0
AGM.US,5,20211101,202500,128.085,128.085,128.085,128.085,100,0
AGM.US,5,20211101,203000,128.085,128.085,128.018,128.018,700,0
AGM.US,5,20211101,203500,128.07,128.085,128.07,128.085,200,0
AGM.US,5,20211101,204000,128.36,128.36,128.21,128.36,518,0
AGM.US,5,20211101,204500,128.31,128.31,128.055,128.055,900,0
AGM.US,5,20211101,205000,127.975,128.323,127.9,128.19,847,0
AGM.US,5,20211101,205500,128.31,128.6,128.17,128.2,7681,0
AGM.US,5,20211102,143000,128.97,128.97,128.22,128.22,377,0
AGM.US,5,20211102,150500,128.31,128.31,128.23,128.31,400,0
AGM.US,5,20211102,151500,128.78,128.78,128.78,128.78,256,0
AGM.US,5,20211102,155000,128.43,128.43,128.23,128.23,240,0
AGM.US,5,20211102,160000,128.345,128.66,128.345,128.66,296,0
AGM.US,5,20211102,162500,127.88,127.88,127.88,127.88,100,0
AGM.US,5,20211102,170000,128.32,128.32,128.32,128.32,100,0
AGM.US,5,20211102,173500,128.14,128.14,128.14,128.14,100,0
AGM.US,5,20211102,180000,127.42,127.47,127.42,127.47,398,0
AGM.US,5,20211102,181500,127.76,127.76,127.76,127.76,100,0
AGM.US,5,20211102,182000,127.99,128.11,127.99,128.11,1360,0
AGM.US,5,20211102,183500,128.12,128.12,128.12,128.12,904,0
AGM.US,5,20211102,184000,128.45,128.56,128.45,128.56,200,0
AGM.US,5,20211102,190000,128.85,128.85,128.85,128.85,100,0
AGM.US,5,20211102,190500,129.11,129.11,129,129,200,0
AGM.US,5,20211102,191000,128.712,128.712,128.712,128.712,250,0
AGM.US,5,20211102,191500,129,129.14,129,129.14,600,0
AGM.US,5,20211102,192000,129.01,129.05,129,129.05,870,0
AGM.US,5,20211102,193500,129.25,129.25,129.25,129.25,100,0
AGM.US,5,20211102,201000,129.035,129.065,129,129.065,3863,0
AGM.US,5,20211102,201500,129.06,129.06,129.06,129.06,200,0
AGM.US,5,20211102,202500,128.99,128.99,128.99,128.99,100,0
AGM.US,5,20211102,203000,129,129,129,129,1267,0
AGM.US,5,20211102,203500,129.15,129.21,129.15,129.19,700,0
AGM.US,5,20211102,205000,128.985,129.18,128.985,129.18,300,0
AGM.US,5,20211102,205500,129.275,129.275,129.18,129.18,3688,0
AGM.US,5,20211103,143000,129.18,129.18,129.18,129.18,107,0
AGM.US,5,20211103,144000,128.935,128.935,128.935,128.935,200,0
AGM.US,5,20211103,145500,128.805,129.21,128.805,129.21,587,0
AGM.US,5,20211103,150500,129.367,129.367,129.367,129.367,107,0
AGM.US,5,20211103,152000,129.835,129.835,129.835,129.835,165,0
AGM.US,5,20211103,160000,131.03,131.03,131.03,131.03,100,0
AGM.US,5,20211103,162000,130.29,130.29,130.29,130.29,100,0
AGM.US,5,20211103,162500,130.55,130.55,130.55,130.55,100,0
AGM.US,5,20211103,164000,130.36,130.51,130.36,130.51,328,0
AGM.US,5,20211103,164500,130.76,130.85,130.76,130.85,200,0
AGM.US,5,20211103,165000,130.62,130.62,130.62,130.62,100,0
AGM.US,5,20211103,170000,130.78,130.915,130.78,130.915,200,0
AGM.US,5,20211103,170500,130.925,131.34,130.925,131.34,592,0
AGM.US,5,20211103,171500,131.59,131.59,131.59,131.59,200,0
AGM.US,5,20211103,174000,131.66,131.82,131.64,131.82,500,0
AGM.US,5,20211103,174500,131.745,131.745,131.745,131.745,120,0
AGM.US,5,20211103,175000,131.95,131.95,131.602,131.602,225,0
AGM.US,5,20211103,180000,131.95,132.04,131.95,132.04,200,0
AGM.US,5,20211103,181500,132.06,132.1,132.06,132.1,200,0
AGM.US,5,20211103,182000,132.31,132.31,132.31,132.31,100,0
AGM.US,5,20211103,183000,132.41,132.62,132.41,132.57,500,0
AGM.US,5,20211103,185000,132.51,132.51,132.15,132.15,200,0
AGM.US,5,20211103,190000,132.55,132.55,132.55,132.55,195,0
AGM.US,5,20211103,190500,133.49,133.49,132.58,132.58,1746,0
AGM.US,5,20211103,191000,132.755,133.02,132.755,133.02,300,0
AGM.US,5,20211103,191500,133.06,133.12,133.06,133.12,400,0
AGM.US,5,20211103,192000,133.53,133.53,133.53,133.53,100,0
AGM.US,5,20211103,192500,133.24,133.24,133.2,133.2,232,0
AGM.US,5,20211103,194000,133.29,133.32,133.21,133.21,500,0
AGM.US,5,20211103,194500,133.53,133.65,133.53,133.65,618,0
AGM.US,5,20211103,195500,134.06,134.06,134.06,134.06,100,0
AGM.US,5,20211103,200000,133.96,133.96,133.96,133.96,100,0
AGM.US,5,20211103,200500,133.45,133.45,133.45,133.45,500,0
AGM.US,5,20211103,201000,133.56,133.56,133.56,133.56,100,0
AGM.US,5,20211103,201500,133.55,133.78,133.4,133.78,903,0
AGM.US,5,20211103,202500,133.79,133.87,133.74,133.87,422,0
AGM.US,5,20211103,203000,133.71,134.06,133.71,134.06,200,0
AGM.US,5,20211103,203500,133.65,133.68,133.5,133.68,300,0
AGM.US,5,20211103,204000,133.425,133.425,133.425,133.425,135,0
AGM.US,5,20211103,204500,133.69,133.8,133.39,133.8,1267,0
AGM.US,5,20211103,205000,133.56,134.28,133.56,134.28,1105,0
AGM.US,5,20211103,205500,134.24,134.4,134.21,134.23,6668,0
AGM.US,5,20211104,143000,133.55,133.55,133.55,133.55,576,0
AGM.US,5,20211104,144000,132.11,132.34,132.11,132.16,300,0
AGM.US,5,20211104,145000,132.2,132.23,132.16,132.16,400,0
AGM.US,5,20211104,145500,132.14,132.14,132,132,300,0
AGM.US,5,20211104,150000,131.75,131.8,131.43,131.8,400,0
AGM.US,5,20211104,151500,131.27,131.27,131.16,131.21,517,0
AGM.US,5,20211104,152000,130.68,130.68,130.55,130.55,200,0
AGM.US,5,20211104,152500,130.16,130.16,129.61,129.72,696,0
AGM.US,5,20211104,153000,129.81,130.52,129.81,129.99,1158,0
AGM.US,5,20211104,153500,130.08,130.08,130.08,130.08,200,0
AGM.US,5,20211104,154000,129.9,130.19,129.9,130.19,200,0
AGM.US,5,20211104,154500,130.2,130.2,130.08,130.08,400,0
AGM.US,5,20211104,155000,130.425,130.425,129.99,129.99,600,0
AGM.US,5,20211104,160000,129.68,129.68,129.58,129.62,700,0
AGM.US,5,20211104,160500,129.24,129.33,129.24,129.33,412,0
AGM.US,5,20211104,161000,129.45,129.58,129.45,129.58,200,0
AGM.US,5,20211104,161500,129.35,129.355,129.35,129.355,200,0
AGM.US,5,20211104,162000,129.145,129.145,128.759,128.759,400,0
AGM.US,5,20211104,162500,128.465,128.465,128.465,128.465,100,0
AGM.US,5,20211104,163000,128.66,128.71,128.66,128.71,386,0
AGM.US,5,20211104,163500,128.95,129.13,128.95,129.13,436,0
AGM.US,5,20211104,164000,128.96,129.13,128.96,129.13,700,0
AGM.US,5,20211104,165000,129.085,129.085,129.085,129.085,100,0
AGM.US,5,20211104,165500,129.305,129.305,129.08,129.08,250,0
AGM.US,5,20211104,170000,129.04,129.04,129.04,129.04,100,0
AGM.US,5,20211104,170500,128.765,128.765,128.68,128.68,400,0
AGM.US,5,20211104,171000,128.43,128.43,128.43,128.43,100,0
AGM.US,5,20211104,171500,128.69,128.71,128.58,128.71,400,0
AGM.US,5,20211104,172000,128.921,128.921,128.757,128.757,300,0
AGM.US,5,20211104,172500,128.96,129.35,128.96,129.35,429,0
AGM.US,5,20211104,173500,129.194,129.305,129.07,129.07,300,0
AGM.US,5,20211104,174500,129.61,129.63,129.21,129.62,957,0
AGM.US,5,20211104,175500,129.225,129.225,129.031,129.031,350,0
AGM.US,5,20211104,181000,128.76,128.77,128.76,128.77,302,0
AGM.US,5,20211104,182000,128.42,128.56,128.415,128.415,403,0
AGM.US,5,20211104,183500,128.49,128.67,128.49,128.67,700,0
AGM.US,5,20211104,184000,128.88,128.88,128.88,128.88,200,0
AGM.US,5,20211104,184500,128.85,128.85,128.85,128.85,100,0
AGM.US,5,20211104,185500,129.16,129.19,129.16,129.19,300,0
AGM.US,5,20211104,190500,129.16,129.37,129.16,129.37,300,0
AGM.US,5,20211104,191000,129.42,129.42,129.15,129.15,200,0
AGM.US,5,20211104,191500,129.09,129.09,129.09,129.09,100,0
AGM.US,5,20211104,192000,128.95,129.39,128.95,129.39,200,0
AGM.US,5,20211104,193500,128.72,128.72,128.72,128.72,100,0
AGM.US,5,20211104,194000,128.76,128.76,128.76,128.76,100,0
AGM.US,5,20211104,194500,128.685,128.815,128.685,128.815,601,0
AGM.US,5,20211104,195000,128.95,128.95,128.78,128.81,300,0
AGM.US,5,20211104,195500,128.94,129.06,128.71,129.06,399,0
AGM.US,5,20211104,200000,129.085,129.64,129.085,129.64,600,0
AGM.US,5,20211104,200500,129.33,129.33,129.33,129.33,100,0
AGM.US,5,20211104,201500,129.82,129.83,129.23,129.77,800,0
AGM.US,5,20211104,202500,129.835,129.835,129.7,129.7,300,0
AGM.US,5,20211104,203000,130.09,130.09,130.09,130.09,100,0
AGM.US,5,20211104,203500,130.06,130.5,130.05,130.5,800,0
AGM.US,5,20211104,204000,130.49,130.49,130.41,130.41,300,0
AGM.US,5,20211104,204500,130.45,130.65,130.26,130.59,500,0
AGM.US,5,20211104,205000,130,130.73,130,130.73,1491,0
AGM.US,5,20211104,205500,130.72,131.27,130.33,131.27,12193,0
AGM.US,5,20211105,143000,132.6,132.6,132.6,132.6,249,0
AGM.US,5,20211105,143500,131.96,131.96,131.96,131.96,100,0
AGM.US,5,20211105,144000,132.5,132.5,132.5,132.5,100,0
AGM.US,5,20211105,145500,132.678,132.678,132.678,132.678,400,0
AGM.US,5,20211105,151500,132.3,132.3,132.3,132.3,200,0
AGM.US,5,20211105,152000,131.465,131.465,131.465,131.465,100,0
AGM.US,5,20211105,153500,131.26,132.11,131.26,131.31,400,0
AGM.US,5,20211105,154000,131.94,132.25,131.62,132.25,1100,0
AGM.US,5,20211105,155000,132.46,132.46,132.46,132.46,200,0
AGM.US,5,20211105,155500,132.545,132.545,132.545,132.545,100,0
AGM.US,5,20211105,160000,133.29,133.87,133.29,133.44,600,0
AGM.US,5,20211105,160500,133.51,133.58,133.51,133.58,225,0
AGM.US,5,20211105,161000,133.88,134.49,133.863,134.25,1754,0
AGM.US,5,20211105,161500,134.44,134.5,134.26,134.5,450,0
AGM.US,5,20211105,162000,134.59,134.59,134.56,134.56,200,0
AGM.US,5,20211105,163000,134.13,134.13,134.01,134.01,400,0
AGM.US,5,20211105,164500,133.415,133.64,133.395,133.395,600,0
AGM.US,5,20211105,165000,133.44,134.1,133.44,134.1,300,0
AGM.US,5,20211105,165500,134.14,134.14,134.14,134.14,100,0
AGM.US,5,20211105,170500,133.78,133.78,133.02,133.02,1221,0
AGM.US,5,20211105,171000,133.08,133.42,132.98,132.98,700,0
AGM.US,5,20211105,171500,132.33,132.33,132.33,132.33,100,0
AGM.US,5,20211105,172500,132.46,132.46,132.46,132.46,200,0
AGM.US,5,20211105,173000,132.29,132.29,132.185,132.185,200,0
AGM.US,5,20211105,173500,132.355,132.655,132.355,132.38,500,0
AGM.US,5,20211105,174000,132.64,132.65,132.34,132.34,500,0
AGM.US,5,20211105,174500,132.115,132.36,132.115,132.36,450,0
AGM.US,5,20211105,180000,133.16,133.27,133.16,133.27,200,0
AGM.US,5,20211105,180500,133.289,133.289,133.289,133.289,100,0
AGM.US,5,20211105,181000,132.97,132.97,132.97,132.97,100,0
AGM.US,5,20211105,181500,133.13,133.13,133.13,133.13,100,0
AGM.US,5,20211105,182000,133.11,133.11,133.1,133.1,200,0
AGM.US,5,20211105,183000,132.68,132.68,132.67,132.67,200,0
AGM.US,5,20211105,184500,132.535,132.535,132.535,132.535,100,0
AGM.US,5,20211105,185000,132.843,132.843,132.52,132.52,450,0
AGM.US,5,20211105,185500,132.62,132.62,132.36,132.36,300,0
AGM.US,5,20211105,190000,132.4,132.4,132.4,132.4,137,0
AGM.US,5,20211105,190500,132.82,133.51,132.82,132.91,1198,0
AGM.US,5,20211105,191000,133.3,133.3,132.98,132.98,300,0
AGM.US,5,20211105,192000,133.48,133.48,133.46,133.46,300,0
AGM.US,5,20211105,192500,133.35,133.351,132.936,133.058,2755,0
AGM.US,5,20211105,193500,133.13,133.13,133.13,133.13,100,0
AGM.US,5,20211105,194500,132.95,132.95,132.95,132.95,100,0
AGM.US,5,20211105,195000,133.15,133.23,133.15,133.165,400,0
AGM.US,5,20211105,200000,133.35,133.38,132.775,133.3,800,0
AGM.US,5,20211105,200500,132.79,133.145,132.79,133.145,5000,0
AGM.US,5,20211105,201000,133.37,133.5,133.37,133.5,200,0
AGM.US,5,20211105,201500,133.56,133.56,133.22,133.22,200,0
AGM.US,5,20211105,202000,132.94,133.34,132.94,132.94,577,0
AGM.US,5,20211105,202500,133.6,133.6,133.015,133.015,200,0
AGM.US,5,20211105,203000,133.015,133.015,132.97,132.97,493,0
AGM.US,5,20211105,203500,132.87,133.145,132.87,133.145,300,0
AGM.US,5,20211105,204000,133.19,133.5,133.19,133.5,500,0
AGM.US,5,20211105,204500,132.99,133.52,132.97,133.025,524,0
AGM.US,5,20211105,205000,133.49,133.8,133.47,133.78,926,0
AGM.US,5,20211105,205500,134.17,134.38,133.59,133.91,7596,0
AGM.US,5,20211108,153000,134.37,134.37,134.37,134.37,199,0
AGM.US,5,20211108,153500,133.86,133.86,133.86,133.86,100,0
AGM.US,5,20211108,154000,134.19,134.81,134.19,134.81,694,0
AGM.US,5,20211108,161000,133.804,133.804,133.804,133.804,105,0
AGM.US,5,20211108,162500,133.74,133.74,133.74,133.74,103,0
AGM.US,5,20211108,163500,133.77,134.05,133.77,134.05,200,0
AGM.US,5,20211108,165000,134.69,134.69,134.69,134.69,100,0
AGM.US,5,20211108,171500,134.38,134.38,134.38,134.38,100,0
AGM.US,5,20211108,172000,134.75,134.9,134.75,134.9,200,0
AGM.US,5,20211108,172500,134.92,135.085,134.92,134.94,400,0
AGM.US,5,20211108,173500,135.42,135.42,135.42,135.42,100,0
AGM.US,5,20211108,181500,135.82,135.82,135.42,135.42,284,0
AGM.US,5,20211108,182000,135.98,135.99,135.98,135.99,200,0
AGM.US,5,20211108,185000,136.03,136.03,135.895,135.895,600,0
AGM.US,5,20211108,191000,135.76,135.76,135.76,135.76,100,0
AGM.US,5,20211108,193000,135.75,135.75,135.64,135.75,600,0
AGM.US,5,20211108,194000,135.715,135.715,135.29,135.535,600,0
AGM.US,5,20211108,194500,135.55,135.55,135.55,135.55,100,0
AGM.US,5,20211108,195500,135.315,135.315,135.315,135.315,150,0
AGM.US,5,20211108,200000,135.55,135.78,135.53,135.7,1249,0
AGM.US,5,20211108,200500,135.53,135.53,135.53,135.53,101,0
AGM.US,5,20211108,201000,135.48,135.48,135.48,135.48,632,0
AGM.US,5,20211108,201500,135.7,135.91,135.685,135.7,1350,0
AGM.US,5,20211108,202000,135.435,135.84,135.435,135.84,650,0
AGM.US,5,20211108,203000,135.22,135.33,135.22,135.33,200,0
AGM.US,5,20211108,204500,135.2,135.2,135.2,135.2,100,0
AGM.US,5,20211108,205000,135.21,135.21,135.21,135.21,400,0
AGM.US,5,20211108,205500,135.46,135.59,135.46,135.59,896,0
AGM.US,5,20211108,210000,135.65,135.65,135.65,135.65,100,0
AGM.US,5,20211108,211000,135.508,135.508,135.508,135.508,100,0
AGM.US,5,20211108,211500,135.84,135.84,135.84,135.84,200,0
AGM.US,5,20211108,212000,136,136.41,136,136.41,300,0
AGM.US,5,20211108,212500,135.92,135.92,135.795,135.795,738,0
AGM.US,5,20211108,213000,135.88,135.88,135.88,135.88,436,0
AGM.US,5,20211108,214000,135.93,135.93,135.93,135.93,110,0
AGM.US,5,20211108,214500,135.71,136.02,135.69,136.02,599,0
AGM.US,5,20211108,215000,135.97,136,135.97,136,300,0
AGM.US,5,20211108,215500,136.01,137.01,136.01,136.81,4634,0
AGM.US,5,20211109,153000,134.64,134.64,134.64,134.64,430,0
AGM.US,5,20211109,153500,134,136,134,136,1358,0
AGM.US,5,20211109,154000,135.136,135.44,135.02,135.02,1500,0
AGM.US,5,20211109,154500,135.02,135.02,135.02,135.02,100,0
AGM.US,5,20211109,155000,134.927,134.927,132.93,133.2,3558,0
AGM.US,5,20211109,161000,133.444,133.53,133.444,133.53,550,0
AGM.US,5,20211109,161500,134.22,134.801,134.22,134.801,435,0
AGM.US,5,20211109,162000,134.24,134.24,134.22,134.22,200,0
AGM.US,5,20211109,164000,134.13,134.13,134.13,134.13,100,0
AGM.US,5,20211109,165000,133.83,133.83,133.83,133.83,100,0
AGM.US,5,20211109,171000,132.65,133.145,132.51,132.74,1141,0
AGM.US,5,20211109,171500,132.95,132.95,132.95,132.95,100,0
AGM.US,5,20211109,172000,132.58,132.71,132.13,132.13,700,0
AGM.US,5,20211109,172500,132.495,132.495,132.495,132.495,100,0
AGM.US,5,20211109,173000,132.14,132.14,132.05,132.05,351,0
AGM.US,5,20211109,173500,132.2,132.2,132.17,132.18,500,0
AGM.US,5,20211109,174000,131.89,132.5,131.89,132.42,862,0
AGM.US,5,20211109,181500,131.02,131.52,131.02,131.02,711,0
AGM.US,5,20211109,182500,130.64,130.9,130.64,130.9,201,0
AGM.US,5,20211109,184500,130.335,130.335,130.33,130.33,200,0
AGM.US,5,20211109,185000,130.56,131.39,130.54,131.01,3148,0
AGM.US,5,20211109,190500,131.025,131.39,130.84,131,5476,0
AGM.US,5,20211109,191000,130.955,130.955,130.874,130.874,302,0
AGM.US,5,20211109,191500,130.765,130.765,130.765,130.765,100,0
AGM.US,5,20211109,192500,130.665,130.665,130.665,130.665,1300,0
AGM.US,5,20211109,194500,130.28,130.28,130.28,130.28,100,0
AGM.US,5,20211109,195500,130.445,130.445,130.445,130.445,519,0
AGM.US,5,20211109,201000,130.19,130.19,129.235,129.235,1354,0
AGM.US,5,20211109,202500,129.31,129.31,129.31,129.31,100,0
AGM.US,5,20211109,203500,129.28,129.28,129.03,129.03,500,0
AGM.US,5,20211109,205000,129.25,129.25,129.25,129.25,100,0
AGM.US,5,20211109,205500,129.26,129.28,129.055,129.055,816,0
AGM.US,5,20211109,210500,129.26,129.26,129.035,129.25,400,0
AGM.US,5,20211109,211000,128.8,128.8,128.565,128.585,960,0
AGM.US,5,20211109,212000,128.51,128.51,128.35,128.35,705,0
AGM.US,5,20211109,212500,128.17,128.365,127.88,128.22,2476,0
AGM.US,5,20211109,213500,128.08,128.08,127.92,127.92,400,0
AGM.US,5,20211109,214000,128.08,128.5,128.055,128.5,1500,0
AGM.US,5,20211109,214500,128.32,128.74,128.32,128.62,1854,0
AGM.US,5,20211109,215000,128.69,128.76,128.4,128.476,711,0
AGM.US,5,20211109,215500,128.51,128.91,128.36,128.89,7182,0
AGM.US,5,20211110,153000,128.05,128.69,127.37,128.675,1255,0
AGM.US,5,20211110,154000,129.03,129.03,129.03,129.03,100,0
AGM.US,5,20211110,155000,129.75,129.75,129.12,129.12,420,0
AGM.US,5,20211110,161500,128.81,128.81,128.74,128.74,300,0
AGM.US,5,20211110,162500,129.122,129.122,129.122,129.122,100,0
AGM.US,5,20211110,164000,128.31,129.115,128.31,129.115,200,0
AGM.US,5,20211110,164500,128.665,128.665,128.665,128.665,100,0
AGM.US,5,20211110,171000,128.665,128.665,128.665,128.665,300,0
AGM.US,5,20211110,173000,128.815,129.57,128.815,129.57,5124,0
AGM.US,5,20211110,173500,129.56,129.56,129.56,129.56,100,0
AGM.US,5,20211110,174000,129.96,130.865,129.96,130.495,2285,0
AGM.US,5,20211110,174500,130.525,130.525,130.525,130.525,150,0
AGM.US,5,20211110,180500,130.715,130.925,130.715,130.925,200,0
AGM.US,5,20211110,181500,130.48,130.48,130.47,130.47,689,0
AGM.US,5,20211110,184500,130.735,130.735,130.735,130.735,100,0
AGM.US,5,20211110,190500,130.62,130.75,130.62,130.75,299,0
AGM.US,5,20211110,191500,130.625,131.085,130.58,130.845,6587,0
AGM.US,5,20211110,192000,130.955,131.27,130.955,131.27,300,0
AGM.US,5,20211110,193000,131.805,131.805,131.805,131.805,100,0
AGM.US,5,20211110,193500,131.83,131.965,131.83,131.965,377,0
AGM.US,5,20211110,194000,131.94,131.941,131.93,131.941,452,0
AGM.US,5,20211110,195500,131.7,131.7,131.7,131.7,200,0
AGM.US,5,20211110,205000,131.26,131.625,131.26,131.61,600,0
AGM.US,5,20211110,205500,131.65,131.65,131.65,131.65,100,0
AGM.US,5,20211110,211000,131.68,131.68,131.68,131.68,100,0
AGM.US,5,20211110,211500,131.935,131.935,131.935,131.935,100,0
AGM.US,5,20211110,213000,131.6,131.6,131.6,131.6,100,0
AGM.US,5,20211110,213500,131.4,131.52,131.32,131.52,700,0
AGM.US,5,20211110,214000,131.364,131.364,131.335,131.335,200,0
AGM.US,5,20211110,215000,131.465,131.69,131.2,131.455,1344,0
AGM.US,5,20211110,215500,131.455,131.68,131.26,131.5,6040,0
AGM.US,5,20211111,153000,131.57,131.57,131.57,131.57,169,0
AGM.US,5,20211111,153500,132.07,132.07,132.07,132.07,100,0
AGM.US,5,20211111,164000,132.5,132.52,132.08,132.52,5246,0
AGM.US,5,20211111,164500,132.895,132.895,132.895,132.895,200,0
AGM.US,5,20211111,170000,133.66,133.66,132.92,132.92,300,0
AGM.US,5,20211111,171000,133.7,133.7,133.7,133.7,121,0
AGM.US,5,20211111,171500,133.94,133.94,133.94,133.94,100,0
AGM.US,5,20211111,174000,134.44,134.44,134.42,134.42,200,0
AGM.US,5,20211111,180000,134.985,134.985,134.985,134.985,100,0
AGM.US,5,20211111,180500,134.67,134.67,134.54,134.54,1099,0
AGM.US,5,20211111,181000,134.62,134.62,134.62,134.62,100,0
AGM.US,5,20211111,182000,134.57,134.57,134.57,134.57,400,0
AGM.US,5,20211111,182500,134.64,134.64,134.64,134.64,400,0
AGM.US,5,20211111,184000,134.15,134.15,134.15,134.15,100,0
AGM.US,5,20211111,185500,134.285,134.285,134.05,134.05,300,0
AGM.US,5,20211111,190000,133.86,133.86,133.86,133.86,100,0
AGM.US,5,20211111,190500,133.61,133.61,133.372,133.372,200,0
AGM.US,5,20211111,195500,133.26,133.26,133.26,133.26,100,0
AGM.US,5,20211111,202500,133.29,133.29,133.29,133.29,100,0
AGM.US,5,20211111,205500,133.365,133.51,133.36,133.51,301,0
AGM.US,5,20211111,210500,133.69,133.69,133.69,133.69,200,0
AGM.US,5,20211111,212000,133.92,133.92,133.63,133.83,1197,0
AGM.US,5,20211111,212500,133.64,133.64,133.64,133.64,100,0
AGM.US,5,20211111,213500,133.44,133.51,133.44,133.51,200,0
AGM.US,5,20211111,214000,133.56,133.56,133.52,133.52,200,0
AGM.US,5,20211111,214500,133.6,133.71,133.6,133.71,206,0
AGM.US,5,20211111,215500,133.43,133.62,133.34,133.46,3692,0
