<TICKER>,<PER>,<DATE>,<TIME>,<OPEN>,<HIGH>,<LOW>,<CLOSE>,<VOL>,<OPENINT>
ALP_Q.US,5,20210922,153000,26.08,26.08,26.08,26.08,600,0
ALP_Q.US,5,20210922,153500,25.98,25.98,25.98,25.98,200,0
ALP_Q.US,5,20210922,155000,26.0599,26.0599,26.0599,26.0599,102,0
ALP_Q.US,5,20210922,160500,26.0493,26.0493,26.0493,26.0493,361,0
ALP_Q.US,5,20210922,161000,26.0886,26.0886,26.0877,26.0877,936,0
ALP_Q.US,5,20210922,182000,26.08,26.08,26.08,26.08,100,0
ALP_Q.US,5,20210922,183000,26.08,26.08,26.08,26.08,200,0
ALP_Q.US,5,20210922,184000,26.095,26.165,26.095,26.16,3016,0
ALP_Q.US,5,20210922,184500,26.15,26.15,26.15,26.15,149,0
ALP_Q.US,5,20210922,185500,26.135,26.135,26.135,26.135,100,0
ALP_Q.US,5,20210922,190000,26.1255,26.1255,26.1255,26.1255,1200,0
ALP_Q.US,5,20210922,190500,26.11,26.11,26.11,26.11,184,0
ALP_Q.US,5,20210922,191500,26.125,26.125,26.11,26.11,200,0
ALP_Q.US,5,20210922,192000,26.11,26.11,26.11,26.11,100,0
ALP_Q.US,5,20210922,193000,26.11,26.11,26.11,26.11,100,0
ALP_Q.US,5,20210922,194000,26.11,26.11,26.1,26.1,485,0
ALP_Q.US,5,20210922,200500,26.1,26.1,26.0447,26.0447,857,0
ALP_Q.US,5,20210922,201000,26.08,26.08,26.08,26.08,100,0
ALP_Q.US,5,20210922,201500,26.06,26.06,26.06,26.06,200,0
ALP_Q.US,5,20210922,202000,26.04,26.04,26.04,26.04,100,0
ALP_Q.US,5,20210922,203000,26.04,26.04,26.04,26.04,200,0
ALP_Q.US,5,20210922,203500,26.04,26.04,26.04,26.04,200,0
ALP_Q.US,5,20210922,204500,26.06,26.06,26.06,26.06,100,0
ALP_Q.US,5,20210922,205000,26.1,26.1,26.1,26.1,100,0
ALP_Q.US,5,20210922,205500,26.1,26.1,26.1,26.1,1738,0
ALP_Q.US,5,20210922,210000,26.1,26.1,26.1,26.1,100,0
ALP_Q.US,5,20210922,210500,26.06,26.06,26.06,26.06,100,0
ALP_Q.US,5,20210922,211500,26.06,26.06,26.06,26.06,200,0
ALP_Q.US,5,20210922,212000,26.06,26.06,26.06,26.06,100,0
ALP_Q.US,5,20210922,212500,26.06,26.06,26.06,26.06,100,0
ALP_Q.US,5,20210922,213000,26.06,26.06,26.06,26.06,100,0
ALP_Q.US,5,20210922,213500,26.05,26.05,26.05,26.05,100,0
ALP_Q.US,5,20210922,214000,26.05,26.0885,26.05,26.0885,570,0
ALP_Q.US,5,20210922,214500,26.06,26.06,26.06,26.06,400,0
ALP_Q.US,5,20210922,215000,26.16,26.16,26.05,26.05,1394,0
ALP_Q.US,5,20210922,215500,26.05,26.1,26.05,26.1,741,0
ALP_Q.US,5,20210923,153000,26.1,26.1055,26.1,26.1055,607,0
ALP_Q.US,5,20210923,155000,26.11,26.11,26.11,26.11,200,0
ALP_Q.US,5,20210923,164500,26.1,26.1,26.1,26.1,200,0
ALP_Q.US,5,20210923,165000,26.06,26.06,26.05,26.05,400,0
ALP_Q.US,5,20210923,165500,26.05,26.06,26.05,26.05,500,0
ALP_Q.US,5,20210923,170500,26.05,26.05,26.04,26.04,700,0
ALP_Q.US,5,20210923,171500,26.03,26.03,26.01,26.01,817,0
ALP_Q.US,5,20210923,172000,25.98,25.98,25.98,25.98,300,0
ALP_Q.US,5,20210923,172500,26.0099,26.0099,25.98,25.98,211,0
ALP_Q.US,5,20210923,173000,25.97,25.975,25.97,25.975,700,0
ALP_Q.US,5,20210923,174500,26,26,25.99,25.99,200,0
ALP_Q.US,5,20210923,180500,26,26,26,26,100,0
ALP_Q.US,5,20210923,185000,25.94,25.94,25.94,25.94,100,0
ALP_Q.US,5,20210923,194000,26.0278,26.0278,26.0278,26.0278,605,0
ALP_Q.US,5,20210923,201000,26.04,26.06,25.995,26.0598,870,0
ALP_Q.US,5,20210923,201500,25.95,25.95,25.94,25.94,200,0
ALP_Q.US,5,20210923,204500,26,26,26,26,100,0
ALP_Q.US,5,20210923,212000,25.995,25.995,25.995,25.995,960,0
ALP_Q.US,5,20210923,215500,25.96,25.96,25.96,25.96,100,0
ALP_Q.US,5,20210924,153000,25.9806,25.9806,25.9806,25.9806,200,0
ALP_Q.US,5,20210924,153500,25.95,25.95,25.95,25.95,200,0
ALP_Q.US,5,20210924,154000,26.0093,26.0093,26.0093,26.0093,750,0
ALP_Q.US,5,20210924,154500,25.94,26,25.93,25.9997,2695,0
ALP_Q.US,5,20210924,160000,25.98,25.98,25.98,25.98,246,0
ALP_Q.US,5,20210924,165000,25.98,25.98,25.98,25.98,178,0
ALP_Q.US,5,20210924,172500,25.9543,25.9543,25.91,25.95,731,0
ALP_Q.US,5,20210924,175000,25.9087,25.9087,25.9087,25.9087,700,0
ALP_Q.US,5,20210924,185000,25.91,25.91,25.91,25.91,188,0
ALP_Q.US,5,20210924,210500,25.9101,25.9101,25.9101,25.9101,100,0
ALP_Q.US,5,20210924,212000,25.91,25.91,25.91,25.91,100,0
ALP_Q.US,5,20210924,212500,25.92,25.92,25.92,25.92,100,0
ALP_Q.US,5,20210924,213000,25.92,25.92,25.91,25.91,200,0
ALP_Q.US,5,20210924,213500,25.92,25.92,25.91,25.91,200,0
ALP_Q.US,5,20210924,214000,25.91,25.95,25.91,25.95,15100,0
ALP_Q.US,5,20210924,214500,25.91,25.91,25.91,25.91,400,0
ALP_Q.US,5,20210924,215000,25.91,25.91,25.91,25.91,400,0
ALP_Q.US,5,20210927,153000,25.91,25.91,25.91,25.91,240,0
ALP_Q.US,5,20210927,162000,25.9,25.9,25.9,25.9,270,0
ALP_Q.US,5,20210927,164000,25.9,25.9,25.9,25.9,100,0
ALP_Q.US,5,20210927,171500,25.88,25.88,25.88,25.88,192,0
ALP_Q.US,5,20210927,174500,25.8859,25.8859,25.8859,25.8859,825,0
ALP_Q.US,5,20210927,181000,25.9,25.9,25.9,25.9,455,0
ALP_Q.US,5,20210927,182000,25.9,25.9,25.9,25.9,500,0
ALP_Q.US,5,20210927,183500,25.9401,25.9401,25.8711,25.8711,419,0
ALP_Q.US,5,20210927,200000,25.8899,25.8899,25.8899,25.8899,100,0
ALP_Q.US,5,20210927,201000,25.89,25.93,25.89,25.9122,2758,0
ALP_Q.US,5,20210927,211500,25.9,25.93,25.9,25.93,320,0
ALP_Q.US,5,20210927,215000,25.9,25.9,25.9,25.9,100,0
ALP_Q.US,5,20210927,215500,25.89,25.93,25.87,25.93,1869,0
ALP_Q.US,5,20210928,153000,25.77,25.77,25.77,25.77,230,0
ALP_Q.US,5,20210928,154500,25.782,25.782,25.782,25.782,100,0
ALP_Q.US,5,20210928,160000,25.7796,25.7796,25.7796,25.7796,100,0
ALP_Q.US,5,20210928,163500,25.738,25.75,25.738,25.75,326,0
ALP_Q.US,5,20210928,164000,25.8,25.8,25.8,25.8,200,0
ALP_Q.US,5,20210928,164500,25.765,25.765,25.765,25.765,100,0
ALP_Q.US,5,20210928,170000,25.7894,25.7914,25.73,25.73,1400,0
ALP_Q.US,5,20210928,174000,25.73,25.73,25.73,25.73,118,0
ALP_Q.US,5,20210928,184500,25.75,25.75,25.743,25.743,2426,0
ALP_Q.US,5,20210928,191000,25.8,25.8,25.8,25.8,500,0
ALP_Q.US,5,20210928,192000,25.8,25.8,25.8,25.8,218,0
ALP_Q.US,5,20210928,193000,25.77,25.77,25.77,25.77,200,0
ALP_Q.US,5,20210928,193500,25.77,25.77,25.77,25.77,100,0
ALP_Q.US,5,20210928,195000,25.77,25.77,25.74,25.74,700,0
ALP_Q.US,5,20210928,203500,25.74,25.74,25.74,25.74,225,0
ALP_Q.US,5,20210928,205000,25.8,25.811,25.8,25.811,3458,0
ALP_Q.US,5,20210928,215500,25.79,25.79,25.7535,25.7535,200,0
ALP_Q.US,5,20210929,153000,25.82,25.82,25.82,25.82,606,0
ALP_Q.US,5,20210929,160000,25.8086,25.8086,25.8086,25.8086,245,0
ALP_Q.US,5,20210929,161500,25.75,25.8867,25.75,25.8867,950,0
ALP_Q.US,5,20210929,162500,25.94,25.94,25.94,25.94,210,0
ALP_Q.US,5,20210929,164500,25.9033,25.9033,25.9033,25.9033,600,0
ALP_Q.US,5,20210929,165000,25.89,25.9,25.865,25.865,1200,0
ALP_Q.US,5,20210929,171500,25.87,25.87,25.87,25.87,100,0
ALP_Q.US,5,20210929,172000,25.9,25.9,25.9,25.9,100,0
ALP_Q.US,5,20210929,172500,25.9385,25.9385,25.81,25.81,486,0
ALP_Q.US,5,20210929,173000,25.939,25.939,25.939,25.939,288,0
ALP_Q.US,5,20210929,175000,25.865,25.865,25.865,25.865,275,0
ALP_Q.US,5,20210929,180000,25.9,25.9,25.9,25.9,342,0
ALP_Q.US,5,20210929,181000,25.8875,25.9246,25.8875,25.9246,678,0
ALP_Q.US,5,20210929,183000,25.865,25.865,25.865,25.865,385,0
ALP_Q.US,5,20210929,191500,25.92,25.92,25.91,25.92,720,0
ALP_Q.US,5,20210929,195500,25.835,25.835,25.835,25.835,100,0
ALP_Q.US,5,20210929,200000,25.81,25.81,25.8007,25.8007,2023,0
ALP_Q.US,5,20210929,204000,25.835,25.835,25.835,25.835,200,0
ALP_Q.US,5,20210929,205500,25.8376,25.8376,25.8376,25.8376,128,0
ALP_Q.US,5,20210929,211500,25.8375,25.8375,25.8375,25.8375,1404,0
ALP_Q.US,5,20210929,212000,25.8323,25.8323,25.8323,25.8323,104,0
ALP_Q.US,5,20210929,213000,25.8485,25.85,25.8485,25.85,650,0
ALP_Q.US,5,20210929,214000,25.85,25.85,25.85,25.85,498,0
ALP_Q.US,5,20210929,214500,25.84,25.84,25.84,25.84,320,0
ALP_Q.US,5,20210929,215000,25.85,25.94,25.85,25.91,1212,0
ALP_Q.US,5,20210929,215500,25.91,25.93,25.91,25.93,3474,0
ALP_Q.US,5,20210930,153000,26.02,26.02,26.02,26.02,3270,0
ALP_Q.US,5,20210930,181500,25.94,25.941,25.94,25.941,595,0
ALP_Q.US,5,20210930,182000,25.8741,25.8741,25.8741,25.8741,126,0
ALP_Q.US,5,20210930,190000,25.9787,25.9787,25.9787,25.9787,284,0
ALP_Q.US,5,20210930,193000,25.8853,25.8853,25.8853,25.8853,2000,0
ALP_Q.US,5,20210930,193500,25.954,25.954,25.954,25.954,151,0
ALP_Q.US,5,20210930,200500,25.98,25.98,25.98,25.98,163,0
ALP_Q.US,5,20210930,201000,25.9512,25.98,25.9512,25.98,299,0
ALP_Q.US,5,20210930,201500,25.925,25.98,25.88,25.98,1272,0
ALP_Q.US,5,20210930,202000,25.98,25.98,25.98,25.98,100,0
ALP_Q.US,5,20210930,202500,25.98,25.98,25.98,25.98,100,0
ALP_Q.US,5,20210930,203000,25.98,25.98,25.98,25.98,200,0
ALP_Q.US,5,20210930,203500,25.98,25.98,25.98,25.98,200,0
ALP_Q.US,5,20210930,204000,25.98,25.98,25.98,25.98,100,0
ALP_Q.US,5,20210930,204500,25.98,25.98,25.98,25.98,300,0
ALP_Q.US,5,20210930,205000,25.98,26.01,25.98,26.01,300,0
ALP_Q.US,5,20210930,205500,25.955,25.955,25.955,25.955,400,0
ALP_Q.US,5,20210930,210000,25.98,26.02,25.89,26.02,1214,0
ALP_Q.US,5,20210930,210500,25.9908,25.9908,25.9908,25.9908,1000,0
ALP_Q.US,5,20210930,211000,26.01,26.01,26.01,26.01,502,0
ALP_Q.US,5,20210930,211500,26.01,26.01,26.01,26.01,200,0
ALP_Q.US,5,20210930,212500,26.01,26.01,26.01,26.01,310,0
ALP_Q.US,5,20210930,213000,26.01,26.01,26.01,26.01,392,0
ALP_Q.US,5,20210930,213500,26.01,26.07,26.01,26.01,300,0
ALP_Q.US,5,20210930,214000,26.01,26.07,26.01,26.07,300,0
ALP_Q.US,5,20210930,214500,26.05,26.07,25.975,25.975,719,0
ALP_Q.US,5,20210930,215000,26.05,26.07,25.98,26.07,1419,0
ALP_Q.US,5,20210930,215500,26.07,26.18,25.98,26.11,15766,0
ALP_Q.US,5,20211001,153000,26.1,26.1,25.96,25.96,2585,0
ALP_Q.US,5,20211001,155000,25.96,25.96,25.96,25.96,800,0
ALP_Q.US,5,20211001,160500,25.945,25.945,25.945,25.945,200,0
ALP_Q.US,5,20211001,162500,25.97,25.97,25.97,25.97,200,0
ALP_Q.US,5,20211001,163000,25.96,25.96,25.96,25.96,20000,0
ALP_Q.US,5,20211001,165000,26.005,26.005,26.005,26.005,1500,0
ALP_Q.US,5,20211001,165500,26.09,26.09,26.09,26.09,1100,0
ALP_Q.US,5,20211001,170000,26.01,26.01,26.01,26.01,100,0
ALP_Q.US,5,20211001,171000,26.03,26.03,26.03,26.03,144,0
ALP_Q.US,5,20211001,182000,25.98,25.98,25.98,25.98,100,0
ALP_Q.US,5,20211001,183000,26.035,26.035,26.035,26.035,800,0
ALP_Q.US,5,20211001,185000,26.01,26.01,26.01,26.01,100,0
ALP_Q.US,5,20211001,190500,25.9992,25.9992,25.9992,25.9992,1500,0
ALP_Q.US,5,20211001,191000,26.01,26.035,26.01,26.035,500,0
ALP_Q.US,5,20211001,193500,25.995,26.035,25.995,26.035,1390,0
ALP_Q.US,5,20211001,195000,26.01,26.01,25.995,25.995,300,0
ALP_Q.US,5,20211001,200000,26.0099,26.01,26.0099,26.01,400,0
ALP_Q.US,5,20211001,201000,26.035,26.035,26.035,26.035,100,0
ALP_Q.US,5,20211001,213000,25.995,26.035,25.995,26.035,1500,0
ALP_Q.US,5,20211001,213500,26.01,26.01,26.01,26.01,800,0
ALP_Q.US,5,20211001,214000,26.035,26.035,26.01,26.01,1000,0
ALP_Q.US,5,20211001,214500,26.01,26.01,26.01,26.01,1100,0
ALP_Q.US,5,20211001,215000,26.01,26.09,26.01,26.07,2400,0
ALP_Q.US,5,20211001,215500,26.07,26.13,26.035,26.13,5057,0
ALP_Q.US,5,20211004,153000,26.045,26.045,26.045,26.045,100,0
ALP_Q.US,5,20211004,155500,26,26,26,26,100,0
ALP_Q.US,5,20211004,160000,25.974,26.03,25.96,25.96,1010,0
ALP_Q.US,5,20211004,160500,25.9,25.965,25.89,25.965,1200,0
ALP_Q.US,5,20211004,182500,25.91,25.91,25.91,25.91,100,0
ALP_Q.US,5,20211004,190500,25.949,25.949,25.949,25.949,154,0
ALP_Q.US,5,20211004,194500,26.04,26.04,26.04,26.04,100,0
ALP_Q.US,5,20211004,201000,26.0001,26.0001,26.0001,26.0001,200,0
ALP_Q.US,5,20211004,213500,25.9241,25.9241,25.9241,25.9241,111,0
ALP_Q.US,5,20211004,215000,25.93,25.93,25.913,25.92,760,0
ALP_Q.US,5,20211005,153000,25.95,25.95,25.95,25.95,184,0
ALP_Q.US,5,20211005,160500,25.965,25.965,25.965,25.965,100,0
ALP_Q.US,5,20211005,161000,25.98,26.005,25.98,26,900,0
ALP_Q.US,5,20211005,161500,26,26,26,26,100,0
ALP_Q.US,5,20211005,162000,26,26,26,26,100,0
ALP_Q.US,5,20211005,162500,26,26,26,26,200,0
ALP_Q.US,5,20211005,163500,26.03,26.03,26.03,26.03,160,0
ALP_Q.US,5,20211005,164000,26,26,26,26,300,0
ALP_Q.US,5,20211005,164500,25.985,25.9999,25.985,25.985,413,0
ALP_Q.US,5,20211005,165000,25.985,25.9952,25.985,25.9952,500,0
ALP_Q.US,5,20211005,165500,25.97,25.985,25.97,25.985,600,0
ALP_Q.US,5,20211005,170000,25.985,25.985,25.985,25.985,100,0
ALP_Q.US,5,20211005,170500,25.985,25.985,25.985,25.985,300,0
ALP_Q.US,5,20211005,171000,25.985,25.985,25.9721,25.985,680,0
ALP_Q.US,5,20211005,172000,25.985,25.985,25.985,25.985,200,0
ALP_Q.US,5,20211005,173500,25.98,25.98,25.98,25.98,200,0
ALP_Q.US,5,20211005,174500,25.98,25.98,25.98,25.98,200,0
ALP_Q.US,5,20211005,175000,25.985,25.985,25.985,25.985,100,0
ALP_Q.US,5,20211005,175500,25.985,25.985,25.985,25.985,156,0
ALP_Q.US,5,20211005,180500,25.97,25.97,25.97,25.97,144,0
ALP_Q.US,5,20211005,181500,25.97,25.985,25.97,25.97,300,0
ALP_Q.US,5,20211005,182000,25.97,25.97,25.97,25.97,150,0
ALP_Q.US,5,20211005,182500,25.97,25.97,25.97,25.97,100,0
ALP_Q.US,5,20211005,183000,25.9814,25.9814,25.9814,25.9814,1112,0
ALP_Q.US,5,20211005,183500,25.97,25.97,25.97,25.97,100,0
ALP_Q.US,5,20211005,184000,25.97,25.97,25.97,25.97,200,0
ALP_Q.US,5,20211005,185000,25.97,25.97,25.97,25.97,200,0
ALP_Q.US,5,20211005,185500,25.97,25.97,25.9175,25.9175,2600,0
ALP_Q.US,5,20211005,192000,25.9055,25.9055,25.9055,25.9055,1400,0
ALP_Q.US,5,20211005,193500,25.89,25.89,25.89,25.89,135,0
ALP_Q.US,5,20211005,194000,25.8975,25.915,25.8975,25.915,234,0
ALP_Q.US,5,20211005,195500,25.9214,25.9214,25.9214,25.9214,700,0
ALP_Q.US,5,20211005,210500,25.9395,25.9395,25.9395,25.9395,103,0
ALP_Q.US,5,20211005,211500,25.9098,25.9098,25.9098,25.9098,453,0
ALP_Q.US,5,20211005,212500,25.91,25.91,25.91,25.91,700,0
ALP_Q.US,5,20211005,215000,25.86,25.875,25.86,25.875,311,0
ALP_Q.US,5,20211005,215500,25.87,25.87,25.87,25.87,305,0
ALP_Q.US,5,20211006,155000,25.84,25.84,25.84,25.84,10000,0
ALP_Q.US,5,20211006,161500,25.8,25.8,25.8,25.8,100,0
ALP_Q.US,5,20211006,162500,25.81,25.84,25.81,25.84,1400,0
ALP_Q.US,5,20211006,164000,25.76,25.76,25.76,25.76,100,0
ALP_Q.US,5,20211006,165500,25.7999,25.7999,25.7999,25.7999,380,0
ALP_Q.US,5,20211006,170000,25.75,25.75,25.75,25.75,1000,0
ALP_Q.US,5,20211006,170500,25.79,25.88,25.76,25.805,1600,0
ALP_Q.US,5,20211006,171500,25.815,25.815,25.815,25.815,930,0
ALP_Q.US,5,20211006,181000,25.7855,25.7855,25.7855,25.7855,100,0
ALP_Q.US,5,20211006,190500,25.78,25.78,25.78,25.78,425,0
ALP_Q.US,5,20211006,192500,25.775,25.775,25.775,25.775,775,0
ALP_Q.US,5,20211006,193000,25.78,25.79,25.78,25.79,200,0
ALP_Q.US,5,20211006,193500,25.76,25.7775,25.76,25.7775,328,0
ALP_Q.US,5,20211006,194000,25.8,25.8,25.8,25.8,200,0
ALP_Q.US,5,20211006,195500,25.7728,25.7728,25.7728,25.7728,461,0
ALP_Q.US,5,20211006,201000,25.8,25.8,25.8,25.8,1100,0
ALP_Q.US,5,20211006,210000,25.855,25.855,25.855,25.855,600,0
ALP_Q.US,5,20211006,211000,25.79,25.79,25.79,25.79,200,0
ALP_Q.US,5,20211006,213500,25.89,25.89,25.89,25.89,400,0
ALP_Q.US,5,20211006,214500,25.85,25.87,25.82,25.82,1822,0
ALP_Q.US,5,20211006,215000,25.88,26,25.88,25.97,4620,0
ALP_Q.US,5,20211006,215500,25.955,25.97,25.95,25.97,6968,0
ALP_Q.US,5,20211007,153000,25.96,25.96,25.96,25.96,923,0
ALP_Q.US,5,20211007,154000,25.96,25.96,25.96,25.96,100,0
ALP_Q.US,5,20211007,160500,25.882,25.882,25.882,25.882,1000,0
ALP_Q.US,5,20211007,161000,25.85,25.91,25.85,25.91,600,0
ALP_Q.US,5,20211007,162500,25.9599,25.9599,25.9599,25.9599,955,0
ALP_Q.US,5,20211007,163000,25.91,25.91,25.91,25.91,100,0
ALP_Q.US,5,20211007,173000,25.877,25.877,25.877,25.877,144,0
ALP_Q.US,5,20211007,180000,25.86,25.86,25.86,25.86,400,0
ALP_Q.US,5,20211007,185500,25.905,25.905,25.905,25.905,128,0
ALP_Q.US,5,20211007,190000,25.905,25.905,25.905,25.905,200,0
ALP_Q.US,5,20211007,202000,25.9199,25.9199,25.9199,25.9199,400,0
ALP_Q.US,5,20211007,204500,25.86,25.86,25.86,25.86,100,0
ALP_Q.US,5,20211007,205500,25.9025,25.9025,25.9025,25.9025,400,0
ALP_Q.US,5,20211007,212000,25.9,25.9,25.9,25.9,124,0
ALP_Q.US,5,20211007,215500,25.9,25.9,25.9,25.9,212,0
ALP_Q.US,5,20211008,161500,25.82,25.82,25.82,25.82,105,0
ALP_Q.US,5,20211008,163500,25.885,25.885,25.885,25.885,195,0
ALP_Q.US,5,20211008,170000,25.9128,25.9128,25.9128,25.9128,441,0
ALP_Q.US,5,20211008,174000,25.83,25.83,25.82,25.82,1490,0
ALP_Q.US,5,20211008,180500,25.8758,25.8758,25.8758,25.8758,200,0
ALP_Q.US,5,20211008,181000,25.88,25.88,25.88,25.88,111,0
ALP_Q.US,5,20211008,182000,25.87,25.87,25.87,25.87,500,0
ALP_Q.US,5,20211008,184500,25.88,25.88,25.82,25.88,1064,0
ALP_Q.US,5,20211008,190000,25.87,25.87,25.87,25.87,200,0
ALP_Q.US,5,20211008,200500,25.872,25.872,25.872,25.872,200,0
ALP_Q.US,5,20211008,203500,25.9004,25.9004,25.9004,25.9004,708,0
ALP_Q.US,5,20211008,211000,25.83,25.83,25.83,25.83,242,0
ALP_Q.US,5,20211008,215000,25.87,25.87,25.87,25.87,100,0
ALP_Q.US,5,20211008,215500,25.875,25.95,25.875,25.95,340,0
ALP_Q.US,5,20211011,153000,26,26,25.95,25.95,1893,0
ALP_Q.US,5,20211011,153500,25.95,25.95,25.9473,25.95,500,0
ALP_Q.US,5,20211011,154000,25.9473,25.95,25.9473,25.95,200,0
ALP_Q.US,5,20211011,154500,25.9,25.9,25.9,25.9,189,0
ALP_Q.US,5,20211011,161500,25.84,25.84,25.84,25.84,202,0
ALP_Q.US,5,20211011,162000,25.9305,25.9305,25.9305,25.9305,1000,0
ALP_Q.US,5,20211011,162500,25.94,25.94,25.94,25.94,200,0
ALP_Q.US,5,20211011,163500,25.9999,25.9999,25.9999,25.9999,200,0
ALP_Q.US,5,20211011,164500,25.84,25.84,25.84,25.84,125,0
ALP_Q.US,5,20211011,170000,25.925,25.925,25.925,25.925,225,0
ALP_Q.US,5,20211011,181000,25.96,25.98,25.92,25.92,6489,0
ALP_Q.US,5,20211011,181500,25.92,25.95,25.92,25.95,1600,0
ALP_Q.US,5,20211011,190500,25.9,25.9,25.9,25.9,400,0
ALP_Q.US,5,20211011,191500,25.9,25.9,25.9,25.9,129,0
ALP_Q.US,5,20211011,193500,25.88,25.88,25.88,25.88,264,0
ALP_Q.US,5,20211011,204500,25.9,25.9432,25.9,25.912,1127,0
ALP_Q.US,5,20211011,211000,25.95,25.95,25.95,25.95,518,0
ALP_Q.US,5,20211011,212000,25.9,25.9,25.9,25.9,980,0
ALP_Q.US,5,20211011,214000,25.86,25.928,25.86,25.928,6790,0
ALP_Q.US,5,20211011,215500,25.86,25.86,25.85,25.85,463,0
ALP_Q.US,5,20211012,153000,25.87,25.87,25.87,25.87,160,0
ALP_Q.US,5,20211012,155500,25.929,25.93,25.929,25.93,400,0
ALP_Q.US,5,20211012,163500,25.95,25.95,25.9208,25.9208,400,0
ALP_Q.US,5,20211012,171000,25.919,25.949,25.919,25.949,200,0
ALP_Q.US,5,20211012,174000,25.896,25.896,25.87,25.87,3892,0
ALP_Q.US,5,20211012,175000,25.9,25.9,25.9,25.9,900,0
ALP_Q.US,5,20211012,175500,25.879,25.88,25.879,25.88,200,0
ALP_Q.US,5,20211012,183500,25.88,25.885,25.88,25.88,700,0
ALP_Q.US,5,20211012,184500,25.88,25.88,25.88,25.88,200,0
ALP_Q.US,5,20211012,185000,25.88,25.88,25.88,25.88,934,0
ALP_Q.US,5,20211012,190000,25.87,25.88,25.87,25.88,400,0
ALP_Q.US,5,20211012,190500,25.87,25.87,25.87,25.87,200,0
ALP_Q.US,5,20211012,191000,25.89,25.89,25.89,25.89,100,0
ALP_Q.US,5,20211012,191500,25.87,25.87,25.87,25.87,200,0
ALP_Q.US,5,20211012,192000,25.87,25.87,25.87,25.87,224,0
ALP_Q.US,5,20211012,193000,25.88,25.88,25.87,25.87,700,0
ALP_Q.US,5,20211012,193500,25.87,25.88,25.87,25.87,597,0
ALP_Q.US,5,20211012,194000,25.89,25.89,25.8886,25.89,1300,0
ALP_Q.US,5,20211012,194500,25.885,25.885,25.88,25.88,200,0
ALP_Q.US,5,20211012,195000,25.877,25.877,25.87,25.87,250,0
ALP_Q.US,5,20211012,195500,25.87,25.87,25.87,25.87,100,0
ALP_Q.US,5,20211012,200000,25.87,25.87,25.87,25.87,100,0
ALP_Q.US,5,20211012,200500,25.87,25.87,25.87,25.87,100,0
ALP_Q.US,5,20211012,201000,25.87,25.87,25.87,25.87,100,0
ALP_Q.US,5,20211012,202500,25.8608,25.8608,25.8608,25.8608,190,0
ALP_Q.US,5,20211012,203500,25.87,25.87,25.87,25.87,200,0
ALP_Q.US,5,20211012,205000,25.87,25.87,25.87,25.87,100,0
ALP_Q.US,5,20211012,213500,25.8745,25.8745,25.8745,25.8745,225,0
ALP_Q.US,5,20211012,215500,25.87,25.88,25.87,25.88,300,0
ALP_Q.US,5,20211013,153500,25.89,25.89,25.88,25.89,2700,0
ALP_Q.US,5,20211013,154000,25.87,25.87,25.87,25.87,100,0
ALP_Q.US,5,20211013,154500,25.89,25.9,25.89,25.9,6100,0
ALP_Q.US,5,20211013,155000,26,26.165,26,26.08,671,0
ALP_Q.US,5,20211013,155500,25.96,25.96,25.94,25.94,200,0
ALP_Q.US,5,20211013,163000,25.85,25.85,25.85,25.85,100,0
ALP_Q.US,5,20211013,164500,25.93,25.93,25.93,25.93,100,0
ALP_Q.US,5,20211013,165000,26,26,26,26,200,0
ALP_Q.US,5,20211013,171500,25.91,25.91,25.91,25.91,100,0
ALP_Q.US,5,20211013,172500,25.91,25.91,25.91,25.91,100,0
ALP_Q.US,5,20211013,173000,25.91,25.91,25.91,25.91,100,0
ALP_Q.US,5,20211013,174000,25.91,25.91,25.91,25.91,200,0
ALP_Q.US,5,20211013,175000,25.87,25.87,25.87,25.87,210,0
ALP_Q.US,5,20211013,175500,25.9,25.9,25.9,25.9,100,0
ALP_Q.US,5,20211013,182000,25.99,25.99,25.99,25.99,100,0
ALP_Q.US,5,20211013,183000,26,26,26,26,100,0
ALP_Q.US,5,20211013,183500,25.909,25.98,25.88,25.88,1900,0
ALP_Q.US,5,20211013,184000,25.91,25.98,25.91,25.91,400,0
ALP_Q.US,5,20211013,185000,25.91,25.91,25.91,25.91,184,0
ALP_Q.US,5,20211013,185500,25.91,25.91,25.91,25.91,200,0
ALP_Q.US,5,20211013,190000,25.94,25.94,25.94,25.94,100,0
ALP_Q.US,5,20211013,191500,25.945,25.945,25.945,25.945,123,0
ALP_Q.US,5,20211013,192000,25.9759,25.9759,25.9759,25.9759,101,0
ALP_Q.US,5,20211013,194000,26,26,26,26,200,0
ALP_Q.US,5,20211013,194500,26,26,25.99,25.99,400,0
ALP_Q.US,5,20211013,195000,26,26,25.99,25.99,300,0
ALP_Q.US,5,20211013,195500,26,26,26,26,300,0
ALP_Q.US,5,20211013,200000,25.91,25.91,25.91,25.91,189,0
ALP_Q.US,5,20211013,200500,25.98,25.99,25.95,25.95,500,0
ALP_Q.US,5,20211013,201000,25.95,25.955,25.95,25.955,200,0
ALP_Q.US,5,20211013,201500,25.955,25.98,25.95,25.95,600,0
ALP_Q.US,5,20211013,202000,25.949,25.949,25.949,25.949,100,0
ALP_Q.US,5,20211013,202500,25.9417,25.98,25.9417,25.98,1155,0
ALP_Q.US,5,20211013,203000,25.98,25.98,25.97,25.98,500,0
ALP_Q.US,5,20211013,204000,25.98,25.98,25.98,25.98,500,0
ALP_Q.US,5,20211013,204500,25.98,25.98,25.98,25.98,500,0
ALP_Q.US,5,20211013,205000,25.97,25.97,25.97,25.97,500,0
ALP_Q.US,5,20211013,210000,25.97,25.97,25.97,25.97,500,0
ALP_Q.US,5,20211013,210500,25.96,25.98,25.96,25.98,585,0
ALP_Q.US,5,20211013,211000,25.9502,25.97,25.9502,25.97,200,0
ALP_Q.US,5,20211013,211500,25.98,25.99,25.98,25.99,700,0
ALP_Q.US,5,20211013,212000,25.96,25.99,25.96,25.99,700,0
ALP_Q.US,5,20211013,212500,25.99,25.99,25.95,25.95,600,0
ALP_Q.US,5,20211013,213000,25.97,25.99,25.97,25.97,700,0
ALP_Q.US,5,20211013,213500,25.97,25.99,25.97,25.99,575,0
ALP_Q.US,5,20211013,214000,25.97,25.98,25.96,25.97,700,0
ALP_Q.US,5,20211013,214500,25.97,25.98,25.97,25.98,500,0
ALP_Q.US,5,20211013,215000,25.97,25.99,25.95,25.98,2594,0
ALP_Q.US,5,20211013,215500,25.95,26.01,25.95,25.95,9867,0
ALP_Q.US,5,20211014,153000,26.18,26.18,26.07,26.07,9300,0
ALP_Q.US,5,20211014,155000,26.0799,26.0799,26.0799,26.0799,223,0
ALP_Q.US,5,20211014,161000,26.08,26.08,26.0624,26.08,5401,0
ALP_Q.US,5,20211014,161500,26.1296,26.13,26.1064,26.13,600,0
ALP_Q.US,5,20211014,162000,26.13,26.13,26.1064,26.1064,1700,0
ALP_Q.US,5,20211014,163500,26.06,26.06,26.06,26.06,100,0
ALP_Q.US,5,20211014,170500,26.13,26.13,26.1297,26.13,1661,0
ALP_Q.US,5,20211014,171500,26.1297,26.13,26.1297,26.1297,1000,0
ALP_Q.US,5,20211014,172500,26.13,26.13,26.13,26.13,176,0
ALP_Q.US,5,20211014,180500,26.1184,26.1184,26.1184,26.1184,146,0
ALP_Q.US,5,20211014,183500,26.12,26.12,26.12,26.12,165,0
ALP_Q.US,5,20211014,204500,26.13,26.13,26.13,26.13,100,0
ALP_Q.US,5,20211014,211000,26.13,26.13,26.13,26.13,1056,0
ALP_Q.US,5,20211014,213000,26.15,26.15,26.15,26.15,1463,0
ALP_Q.US,5,20211014,215000,26.18,26.2,26.18,26.2,444,0
ALP_Q.US,5,20211014,215500,26.2,26.2,26.17,26.17,200,0
ALP_Q.US,5,20211015,162500,26.0158,26.0158,26.0158,26.0158,200,0
ALP_Q.US,5,20211015,164000,26.05,26.0968,26.05,26.0968,500,0
ALP_Q.US,5,20211015,175000,26.09,26.09,26.09,26.09,104,0
ALP_Q.US,5,20211015,182000,26.01,26.01,26.01,26.01,400,0
ALP_Q.US,5,20211015,183500,26.06,26.06,26.06,26.06,100,0
ALP_Q.US,5,20211015,184500,26.1399,26.1399,26.1399,26.1399,100,0
ALP_Q.US,5,20211015,210000,26.11,26.11,26.11,26.11,200,0
ALP_Q.US,5,20211015,210500,26.08,26.08,26.08,26.08,200,0
ALP_Q.US,5,20211015,215000,26.06,26.17,26.01,26.06,11194,0
ALP_Q.US,5,20211015,215500,26.06,26.24,26.01,26.24,24319,0
ALP_Q.US,5,20211018,153000,26.18,26.18,26.18,26.18,662,0
ALP_Q.US,5,20211018,154000,26.1,26.1,26.1,26.1,100,0
ALP_Q.US,5,20211018,154500,26.09,26.09,26.09,26.09,100,0
ALP_Q.US,5,20211018,155500,26.0695,26.11,26.0695,26.11,860,0
ALP_Q.US,5,20211018,160500,26.11,26.11,26.11,26.11,300,0
ALP_Q.US,5,20211018,163000,26,26,26,26,100,0
ALP_Q.US,5,20211018,163500,26.1099,26.1099,26.1099,26.1099,948,0
ALP_Q.US,5,20211018,164500,26.0167,26.0167,26.0167,26.0167,700,0
ALP_Q.US,5,20211018,170000,26.0996,26.0996,26.0996,26.0996,332,0
ALP_Q.US,5,20211018,174000,26.11,26.11,26.11,26.11,1500,0
ALP_Q.US,5,20211018,181000,26.11,26.11,26.11,26.11,308,0
ALP_Q.US,5,20211018,182000,26.0767,26.0767,26.0767,26.0767,100,0
ALP_Q.US,5,20211018,190000,26.0927,26.0927,26.0927,26.0927,200,0
ALP_Q.US,5,20211018,194000,26.11,26.11,26.11,26.11,152,0
ALP_Q.US,5,20211018,200500,26.1099,26.1099,26.1099,26.1099,259,0
ALP_Q.US,5,20211018,202500,26.11,26.11,26.1088,26.1088,831,0
ALP_Q.US,5,20211018,205500,26.1,26.1,26.1,26.1,100,0
ALP_Q.US,5,20211018,211000,26.11,26.11,26.096,26.11,300,0
ALP_Q.US,5,20211018,212000,26.0688,26.0688,26.0688,26.0688,400,0
ALP_Q.US,5,20211018,213000,26.11,26.11,26.11,26.11,850,0
ALP_Q.US,5,20211018,215000,26.1,26.11,26.094,26.1,600,0
ALP_Q.US,5,20211018,215500,26.11,26.11,26.05,26.09,1575,0
ALP_Q.US,5,20211019,153000,26.07,26.07,26.07,26.07,200,0
ALP_Q.US,5,20211019,154000,26.065,26.065,26.065,26.065,100,0
ALP_Q.US,5,20211019,155000,26.06,26.07,26.06,26.07,2600,0
ALP_Q.US,5,20211019,155500,26.065,26.065,26.06,26.06,861,0
ALP_Q.US,5,20211019,160000,26.06,26.06,26.04,26.04,1500,0
ALP_Q.US,5,20211019,160500,26.04,26.04,26.04,26.04,199,0
ALP_Q.US,5,20211019,161000,26.04,26.04,26.04,26.04,100,0
ALP_Q.US,5,20211019,161500,26.05,26.05,26.05,26.05,100,0
ALP_Q.US,5,20211019,162000,26.04,26.04,26.04,26.04,500,0
ALP_Q.US,5,20211019,162500,26.04,26.0493,26.04,26.04,910,0
ALP_Q.US,5,20211019,163000,26.04,26.04,25.89,25.89,5007,0
ALP_Q.US,5,20211019,163500,25.91,25.91,25.91,25.91,462,0
ALP_Q.US,5,20211019,164500,25.94,25.94,25.94,25.94,80000,0
ALP_Q.US,5,20211019,170000,25.9252,25.9252,25.9252,25.9252,847,0
ALP_Q.US,5,20211019,171000,25.9832,25.9832,25.9832,25.9832,975,0
ALP_Q.US,5,20211019,174500,25.92,25.9556,25.91,25.9174,3624,0
ALP_Q.US,5,20211019,184500,25.91,25.91,25.91,25.91,235,0
ALP_Q.US,5,20211019,195500,25.96,25.96,25.96,25.96,100,0
ALP_Q.US,5,20211019,201000,25.955,25.955,25.955,25.955,100,0
ALP_Q.US,5,20211019,210000,25.9548,25.9548,25.9548,25.9548,212,0
ALP_Q.US,5,20211019,210500,25.9644,25.9644,25.9644,25.9644,800,0
ALP_Q.US,5,20211019,211500,25.9655,25.9655,25.9655,25.9655,535,0
ALP_Q.US,5,20211019,212500,25.97,25.97,25.97,25.97,202,0
ALP_Q.US,5,20211019,214000,25.95,25.95,25.95,25.95,161,0
ALP_Q.US,5,20211019,215000,25.98,25.99,25.98,25.98,400,0
ALP_Q.US,5,20211020,153500,25.955,25.99,25.955,25.99,300,0
ALP_Q.US,5,20211020,154000,25.99,25.99,25.98,25.99,600,0
ALP_Q.US,5,20211020,154500,25.99,25.99,25.99,25.99,200,0
ALP_Q.US,5,20211020,155500,25.99,25.99,25.99,25.99,1000,0
ALP_Q.US,5,20211020,160000,26,26.04,26,26.04,452,0
ALP_Q.US,5,20211020,163500,26.04,26.115,26.04,26.1006,1181,0
ALP_Q.US,5,20211020,164500,26.09,26.09,26.09,26.09,200,0
ALP_Q.US,5,20211020,165500,26.07,26.07,26.06,26.06,700,0
ALP_Q.US,5,20211020,171000,26.12,26.12,26.12,26.12,101,0
ALP_Q.US,5,20211020,172000,26.1425,26.1425,26.1425,26.1425,300,0
ALP_Q.US,5,20211020,173000,26.07,26.07,26.06,26.06,2317,0
ALP_Q.US,5,20211020,174000,26.06,26.06,26.04,26.04,500,0
ALP_Q.US,5,20211020,174500,26.07,26.07,26.07,26.07,929,0
ALP_Q.US,5,20211020,190500,26.035,26.08,26.01,26.01,1830,0
ALP_Q.US,5,20211020,191000,25.99,25.99,25.99,25.99,100,0
ALP_Q.US,5,20211020,191500,25.99,25.99,25.99,25.99,100,0
ALP_Q.US,5,20211020,192000,25.99,25.99,25.99,25.99,100,0
ALP_Q.US,5,20211020,193000,25.972,26.066,25.972,26.066,894,0
ALP_Q.US,5,20211020,193500,25.99,25.99,25.99,25.99,100,0
ALP_Q.US,5,20211020,202500,26,26,26,26,200,0
ALP_Q.US,5,20211020,203000,26,26,26,26,100,0
ALP_Q.US,5,20211020,203500,26.08,26.1,26.07,26.1,3922,0
ALP_Q.US,5,20211020,205000,26.01,26.01,26.01,26.01,200,0
ALP_Q.US,5,20211020,205500,26.01,26.01,26.01,26.01,100,0
ALP_Q.US,5,20211020,211000,26,26,26,26,100,0
ALP_Q.US,5,20211020,211500,26.0759,26.0759,26.0759,26.0759,500,0
ALP_Q.US,5,20211020,214500,26.0142,26.0142,26.0142,26.0142,154,0
ALP_Q.US,5,20211020,215500,26.045,26.045,26.02,26.02,200,0
ALP_Q.US,5,20211021,153000,26,26.05,26,26.05,900,0
ALP_Q.US,5,20211021,160000,26.015,26.015,26.015,26.015,265,0
ALP_Q.US,5,20211021,161000,26.02,26.02,26.02,26.02,803,0
ALP_Q.US,5,20211021,162500,25.99,25.99,25.99,25.99,100,0
ALP_Q.US,5,20211021,163000,26.02,26.02,26,26,200,0
ALP_Q.US,5,20211021,163500,26.02,26.02,26.02,26.02,100,0
ALP_Q.US,5,20211021,164500,26.01,26.01,26.01,26.01,190,0
ALP_Q.US,5,20211021,170000,26.01,26.01,26.01,26.01,165,0
ALP_Q.US,5,20211021,170500,26.01,26.01,26.01,26.01,119,0
ALP_Q.US,5,20211021,180000,26.01,26.01,26.01,26.01,408,0
ALP_Q.US,5,20211021,190500,26.03,26.03,26.03,26.03,500,0
ALP_Q.US,5,20211021,191000,26.03,26.05,26.03,26.05,1100,0
ALP_Q.US,5,20211021,193500,26.04,26.046,26.02,26.04,1011,0
ALP_Q.US,5,20211021,194500,26.04,26.04,26.04,26.04,1500,0
ALP_Q.US,5,20211021,195000,26.01,26.02,26,26.02,1600,0
ALP_Q.US,5,20211021,195500,26.02,26.02,26.02,26.02,900,0
ALP_Q.US,5,20211021,211500,26.035,26.035,26.035,26.035,1300,0
ALP_Q.US,5,20211021,213000,26.05,26.05,26.04,26.04,1800,0
ALP_Q.US,5,20211022,153000,26.08,26.08,26.08,26.08,1009,0
ALP_Q.US,5,20211022,153500,26.05,26.05,26.04,26.04,540,0
ALP_Q.US,5,20211022,155000,26.05,26.05,26.05,26.05,100,0
ALP_Q.US,5,20211022,155500,26.05,26.05,26.05,26.05,200,0
ALP_Q.US,5,20211022,160500,26.05,26.05,26.05,26.05,200,0
ALP_Q.US,5,20211022,161000,26.05,26.065,26.05,26.065,402,0
ALP_Q.US,5,20211022,161500,26.05,26.05,26.05,26.05,100,0
ALP_Q.US,5,20211022,164000,26.05,26.065,26.05,26.065,2186,0
ALP_Q.US,5,20211022,164500,26.05,26.0624,26.05,26.05,310,0
ALP_Q.US,5,20211022,165000,26.05,26.05,26.05,26.05,100,0
ALP_Q.US,5,20211022,165500,26.05,26.05,26.05,26.05,100,0
ALP_Q.US,5,20211022,170000,26.05,26.05,26.05,26.05,100,0
ALP_Q.US,5,20211022,170500,26.05,26.05,26.05,26.05,200,0
ALP_Q.US,5,20211022,171000,26.05,26.05,26.05,26.05,100,0
ALP_Q.US,5,20211022,171500,26.05,26.05,26.05,26.05,200,0
ALP_Q.US,5,20211022,173500,26.05,26.05,26.05,26.05,1000,0
ALP_Q.US,5,20211022,174000,26.05,26.05,26.04,26.04,300,0
ALP_Q.US,5,20211022,175000,26.05,26.05,26.05,26.05,100,0
ALP_Q.US,5,20211022,180000,26.05,26.05,26.05,26.05,100,0
ALP_Q.US,5,20211022,181000,26.05,26.05,26.05,26.05,100,0
ALP_Q.US,5,20211022,182000,26.06,26.06,26.06,26.06,883,0
ALP_Q.US,5,20211022,183000,26.05,26.05,26.04,26.04,1139,0
ALP_Q.US,5,20211022,183500,26.04,26.04,26.02,26.04,818,0
ALP_Q.US,5,20211022,184000,26.04,26.04,26.02,26.04,871,0
ALP_Q.US,5,20211022,184500,26.04,26.04,26.02,26.03,700,0
ALP_Q.US,5,20211022,185000,26.04,26.04,26.04,26.04,600,0
ALP_Q.US,5,20211022,185500,26.04,26.04,26.04,26.04,400,0
ALP_Q.US,5,20211022,190000,26.04,26.04,26.04,26.04,600,0
ALP_Q.US,5,20211022,190500,26.04,26.04,26.02,26.04,25634,0
ALP_Q.US,5,20211022,191000,26.05,26.05,26.05,26.05,100,0
ALP_Q.US,5,20211022,192500,26.05,26.05,26.05,26.05,300,0
ALP_Q.US,5,20211022,195500,26.04,26.04,26.04,26.04,100,0
ALP_Q.US,5,20211022,201000,26.03,26.03,26.02,26.028,2219,0
ALP_Q.US,5,20211022,210500,26.02,26.02,26.02,26.02,100,0
ALP_Q.US,5,20211022,211000,26.02,26.02,26.02,26.02,100,0
ALP_Q.US,5,20211022,212500,26.02,26.02,26.02,26.02,150,0
ALP_Q.US,5,20211022,214000,26.0742,26.0742,26.0742,26.0742,384,0
ALP_Q.US,5,20211022,215500,26.02,26.02,26.02,26.02,100,0
ALP_Q.US,5,20211025,154000,26.03,26.03,26.03,26.03,100,0
ALP_Q.US,5,20211025,155000,26.03,26.03,26.03,26.03,500,0
ALP_Q.US,5,20211025,162000,26.02,26.02,26.02,26.02,100,0
ALP_Q.US,5,20211025,163000,26.02,26.02,26.01,26.01,1172,0
ALP_Q.US,5,20211025,165000,26.03,26.045,26.02,26.045,2131,0
ALP_Q.US,5,20211025,172000,26.03,26.03,26.03,26.03,200,0
ALP_Q.US,5,20211025,175000,26.045,26.045,26.045,26.045,100,0
ALP_Q.US,5,20211025,183500,26.0799,26.0799,26.0799,26.0799,2000,0
ALP_Q.US,5,20211025,185000,26.07,26.08,26.07,26.08,670,0
ALP_Q.US,5,20211025,194500,26.0324,26.0324,26.0324,26.0324,384,0
ALP_Q.US,5,20211025,200000,26.04,26.04,26.04,26.04,100,0
ALP_Q.US,5,20211025,202500,26.065,26.065,26.05,26.05,1600,0
ALP_Q.US,5,20211025,204500,26.05,26.05,26.05,26.05,1142,0
ALP_Q.US,5,20211025,214500,26.08,26.08,26.08,26.08,100,0
ALP_Q.US,5,20211025,215000,26.07,26.07,26.07,26.07,100,0
ALP_Q.US,5,20211025,215500,26.08,26.09,26.06,26.06,1582,0
ALP_Q.US,5,20211026,153000,26.08,26.08,26.08,26.08,1000,0
ALP_Q.US,5,20211026,155000,26.0796,26.0796,26.0796,26.0796,193,0
ALP_Q.US,5,20211026,160500,26.05,26.055,26.05,26.055,400,0
ALP_Q.US,5,20211026,163000,26.05,26.05,26.05,26.05,100,0
ALP_Q.US,5,20211026,165000,26.0743,26.0743,26.0743,26.0743,150,0
ALP_Q.US,5,20211026,165500,26.0375,26.0375,26.0375,26.0375,275,0
ALP_Q.US,5,20211026,172000,26.055,26.055,26.05,26.05,300,0
ALP_Q.US,5,20211026,172500,26.05,26.05,26.04,26.05,626,0
ALP_Q.US,5,20211026,173000,26.04,26.12,26.04,26.05,3602,0
ALP_Q.US,5,20211026,173500,26.05,26.05,26.05,26.05,100,0
ALP_Q.US,5,20211026,174000,26.05,26.05,26.05,26.05,100,0
ALP_Q.US,5,20211026,182000,26.06,26.06,26.06,26.06,148,0
ALP_Q.US,5,20211026,193500,26.075,26.075,26.06,26.06,2911,0
ALP_Q.US,5,20211026,213000,26.08,26.13,26.08,26.08,4468,0
ALP_Q.US,5,20211026,213500,26.09,26.09,26.05,26.09,987,0
ALP_Q.US,5,20211026,214000,26.08,26.08,26.07,26.08,1600,0
ALP_Q.US,5,20211026,214500,26.08,26.08,26.08,26.08,100,0
ALP_Q.US,5,20211027,153000,26.08,26.08,26.08,26.08,2610,0
ALP_Q.US,5,20211027,153500,26.06,26.06,26.06,26.06,500,0
ALP_Q.US,5,20211027,154500,26.06,26.06,26.06,26.06,197,0
ALP_Q.US,5,20211027,155500,26.06,26.06,26.06,26.06,100,0
ALP_Q.US,5,20211027,160000,26.06,26.06,26.06,26.06,126,0
ALP_Q.US,5,20211027,160500,26.06,26.06,26.02,26.02,654,0
ALP_Q.US,5,20211027,161000,26.04,26.05,26.04,26.05,200,0
ALP_Q.US,5,20211027,161500,26.05,26.05,26.05,26.05,252,0
ALP_Q.US,5,20211027,162000,26.05,26.05,26.05,26.05,200,0
ALP_Q.US,5,20211027,162500,26.025,26.025,26.025,26.025,100,0
ALP_Q.US,5,20211027,163500,26.06,26.06,26.06,26.06,126,0
ALP_Q.US,5,20211027,164000,26.025,26.0266,26,26.025,3295,0
ALP_Q.US,5,20211027,164500,26.025,26.025,26.025,26.025,200,0
ALP_Q.US,5,20211027,165000,26.03,26.035,26.03,26.035,200,0
ALP_Q.US,5,20211027,165500,26.04,26.04,26.0051,26.0051,476,0
ALP_Q.US,5,20211027,170000,26.05,26.05,26.05,26.05,200,0
ALP_Q.US,5,20211027,170500,26.05,26.05,26.05,26.05,200,0
ALP_Q.US,5,20211027,171000,26.05,26.05,26.05,26.05,200,0
ALP_Q.US,5,20211027,171500,26.03,26.03,26.03,26.03,200,0
ALP_Q.US,5,20211027,172000,26.03,26.03,26.03,26.03,200,0
ALP_Q.US,5,20211027,172500,26.03,26.03,26.03,26.03,500,0
ALP_Q.US,5,20211027,173000,26.03,26.03,26.03,26.03,200,0
ALP_Q.US,5,20211027,173500,26.03,26.03,26.03,26.03,200,0
ALP_Q.US,5,20211027,174000,26.03,26.03,26.03,26.03,200,0
ALP_Q.US,5,20211027,174500,26.03,26.03,26.03,26.03,200,0
ALP_Q.US,5,20211027,175000,26.03,26.03,26.019,26.03,912,0
ALP_Q.US,5,20211027,175500,26.03,26.03,26.03,26.03,200,0
ALP_Q.US,5,20211027,180000,26.03,26.03,26.03,26.03,200,0
ALP_Q.US,5,20211027,181000,26.03,26.03,26.03,26.03,200,0
ALP_Q.US,5,20211027,181500,26.03,26.03,26.03,26.03,1200,0
ALP_Q.US,5,20211027,182000,26.03,26.03,26.03,26.03,200,0
ALP_Q.US,5,20211027,182500,26.03,26.03,26.03,26.03,200,0
ALP_Q.US,5,20211027,183000,26.03,26.03,26.03,26.03,2700,0
ALP_Q.US,5,20211027,183500,26.03,26.03,26.03,26.03,200,0
ALP_Q.US,5,20211027,184000,26.03,26.03,26.03,26.03,200,0
ALP_Q.US,5,20211027,184500,26.03,26.03,26.03,26.03,15239,0
ALP_Q.US,5,20211027,185000,26.05,26.05,26.05,26.05,200,0
ALP_Q.US,5,20211027,185500,26.05,26.05,26.0256,26.05,411,0
ALP_Q.US,5,20211027,190000,26.05,26.05,26.05,26.05,200,0
ALP_Q.US,5,20211027,190500,26.05,26.05,26.05,26.05,200,0
ALP_Q.US,5,20211027,191000,26.05,26.05,26.05,26.05,200,0
ALP_Q.US,5,20211027,191500,26.05,26.05,26.05,26.05,100,0
ALP_Q.US,5,20211027,192000,26.05,26.05,26.05,26.05,200,0
ALP_Q.US,5,20211027,192500,26.05,26.05,26.05,26.05,200,0
ALP_Q.US,5,20211027,193000,26.03,26.05,26.03,26.038,1000,0
ALP_Q.US,5,20211027,193500,26.05,26.05,26.05,26.05,200,0
ALP_Q.US,5,20211027,194000,26.04,26.04,26.0266,26.0266,304,0
ALP_Q.US,5,20211027,194500,26.05,26.05,26.05,26.05,200,0
ALP_Q.US,5,20211027,195000,26.035,26.05,26.035,26.05,600,0
ALP_Q.US,5,20211027,195500,26.05,26.05,26.05,26.05,200,0
ALP_Q.US,5,20211027,200000,26.05,26.05,26.05,26.05,200,0
ALP_Q.US,5,20211027,200500,26.05,26.05,26.05,26.05,200,0
ALP_Q.US,5,20211027,201000,26.05,26.05,26.05,26.05,200,0
ALP_Q.US,5,20211027,201500,26.05,26.05,26.05,26.05,200,0
ALP_Q.US,5,20211027,202000,26.05,26.05,26.05,26.05,200,0
ALP_Q.US,5,20211027,202500,26.05,26.05,26.05,26.05,100,0
ALP_Q.US,5,20211027,203000,26.05,26.05,26.05,26.05,100,0
ALP_Q.US,5,20211027,203500,26.05,26.05,26.05,26.05,100,0
ALP_Q.US,5,20211027,205500,26.05,26.0799,26.02,26.0799,1238,0
ALP_Q.US,5,20211027,211000,26.0274,26.0274,26.0274,26.0274,900,0
ALP_Q.US,5,20211027,212500,26.0416,26.0527,26.02,26.02,2944,0
ALP_Q.US,5,20211027,214000,26.05,26.05,26.05,26.05,1354,0
ALP_Q.US,5,20211027,215500,26.03,26.03,26,26,1396,0
ALP_Q.US,5,20211028,160000,26.025,26.025,26.025,26.025,350,0
ALP_Q.US,5,20211028,171500,26.05,26.05,26.05,26.05,294,0
ALP_Q.US,5,20211028,172500,26.05,26.05,26.05,26.05,193,0
ALP_Q.US,5,20211028,173000,26.0499,26.05,26.025,26.025,2310,0
ALP_Q.US,5,20211028,174500,26.04,26.04,26.02,26.02,500,0
ALP_Q.US,5,20211028,175000,26,26,26,26,2281,0
ALP_Q.US,5,20211028,190000,26.05,26.05,26,26,1929,0
ALP_Q.US,5,20211028,192000,26,26.0002,25.99,25.99,1329,0
ALP_Q.US,5,20211028,194000,26.0204,26.0204,26.0204,26.0204,421,0
ALP_Q.US,5,20211028,202000,26.05,26.05,26.05,26.05,1000,0
ALP_Q.US,5,20211028,203500,25.972,25.972,25.972,25.972,198,0
ALP_Q.US,5,20211028,204500,25.9424,25.9424,25.9424,25.9424,143,0
ALP_Q.US,5,20211028,211500,25.9201,25.9201,25.9201,25.9201,100,0
ALP_Q.US,5,20211029,153000,26.02,26.02,26.02,26.02,201,0
ALP_Q.US,5,20211029,154500,25.9347,25.9347,25.9347,25.9347,1850,0
ALP_Q.US,5,20211029,155000,25.9911,25.9911,25.9911,25.9911,922,0
ALP_Q.US,5,20211029,172500,26.01,26.01,26.01,26.01,100,0
ALP_Q.US,5,20211029,180500,26.0184,26.0184,26.0184,26.0184,1000,0
ALP_Q.US,5,20211029,200000,26.0128,26.05,26.0128,26.05,200,0
ALP_Q.US,5,20211029,200500,26.05,26.05,26.0121,26.0121,1000,0
ALP_Q.US,5,20211029,201500,26.04,26.04,26.04,26.04,100,0
ALP_Q.US,5,20211029,204000,26.0221,26.0221,26.0221,26.0221,100,0
ALP_Q.US,5,20211029,204500,26.0221,26.0221,26.0221,26.0221,100,0
ALP_Q.US,5,20211029,205500,26.05,26.05,26.05,26.05,100,0
ALP_Q.US,5,20211029,210000,26.05,26.05,26.05,26.05,100,0
ALP_Q.US,5,20211029,211000,26.04,26.05,26.04,26.05,1484,0
ALP_Q.US,5,20211029,211500,26.065,26.065,26.065,26.065,100,0
ALP_Q.US,5,20211029,212000,26.09,26.09,26.04,26.04,500,0
ALP_Q.US,5,20211029,212500,26.04,26.04,26.04,26.04,386,0
ALP_Q.US,5,20211029,213000,26.0401,26.0401,26.04,26.04,260,0
ALP_Q.US,5,20211029,214000,26.08,26.08,26.0104,26.0104,733,0
ALP_Q.US,5,20211029,215000,26.09,26.09,26.09,26.09,100,0
ALP_Q.US,5,20211029,215500,26.0348,26.05,26.01,26.05,10380,0
ALP_Q.US,5,20211101,143000,25.97,25.97,25.75,25.75,445,0
ALP_Q.US,5,20211101,144000,26.055,26.055,25.92,25.92,3582,0
ALP_Q.US,5,20211101,152000,25.985,25.985,25.985,25.985,193,0
ALP_Q.US,5,20211101,161500,25.991,25.991,25.991,25.991,1100,0
ALP_Q.US,5,20211101,164500,26.03,26.03,26.03,26.03,100,0
ALP_Q.US,5,20211101,165000,26.03,26.04,26.03,26.04,300,0
ALP_Q.US,5,20211101,165500,26.04,26.04,26.04,26.04,300,0
ALP_Q.US,5,20211101,170000,26.015,26.09,26.015,26.065,840,0
ALP_Q.US,5,20211101,170500,26.05,26.05,26.05,26.05,400,0
ALP_Q.US,5,20211101,171000,26.05,26.09,26.05,26.09,200,0
ALP_Q.US,5,20211101,171500,26.09,26.09,25.9916,26.038,975,0
ALP_Q.US,5,20211101,172000,26.07,26.07,25.9906,25.9906,1300,0
ALP_Q.US,5,20211101,173000,26.04,26.04,26.04,26.04,100,0
ALP_Q.US,5,20211101,173500,26.04,26.09,26.04,26.09,300,0
ALP_Q.US,5,20211101,174000,26.09,26.09,26.09,26.09,200,0
ALP_Q.US,5,20211101,175000,26.09,26.09,26.05,26.05,1500,0
ALP_Q.US,5,20211101,175500,26.05,26.05,26.0205,26.0205,400,0
ALP_Q.US,5,20211101,180000,26.03,26.05,26.0205,26.05,300,0
ALP_Q.US,5,20211101,180500,26.05,26.05,26.05,26.05,100,0
ALP_Q.US,5,20211101,181000,26.055,26.09,26.055,26.09,1540,0
ALP_Q.US,5,20211101,181500,26.09,26.09,26.055,26.06,500,0
ALP_Q.US,5,20211101,182000,26.06,26.1,26.06,26.1,200,0
ALP_Q.US,5,20211101,182500,26.1,26.1,26.06,26.06,500,0
ALP_Q.US,5,20211101,183000,26.1,26.1,26.06,26.1,500,0
ALP_Q.US,5,20211101,183500,26.06,26.1,26.06,26.06,500,0
ALP_Q.US,5,20211101,184000,26.1,26.1,26.06,26.1,500,0
ALP_Q.US,5,20211101,184500,26.06,26.1,26.06,26.1,500,0
ALP_Q.US,5,20211101,185000,26.1,26.1,26.06,26.1,400,0
ALP_Q.US,5,20211101,185500,26.06,26.1,26.06,26.1,500,0
ALP_Q.US,5,20211101,190000,26.1,26.1,26.07,26.07,500,0
ALP_Q.US,5,20211101,190500,26.1,26.1,26.07,26.1,400,0
ALP_Q.US,5,20211101,191000,26.07,26.1,26.07,26.1,500,0
ALP_Q.US,5,20211101,191500,26.095,26.095,26.095,26.095,200,0
ALP_Q.US,5,20211101,192000,26.095,26.14,26.095,26.14,200,0
ALP_Q.US,5,20211101,192500,26.095,26.14,26.095,26.14,400,0
ALP_Q.US,5,20211101,193000,26.14,26.14,26.095,26.14,500,0
ALP_Q.US,5,20211101,193500,26.095,26.13,26.095,26.13,200,0
ALP_Q.US,5,20211101,194000,26.13,26.13,26.09,26.12,500,0
ALP_Q.US,5,20211101,194500,26.12,26.12,26.09,26.09,400,0
ALP_Q.US,5,20211101,195000,26.12,26.12,26.115,26.115,500,0
ALP_Q.US,5,20211101,195500,26.115,26.12,26.11,26.11,3680,0
ALP_Q.US,5,20211101,200000,26.1,26.1,26.1,26.1,768,0
ALP_Q.US,5,20211101,204500,26.12,26.12,26.12,26.12,1100,0
ALP_Q.US,5,20211101,205000,26.12,26.12,26.105,26.12,1300,0
ALP_Q.US,5,20211101,205500,26.12,26.12,26.12,26.12,684,0
ALP_Q.US,5,20211102,143000,26,26,26,26,1938,0
ALP_Q.US,5,20211102,144500,26.04,26.04,26.04,26.04,100,0
ALP_Q.US,5,20211102,145000,26,26,26,26,200,0
ALP_Q.US,5,20211102,153500,26.05,26.05,26,26,25200,0
ALP_Q.US,5,20211102,154500,25.9752,25.9752,25.9752,25.9752,100,0
ALP_Q.US,5,20211102,165000,26.0736,26.0736,26.0736,26.0736,500,0
ALP_Q.US,5,20211102,175500,26.0285,26.0285,26.0285,26.0285,300,0
ALP_Q.US,5,20211102,180000,26.0215,26.0215,26.0215,26.0215,405,0
ALP_Q.US,5,20211102,181500,25.99,25.99,25.98,25.98,893,0
ALP_Q.US,5,20211102,191000,26.02,26.02,26.02,26.02,300,0
ALP_Q.US,5,20211102,204000,26.01,26.01,26.01,26.01,100,0
ALP_Q.US,5,20211102,205000,25.9834,25.9834,25.9834,25.9834,439,0
ALP_Q.US,5,20211103,145000,26.051,26.051,26.051,26.051,950,0
ALP_Q.US,5,20211103,145500,26.0999,26.0999,26.05,26.05,1399,0
ALP_Q.US,5,20211103,152000,26.0179,26.0179,26.0179,26.0179,189,0
ALP_Q.US,5,20211103,154000,26.0201,26.0201,26.0201,26.0201,100,0
ALP_Q.US,5,20211103,155000,25.99,26,25.99,26,200,0
ALP_Q.US,5,20211103,160500,25.96,25.995,25.95,25.995,1786,0
ALP_Q.US,5,20211103,162000,25.99,25.99,25.99,25.99,100,0
ALP_Q.US,5,20211103,163500,25.99,26.0149,25.99,26.0149,500,0
ALP_Q.US,5,20211103,165000,25.9873,25.9873,25.9873,25.9873,400,0
ALP_Q.US,5,20211103,173500,26.0138,26.0138,26.0138,26.0138,1300,0
ALP_Q.US,5,20211103,174000,25.974,25.974,25.974,25.974,111,0
ALP_Q.US,5,20211103,175500,26.01,26.01,26.01,26.01,300,0
ALP_Q.US,5,20211103,183000,26.01,26.01,26.01,26.01,170,0
ALP_Q.US,5,20211103,185500,26.0331,26.0331,26.0282,26.0282,1206,0
ALP_Q.US,5,20211103,190000,26.0499,26.0499,26.0499,26.0499,180,0
ALP_Q.US,5,20211103,191000,26.02,26.02,26.02,26.02,120,0
ALP_Q.US,5,20211103,204500,26.03,26.03,26.03,26.03,223,0
ALP_Q.US,5,20211104,145000,26.0499,26.0499,26.0499,26.0499,1000,0
ALP_Q.US,5,20211104,145500,26.05,26.05,26.05,26.05,400,0
ALP_Q.US,5,20211104,150000,26.05,26.07,26.05,26.07,2284,0
ALP_Q.US,5,20211104,151000,26.044,26.044,26.044,26.044,157,0
ALP_Q.US,5,20211104,153000,26.1,26.1,26.075,26.075,1100,0
ALP_Q.US,5,20211104,153500,26.15,26.15,26.13,26.13,423,0
ALP_Q.US,5,20211104,154000,26.17,26.17,26.17,26.17,100,0
ALP_Q.US,5,20211104,154500,26.16,26.16,26.12,26.12,2642,0
ALP_Q.US,5,20211104,171000,26.1354,26.1354,26.105,26.105,1000,0
ALP_Q.US,5,20211104,172000,26.11,26.11,26.11,26.11,203,0
ALP_Q.US,5,20211104,173000,26.1134,26.1134,26.1134,26.1134,297,0
ALP_Q.US,5,20211104,181500,26.1037,26.1037,26.1037,26.1037,116,0
ALP_Q.US,5,20211104,184500,26.1799,26.1799,26.12,26.12,223,0
ALP_Q.US,5,20211104,185000,26.14,26.1728,26.14,26.1728,1196,0
ALP_Q.US,5,20211104,185500,26.12,26.12,26.12,26.12,100,0
ALP_Q.US,5,20211104,190500,26.12,26.12,26.12,26.12,100,0
ALP_Q.US,5,20211104,192000,26.12,26.12,26.12,26.12,100,0
ALP_Q.US,5,20211104,193000,26.14,26.14,26.12,26.12,2874,0
ALP_Q.US,5,20211104,200000,26.12,26.12,26.12,26.12,200,0
ALP_Q.US,5,20211104,201000,26.12,26.12,26.12,26.12,100,0
ALP_Q.US,5,20211104,201500,26.12,26.12,26.12,26.12,200,0
ALP_Q.US,5,20211104,202500,26.08,26.08,26.04,26.04,474,0
ALP_Q.US,5,20211104,205000,26.12,26.12,26.12,26.12,100,0
ALP_Q.US,5,20211105,143000,26.15,26.15,26.15,26.15,200,0
ALP_Q.US,5,20211105,154000,26.108,26.108,26.108,26.108,2000,0
ALP_Q.US,5,20211105,161000,26.11,26.11,26.11,26.11,100,0
ALP_Q.US,5,20211105,162000,26.12,26.12,26.12,26.12,200,0
ALP_Q.US,5,20211105,163000,26.12,26.12,26.12,26.12,200,0
ALP_Q.US,5,20211105,164000,26.135,26.135,26.12,26.12,200,0
ALP_Q.US,5,20211105,164500,26.141,26.141,26.141,26.141,800,0
ALP_Q.US,5,20211105,165500,26.14,26.14,26.13,26.13,200,0
ALP_Q.US,5,20211105,170500,26.13,26.13,26.13,26.13,200,0
ALP_Q.US,5,20211105,172000,26.13,26.13,26.13,26.13,143,0
ALP_Q.US,5,20211105,173000,26.15,26.15,26.15,26.15,700,0
ALP_Q.US,5,20211105,173500,26.14,26.14,26.14,26.14,226,0
ALP_Q.US,5,20211105,175000,26.14,26.14,26.14,26.14,100,0
ALP_Q.US,5,20211105,180000,26.14,26.14,26.14,26.14,184,0
ALP_Q.US,5,20211105,181000,26.14,26.14,26.14,26.14,100,0
ALP_Q.US,5,20211105,181500,26.14,26.14,26.14,26.14,100,0
ALP_Q.US,5,20211105,182000,26.145,26.145,26.145,26.145,500,0
ALP_Q.US,5,20211105,182500,26.14,26.14,26.14,26.14,183,0
ALP_Q.US,5,20211105,184500,26.14,26.14,26.14,26.14,551,0
ALP_Q.US,5,20211105,190000,26.14,26.14,26.1398,26.1398,358,0
ALP_Q.US,5,20211105,192000,26.13,26.13,26.13,26.13,149,0
ALP_Q.US,5,20211105,194000,26.13,26.13,26.13,26.13,117,0
ALP_Q.US,5,20211105,201000,26.14,26.24,26.14,26.24,908,0
ALP_Q.US,5,20211105,202500,26.1201,26.1201,26.1201,26.1201,288,0
ALP_Q.US,5,20211105,204500,26.14,26.14,26.08,26.08,2078,0
ALP_Q.US,5,20211108,162500,26.0904,26.0904,26.02,26.02,386,0
ALP_Q.US,5,20211108,171500,26.1121,26.1121,26.1121,26.1121,220,0
ALP_Q.US,5,20211108,172000,26.04,26.08,26.04,26.08,586,0
ALP_Q.US,5,20211108,182000,26.1121,26.1121,26.1121,26.1121,307,0
ALP_Q.US,5,20211108,193000,26.07,26.07,26.07,26.07,216,0
ALP_Q.US,5,20211108,193500,26.1,26.1,26.1,26.1,225,0
ALP_Q.US,5,20211108,200000,26.075,26.075,26.075,26.075,149,0
ALP_Q.US,5,20211108,211500,26.07,26.07,26.07,26.07,100,0
ALP_Q.US,5,20211108,214500,26.07,26.07,26.07,26.07,300,0
ALP_Q.US,5,20211108,215500,26.07,26.07,26.07,26.07,175,0
ALP_Q.US,5,20211109,165000,26.0658,26.0658,26.0658,26.0658,100,0
ALP_Q.US,5,20211109,172000,26.02,26.02,26.02,26.02,215,0
ALP_Q.US,5,20211109,182500,26.04,26.06,26.04,26.06,439,0
ALP_Q.US,5,20211109,192000,26.0352,26.0352,26.0352,26.0352,118,0
ALP_Q.US,5,20211109,202000,26.04,26.04,26.04,26.04,200,0
ALP_Q.US,5,20211109,202500,26.0251,26.0251,26.0251,26.0251,565,0
ALP_Q.US,5,20211109,203000,26.04,26.04,26.04,26.04,499,0
ALP_Q.US,5,20211109,214000,26.06,26.06,26.045,26.045,377,0
ALP_Q.US,5,20211109,214500,26.0517,26.0517,26.0517,26.0517,151,0
ALP_Q.US,5,20211110,155000,26.0719,26.0719,26.0719,26.0719,192,0
ALP_Q.US,5,20211110,160000,26,26.052,26,26.052,745,0
ALP_Q.US,5,20211110,164000,26.062,26.062,26.062,26.062,500,0
ALP_Q.US,5,20211110,180500,26,26,26,26,101,0
ALP_Q.US,5,20211110,182500,26,26,26,26,900,0
ALP_Q.US,5,20211110,185000,26.05,26.05,26.05,26.05,200,0
ALP_Q.US,5,20211110,185500,26,26,26,26,600,0
ALP_Q.US,5,20211110,191000,26,26,25.95,25.95,1065,0
ALP_Q.US,5,20211110,191500,25.95,25.95,25.95,25.95,100,0
ALP_Q.US,5,20211110,192000,25.95,25.95,25.95,25.95,165,0
ALP_Q.US,5,20211110,193000,26.0041,26.0041,26.0041,26.0041,447,0
ALP_Q.US,5,20211110,195500,25.94,25.94,25.94,25.94,144,0
ALP_Q.US,5,20211110,202500,25.98,25.98,25.98,25.98,10000,0
ALP_Q.US,5,20211110,210000,25.95,25.95,25.95,25.95,700,0
ALP_Q.US,5,20211110,215500,25.96,25.96,25.95,25.95,212,0
ALP_Q.US,5,20211111,153000,26.03,26.03,26.03,26.03,1099,0
ALP_Q.US,5,20211111,160000,26.0299,26.0299,26.0299,26.0299,100,0
ALP_Q.US,5,20211111,163000,25.95,25.95,25.95,25.95,131,0
ALP_Q.US,5,20211111,170000,26.01,26.01,25.9542,25.9542,452,0
ALP_Q.US,5,20211111,170500,25.9542,25.991,25.9542,25.991,1100,0
ALP_Q.US,5,20211111,175000,25.965,25.9799,25.965,25.9799,251,0
ALP_Q.US,5,20211111,194500,25.98,25.98,25.98,25.98,200,0
ALP_Q.US,5,20211111,203000,25.96,25.96,25.96,25.96,200,0
ALP_Q.US,5,20211111,204000,25.93,25.93,25.93,25.93,102,0
ALP_Q.US,5,20211111,210500,25.9035,25.9035,25.9035,25.9035,100,0
ALP_Q.US,5,20211111,212500,25.9,25.9,25.9,25.9,100,0
ALP_Q.US,5,20211111,214500,25.9102,25.9102,25.9102,25.9102,202,0
