<TICKER>,<PER>,<DATE>,<TIME>,<OPEN>,<HIGH>,<LOW>,<CLOSE>,<VOL>,<OPENINT>
ASTRW.US,5,20210922,153000,2.62,2.65,2.62,2.64,2650,0
ASTRW.US,5,20210922,153500,2.59,2.66,2.58,2.66,9300,0
ASTRW.US,5,20210922,154000,2.725,2.81,2.71,2.81,2700,0
ASTRW.US,5,20210922,154500,2.65,2.79,2.65,2.7,6800,0
ASTRW.US,5,20210922,155500,2.63,2.6315,2.63,2.6301,900,0
ASTRW.US,5,20210922,160500,2.7489,2.7489,2.7489,2.7489,300,0
ASTRW.US,5,20210922,162000,2.6899,2.6899,2.6899,2.6899,100,0
ASTRW.US,5,20210922,162500,2.67,2.67,2.65,2.65,300,0
ASTRW.US,5,20210922,164000,2.65,2.65,2.65,2.65,200,0
ASTRW.US,5,20210922,170000,2.58,2.5865,2.58,2.58,615,0
ASTRW.US,5,20210922,170500,2.56,2.56,2.56,2.56,100,0
ASTRW.US,5,20210922,171000,2.57,2.57,2.57,2.57,100,0
ASTRW.US,5,20210922,172000,2.57,2.57,2.57,2.57,100,0
ASTRW.US,5,20210922,172500,2.63,2.65,2.63,2.65,2140,0
ASTRW.US,5,20210922,173000,2.63,2.65,2.63,2.65,3823,0
ASTRW.US,5,20210922,182500,2.63,2.66,2.63,2.6598,3423,0
ASTRW.US,5,20210922,184500,2.645,2.645,2.645,2.645,2200,0
ASTRW.US,5,20210922,185000,2.645,2.645,2.645,2.645,100,0
ASTRW.US,5,20210922,185500,2.645,2.645,2.645,2.645,100,0
ASTRW.US,5,20210922,190500,2.645,2.645,2.645,2.645,100,0
ASTRW.US,5,20210922,191000,2.645,2.645,2.645,2.645,100,0
ASTRW.US,5,20210922,191500,2.645,2.645,2.645,2.645,420,0
ASTRW.US,5,20210922,192000,2.645,2.645,2.645,2.645,100,0
ASTRW.US,5,20210922,192500,2.6301,2.64,2.63,2.63,3150,0
ASTRW.US,5,20210922,193000,2.59,2.59,2.59,2.59,100,0
ASTRW.US,5,20210922,193500,2.58,2.58,2.58,2.58,100,0
ASTRW.US,5,20210922,194500,2.585,2.62,2.585,2.62,585,0
ASTRW.US,5,20210922,195000,2.62,2.62,2.62,2.62,586,0
ASTRW.US,5,20210922,195500,2.62,2.62,2.62,2.62,500,0
ASTRW.US,5,20210922,200000,2.62,2.63,2.62,2.63,1085,0
ASTRW.US,5,20210922,200500,2.63,2.63,2.63,2.63,1684,0
ASTRW.US,5,20210922,201000,2.62,2.64,2.62,2.64,2562,0
ASTRW.US,5,20210922,201500,2.625,2.625,2.625,2.625,550,0
ASTRW.US,5,20210922,202000,2.63,2.64,2.62,2.62,3285,0
ASTRW.US,5,20210922,202500,2.615,2.635,2.61,2.635,2286,0
ASTRW.US,5,20210922,203500,2.63,2.635,2.61,2.62,2884,0
ASTRW.US,5,20210922,204000,2.625,2.625,2.61,2.61,400,0
ASTRW.US,5,20210922,204500,2.63,2.63,2.62,2.62,787,0
ASTRW.US,5,20210922,205000,2.625,2.625,2.61,2.62,1085,0
ASTRW.US,5,20210922,210000,2.62,2.62,2.62,2.62,400,0
ASTRW.US,5,20210922,210500,2.62,2.62,2.61,2.62,800,0
ASTRW.US,5,20210922,211000,2.62,2.63,2.62,2.63,400,0
ASTRW.US,5,20210922,211500,2.62,2.64,2.62,2.63,3891,0
ASTRW.US,5,20210922,212500,2.62,2.63,2.62,2.63,696,0
ASTRW.US,5,20210922,213000,2.62,2.62,2.62,2.62,100,0
ASTRW.US,5,20210922,213500,2.61,2.615,2.6,2.6,1735,0
ASTRW.US,5,20210922,214000,2.61,2.61,2.6,2.6,3318,0
ASTRW.US,5,20210922,214500,2.6,2.62,2.6,2.61,2000,0
ASTRW.US,5,20210922,215000,2.6,2.61,2.59,2.59,1800,0
ASTRW.US,5,20210922,215500,2.57,2.57,2.57,2.57,150,0
ASTRW.US,5,20210923,160000,2.66,2.66,2.61,2.62,3110,0
ASTRW.US,5,20210923,160500,2.61,2.61,2.61,2.61,1400,0
ASTRW.US,5,20210923,161000,2.61,2.61,2.6,2.61,7485,0
ASTRW.US,5,20210923,161500,2.61,2.61,2.61,2.61,700,0
ASTRW.US,5,20210923,162000,2.61,2.61,2.61,2.61,700,0
ASTRW.US,5,20210923,162500,2.61,2.62,2.61,2.62,500,0
ASTRW.US,5,20210923,163000,2.61,2.635,2.61,2.61,4400,0
ASTRW.US,5,20210923,163500,2.6,2.6,2.59,2.59,600,0
ASTRW.US,5,20210923,164000,2.59,2.6,2.59,2.6,700,0
ASTRW.US,5,20210923,164500,2.61,2.61,2.59,2.59,600,0
ASTRW.US,5,20210923,165000,2.61,2.61,2.61,2.61,100,0
ASTRW.US,5,20210923,165500,2.61,2.61,2.6,2.6,868,0
ASTRW.US,5,20210923,170000,2.61,2.64,2.59,2.59,2400,0
ASTRW.US,5,20210923,170500,2.61,2.635,2.61,2.635,466,0
ASTRW.US,5,20210923,171000,2.64,2.64,2.64,2.64,100,0
ASTRW.US,5,20210923,171500,2.61,2.61,2.61,2.61,100,0
ASTRW.US,5,20210923,172500,2.63,2.63,2.63,2.63,1000,0
ASTRW.US,5,20210923,173000,2.6,2.6,2.6,2.6,100,0
ASTRW.US,5,20210923,173500,2.6,2.6,2.6,2.6,100,0
ASTRW.US,5,20210923,174500,2.58,2.58,2.58,2.58,100,0
ASTRW.US,5,20210923,175500,2.59,2.59,2.58,2.58,500,0
ASTRW.US,5,20210923,180000,2.58,2.58,2.58,2.58,200,0
ASTRW.US,5,20210923,180500,2.58,2.5865,2.54,2.5464,1900,0
ASTRW.US,5,20210923,181500,2.55,2.55,2.55,2.55,100,0
ASTRW.US,5,20210923,182500,2.55,2.55,2.55,2.55,100,0
ASTRW.US,5,20210923,184000,2.55,2.55,2.55,2.55,100,0
ASTRW.US,5,20210923,185500,2.55,2.55,2.55,2.55,100,0
ASTRW.US,5,20210923,191000,2.56,2.56,2.55,2.55,400,0
ASTRW.US,5,20210923,192000,2.55,2.5635,2.54,2.5635,800,0
ASTRW.US,5,20210923,192500,2.54,2.54,2.54,2.54,100,0
ASTRW.US,5,20210923,193500,2.6,2.6,2.55,2.55,200,0
ASTRW.US,5,20210923,194000,2.54,2.54,2.54,2.54,100,0
ASTRW.US,5,20210923,194500,2.545,2.545,2.545,2.545,500,0
ASTRW.US,5,20210923,195000,2.53,2.53,2.53,2.53,100,0
ASTRW.US,5,20210923,195500,2.52,2.535,2.52,2.535,3100,0
ASTRW.US,5,20210923,200500,2.51,2.51,2.5,2.5,5539,0
ASTRW.US,5,20210923,201000,2.5,2.5,2.5,2.5,200,0
ASTRW.US,5,20210923,202000,2.56,2.56,2.5537,2.5537,1000,0
ASTRW.US,5,20210923,203500,2.51,2.51,2.51,2.51,100,0
ASTRW.US,5,20210923,204500,2.52,2.52,2.52,2.52,100,0
ASTRW.US,5,20210923,210000,2.52,2.53,2.52,2.53,408,0
ASTRW.US,5,20210923,211500,2.52,2.52,2.52,2.52,100,0
ASTRW.US,5,20210923,213000,2.56,2.57,2.56,2.57,1500,0
ASTRW.US,5,20210923,213500,2.59,2.63,2.59,2.63,1792,0
ASTRW.US,5,20210923,214000,2.625,2.625,2.58,2.58,400,0
ASTRW.US,5,20210923,214500,2.56,2.56,2.56,2.56,100,0
ASTRW.US,5,20210923,215000,2.55,2.55,2.55,2.55,100,0
ASTRW.US,5,20210924,154500,2.55,2.5599,2.55,2.5599,300,0
ASTRW.US,5,20210924,155000,2.55,2.55,2.55,2.55,100,0
ASTRW.US,5,20210924,161000,2.55,2.55,2.55,2.55,150,0
ASTRW.US,5,20210924,162000,2.51,2.51,2.51,2.51,100,0
ASTRW.US,5,20210924,162500,2.53,2.53,2.53,2.53,815,0
ASTRW.US,5,20210924,164000,2.5499,2.5499,2.52,2.52,300,0
ASTRW.US,5,20210924,164500,2.55,2.56,2.55,2.56,600,0
ASTRW.US,5,20210924,171500,2.55,2.55,2.55,2.55,100,0
ASTRW.US,5,20210924,173000,2.5988,2.5988,2.55,2.55,200,0
ASTRW.US,5,20210924,174000,2.5998,2.5999,2.5998,2.5999,400,0
ASTRW.US,5,20210924,175000,2.55,2.55,2.52,2.52,200,0
ASTRW.US,5,20210924,180000,2.52,2.52,2.52,2.52,333,0
ASTRW.US,5,20210924,180500,2.52,2.52,2.52,2.52,100,0
ASTRW.US,5,20210924,182500,2.53,2.53,2.53,2.53,100,0
ASTRW.US,5,20210924,183500,2.5788,2.5788,2.5788,2.5788,475,0
ASTRW.US,5,20210924,184000,2.52,2.52,2.52,2.52,100,0
ASTRW.US,5,20210924,184500,2.54,2.559,2.54,2.559,4333,0
ASTRW.US,5,20210924,190000,2.52,2.54,2.52,2.54,300,0
ASTRW.US,5,20210924,192000,2.52,2.54,2.52,2.54,200,0
ASTRW.US,5,20210924,193500,2.52,2.52,2.52,2.52,100,0
ASTRW.US,5,20210924,195500,2.53,2.53,2.53,2.53,200,0
ASTRW.US,5,20210924,200000,2.53,2.53,2.53,2.53,100,0
ASTRW.US,5,20210924,201000,2.52,2.52,2.52,2.52,100,0
ASTRW.US,5,20210924,203000,2.53,2.53,2.52,2.52,600,0
ASTRW.US,5,20210924,203500,2.53,2.54,2.53,2.54,2284,0
ASTRW.US,5,20210924,205000,2.5202,2.5202,2.5202,2.5202,100,0
ASTRW.US,5,20210924,210500,2.52,2.52,2.52,2.52,100,0
ASTRW.US,5,20210924,212000,2.52,2.52,2.52,2.52,100,0
ASTRW.US,5,20210924,212500,2.52,2.5206,2.52,2.5206,500,0
ASTRW.US,5,20210924,214000,2.52,2.52,2.52,2.52,100,0
ASTRW.US,5,20210924,215000,2.54,2.54,2.54,2.54,100,0
ASTRW.US,5,20210927,153000,2.53,2.59,2.52,2.59,1167,0
ASTRW.US,5,20210927,153500,2.64,2.65,2.64,2.65,500,0
ASTRW.US,5,20210927,154500,2.6,2.625,2.59,2.6,17591,0
ASTRW.US,5,20210927,155000,2.6,2.6,2.57,2.58,2869,0
ASTRW.US,5,20210927,155500,2.6,2.6,2.6,2.6,3768,0
ASTRW.US,5,20210927,160000,2.595,2.595,2.59,2.59,800,0
ASTRW.US,5,20210927,160500,2.6,2.6,2.6,2.6,2200,0
ASTRW.US,5,20210927,161500,2.59,2.6,2.59,2.6,800,0
ASTRW.US,5,20210927,162000,2.6,2.6,2.6,2.6,1670,0
ASTRW.US,5,20210927,163500,2.63,2.63,2.63,2.63,100,0
ASTRW.US,5,20210927,165000,2.62,2.62,2.61,2.61,700,0
ASTRW.US,5,20210927,165500,2.62,2.62,2.62,2.62,100,0
ASTRW.US,5,20210927,170000,2.62,2.62,2.62,2.62,200,0
ASTRW.US,5,20210927,172000,2.59,2.59,2.59,2.59,100,0
ASTRW.US,5,20210927,172500,2.6,2.6,2.575,2.59,2400,0
ASTRW.US,5,20210927,173000,2.59,2.59,2.59,2.59,2122,0
ASTRW.US,5,20210927,174000,2.59,2.595,2.59,2.595,1000,0
ASTRW.US,5,20210927,175000,2.595,2.595,2.595,2.595,100,0
ASTRW.US,5,20210927,180500,2.6,2.6,2.6,2.6,700,0
ASTRW.US,5,20210927,181500,2.6,2.6,2.6,2.6,300,0
ASTRW.US,5,20210927,182000,2.605,2.605,2.6,2.6,900,0
ASTRW.US,5,20210927,182500,2.6,2.6,2.6,2.6,600,0
ASTRW.US,5,20210927,183000,2.59,2.59,2.59,2.59,100,0
ASTRW.US,5,20210927,183500,2.6,2.6,2.6,2.6,100,0
ASTRW.US,5,20210927,184000,2.6,2.62,2.6,2.62,2400,0
ASTRW.US,5,20210927,184500,2.6,2.6,2.59,2.6,1763,0
ASTRW.US,5,20210927,185500,2.6,2.6,2.6,2.6,100,0
ASTRW.US,5,20210927,190500,2.595,2.62,2.595,2.6,500,0
ASTRW.US,5,20210927,192000,2.6,2.6,2.6,2.6,300,0
ASTRW.US,5,20210927,193000,2.6399,2.64,2.6,2.6,300,0
ASTRW.US,5,20210927,194000,2.62,2.62,2.6,2.6,300,0
ASTRW.US,5,20210927,195500,2.6,2.6,2.6,2.6,100,0
ASTRW.US,5,20210927,200500,2.6,2.6,2.6,2.6,100,0
ASTRW.US,5,20210927,204500,2.6,2.6,2.6,2.6,100,0
ASTRW.US,5,20210927,205500,2.595,2.595,2.595,2.595,100,0
ASTRW.US,5,20210927,211000,2.58,2.58,2.58,2.58,100,0
ASTRW.US,5,20210927,211500,2.6,2.61,2.6,2.61,500,0
ASTRW.US,5,20210927,212000,2.56,2.6,2.56,2.6,707,0
ASTRW.US,5,20210927,213000,2.61,2.61,2.61,2.61,100,0
ASTRW.US,5,20210927,214500,2.6,2.6,2.6,2.6,1100,0
ASTRW.US,5,20210927,215000,2.6,2.6,2.59,2.6,2580,0
ASTRW.US,5,20210928,153000,2.595,2.595,2.595,2.595,100,0
ASTRW.US,5,20210928,153500,2.6,2.6,2.6,2.6,400,0
ASTRW.US,5,20210928,154000,2.5118,2.5118,2.51,2.51,1298,0
ASTRW.US,5,20210928,154500,2.52,2.52,2.51,2.51,1502,0
ASTRW.US,5,20210928,155000,2.5,2.5,2.5,2.5,300,0
ASTRW.US,5,20210928,155500,2.51,2.51,2.51,2.51,200,0
ASTRW.US,5,20210928,160000,2.51,2.52,2.51,2.52,1350,0
ASTRW.US,5,20210928,161500,2.51,2.52,2.51,2.52,766,0
ASTRW.US,5,20210928,163000,2.51,2.51,2.51,2.51,529,0
ASTRW.US,5,20210928,163500,2.51,2.51,2.51,2.51,200,0
ASTRW.US,5,20210928,164500,2.52,2.52,2.52,2.52,29788,0
ASTRW.US,5,20210928,165000,2.515,2.52,2.51,2.52,2049,0
ASTRW.US,5,20210928,165500,2.515,2.515,2.515,2.515,297,0
ASTRW.US,5,20210928,170000,2.515,2.515,2.515,2.515,903,0
ASTRW.US,5,20210928,170500,2.51,2.515,2.51,2.515,300,0
ASTRW.US,5,20210928,171000,2.515,2.515,2.515,2.515,500,0
ASTRW.US,5,20210928,171500,2.52,2.52,2.515,2.515,400,0
ASTRW.US,5,20210928,174000,2.52,2.52,2.5197,2.5197,1276,0
ASTRW.US,5,20210928,175000,2.515,2.515,2.515,2.515,100,0
ASTRW.US,5,20210928,181000,2.515,2.515,2.515,2.515,100,0
ASTRW.US,5,20210928,182000,2.515,2.515,2.515,2.515,805,0
ASTRW.US,5,20210928,183500,2.515,2.515,2.515,2.515,100,0
ASTRW.US,5,20210928,184500,2.515,2.515,2.5,2.5,17759,0
ASTRW.US,5,20210928,185000,2.5,2.5,2.5,2.5,100,0
ASTRW.US,5,20210928,192500,2.52,2.52,2.52,2.52,100,0
ASTRW.US,5,20210928,202500,2.5,2.5,2.48,2.48,4950,0
ASTRW.US,5,20210928,204000,2.5,2.5,2.5,2.5,1200,0
ASTRW.US,5,20210928,204500,2.5,2.5,2.5,2.5,300,0
ASTRW.US,5,20210928,210500,2.51,2.51,2.51,2.51,1800,0
ASTRW.US,5,20210928,211000,2.52,2.52,2.52,2.52,3188,0
ASTRW.US,5,20210928,212000,2.53,2.53,2.52,2.52,7624,0
ASTRW.US,5,20210928,212500,2.5,2.535,2.5,2.52,4600,0
ASTRW.US,5,20210928,213000,2.5,2.5,2.475,2.475,2771,0
ASTRW.US,5,20210928,213500,2.48,2.51,2.48,2.49,2100,0
ASTRW.US,5,20210928,214000,2.49,2.49,2.49,2.49,174,0
ASTRW.US,5,20210928,214500,2.49,2.505,2.47,2.505,15606,0
ASTRW.US,5,20210929,154000,2.51,2.51,2.49,2.49,1690,0
ASTRW.US,5,20210929,154500,2.49,2.515,2.48,2.49,2866,0
ASTRW.US,5,20210929,161000,2.49,2.49,2.48,2.49,700,0
ASTRW.US,5,20210929,162500,2.48,2.5097,2.48,2.5097,200,0
ASTRW.US,5,20210929,163000,2.5,2.5,2.5,2.5,200,0
ASTRW.US,5,20210929,163500,2.48,2.48,2.48,2.48,100,0
ASTRW.US,5,20210929,164500,2.48,2.48,2.48,2.48,100,0
ASTRW.US,5,20210929,170000,2.48,2.48,2.48,2.48,100,0
ASTRW.US,5,20210929,170500,2.495,2.495,2.495,2.495,100,0
ASTRW.US,5,20210929,171000,2.48,2.48,2.48,2.48,100,0
ASTRW.US,5,20210929,172000,2.48,2.48,2.47,2.47,2800,0
ASTRW.US,5,20210929,172500,2.47,2.475,2.43,2.43,10573,0
ASTRW.US,5,20210929,173000,2.45,2.45,2.45,2.45,100,0
ASTRW.US,5,20210929,173500,2.43,2.46,2.43,2.43,9219,0
ASTRW.US,5,20210929,174000,2.43,2.45,2.42,2.42,12308,0
ASTRW.US,5,20210929,174500,2.4,2.4,2.4,2.4,100,0
ASTRW.US,5,20210929,175500,2.4,2.4,2.39,2.39,3000,0
ASTRW.US,5,20210929,180500,2.4,2.4,2.4,2.4,100,0
ASTRW.US,5,20210929,181000,2.4,2.4,2.4,2.4,100,0
ASTRW.US,5,20210929,181500,2.38,2.4,2.38,2.4,634,0
ASTRW.US,5,20210929,182000,2.38,2.38,2.38,2.38,300,0
ASTRW.US,5,20210929,182500,2.3999,2.3999,2.38,2.38,200,0
ASTRW.US,5,20210929,183000,2.38,2.38,2.38,2.38,100,0
ASTRW.US,5,20210929,184000,2.38,2.38,2.38,2.38,100,0
ASTRW.US,5,20210929,185500,2.38,2.38,2.38,2.38,100,0
ASTRW.US,5,20210929,190500,2.38,2.38,2.38,2.38,100,0
ASTRW.US,5,20210929,191500,2.38,2.38,2.38,2.38,100,0
ASTRW.US,5,20210929,193000,2.38,2.38,2.38,2.38,100,0
ASTRW.US,5,20210929,194000,2.38,2.38,2.38,2.38,100,0
ASTRW.US,5,20210929,195000,2.38,2.38,2.38,2.38,100,0
ASTRW.US,5,20210929,200500,2.38,2.38,2.38,2.38,100,0
ASTRW.US,5,20210929,201500,2.405,2.405,2.405,2.405,500,0
ASTRW.US,5,20210929,202000,2.405,2.405,2.405,2.405,100,0
ASTRW.US,5,20210929,202500,2.38,2.38,2.38,2.38,100,0
ASTRW.US,5,20210929,204000,2.38,2.38,2.38,2.38,100,0
ASTRW.US,5,20210929,204500,2.38,2.38,2.36,2.36,11928,0
ASTRW.US,5,20210929,205000,2.36,2.38,2.36,2.3603,3200,0
ASTRW.US,5,20210929,205500,2.36,2.36,2.36,2.36,400,0
ASTRW.US,5,20210929,211000,2.3599,2.37,2.3599,2.37,2420,0
ASTRW.US,5,20210929,211500,2.37,2.37,2.35,2.35,1400,0
ASTRW.US,5,20210929,212500,2.35,2.36,2.35,2.36,1580,0
ASTRW.US,5,20210929,213000,2.36,2.36,2.36,2.36,300,0
ASTRW.US,5,20210929,214500,2.37,2.37,2.36,2.36,465,0
ASTRW.US,5,20210929,215500,2.36,2.36,2.35,2.35,1194,0
ASTRW.US,5,20210930,154500,2.44,2.441,2.44,2.441,828,0
ASTRW.US,5,20210930,160500,2.4,2.4,2.4,2.4,100,0
ASTRW.US,5,20210930,170500,2.37,2.37,2.37,2.37,300,0
ASTRW.US,5,20210930,173500,2.37,2.37,2.37,2.37,350,0
ASTRW.US,5,20210930,174000,2.37,2.37,2.37,2.37,260,0
ASTRW.US,5,20210930,175000,2.35,2.35,2.35,2.35,1000,0
ASTRW.US,5,20210930,181500,2.3395,2.36,2.3395,2.36,10000,0
ASTRW.US,5,20210930,182000,2.345,2.345,2.345,2.345,610,0
ASTRW.US,5,20210930,183500,2.3101,2.3101,2.3101,2.3101,430,0
ASTRW.US,5,20210930,190000,2.345,2.345,2.345,2.345,750,0
ASTRW.US,5,20210930,200000,2.3308,2.3308,2.3308,2.3308,500,0
ASTRW.US,5,20210930,201500,2.355,2.355,2.34,2.34,300,0
ASTRW.US,5,20210930,205500,2.34,2.34,2.34,2.34,400,0
ASTRW.US,5,20210930,212500,2.365,2.365,2.35,2.35,800,0
ASTRW.US,5,20210930,214000,2.38,2.4,2.375,2.4,6000,0
ASTRW.US,5,20210930,215500,2.375,2.375,2.375,2.375,325,0
ASTRW.US,5,20211001,153000,2.59,2.59,2.52,2.55,5650,0
ASTRW.US,5,20211001,153500,2.55,2.55,2.51,2.51,250,0
ASTRW.US,5,20211001,154000,2.48,2.53,2.48,2.53,8777,0
ASTRW.US,5,20211001,154500,2.53,2.53,2.43,2.43,15623,0
ASTRW.US,5,20211001,155000,2.41,2.45,2.4,2.45,19277,0
ASTRW.US,5,20211001,155500,2.45,2.45,2.45,2.45,22500,0
ASTRW.US,5,20211001,160000,2.45,2.49,2.45,2.45,26068,0
ASTRW.US,5,20211001,160500,2.41,2.41,2.41,2.41,333,0
ASTRW.US,5,20211001,161000,2.41,2.41,2.41,2.41,700,0
ASTRW.US,5,20211001,161500,2.4,2.4,2.33,2.33,3823,0
ASTRW.US,5,20211001,165500,2.36,2.36,2.33,2.33,3500,0
ASTRW.US,5,20211001,170500,2.34,2.34,2.3,2.3,1302,0
ASTRW.US,5,20211001,171000,2.3,2.33,2.3,2.33,2672,0
ASTRW.US,5,20211001,172500,2.37,2.37,2.37,2.37,151,0
ASTRW.US,5,20211001,173500,2.34,2.34,2.34,2.34,100,0
ASTRW.US,5,20211001,174500,2.3699,2.3699,2.3699,2.3699,100,0
ASTRW.US,5,20211001,181000,2.37,2.44,2.37,2.42,17982,0
ASTRW.US,5,20211001,181500,2.42,2.42,2.42,2.42,1300,0
ASTRW.US,5,20211001,183500,2.4,2.4,2.4,2.4,4800,0
ASTRW.US,5,20211001,190000,2.35,2.375,2.35,2.35,5000,0
ASTRW.US,5,20211001,190500,2.375,2.375,2.35,2.3501,400,0
ASTRW.US,5,20211001,191500,2.4,2.4,2.4,2.4,500,0
ASTRW.US,5,20211001,194000,2.4,2.4,2.4,2.4,126,0
ASTRW.US,5,20211001,200500,2.4,2.4,2.4,2.4,2006,0
ASTRW.US,5,20211001,210500,2.4,2.4,2.4,2.4,2500,0
ASTRW.US,5,20211001,213500,2.41,2.41,2.35,2.41,6018,0
ASTRW.US,5,20211004,153000,2.4,2.4,2.31,2.31,2765,0
ASTRW.US,5,20211004,153500,2.3,2.3,2.27,2.3,935,0
ASTRW.US,5,20211004,154000,2.25,2.25,2.25,2.25,2473,0
ASTRW.US,5,20211004,155000,2.23,2.25,2.21,2.25,7527,0
ASTRW.US,5,20211004,155500,2.3,2.3,2.3,2.3,100,0
ASTRW.US,5,20211004,160000,2.26,2.26,2.19,2.19,12182,0
ASTRW.US,5,20211004,160500,2.2193,2.2193,2.2193,2.2193,108,0
ASTRW.US,5,20211004,161500,2.16,2.17,2.16,2.17,2900,0
ASTRW.US,5,20211004,162000,2.195,2.23,2.195,2.23,880,0
ASTRW.US,5,20211004,164000,2.16,2.17,2.16,2.16,2500,0
ASTRW.US,5,20211004,165500,2.19,2.19,2.1896,2.1896,10020,0
ASTRW.US,5,20211004,170500,2.16,2.17,2.16,2.16,1500,0
ASTRW.US,5,20211004,171000,2.19,2.19,2.19,2.19,100,0
ASTRW.US,5,20211004,173500,2.18,2.18,2.16,2.16,496,0
ASTRW.US,5,20211004,181500,2.2,2.23,2.2,2.23,3700,0
ASTRW.US,5,20211004,182000,2.2,2.2,2.2,2.2,400,0
ASTRW.US,5,20211004,182500,2.2,2.2,2.2,2.2,100,0
ASTRW.US,5,20211004,184000,2.23,2.25,2.17,2.17,12030,0
ASTRW.US,5,20211004,191000,2.18,2.18,2.16,2.17,2300,0
ASTRW.US,5,20211004,192500,2.15,2.15,2.15,2.15,1316,0
ASTRW.US,5,20211004,193000,2.15,2.15,2.15,2.15,300,0
ASTRW.US,5,20211004,194000,2.15,2.15,2.15,2.15,2684,0
ASTRW.US,5,20211004,194500,2.151,2.179,2.13,2.13,2000,0
ASTRW.US,5,20211004,201500,2.12,2.12,2.12,2.12,1000,0
ASTRW.US,5,20211004,205000,2.16,2.2,2.16,2.2,2500,0
ASTRW.US,5,20211004,210000,2.2,2.2,2.1999,2.2,3000,0
ASTRW.US,5,20211004,210500,2.2,2.21,2.2,2.21,2090,0
ASTRW.US,5,20211004,211000,2.21,2.21,2.2,2.2,640,0
ASTRW.US,5,20211004,211500,2.2,2.2,2.2,2.2,200,0
ASTRW.US,5,20211004,212500,2.2,2.2,2.2,2.2,200,0
ASTRW.US,5,20211004,213000,2.2,2.2,2.17,2.17,3200,0
ASTRW.US,5,20211004,214000,2.17,2.18,2.17,2.18,14200,0
ASTRW.US,5,20211004,214500,2.19,2.2,2.19,2.2,4000,0
ASTRW.US,5,20211004,215500,2.17,2.17,2.16,2.16,900,0
ASTRW.US,5,20211005,153000,2.16,2.3,2.1399,2.15,11177,0
ASTRW.US,5,20211005,153500,2.12,2.13,2.11,2.11,1493,0
ASTRW.US,5,20211005,154000,2.12,2.12,2.12,2.12,100,0
ASTRW.US,5,20211005,155000,2.1,2.1,2.1,2.1,10000,0
ASTRW.US,5,20211005,160000,2.1,2.1,2.1,2.1,100,0
ASTRW.US,5,20211005,161000,2.0408,2.0408,2.0408,2.0408,500,0
ASTRW.US,5,20211005,161500,2.08,2.08,2.08,2.08,100,0
ASTRW.US,5,20211005,162000,2.1,2.1,2.05,2.05,2480,0
ASTRW.US,5,20211005,162500,2.05,2.05,2.02,2.02,1950,0
ASTRW.US,5,20211005,163500,2.05,2.05,2.05,2.05,300,0
ASTRW.US,5,20211005,165000,2.0511,2.0511,2.0511,2.0511,1000,0
ASTRW.US,5,20211005,171000,2.08,2.09,2.08,2.09,2200,0
ASTRW.US,5,20211005,172500,2.09,2.09,2.09,2.09,17577,0
ASTRW.US,5,20211005,173000,2.09,2.09,2.09,2.09,375,0
ASTRW.US,5,20211005,175000,2.09,2.09,2.09,2.09,190,0
ASTRW.US,5,20211005,180000,2.11,2.15,2.05,2.06,30337,0
ASTRW.US,5,20211005,180500,2.12,2.12,2.12,2.12,500,0
ASTRW.US,5,20211005,183000,2.0892,2.0892,2.08,2.08,301,0
ASTRW.US,5,20211005,183500,2.08,2.08,2.08,2.08,135,0
ASTRW.US,5,20211005,184000,2.08,2.08,2.05,2.05,1838,0
ASTRW.US,5,20211005,185500,2.1,2.11,2.1,2.11,399,0
ASTRW.US,5,20211005,190000,2.11,2.11,2.11,2.11,6101,0
ASTRW.US,5,20211005,191500,2.09,2.09,2.09,2.09,100,0
ASTRW.US,5,20211005,193000,2.1,2.1,2.1,2.1,100,0
ASTRW.US,5,20211005,194000,2.1,2.1,2.1,2.1,100,0
ASTRW.US,5,20211005,195000,2.085,2.085,2.085,2.085,400,0
ASTRW.US,5,20211005,195500,2.08,2.08,2.08,2.08,1500,0
ASTRW.US,5,20211005,200500,2.08,2.08,2.06,2.06,1400,0
ASTRW.US,5,20211005,201000,2.05,2.05,2.04,2.04,1701,0
ASTRW.US,5,20211005,202000,2.04,2.04,2.03,2.03,3300,0
ASTRW.US,5,20211005,202500,2.02,2.02,2,2,1548,0
ASTRW.US,5,20211005,203000,2,2,1.99,2,3700,0
ASTRW.US,5,20211005,204500,2.06,2.07,2.06,2.07,2300,0
ASTRW.US,5,20211005,210500,2.07,2.11,2.07,2.11,10400,0
ASTRW.US,5,20211005,211000,2.1,2.1,2.08,2.09,10200,0
ASTRW.US,5,20211005,211500,2.09,2.09,2.09,2.09,4980,0
ASTRW.US,5,20211005,213500,2.09,2.1,2.09,2.1,2199,0
ASTRW.US,5,20211005,214500,2.03,2.03,2.03,2.03,350,0
ASTRW.US,5,20211006,154500,2.055,2.055,2.055,2.055,9924,0
ASTRW.US,5,20211006,155500,2.03,2.1,2.03,2.1,1283,0
ASTRW.US,5,20211006,160000,2.09,2.09,2.09,2.09,200,0
ASTRW.US,5,20211006,160500,2.0799,2.08,2.0799,2.08,1700,0
ASTRW.US,5,20211006,161000,2.05,2.05,2.05,2.05,1000,0
ASTRW.US,5,20211006,162500,2.09,2.11,2.09,2.11,1310,0
ASTRW.US,5,20211006,163000,2.05,2.05,2.05,2.05,300,0
ASTRW.US,5,20211006,163500,2.01,2.01,2.01,2.01,700,0
ASTRW.US,5,20211006,164000,2.04,2.04,2.04,2.04,100,0
ASTRW.US,5,20211006,164500,2.06,2.08,2.06,2.08,200,0
ASTRW.US,5,20211006,165000,2.1,2.11,2.07,2.07,2510,0
ASTRW.US,5,20211006,165500,2.11,2.12,2.1,2.1,1001,0
ASTRW.US,5,20211006,170000,2.11,2.11,2.1,2.1,808,0
ASTRW.US,5,20211006,170500,2.1,2.1,2.1,2.1,214,0
ASTRW.US,5,20211006,180000,2.1,2.11,2.1,2.1,4358,0
ASTRW.US,5,20211006,181000,2.1,2.15,2.04,2.09,16148,0
ASTRW.US,5,20211006,183500,2.05,2.05,2.05,2.05,214,0
ASTRW.US,5,20211006,185500,2.055,2.055,2.055,2.055,241,0
ASTRW.US,5,20211006,191500,2.04,2.05,1.99,1.99,8101,0
ASTRW.US,5,20211006,192000,2.03,2.05,2,2.03,16353,0
ASTRW.US,5,20211006,192500,2.02,2.05,2,2.03,10603,0
ASTRW.US,5,20211006,193000,2.04,2.04,2.03,2.03,2599,0
ASTRW.US,5,20211006,194500,2.1,2.1,2.1,2.1,200,0
ASTRW.US,5,20211006,200000,2.04,2.11,2.04,2.07,2072,0
ASTRW.US,5,20211006,200500,2.05,2.05,2.05,2.05,100,0
ASTRW.US,5,20211006,201500,2.04,2.06,2.04,2.06,6464,0
ASTRW.US,5,20211006,202000,2.05,2.06,2.05,2.05,4916,0
ASTRW.US,5,20211006,203000,2.03,2.04,2.01,2.01,2231,0
ASTRW.US,5,20211006,203500,2.01,2.01,2.01,2.01,1747,0
ASTRW.US,5,20211006,204000,2.01,2.01,2,2,1300,0
ASTRW.US,5,20211006,213500,2.01,2.01,2,2,8309,0
ASTRW.US,5,20211006,214000,2,2,1.99,1.99,2120,0
ASTRW.US,5,20211006,214500,1.98,1.98,1.98,1.98,253,0
ASTRW.US,5,20211006,215500,1.99,2,1.99,1.99,800,0
ASTRW.US,5,20211007,161000,2.1,2.1,2.1,2.1,100,0
ASTRW.US,5,20211007,161500,2.08,2.08,2.08,2.08,115,0
ASTRW.US,5,20211007,162000,2.1,2.1,2.09,2.09,2285,0
ASTRW.US,5,20211007,164000,2.09,2.09,2.09,2.09,1908,0
ASTRW.US,5,20211007,165500,2.09,2.09,2.09,2.09,2500,0
ASTRW.US,5,20211007,170500,2.16,2.16,2.16,2.16,100,0
ASTRW.US,5,20211007,173500,2.13,2.13,2.11,2.11,1200,0
ASTRW.US,5,20211007,175000,2.12,2.12,2.12,2.12,100,0
ASTRW.US,5,20211007,182500,2.11,2.11,2.11,2.11,431,0
ASTRW.US,5,20211007,183500,2.11,2.11,2.1,2.1,2290,0
ASTRW.US,5,20211007,184000,2.1,2.1,2.09,2.1,1584,0
ASTRW.US,5,20211007,185000,2.135,2.135,2.135,2.135,101,0
ASTRW.US,5,20211007,185500,2.1,2.1,2.1,2.1,100,0
ASTRW.US,5,20211007,190000,2.09,2.09,2.09,2.09,322,0
ASTRW.US,5,20211007,191500,2.07,2.07,2.07,2.07,100,0
ASTRW.US,5,20211007,192000,2.115,2.115,2.115,2.115,500,0
ASTRW.US,5,20211007,203000,2.11,2.11,2.11,2.11,864,0
ASTRW.US,5,20211007,203500,2.05,2.05,2.02,2.02,2044,0
ASTRW.US,5,20211007,212000,2.04,2.04,2.04,2.04,140,0
ASTRW.US,5,20211007,212500,2.04,2.04,2.04,2.04,5578,0
ASTRW.US,5,20211007,213000,2.04,2.04,2.04,2.04,4000,0
ASTRW.US,5,20211007,214000,2.04,2.07,2.04,2.07,607,0
ASTRW.US,5,20211008,154500,2.14,2.14,2.14,2.14,200,0
ASTRW.US,5,20211008,160000,2.2282,2.2282,2.2282,2.2282,446,0
ASTRW.US,5,20211008,163000,2.2099,2.2099,2.2099,2.2099,500,0
ASTRW.US,5,20211008,165000,2.1,2.1,2.1,2.1,737,0
ASTRW.US,5,20211008,172000,2.11,2.14,2.11,2.14,5000,0
ASTRW.US,5,20211008,172500,2.11,2.11,2.11,2.11,1000,0
ASTRW.US,5,20211008,174000,2.11,2.12,2.11,2.12,3789,0
ASTRW.US,5,20211008,180500,2.09,2.09,2.09,2.09,1000,0
ASTRW.US,5,20211008,181000,2.1147,2.12,2.09,2.09,1500,0
ASTRW.US,5,20211008,184000,2.09,2.09,2.09,2.09,1893,0
ASTRW.US,5,20211008,184500,2.12,2.13,2.12,2.13,2100,0
ASTRW.US,5,20211008,192500,2.14,2.15,2.14,2.15,600,0
ASTRW.US,5,20211008,193000,2.16,2.16,2.16,2.16,100,0
ASTRW.US,5,20211008,195500,2.2,2.2,2.2,2.2,1300,0
ASTRW.US,5,20211008,205500,2.1506,2.1506,2.1506,2.1506,916,0
ASTRW.US,5,20211008,212500,2.2094,2.2094,2.2094,2.2094,500,0
ASTRW.US,5,20211008,213000,2.18,2.18,2.18,2.18,333,0
ASTRW.US,5,20211008,215000,2.2099,2.2099,2.18,2.18,1113,0
ASTRW.US,5,20211008,215500,2.17,2.21,2.17,2.2,3100,0
ASTRW.US,5,20211011,153500,2.22,2.22,2.2,2.2,650,0
ASTRW.US,5,20211011,154000,2.17,2.17,2.16,2.16,500,0
ASTRW.US,5,20211011,154500,2.2,2.215,2.2,2.215,200,0
ASTRW.US,5,20211011,162500,2.2,2.2,2.2,2.2,100,0
ASTRW.US,5,20211011,164500,2.16,2.1601,2.16,2.1601,2000,0
ASTRW.US,5,20211011,165500,2.15,2.15,2.13,2.13,200,0
ASTRW.US,5,20211011,171500,2.16,2.16,2.16,2.16,100,0
ASTRW.US,5,20211011,174500,2.16,2.16,2.16,2.16,100,0
ASTRW.US,5,20211011,175500,2.17,2.17,2.1699,2.1699,749,0
ASTRW.US,5,20211011,180000,2.17,2.17,2.17,2.17,137,0
ASTRW.US,5,20211011,180500,2.15,2.18,2.13,2.18,1455,0
ASTRW.US,5,20211011,182000,2.11,2.11,2.11,2.11,100,0
ASTRW.US,5,20211011,190000,2.15,2.2,2.15,2.2,11161,0
ASTRW.US,5,20211011,191500,2.17,2.185,2.16,2.16,1200,0
ASTRW.US,5,20211011,193500,2.15,2.15,2.15,2.15,100,0
ASTRW.US,5,20211011,194000,2.135,2.135,2.135,2.135,100,0
ASTRW.US,5,20211011,200000,2.1101,2.1101,2.11,2.11,400,0
ASTRW.US,5,20211011,202000,2.11,2.11,2.11,2.11,100,0
ASTRW.US,5,20211011,203000,2.13,2.14,2.12,2.12,2472,0
ASTRW.US,5,20211011,204000,2.11,2.11,2.11,2.11,100,0
ASTRW.US,5,20211011,210500,2.12,2.12,2.12,2.12,200,0
ASTRW.US,5,20211011,211000,2.11,2.11,2.11,2.11,100,0
ASTRW.US,5,20211011,214000,2.1,2.1,2.1,2.1,235,0
ASTRW.US,5,20211011,214500,2.09,2.09,2.09,2.09,100,0
ASTRW.US,5,20211011,215000,2.09,2.09,2.09,2.09,120,0
ASTRW.US,5,20211012,153000,2.11,2.11,2.11,2.11,500,0
ASTRW.US,5,20211012,155500,2.06,2.06,2.06,2.06,100,0
ASTRW.US,5,20211012,160000,2.06,2.09,2.05,2.09,1803,0
ASTRW.US,5,20211012,161000,2.08,2.09,2.0701,2.0701,2900,0
ASTRW.US,5,20211012,161500,2.1,2.1,2.1,2.1,745,0
ASTRW.US,5,20211012,162500,2.12,2.12,2.12,2.12,328,0
ASTRW.US,5,20211012,163000,2.1999,2.1999,2.16,2.16,1200,0
ASTRW.US,5,20211012,163500,2.3,2.3,2.29,2.29,300,0
ASTRW.US,5,20211012,164000,2.204,2.204,2.2,2.2003,5000,0
ASTRW.US,5,20211012,165000,2.26,2.26,2.26,2.26,400,0
ASTRW.US,5,20211012,165500,2.26,2.26,2.23,2.24,7535,0
ASTRW.US,5,20211012,170000,2.23,2.23,2.22,2.22,720,0
ASTRW.US,5,20211012,171500,2.22,2.22,2.22,2.22,100,0
ASTRW.US,5,20211012,173500,2.26,2.29,2.26,2.29,3280,0
ASTRW.US,5,20211012,174000,2.34,2.34,2.33,2.33,700,0
ASTRW.US,5,20211012,174500,2.34,2.35,2.32,2.32,5138,0
ASTRW.US,5,20211012,175000,2.35,2.38,2.35,2.3787,2750,0
ASTRW.US,5,20211012,175500,2.38,2.38,2.38,2.38,300,0
ASTRW.US,5,20211012,180000,2.38,2.38,2.28,2.28,969,0
ASTRW.US,5,20211012,182000,2.37,2.38,2.37,2.38,6459,0
ASTRW.US,5,20211012,182500,2.36,2.36,2.315,2.315,1400,0
ASTRW.US,5,20211012,184500,2.35,2.35,2.35,2.35,3230,0
ASTRW.US,5,20211012,185000,2.38,2.38,2.36,2.36,4739,0
ASTRW.US,5,20211012,190000,2.38,2.395,2.37,2.37,2200,0
ASTRW.US,5,20211012,190500,2.4,2.4,2.3999,2.4,4100,0
ASTRW.US,5,20211012,191000,2.385,2.385,2.34,2.34,2451,0
ASTRW.US,5,20211012,191500,2.35,2.4,2.3441,2.35,1900,0
ASTRW.US,5,20211012,192500,2.35,2.35,2.35,2.35,100,0
ASTRW.US,5,20211012,194000,2.33,2.33,2.33,2.33,100,0
ASTRW.US,5,20211012,194500,2.28,2.31,2.28,2.31,2100,0
ASTRW.US,5,20211012,200000,2.2701,2.315,2.2701,2.315,3100,0
ASTRW.US,5,20211012,201500,2.32,2.32,2.32,2.32,100,0
ASTRW.US,5,20211012,202500,2.325,2.325,2.325,2.325,100,0
ASTRW.US,5,20211012,203000,2.3,2.3,2.3,2.3,300,0
ASTRW.US,5,20211012,204500,2.28,2.34,2.28,2.34,400,0
ASTRW.US,5,20211012,205000,2.315,2.34,2.315,2.34,500,0
ASTRW.US,5,20211012,205500,2.3,2.3,2.28,2.28,600,0
ASTRW.US,5,20211012,210000,2.3,2.3,2.3,2.3,200,0
ASTRW.US,5,20211012,210500,2.2999,2.2999,2.2999,2.2999,200,0
ASTRW.US,5,20211012,212000,2.26,2.26,2.2404,2.2404,1300,0
ASTRW.US,5,20211012,214000,2.3,2.3,2.29,2.29,300,0
ASTRW.US,5,20211012,214500,2.295,2.295,2.27,2.285,12230,0
ASTRW.US,5,20211012,215000,2.27,2.2999,2.26,2.2999,3950,0
ASTRW.US,5,20211012,215500,2.27,2.27,2.25,2.25,1400,0
ASTRW.US,5,20211013,153500,2.25,2.25,2.25,2.25,1100,0
ASTRW.US,5,20211013,155500,2.16,2.16,2.16,2.16,100,0
ASTRW.US,5,20211013,160000,2.17,2.17,2.17,2.17,100,0
ASTRW.US,5,20211013,160500,2.17,2.18,2.17,2.18,200,0
ASTRW.US,5,20211013,161000,2.17,2.17,2.17,2.17,100,0
ASTRW.US,5,20211013,161500,2.16,2.16,2.16,2.16,100,0
ASTRW.US,5,20211013,162000,2.15,2.15,2.15,2.15,100,0
ASTRW.US,5,20211013,162500,2.15,2.15,2.15,2.15,100,0
ASTRW.US,5,20211013,163000,2.17,2.17,2.17,2.17,100,0
ASTRW.US,5,20211013,163500,2.18,2.2,2.18,2.2,1708,0
ASTRW.US,5,20211013,164000,2.21,2.21,2.21,2.21,100,0
ASTRW.US,5,20211013,164500,2.2,2.2,2.2,2.2,100,0
ASTRW.US,5,20211013,165000,2.18,2.18,2.18,2.18,100,0
ASTRW.US,5,20211013,165500,2.18,2.18,2.17,2.17,500,0
ASTRW.US,5,20211013,170000,2.16,2.16,2.16,2.16,200,0
ASTRW.US,5,20211013,170500,2.18,2.18,2.18,2.18,201,0
ASTRW.US,5,20211013,171000,2.2,2.2,2.1992,2.2,5200,0
ASTRW.US,5,20211013,172000,2.215,2.215,2.215,2.215,100,0
ASTRW.US,5,20211013,172500,2.205,2.205,2.205,2.205,100,0
ASTRW.US,5,20211013,173000,2.205,2.205,2.205,2.205,100,0
ASTRW.US,5,20211013,173500,2.17,2.17,2.17,2.17,100,0
ASTRW.US,5,20211013,174000,2.17,2.17,2.17,2.17,100,0
ASTRW.US,5,20211013,174500,2.18,2.18,2.18,2.18,100,0
ASTRW.US,5,20211013,175000,2.18,2.18,2.18,2.18,100,0
ASTRW.US,5,20211013,175500,2.17,2.17,2.17,2.17,100,0
ASTRW.US,5,20211013,180000,2.18,2.18,2.18,2.18,100,0
ASTRW.US,5,20211013,180500,2.18,2.19,2.18,2.19,200,0
ASTRW.US,5,20211013,181000,2.24,2.25,2.24,2.24,1800,0
ASTRW.US,5,20211013,181500,2.26,2.26,2.26,2.26,100,0
ASTRW.US,5,20211013,182000,2.22,2.22,2.22,2.22,100,0
ASTRW.US,5,20211013,182500,2.22,2.22,2.22,2.22,100,0
ASTRW.US,5,20211013,183000,2.22,2.22,2.22,2.22,100,0
ASTRW.US,5,20211013,183500,2.24,2.24,2.24,2.24,100,0
ASTRW.US,5,20211013,184000,2.24,2.24,2.24,2.24,100,0
ASTRW.US,5,20211013,184500,2.24,2.24,2.24,2.24,100,0
ASTRW.US,5,20211013,185000,2.25,2.27,2.21,2.21,400,0
ASTRW.US,5,20211013,185500,2.27,2.28,2.27,2.28,1306,0
ASTRW.US,5,20211013,190000,2.23,2.31,2.22,2.22,11687,0
ASTRW.US,5,20211013,191000,2.23,2.23,2.23,2.23,100,0
ASTRW.US,5,20211013,191500,2.23,2.23,2.23,2.23,100,0
ASTRW.US,5,20211013,192000,2.23,2.2301,2.22,2.22,1400,0
ASTRW.US,5,20211013,192500,2.22,2.34,2.22,2.34,2700,0
ASTRW.US,5,20211013,193000,2.3,2.32,2.3,2.3,1300,0
ASTRW.US,5,20211013,194000,2.32,2.32,2.32,2.32,100,0
ASTRW.US,5,20211013,194500,2.3,2.3,2.3,2.3,100,0
ASTRW.US,5,20211013,195000,2.3,2.3,2.3,2.3,100,0
ASTRW.US,5,20211013,195500,2.34,2.35,2.3,2.35,10100,0
ASTRW.US,5,20211013,200000,2.31,2.31,2.31,2.31,100,0
ASTRW.US,5,20211013,200500,2.325,2.325,2.3,2.3,1100,0
ASTRW.US,5,20211013,201000,2.325,2.325,2.325,2.325,200,0
ASTRW.US,5,20211013,201500,2.32,2.32,2.32,2.32,100,0
ASTRW.US,5,20211013,202500,2.32,2.32,2.32,2.32,200,0
ASTRW.US,5,20211013,203500,2.3,2.3,2.27,2.27,1180,0
ASTRW.US,5,20211013,204000,2.28,2.28,2.28,2.28,200,0
ASTRW.US,5,20211013,204500,2.28,2.28,2.28,2.28,100,0
ASTRW.US,5,20211013,205000,2.28,2.28,2.28,2.28,100,0
ASTRW.US,5,20211013,205500,2.28,2.28,2.28,2.28,200,0
ASTRW.US,5,20211013,210500,2.28,2.28,2.28,2.28,200,0
ASTRW.US,5,20211013,211000,2.28,2.28,2.28,2.28,100,0
ASTRW.US,5,20211013,211500,2.28,2.28,2.28,2.28,100,0
ASTRW.US,5,20211013,212000,2.3,2.3,2.3,2.3,100,0
ASTRW.US,5,20211013,212500,2.3,2.3,2.3,2.3,100,0
ASTRW.US,5,20211013,213000,2.29,2.29,2.29,2.29,100,0
ASTRW.US,5,20211013,213500,2.28,2.28,2.28,2.28,200,0
ASTRW.US,5,20211013,214000,2.28,2.28,2.28,2.28,100,0
ASTRW.US,5,20211013,215000,2.3,2.3,2.3,2.3,775,0
ASTRW.US,5,20211013,215500,2.31,2.34,2.29,2.3,7687,0
ASTRW.US,5,20211014,153000,2.48,2.48,2.48,2.48,120,0
ASTRW.US,5,20211014,153500,2.37,2.37,2.35,2.37,1400,0
ASTRW.US,5,20211014,154000,2.37,2.37,2.37,2.37,200,0
ASTRW.US,5,20211014,155000,2.35,2.35,2.35,2.35,200,0
ASTRW.US,5,20211014,155500,2.35,2.35,2.35,2.35,200,0
ASTRW.US,5,20211014,161000,2.37,2.37,2.37,2.37,300,0
ASTRW.US,5,20211014,161500,2.4101,2.4101,2.4,2.4,350,0
ASTRW.US,5,20211014,162000,2.45,2.46,2.44,2.44,5393,0
ASTRW.US,5,20211014,162500,2.46,2.47,2.46,2.47,200,0
ASTRW.US,5,20211014,163000,2.48,2.49,2.4799,2.49,868,0
ASTRW.US,5,20211014,163500,2.44,2.44,2.44,2.44,100,0
ASTRW.US,5,20211014,164500,2.4,2.4,2.4,2.4,100,0
ASTRW.US,5,20211014,165500,2.41,2.41,2.4,2.4,600,0
ASTRW.US,5,20211014,170000,2.43,2.43,2.43,2.43,1074,0
ASTRW.US,5,20211014,170500,2.42,2.43,2.42,2.43,2300,0
ASTRW.US,5,20211014,171000,2.385,2.385,2.385,2.385,400,0
ASTRW.US,5,20211014,172000,2.395,2.395,2.395,2.395,400,0
ASTRW.US,5,20211014,172500,2.43,2.43,2.43,2.43,100,0
ASTRW.US,5,20211014,174500,2.42,2.42,2.39,2.39,3907,0
ASTRW.US,5,20211014,175000,2.4,2.41,2.39,2.41,3583,0
ASTRW.US,5,20211014,180000,2.425,2.425,2.4,2.4,6800,0
ASTRW.US,5,20211014,180500,2.4,2.44,2.4,2.44,4800,0
ASTRW.US,5,20211014,181500,2.425,2.425,2.36,2.3993,7985,0
ASTRW.US,5,20211014,184500,2.45,2.5,2.45,2.5,7716,0
ASTRW.US,5,20211014,185000,2.5,2.5,2.4999,2.4999,700,0
ASTRW.US,5,20211014,190500,2.425,2.425,2.4,2.4,2035,0
ASTRW.US,5,20211014,191000,2.4399,2.4399,2.4399,2.4399,100,0
ASTRW.US,5,20211014,195500,2.37,2.37,2.36,2.36,1919,0
ASTRW.US,5,20211014,205000,2.4201,2.422,2.42,2.422,2200,0
ASTRW.US,5,20211014,213500,2.42,2.42,2.42,2.42,100,0
ASTRW.US,5,20211014,214500,2.445,2.46,2.445,2.46,600,0
ASTRW.US,5,20211014,215000,2.42,2.42,2.4,2.4,300,0
ASTRW.US,5,20211015,153000,2.58,2.67,2.52,2.52,2500,0
ASTRW.US,5,20211015,153500,2.5,2.5,2.47,2.47,200,0
ASTRW.US,5,20211015,154000,2.46,2.46,2.46,2.46,2913,0
ASTRW.US,5,20211015,154500,2.46,2.46,2.46,2.46,300,0
ASTRW.US,5,20211015,160000,2.37,2.37,2.36,2.36,200,0
ASTRW.US,5,20211015,160500,2.36,2.3868,2.36,2.36,4499,0
ASTRW.US,5,20211015,161000,2.4299,2.4299,2.34,2.3459,2208,0
ASTRW.US,5,20211015,163000,2.38,2.385,2.3,2.385,8955,0
ASTRW.US,5,20211015,164500,2.37,2.37,2.37,2.37,200,0
ASTRW.US,5,20211015,170000,2.38,2.38,2.38,2.38,200,0
ASTRW.US,5,20211015,171000,2.4,2.4,2.4,2.4,1182,0
ASTRW.US,5,20211015,173000,2.37,2.37,2.37,2.37,100,0
ASTRW.US,5,20211015,201000,2.35,2.35,2.35,2.35,300,0
ASTRW.US,5,20211015,202500,2.35,2.4,2.35,2.4,14901,0
ASTRW.US,5,20211015,205000,2.3999,2.3999,2.3999,2.3999,200,0
ASTRW.US,5,20211015,210000,2.39,2.39,2.39,2.39,250,0
ASTRW.US,5,20211015,211500,2.4,2.4,2.4,2.4,511,0
ASTRW.US,5,20211015,212000,2.41,2.41,2.4,2.4,400,0
ASTRW.US,5,20211015,212500,2.4,2.425,2.39,2.39,1600,0
ASTRW.US,5,20211015,213000,2.3999,2.3999,2.3999,2.3999,100,0
ASTRW.US,5,20211015,215000,2.36,2.36,2.36,2.36,100,0
ASTRW.US,5,20211018,153000,2.29,2.5,2.29,2.5,1853,0
ASTRW.US,5,20211018,153500,2.36,2.382,2.3,2.35,4200,0
ASTRW.US,5,20211018,155000,2.4499,2.4499,2.4,2.4,1590,0
ASTRW.US,5,20211018,163500,2.44,2.4401,2.41,2.4401,496,0
ASTRW.US,5,20211018,165500,2.46,2.46,2.45,2.45,1418,0
ASTRW.US,5,20211018,170000,2.5,2.56,2.45,2.45,4612,0
ASTRW.US,5,20211018,175000,2.48,2.48,2.48,2.48,270,0
ASTRW.US,5,20211018,181500,2.45,2.45,2.45,2.45,400,0
ASTRW.US,5,20211018,182000,2.46,2.46,2.45,2.45,1200,0
ASTRW.US,5,20211018,183000,2.45,2.45,2.45,2.45,200,0
ASTRW.US,5,20211018,190500,2.5,2.5,2.5,2.5,100,0
ASTRW.US,5,20211018,191500,2.5,2.55,2.5,2.55,600,0
ASTRW.US,5,20211018,192000,2.5086,2.5086,2.5086,2.5086,200,0
ASTRW.US,5,20211018,195000,2.4801,2.4801,2.4801,2.4801,200,0
ASTRW.US,5,20211018,195500,2.45,2.45,2.45,2.45,100,0
ASTRW.US,5,20211018,200000,2.5,2.5,2.49,2.5,9800,0
ASTRW.US,5,20211018,200500,2.5,2.52,2.5,2.52,2366,0
ASTRW.US,5,20211018,203000,2.53,2.53,2.53,2.53,100,0
ASTRW.US,5,20211018,204000,2.56,2.58,2.51,2.58,3075,0
ASTRW.US,5,20211018,204500,2.57,2.59,2.57,2.59,2200,0
ASTRW.US,5,20211018,205000,2.59,2.59,2.59,2.59,3446,0
ASTRW.US,5,20211018,210000,2.58,2.58,2.58,2.58,400,0
ASTRW.US,5,20211018,210500,2.58,2.58,2.58,2.58,200,0
ASTRW.US,5,20211018,211000,2.58,2.58,2.58,2.58,1200,0
ASTRW.US,5,20211018,213000,2.58,2.6,2.5747,2.5747,2000,0
ASTRW.US,5,20211018,214000,2.575,2.575,2.53,2.565,8705,0
ASTRW.US,5,20211018,214500,2.54,2.555,2.53,2.555,500,0
ASTRW.US,5,20211018,215000,2.555,2.555,2.555,2.555,200,0
ASTRW.US,5,20211018,215500,2.56,2.56,2.5,2.5,1748,0
ASTRW.US,5,20211019,153000,2.5,2.6,2.5,2.59,1467,0
ASTRW.US,5,20211019,153500,2.49,2.5,2.49,2.5,900,0
ASTRW.US,5,20211019,160000,2.5,2.5,2.5,2.5,100,0
ASTRW.US,5,20211019,162000,2.56,2.56,2.56,2.56,1370,0
ASTRW.US,5,20211019,162500,2.56,2.56,2.56,2.56,9500,0
ASTRW.US,5,20211019,163000,2.56,2.56,2.56,2.56,1400,0
ASTRW.US,5,20211019,163500,2.56,2.56,2.53,2.53,6300,0
ASTRW.US,5,20211019,171000,2.5,2.5,2.5,2.5,212,0
ASTRW.US,5,20211019,171500,2.49,2.49,2.49,2.49,200,0
ASTRW.US,5,20211019,172000,2.49,2.49,2.45,2.49,822,0
ASTRW.US,5,20211019,182000,2.51,2.51,2.51,2.51,400,0
ASTRW.US,5,20211019,183500,2.56,2.59,2.56,2.56,9975,0
ASTRW.US,5,20211019,184500,2.6,2.6,2.55,2.55,1046,0
ASTRW.US,5,20211019,185000,2.54,2.565,2.54,2.565,5276,0
ASTRW.US,5,20211019,192500,2.55,2.55,2.55,2.55,3200,0
ASTRW.US,5,20211019,193000,2.55,2.58,2.55,2.57,5865,0
ASTRW.US,5,20211019,193500,2.57,2.6,2.57,2.6,6815,0
ASTRW.US,5,20211019,194000,2.59,2.61,2.59,2.6,7228,0
ASTRW.US,5,20211019,194500,2.61,2.62,2.61,2.62,2600,0
ASTRW.US,5,20211019,195000,2.6001,2.614,2.6,2.614,1200,0
ASTRW.US,5,20211019,203500,2.6,2.6,2.6,2.6,1300,0
ASTRW.US,5,20211019,210000,2.62,2.63,2.62,2.63,970,0
ASTRW.US,5,20211019,210500,2.61,2.61,2.6,2.6,7265,0
ASTRW.US,5,20211019,212500,2.61,2.62,2.61,2.62,1308,0
ASTRW.US,5,20211019,213500,2.65,2.65,2.65,2.65,500,0
ASTRW.US,5,20211019,214500,2.62,2.62,2.62,2.62,1001,0
ASTRW.US,5,20211019,215500,2.66,2.66,2.655,2.655,700,0
ASTRW.US,5,20211020,153000,2.78,2.78,2.68,2.68,2827,0
ASTRW.US,5,20211020,154000,2.61,2.61,2.6,2.61,1300,0
ASTRW.US,5,20211020,155000,2.55,2.6,2.49,2.5,5898,0
ASTRW.US,5,20211020,155500,2.52,2.555,2.5,2.555,1500,0
ASTRW.US,5,20211020,160000,2.52,2.545,2.48,2.52,2645,0
ASTRW.US,5,20211020,160500,2.51,2.512,2.5,2.5,512,0
ASTRW.US,5,20211020,161000,2.54,2.545,2.54,2.545,6244,0
ASTRW.US,5,20211020,161500,2.545,2.545,2.545,2.545,1700,0
ASTRW.US,5,20211020,162000,2.57,2.57,2.54,2.545,2500,0
ASTRW.US,5,20211020,162500,2.55,2.55,2.525,2.55,1598,0
ASTRW.US,5,20211020,163000,2.545,2.545,2.545,2.545,500,0
ASTRW.US,5,20211020,163500,2.5475,2.57,2.5,2.54,8188,0
ASTRW.US,5,20211020,164000,2.53,2.54,2.53,2.54,200,0
ASTRW.US,5,20211020,165000,2.5499,2.5499,2.52,2.52,1302,0
ASTRW.US,5,20211020,165500,2.55,2.55,2.55,2.55,200,0
ASTRW.US,5,20211020,170000,2.56,2.57,2.5325,2.57,5100,0
ASTRW.US,5,20211020,172000,2.56,2.56,2.55,2.55,1504,0
ASTRW.US,5,20211020,173000,2.55,2.55,2.54,2.55,5671,0
ASTRW.US,5,20211020,174000,2.58,2.58,2.575,2.58,900,0
ASTRW.US,5,20211020,174500,2.585,2.6,2.585,2.6,2000,0
ASTRW.US,5,20211020,175000,2.59,2.59,2.59,2.59,684,0
ASTRW.US,5,20211020,175500,2.6,2.6,2.585,2.6,1215,0
ASTRW.US,5,20211020,180000,2.57,2.57,2.57,2.57,200,0
ASTRW.US,5,20211020,180500,2.6,2.6,2.6,2.6,100,0
ASTRW.US,5,20211020,183500,2.6,2.6,2.55,2.58,1700,0
ASTRW.US,5,20211020,190000,2.6101,2.6101,2.61,2.61,1100,0
ASTRW.US,5,20211020,190500,2.64,2.66,2.62,2.62,2750,0
ASTRW.US,5,20211020,192500,2.585,2.585,2.585,2.585,500,0
ASTRW.US,5,20211020,195500,2.62,2.62,2.62,2.62,250,0
ASTRW.US,5,20211020,205000,2.585,2.585,2.55,2.55,1106,0
ASTRW.US,5,20211020,212000,2.6,2.6,2.6,2.6,500,0
ASTRW.US,5,20211020,212500,2.6,2.6,2.6,2.6,300,0
ASTRW.US,5,20211020,213000,2.6,2.6,2.58,2.595,600,0
ASTRW.US,5,20211020,214000,2.57,2.58,2.57,2.58,300,0
ASTRW.US,5,20211020,214500,2.58,2.6,2.58,2.6,806,0
ASTRW.US,5,20211020,215500,2.59,2.6,2.55,2.6,2512,0
ASTRW.US,5,20211021,153000,2.67,2.67,2.66,2.66,820,0
ASTRW.US,5,20211021,153500,2.7,2.77,2.7,2.71,3707,0
ASTRW.US,5,20211021,154000,2.73,2.7516,2.71,2.71,5113,0
ASTRW.US,5,20211021,154500,2.72,2.7383,2.64,2.73,4915,0
ASTRW.US,5,20211021,155000,2.73,2.77,2.73,2.77,3612,0
ASTRW.US,5,20211021,155500,2.76,2.77,2.75,2.75,603,0
ASTRW.US,5,20211021,160000,2.71,2.71,2.71,2.71,200,0
ASTRW.US,5,20211021,160500,2.7,2.7,2.66,2.66,1000,0
ASTRW.US,5,20211021,161500,2.74,2.77,2.74,2.77,1806,0
ASTRW.US,5,20211021,162000,2.76,2.76,2.76,2.76,100,0
ASTRW.US,5,20211021,163500,2.71,2.71,2.71,2.71,200,0
ASTRW.US,5,20211021,164000,2.7,2.7,2.7,2.7,1041,0
ASTRW.US,5,20211021,170000,2.67,2.67,2.6,2.6065,550,0
ASTRW.US,5,20211021,171500,2.625,2.625,2.625,2.625,1200,0
ASTRW.US,5,20211021,172500,2.6152,2.6152,2.6,2.6,2100,0
ASTRW.US,5,20211021,175000,2.64,2.64,2.64,2.64,500,0
ASTRW.US,5,20211021,175500,2.64,2.64,2.64,2.64,200,0
ASTRW.US,5,20211021,180000,2.6401,2.6401,2.64,2.64,10000,0
ASTRW.US,5,20211021,181500,2.6701,2.6701,2.67,2.67,463,0
ASTRW.US,5,20211021,183500,2.6717,2.6717,2.6717,2.6717,100,0
ASTRW.US,5,20211021,184000,2.7084,2.7084,2.7084,2.7084,100,0
ASTRW.US,5,20211021,185000,2.7099,2.71,2.7099,2.71,400,0
ASTRW.US,5,20211021,190000,2.6902,2.711,2.6902,2.71,1409,0
ASTRW.US,5,20211021,190500,2.71,2.71,2.71,2.71,100,0
ASTRW.US,5,20211021,191500,2.7399,2.7399,2.7399,2.7399,3000,0
ASTRW.US,5,20211021,192000,2.74,2.74,2.74,2.74,366,0
ASTRW.US,5,20211021,193500,2.725,2.725,2.725,2.725,100,0
ASTRW.US,5,20211021,200000,2.71,2.72,2.69,2.72,3500,0
ASTRW.US,5,20211021,205500,2.7333,2.74,2.7333,2.74,940,0
ASTRW.US,5,20211021,211500,2.72,2.72,2.72,2.72,150,0
ASTRW.US,5,20211021,213000,2.7,2.7,2.67,2.67,900,0
ASTRW.US,5,20211021,213500,2.68,2.68,2.68,2.68,2100,0
ASTRW.US,5,20211022,153000,2.79,2.79,2.64,2.64,800,0
ASTRW.US,5,20211022,153500,2.64,2.6557,2.6,2.64,3728,0
ASTRW.US,5,20211022,154000,2.63,2.64,2.58,2.64,2398,0
ASTRW.US,5,20211022,155000,2.59,2.59,2.5601,2.59,746,0
ASTRW.US,5,20211022,160000,2.585,2.585,2.585,2.585,800,0
ASTRW.US,5,20211022,160500,2.59,2.61,2.59,2.61,1100,0
ASTRW.US,5,20211022,161000,2.61,2.61,2.61,2.61,900,0
ASTRW.US,5,20211022,161500,2.66,2.66,2.66,2.66,200,0
ASTRW.US,5,20211022,162000,2.66,2.66,2.66,2.66,100,0
ASTRW.US,5,20211022,162500,2.7099,2.7099,2.68,2.6807,701,0
ASTRW.US,5,20211022,164500,2.64,2.64,2.58,2.64,2186,0
ASTRW.US,5,20211022,165000,2.66,2.66,2.66,2.66,100,0
ASTRW.US,5,20211022,170500,2.65,2.65,2.65,2.65,202,0
ASTRW.US,5,20211022,171000,2.66,2.67,2.66,2.67,1000,0
ASTRW.US,5,20211022,171500,2.66,2.66,2.65,2.65,800,0
ASTRW.US,5,20211022,172000,2.64,2.64,2.64,2.64,379,0
ASTRW.US,5,20211022,173500,2.61,2.61,2.61,2.61,100,0
ASTRW.US,5,20211022,174000,2.59,2.59,2.59,2.59,100,0
ASTRW.US,5,20211022,174500,2.59,2.59,2.59,2.59,770,0
ASTRW.US,5,20211022,175000,2.58,2.58,2.58,2.58,1000,0
ASTRW.US,5,20211022,175500,2.59,2.59,2.58,2.58,514,0
ASTRW.US,5,20211022,184000,2.62,2.62,2.62,2.62,200,0
ASTRW.US,5,20211022,191500,2.6599,2.6599,2.65,2.65,383,0
ASTRW.US,5,20211022,194000,2.63,2.65,2.63,2.65,1100,0
ASTRW.US,5,20211022,194500,2.66,2.66,2.65,2.65,2429,0
ASTRW.US,5,20211022,202500,2.65,2.65,2.65,2.65,1615,0
ASTRW.US,5,20211022,203000,2.65,2.65,2.65,2.65,202,0
ASTRW.US,5,20211022,205000,2.64,2.64,2.64,2.64,100,0
ASTRW.US,5,20211022,211500,2.69,2.69,2.69,2.69,200,0
ASTRW.US,5,20211022,212000,2.69,2.69,2.69,2.69,640,0
ASTRW.US,5,20211022,213000,2.685,2.685,2.685,2.685,101,0
ASTRW.US,5,20211025,153000,2.68,2.8,2.68,2.8,613,0
ASTRW.US,5,20211025,154000,2.7299,2.7299,2.7299,2.7299,100,0
ASTRW.US,5,20211025,155000,2.7301,2.7301,2.7301,2.7301,103,0
ASTRW.US,5,20211025,155500,2.76,2.76,2.76,2.76,100,0
ASTRW.US,5,20211025,160500,2.77,2.8,2.77,2.8,6205,0
ASTRW.US,5,20211025,161500,2.76,2.76,2.76,2.76,200,0
ASTRW.US,5,20211025,162000,2.73,2.77,2.73,2.7369,1772,0
ASTRW.US,5,20211025,163000,2.74,2.74,2.74,2.74,100,0
ASTRW.US,5,20211025,165000,2.75,2.7502,2.73,2.73,4073,0
ASTRW.US,5,20211025,170000,2.77,2.82,2.77,2.82,5953,0
ASTRW.US,5,20211025,170500,2.79,2.7922,2.79,2.79,1753,0
ASTRW.US,5,20211025,172000,2.79,2.79,2.79,2.79,100,0
ASTRW.US,5,20211025,172500,2.79,2.79,2.79,2.79,500,0
ASTRW.US,5,20211025,174000,2.74,2.75,2.74,2.74,1512,0
ASTRW.US,5,20211025,174500,2.74,2.74,2.72,2.72,1248,0
ASTRW.US,5,20211025,175000,2.72,2.72,2.72,2.72,100,0
ASTRW.US,5,20211025,175500,2.71,2.71,2.71,2.71,500,0
ASTRW.US,5,20211025,180000,2.7057,2.7057,2.7057,2.7057,3290,0
ASTRW.US,5,20211025,180500,2.73,2.73,2.73,2.73,200,0
ASTRW.US,5,20211025,181500,2.71,2.71,2.71,2.71,1000,0
ASTRW.US,5,20211025,182500,2.71,2.73,2.71,2.73,653,0
ASTRW.US,5,20211025,191500,2.78,2.79,2.78,2.78,1000,0
ASTRW.US,5,20211025,192000,2.76,2.76,2.76,2.76,200,0
ASTRW.US,5,20211025,192500,2.78,2.78,2.78,2.78,630,0
ASTRW.US,5,20211025,193000,2.78,2.7802,2.78,2.7802,5727,0
ASTRW.US,5,20211025,195500,2.755,2.755,2.755,2.755,500,0
ASTRW.US,5,20211025,200000,2.73,2.73,2.73,2.73,130,0
ASTRW.US,5,20211025,200500,2.79,2.8,2.79,2.8,2027,0
ASTRW.US,5,20211025,201000,2.845,2.8481,2.845,2.8481,3202,0
ASTRW.US,5,20211025,201500,2.805,2.805,2.805,2.805,201,0
ASTRW.US,5,20211025,203500,2.83,2.8301,2.83,2.8301,10300,0
ASTRW.US,5,20211025,204000,2.85,2.86,2.8465,2.86,1300,0
ASTRW.US,5,20211025,204500,2.8301,2.8305,2.83,2.83,9377,0
ASTRW.US,5,20211025,210000,2.8055,2.8055,2.8055,2.8055,500,0
ASTRW.US,5,20211025,211000,2.83,2.83,2.823,2.823,500,0
ASTRW.US,5,20211025,213500,2.79,2.79,2.79,2.79,3170,0
ASTRW.US,5,20211025,215500,2.8,2.8111,2.8,2.81,603,0
ASTRW.US,5,20211026,153000,2.9,2.99,2.82,2.85,32835,0
ASTRW.US,5,20211026,153500,2.865,2.87,2.855,2.87,7445,0
ASTRW.US,5,20211026,154000,2.845,2.845,2.8,2.8,2954,0
ASTRW.US,5,20211026,154500,2.81,2.81,2.81,2.81,500,0
ASTRW.US,5,20211026,155000,2.8,2.81,2.8,2.81,2643,0
ASTRW.US,5,20211026,155500,2.8,2.8,2.8,2.8,4906,0
ASTRW.US,5,20211026,160000,2.83,2.83,2.83,2.83,3297,0
ASTRW.US,5,20211026,160500,2.83,2.8301,2.802,2.83,13834,0
ASTRW.US,5,20211026,161000,2.85,2.86,2.85,2.85,1918,0
ASTRW.US,5,20211026,161500,2.86,2.8602,2.83,2.84,10548,0
ASTRW.US,5,20211026,162000,2.86,2.86,2.86,2.86,1403,0
ASTRW.US,5,20211026,162500,2.8599,2.8599,2.8599,2.8599,1000,0
ASTRW.US,5,20211026,163000,2.84,2.845,2.83,2.83,2300,0
ASTRW.US,5,20211026,163500,2.845,2.845,2.83,2.83,4762,0
ASTRW.US,5,20211026,165000,2.83,2.85,2.83,2.85,4128,0
ASTRW.US,5,20211026,165500,2.85,2.85,2.85,2.85,17812,0
ASTRW.US,5,20211026,170000,2.85,2.85,2.85,2.85,17294,0
ASTRW.US,5,20211026,170500,2.83,2.83,2.83,2.83,2000,0
ASTRW.US,5,20211026,171000,2.8271,2.8271,2.81,2.81,3200,0
ASTRW.US,5,20211026,171500,2.84,2.86,2.84,2.85,1010,0
ASTRW.US,5,20211026,175000,2.85,2.86,2.81,2.86,1650,0
ASTRW.US,5,20211026,175500,2.86,2.87,2.86,2.87,3403,0
ASTRW.US,5,20211026,180500,2.8,2.8,2.8,2.8,160,0
ASTRW.US,5,20211026,181000,2.8,2.8,2.8,2.8,400,0
ASTRW.US,5,20211026,182500,2.78,2.79,2.73,2.73,1100,0
ASTRW.US,5,20211026,184000,2.73,2.73,2.73,2.73,1200,0
ASTRW.US,5,20211026,190000,2.73,2.73,2.73,2.73,360,0
ASTRW.US,5,20211026,191500,2.71,2.71,2.7,2.7,2100,0
ASTRW.US,5,20211026,193000,2.6901,2.7,2.69,2.69,4254,0
ASTRW.US,5,20211026,193500,2.6916,2.6916,2.6916,2.6916,2000,0
ASTRW.US,5,20211026,194500,2.71,2.71,2.71,2.71,2495,0
ASTRW.US,5,20211026,210500,2.71,2.75,2.71,2.75,24839,0
ASTRW.US,5,20211026,211000,2.735,2.735,2.735,2.735,200,0
ASTRW.US,5,20211026,212000,2.75,2.75,2.75,2.75,600,0
ASTRW.US,5,20211026,212500,2.75,2.75,2.75,2.75,13200,0
ASTRW.US,5,20211026,213000,2.75,2.75,2.75,2.75,6000,0
ASTRW.US,5,20211026,213500,2.75,2.75,2.75,2.75,5700,0
ASTRW.US,5,20211026,214000,2.74,2.74,2.74,2.74,3500,0
ASTRW.US,5,20211026,215000,2.75,2.76,2.73,2.76,51065,0
ASTRW.US,5,20211026,215500,2.76,2.83,2.76,2.83,21103,0
ASTRW.US,5,20211027,153000,2.96,2.96,2.69,2.69,3646,0
ASTRW.US,5,20211027,153500,2.64,2.64,2.64,2.64,297,0
ASTRW.US,5,20211027,154000,2.59,2.66,2.58,2.66,2796,0
ASTRW.US,5,20211027,154500,2.61,2.61,2.58,2.61,1100,0
ASTRW.US,5,20211027,155000,2.57,2.57,2.55,2.55,1100,0
ASTRW.US,5,20211027,155500,2.58,2.61,2.545,2.58,12297,0
ASTRW.US,5,20211027,160000,2.61,2.61,2.57,2.57,3777,0
ASTRW.US,5,20211027,160500,2.58,2.58,2.565,2.57,8258,0
ASTRW.US,5,20211027,161000,2.57,2.57,2.535,2.56,4650,0
ASTRW.US,5,20211027,161500,2.56,2.57,2.56,2.57,9628,0
ASTRW.US,5,20211027,162000,2.57,2.57,2.57,2.57,200,0
ASTRW.US,5,20211027,162500,2.585,2.59,2.585,2.59,2200,0
ASTRW.US,5,20211027,163000,2.57,2.57,2.57,2.57,300,0
ASTRW.US,5,20211027,163500,2.57,2.59,2.57,2.59,9136,0
ASTRW.US,5,20211027,164000,2.59,2.59,2.59,2.59,100,0
ASTRW.US,5,20211027,170500,2.61,2.65,2.61,2.65,2500,0
ASTRW.US,5,20211027,174000,2.61,2.61,2.61,2.61,5000,0
ASTRW.US,5,20211027,175000,2.6,2.6,2.6,2.6,560,0
ASTRW.US,5,20211027,175500,2.58,2.5801,2.58,2.5801,1200,0
ASTRW.US,5,20211027,182500,2.65,2.65,2.65,2.65,100,0
ASTRW.US,5,20211027,185500,2.615,2.615,2.58,2.5802,1761,0
ASTRW.US,5,20211027,190000,2.58,2.61,2.57,2.57,3905,0
ASTRW.US,5,20211027,191500,2.64,2.65,2.64,2.65,1830,0
ASTRW.US,5,20211027,192000,2.65,2.68,2.65,2.68,2866,0
ASTRW.US,5,20211027,194500,2.6799,2.6799,2.6799,2.6799,952,0
ASTRW.US,5,20211027,195500,2.68,2.69,2.68,2.69,2889,0
ASTRW.US,5,20211027,203000,2.6604,2.6604,2.6604,2.6604,250,0
ASTRW.US,5,20211027,205000,2.69,2.69,2.69,2.69,100,0
ASTRW.US,5,20211027,205500,2.72,2.74,2.72,2.72,2219,0
ASTRW.US,5,20211027,210500,2.66,2.66,2.66,2.66,404,0
ASTRW.US,5,20211027,211000,2.68,2.68,2.59,2.59,1100,0
ASTRW.US,5,20211027,212500,2.66,2.66,2.66,2.66,100,0
ASTRW.US,5,20211028,153000,2.68,2.75,2.68,2.71,3531,0
ASTRW.US,5,20211028,153500,2.7,2.7,2.7,2.7,775,0
ASTRW.US,5,20211028,154500,2.7,2.7,2.7,2.7,100,0
ASTRW.US,5,20211028,155500,2.76,2.76,2.75,2.75,1728,0
ASTRW.US,5,20211028,160000,2.75,2.75,2.75,2.75,407,0
ASTRW.US,5,20211028,160500,2.75,2.76,2.74,2.75,1624,0
ASTRW.US,5,20211028,162000,2.775,2.775,2.775,2.775,200,0
ASTRW.US,5,20211028,163000,2.79,2.79,2.79,2.79,1000,0
ASTRW.US,5,20211028,163500,2.79,2.79,2.79,2.79,500,0
ASTRW.US,5,20211028,164500,2.7603,2.7603,2.7603,2.7603,1500,0
ASTRW.US,5,20211028,165000,2.79,2.79,2.79,2.79,1438,0
ASTRW.US,5,20211028,170000,2.7799,2.7799,2.7799,2.7799,500,0
ASTRW.US,5,20211028,170500,2.78,2.79,2.78,2.79,1268,0
ASTRW.US,5,20211028,171000,2.81,2.81,2.81,2.81,281,0
ASTRW.US,5,20211028,171500,2.81,2.81,2.81,2.81,157,0
ASTRW.US,5,20211028,173000,2.83,2.86,2.83,2.85,1145,0
ASTRW.US,5,20211028,173500,2.85,2.85,2.85,2.85,606,0
ASTRW.US,5,20211028,174000,2.82,2.82,2.82,2.82,394,0
ASTRW.US,5,20211028,174500,2.805,2.805,2.805,2.805,500,0
ASTRW.US,5,20211028,181000,2.7999,2.7999,2.7999,2.7999,100,0
ASTRW.US,5,20211028,181500,2.785,2.785,2.785,2.785,357,0
ASTRW.US,5,20211028,183000,2.77,2.77,2.75,2.75,1000,0
ASTRW.US,5,20211028,184500,2.79,2.7905,2.79,2.7905,1300,0
ASTRW.US,5,20211028,185000,2.8,2.81,2.8,2.81,2917,0
ASTRW.US,5,20211028,185500,2.81,2.81,2.81,2.81,2221,0
ASTRW.US,5,20211028,190000,2.81,2.82,2.81,2.82,1916,0
ASTRW.US,5,20211028,195000,2.8,2.8,2.8,2.8,300,0
ASTRW.US,5,20211028,204500,2.8,2.8,2.8,2.8,1634,0
ASTRW.US,5,20211028,212500,2.77,2.77,2.77,2.77,100,0
ASTRW.US,5,20211028,213000,2.76,2.76,2.76,2.76,3987,0
ASTRW.US,5,20211028,213500,2.76,2.76,2.76,2.76,300,0
ASTRW.US,5,20211028,215500,2.79,2.8,2.73,2.73,2255,0
ASTRW.US,5,20211029,153000,2.66,2.93,2.66,2.91,1732,0
ASTRW.US,5,20211029,153500,2.91,2.91,2.84,2.88,12063,0
ASTRW.US,5,20211029,154000,2.87,2.87,2.85,2.86,3886,0
ASTRW.US,5,20211029,154500,2.79,2.79,2.79,2.79,100,0
ASTRW.US,5,20211029,161500,2.81,2.81,2.81,2.81,199,0
ASTRW.US,5,20211029,164000,2.84,2.84,2.84,2.84,127,0
ASTRW.US,5,20211029,165000,2.83,2.83,2.83,2.83,1818,0
ASTRW.US,5,20211029,172000,2.8045,2.8045,2.8,2.8045,371,0
ASTRW.US,5,20211029,175500,2.78,2.78,2.78,2.78,100,0
ASTRW.US,5,20211029,180000,2.7711,2.7711,2.7711,2.7711,500,0
ASTRW.US,5,20211029,182000,2.77,2.79,2.75,2.79,902,0
ASTRW.US,5,20211029,182500,2.79,2.79,2.79,2.79,200,0
ASTRW.US,5,20211029,184000,2.82,2.83,2.82,2.83,604,0
ASTRW.US,5,20211029,184500,2.83,2.83,2.83,2.83,1086,0
ASTRW.US,5,20211029,185500,2.83,2.83,2.83,2.83,100,0
ASTRW.US,5,20211029,190000,2.8699,2.8699,2.8699,2.8699,100,0
ASTRW.US,5,20211029,190500,2.85,2.85,2.85,2.85,500,0
ASTRW.US,5,20211029,191500,2.8899,2.9,2.8899,2.9,2790,0
ASTRW.US,5,20211029,192000,2.875,2.875,2.87,2.87,620,0
ASTRW.US,5,20211029,192500,2.86,2.86,2.8,2.8,239,0
ASTRW.US,5,20211029,194500,2.82,2.82,2.81,2.82,928,0
ASTRW.US,5,20211029,195000,2.82,2.82,2.82,2.82,4130,0
ASTRW.US,5,20211029,200500,2.83,2.83,2.83,2.83,1000,0
ASTRW.US,5,20211029,201000,2.83,2.83,2.83,2.83,1616,0
ASTRW.US,5,20211029,210500,2.83,2.83,2.83,2.83,120,0
ASTRW.US,5,20211029,212000,2.7901,2.7901,2.7901,2.7901,100,0
ASTRW.US,5,20211029,212500,2.81,2.81,2.81,2.81,300,0
ASTRW.US,5,20211029,213000,2.815,2.815,2.815,2.815,200,0
ASTRW.US,5,20211029,213500,2.8107,2.8217,2.8107,2.8117,602,0
ASTRW.US,5,20211029,214500,2.81,2.81,2.79,2.8,3102,0
ASTRW.US,5,20211029,215000,2.83,2.83,2.83,2.83,1090,0
ASTRW.US,5,20211029,215500,2.82,2.83,2.81,2.83,3714,0
ASTRW.US,5,20211101,143000,2.91,2.98,2.85,2.87,4770,0
ASTRW.US,5,20211101,143500,2.87,2.87,2.86,2.86,300,0
ASTRW.US,5,20211101,144000,2.87,2.87,2.87,2.87,100,0
ASTRW.US,5,20211101,144500,2.83,2.83,2.83,2.83,133,0
ASTRW.US,5,20211101,145000,2.82,2.8366,2.78,2.78,716,0
ASTRW.US,5,20211101,151000,2.85,2.85,2.84,2.85,300,0
ASTRW.US,5,20211101,151500,2.83,2.8304,2.83,2.8304,908,0
ASTRW.US,5,20211101,152000,2.86,2.88,2.86,2.88,300,0
ASTRW.US,5,20211101,152500,2.88,2.88,2.88,2.88,116,0
ASTRW.US,5,20211101,153000,2.85,2.86,2.81,2.86,2215,0
ASTRW.US,5,20211101,153500,2.8501,2.8536,2.85,2.8536,988,0
ASTRW.US,5,20211101,154500,2.86,2.86,2.86,2.86,808,0
ASTRW.US,5,20211101,155000,2.86,2.86,2.84,2.84,2521,0
ASTRW.US,5,20211101,160000,2.86,2.86,2.85,2.86,2725,0
ASTRW.US,5,20211101,161000,2.8799,2.88,2.8799,2.88,3672,0
ASTRW.US,5,20211101,162500,2.88,2.89,2.88,2.89,2824,0
ASTRW.US,5,20211101,163000,2.91,2.91,2.89,2.89,2209,0
ASTRW.US,5,20211101,163500,2.89,2.89,2.89,2.89,2590,0
ASTRW.US,5,20211101,164000,2.91,2.91,2.905,2.91,4115,0
ASTRW.US,5,20211101,165000,2.87,2.87,2.87,2.87,500,0
ASTRW.US,5,20211101,165500,2.86,2.8667,2.86,2.86,602,0
ASTRW.US,5,20211101,170000,2.86,2.86,2.86,2.86,2479,0
ASTRW.US,5,20211101,170500,2.86,2.8667,2.86,2.8667,688,0
ASTRW.US,5,20211101,172000,2.8471,2.8471,2.84,2.84,1800,0
ASTRW.US,5,20211101,180000,2.86,2.88,2.86,2.88,1000,0
ASTRW.US,5,20211101,185500,2.84,2.84,2.84,2.84,100,0
ASTRW.US,5,20211101,191000,2.85,2.85,2.85,2.85,100,0
ASTRW.US,5,20211101,191500,2.85,2.85,2.85,2.85,400,0
ASTRW.US,5,20211101,195500,2.86,2.86,2.86,2.86,3554,0
ASTRW.US,5,20211101,200500,2.86,2.86,2.85,2.86,656,0
ASTRW.US,5,20211101,201000,2.86,2.86,2.86,2.86,350,0
ASTRW.US,5,20211101,201500,2.86,2.86,2.86,2.86,401,0
ASTRW.US,5,20211101,202000,2.86,2.86,2.86,2.86,144,0
ASTRW.US,5,20211101,204000,2.87,2.87,2.87,2.87,200,0
ASTRW.US,5,20211101,204500,2.88,2.89,2.88,2.89,604,0
ASTRW.US,5,20211101,205000,2.9,2.9,2.9,2.9,100,0
ASTRW.US,5,20211101,205500,2.91,2.91,2.9,2.9,406,0
ASTRW.US,5,20211102,143000,2.9,2.98,2.9,2.95,13530,0
ASTRW.US,5,20211102,143500,2.94,2.97,2.9,2.91,9180,0
ASTRW.US,5,20211102,144000,2.9,2.91,2.9,2.91,1647,0
ASTRW.US,5,20211102,144500,2.91,2.93,2.91,2.92,3040,0
ASTRW.US,5,20211102,145000,2.92,2.97,2.92,2.97,6244,0
ASTRW.US,5,20211102,145500,2.96,2.98,2.95,2.98,1564,0
ASTRW.US,5,20211102,150000,2.99,3.02,2.99,3,3607,0
ASTRW.US,5,20211102,150500,3,3,3,3,700,0
ASTRW.US,5,20211102,152500,2.95,2.95,2.95,2.95,1545,0
ASTRW.US,5,20211102,153500,2.9499,2.95,2.9499,2.95,300,0
ASTRW.US,5,20211102,154000,2.915,2.915,2.915,2.915,179,0
ASTRW.US,5,20211102,154500,2.9499,2.9499,2.9499,2.9499,1694,0
ASTRW.US,5,20211102,155500,2.92,2.92,2.92,2.92,500,0
ASTRW.US,5,20211102,161500,2.9404,2.9404,2.9404,2.9404,100,0
ASTRW.US,5,20211102,162500,2.94,2.9403,2.94,2.9403,2000,0
ASTRW.US,5,20211102,163000,2.92,2.92,2.92,2.92,100,0
ASTRW.US,5,20211102,163500,2.94,2.94,2.94,2.94,3608,0
ASTRW.US,5,20211102,164000,2.94,2.94,2.94,2.94,400,0
ASTRW.US,5,20211102,164500,2.94,2.94,2.94,2.94,892,0
ASTRW.US,5,20211102,165500,2.93,2.94,2.93,2.94,200,0
ASTRW.US,5,20211102,171500,2.93,2.93,2.93,2.93,100,0
ASTRW.US,5,20211102,174000,2.93,2.93,2.93,2.93,100,0
ASTRW.US,5,20211102,175000,2.94,2.95,2.94,2.95,800,0
ASTRW.US,5,20211102,175500,2.936,2.936,2.93,2.93,10925,0
ASTRW.US,5,20211102,180000,2.87,2.87,2.87,2.87,100,0
ASTRW.US,5,20211102,191500,2.87,2.87,2.85,2.85,2800,0
ASTRW.US,5,20211102,194000,2.85,2.85,2.85,2.85,1999,0
ASTRW.US,5,20211102,195000,2.9,2.9,2.9,2.9,1034,0
ASTRW.US,5,20211102,201000,2.9,2.9,2.9,2.9,200,0
ASTRW.US,5,20211102,201500,2.9,2.9,2.9,2.9,100,0
ASTRW.US,5,20211102,203500,2.89,2.89,2.89,2.89,100,0
ASTRW.US,5,20211102,204000,2.9,2.93,2.9,2.93,1060,0
ASTRW.US,5,20211102,205000,2.905,2.905,2.88,2.88,7524,0
ASTRW.US,5,20211102,205500,2.88,2.88,2.88,2.88,100,0
ASTRW.US,5,20211103,143500,2.9,2.9,2.9,2.9,400,0
ASTRW.US,5,20211103,150000,2.86,2.86,2.86,2.86,200,0
ASTRW.US,5,20211103,151000,2.87,2.87,2.87,2.87,1732,0
ASTRW.US,5,20211103,155500,2.9,2.9,2.9,2.9,128,0
ASTRW.US,5,20211103,160500,2.92,2.92,2.92,2.92,1000,0
ASTRW.US,5,20211103,162500,2.9699,2.9699,2.9699,2.9699,100,0
ASTRW.US,5,20211103,172500,2.95,2.95,2.9499,2.9499,2000,0
ASTRW.US,5,20211103,173000,2.95,2.95,2.95,2.95,2031,0
ASTRW.US,5,20211103,180000,2.94,2.94,2.94,2.94,1500,0
ASTRW.US,5,20211103,180500,2.94,2.94,2.94,2.94,967,0
ASTRW.US,5,20211103,181000,2.925,2.93,2.92,2.93,1431,0
ASTRW.US,5,20211103,182000,2.93,2.95,2.93,2.94,3800,0
ASTRW.US,5,20211103,183500,2.94,2.94,2.94,2.94,200,0
ASTRW.US,5,20211103,184500,2.93,2.94,2.93,2.93,7100,0
ASTRW.US,5,20211103,202000,2.94,2.94,2.94,2.94,300,0
ASTRW.US,5,20211103,203000,2.94,2.94,2.94,2.94,499,0
ASTRW.US,5,20211103,205000,2.88,2.88,2.88,2.88,100,0
ASTRW.US,5,20211103,205500,2.94,2.95,2.94,2.95,1000,0
ASTRW.US,5,20211104,143000,2.86,2.95,2.86,2.95,336,0
ASTRW.US,5,20211104,145000,2.86,2.895,2.86,2.895,306,0
ASTRW.US,5,20211104,145500,2.86,2.86,2.85,2.85,786,0
ASTRW.US,5,20211104,150000,2.87,2.87,2.87,2.87,100,0
ASTRW.US,5,20211104,151000,2.88,2.96,2.86,2.87,8841,0
ASTRW.US,5,20211104,151500,2.87,2.87,2.87,2.87,200,0
ASTRW.US,5,20211104,152000,2.865,2.865,2.865,2.865,550,0
ASTRW.US,5,20211104,153000,2.87,2.87,2.867,2.867,3417,0
ASTRW.US,5,20211104,155500,2.8987,2.91,2.8987,2.8987,698,0
ASTRW.US,5,20211104,161500,2.86,2.86,2.835,2.835,4497,0
ASTRW.US,5,20211104,162500,2.82,2.82,2.8,2.8,500,0
ASTRW.US,5,20211104,163000,2.8,2.8,2.75,2.75,1320,0
ASTRW.US,5,20211104,164000,2.78,2.78,2.78,2.78,1960,0
ASTRW.US,5,20211104,164500,2.78,2.78,2.78,2.78,100,0
ASTRW.US,5,20211104,165000,2.76,2.76,2.76,2.76,200,0
ASTRW.US,5,20211104,171000,2.8999,2.8999,2.8999,2.8999,101,0
ASTRW.US,5,20211104,172500,2.85,2.85,2.85,2.85,500,0
ASTRW.US,5,20211104,174000,2.91,2.91,2.85,2.85,4436,0
ASTRW.US,5,20211104,175500,2.85,2.85,2.85,2.85,100,0
ASTRW.US,5,20211104,180500,2.84,2.85,2.83,2.834,3950,0
ASTRW.US,5,20211104,191500,2.87,2.87,2.87,2.87,3900,0
ASTRW.US,5,20211104,192500,2.87,2.87,2.87,2.87,400,0
ASTRW.US,5,20211104,193500,2.87,2.87,2.87,2.87,200,0
ASTRW.US,5,20211104,195000,2.8774,2.8774,2.8774,2.8774,3095,0
ASTRW.US,5,20211104,201000,2.8702,2.8702,2.87,2.87,1496,0
ASTRW.US,5,20211104,201500,2.87,2.87,2.83,2.84,6152,0
ASTRW.US,5,20211104,203000,2.87,2.91,2.8575,2.8575,1400,0
ASTRW.US,5,20211104,203500,2.9,2.9,2.8825,2.8825,200,0
ASTRW.US,5,20211104,204000,2.81,2.81,2.81,2.81,1000,0
ASTRW.US,5,20211104,205000,2.8999,2.8999,2.8999,2.8999,150,0
ASTRW.US,5,20211105,143000,2.8,2.88,2.8,2.88,900,0
ASTRW.US,5,20211105,144500,2.85,2.851,2.85,2.8503,1000,0
ASTRW.US,5,20211105,145000,2.8601,2.885,2.8601,2.885,500,0
ASTRW.US,5,20211105,150000,2.88,2.91,2.88,2.91,7513,0
ASTRW.US,5,20211105,150500,3.0199,3.0199,2.91,2.91,2297,0
ASTRW.US,5,20211105,151500,2.95,2.97,2.95,2.9695,2200,0
ASTRW.US,5,20211105,152500,2.95,2.96,2.95,2.96,3600,0
ASTRW.US,5,20211105,154500,2.95,2.97,2.94,2.97,8726,0
ASTRW.US,5,20211105,155500,2.97,2.97,2.92,2.92,400,0
ASTRW.US,5,20211105,161000,2.96,2.96,2.96,2.96,345,0
ASTRW.US,5,20211105,163500,2.91,2.9175,2.87,2.9175,1200,0
ASTRW.US,5,20211105,165500,2.89,2.89,2.89,2.89,520,0
ASTRW.US,5,20211105,170500,2.9591,2.9591,2.9591,2.9591,700,0
ASTRW.US,5,20211105,172000,2.9,2.9,2.9,2.9,105,0
ASTRW.US,5,20211105,173000,2.88,2.88,2.87,2.87,500,0
ASTRW.US,5,20211105,174500,2.87,2.9,2.87,2.9,1950,0
ASTRW.US,5,20211105,175000,2.877,2.877,2.8509,2.8509,3600,0
ASTRW.US,5,20211105,175500,2.89,2.89,2.89,2.89,350,0
ASTRW.US,5,20211105,180500,2.88,2.88,2.85,2.85,1490,0
ASTRW.US,5,20211105,181000,2.87,2.87,2.87,2.87,550,0
ASTRW.US,5,20211105,181500,2.87,2.87,2.83,2.83,1420,0
ASTRW.US,5,20211105,182000,2.84,2.85,2.835,2.85,848,0
ASTRW.US,5,20211105,183000,2.83,2.86,2.83,2.8465,2952,0
ASTRW.US,5,20211105,184500,2.86,2.8622,2.832,2.832,1884,0
ASTRW.US,5,20211105,185500,2.85,2.85,2.85,2.85,3100,0
ASTRW.US,5,20211105,190000,2.85,2.9,2.85,2.9,8416,0
ASTRW.US,5,20211105,190500,2.9,2.906,2.9,2.9,6246,0
ASTRW.US,5,20211105,192000,2.9,2.9,2.9,2.9,100,0
ASTRW.US,5,20211105,194000,2.89,2.9,2.89,2.8999,7098,0
ASTRW.US,5,20211105,200000,2.94,2.97,2.94,2.97,400,0
ASTRW.US,5,20211105,200500,2.98,2.98,2.98,2.98,2354,0
ASTRW.US,5,20211105,201500,2.94,3,2.94,3,21600,0
ASTRW.US,5,20211105,202500,2.935,2.9444,2.935,2.9444,1200,0
ASTRW.US,5,20211105,203500,2.935,2.935,2.935,2.935,500,0
ASTRW.US,5,20211105,205000,2.96,2.96,2.925,2.925,1310,0
ASTRW.US,5,20211105,205500,2.9594,2.9594,2.8,2.8,3635,0
ASTRW.US,5,20211108,153000,3.01,3.02,2.95,2.95,6709,0
ASTRW.US,5,20211108,153500,2.95,2.95,2.95,2.95,500,0
ASTRW.US,5,20211108,154500,2.9201,2.9201,2.9201,2.9201,5000,0
ASTRW.US,5,20211108,155500,3,3.02,2.96,2.96,14948,0
ASTRW.US,5,20211108,160000,3.01,3.01,3,3,4500,0
ASTRW.US,5,20211108,161000,2.96,2.96,2.96,2.96,100,0
ASTRW.US,5,20211108,161500,2.92,2.92,2.92,2.92,800,0
ASTRW.US,5,20211108,162000,3,3,3,3,900,0
ASTRW.US,5,20211108,162500,2.975,2.975,2.95,2.95,200,0
ASTRW.US,5,20211108,165000,2.975,2.975,2.94,2.97,7249,0
ASTRW.US,5,20211108,165500,2.94,2.94,2.94,2.94,300,0
ASTRW.US,5,20211108,170000,2.935,2.94,2.935,2.94,4804,0
ASTRW.US,5,20211108,170500,2.94,2.94,2.94,2.94,100,0
ASTRW.US,5,20211108,171500,2.94,2.94,2.94,2.94,100,0
ASTRW.US,5,20211108,172500,2.935,2.94,2.935,2.94,400,0
ASTRW.US,5,20211108,173000,2.93,2.93,2.93,2.93,500,0
ASTRW.US,5,20211108,173500,2.935,2.935,2.935,2.935,200,0
ASTRW.US,5,20211108,174000,2.94,2.94,2.94,2.94,100,0
ASTRW.US,5,20211108,174500,2.94,2.96,2.94,2.95,2429,0
ASTRW.US,5,20211108,180000,2.9501,2.97,2.93,2.93,1284,0
ASTRW.US,5,20211108,180500,2.93,2.93,2.93,2.93,2047,0
ASTRW.US,5,20211108,181500,2.881,2.881,2.881,2.881,200,0
ASTRW.US,5,20211108,183000,2.9499,2.95,2.9499,2.95,200,0
ASTRW.US,5,20211108,183500,2.91,2.91,2.91,2.91,434,0
ASTRW.US,5,20211108,190000,2.95,3.02,2.92,2.9618,13749,0
ASTRW.US,5,20211108,191500,2.96,3,2.96,2.995,10777,0
ASTRW.US,5,20211108,192500,3.01,3.01,3.01,3.01,1386,0
ASTRW.US,5,20211108,193500,3.01,3.02,2.98,2.98,5739,0
ASTRW.US,5,20211108,194000,2.99,2.994,2.98,2.98,8863,0
ASTRW.US,5,20211108,194500,2.98,3,2.98,3,6883,0
ASTRW.US,5,20211108,195000,2.94,2.94,2.94,2.94,300,0
ASTRW.US,5,20211108,195500,3,3,3,3,9661,0
ASTRW.US,5,20211108,200000,2.9999,3,2.9999,3,200,0
ASTRW.US,5,20211108,200500,3,3,3,3,3100,0
ASTRW.US,5,20211108,202000,2.97,2.9899,2.94,2.9899,10809,0
ASTRW.US,5,20211108,203500,2.96,2.96,2.94,2.9401,4677,0
ASTRW.US,5,20211108,204000,2.97,2.97,2.93,2.931,15191,0
ASTRW.US,5,20211108,204500,2.93,2.93,2.93,2.93,10936,0
ASTRW.US,5,20211108,211000,2.97,2.97,2.95,2.9545,6719,0
ASTRW.US,5,20211108,212000,2.96,2.96,2.96,2.96,400,0
ASTRW.US,5,20211108,214500,2.96,2.965,2.96,2.96,4212,0
ASTRW.US,5,20211108,215000,2.99,3.03,2.99,3.03,7000,0
ASTRW.US,5,20211108,215500,3.02,3.1,3.02,3.03,2984,0
ASTRW.US,5,20211109,153000,2.92,3.03,2.92,2.95,2596,0
ASTRW.US,5,20211109,154500,2.9,2.945,2.875,2.875,8720,0
ASTRW.US,5,20211109,155500,2.845,2.86,2.845,2.86,600,0
ASTRW.US,5,20211109,161000,2.95,2.95,2.91,2.91,1000,0
ASTRW.US,5,20211109,161500,2.9325,2.95,2.86,2.915,7998,0
ASTRW.US,5,20211109,162000,2.94,2.95,2.94,2.95,1900,0
ASTRW.US,5,20211109,162500,3,3,3,3,500,0
ASTRW.US,5,20211109,163000,3.03,3.05,3.03,3.038,5700,0
ASTRW.US,5,20211109,164000,3.07,3.08,3.07,3.08,300,0
ASTRW.US,5,20211109,164500,3.045,3.1,3.02,3.1,6096,0
ASTRW.US,5,20211109,165500,3.12,3.14,3.12,3.14,1800,0
ASTRW.US,5,20211109,170500,3.1399,3.15,3.1399,3.15,869,0
ASTRW.US,5,20211109,172000,3.16,3.2,3.155,3.155,7158,0
ASTRW.US,5,20211109,173000,3.1101,3.1101,3.1101,3.1101,500,0
ASTRW.US,5,20211109,173500,3.19,3.2,3.19,3.2,1100,0
ASTRW.US,5,20211109,174000,3.15,3.26,3.15,3.25,10590,0
ASTRW.US,5,20211109,174500,3.255,3.255,3.25,3.25,6700,0
ASTRW.US,5,20211109,175000,3.25,3.25,3.25,3.25,500,0
ASTRW.US,5,20211109,175500,3.26,3.28,3.26,3.28,3063,0
ASTRW.US,5,20211109,180000,3.27,3.27,3.25,3.25,500,0
ASTRW.US,5,20211109,180500,3.25,3.25,3.25,3.25,14900,0
ASTRW.US,5,20211109,183000,3.21,3.21,3.21,3.21,700,0
ASTRW.US,5,20211109,183500,3.2,3.215,3.2,3.2,2139,0
ASTRW.US,5,20211109,184000,3.215,3.215,3.2001,3.2001,1000,0
ASTRW.US,5,20211109,185500,3.23,3.25,3.23,3.25,902,0
ASTRW.US,5,20211109,190000,3.252,3.252,3.252,3.252,2760,0
ASTRW.US,5,20211109,191000,3.27,3.27,3.25,3.265,6200,0
ASTRW.US,5,20211109,191500,3.25,3.255,3.19,3.19,4496,0
ASTRW.US,5,20211109,192000,3.19,3.19,3.11,3.11,673,0
ASTRW.US,5,20211109,192500,3.11,3.11,3.1,3.1,600,0
ASTRW.US,5,20211109,193000,3.1,3.1,3.1,3.1,200,0
ASTRW.US,5,20211109,193500,3.23,3.35,3.23,3.3,20839,0
ASTRW.US,5,20211109,195000,3.25,3.25,3.25,3.25,100,0
ASTRW.US,5,20211109,195500,3.28,3.28,3.28,3.28,100,0
ASTRW.US,5,20211109,200000,3.25,3.26,3.22,3.22,1636,0
ASTRW.US,5,20211109,200500,3.24,3.24,3.24,3.24,160,0
ASTRW.US,5,20211109,201000,3.22,3.22,3.21,3.21,200,0
ASTRW.US,5,20211109,201500,3.2,3.21,3.2,3.21,700,0
ASTRW.US,5,20211109,205500,3.2699,3.27,3.2699,3.27,2000,0
ASTRW.US,5,20211109,210000,3.25,3.25,3.25,3.25,400,0
ASTRW.US,5,20211109,211000,3.22,3.22,3.21,3.21,200,0
ASTRW.US,5,20211109,211500,3.23,3.2799,3.23,3.265,13905,0
ASTRW.US,5,20211109,214000,3.25,3.32,3.23,3.32,11200,0
ASTRW.US,5,20211109,215000,3.26,3.26,3.26,3.26,900,0
ASTRW.US,5,20211109,215500,3.23,3.24,3.15,3.15,3026,0
ASTRW.US,5,20211110,153000,3.27,3.27,3.11,3.11,243,0
ASTRW.US,5,20211110,155000,3,3.01,3,3.01,600,0
ASTRW.US,5,20211110,155500,2.9901,3.1099,2.9901,3.1099,400,0
ASTRW.US,5,20211110,160000,3.16,3.17,3.16,3.17,400,0
ASTRW.US,5,20211110,161000,3.16,3.28,3.16,3.26,12483,0
ASTRW.US,5,20211110,164500,3.15,3.15,3.15,3.15,570,0
ASTRW.US,5,20211110,165000,3.135,3.22,3.135,3.14,3465,0
ASTRW.US,5,20211110,171000,3.2199,3.2199,3.2199,3.2199,310,0
ASTRW.US,5,20211110,173000,3.185,3.185,3.185,3.185,600,0
ASTRW.US,5,20211110,174500,3.21,3.21,3.17,3.17,1019,0
ASTRW.US,5,20211110,180500,3.1942,3.2,3.185,3.2,2003,0
ASTRW.US,5,20211110,182000,3.21,3.24,3.21,3.24,500,0
ASTRW.US,5,20211110,185000,3.21,3.22,3.21,3.22,340,0
ASTRW.US,5,20211110,190500,3.21,3.21,3.2,3.2,400,0
ASTRW.US,5,20211110,191500,3.2,3.2,3.2,3.2,800,0
ASTRW.US,5,20211110,192000,3.15,3.15,3.15,3.15,1511,0
ASTRW.US,5,20211110,193500,3.1501,3.1501,3.1501,3.1501,540,0
ASTRW.US,5,20211110,194500,3.15,3.1507,3,3,12808,0
ASTRW.US,5,20211110,200500,3.04,3.04,3.04,3.04,1268,0
ASTRW.US,5,20211110,201000,3.01,3.01,3,3,739,0
ASTRW.US,5,20211110,201500,3,3,3,3,100,0
ASTRW.US,5,20211110,203000,2.99,2.9901,2.99,2.9901,400,0
ASTRW.US,5,20211110,205000,3.01,3.01,2.96,2.96,700,0
ASTRW.US,5,20211110,211500,2.985,2.985,2.985,2.985,600,0
ASTRW.US,5,20211110,214500,3.01,3.01,3.01,3.01,500,0
ASTRW.US,5,20211110,215500,3.01,3.01,3.01,3.01,1000,0
ASTRW.US,5,20211111,153000,2.97,3.11,2.96,2.96,5718,0
ASTRW.US,5,20211111,155500,2.97,2.97,2.9,2.9,600,0
ASTRW.US,5,20211111,160000,2.89,2.89,2.89,2.89,100,0
ASTRW.US,5,20211111,161000,2.8901,2.8901,2.89,2.89,1100,0
ASTRW.US,5,20211111,165000,2.94,2.95,2.92,2.92,730,0
ASTRW.US,5,20211111,165500,2.95,3.04,2.95,3.04,800,0
ASTRW.US,5,20211111,170000,3.07,3.07,3.07,3.07,150,0
ASTRW.US,5,20211111,171500,3.05,3.05,3.05,3.05,358,0
ASTRW.US,5,20211111,172000,2.95,3.01,2.93,2.93,5400,0
ASTRW.US,5,20211111,173500,3.01,3.01,3.01,3.01,200,0
ASTRW.US,5,20211111,175000,3.01,3.01,3.01,3.01,100,0
ASTRW.US,5,20211111,175500,3.01,3.01,3.01,3.01,400,0
ASTRW.US,5,20211111,180000,2.97,2.97,2.97,2.97,100,0
ASTRW.US,5,20211111,180500,2.98,2.98,2.97,2.97,900,0
ASTRW.US,5,20211111,181000,2.92,2.92,2.92,2.92,100,0
ASTRW.US,5,20211111,182500,2.92,2.942,2.75,2.8,3391,0
ASTRW.US,5,20211111,183500,2.97,2.97,2.97,2.97,360,0
ASTRW.US,5,20211111,184000,2.87,2.87,2.86,2.86,1510,0
ASTRW.US,5,20211111,185000,2.915,2.915,2.915,2.915,200,0
ASTRW.US,5,20211111,185500,2.9,2.9,2.9,2.9,361,0
ASTRW.US,5,20211111,193000,2.94,2.9405,2.92,2.92,1245,0
ASTRW.US,5,20211111,200000,2.95,2.95,2.95,2.95,200,0
ASTRW.US,5,20211111,202000,2.95,2.95,2.95,2.95,136,0
ASTRW.US,5,20211111,203000,2.89,2.89,2.86,2.86,1181,0
ASTRW.US,5,20211111,203500,2.883,2.883,2.88,2.88,775,0
ASTRW.US,5,20211111,204500,2.93,2.93,2.91,2.91,500,0
ASTRW.US,5,20211111,213000,3,3.05,2.92,3.04,800,0
ASTRW.US,5,20211111,213500,3.0199,3.0199,2.91,2.91,220,0
ASTRW.US,5,20211111,215500,2.89,2.89,2.89,2.89,2002,0
