<TICKER>,<PER>,<DATE>,<TIME>,<OPEN>,<HIGH>,<LOW>,<CLOSE>,<VOL>,<OPENINT>
BKEP.US,5,20210922,153000,3.05,3.0638,3.05,3.0638,604,0
BKEP.US,5,20210922,153500,3.0668,3.07,3.0668,3.07,301,0
BKEP.US,5,20210922,154500,3.09,3.09,3.09,3.09,110,0
BKEP.US,5,20210922,155500,3.0914,3.1,3.081,3.1,9099,0
BKEP.US,5,20210922,160000,3.1,3.1,3.1,3.1,200,0
BKEP.US,5,20210922,161000,3.09,3.1,3.09,3.1,300,0
BKEP.US,5,20210922,161500,3.09,3.09,3.09,3.09,100,0
BKEP.US,5,20210922,162000,3.09,3.1,3.09,3.1,999,0
BKEP.US,5,20210922,163000,3.1,3.1,3.1,3.1,400,0
BKEP.US,5,20210922,163500,3.1,3.1091,3.1,3.1091,1808,0
BKEP.US,5,20210922,164000,3.0893,3.0893,3.0893,3.0893,100,0
BKEP.US,5,20210922,164500,3.1,3.1,3.0965,3.1,800,0
BKEP.US,5,20210922,170500,3.1,3.1,3.0985,3.1,4201,0
BKEP.US,5,20210922,182500,3.12,3.12,3.12,3.12,4278,0
BKEP.US,5,20210922,184500,3.1325,3.1325,3.1325,3.1325,600,0
BKEP.US,5,20210922,185000,3.1219,3.1219,3.1219,3.1219,500,0
BKEP.US,5,20210922,185500,3.1201,3.1201,3.1201,3.1201,2000,0
BKEP.US,5,20210922,194500,3.1302,3.1302,3.1302,3.1302,200,0
BKEP.US,5,20210922,195500,3.1205,3.1205,3.1205,3.1205,250,0
BKEP.US,5,20210922,201500,3.14,3.14,3.14,3.14,659,0
BKEP.US,5,20210922,202500,3.1434,3.1434,3.1434,3.1434,450,0
BKEP.US,5,20210922,204500,3.1499,3.1499,3.1499,3.1499,200,0
BKEP.US,5,20210922,210000,3.14,3.14,3.14,3.14,400,0
BKEP.US,5,20210922,214000,3.121,3.13,3.1206,3.1206,4000,0
BKEP.US,5,20210922,215000,3.12,3.12,3.12,3.12,263,0
BKEP.US,5,20210922,215500,3.12,3.13,3.1,3.12,21100,0
BKEP.US,5,20210923,153000,3.11,3.1194,3.08,3.08,2229,0
BKEP.US,5,20210923,153500,3.1199,3.1199,3.1199,3.1199,400,0
BKEP.US,5,20210923,154000,3.12,3.12,3.12,3.12,200,0
BKEP.US,5,20210923,154500,3.134,3.134,3.134,3.134,100,0
BKEP.US,5,20210923,155500,3.15,3.15,3.15,3.15,580,0
BKEP.US,5,20210923,160000,3.13,3.13,3.13,3.13,601,0
BKEP.US,5,20210923,162500,3.14,3.14,3.14,3.14,102,0
BKEP.US,5,20210923,170000,3.1327,3.1327,3.1327,3.1327,135,0
BKEP.US,5,20210923,171000,3.1399,3.1399,3.1399,3.1399,469,0
BKEP.US,5,20210923,171500,3.1329,3.1329,3.1329,3.1329,250,0
BKEP.US,5,20210923,173000,3.14,3.14,3.14,3.14,1000,0
BKEP.US,5,20210923,173500,3.13,3.13,3.13,3.13,800,0
BKEP.US,5,20210923,175500,3.13,3.13,3.13,3.13,200,0
BKEP.US,5,20210923,180000,3.13,3.13,3.13,3.13,510,0
BKEP.US,5,20210923,183000,3.14,3.14,3.14,3.14,100,0
BKEP.US,5,20210923,183500,3.1323,3.1323,3.1301,3.1301,2000,0
BKEP.US,5,20210923,185000,3.1398,3.1398,3.1398,3.1398,122,0
BKEP.US,5,20210923,190500,3.1379,3.1379,3.1379,3.1379,3000,0
BKEP.US,5,20210923,193000,3.136,3.136,3.136,3.136,304,0
BKEP.US,5,20210923,194000,3.15,3.15,3.15,3.15,1669,0
BKEP.US,5,20210923,194500,3.1331,3.1331,3.1331,3.1331,3000,0
BKEP.US,5,20210923,195000,3.14,3.14,3.1323,3.1323,700,0
BKEP.US,5,20210923,201500,3.1406,3.1406,3.1406,3.1406,258,0
BKEP.US,5,20210923,204500,3.15,3.15,3.15,3.15,300,0
BKEP.US,5,20210923,205000,3.1431,3.1431,3.1431,3.1431,1000,0
BKEP.US,5,20210923,210000,3.1491,3.1491,3.1491,3.1491,1000,0
BKEP.US,5,20210923,213500,3.1329,3.1329,3.1329,3.1329,300,0
BKEP.US,5,20210923,214500,3.14,3.14,3.14,3.14,100,0
BKEP.US,5,20210923,215500,3.13,3.13,3.13,3.13,487,0
BKEP.US,5,20210924,153000,3.09,3.16,3.09,3.16,5335,0
BKEP.US,5,20210924,163000,3.12,3.12,3.12,3.12,100,0
BKEP.US,5,20210924,164000,3.1323,3.1323,3.1323,3.1323,100,0
BKEP.US,5,20210924,165000,3.13,3.13,3.13,3.13,1000,0
BKEP.US,5,20210924,170500,3.115,3.115,3.115,3.115,475,0
BKEP.US,5,20210924,171500,3.1251,3.1251,3.1251,3.1251,200,0
BKEP.US,5,20210924,175500,3.1231,3.1231,3.1231,3.1231,300,0
BKEP.US,5,20210924,185000,3.1278,3.13,3.1278,3.13,1413,0
BKEP.US,5,20210924,190000,3.125,3.125,3.125,3.125,1689,0
BKEP.US,5,20210924,194500,3.1299,3.1299,3.1299,3.1299,135,0
BKEP.US,5,20210924,201000,3.12,3.12,3.12,3.12,200,0
BKEP.US,5,20210924,202500,3.1182,3.1182,3.1182,3.1182,200,0
BKEP.US,5,20210924,212000,3.115,3.12,3.115,3.12,800,0
BKEP.US,5,20210924,213000,3.11,3.11,3.11,3.11,550,0
BKEP.US,5,20210924,214500,3.11,3.11,3.11,3.11,204,0
BKEP.US,5,20210924,215000,3.11,3.11,3.11,3.11,200,0
BKEP.US,5,20210924,215500,3.1001,3.12,3.1,3.12,16079,0
BKEP.US,5,20210927,153000,3.12,3.12,3.12,3.12,175,0
BKEP.US,5,20210927,160000,3.1538,3.1538,3.1538,3.1538,500,0
BKEP.US,5,20210927,162000,3.1664,3.1664,3.1664,3.1664,100,0
BKEP.US,5,20210927,163000,3.17,3.17,3.17,3.17,950,0
BKEP.US,5,20210927,165000,3.17,3.17,3.1601,3.1601,8045,0
BKEP.US,5,20210927,171500,3.165,3.165,3.165,3.165,400,0
BKEP.US,5,20210927,172500,3.1699,3.17,3.14,3.14,6000,0
BKEP.US,5,20210927,173500,3.13,3.13,3.13,3.13,182,0
BKEP.US,5,20210927,174000,3.1333,3.1333,3.1333,3.1333,100,0
BKEP.US,5,20210927,175500,3.1368,3.1368,3.1368,3.1368,900,0
BKEP.US,5,20210927,180500,3.1192,3.1192,3.11,3.11,1236,0
BKEP.US,5,20210927,181500,3.11,3.11,3.06,3.06,47295,0
BKEP.US,5,20210927,182000,3.0712,3.0712,3.0712,3.0712,500,0
BKEP.US,5,20210927,182500,3.07,3.1,3.07,3.1,300,0
BKEP.US,5,20210927,183000,3.1,3.1,3.1,3.1,100,0
BKEP.US,5,20210927,183500,3.095,3.095,3.095,3.095,119,0
BKEP.US,5,20210927,184500,3.1075,3.1099,3.1075,3.1099,10000,0
BKEP.US,5,20210927,185000,3.0854,3.0854,3.0854,3.0854,100,0
BKEP.US,5,20210927,185500,3.0803,3.0803,3.0803,3.0803,150,0
BKEP.US,5,20210927,192000,3.0802,3.0802,3.0802,3.0802,1081,0
BKEP.US,5,20210927,193500,3.09,3.09,3.07,3.07,300,0
BKEP.US,5,20210927,195000,3.07,3.07,3.06,3.06,400,0
BKEP.US,5,20210927,195500,3.05,3.06,3.05,3.06,1377,0
BKEP.US,5,20210927,201500,3.0599,3.09,3.055,3.09,4251,0
BKEP.US,5,20210927,202000,3.09,3.1,3.09,3.1,400,0
BKEP.US,5,20210927,212000,3.1007,3.1007,3.1007,3.1007,100,0
BKEP.US,5,20210927,213500,3.11,3.11,3.11,3.11,1000,0
BKEP.US,5,20210927,215500,3.09,3.11,3.06,3.11,1079,0
BKEP.US,5,20210928,153000,3.12,3.12,3.12,3.12,1055,0
BKEP.US,5,20210928,153500,3.1196,3.1196,3.1196,3.1196,500,0
BKEP.US,5,20210928,154000,3.1,3.1,3.1,3.1,100,0
BKEP.US,5,20210928,160000,3.0923,3.0923,3.0923,3.0923,302,0
BKEP.US,5,20210928,160500,3.09,3.09,3.09,3.09,1000,0
BKEP.US,5,20210928,161000,3.09,3.09,3.09,3.09,1100,0
BKEP.US,5,20210928,162500,3.0934,3.0934,3.0934,3.0934,100,0
BKEP.US,5,20210928,163000,3.0869,3.0869,3.0869,3.0869,200,0
BKEP.US,5,20210928,163500,3.0823,3.0823,3.0823,3.0823,311,0
BKEP.US,5,20210928,165000,3.094,3.094,3.094,3.094,200,0
BKEP.US,5,20210928,165500,3.09,3.09,3.09,3.09,200,0
BKEP.US,5,20210928,170500,3.08,3.08,3.08,3.08,1400,0
BKEP.US,5,20210928,172500,3.0961,3.0961,3.0961,3.0961,652,0
BKEP.US,5,20210928,173000,3.0832,3.0832,3.0832,3.0832,112,0
BKEP.US,5,20210928,173500,3.09,3.0936,3.08,3.08,3193,0
BKEP.US,5,20210928,174000,3.08,3.08,3.08,3.08,1669,0
BKEP.US,5,20210928,174500,3.084,3.09,3.08,3.09,2114,0
BKEP.US,5,20210928,175000,3.0825,3.0825,3.0825,3.0825,163,0
BKEP.US,5,20210928,175500,3.0905,3.0905,3.08,3.08,1652,0
BKEP.US,5,20210928,181000,3.0917,3.0935,3.0917,3.0935,1100,0
BKEP.US,5,20210928,181500,3.08,3.08,3.08,3.08,1100,0
BKEP.US,5,20210928,182000,3.09,3.1,3.08,3.08,2100,0
BKEP.US,5,20210928,184000,3.0914,3.0914,3.09,3.09,1280,0
BKEP.US,5,20210928,184500,3.095,3.095,3.09,3.09,1000,0
BKEP.US,5,20210928,185000,3.0924,3.0924,3.0924,3.0924,105,0
BKEP.US,5,20210928,190000,3.095,3.0999,3.09,3.09,2379,0
BKEP.US,5,20210928,190500,3.09,3.1,3.09,3.095,4296,0
BKEP.US,5,20210928,194500,3.095,3.095,3.095,3.095,300,0
BKEP.US,5,20210928,195500,3.1,3.1,3.1,3.1,1084,0
BKEP.US,5,20210928,200000,3.1,3.1,3.1,3.1,1043,0
BKEP.US,5,20210928,202500,3.09,3.09,3.09,3.09,161,0
BKEP.US,5,20210928,203000,3.09,3.09,3.09,3.09,500,0
BKEP.US,5,20210928,204000,3.1,3.1,3.1,3.1,100,0
BKEP.US,5,20210928,210500,3.09,3.09,3.09,3.09,1000,0
BKEP.US,5,20210928,214000,3.095,3.095,3.07,3.09,4752,0
BKEP.US,5,20210928,215000,3.0879,3.0879,3.07,3.07,217,0
BKEP.US,5,20210928,215500,3.07,3.09,3.07,3.09,7579,0
BKEP.US,5,20210929,153000,3.07,3.07,3.07,3.07,237,0
BKEP.US,5,20210929,153500,3.08,3.08,3.08,3.08,530,0
BKEP.US,5,20210929,155500,3.08,3.095,3.08,3.0877,15595,0
BKEP.US,5,20210929,160500,3.09,3.09,3.09,3.09,300,0
BKEP.US,5,20210929,164000,3.1,3.1,3.1,3.1,600,0
BKEP.US,5,20210929,170500,3.09,3.09,3.09,3.09,100,0
BKEP.US,5,20210929,175000,3.0819,3.09,3.0819,3.09,1578,0
BKEP.US,5,20210929,175500,3.08,3.08,3.08,3.08,217,0
BKEP.US,5,20210929,180000,3.0802,3.0802,3.0802,3.0802,100,0
BKEP.US,5,20210929,181000,3.0889,3.0889,3.085,3.085,500,0
BKEP.US,5,20210929,181500,3.0889,3.0889,3.07,3.07,1943,0
BKEP.US,5,20210929,190500,3.06,3.06,3.06,3.06,100,0
BKEP.US,5,20210929,191000,3.0645,3.0645,3.0645,3.0645,2000,0
BKEP.US,5,20210929,192500,3.07,3.07,3.07,3.07,250,0
BKEP.US,5,20210929,193000,3.0677,3.0677,3.0677,3.0677,1628,0
BKEP.US,5,20210929,195000,3.0601,3.0601,3.0601,3.0601,1232,0
BKEP.US,5,20210929,201500,3.06,3.06,3.06,3.06,400,0
BKEP.US,5,20210929,202500,3.07,3.07,3.062,3.07,1600,0
BKEP.US,5,20210929,203000,3.07,3.07,3.06,3.065,565,0
BKEP.US,5,20210929,203500,3.065,3.065,3.065,3.065,100,0
BKEP.US,5,20210929,204000,3.0677,3.07,3.065,3.065,4300,0
BKEP.US,5,20210929,204500,3.0646,3.0646,3.0646,3.0646,3000,0
BKEP.US,5,20210929,205000,3.07,3.08,3.07,3.08,1386,0
BKEP.US,5,20210929,211500,3.08,3.08,3.08,3.08,100,0
BKEP.US,5,20210929,212000,3.08,3.08,3.08,3.08,115,0
BKEP.US,5,20210929,212500,3.08,3.0893,3.08,3.0893,300,0
BKEP.US,5,20210929,213500,3.07,3.07,3.07,3.07,400,0
BKEP.US,5,20210929,214000,3.08,3.08,3.08,3.08,100,0
BKEP.US,5,20210929,214500,3.075,3.075,3.075,3.075,100,0
BKEP.US,5,20210929,215000,3.0776,3.0776,3.07,3.07,800,0
BKEP.US,5,20210929,215500,3.07,3.08,3.07,3.075,1600,0
BKEP.US,5,20210930,153000,3.07,3.07,3.07,3.07,205,0
BKEP.US,5,20210930,162500,3.08,3.08,3.08,3.08,2500,0
BKEP.US,5,20210930,163000,3.075,3.075,3.06,3.06,2700,0
BKEP.US,5,20210930,164500,3.075,3.075,3.075,3.075,325,0
BKEP.US,5,20210930,170500,3.0601,3.0601,3.06,3.06,300,0
BKEP.US,5,20210930,171500,3.09,3.11,3.09,3.11,2500,0
BKEP.US,5,20210930,172000,3.11,3.11,3.11,3.11,159,0
BKEP.US,5,20210930,175500,3.105,3.105,3.105,3.105,735,0
BKEP.US,5,20210930,180000,3.1054,3.1054,3.1054,3.1054,470,0
BKEP.US,5,20210930,183500,3.105,3.105,3.105,3.105,100,0
BKEP.US,5,20210930,191500,3.1,3.1,3.1,3.1,300,0
BKEP.US,5,20210930,194500,3.0999,3.0999,3.08,3.08,4200,0
BKEP.US,5,20210930,200000,3.09,3.09,3.08,3.08,2900,0
BKEP.US,5,20210930,201000,3.0602,3.0602,3.0602,3.0602,200,0
BKEP.US,5,20210930,202000,3.06,3.06,3.06,3.06,201,0
BKEP.US,5,20210930,203000,3.065,3.0687,3.065,3.0687,420,0
BKEP.US,5,20210930,203500,3.065,3.065,3.065,3.065,100,0
BKEP.US,5,20210930,204500,3.0696,3.0696,3.06,3.065,1800,0
BKEP.US,5,20210930,205000,3.065,3.08,3.065,3.0743,2793,0
BKEP.US,5,20210930,205500,3.09,3.09,3.09,3.09,2100,0
BKEP.US,5,20210930,211500,3.09,3.09,3.09,3.09,100,0
BKEP.US,5,20210930,212000,3.08,3.08,3.08,3.08,100,0
BKEP.US,5,20210930,213000,3.09,3.09,3.08,3.09,1500,0
BKEP.US,5,20210930,214000,3.08,3.08,3.075,3.08,1400,0
BKEP.US,5,20210930,214500,3.07,3.08,3.06,3.06,2935,0
BKEP.US,5,20210930,215000,3.07,3.07,3.05,3.055,5081,0
BKEP.US,5,20210930,215500,3.05,3.07,3.05,3.05,14602,0
BKEP.US,5,20211001,153000,3.05,3.05,3.05,3.05,907,0
BKEP.US,5,20211001,153500,3.09,3.09,3.05,3.05,10400,0
BKEP.US,5,20211001,154000,3.07,3.07,3.05,3.05,7045,0
BKEP.US,5,20211001,154500,3.04,3.04,3,3,26299,0
BKEP.US,5,20211001,155000,3.01,3.01,3.01,3.01,100,0
BKEP.US,5,20211001,155500,3.032,3.032,3.01,3.01,300,0
BKEP.US,5,20211001,160000,3.01,3.01,3.01,3.01,200,0
BKEP.US,5,20211001,160500,3.02,3.02,3.02,3.02,1000,0
BKEP.US,5,20211001,161000,3.03,3.03,3.03,3.03,1000,0
BKEP.US,5,20211001,162000,3.0399,3.04,3.0399,3.04,5600,0
BKEP.US,5,20211001,162500,3.0499,3.05,3.0499,3.05,800,0
BKEP.US,5,20211001,164000,3.0476,3.0476,3.0476,3.0476,1000,0
BKEP.US,5,20211001,164500,3.05,3.05,3.05,3.05,100,0
BKEP.US,5,20211001,170500,3.05,3.05,3.05,3.05,1000,0
BKEP.US,5,20211001,172500,3.045,3.045,3.045,3.045,600,0
BKEP.US,5,20211001,173500,3.045,3.045,3.045,3.045,100,0
BKEP.US,5,20211001,174000,3.05,3.05,3.05,3.05,400,0
BKEP.US,5,20211001,174500,3.0486,3.0486,3.0486,3.0486,100,0
BKEP.US,5,20211001,175000,3.045,3.045,3.04,3.04,9857,0
BKEP.US,5,20211001,183500,3.05,3.05,3.04,3.04,1560,0
BKEP.US,5,20211001,185500,3.047,3.047,3.04,3.04,500,0
BKEP.US,5,20211001,190000,3.045,3.045,3.04,3.04,1700,0
BKEP.US,5,20211001,190500,3.0486,3.05,3.045,3.045,2100,0
BKEP.US,5,20211001,193000,3.044,3.0468,3.044,3.0468,1000,0
BKEP.US,5,20211001,193500,3.045,3.045,3.04,3.04,1320,0
BKEP.US,5,20211001,195500,3.0473,3.05,3.045,3.05,4392,0
BKEP.US,5,20211001,201500,3.04,3.04,3.04,3.04,8000,0
BKEP.US,5,20211001,203000,3.05,3.05,3.05,3.05,200,0
BKEP.US,5,20211001,204500,3.0482,3.05,3.0482,3.05,600,0
BKEP.US,5,20211001,205500,3.045,3.045,3.04,3.04,200,0
BKEP.US,5,20211001,210000,3.045,3.05,3.045,3.05,2017,0
BKEP.US,5,20211001,211500,3.0527,3.058,3.052,3.052,2829,0
BKEP.US,5,20211001,215500,3.05,3.06,3.05,3.06,400,0
BKEP.US,5,20211004,153000,3.05,3.08,3.02,3.02,5988,0
BKEP.US,5,20211004,154000,3.0201,3.0249,3.0201,3.0249,210,0
BKEP.US,5,20211004,155500,3.045,3.045,3.045,3.045,100,0
BKEP.US,5,20211004,160500,3.05,3.05,3.05,3.05,5170,0
BKEP.US,5,20211004,161500,3.045,3.047,3.045,3.045,5100,0
BKEP.US,5,20211004,162000,3.045,3.0499,3.04,3.04,8600,0
BKEP.US,5,20211004,162500,3.0499,3.21,3.0401,3.205,47237,0
BKEP.US,5,20211004,163000,3.21,3.2299,3.1412,3.189,13109,0
BKEP.US,5,20211004,163500,3.1,3.1999,3.1,3.19,21900,0
BKEP.US,5,20211004,164000,3.1899,3.27,3.14,3.27,17672,0
BKEP.US,5,20211004,164500,3.2598,3.28,3.2598,3.28,1140,0
BKEP.US,5,20211004,165000,3.1982,3.28,3.1982,3.2704,11150,0
BKEP.US,5,20211004,165500,3.215,3.29,3.215,3.2699,15329,0
BKEP.US,5,20211004,170000,3.27,3.32,3.24,3.285,89666,0
BKEP.US,5,20211004,170500,3.2999,3.36,3.25,3.28,234738,0
BKEP.US,5,20211004,171000,3.2801,3.31,3.26,3.2601,50152,0
BKEP.US,5,20211004,171500,3.28,3.33,3.2601,3.32,14398,0
BKEP.US,5,20211004,172000,3.3065,3.32,3.24,3.265,37443,0
BKEP.US,5,20211004,173000,3.28,3.28,3.21,3.2101,5985,0
BKEP.US,5,20211004,173500,3.21,3.252,3.21,3.23,4850,0
BKEP.US,5,20211004,174000,3.25,3.25,3.2,3.2,10346,0
BKEP.US,5,20211004,174500,3.18,3.18,3.15,3.1511,19822,0
BKEP.US,5,20211004,175000,3.15,3.16,3.1,3.1,15433,0
BKEP.US,5,20211004,175500,3.11,3.26,3.11,3.24,10260,0
BKEP.US,5,20211004,180000,3.17,3.2,3.15,3.2,10630,0
BKEP.US,5,20211004,181500,3.16,3.16,3.16,3.16,427,0
BKEP.US,5,20211004,183000,3.15,3.15,3.15,3.15,100,0
BKEP.US,5,20211004,183500,3.1001,3.13,3.1001,3.1299,800,0
BKEP.US,5,20211004,184500,3.13,3.13,3.13,3.13,200,0
BKEP.US,5,20211004,185000,3.1003,3.1052,3.1002,3.1052,1586,0
BKEP.US,5,20211004,185500,3.13,3.13,3.13,3.13,200,0
BKEP.US,5,20211004,190000,3.13,3.13,3.13,3.13,2000,0
BKEP.US,5,20211004,192500,3.1199,3.1199,3.1199,3.1199,100,0
BKEP.US,5,20211004,193000,3.1028,3.11,3.05,3.05,5613,0
BKEP.US,5,20211004,193500,3.08,3.09,3.0625,3.0801,1400,0
BKEP.US,5,20211004,194000,3.07,3.07,3.07,3.07,700,0
BKEP.US,5,20211004,194500,3.13,3.1699,3.0803,3.0803,5205,0
BKEP.US,5,20211004,200000,3.0703,3.0703,3.0703,3.0703,373,0
BKEP.US,5,20211004,200500,3.1,3.1,3.0736,3.0736,600,0
BKEP.US,5,20211004,201500,3.0777,3.1,3.0777,3.079,980,0
BKEP.US,5,20211004,203500,3.08,3.09,3.08,3.09,562,0
BKEP.US,5,20211004,204000,3.08,3.09,3.08,3.09,800,0
BKEP.US,5,20211004,205000,3.09,3.09,3.09,3.09,795,0
BKEP.US,5,20211004,210500,3.0973,3.1,3.0973,3.1,700,0
BKEP.US,5,20211004,212500,3.1,3.1,3.1,3.1,100,0
BKEP.US,5,20211004,213500,3.14,3.1799,3.1299,3.1299,4400,0
BKEP.US,5,20211004,214000,3.09,3.1037,3.09,3.1037,935,0
BKEP.US,5,20211004,214500,3.1,3.1,3.1,3.1,4700,0
BKEP.US,5,20211004,215000,3.09,3.13,3.09,3.13,9278,0
BKEP.US,5,20211004,215500,3.1138,3.1138,3.09,3.09,712,0
BKEP.US,5,20211005,153000,3.11,3.116,3.1,3.116,2051,0
BKEP.US,5,20211005,153500,3.18,3.18,3.17,3.17,1400,0
BKEP.US,5,20211005,154000,3.11,3.11,3.11,3.11,100,0
BKEP.US,5,20211005,154500,3.1623,3.1623,3.1193,3.1193,1250,0
BKEP.US,5,20211005,155000,3.19,3.1902,3.19,3.19,5100,0
BKEP.US,5,20211005,161000,3.1925,3.1925,3.17,3.17,4950,0
BKEP.US,5,20211005,161500,3.17,3.17,3.17,3.17,1460,0
BKEP.US,5,20211005,162000,3.17,3.17,3.17,3.17,2600,0
BKEP.US,5,20211005,163000,3.14,3.14,3.14,3.14,800,0
BKEP.US,5,20211005,164500,3.14,3.14,3.14,3.14,300,0
BKEP.US,5,20211005,165500,3.15,3.17,3.15,3.16,5715,0
BKEP.US,5,20211005,170000,3.15,3.16,3.15,3.15,670,0
BKEP.US,5,20211005,171000,3.16,3.16,3.16,3.16,100,0
BKEP.US,5,20211005,171500,3.1632,3.1632,3.16,3.16,766,0
BKEP.US,5,20211005,173000,3.16,3.1606,3.145,3.15,3731,0
BKEP.US,5,20211005,173500,3.16,3.16,3.1585,3.1585,1201,0
BKEP.US,5,20211005,174000,3.16,3.1838,3.16,3.1838,200,0
BKEP.US,5,20211005,174500,3.16,3.16,3.16,3.16,599,0
BKEP.US,5,20211005,175000,3.175,3.175,3.175,3.175,300,0
BKEP.US,5,20211005,175500,3.15,3.15,3.15,3.15,3886,0
BKEP.US,5,20211005,180000,3.1645,3.1645,3.1645,3.1645,135,0
BKEP.US,5,20211005,180500,3.17,3.17,3.1646,3.1646,900,0
BKEP.US,5,20211005,181000,3.1357,3.16,3.12,3.1301,14334,0
BKEP.US,5,20211005,181500,3.12,3.12,3.1,3.12,7637,0
BKEP.US,5,20211005,182000,3.1,3.1067,3.1,3.1067,1183,0
BKEP.US,5,20211005,183000,3.1,3.1,3.1,3.1,300,0
BKEP.US,5,20211005,184000,3.11,3.11,3.11,3.11,598,0
BKEP.US,5,20211005,185000,3.1,3.1001,3.1,3.1001,3917,0
BKEP.US,5,20211005,185500,3.11,3.11,3.0993,3.0993,1115,0
BKEP.US,5,20211005,190000,3.09,3.09,3.09,3.09,900,0
BKEP.US,5,20211005,190500,3.08,3.08,3.08,3.08,959,0
BKEP.US,5,20211005,192500,3.1,3.1,3.1,3.1,301,0
BKEP.US,5,20211005,194000,3.14,3.14,3.14,3.14,940,0
BKEP.US,5,20211005,195500,3.11,3.15,3.11,3.15,663,0
BKEP.US,5,20211005,200000,3.1625,3.1625,3.1625,3.1625,137,0
BKEP.US,5,20211005,200500,3.12,3.12,3.12,3.12,200,0
BKEP.US,5,20211005,201000,3.12,3.12,3.12,3.12,200,0
BKEP.US,5,20211005,204000,3.135,3.135,3.135,3.135,200,0
BKEP.US,5,20211005,210000,3.12,3.12,3.12,3.12,100,0
BKEP.US,5,20211005,211000,3.1549,3.1549,3.1549,3.1549,230,0
BKEP.US,5,20211005,212000,3.13,3.1319,3.13,3.13,650,0
BKEP.US,5,20211005,213000,3.11,3.11,3.11,3.11,102,0
BKEP.US,5,20211005,214500,3.11,3.11,3.11,3.11,100,0
BKEP.US,5,20211005,215500,3.13,3.16,3.1,3.16,6379,0
BKEP.US,5,20211006,153000,3.1,3.1,3.1,3.1,960,0
BKEP.US,5,20211006,153500,3.17,3.17,3.1214,3.155,1600,0
BKEP.US,5,20211006,154500,3.11,3.11,3.11,3.11,100,0
BKEP.US,5,20211006,155500,3.12,3.12,3.12,3.12,100,0
BKEP.US,5,20211006,160000,3.11,3.1205,3.11,3.1205,1000,0
BKEP.US,5,20211006,161000,3.1101,3.1101,3.1101,3.1101,300,0
BKEP.US,5,20211006,161500,3.15,3.15,3.12,3.12,2325,0
BKEP.US,5,20211006,171500,3.1422,3.1422,3.1422,3.1422,200,0
BKEP.US,5,20211006,172000,3.1,3.1,3.1,3.1,406,0
BKEP.US,5,20211006,173500,3.128,3.128,3.128,3.128,100,0
BKEP.US,5,20211006,174000,3.115,3.13,3.115,3.13,429,0
BKEP.US,5,20211006,181500,3.125,3.125,3.125,3.125,100,0
BKEP.US,5,20211006,184500,3.101,3.101,3.09,3.101,597,0
BKEP.US,5,20211006,185000,3.08,3.08,3.08,3.08,7150,0
BKEP.US,5,20211006,185500,3.1,3.1,3.1,3.1,400,0
BKEP.US,5,20211006,190500,3.1,3.1,3.1,3.1,300,0
BKEP.US,5,20211006,202500,3.1021,3.1021,3.1021,3.1021,108,0
BKEP.US,5,20211006,204500,3.115,3.115,3.11,3.11,1000,0
BKEP.US,5,20211006,205000,3.1145,3.1145,3.1145,3.1145,500,0
BKEP.US,5,20211006,210500,3.1,3.1,3.1,3.1,500,0
BKEP.US,5,20211006,211000,3.0927,3.0927,3.092,3.092,200,0
BKEP.US,5,20211006,211500,3.095,3.1,3.095,3.1,200,0
BKEP.US,5,20211006,214000,3.11,3.11,3.1,3.1,253,0
BKEP.US,5,20211006,215000,3.1,3.12,3.1,3.1,425,0
BKEP.US,5,20211006,215500,3.1,3.1,3.07,3.07,8543,0
BKEP.US,5,20211007,153000,3.09,3.09,3.09,3.09,1417,0
BKEP.US,5,20211007,154000,3.0899,3.0899,3.0899,3.0899,300,0
BKEP.US,5,20211007,155500,3.07,3.07,3.0511,3.0606,24117,0
BKEP.US,5,20211007,161000,3.07,3.07,3.07,3.07,1000,0
BKEP.US,5,20211007,162000,3.075,3.075,3.075,3.075,1000,0
BKEP.US,5,20211007,163000,3.06,3.06,3.0569,3.0569,2200,0
BKEP.US,5,20211007,163500,3.06,3.06,3.0591,3.06,4117,0
BKEP.US,5,20211007,164000,3.06,3.0613,3.06,3.0613,881,0
BKEP.US,5,20211007,170000,3.07,3.07,3.07,3.07,200,0
BKEP.US,5,20211007,172000,3.07,3.07,3.07,3.07,100,0
BKEP.US,5,20211007,172500,3.07,3.07,3.07,3.07,10100,0
BKEP.US,5,20211007,173000,3.071,3.071,3.07,3.07,1000,0
BKEP.US,5,20211007,174000,3.07,3.07,3.07,3.07,2100,0
BKEP.US,5,20211007,175000,3.07,3.07,3.06,3.06,1292,0
BKEP.US,5,20211007,180500,3.06,3.06,3.06,3.06,787,0
BKEP.US,5,20211007,181000,3.05,3.0567,3.05,3.0567,7861,0
BKEP.US,5,20211007,182500,3.06,3.06,3.06,3.06,101,0
BKEP.US,5,20211007,184500,3.0599,3.06,3.0599,3.06,350,0
BKEP.US,5,20211007,190000,3.05,3.05,3.05,3.05,150,0
BKEP.US,5,20211007,191000,3.055,3.0595,3.055,3.0595,4000,0
BKEP.US,5,20211007,191500,3.055,3.055,3.055,3.055,300,0
BKEP.US,5,20211007,193000,3.0595,3.0595,3.05,3.05,2200,0
BKEP.US,5,20211007,194000,3.05,3.055,3.05,3.05,10141,0
BKEP.US,5,20211007,200000,3.0581,3.0581,3.0581,3.0581,600,0
BKEP.US,5,20211007,202000,3.0506,3.0506,3.0506,3.0506,500,0
BKEP.US,5,20211007,204500,3.0599,3.0599,3.0599,3.0599,500,0
BKEP.US,5,20211007,205000,3.06,3.06,3.04,3.0413,1750,0
BKEP.US,5,20211007,205500,3.05,3.05,3.01,3.01,9810,0
BKEP.US,5,20211007,210500,3.031,3.031,3.031,3.031,2000,0
BKEP.US,5,20211007,212000,3.03,3.04,3,3.04,13633,0
BKEP.US,5,20211007,215500,3.02,3.02,3.02,3.02,169,0
BKEP.US,5,20211008,153000,3.02,3.0408,3.02,3.0408,1553,0
BKEP.US,5,20211008,153500,3.02,3.0275,3.02,3.0267,600,0
BKEP.US,5,20211008,154500,3.0499,3.0499,3.02,3.02,7000,0
BKEP.US,5,20211008,160500,3.05,3.06,3.0482,3.06,6700,0
BKEP.US,5,20211008,161500,3.095,3.1,3.09,3.1,3000,0
BKEP.US,5,20211008,163000,3.1,3.1,3.08,3.08,1496,0
BKEP.US,5,20211008,163500,3.075,3.075,3.075,3.075,2450,0
BKEP.US,5,20211008,182000,3.0972,3.0972,3.0972,3.0972,2500,0
BKEP.US,5,20211008,185000,3.0798,3.0798,3.0798,3.0798,1000,0
BKEP.US,5,20211008,205000,3.0639,3.0639,3.0639,3.0639,100,0
BKEP.US,5,20211008,213500,3.06,3.06,3.06,3.06,414,0
BKEP.US,5,20211008,214000,3.05,3.06,3.03,3.03,14567,0
BKEP.US,5,20211008,214500,3.05,3.05,3.05,3.05,100,0
BKEP.US,5,20211008,215500,3.0378,3.07,3.0301,3.07,1669,0
BKEP.US,5,20211011,153000,3.23,3.23,3.2201,3.2201,986,0
BKEP.US,5,20211011,153500,3.2201,3.2201,3.21,3.21,10650,0
BKEP.US,5,20211011,154000,3.2448,3.2448,3.23,3.23,1000,0
BKEP.US,5,20211011,154500,3.23,3.23,3.21,3.2102,5100,0
BKEP.US,5,20211011,155000,3.2102,3.23,3.21,3.23,2437,0
BKEP.US,5,20211011,155500,3.2101,3.2274,3.2101,3.2274,350,0
BKEP.US,5,20211011,160000,3.22,3.22,3.22,3.22,100,0
BKEP.US,5,20211011,160500,3.21,3.2102,3.2078,3.2099,3899,0
BKEP.US,5,20211011,161500,3.22,3.22,3.2118,3.2118,5300,0
BKEP.US,5,20211011,162000,3.23,3.23,3.23,3.23,2774,0
BKEP.US,5,20211011,163000,3.22,3.23,3.22,3.23,8803,0
BKEP.US,5,20211011,163500,3.2284,3.25,3.227,3.25,6103,0
BKEP.US,5,20211011,164000,3.23,3.2337,3.23,3.2337,200,0
BKEP.US,5,20211011,165000,3.25,3.25,3.245,3.245,7043,0
BKEP.US,5,20211011,165500,3.2401,3.2579,3.2401,3.2579,1100,0
BKEP.US,5,20211011,172000,3.245,3.245,3.24,3.24,500,0
BKEP.US,5,20211011,173000,3.24,3.24,3.24,3.24,400,0
BKEP.US,5,20211011,173500,3.2426,3.2426,3.2426,3.2426,180,0
BKEP.US,5,20211011,175500,3.245,3.245,3.24,3.2442,1000,0
BKEP.US,5,20211011,181000,3.24,3.24,3.2373,3.238,500,0
BKEP.US,5,20211011,182000,3.23,3.23,3.21,3.21,9300,0
BKEP.US,5,20211011,183000,3.2164,3.2164,3.2164,3.2164,200,0
BKEP.US,5,20211011,185500,3.235,3.24,3.23,3.23,1561,0
BKEP.US,5,20211011,190500,3.22,3.225,3.21,3.21,8433,0
BKEP.US,5,20211011,193500,3.2125,3.2125,3.2125,3.2125,2000,0
BKEP.US,5,20211011,201500,3.23,3.23,3.23,3.23,200,0
BKEP.US,5,20211011,203500,3.225,3.23,3.225,3.23,222,0
BKEP.US,5,20211011,205000,3.2353,3.2353,3.2353,3.2353,1000,0
BKEP.US,5,20211011,210500,3.225,3.225,3.225,3.225,159,0
BKEP.US,5,20211011,214500,3.225,3.233,3.225,3.23,2329,0
BKEP.US,5,20211011,215000,3.2399,3.2399,3.2326,3.2326,2609,0
BKEP.US,5,20211011,215500,3.24,3.24,3.21,3.2384,4346,0
BKEP.US,5,20211012,153000,3.22,3.22,3.21,3.21,2630,0
BKEP.US,5,20211012,154000,3.225,3.24,3.21,3.21,12200,0
BKEP.US,5,20211012,154500,3.2399,3.24,3.23,3.23,11975,0
BKEP.US,5,20211012,162000,3.2401,3.2401,3.2401,3.2401,250,0
BKEP.US,5,20211012,162500,3.2401,3.2401,3.2401,3.2401,1000,0
BKEP.US,5,20211012,163500,3.24,3.24,3.24,3.24,800,0
BKEP.US,5,20211012,164000,3.2401,3.2401,3.2401,3.2401,830,0
BKEP.US,5,20211012,170000,3.245,3.245,3.24,3.24,1693,0
BKEP.US,5,20211012,171000,3.2489,3.2489,3.2489,3.2489,500,0
BKEP.US,5,20211012,172000,3.2486,3.25,3.2486,3.25,429,0
BKEP.US,5,20211012,172500,3.2401,3.2401,3.2401,3.2401,1000,0
BKEP.US,5,20211012,174000,3.24,3.24,3.24,3.24,200,0
BKEP.US,5,20211012,180500,3.25,3.25,3.25,3.25,400,0
BKEP.US,5,20211012,183500,3.265,3.265,3.265,3.265,250,0
BKEP.US,5,20211012,184000,3.2501,3.2774,3.2501,3.2774,2000,0
BKEP.US,5,20211012,184500,3.2799,3.2799,3.2799,3.2799,1000,0
BKEP.US,5,20211012,185500,3.2754,3.2754,3.2754,3.2754,800,0
BKEP.US,5,20211012,190000,3.27,3.27,3.25,3.25,1659,0
BKEP.US,5,20211012,190500,3.27,3.27,3.27,3.27,1000,0
BKEP.US,5,20211012,193500,3.26,3.27,3.26,3.27,4450,0
BKEP.US,5,20211012,194000,3.2787,3.2787,3.265,3.265,5000,0
BKEP.US,5,20211012,203500,3.2551,3.2551,3.2551,3.2551,300,0
BKEP.US,5,20211012,204000,3.2501,3.2501,3.2501,3.2501,100,0
BKEP.US,5,20211012,212000,3.2532,3.2532,3.2532,3.2532,1000,0
BKEP.US,5,20211012,214000,3.27,3.27,3.27,3.27,1000,0
BKEP.US,5,20211012,214500,3.26,3.26,3.26,3.26,200,0
BKEP.US,5,20211012,215500,3.2501,3.27,3.25,3.25,1402,0
BKEP.US,5,20211013,153000,3.33,3.33,3.29,3.29,17413,0
BKEP.US,5,20211013,153500,3.3,3.3344,3.29,3.3252,6813,0
BKEP.US,5,20211013,154000,3.33,3.3984,3.33,3.38,27675,0
BKEP.US,5,20211013,154500,3.39,3.39,3.3801,3.39,3279,0
BKEP.US,5,20211013,155000,3.39,3.4,3.39,3.3998,14966,0
BKEP.US,5,20211013,155500,3.43,3.43,3.43,3.43,450,0
BKEP.US,5,20211013,160000,3.43,3.45,3.42,3.43,5519,0
BKEP.US,5,20211013,160500,3.43,3.45,3.41,3.41,1200,0
BKEP.US,5,20211013,161000,3.4259,3.45,3.4259,3.45,4100,0
BKEP.US,5,20211013,161500,3.46,3.5278,3.46,3.5,21462,0
BKEP.US,5,20211013,162000,3.5169,3.5175,3.5,3.51,13590,0
BKEP.US,5,20211013,162500,3.5168,3.5184,3.5151,3.5184,3100,0
BKEP.US,5,20211013,163000,3.52,3.52,3.5083,3.5172,2002,0
BKEP.US,5,20211013,163500,3.5011,3.5011,3.5011,3.5011,1211,0
BKEP.US,5,20211013,164000,3.51,3.51,3.5007,3.51,2000,0
BKEP.US,5,20211013,164500,3.53,3.54,3.52,3.54,3799,0
BKEP.US,5,20211013,165000,3.52,3.54,3.52,3.5338,415,0
BKEP.US,5,20211013,165500,3.5356,3.54,3.5356,3.54,400,0
BKEP.US,5,20211013,170000,3.5323,3.5385,3.5323,3.535,954,0
BKEP.US,5,20211013,170500,3.54,3.5899,3.54,3.5899,14265,0
BKEP.US,5,20211013,171000,3.57,3.58,3.57,3.5793,8128,0
BKEP.US,5,20211013,171500,3.57,3.575,3.5401,3.5401,38545,0
BKEP.US,5,20211013,172000,3.555,3.555,3.53,3.532,4450,0
BKEP.US,5,20211013,172500,3.53,3.55,3.42,3.49,15915,0
BKEP.US,5,20211013,173000,3.52,3.52,3.5,3.52,3420,0
BKEP.US,5,20211013,173500,3.51,3.516,3.51,3.516,225,0
BKEP.US,5,20211013,174000,3.5,3.5099,3.5,3.5099,1550,0
BKEP.US,5,20211013,174500,3.505,3.505,3.49,3.49,1676,0
BKEP.US,5,20211013,175500,3.4962,3.499,3.49,3.49,2000,0
BKEP.US,5,20211013,180000,3.4979,3.4988,3.49,3.4988,601,0
BKEP.US,5,20211013,180500,3.49,3.5,3.49,3.4987,7032,0
BKEP.US,5,20211013,181000,3.4964,3.4964,3.4964,3.4964,100,0
BKEP.US,5,20211013,181500,3.5,3.5,3.5,3.5,100,0
BKEP.US,5,20211013,182000,3.5,3.5,3.5,3.5,951,0
BKEP.US,5,20211013,183500,3.5,3.51,3.5,3.5,1150,0
BKEP.US,5,20211013,185000,3.5019,3.5019,3.5019,3.5019,326,0
BKEP.US,5,20211013,185500,3.5001,3.51,3.5001,3.51,1775,0
BKEP.US,5,20211013,190000,3.5093,3.5095,3.5093,3.5095,200,0
BKEP.US,5,20211013,190500,3.5,3.505,3.49,3.49,2965,0
BKEP.US,5,20211013,191000,3.48,3.495,3.48,3.495,1039,0
BKEP.US,5,20211013,191500,3.48,3.48,3.48,3.48,500,0
BKEP.US,5,20211013,192000,3.47,3.4702,3.47,3.4702,300,0
BKEP.US,5,20211013,193000,3.4679,3.47,3.45,3.45,2672,0
BKEP.US,5,20211013,193500,3.4552,3.4552,3.4552,3.4552,144,0
BKEP.US,5,20211013,194000,3.455,3.455,3.455,3.455,200,0
BKEP.US,5,20211013,194500,3.455,3.455,3.438,3.438,1972,0
BKEP.US,5,20211013,195000,3.42,3.4202,3.32,3.32,21726,0
BKEP.US,5,20211013,200000,3.41,3.4299,3.4,3.4,1400,0
BKEP.US,5,20211013,200500,3.39,3.4,3.39,3.4,700,0
BKEP.US,5,20211013,201500,3.42,3.4265,3.42,3.4265,865,0
BKEP.US,5,20211013,202000,3.415,3.421,3.415,3.421,500,0
BKEP.US,5,20211013,202500,3.4287,3.4287,3.42,3.42,2238,0
BKEP.US,5,20211013,203000,3.43,3.43,3.43,3.43,300,0
BKEP.US,5,20211013,204500,3.4473,3.4473,3.4473,3.4473,100,0
BKEP.US,5,20211013,205000,3.45,3.45,3.4499,3.4499,600,0
BKEP.US,5,20211013,205500,3.4201,3.4201,3.4201,3.4201,1000,0
BKEP.US,5,20211013,210000,3.4438,3.4438,3.4438,3.4438,100,0
BKEP.US,5,20211013,210500,3.45,3.45,3.4462,3.45,1694,0
BKEP.US,5,20211013,211000,3.45,3.46,3.45,3.46,960,0
BKEP.US,5,20211013,211500,3.46,3.46,3.435,3.435,698,0
BKEP.US,5,20211013,212000,3.42,3.444,3.42,3.444,290,0
BKEP.US,5,20211013,213000,3.42,3.42,3.42,3.42,200,0
BKEP.US,5,20211013,213500,3.43,3.45,3.42,3.4499,54188,0
BKEP.US,5,20211013,214000,3.4464,3.4464,3.4464,3.4464,770,0
BKEP.US,5,20211013,214500,3.42,3.449,3.42,3.4333,4010,0
BKEP.US,5,20211013,215000,3.42,3.45,3.42,3.4403,9486,0
BKEP.US,5,20211013,215500,3.44,3.46,3.42,3.46,28941,0
BKEP.US,5,20211014,153000,3.5,3.5,3.46,3.5,5119,0
BKEP.US,5,20211014,153500,3.4736,3.49,3.47,3.49,52800,0
BKEP.US,5,20211014,154000,3.5,3.51,3.47,3.51,15100,0
BKEP.US,5,20211014,154500,3.5001,3.53,3.4592,3.4592,17114,0
BKEP.US,5,20211014,155000,3.4692,3.53,3.4692,3.4949,2608,0
BKEP.US,5,20211014,155500,3.498,3.498,3.498,3.498,100,0
BKEP.US,5,20211014,160000,3.4944,3.4944,3.4944,3.4944,1000,0
BKEP.US,5,20211014,160500,3.46,3.4976,3.4587,3.4976,8458,0
BKEP.US,5,20211014,161000,3.4939,3.4939,3.45,3.475,1150,0
BKEP.US,5,20211014,161500,3.5,3.5,3.5,3.5,288,0
BKEP.US,5,20211014,162000,3.49,3.49,3.49,3.49,100,0
BKEP.US,5,20211014,162500,3.485,3.485,3.485,3.485,100,0
BKEP.US,5,20211014,163000,3.4864,3.4864,3.475,3.475,1792,0
BKEP.US,5,20211014,164000,3.45,3.45,3.45,3.45,590,0
BKEP.US,5,20211014,165000,3.45,3.4505,3.43,3.43,3738,0
BKEP.US,5,20211014,165500,3.43,3.431,3.43,3.43,1117,0
BKEP.US,5,20211014,170000,3.42,3.43,3.4001,3.4001,3390,0
BKEP.US,5,20211014,171000,3.4381,3.4431,3.41,3.4431,3900,0
BKEP.US,5,20211014,171500,3.43,3.43,3.42,3.42,1171,0
BKEP.US,5,20211014,172000,3.41,3.41,3.41,3.41,500,0
BKEP.US,5,20211014,172500,3.42,3.43,3.42,3.43,300,0
BKEP.US,5,20211014,173000,3.4,3.4,3.4,3.4,300,0
BKEP.US,5,20211014,173500,3.4027,3.4027,3.4,3.4,600,0
BKEP.US,5,20211014,174500,3.39,3.4,3.3606,3.38,2273,0
BKEP.US,5,20211014,175000,3.37,3.4,3.36,3.36,600,0
BKEP.US,5,20211014,175500,3.4399,3.4399,3.4399,3.4399,100,0
BKEP.US,5,20211014,181500,3.43,3.43,3.43,3.43,100,0
BKEP.US,5,20211014,182000,3.44,3.525,3.44,3.49,28029,0
BKEP.US,5,20211014,183000,3.46,3.49,3.41,3.49,30943,0
BKEP.US,5,20211014,183500,3.4,3.41,3.4,3.41,2701,0
BKEP.US,5,20211014,184000,3.4501,3.4501,3.4501,3.4501,100,0
BKEP.US,5,20211014,184500,3.45,3.45,3.45,3.45,300,0
BKEP.US,5,20211014,185500,3.4356,3.45,3.4356,3.45,312,0
BKEP.US,5,20211014,190000,3.43,3.43,3.43,3.43,100,0
BKEP.US,5,20211014,190500,3.43,3.43,3.43,3.43,750,0
BKEP.US,5,20211014,193500,3.41,3.41,3.41,3.41,3900,0
BKEP.US,5,20211014,194000,3.41,3.41,3.4,3.4,1300,0
BKEP.US,5,20211014,195500,3.4101,3.446,3.4101,3.442,1800,0
BKEP.US,5,20211014,203500,3.43,3.43,3.43,3.43,100,0
BKEP.US,5,20211014,204000,3.4188,3.4188,3.4188,3.4188,1000,0
BKEP.US,5,20211014,210000,3.41,3.44,3.4,3.4,4368,0
BKEP.US,5,20211014,211000,3.4,3.4,3.4,3.4,200,0
BKEP.US,5,20211014,211500,3.4418,3.4418,3.4418,3.4418,100,0
BKEP.US,5,20211014,213000,3.41,3.4107,3.41,3.4101,600,0
BKEP.US,5,20211014,213500,3.4,3.4017,3.4,3.4,900,0
BKEP.US,5,20211014,215000,3.442,3.45,3.442,3.4428,1000,0
BKEP.US,5,20211014,215500,3.4426,3.4499,3.41,3.41,783,0
BKEP.US,5,20211015,153000,3.46,3.46,3.46,3.46,848,0
BKEP.US,5,20211015,154000,3.485,3.4852,3.48,3.48,300,0
BKEP.US,5,20211015,155000,3.45,3.45,3.4,3.4,4180,0
BKEP.US,5,20211015,155500,3.4,3.42,3.38,3.4,5500,0
BKEP.US,5,20211015,160000,3.4,3.4001,3.4,3.4,1600,0
BKEP.US,5,20211015,160500,3.41,3.42,3.4,3.42,7626,0
BKEP.US,5,20211015,161000,3.44,3.4616,3.4,3.45,5568,0
BKEP.US,5,20211015,162000,3.45,3.46,3.45,3.46,600,0
BKEP.US,5,20211015,162500,3.46,3.46,3.46,3.46,200,0
BKEP.US,5,20211015,163000,3.45,3.46,3.42,3.42,9690,0
BKEP.US,5,20211015,164000,3.42,3.42,3.42,3.42,600,0
BKEP.US,5,20211015,165000,3.43,3.4356,3.43,3.4356,380,0
BKEP.US,5,20211015,165500,3.438,3.438,3.438,3.438,400,0
BKEP.US,5,20211015,171000,3.4399,3.4399,3.4399,3.4399,100,0
BKEP.US,5,20211015,171500,3.4399,3.4399,3.4399,3.4399,570,0
BKEP.US,5,20211015,172500,3.43,3.43,3.43,3.43,182,0
BKEP.US,5,20211015,175000,3.4387,3.4387,3.4387,3.4387,146,0
BKEP.US,5,20211015,181000,3.4399,3.4399,3.43,3.43,2200,0
BKEP.US,5,20211015,182000,3.4374,3.4374,3.4374,3.4374,100,0
BKEP.US,5,20211015,182500,3.426,3.426,3.4,3.41,4139,0
BKEP.US,5,20211015,183000,3.44,3.44,3.41,3.41,500,0
BKEP.US,5,20211015,184500,3.425,3.425,3.425,3.425,100,0
BKEP.US,5,20211015,185500,3.434,3.434,3.434,3.434,100,0
BKEP.US,5,20211015,191000,3.41,3.41,3.41,3.41,100,0
BKEP.US,5,20211015,191500,3.425,3.425,3.425,3.425,125,0
BKEP.US,5,20211015,194000,3.41,3.41,3.41,3.41,100,0
BKEP.US,5,20211015,195000,3.41,3.41,3.41,3.41,200,0
BKEP.US,5,20211015,195500,3.41,3.41,3.41,3.41,300,0
BKEP.US,5,20211015,200000,3.4253,3.4253,3.4253,3.4253,500,0
BKEP.US,5,20211015,201000,3.42,3.42,3.42,3.42,3675,0
BKEP.US,5,20211015,201500,3.42,3.42,3.42,3.42,2925,0
BKEP.US,5,20211015,203000,3.41,3.41,3.41,3.41,100,0
BKEP.US,5,20211015,203500,3.44,3.44,3.41,3.41,5300,0
BKEP.US,5,20211015,204000,3.42,3.42,3.42,3.42,100,0
BKEP.US,5,20211015,210500,3.42,3.42,3.42,3.42,1100,0
BKEP.US,5,20211015,211500,3.42,3.42,3.41,3.42,2900,0
BKEP.US,5,20211015,212000,3.42,3.42,3.415,3.415,1302,0
BKEP.US,5,20211015,212500,3.42,3.42,3.41,3.42,2800,0
BKEP.US,5,20211015,213000,3.42,3.42,3.42,3.42,669,0
BKEP.US,5,20211015,215000,3.41,3.4101,3.41,3.4101,384,0
BKEP.US,5,20211015,215500,3.41,3.41,3.36,3.4,10896,0
BKEP.US,5,20211018,153000,3.4,3.4,3.4,3.4,880,0
BKEP.US,5,20211018,153500,3.36,3.36,3.36,3.36,582,0
BKEP.US,5,20211018,154000,3.3999,3.3999,3.3999,3.3999,100,0
BKEP.US,5,20211018,154500,3.4,3.4,3.4,3.4,100,0
BKEP.US,5,20211018,155500,3.3973,3.4,3.3973,3.4,2586,0
BKEP.US,5,20211018,160500,3.398,3.398,3.398,3.398,200,0
BKEP.US,5,20211018,161000,3.3962,3.3962,3.3962,3.3962,200,0
BKEP.US,5,20211018,161500,3.4,3.4,3.4,3.4,408,0
BKEP.US,5,20211018,163500,3.38,3.4,3.36,3.4,2700,0
BKEP.US,5,20211018,164000,3.36,3.3672,3.36,3.3672,231,0
BKEP.US,5,20211018,164500,3.38,3.38,3.38,3.38,100,0
BKEP.US,5,20211018,171500,3.3716,3.38,3.3716,3.38,646,0
BKEP.US,5,20211018,172000,3.39,3.39,3.39,3.39,300,0
BKEP.US,5,20211018,174000,3.3909,3.3909,3.3909,3.3909,445,0
BKEP.US,5,20211018,174500,3.3965,3.3965,3.3965,3.3965,100,0
BKEP.US,5,20211018,181000,3.3802,3.4,3.3802,3.4,1700,0
BKEP.US,5,20211018,182500,3.4,3.4,3.4,3.4,799,0
BKEP.US,5,20211018,183000,3.41,3.41,3.41,3.41,100,0
BKEP.US,5,20211018,185000,3.3992,3.3992,3.3992,3.3992,100,0
BKEP.US,5,20211018,190000,3.3961,3.41,3.3961,3.4,450,0
BKEP.US,5,20211018,193500,3.4,3.4002,3.4,3.4002,1000,0
BKEP.US,5,20211018,200500,3.4,3.4,3.4,3.4,450,0
BKEP.US,5,20211018,201000,3.4025,3.4025,3.4025,3.4025,216,0
BKEP.US,5,20211018,201500,3.395,3.4,3.395,3.4,900,0
BKEP.US,5,20211018,202000,3.3923,3.3923,3.3923,3.3923,100,0
BKEP.US,5,20211018,204500,3.39,3.39,3.39,3.39,600,0
BKEP.US,5,20211018,211500,3.39,3.39,3.39,3.39,697,0
BKEP.US,5,20211018,212000,3.4,3.4,3.4,3.4,600,0
BKEP.US,5,20211018,213000,3.4,3.4,3.4,3.4,160,0
BKEP.US,5,20211018,214000,3.39,3.39,3.39,3.39,200,0
BKEP.US,5,20211018,214500,3.39,3.39,3.39,3.39,200,0
BKEP.US,5,20211018,215000,3.395,3.395,3.39,3.3901,1455,0
BKEP.US,5,20211018,215500,3.39,3.4,3.37,3.4,2896,0
BKEP.US,5,20211019,153000,3.41,3.41,3.41,3.41,1219,0
BKEP.US,5,20211019,153500,3.43,3.43,3.4,3.4,4767,0
BKEP.US,5,20211019,160000,3.4,3.4,3.4,3.4,2063,0
BKEP.US,5,20211019,161500,3.3896,3.3896,3.3896,3.3896,400,0
BKEP.US,5,20211019,162000,3.38,3.3883,3.38,3.3883,2294,0
BKEP.US,5,20211019,163500,3.395,3.395,3.395,3.395,150,0
BKEP.US,5,20211019,164500,3.4,3.4,3.4,3.4,173,0
BKEP.US,5,20211019,172500,3.3902,3.3902,3.3902,3.3902,500,0
BKEP.US,5,20211019,173500,3.3976,3.3976,3.3976,3.3976,100,0
BKEP.US,5,20211019,174000,3.3989,3.3989,3.3989,3.3989,1500,0
BKEP.US,5,20211019,174500,3.395,3.395,3.395,3.395,925,0
BKEP.US,5,20211019,175000,3.395,3.395,3.395,3.395,100,0
BKEP.US,5,20211019,175500,3.39,3.4,3.39,3.4,1293,0
BKEP.US,5,20211019,181000,3.4,3.4,3.39,3.39,1000,0
BKEP.US,5,20211019,183000,3.39,3.42,3.39,3.405,12524,0
BKEP.US,5,20211019,193000,3.42,3.42,3.42,3.42,100,0
BKEP.US,5,20211019,200000,3.395,3.395,3.395,3.395,1000,0
BKEP.US,5,20211019,200500,3.3915,3.3915,3.3915,3.3915,999,0
BKEP.US,5,20211019,202500,3.39,3.3902,3.39,3.3902,3100,0
BKEP.US,5,20211019,205000,3.38,3.3804,3.36,3.36,2935,0
BKEP.US,5,20211019,205500,3.375,3.375,3.375,3.375,2500,0
BKEP.US,5,20211019,210500,3.354,3.354,3.354,3.354,286,0
BKEP.US,5,20211019,215000,3.38,3.38,3.3601,3.3601,967,0
BKEP.US,5,20211019,215500,3.3501,3.37,3.34,3.37,5164,0
BKEP.US,5,20211020,153000,3.38,3.38,3.38,3.38,431,0
BKEP.US,5,20211020,153500,3.355,3.355,3.355,3.355,300,0
BKEP.US,5,20211020,154000,3.36,3.36,3.36,3.36,1500,0
BKEP.US,5,20211020,160000,3.35,3.3609,3.33,3.3609,878,0
BKEP.US,5,20211020,160500,3.33,3.33,3.32,3.32,1323,0
BKEP.US,5,20211020,163500,3.3401,3.37,3.3401,3.37,4975,0
BKEP.US,5,20211020,164500,3.355,3.355,3.355,3.355,125,0
BKEP.US,5,20211020,165000,3.34,3.35,3.34,3.35,700,0
BKEP.US,5,20211020,165500,3.35,3.35,3.35,3.35,250,0
BKEP.US,5,20211020,170000,3.36,3.36,3.36,3.36,100,0
BKEP.US,5,20211020,170500,3.366,3.366,3.3608,3.3608,615,0
BKEP.US,5,20211020,171000,3.3407,3.3407,3.3407,3.3407,338,0
BKEP.US,5,20211020,172500,3.35,3.35,3.35,3.35,100,0
BKEP.US,5,20211020,173500,3.34,3.3409,3.33,3.33,4994,0
BKEP.US,5,20211020,181500,3.36,3.36,3.36,3.36,500,0
BKEP.US,5,20211020,182500,3.3347,3.35,3.3347,3.35,600,0
BKEP.US,5,20211020,185000,3.34,3.34,3.33,3.33,870,0
BKEP.US,5,20211020,190000,3.34,3.34,3.34,3.34,1100,0
BKEP.US,5,20211020,191000,3.3499,3.3499,3.33,3.344,1775,0
BKEP.US,5,20211020,193000,3.33,3.33,3.33,3.33,100,0
BKEP.US,5,20211020,205000,3.34,3.34,3.34,3.34,100,0
BKEP.US,5,20211020,205500,3.335,3.3436,3.335,3.3436,600,0
BKEP.US,5,20211020,210000,3.3384,3.3384,3.33,3.33,400,0
BKEP.US,5,20211020,213000,3.34,3.34,3.34,3.34,250,0
BKEP.US,5,20211020,214000,3.33,3.33,3.33,3.33,200,0
BKEP.US,5,20211020,214500,3.335,3.335,3.335,3.335,1300,0
BKEP.US,5,20211020,215000,3.335,3.335,3.335,3.335,1200,0
BKEP.US,5,20211020,215500,3.335,3.36,3.32,3.36,13998,0
BKEP.US,5,20211021,153000,3.34,3.345,3.34,3.345,419,0
BKEP.US,5,20211021,153500,3.3401,3.3401,3.3401,3.3401,1000,0
BKEP.US,5,20211021,160000,3.34,3.34,3.34,3.34,100,0
BKEP.US,5,20211021,160500,3.34,3.3499,3.34,3.3499,2000,0
BKEP.US,5,20211021,161500,3.34,3.34,3.34,3.34,2594,0
BKEP.US,5,20211021,162000,3.33,3.33,3.33,3.33,1000,0
BKEP.US,5,20211021,162500,3.34,3.34,3.34,3.34,100,0
BKEP.US,5,20211021,163500,3.326,3.326,3.326,3.326,1000,0
BKEP.US,5,20211021,165500,3.3229,3.3229,3.3,3.3067,4374,0
BKEP.US,5,20211021,173500,3.31,3.31,3.3,3.3004,5589,0
BKEP.US,5,20211021,174500,3.29,3.29,3.27,3.27,1168,0
BKEP.US,5,20211021,180000,3.284,3.2898,3.284,3.2898,500,0
BKEP.US,5,20211021,180500,3.2701,3.2701,3.2701,3.2701,307,0
BKEP.US,5,20211021,181000,3.2881,3.29,3.2881,3.29,890,0
BKEP.US,5,20211021,181500,3.29,3.29,3.29,3.29,500,0
BKEP.US,5,20211021,182000,3.29,3.29,3.29,3.29,500,0
BKEP.US,5,20211021,183500,3.2885,3.2885,3.2885,3.2885,1000,0
BKEP.US,5,20211021,184000,3.29,3.29,3.29,3.29,600,0
BKEP.US,5,20211021,185000,3.2919,3.2919,3.2919,3.2919,995,0
BKEP.US,5,20211021,190000,3.28,3.28,3.28,3.28,221,0
BKEP.US,5,20211021,192500,3.27,3.279,3.27,3.279,2362,0
BKEP.US,5,20211021,193500,3.27,3.27,3.27,3.27,200,0
BKEP.US,5,20211021,194000,3.28,3.28,3.28,3.28,100,0
BKEP.US,5,20211021,195000,3.286,3.286,3.286,3.286,300,0
BKEP.US,5,20211021,195500,3.27,3.27,3.27,3.27,1437,0
BKEP.US,5,20211021,200000,3.266,3.266,3.2503,3.2503,2701,0
BKEP.US,5,20211021,202000,3.25,3.2536,3.25,3.25,900,0
BKEP.US,5,20211021,203000,3.2501,3.2501,3.2501,3.2501,500,0
BKEP.US,5,20211021,204500,3.25,3.25,3.25,3.25,1300,0
BKEP.US,5,20211021,205500,3.255,3.255,3.25,3.25,300,0
BKEP.US,5,20211021,210500,3.2599,3.2599,3.255,3.255,6900,0
BKEP.US,5,20211021,211500,3.25,3.26,3.25,3.26,9963,0
BKEP.US,5,20211021,213000,3.2538,3.255,3.2538,3.255,1910,0
BKEP.US,5,20211021,214000,3.2572,3.2572,3.25,3.255,1061,0
BKEP.US,5,20211021,214500,3.255,3.26,3.25,3.26,7052,0
BKEP.US,5,20211021,215000,3.2591,3.29,3.255,3.29,8953,0
BKEP.US,5,20211021,215500,3.29,3.3,3.275,3.29,5925,0
BKEP.US,5,20211022,153000,3.28,3.28,3.2619,3.2619,1153,0
BKEP.US,5,20211022,153500,3.27,3.27,3.27,3.27,1000,0
BKEP.US,5,20211022,154000,3.2602,3.2602,3.2602,3.2602,1200,0
BKEP.US,5,20211022,165000,3.2589,3.2589,3.2589,3.2589,306,0
BKEP.US,5,20211022,170000,3.2591,3.2591,3.255,3.255,1145,0
BKEP.US,5,20211022,170500,3.2506,3.2506,3.2506,3.2506,100,0
BKEP.US,5,20211022,171000,3.26,3.29,3.26,3.29,6349,0
BKEP.US,5,20211022,171500,3.29,3.33,3.29,3.33,4300,0
BKEP.US,5,20211022,172000,3.3,3.31,3.3,3.31,2000,0
BKEP.US,5,20211022,172500,3.31,3.33,3.31,3.33,3200,0
BKEP.US,5,20211022,173000,3.301,3.33,3.28,3.28,4800,0
BKEP.US,5,20211022,173500,3.28,3.3,3.27,3.3,1395,0
BKEP.US,5,20211022,174000,3.2933,3.2933,3.2933,3.2933,100,0
BKEP.US,5,20211022,180000,3.29,3.29,3.27,3.27,565,0
BKEP.US,5,20211022,182000,3.2709,3.2709,3.2709,3.2709,250,0
BKEP.US,5,20211022,184000,3.2601,3.262,3.2601,3.262,265,0
BKEP.US,5,20211022,185000,3.27,3.27,3.27,3.27,100,0
BKEP.US,5,20211022,190500,3.28,3.28,3.28,3.28,100,0
BKEP.US,5,20211022,191000,3.2629,3.2629,3.25,3.25,8601,0
BKEP.US,5,20211022,191500,3.25,3.26,3.25,3.26,5500,0
BKEP.US,5,20211022,202500,3.27,3.27,3.27,3.27,650,0
BKEP.US,5,20211022,215500,3.28,3.29,3.26,3.26,3178,0
BKEP.US,5,20211025,153000,3.25,3.27,3.25,3.25,3423,0
BKEP.US,5,20211025,153500,3.25,3.25,3.25,3.25,500,0
BKEP.US,5,20211025,154000,3.23,3.26,3.21,3.26,4574,0
BKEP.US,5,20211025,154500,3.26,3.26,3.26,3.26,1018,0
BKEP.US,5,20211025,155000,3.2478,3.26,3.2478,3.26,1000,0
BKEP.US,5,20211025,155500,3.2508,3.2508,3.2508,3.2508,1500,0
BKEP.US,5,20211025,161000,3.21,3.26,3.21,3.26,5800,0
BKEP.US,5,20211025,161500,3.2101,3.26,3.2101,3.26,385,0
BKEP.US,5,20211025,162000,3.2101,3.2101,3.2101,3.2101,200,0
BKEP.US,5,20211025,163500,3.21,3.26,3.21,3.26,700,0
BKEP.US,5,20211025,164000,3.21,3.21,3.21,3.21,200,0
BKEP.US,5,20211025,164500,3.2255,3.26,3.2255,3.26,5200,0
BKEP.US,5,20211025,165000,3.26,3.26,3.26,3.26,100,0
BKEP.US,5,20211025,195000,3.225,3.24,3.225,3.24,5300,0
BKEP.US,5,20211025,195500,3.24,3.24,3.24,3.24,1100,0
BKEP.US,5,20211025,201000,3.24,3.25,3.24,3.25,1100,0
BKEP.US,5,20211025,202500,3.245,3.2499,3.245,3.2499,300,0
BKEP.US,5,20211025,204000,3.25,3.25,3.25,3.25,1943,0
BKEP.US,5,20211025,212000,3.28,3.28,3.26,3.26,4200,0
BKEP.US,5,20211025,213000,3.28,3.28,3.28,3.28,1724,0
BKEP.US,5,20211025,213500,3.29,3.29,3.28,3.29,3945,0
BKEP.US,5,20211025,214000,3.3096,3.3215,3.3096,3.3215,4053,0
BKEP.US,5,20211025,214500,3.34,3.34,3.34,3.34,100,0
BKEP.US,5,20211025,215000,3.3287,3.33,3.3287,3.33,700,0
BKEP.US,5,20211025,215500,3.33,3.34,3.29,3.34,1826,0
BKEP.US,5,20211026,153000,3.3491,3.3491,3.3491,3.3491,250,0
BKEP.US,5,20211026,153500,3.34,3.34,3.33,3.33,200,0
BKEP.US,5,20211026,154000,3.2501,3.2501,3.2501,3.2501,100,0
BKEP.US,5,20211026,154500,3.3499,3.3499,3.25,3.25,1800,0
BKEP.US,5,20211026,155000,3.2676,3.2676,3.2676,3.2676,392,0
BKEP.US,5,20211026,160500,3.3,3.3,3.3,3.3,300,0
BKEP.US,5,20211026,163000,3.25,3.25,3.25,3.25,382,0
BKEP.US,5,20211026,164000,3.27,3.27,3.27,3.27,794,0
BKEP.US,5,20211026,170500,3.2606,3.2606,3.2606,3.2606,500,0
BKEP.US,5,20211026,172000,3.3,3.3,3.3,3.3,100,0
BKEP.US,5,20211026,174500,3.3499,3.3499,3.3499,3.3499,360,0
BKEP.US,5,20211026,182500,3.3,3.32,3.3,3.32,4400,0
BKEP.US,5,20211026,184500,3.265,3.265,3.265,3.265,800,0
BKEP.US,5,20211026,185000,3.265,3.265,3.265,3.265,400,0
BKEP.US,5,20211026,185500,3.26,3.26,3.26,3.26,1000,0
BKEP.US,5,20211026,190000,3.3,3.3,3.3,3.3,2500,0
BKEP.US,5,20211026,190500,3.26,3.26,3.26,3.26,1000,0
BKEP.US,5,20211026,191000,3.27,3.29,3.27,3.27,11700,0
BKEP.US,5,20211026,191500,3.27,3.27,3.27,3.27,300,0
BKEP.US,5,20211026,192000,3.27,3.27,3.27,3.27,1176,0
BKEP.US,5,20211026,192500,3.27,3.27,3.27,3.27,100,0
BKEP.US,5,20211026,193500,3.3,3.3,3.3,3.3,529,0
BKEP.US,5,20211026,194000,3.256,3.2644,3.25,3.25,1400,0
BKEP.US,5,20211026,200500,3.26,3.26,3.26,3.26,400,0
BKEP.US,5,20211026,201500,3.255,3.255,3.255,3.255,400,0
BKEP.US,5,20211026,202000,3.2843,3.2843,3.2843,3.2843,100,0
BKEP.US,5,20211026,203500,3.265,3.32,3.265,3.265,600,0
BKEP.US,5,20211026,204500,3.265,3.265,3.255,3.255,400,0
BKEP.US,5,20211026,205000,3.28,3.28,3.25,3.25,800,0
BKEP.US,5,20211026,205500,3.25,3.25,3.25,3.25,400,0
BKEP.US,5,20211026,210000,3.25,3.25,3.25,3.25,100,0
BKEP.US,5,20211026,210500,3.26,3.26,3.26,3.26,100,0
BKEP.US,5,20211026,211000,3.255,3.255,3.255,3.255,100,0
BKEP.US,5,20211026,211500,3.27,3.27,3.27,3.27,200,0
BKEP.US,5,20211026,212000,3.2859,3.2859,3.27,3.27,558,0
BKEP.US,5,20211026,212500,3.27,3.27,3.252,3.27,500,0
BKEP.US,5,20211026,213000,3.265,3.265,3.265,3.265,100,0
BKEP.US,5,20211026,213500,3.265,3.265,3.265,3.265,200,0
BKEP.US,5,20211026,214000,3.265,3.265,3.26,3.26,300,0
BKEP.US,5,20211026,214500,3.26,3.26,3.26,3.26,300,0
BKEP.US,5,20211026,215000,3.26,3.26,3.25,3.25,300,0
BKEP.US,5,20211026,215500,3.25,3.26,3.25,3.25,1477,0
BKEP.US,5,20211027,153000,3.25,3.31,3.1703,3.31,762,0
BKEP.US,5,20211027,154500,3.285,3.285,3.285,3.285,2000,0
BKEP.US,5,20211027,155000,3.2642,3.2642,3.2642,3.2642,200,0
BKEP.US,5,20211027,155500,3.285,3.285,3.285,3.285,151,0
BKEP.US,5,20211027,160000,3.31,3.31,3.31,3.31,100,0
BKEP.US,5,20211027,160500,3.25,3.25,3.22,3.22,1498,0
BKEP.US,5,20211027,161000,3.265,3.28,3.265,3.28,400,0
BKEP.US,5,20211027,161500,3.28,3.28,3.28,3.28,300,0
BKEP.US,5,20211027,162000,3.28,3.28,3.28,3.28,100,0
BKEP.US,5,20211027,162500,3.28,3.3,3.28,3.2925,1575,0
BKEP.US,5,20211027,163000,3.2925,3.2925,3.2925,3.2925,100,0
BKEP.US,5,20211027,163500,3.2925,3.31,3.23,3.3,8918,0
BKEP.US,5,20211027,164000,3.3,3.3,3.2925,3.2925,5315,0
BKEP.US,5,20211027,164500,3.2925,3.31,3.2925,3.31,900,0
BKEP.US,5,20211027,165000,3.29,3.295,3.29,3.295,1615,0
BKEP.US,5,20211027,165500,3.295,3.295,3.295,3.295,300,0
BKEP.US,5,20211027,170000,3.295,3.295,3.295,3.295,300,0
BKEP.US,5,20211027,170500,3.295,3.32,3.295,3.32,500,0
BKEP.US,5,20211027,171000,3.295,3.32,3.295,3.32,500,0
BKEP.US,5,20211027,171500,3.2975,3.2975,3.295,3.295,300,0
BKEP.US,5,20211027,172000,3.295,3.33,3.295,3.2975,6600,0
BKEP.US,5,20211027,172500,3.33,3.33,3.2975,3.2975,500,0
BKEP.US,5,20211027,173000,3.33,3.33,3.2975,3.2975,500,0
BKEP.US,5,20211027,173500,3.33,3.33,3.3,3.3,500,0
BKEP.US,5,20211027,174000,3.33,3.33,3.295,3.2975,700,0
BKEP.US,5,20211027,174500,3.2975,3.33,3.2975,3.3,400,0
BKEP.US,5,20211027,175000,3.3,3.3,3.3,3.3,2100,0
BKEP.US,5,20211027,180500,3.3,3.35,3.3,3.35,600,0
BKEP.US,5,20211027,181500,3.35,3.36,3.35,3.36,392,0
BKEP.US,5,20211027,182000,3.3,3.3,3.295,3.295,200,0
BKEP.US,5,20211027,182500,3.295,3.36,3.295,3.36,600,0
BKEP.US,5,20211027,183500,3.35,3.35,3.35,3.35,100,0
BKEP.US,5,20211027,184000,3.34,3.34,3.27,3.27,300,0
BKEP.US,5,20211027,184500,3.28,3.28,3.28,3.28,200,0
BKEP.US,5,20211027,185000,3.3,3.34,3.3,3.3,1200,0
BKEP.US,5,20211027,185500,3.3,3.34,3.3,3.3,300,0
BKEP.US,5,20211027,191500,3.33,3.33,3.2975,3.2975,1866,0
BKEP.US,5,20211027,192000,3.3,3.34,3.3,3.34,700,0
BKEP.US,5,20211027,192500,3.3,3.34,3.3,3.34,300,0
BKEP.US,5,20211027,193000,3.3,3.3,3.3,3.3,300,0
BKEP.US,5,20211027,193500,3.33,3.33,3.2975,3.2975,300,0
BKEP.US,5,20211027,194000,3.2975,3.2975,3.2975,3.2975,200,0
BKEP.US,5,20211027,194500,3.2975,3.2975,3.2975,3.2975,300,0
BKEP.US,5,20211027,195000,3.295,3.295,3.295,3.295,200,0
BKEP.US,5,20211027,202000,3.3,3.32,3.3,3.31,700,0
BKEP.US,5,20211027,203000,3.32,3.32,3.3108,3.32,1882,0
BKEP.US,5,20211027,203500,3.3,3.3,3.3,3.3,400,0
BKEP.US,5,20211027,204500,3.31,3.31,3.31,3.31,100,0
BKEP.US,5,20211027,205000,3.3,3.31,3.3,3.3,600,0
BKEP.US,5,20211027,210000,3.32,3.32,3.32,3.32,241,0
BKEP.US,5,20211027,210500,3.3,3.31,3.3,3.31,300,0
BKEP.US,5,20211027,211000,3.3,3.32,3.28,3.32,1000,0
BKEP.US,5,20211027,211500,3.28,3.32,3.28,3.32,1318,0
BKEP.US,5,20211027,212000,3.28,3.28,3.26,3.27,700,0
BKEP.US,5,20211027,212500,3.31,3.31,3.31,3.31,100,0
BKEP.US,5,20211027,213000,3.26,3.26,3.26,3.26,600,0
BKEP.US,5,20211027,213500,3.31,3.31,3.28,3.3,300,0
BKEP.US,5,20211027,214000,3.26,3.3,3.26,3.3,600,0
BKEP.US,5,20211027,214500,3.26,3.26,3.26,3.26,500,0
BKEP.US,5,20211027,215000,3.3,3.3,3.28,3.3,1313,0
BKEP.US,5,20211027,215500,3.28,3.31,3.26,3.31,2792,0
BKEP.US,5,20211028,153000,3.28,3.28,3.272,3.272,3225,0
BKEP.US,5,20211028,153500,3.28,3.28,3.28,3.28,450,0
BKEP.US,5,20211028,154000,3.29,3.35,3.27,3.27,1100,0
BKEP.US,5,20211028,154500,3.295,3.295,3.295,3.295,150,0
BKEP.US,5,20211028,155000,3.27,3.33,3.27,3.27,700,0
BKEP.US,5,20211028,160000,3.265,3.33,3.265,3.33,500,0
BKEP.US,5,20211028,160500,3.29,3.29,3.29,3.29,700,0
BKEP.US,5,20211028,161000,3.29,3.29,3.29,3.29,300,0
BKEP.US,5,20211028,162000,3.34,3.34,3.34,3.34,100,0
BKEP.US,5,20211028,163000,3.29,3.325,3.29,3.29,900,0
BKEP.US,5,20211028,163500,3.29,3.29,3.29,3.29,200,0
BKEP.US,5,20211028,164000,3.29,3.29,3.29,3.29,300,0
BKEP.US,5,20211028,165000,3.2501,3.34,3.2501,3.34,2100,0
BKEP.US,5,20211028,170000,3.29,3.29,3.29,3.29,900,0
BKEP.US,5,20211028,170500,3.33,3.33,3.29,3.29,1400,0
BKEP.US,5,20211028,171000,3.29,3.29,3.29,3.29,200,0
BKEP.US,5,20211028,171500,3.34,3.34,3.285,3.285,1003,0
BKEP.US,5,20211028,172000,3.275,3.3,3.275,3.275,700,0
BKEP.US,5,20211028,172500,3.275,3.275,3.275,3.275,200,0
BKEP.US,5,20211028,173000,3.275,3.275,3.275,3.275,200,0
BKEP.US,5,20211028,173500,3.27,3.27,3.27,3.27,300,0
BKEP.US,5,20211028,174000,3.27,3.27,3.27,3.27,200,0
BKEP.US,5,20211028,174500,3.27,3.27,3.27,3.27,200,0
BKEP.US,5,20211028,175000,3.27,3.27,3.27,3.27,300,0
BKEP.US,5,20211028,175500,3.27,3.27,3.27,3.27,100,0
BKEP.US,5,20211028,180000,3.27,3.27,3.27,3.27,765,0
BKEP.US,5,20211028,180500,3.27,3.27,3.27,3.27,200,0
BKEP.US,5,20211028,181000,3.27,3.27,3.2501,3.27,404,0
BKEP.US,5,20211028,181500,3.27,3.29,3.27,3.27,300,0
BKEP.US,5,20211028,182000,3.27,3.27,3.27,3.27,300,0
BKEP.US,5,20211028,182500,3.27,3.27,3.27,3.27,100,0
BKEP.US,5,20211028,183000,3.27,3.27,3.27,3.27,550,0
BKEP.US,5,20211028,183500,3.265,3.265,3.245,3.245,2400,0
BKEP.US,5,20211028,184000,3.2475,3.26,3.2475,3.2475,500,0
BKEP.US,5,20211028,184500,3.2599,3.26,3.2525,3.2525,1200,0
BKEP.US,5,20211028,185000,3.2525,3.26,3.2525,3.2525,500,0
BKEP.US,5,20211028,185500,3.2525,3.2525,3.2525,3.2525,200,0
BKEP.US,5,20211028,190000,3.255,3.26,3.25,3.255,1770,0
BKEP.US,5,20211028,190500,3.255,3.29,3.255,3.29,300,0
BKEP.US,5,20211028,191000,3.265,3.29,3.265,3.265,300,0
BKEP.US,5,20211028,191500,3.265,3.29,3.265,3.29,300,0
BKEP.US,5,20211028,192000,3.265,3.265,3.26,3.26,200,0
BKEP.US,5,20211028,192500,3.26,3.28,3.26,3.26,300,0
BKEP.US,5,20211028,193000,3.26,3.26,3.26,3.26,200,0
BKEP.US,5,20211028,193500,3.26,3.28,3.26,3.26,300,0
BKEP.US,5,20211028,194000,3.26,3.26,3.2575,3.2575,500,0
BKEP.US,5,20211028,194500,3.2575,3.27,3.2575,3.2625,500,0
BKEP.US,5,20211028,195000,3.265,3.265,3.265,3.265,100,0
BKEP.US,5,20211028,195500,3.265,3.265,3.265,3.265,200,0
BKEP.US,5,20211028,200000,3.265,3.265,3.265,3.265,100,0
BKEP.US,5,20211028,200500,3.265,3.265,3.26,3.26,200,0
BKEP.US,5,20211028,201000,3.26,3.26,3.26,3.26,200,0
BKEP.US,5,20211028,201500,3.26,3.26,3.26,3.26,200,0
BKEP.US,5,20211028,202000,3.2575,3.2575,3.2575,3.2575,100,0
BKEP.US,5,20211028,202500,3.2625,3.2659,3.2625,3.2625,601,0
BKEP.US,5,20211028,203000,3.2625,3.2625,3.2625,3.2625,100,0
BKEP.US,5,20211028,203500,3.2625,3.2625,3.2625,3.2625,200,0
BKEP.US,5,20211028,204000,3.2625,3.27,3.2625,3.2625,600,0
BKEP.US,5,20211028,204500,3.27,3.2998,3.2675,3.2675,10525,0
BKEP.US,5,20211028,205000,3.2675,3.29,3.2675,3.2675,300,0
BKEP.US,5,20211028,205500,3.27,3.27,3.27,3.27,2200,0
BKEP.US,5,20211028,210000,3.27,3.27,3.27,3.27,200,0
BKEP.US,5,20211028,210500,3.27,3.29,3.27,3.27,300,0
BKEP.US,5,20211028,211000,3.27,3.3,3.27,3.3,500,0
BKEP.US,5,20211028,211500,3.27,3.275,3.27,3.275,200,0
BKEP.US,5,20211028,212000,3.275,3.275,3.275,3.275,100,0
BKEP.US,5,20211028,213500,3.3,3.3,3.2949,3.2949,1100,0
BKEP.US,5,20211028,214000,3.3,3.3,3.3,3.3,100,0
BKEP.US,5,20211028,214500,3.3,3.3,3.3,3.3,100,0
BKEP.US,5,20211028,215500,3.29,3.31,3.29,3.31,1553,0
BKEP.US,5,20211029,153000,3.28,3.28,3.22,3.22,1228,0
BKEP.US,5,20211029,153500,3.255,3.255,3.255,3.255,600,0
BKEP.US,5,20211029,154000,3.28,3.29,3.255,3.29,900,0
BKEP.US,5,20211029,154500,3.29,3.29,3.29,3.29,900,0
BKEP.US,5,20211029,155000,3.29,3.29,3.265,3.265,1500,0
BKEP.US,5,20211029,155500,3.265,3.3,3.265,3.27,1095,0
BKEP.US,5,20211029,160000,3.27,3.3,3.27,3.27,700,0
BKEP.US,5,20211029,160500,3.27,3.27,3.265,3.265,600,0
BKEP.US,5,20211029,161000,3.265,3.29,3.265,3.265,700,0
BKEP.US,5,20211029,161500,3.265,3.29,3.265,3.27,952,0
BKEP.US,5,20211029,162000,3.27,3.29,3.265,3.29,800,0
BKEP.US,5,20211029,162500,3.265,3.29,3.265,3.29,1057,0
BKEP.US,5,20211029,163000,3.265,3.29,3.265,3.27,1424,0
BKEP.US,5,20211029,163500,3.275,3.29,3.27,3.29,1371,0
BKEP.US,5,20211029,164000,3.27,3.27,3.27,3.27,400,0
BKEP.US,5,20211029,164500,3.27,3.27,3.27,3.27,600,0
BKEP.US,5,20211029,165000,3.27,3.3,3.27,3.29,2240,0
BKEP.US,5,20211029,165500,3.29,3.3,3.29,3.3,600,0
BKEP.US,5,20211029,170000,3.3,3.3,3.3,3.3,100,0
BKEP.US,5,20211029,170500,3.275,3.275,3.275,3.275,400,0
BKEP.US,5,20211029,171000,3.275,3.3,3.275,3.3,1500,0
BKEP.US,5,20211029,171500,3.3,3.3,3.3,3.3,100,0
BKEP.US,5,20211029,172000,3.275,3.275,3.275,3.275,100,0
BKEP.US,5,20211029,172500,3.275,3.275,3.275,3.275,500,0
BKEP.US,5,20211029,173000,3.275,3.275,3.275,3.275,400,0
BKEP.US,5,20211029,173500,3.275,3.3,3.27,3.27,556,0
BKEP.US,5,20211029,174000,3.27,3.29,3.27,3.27,500,0
BKEP.US,5,20211029,174500,3.27,3.2862,3.27,3.27,500,0
BKEP.US,5,20211029,175000,3.27,3.275,3.25,3.26,600,0
BKEP.US,5,20211029,175500,3.27,3.29,3.27,3.29,200,0
BKEP.US,5,20211029,180000,3.27,3.29,3.27,3.29,1274,0
BKEP.US,5,20211029,180500,3.27,3.27,3.27,3.27,400,0
BKEP.US,5,20211029,181000,3.29,3.3,3.29,3.3,1090,0
BKEP.US,5,20211029,181500,3.275,3.275,3.2612,3.275,1210,0
BKEP.US,5,20211029,182000,3.29,3.29,3.27,3.27,500,0
BKEP.US,5,20211029,182500,3.29,3.3,3.27,3.29,1400,0
BKEP.US,5,20211029,183000,3.3,3.3,3.29,3.3,20562,0
BKEP.US,5,20211029,183500,3.33,3.33,3.33,3.33,100,0
BKEP.US,5,20211029,184000,3.33,3.33,3.31,3.33,700,0
BKEP.US,5,20211029,184500,3.33,3.35,3.32,3.33,4800,0
BKEP.US,5,20211029,185000,3.34,3.34,3.34,3.34,300,0
BKEP.US,5,20211029,185500,3.34,3.34,3.33,3.3361,1700,0
BKEP.US,5,20211029,190000,3.32,3.32,3.32,3.32,200,0
BKEP.US,5,20211029,190500,3.315,3.33,3.315,3.33,600,0
BKEP.US,5,20211029,191000,3.315,3.33,3.315,3.33,600,0
BKEP.US,5,20211029,191500,3.3395,3.3395,3.315,3.315,730,0
BKEP.US,5,20211029,192000,3.33,3.33,3.31,3.33,700,0
BKEP.US,5,20211029,192500,3.33,3.33,3.31,3.31,600,0
BKEP.US,5,20211029,193000,3.3008,3.33,3.3008,3.31,611,0
BKEP.US,5,20211029,193500,3.305,3.32,3.305,3.32,300,0
BKEP.US,5,20211029,194000,3.305,3.32,3.305,3.32,500,0
BKEP.US,5,20211029,194500,3.305,3.32,3.305,3.305,500,0
BKEP.US,5,20211029,195000,3.305,3.32,3.305,3.305,600,0
BKEP.US,5,20211029,195500,3.305,3.32,3.305,3.31,2600,0
BKEP.US,5,20211029,200000,3.33,3.33,3.31,3.31,700,0
BKEP.US,5,20211029,200500,3.32,3.32,3.32,3.32,400,0
BKEP.US,5,20211029,201000,3.32,3.33,3.32,3.33,1000,0
BKEP.US,5,20211029,201500,3.33,3.33,3.33,3.33,600,0
BKEP.US,5,20211029,202000,3.34,3.34,3.34,3.34,100,0
BKEP.US,5,20211029,202500,3.335,3.335,3.335,3.335,200,0
BKEP.US,5,20211029,203000,3.335,3.34,3.33,3.34,1400,0
BKEP.US,5,20211029,203500,3.335,3.335,3.335,3.335,400,0
BKEP.US,5,20211029,204000,3.335,3.335,3.33,3.33,800,0
BKEP.US,5,20211029,204500,3.33,3.345,3.33,3.345,1000,0
BKEP.US,5,20211029,205000,3.35,3.35,3.345,3.345,500,0
BKEP.US,5,20211029,205500,3.35,3.35,3.345,3.345,500,0
BKEP.US,5,20211029,210000,3.345,3.35,3.33,3.34,6101,0
BKEP.US,5,20211029,210500,3.34,3.34,3.34,3.34,400,0
BKEP.US,5,20211029,211000,3.34,3.35,3.34,3.35,1100,0
BKEP.US,5,20211029,211500,3.35,3.35,3.34,3.35,400,0
BKEP.US,5,20211029,212000,3.34,3.35,3.34,3.34,600,0
BKEP.US,5,20211029,212500,3.35,3.35,3.34,3.34,725,0
BKEP.US,5,20211029,213000,3.34,3.345,3.33,3.33,2506,0
BKEP.US,5,20211029,213500,3.34,3.345,3.29,3.3,8489,0
BKEP.US,5,20211029,214000,3.31,3.32,3.31,3.31,2900,0
BKEP.US,5,20211029,214500,3.31,3.35,3.31,3.33,4706,0
BKEP.US,5,20211029,215000,3.34,3.35,3.32,3.35,5800,0
BKEP.US,5,20211029,215500,3.35,3.36,3.34,3.36,11390,0
BKEP.US,5,20211101,143000,3.33,3.33,3.32,3.32,5473,0
BKEP.US,5,20211101,143500,3.32,3.32,3.2814,3.32,3286,0
BKEP.US,5,20211101,144000,3.32,3.32,3.32,3.32,700,0
BKEP.US,5,20211101,144500,3.32,3.32,3.28,3.32,1000,0
BKEP.US,5,20211101,145000,3.32,3.33,3.32,3.33,800,0
BKEP.US,5,20211101,145500,3.33,3.345,3.33,3.345,800,0
BKEP.US,5,20211101,150000,3.345,3.345,3.295,3.295,1242,0
BKEP.US,5,20211101,150500,3.315,3.315,3.315,3.315,700,0
BKEP.US,5,20211101,151000,3.315,3.315,3.29,3.315,800,0
BKEP.US,5,20211101,151500,3.315,3.315,3.315,3.315,800,0
BKEP.US,5,20211101,152000,3.295,3.295,3.295,3.295,500,0
BKEP.US,5,20211101,152500,3.295,3.3,3.295,3.295,1100,0
BKEP.US,5,20211101,153000,3.295,3.295,3.295,3.295,600,0
BKEP.US,5,20211101,153500,3.295,3.295,3.29,3.295,1200,0
BKEP.US,5,20211101,154000,3.295,3.2986,3.295,3.295,1600,0
BKEP.US,5,20211101,154500,3.295,3.295,3.295,3.295,600,0
BKEP.US,5,20211101,155000,3.295,3.295,3.295,3.295,500,0
BKEP.US,5,20211101,155500,3.295,3.295,3.28,3.28,812,0
BKEP.US,5,20211101,160000,3.29,3.29,3.29,3.29,500,0
BKEP.US,5,20211101,160500,3.29,3.29,3.29,3.29,500,0
BKEP.US,5,20211101,161000,3.29,3.29,3.25,3.275,1666,0
BKEP.US,5,20211101,161500,3.29,3.29,3.29,3.29,600,0
BKEP.US,5,20211101,162000,3.29,3.29,3.27,3.27,700,0
BKEP.US,5,20211101,162500,3.285,3.285,3.285,3.285,400,0
BKEP.US,5,20211101,163000,3.285,3.285,3.285,3.285,500,0
BKEP.US,5,20211101,163500,3.285,3.285,3.285,3.285,500,0
BKEP.US,5,20211101,164000,3.27,3.3,3.25,3.29,2161,0
BKEP.US,5,20211101,164500,3.29,3.29,3.29,3.29,550,0
BKEP.US,5,20211101,165000,3.28,3.28,3.25,3.25,300,0
BKEP.US,5,20211101,165500,3.27,3.27,3.27,3.27,300,0
BKEP.US,5,20211101,170000,3.27,3.27,3.27,3.27,400,0
BKEP.US,5,20211101,170500,3.265,3.265,3.25,3.265,700,0
BKEP.US,5,20211101,171000,3.265,3.2784,3.25,3.265,900,0
BKEP.US,5,20211101,171500,3.265,3.2668,3.25,3.26,1252,0
BKEP.US,5,20211101,172000,3.26,3.27,3.25,3.27,2000,0
BKEP.US,5,20211101,172500,3.27,3.2776,3.2693,3.27,2111,0
BKEP.US,5,20211101,173000,3.27,3.275,3.27,3.275,800,0
BKEP.US,5,20211101,173500,3.275,3.275,3.27,3.275,700,0
BKEP.US,5,20211101,174000,3.275,3.275,3.27,3.275,700,0
BKEP.US,5,20211101,174500,3.275,3.275,3.27,3.275,1100,0
BKEP.US,5,20211101,175000,3.275,3.275,3.27,3.275,400,0
BKEP.US,5,20211101,175500,3.275,3.275,3.27,3.275,1969,0
BKEP.US,5,20211101,180000,3.27,3.275,3.27,3.275,900,0
BKEP.US,5,20211101,180500,3.275,3.275,3.27,3.275,900,0
BKEP.US,5,20211101,181000,3.27,3.275,3.27,3.27,600,0
BKEP.US,5,20211101,181500,3.275,3.275,3.27,3.275,700,0
BKEP.US,5,20211101,182000,3.275,3.275,3.27,3.27,900,0
BKEP.US,5,20211101,182500,3.275,3.275,3.27,3.275,900,0
BKEP.US,5,20211101,183000,3.275,3.275,3.27,3.275,600,0
BKEP.US,5,20211101,183500,3.27,3.275,3.27,3.275,1299,0
BKEP.US,5,20211101,184000,3.275,3.275,3.27,3.275,800,0
BKEP.US,5,20211101,184500,3.27,3.275,3.27,3.275,900,0
BKEP.US,5,20211101,185000,3.275,3.275,3.27,3.27,1100,0
BKEP.US,5,20211101,185500,3.275,3.275,3.27,3.27,800,0
BKEP.US,5,20211101,190000,3.275,3.275,3.27,3.275,800,0
BKEP.US,5,20211101,190500,3.275,3.275,3.27,3.27,900,0
BKEP.US,5,20211101,191000,3.275,3.28,3.27,3.275,1300,0
BKEP.US,5,20211101,191500,3.27,3.275,3.27,3.27,1000,0
BKEP.US,5,20211101,192000,3.275,3.275,3.27,3.275,800,0
BKEP.US,5,20211101,192500,3.27,3.275,3.27,3.275,1100,0
BKEP.US,5,20211101,193000,3.275,3.275,3.27,3.275,1258,0
BKEP.US,5,20211101,193500,3.275,3.275,3.27,3.275,1609,0
BKEP.US,5,20211101,194000,3.27,3.275,3.27,3.27,2802,0
BKEP.US,5,20211101,194500,3.27,3.275,3.27,3.27,2025,0
BKEP.US,5,20211101,195000,3.27,3.27,3.27,3.27,500,0
BKEP.US,5,20211101,195500,3.27,3.2798,3.27,3.275,2000,0
BKEP.US,5,20211101,200000,3.27,3.275,3.27,3.27,1000,0
BKEP.US,5,20211101,200500,3.275,3.275,3.27,3.27,800,0
BKEP.US,5,20211101,201000,3.275,3.275,3.27,3.27,2300,0
BKEP.US,5,20211101,201500,3.275,3.275,3.27,3.275,1600,0
BKEP.US,5,20211101,202000,3.27,3.298,3.27,3.285,4479,0
BKEP.US,5,20211101,202500,3.27,3.35,3.27,3.32,8593,0
BKEP.US,5,20211101,203000,3.3,3.32,3.3,3.32,4000,0
BKEP.US,5,20211101,203500,3.32,3.35,3.28,3.28,8982,0
BKEP.US,5,20211101,204000,3.29,3.29,3.27,3.29,2733,0
BKEP.US,5,20211101,204500,3.29,3.29,3.27,3.29,1900,0
BKEP.US,5,20211101,205000,3.29,3.3,3.27,3.27,3900,0
BKEP.US,5,20211101,205500,3.27,3.33,3.27,3.28,9088,0
BKEP.US,5,20211102,143000,3.29,3.32,3.29,3.32,1382,0
BKEP.US,5,20211102,143500,3.32,3.32,3.315,3.315,1000,0
BKEP.US,5,20211102,144000,3.31,3.315,3.31,3.315,900,0
BKEP.US,5,20211102,144500,3.315,3.315,3.29,3.295,1300,0
BKEP.US,5,20211102,145000,3.27,3.29,3.27,3.27,900,0
BKEP.US,5,20211102,145500,3.29,3.29,3.22,3.255,1000,0
BKEP.US,5,20211102,150000,3.255,3.255,3.255,3.255,600,0
BKEP.US,5,20211102,150500,3.25,3.27,3.25,3.25,600,0
BKEP.US,5,20211102,151000,3.25,3.25,3.22,3.24,1200,0
BKEP.US,5,20211102,151500,3.26,3.26,3.22,3.24,2706,0
BKEP.US,5,20211102,152000,3.26,3.26,3.245,3.245,200,0
BKEP.US,5,20211102,152500,3.245,3.26,3.23,3.245,1400,0
BKEP.US,5,20211102,153000,3.23,3.235,3.22,3.22,1850,0
BKEP.US,5,20211102,153500,3.22,3.23,3.22,3.225,10710,0
BKEP.US,5,20211102,154000,3.225,3.24,3.22,3.22,3850,0
BKEP.US,5,20211102,154500,3.21,3.225,3.2004,3.2004,7946,0
BKEP.US,5,20211102,155000,3.2399,3.2399,3.2,3.2263,2550,0
BKEP.US,5,20211102,155500,3.2001,3.215,3.19,3.19,4209,0
BKEP.US,5,20211102,160000,3.21,3.23,3.21,3.215,7343,0
BKEP.US,5,20211102,160500,3.2225,3.2225,3.2225,3.2225,600,0
BKEP.US,5,20211102,161000,3.215,3.25,3.215,3.25,600,0
BKEP.US,5,20211102,161500,3.25,3.27,3.22,3.27,1200,0
BKEP.US,5,20211102,162000,3.27,3.28,3.25,3.2625,2800,0
BKEP.US,5,20211102,162500,3.28,3.3,3.28,3.3,600,0
BKEP.US,5,20211102,163000,3.3,3.3,3.2675,3.3,1400,0
BKEP.US,5,20211102,163500,3.3,3.3,3.265,3.29,1300,0
BKEP.US,5,20211102,164000,3.29,3.29,3.265,3.29,1000,0
BKEP.US,5,20211102,164500,3.29,3.29,3.265,3.265,1500,0
BKEP.US,5,20211102,165000,3.29,3.29,3.28,3.28,800,0
BKEP.US,5,20211102,165500,3.28,3.28,3.2625,3.2625,1200,0
BKEP.US,5,20211102,170000,3.2625,3.28,3.2625,3.28,1000,0
BKEP.US,5,20211102,170500,3.28,3.28,3.27,3.28,900,0
BKEP.US,5,20211102,171000,3.28,3.28,3.275,3.275,2200,0
BKEP.US,5,20211102,172000,3.27,3.27,3.27,3.27,500,0
BKEP.US,5,20211102,172500,3.28,3.28,3.23,3.255,4275,0
BKEP.US,5,20211102,173000,3.255,3.27,3.255,3.27,2400,0
BKEP.US,5,20211102,173500,3.27,3.28,3.2625,3.2625,1700,0
BKEP.US,5,20211102,174000,3.2625,3.28,3.255,3.28,4900,0
BKEP.US,5,20211102,174500,3.2625,3.28,3.2625,3.2625,1029,0
BKEP.US,5,20211102,175000,3.28,3.3,3.2625,3.3,1300,0
BKEP.US,5,20211102,175500,3.2675,3.2675,3.2675,3.2675,400,0
BKEP.US,5,20211102,180000,3.2675,3.2675,3.265,3.265,600,0
BKEP.US,5,20211102,180500,3.265,3.29,3.26,3.275,800,0
BKEP.US,5,20211102,181000,3.265,3.29,3.265,3.29,700,0
BKEP.US,5,20211102,181500,3.275,3.275,3.26,3.26,5500,0
BKEP.US,5,20211102,182000,3.26,3.26,3.255,3.255,400,0
BKEP.US,5,20211102,182500,3.255,3.28,3.255,3.28,300,0
BKEP.US,5,20211102,183000,3.255,3.28,3.255,3.255,500,0
BKEP.US,5,20211102,183500,3.28,3.3,3.265,3.3,2100,0
BKEP.US,5,20211102,184000,3.27,3.3,3.27,3.27,1400,0
BKEP.US,5,20211102,184500,3.27,3.3,3.27,3.27,1000,0
BKEP.US,5,20211102,185000,3.27,3.29,3.265,3.2675,1100,0
BKEP.US,5,20211102,185500,3.2675,3.29,3.265,3.265,1000,0
BKEP.US,5,20211102,190000,3.29,3.3,3.265,3.27,2200,0
BKEP.US,5,20211102,190500,3.3,3.3,3.27,3.285,1000,0
BKEP.US,5,20211102,191000,3.285,3.3,3.27,3.27,1200,0
BKEP.US,5,20211102,191500,3.285,3.3,3.27,3.3,1800,0
BKEP.US,5,20211102,192000,3.27,3.3,3.27,3.27,2000,0
BKEP.US,5,20211102,192500,3.27,3.29,3.27,3.2802,2600,0
BKEP.US,5,20211102,193000,3.29,3.29,3.25,3.27,1600,0
BKEP.US,5,20211102,193500,3.27,3.27,3.255,3.265,1230,0
BKEP.US,5,20211102,194000,3.26,3.265,3.26,3.265,1000,0
BKEP.US,5,20211102,194500,3.28,3.29,3.26,3.27,1848,0
BKEP.US,5,20211102,195000,3.27,3.29,3.27,3.27,1000,0
BKEP.US,5,20211102,195500,3.27,3.3,3.27,3.28,1600,0
BKEP.US,5,20211102,200000,3.265,3.29,3.265,3.27,1300,0
BKEP.US,5,20211102,200500,3.27,3.3,3.27,3.27,2400,0
BKEP.US,5,20211102,201000,3.27,3.2953,3.27,3.27,2710,0
BKEP.US,5,20211102,201500,3.3,3.3,3.27,3.27,1300,0
BKEP.US,5,20211102,202000,3.27,3.29,3.27,3.27,2300,0
BKEP.US,5,20211102,202500,3.27,3.28,3.27,3.27,1900,0
BKEP.US,5,20211102,203000,3.27,3.28,3.27,3.27,2300,0
BKEP.US,5,20211102,203500,3.28,3.28,3.27,3.28,1700,0
BKEP.US,5,20211102,204000,3.275,3.28,3.275,3.28,1100,0
BKEP.US,5,20211102,204500,3.275,3.285,3.275,3.285,1715,0
BKEP.US,5,20211102,205000,3.285,3.3,3.285,3.3,1200,0
BKEP.US,5,20211102,205500,3.3,3.32,3.27,3.32,6514,0
BKEP.US,5,20211103,143000,3.3,3.3,3.28,3.28,852,0
BKEP.US,5,20211103,143500,3.29,3.31,3.28,3.28,1000,0
BKEP.US,5,20211103,144000,3.28,3.28,3.251,3.275,6900,0
BKEP.US,5,20211103,144500,3.275,3.275,3.275,3.275,800,0
BKEP.US,5,20211103,145000,3.275,3.3,3.275,3.28,1211,0
BKEP.US,5,20211103,145500,3.28,3.3,3.23,3.265,1900,0
BKEP.US,5,20211103,150000,3.265,3.3,3.265,3.275,1000,0
BKEP.US,5,20211103,150500,3.3,3.3,3.2605,3.28,1000,0
BKEP.US,5,20211103,151000,3.28,3.28,3.25,3.25,4140,0
BKEP.US,5,20211103,151500,3.275,3.275,3.23,3.265,1300,0
BKEP.US,5,20211103,152000,3.23,3.27,3.23,3.24,1511,0
BKEP.US,5,20211103,152500,3.24,3.2999,3.24,3.27,5500,0
BKEP.US,5,20211103,153000,3.24,3.25,3.21,3.21,1714,0
BKEP.US,5,20211103,153500,3.22,3.235,3.22,3.235,200,0
BKEP.US,5,20211103,154000,3.235,3.235,3.22,3.235,1600,0
BKEP.US,5,20211103,154500,3.22,3.25,3.22,3.22,2100,0
BKEP.US,5,20211103,155000,3.22,3.235,3.21,3.22,2300,0
BKEP.US,5,20211103,155500,3.22,3.225,3.21,3.21,2542,0
BKEP.US,5,20211103,160000,3.19,3.215,3.19,3.215,1100,0
BKEP.US,5,20211103,160500,3.2,3.2,3.18,3.195,2208,0
BKEP.US,5,20211103,161000,3.195,3.22,3.18,3.205,12168,0
BKEP.US,5,20211103,161500,3.22,3.22,3.2,3.22,1577,0
BKEP.US,5,20211103,162000,3.23,3.26,3.23,3.255,2499,0
BKEP.US,5,20211103,162500,3.25,3.25,3.235,3.235,1100,0
BKEP.US,5,20211103,163000,3.235,3.2499,3.235,3.2423,7300,0
BKEP.US,5,20211103,163500,3.235,3.26,3.22,3.2523,3600,0
BKEP.US,5,20211103,164000,3.26,3.26,3.25,3.25,1800,0
BKEP.US,5,20211103,164500,3.25,3.25,3.25,3.25,400,0
BKEP.US,5,20211103,165000,3.25,3.26,3.25,3.26,900,0
BKEP.US,5,20211103,165500,3.2587,3.27,3.2587,3.26,4900,0
BKEP.US,5,20211103,170000,3.26,3.31,3.26,3.31,7348,0
BKEP.US,5,20211103,170500,3.3,3.301,3.285,3.285,11963,0
BKEP.US,5,20211103,171000,3.285,3.285,3.245,3.25,829,0
BKEP.US,5,20211103,171500,3.24,3.255,3.24,3.255,3806,0
BKEP.US,5,20211103,172000,3.24,3.245,3.24,3.245,1989,0
BKEP.US,5,20211103,172500,3.24,3.24,3.2,3.24,2700,0
BKEP.US,5,20211103,173000,3.24,3.265,3.24,3.24,3475,0
BKEP.US,5,20211103,173500,3.265,3.265,3.24,3.265,1800,0
BKEP.US,5,20211103,174000,3.24,3.265,3.23,3.23,2830,0
BKEP.US,5,20211103,174500,3.255,3.255,3.23,3.23,400,0
BKEP.US,5,20211103,175000,3.23,3.255,3.23,3.255,400,0
BKEP.US,5,20211103,175500,3.255,3.255,3.25,3.25,600,0
BKEP.US,5,20211103,180000,3.25,3.25,3.245,3.245,600,0
BKEP.US,5,20211103,180500,3.245,3.245,3.245,3.245,500,0
BKEP.US,5,20211103,181000,3.245,3.26,3.24,3.245,2916,0
BKEP.US,5,20211103,181500,3.26,3.26,3.2594,3.26,1077,0
BKEP.US,5,20211103,182000,3.27,3.27,3.265,3.265,700,0
BKEP.US,5,20211103,182500,3.265,3.265,3.265,3.265,400,0
BKEP.US,5,20211103,183000,3.265,3.265,3.26,3.26,400,0
BKEP.US,5,20211103,183500,3.26,3.26,3.26,3.26,300,0
BKEP.US,5,20211103,184000,3.26,3.26,3.26,3.26,400,0
BKEP.US,5,20211103,184500,3.26,3.27,3.26,3.27,1600,0
BKEP.US,5,20211103,185000,3.27,3.27,3.255,3.255,873,0
BKEP.US,5,20211103,185500,3.255,3.27,3.255,3.26,1038,0
BKEP.US,5,20211103,190000,3.26,3.26,3.26,3.26,400,0
BKEP.US,5,20211103,190500,3.26,3.2677,3.25,3.25,2100,0
BKEP.US,5,20211103,191000,3.25,3.27,3.25,3.25,2200,0
BKEP.US,5,20211103,191500,3.25,3.26,3.24,3.24,1600,0
BKEP.US,5,20211103,192000,3.25,3.25,3.25,3.25,300,0
BKEP.US,5,20211103,192500,3.25,3.25,3.25,3.25,600,0
BKEP.US,5,20211103,193000,3.25,3.25,3.25,3.25,1100,0
BKEP.US,5,20211103,193500,3.25,3.26,3.25,3.26,1300,0
BKEP.US,5,20211103,194000,3.27,3.27,3.255,3.27,600,0
BKEP.US,5,20211103,194500,3.25,3.275,3.25,3.25,1900,0
BKEP.US,5,20211103,195000,3.25,3.2753,3.24,3.24,11233,0
BKEP.US,5,20211103,195500,3.24,3.29,3.24,3.29,9395,0
BKEP.US,5,20211103,200000,3.28,3.28,3.25,3.25,2006,0
BKEP.US,5,20211103,200500,3.25,3.27,3.25,3.25,1800,0
BKEP.US,5,20211103,201000,3.26,3.26,3.24,3.25,4200,0
BKEP.US,5,20211103,201500,3.24,3.285,3.24,3.27,5825,0
BKEP.US,5,20211103,202000,3.27,3.27,3.25,3.27,4203,0
BKEP.US,5,20211103,202500,3.27,3.27,3.25,3.26,4700,0
BKEP.US,5,20211103,203000,3.26,3.275,3.255,3.27,5200,0
BKEP.US,5,20211103,203500,3.27,3.275,3.26,3.27,3200,0
BKEP.US,5,20211103,204000,3.27,3.275,3.27,3.27,3200,0
BKEP.US,5,20211103,204500,3.275,3.33,3.275,3.295,2000,0
BKEP.US,5,20211103,205000,3.295,3.31,3.28,3.29,4734,0
BKEP.US,5,20211103,205500,3.29,3.33,3.28,3.28,8180,0
BKEP.US,5,20211104,143000,3.27,3.3,3.27,3.3,1031,0
BKEP.US,5,20211104,144000,3.29,3.29,3.2821,3.2821,1103,0
BKEP.US,5,20211104,144500,3.28,3.28,3.26,3.28,4600,0
BKEP.US,5,20211104,145000,3.28,3.28,3.2728,3.2728,313,0
BKEP.US,5,20211104,150000,3.27,3.27,3.27,3.27,295,0
BKEP.US,5,20211104,151000,3.27,3.27,3.25,3.268,1100,0
BKEP.US,5,20211104,152000,3.25,3.25,3.25,3.25,1000,0
BKEP.US,5,20211104,152500,3.23,3.25,3.23,3.25,600,0
BKEP.US,5,20211104,153000,3.23,3.25,3.23,3.23,1700,0
BKEP.US,5,20211104,154000,3.23,3.25,3.23,3.23,900,0
BKEP.US,5,20211104,154500,3.23,3.23,3.21,3.21,600,0
BKEP.US,5,20211104,155000,3.21,3.21,3.18,3.18,1801,0
BKEP.US,5,20211104,160000,3.21,3.22,3.21,3.21,1700,0
BKEP.US,5,20211104,160500,3.21,3.21,3.21,3.21,900,0
BKEP.US,5,20211104,161000,3.21,3.21,3.18,3.21,2358,0
BKEP.US,5,20211104,161500,3.18,3.21,3.18,3.18,1500,0
BKEP.US,5,20211104,162500,3.18,3.2199,3.18,3.2199,990,0
BKEP.US,5,20211104,163000,3.18,3.2,3.18,3.1805,1298,0
BKEP.US,5,20211104,163500,3.185,3.185,3.185,3.185,100,0
BKEP.US,5,20211104,164000,3.185,3.185,3.18,3.185,800,0
BKEP.US,5,20211104,164500,3.185,3.19,3.18,3.185,2397,0
BKEP.US,5,20211104,165000,3.19,3.19,3.185,3.185,800,0
BKEP.US,5,20211104,165500,3.18,3.19,3.18,3.1899,2336,0
BKEP.US,5,20211104,170000,3.18,3.19,3.18,3.19,5700,0
BKEP.US,5,20211104,170500,3.19,3.19,3.19,3.19,900,0
BKEP.US,5,20211104,171000,3.19,3.2,3.1895,3.2,400,0
BKEP.US,5,20211104,171500,3.2,3.2,3.19,3.19,600,0
BKEP.US,5,20211104,172000,3.2,3.2,3.19,3.2,1400,0
BKEP.US,5,20211104,172500,3.2,3.21,3.2,3.21,1890,0
BKEP.US,5,20211104,173500,3.21,3.21,3.21,3.21,300,0
BKEP.US,5,20211104,174000,3.21,3.21,3.21,3.21,500,0
BKEP.US,5,20211104,174500,3.21,3.22,3.21,3.21,2000,0
BKEP.US,5,20211104,175000,3.21,3.21,3.2075,3.2075,1100,0
BKEP.US,5,20211104,175500,3.19,3.205,3.19,3.19,1000,0
BKEP.US,5,20211104,180000,3.21,3.21,3.21,3.21,500,0
BKEP.US,5,20211104,180500,3.21,3.22,3.19,3.22,2600,0
BKEP.US,5,20211104,181000,3.22,3.22,3.19,3.22,700,0
BKEP.US,5,20211104,181500,3.205,3.22,3.19,3.22,1457,0
BKEP.US,5,20211104,182000,3.22,3.22,3.205,3.22,1400,0
BKEP.US,5,20211104,182500,3.22,3.22,3.22,3.22,200,0
BKEP.US,5,20211104,183000,3.205,3.22,3.205,3.22,900,0
BKEP.US,5,20211104,183500,3.215,3.22,3.215,3.22,500,0
BKEP.US,5,20211104,184000,3.22,3.22,3.22,3.22,700,0
BKEP.US,5,20211104,184500,3.22,3.22,3.22,3.22,600,0
BKEP.US,5,20211104,185000,3.22,3.22,3.22,3.22,1800,0
BKEP.US,5,20211104,185500,3.22,3.22,3.22,3.22,700,0
BKEP.US,5,20211104,190500,3.22,3.24,3.22,3.24,3500,0
BKEP.US,5,20211104,192000,3.235,3.235,3.22,3.23,700,0
BKEP.US,5,20211104,192500,3.22,3.22,3.22,3.22,300,0
BKEP.US,5,20211104,193000,3.24,3.24,3.24,3.24,1194,0
BKEP.US,5,20211104,193500,3.25,3.27,3.25,3.26,5600,0
BKEP.US,5,20211104,194000,3.27,3.27,3.27,3.27,400,0
BKEP.US,5,20211104,194500,3.27,3.28,3.27,3.2701,1800,0
BKEP.US,5,20211104,195000,3.27,3.277,3.27,3.277,3201,0
BKEP.US,5,20211104,200000,3.2701,3.2701,3.27,3.27,1336,0
BKEP.US,5,20211104,200500,3.27,3.27,3.27,3.27,135,0
BKEP.US,5,20211104,201000,3.28,3.28,3.28,3.28,3900,0
BKEP.US,5,20211104,201500,3.29,3.29,3.29,3.29,924,0
BKEP.US,5,20211104,203500,3.29,3.29,3.29,3.29,103,0
BKEP.US,5,20211104,205000,3.28,3.28,3.28,3.28,3922,0
BKEP.US,5,20211104,205500,3.28,3.28,3.25,3.25,1009,0
BKEP.US,5,20211105,143000,3.29,3.29,3.23,3.25,1877,0
BKEP.US,5,20211105,143500,3.225,3.225,3.225,3.225,200,0
BKEP.US,5,20211105,144000,3.225,3.225,3.225,3.225,800,0
BKEP.US,5,20211105,144500,3.225,3.26,3.225,3.245,1650,0
BKEP.US,5,20211105,145000,3.245,3.29,3.245,3.255,1000,0
BKEP.US,5,20211105,145500,3.255,3.3,3.255,3.255,1831,0
BKEP.US,5,20211105,150000,3.26,3.26,3.26,3.26,400,0
BKEP.US,5,20211105,150500,3.26,3.26,3.255,3.255,700,0
BKEP.US,5,20211105,151000,3.245,3.275,3.245,3.26,2050,0
BKEP.US,5,20211105,151500,3.26,3.26,3.2537,3.26,934,0
BKEP.US,5,20211105,152000,3.26,3.26,3.26,3.26,700,0
BKEP.US,5,20211105,152500,3.275,3.275,3.25,3.25,900,0
BKEP.US,5,20211105,153000,3.255,3.28,3.255,3.26,1600,0
BKEP.US,5,20211105,153500,3.255,3.255,3.255,3.255,800,0
BKEP.US,5,20211105,154000,3.255,3.255,3.255,3.255,600,0
BKEP.US,5,20211105,154500,3.255,3.275,3.255,3.275,700,0
BKEP.US,5,20211105,155000,3.285,3.285,3.25,3.255,2475,0
BKEP.US,5,20211105,155500,3.255,3.255,3.255,3.255,600,0
BKEP.US,5,20211105,160000,3.255,3.255,3.255,3.255,700,0
BKEP.US,5,20211105,160500,3.2575,3.265,3.255,3.265,1600,0
BKEP.US,5,20211105,161000,3.28,3.3,3.28,3.3,632,0
BKEP.US,5,20211105,161500,3.29,3.29,3.29,3.29,1296,0
BKEP.US,5,20211105,162000,3.29,3.29,3.28,3.285,1100,0
BKEP.US,5,20211105,162500,3.285,3.285,3.28,3.285,900,0
BKEP.US,5,20211105,163000,3.2825,3.29,3.282,3.29,1905,0
BKEP.US,5,20211105,163500,3.29,3.29,3.29,3.29,600,0
BKEP.US,5,20211105,164000,3.29,3.29,3.29,3.29,717,0
BKEP.US,5,20211105,164500,3.29,3.29,3.29,3.29,700,0
BKEP.US,5,20211105,165000,3.29,3.29,3.29,3.29,800,0
BKEP.US,5,20211105,165500,3.29,3.29,3.28,3.29,600,0
BKEP.US,5,20211105,170000,3.29,3.3,3.29,3.29,2600,0
BKEP.US,5,20211105,170500,3.29,3.29,3.29,3.29,500,0
BKEP.US,5,20211105,171000,3.29,3.3,3.29,3.3,3708,0
BKEP.US,5,20211105,171500,3.31,3.32,3.31,3.32,490,0
BKEP.US,5,20211105,172000,3.32,3.32,3.32,3.32,400,0
BKEP.US,5,20211105,172500,3.32,3.32,3.305,3.32,1130,0
BKEP.US,5,20211105,173500,3.305,3.305,3.305,3.305,100,0
BKEP.US,5,20211105,174000,3.305,3.305,3.305,3.305,400,0
BKEP.US,5,20211105,174500,3.305,3.305,3.305,3.305,600,0
BKEP.US,5,20211105,175000,3.305,3.31,3.29,3.31,4300,0
BKEP.US,5,20211105,175500,3.31,3.31,3.31,3.31,400,0
BKEP.US,5,20211105,180000,3.31,3.31,3.31,3.31,500,0
BKEP.US,5,20211105,180500,3.31,3.31,3.31,3.31,400,0
BKEP.US,5,20211105,181000,3.31,3.31,3.31,3.31,200,0
BKEP.US,5,20211105,181500,3.31,3.31,3.31,3.31,2400,0
BKEP.US,5,20211105,182000,3.31,3.31,3.31,3.31,400,0
BKEP.US,5,20211105,182500,3.31,3.31,3.31,3.31,400,0
BKEP.US,5,20211105,183000,3.31,3.31,3.31,3.31,400,0
BKEP.US,5,20211105,183500,3.31,3.31,3.31,3.31,500,0
BKEP.US,5,20211105,184000,3.31,3.31,3.305,3.305,500,0
BKEP.US,5,20211105,184500,3.3,3.305,3.3,3.305,3000,0
BKEP.US,5,20211105,185000,3.3,3.31,3.3,3.31,2700,0
BKEP.US,5,20211105,190500,3.31,3.31,3.31,3.31,100,0
BKEP.US,5,20211105,191000,3.31,3.31,3.31,3.31,400,0
BKEP.US,5,20211105,191500,3.31,3.31,3.31,3.31,400,0
BKEP.US,5,20211105,192000,3.31,3.31,3.31,3.31,400,0
BKEP.US,5,20211105,192500,3.31,3.31,3.31,3.31,1125,0
BKEP.US,5,20211105,193000,3.31,3.31,3.31,3.31,2275,0
BKEP.US,5,20211105,193500,3.31,3.35,3.31,3.35,1750,0
BKEP.US,5,20211105,194000,3.35,3.35,3.35,3.35,200,0
BKEP.US,5,20211105,194500,3.34,3.34,3.32,3.32,1200,0
BKEP.US,5,20211105,195000,3.3355,3.3355,3.3101,3.3101,1880,0
BKEP.US,5,20211105,195500,3.325,3.325,3.325,3.325,200,0
BKEP.US,5,20211105,200000,3.325,3.325,3.325,3.325,400,0
BKEP.US,5,20211105,200500,3.325,3.325,3.325,3.325,400,0
BKEP.US,5,20211105,201000,3.325,3.34,3.325,3.34,1100,0
BKEP.US,5,20211105,201500,3.34,3.34,3.34,3.34,600,0
BKEP.US,5,20211105,202000,3.34,3.35,3.34,3.35,3049,0
BKEP.US,5,20211105,202500,3.33,3.33,3.33,3.33,100,0
BKEP.US,5,20211105,203000,3.34,3.35,3.33,3.33,1000,0
BKEP.US,5,20211105,203500,3.33,3.35,3.33,3.35,1200,0
BKEP.US,5,20211105,204000,3.35,3.35,3.35,3.35,700,0
BKEP.US,5,20211105,204500,3.35,3.35,3.335,3.335,900,0
BKEP.US,5,20211105,205000,3.335,3.35,3.335,3.335,2300,0
BKEP.US,5,20211105,205500,3.35,3.37,3.335,3.36,19377,0
BKEP.US,5,20211108,153000,3.31,3.38,3.31,3.378,6331,0
BKEP.US,5,20211108,153500,3.3765,3.38,3.3765,3.38,1803,0
BKEP.US,5,20211108,155000,3.325,3.35,3.325,3.35,1103,0
BKEP.US,5,20211108,160000,3.3012,3.3012,3.3012,3.3012,200,0
BKEP.US,5,20211108,161000,3.35,3.36,3.3366,3.3366,1836,0
BKEP.US,5,20211108,163000,3.3526,3.3526,3.3526,3.3526,200,0
BKEP.US,5,20211108,164000,3.36,3.36,3.36,3.36,233,0
BKEP.US,5,20211108,170000,3.35,3.35,3.35,3.35,1600,0
BKEP.US,5,20211108,171000,3.36,3.36,3.3599,3.3599,1687,0
BKEP.US,5,20211108,171500,3.3694,3.37,3.3694,3.37,6872,0
BKEP.US,5,20211108,172500,3.38,3.38,3.36,3.36,390,0
BKEP.US,5,20211108,173000,3.3717,3.378,3.37,3.378,1430,0
BKEP.US,5,20211108,174000,3.36,3.36,3.36,3.36,100,0
BKEP.US,5,20211108,174500,3.38,3.38,3.36,3.36,1210,0
BKEP.US,5,20211108,175000,3.36,3.3672,3.36,3.3672,200,0
BKEP.US,5,20211108,180000,3.365,3.365,3.365,3.365,202,0
BKEP.US,5,20211108,181000,3.36,3.37,3.36,3.37,1110,0
BKEP.US,5,20211108,181500,3.38,3.38,3.38,3.38,100,0
BKEP.US,5,20211108,182000,3.3705,3.3705,3.36,3.36,1400,0
BKEP.US,5,20211108,182500,3.37,3.37,3.36,3.36,700,0
BKEP.US,5,20211108,183000,3.38,3.38,3.38,3.38,298,0
BKEP.US,5,20211108,183500,3.38,3.38,3.38,3.38,802,0
BKEP.US,5,20211108,184000,3.38,3.38,3.38,3.38,500,0
BKEP.US,5,20211108,190500,3.36,3.38,3.36,3.38,12533,0
BKEP.US,5,20211108,191000,3.38,3.38,3.38,3.38,3775,0
BKEP.US,5,20211108,191500,3.4,3.43,3.4,3.43,2947,0
BKEP.US,5,20211108,192000,3.4398,3.4399,3.4398,3.4399,3049,0
BKEP.US,5,20211108,193000,3.42,3.42,3.42,3.42,200,0
BKEP.US,5,20211108,193500,3.42,3.42,3.42,3.42,700,0
BKEP.US,5,20211108,194000,3.42,3.42,3.42,3.42,100,0
BKEP.US,5,20211108,194500,3.42,3.43,3.4,3.4,1589,0
BKEP.US,5,20211108,195000,3.4,3.4,3.4,3.4,800,0
BKEP.US,5,20211108,200000,3.375,3.375,3.375,3.375,600,0
BKEP.US,5,20211108,200500,3.37,3.4,3.34,3.4,12313,0
BKEP.US,5,20211108,201000,3.4,3.4,3.36,3.4,2300,0
BKEP.US,5,20211108,201500,3.4,3.4,3.4,3.4,1700,0
BKEP.US,5,20211108,202000,3.4,3.4,3.4,3.4,100,0
BKEP.US,5,20211108,202500,3.4,3.4,3.4,3.4,302,0
BKEP.US,5,20211108,203000,3.37,3.37,3.37,3.37,200,0
BKEP.US,5,20211108,203500,3.37,3.37,3.37,3.37,200,0
BKEP.US,5,20211108,204000,3.38,3.38,3.38,3.38,100,0
BKEP.US,5,20211108,204500,3.38,3.39,3.38,3.38,300,0
BKEP.US,5,20211108,205000,3.41,3.42,3.41,3.42,1977,0
BKEP.US,5,20211108,210500,3.42,3.42,3.41,3.41,900,0
BKEP.US,5,20211108,213000,3.41,3.42,3.4001,3.42,1424,0
BKEP.US,5,20211108,214000,3.41,3.41,3.41,3.41,100,0
BKEP.US,5,20211108,214500,3.4095,3.41,3.4095,3.41,513,0
BKEP.US,5,20211108,215000,3.4,3.41,3.4,3.4,1580,0
BKEP.US,5,20211108,215500,3.4,3.41,3.38,3.38,2728,0
BKEP.US,5,20211109,153000,3.37,3.37,3.37,3.37,4170,0
BKEP.US,5,20211109,153500,3.3606,3.3606,3.36,3.36,1100,0
BKEP.US,5,20211109,154000,3.42,3.42,3.42,3.42,500,0
BKEP.US,5,20211109,155500,3.365,3.365,3.365,3.365,162,0
BKEP.US,5,20211109,160000,3.35,3.35,3.35,3.35,3100,0
BKEP.US,5,20211109,160500,3.3097,3.3097,3.3097,3.3097,800,0
BKEP.US,5,20211109,162500,3.3201,3.3201,3.3201,3.3201,101,0
BKEP.US,5,20211109,172500,3.3101,3.3101,3.31,3.31,3969,0
BKEP.US,5,20211109,173000,3.3101,3.311,3.2501,3.2501,2634,0
BKEP.US,5,20211109,173500,3.2707,3.3,3.2601,3.2601,6720,0
BKEP.US,5,20211109,174000,3.26,3.26,3.26,3.26,311,0
BKEP.US,5,20211109,175000,3.293,3.293,3.293,3.293,274,0
BKEP.US,5,20211109,175500,3.2701,3.2701,3.2701,3.2701,2500,0
BKEP.US,5,20211109,180000,3.2819,3.2819,3.2819,3.2819,982,0
BKEP.US,5,20211109,181000,3.2849,3.2849,3.2849,3.2849,250,0
BKEP.US,5,20211109,182000,3.295,3.295,3.295,3.295,200,0
BKEP.US,5,20211109,190000,3.3,3.34,3.3,3.34,1415,0
BKEP.US,5,20211109,190500,3.3601,3.42,3.36,3.4,14221,0
BKEP.US,5,20211109,191000,3.4085,3.4085,3.4085,3.4085,1000,0
BKEP.US,5,20211109,191500,3.4,3.4,3.4,3.4,1000,0
BKEP.US,5,20211109,192000,3.4,3.4,3.4,3.4,100,0
BKEP.US,5,20211109,192500,3.4,3.42,3.4,3.42,2200,0
BKEP.US,5,20211109,193500,3.43,3.43,3.4,3.4,1100,0
BKEP.US,5,20211109,194500,3.4001,3.4001,3.4,3.4001,2874,0
BKEP.US,5,20211109,195000,3.4,3.4,3.4,3.4,200,0
BKEP.US,5,20211109,195500,3.4,3.4001,3.4,3.4,2000,0
BKEP.US,5,20211109,200000,3.4,3.4,3.4,3.4,300,0
BKEP.US,5,20211109,200500,3.4,3.4,3.4,3.4,200,0
BKEP.US,5,20211109,201000,3.4,3.4,3.4,3.4,500,0
BKEP.US,5,20211109,201500,3.4,3.4,3.4,3.4,100,0
BKEP.US,5,20211109,202000,3.4,3.4,3.4,3.4,200,0
BKEP.US,5,20211109,202500,3.4,3.4,3.38,3.38,2200,0
BKEP.US,5,20211109,203000,3.38,3.38,3.38,3.38,100,0
BKEP.US,5,20211109,203500,3.38,3.38,3.38,3.38,3100,0
BKEP.US,5,20211109,204000,3.39,3.39,3.39,3.39,1237,0
BKEP.US,5,20211109,210000,3.3998,3.3998,3.3998,3.3998,1000,0
BKEP.US,5,20211109,211000,3.38,3.38,3.38,3.38,100,0
BKEP.US,5,20211109,212500,3.38,3.38,3.38,3.38,100,0
BKEP.US,5,20211109,213000,3.38,3.38,3.38,3.38,100,0
BKEP.US,5,20211109,213500,3.39,3.39,3.39,3.39,200,0
BKEP.US,5,20211109,214000,3.38,3.38,3.38,3.38,133,0
BKEP.US,5,20211109,214500,3.3807,3.3814,3.38,3.3814,600,0
BKEP.US,5,20211109,215000,3.385,3.385,3.385,3.385,143,0
BKEP.US,5,20211109,215500,3.38,3.4,3.38,3.4,238,0
BKEP.US,5,20211110,153000,3.39,3.4028,3.39,3.4028,2439,0
BKEP.US,5,20211110,153500,3.4,3.4,3.38,3.38,700,0
BKEP.US,5,20211110,154000,3.38,3.39,3.38,3.38,1176,0
BKEP.US,5,20211110,154500,3.38,3.38,3.38,3.38,100,0
BKEP.US,5,20211110,160000,3.41,3.41,3.4,3.4,200,0
BKEP.US,5,20211110,160500,3.41,3.41,3.3923,3.3923,600,0
BKEP.US,5,20211110,161000,3.39,3.41,3.39,3.41,200,0
BKEP.US,5,20211110,161500,3.41,3.41,3.4,3.4,1000,0
BKEP.US,5,20211110,162000,3.39,3.39,3.39,3.39,799,0
BKEP.US,5,20211110,162500,3.38,3.38,3.38,3.38,300,0
BKEP.US,5,20211110,163000,3.38,3.38,3.38,3.38,100,0
BKEP.US,5,20211110,164000,3.38,3.385,3.38,3.38,999,0
BKEP.US,5,20211110,165000,3.38,3.38,3.38,3.38,800,0
BKEP.US,5,20211110,165500,3.38,3.38,3.38,3.38,100,0
BKEP.US,5,20211110,170000,3.38,3.38,3.38,3.38,6312,0
BKEP.US,5,20211110,170500,3.37,3.37,3.37,3.37,100,0
BKEP.US,5,20211110,171000,3.37,3.37,3.37,3.37,100,0
BKEP.US,5,20211110,171500,3.365,3.365,3.365,3.365,100,0
BKEP.US,5,20211110,172000,3.36,3.36,3.36,3.36,100,0
BKEP.US,5,20211110,172500,3.36,3.36,3.36,3.36,823,0
BKEP.US,5,20211110,173000,3.38,3.38,3.38,3.38,3824,0
BKEP.US,5,20211110,173500,3.38,3.38,3.38,3.38,100,0
BKEP.US,5,20211110,174000,3.38,3.38,3.38,3.38,345,0
BKEP.US,5,20211110,174500,3.37,3.37,3.37,3.37,200,0
BKEP.US,5,20211110,175000,3.37,3.37,3.37,3.37,100,0
BKEP.US,5,20211110,180000,3.4,3.4,3.4,3.4,100,0
BKEP.US,5,20211110,180500,3.4,3.4,3.4,3.4,100,0
BKEP.US,5,20211110,181500,3.4,3.4,3.4,3.4,100,0
BKEP.US,5,20211110,182500,3.4,3.4,3.37,3.37,200,0
BKEP.US,5,20211110,183000,3.39,3.39,3.37,3.37,1334,0
BKEP.US,5,20211110,184000,3.37,3.37,3.37,3.37,100,0
BKEP.US,5,20211110,191000,3.38,3.38,3.38,3.38,100,0
BKEP.US,5,20211110,191500,3.37,3.37,3.37,3.37,100,0
BKEP.US,5,20211110,192000,3.37,3.37,3.37,3.37,100,0
BKEP.US,5,20211110,193000,3.39,3.39,3.39,3.39,100,0
BKEP.US,5,20211110,200500,3.39,3.39,3.39,3.39,100,0
BKEP.US,5,20211110,201000,3.39,3.39,3.39,3.39,100,0
BKEP.US,5,20211110,201500,3.38,3.38,3.37,3.37,1200,0
BKEP.US,5,20211110,202500,3.36,3.36,3.35,3.35,2920,0
BKEP.US,5,20211110,203000,3.37,3.37,3.37,3.37,100,0
BKEP.US,5,20211110,203500,3.38,3.38,3.38,3.38,100,0
BKEP.US,5,20211110,204000,3.3081,3.365,3.3081,3.365,1050,0
BKEP.US,5,20211110,204500,3.36,3.36,3.35,3.35,4810,0
BKEP.US,5,20211110,205000,3.34,3.38,3.34,3.38,2900,0
BKEP.US,5,20211110,212000,3.34,3.34,3.29,3.29,5252,0
BKEP.US,5,20211110,212500,3.29,3.34,3.25,3.34,7958,0
BKEP.US,5,20211110,213000,3.31,3.31,3.31,3.31,1886,0
BKEP.US,5,20211110,213500,3.34,3.34,3.31,3.31,500,0
BKEP.US,5,20211110,214000,3.3,3.3,3.3,3.3,150,0
BKEP.US,5,20211110,215500,3.3,3.3,3.18,3.18,4844,0
BKEP.US,5,20211111,153000,3.4,3.4,3.4,3.4,3960,0
BKEP.US,5,20211111,154000,3.39,3.39,3.39,3.39,200,0
BKEP.US,5,20211111,154500,3.39,3.39,3.39,3.39,700,0
BKEP.US,5,20211111,155000,3.31,3.31,3.31,3.31,3000,0
BKEP.US,5,20211111,155500,3.38,3.38,3.38,3.38,100,0
BKEP.US,5,20211111,160500,3.4,3.4,3.4,3.4,1700,0
BKEP.US,5,20211111,161000,3.4,3.4,3.4,3.4,2400,0
BKEP.US,5,20211111,161500,3.4,3.4,3.4,3.4,100,0
BKEP.US,5,20211111,162000,3.4,3.4,3.39,3.4,3700,0
BKEP.US,5,20211111,162500,3.4,3.4,3.4,3.4,100,0
BKEP.US,5,20211111,163000,3.39,3.4,3.39,3.4,700,0
BKEP.US,5,20211111,163500,3.4,3.4,3.376,3.376,900,0
BKEP.US,5,20211111,164000,3.4,3.43,3.4,3.43,11613,0
BKEP.US,5,20211111,164500,3.4403,3.4403,3.4403,3.4403,150,0
BKEP.US,5,20211111,165000,3.425,3.4499,3.425,3.4499,6100,0
BKEP.US,5,20211111,170000,3.42,3.42,3.41,3.41,3100,0
BKEP.US,5,20211111,170500,3.43,3.449,3.42,3.449,10100,0
BKEP.US,5,20211111,171000,3.43,3.48,3.43,3.475,4752,0
BKEP.US,5,20211111,171500,3.47,3.53,3.4697,3.53,26191,0
BKEP.US,5,20211111,172000,3.5,3.5199,3.5,3.5199,3200,0
BKEP.US,5,20211111,172500,3.5018,3.51,3.5,3.5,10300,0
BKEP.US,5,20211111,173000,3.5001,3.5045,3.5,3.5045,3900,0
BKEP.US,5,20211111,173500,3.5001,3.5001,3.5,3.5,1900,0
BKEP.US,5,20211111,174000,3.5,3.5001,3.495,3.495,856,0
BKEP.US,5,20211111,174500,3.49,3.4901,3.4256,3.46,800,0
BKEP.US,5,20211111,175000,3.435,3.435,3.435,3.435,100,0
BKEP.US,5,20211111,175500,3.45,3.45,3.45,3.45,805,0
BKEP.US,5,20211111,180000,3.45,3.45,3.4498,3.4498,2914,0
BKEP.US,5,20211111,181000,3.452,3.5,3.452,3.5,12558,0
BKEP.US,5,20211111,181500,3.5,3.5301,3.5,3.5301,17735,0
BKEP.US,5,20211111,182000,3.54,3.5599,3.54,3.5593,13589,0
BKEP.US,5,20211111,182500,3.53,3.55,3.53,3.55,1000,0
BKEP.US,5,20211111,183000,3.5599,3.5599,3.5599,3.5599,7200,0
BKEP.US,5,20211111,183500,3.56,3.56,3.55,3.55,3791,0
BKEP.US,5,20211111,184000,3.5599,3.56,3.5599,3.56,5500,0
BKEP.US,5,20211111,184500,3.55,3.55,3.55,3.55,100,0
BKEP.US,5,20211111,185500,3.55,3.55,3.55,3.55,100,0
BKEP.US,5,20211111,190500,3.55,3.55,3.55,3.55,851,0
BKEP.US,5,20211111,192000,3.55,3.56,3.55,3.56,2995,0
BKEP.US,5,20211111,192500,3.54,3.54,3.54,3.54,100,0
BKEP.US,5,20211111,193000,3.55,3.55,3.55,3.55,100,0
BKEP.US,5,20211111,195000,3.54,3.54,3.54,3.54,2744,0
BKEP.US,5,20211111,200000,3.532,3.532,3.53,3.53,4255,0
BKEP.US,5,20211111,200500,3.5,3.51,3.5,3.502,800,0
BKEP.US,5,20211111,202000,3.503,3.503,3.503,3.503,999,0
BKEP.US,5,20211111,203000,3.5001,3.5001,3.5001,3.5001,800,0
BKEP.US,5,20211111,203500,3.507,3.507,3.507,3.507,102,0
BKEP.US,5,20211111,204000,3.53,3.53,3.53,3.53,700,0
BKEP.US,5,20211111,205000,3.53,3.54,3.53,3.54,10300,0
BKEP.US,5,20211111,210000,3.5007,3.5007,3.5007,3.5007,150,0
BKEP.US,5,20211111,211000,3.51,3.51,3.51,3.51,500,0
BKEP.US,5,20211111,212000,3.53,3.53,3.5295,3.53,672,0
BKEP.US,5,20211111,212500,3.52,3.52,3.4432,3.465,12211,0
BKEP.US,5,20211111,214000,3.49,3.5,3.48,3.48,1500,0
BKEP.US,5,20211111,214500,3.4998,3.4998,3.4998,3.4998,2500,0
BKEP.US,5,20211111,215000,3.49,3.49,3.49,3.49,300,0
BKEP.US,5,20211111,215500,3.5,3.51,3.5,3.51,4137,0
