<TICKER>,<PER>,<DATE>,<TIME>,<OPEN>,<HIGH>,<LOW>,<CLOSE>,<VOL>,<OPENINT>
BTTX.US,5,20210922,202000,9.98,9.98,9.98,9.98,2785,0
BTTX.US,5,20210923,184000,9.9701,9.9701,9.9701,9.9701,500,0
BTTX.US,5,20210924,171000,9.9725,9.9725,9.9725,9.9725,100,0
BTTX.US,5,20210924,194000,9.98,9.98,9.98,9.98,500,0
BTTX.US,5,20210924,204500,9.98,9.98,9.98,9.98,100,0
BTTX.US,5,20210927,155500,9.98,9.98,9.98,9.98,220,0
BTTX.US,5,20210927,185000,9.98,9.98,9.98,9.98,10100,0
BTTX.US,5,20210927,185500,9.98,9.98,9.98,9.98,100,0
BTTX.US,5,20210927,190000,9.99,9.99,9.99,9.99,100,0
BTTX.US,5,20210927,211000,9.98,9.98,9.98,9.98,34585,0
BTTX.US,5,20210928,215500,9.97,9.97,9.97,9.97,100,0
BTTX.US,5,20210929,193000,9.975,9.975,9.975,9.975,100,0
BTTX.US,5,20210930,155000,9.98,9.98,9.97,9.98,5914,0
BTTX.US,5,20210930,163500,9.975,9.975,9.975,9.975,500,0
BTTX.US,5,20210930,174000,9.975,9.975,9.97,9.975,22732,0
BTTX.US,5,20210930,180500,9.97,9.97,9.97,9.97,508,0
BTTX.US,5,20211001,154000,9.98,9.98,9.98,9.98,4458,0
BTTX.US,5,20211001,215500,9.98,9.98,9.98,9.98,1280,0
BTTX.US,5,20211004,155500,9.98,9.98,9.98,9.98,150,0
BTTX.US,5,20211005,154000,9.98,9.98,9.98,9.98,6137,0
BTTX.US,5,20211005,154500,9.98,9.98,9.98,9.98,25937,0
BTTX.US,5,20211005,160000,9.98,9.98,9.98,9.98,2094,0
BTTX.US,5,20211005,181000,9.98,9.98,9.975,9.98,52519,0
BTTX.US,5,20211005,194000,9.981,9.981,9.981,9.981,100,0
BTTX.US,5,20211005,215500,9.985,9.985,9.985,9.985,200,0
BTTX.US,5,20211006,182500,9.96,9.96,9.96,9.96,13557,0
BTTX.US,5,20211006,183000,9.96,9.96,9.96,9.96,15504,0
BTTX.US,5,20211007,185000,9.9673,9.9673,9.9673,9.9673,100,0
BTTX.US,5,20211008,162500,9.975,9.975,9.975,9.975,115,0
BTTX.US,5,20211008,165500,9.975,9.975,9.975,9.975,115,0
BTTX.US,5,20211012,164000,9.98,9.98,9.98,9.98,100,0
BTTX.US,5,20211013,153000,10,10.005,9.99,9.99,46054,0
BTTX.US,5,20211013,164000,9.9999,10,9.995,9.995,738,0
BTTX.US,5,20211013,170500,9.9985,10,9.995,10,1100,0
BTTX.US,5,20211013,171000,9.99,9.99,9.99,9.99,10192,0
BTTX.US,5,20211013,181500,9.99,9.9901,9.99,9.9901,1000,0
BTTX.US,5,20211014,153000,10,10,10,10,521,0
BTTX.US,5,20211014,160500,9.99,10,9.99,10,914,0
BTTX.US,5,20211014,161000,10,10,10,10,2900,0
BTTX.US,5,20211014,165000,10,10,10,10,1000,0
BTTX.US,5,20211014,180500,10,10,9.999,9.999,1900,0
BTTX.US,5,20211014,194500,9.99,10,9.99,9.99,600,0
BTTX.US,5,20211014,210000,9.99,9.99,9.99,9.99,100,0
BTTX.US,5,20211014,212000,9.99,9.99,9.99,9.99,1400,0
BTTX.US,5,20211014,214500,9.98,9.98,9.98,9.98,600,0
BTTX.US,5,20211014,215000,9.98,9.98,9.98,9.98,9400,0
BTTX.US,5,20211015,153000,10,10,10,10,400,0
BTTX.US,5,20211015,161000,10,10,10,10,10000,0
BTTX.US,5,20211015,161500,10,10,10,10,100,0
BTTX.US,5,20211015,163000,10,10,9.9995,10,1200,0
BTTX.US,5,20211015,163500,10,10,10,10,302,0
BTTX.US,5,20211015,164000,10,10,9.9995,10,700,0
BTTX.US,5,20211015,164500,10,10,10,10,100,0
BTTX.US,5,20211015,165000,9.9977,9.9977,9.9977,9.9977,100,0
BTTX.US,5,20211015,165500,9.9977,10,9.9977,10,300,0
BTTX.US,5,20211015,170500,10,10,10,10,100,0
BTTX.US,5,20211015,171000,10,10,10,10,100,0
BTTX.US,5,20211015,171500,9.99,10,9.99,10,1100,0
BTTX.US,5,20211015,172000,9.9995,10,9.9995,10,200,0
BTTX.US,5,20211015,173000,9.9977,10,9.9977,10,400,0
BTTX.US,5,20211015,173500,9.995,9.995,9.995,9.995,200,0
BTTX.US,5,20211015,175500,9.995,9.995,9.995,9.995,4100,0
BTTX.US,5,20211015,181000,9.99,9.99,9.99,9.99,587,0
BTTX.US,5,20211015,184000,9.995,9.995,9.995,9.995,100,0
BTTX.US,5,20211015,190000,9.995,9.995,9.995,9.995,200,0
BTTX.US,5,20211015,192000,9.995,9.995,9.995,9.995,100,0
BTTX.US,5,20211015,192500,9.995,9.995,9.995,9.995,300,0
BTTX.US,5,20211015,193000,9.995,9.995,9.995,9.995,100,0
BTTX.US,5,20211015,193500,9.995,9.995,9.995,9.995,100,0
BTTX.US,5,20211015,194000,9.995,9.995,9.995,9.995,100,0
BTTX.US,5,20211015,194500,9.995,9.995,9.995,9.995,100,0
BTTX.US,5,20211015,201500,9.995,9.995,9.995,9.995,200,0
BTTX.US,5,20211015,203000,9.995,9.995,9.995,9.995,100,0
BTTX.US,5,20211015,203500,10,10,10,10,100,0
BTTX.US,5,20211015,205000,9.999,9.999,9.999,9.999,100,0
BTTX.US,5,20211015,210500,9.999,9.999,9.999,9.999,100,0
BTTX.US,5,20211015,213000,9.9983,9.9983,9.9983,9.9983,100,0
BTTX.US,5,20211015,213500,9.995,9.9976,9.995,9.9976,200,0
BTTX.US,5,20211015,215000,9.9983,10,9.995,9.995,638,0
BTTX.US,5,20211018,153000,10,10,10,10,202,0
BTTX.US,5,20211018,153500,10,10,10,10,100,0
BTTX.US,5,20211018,154000,9.9987,10,9.99,9.99,500,0
BTTX.US,5,20211018,154500,9.98,9.98,9.98,9.98,898,0
BTTX.US,5,20211018,161000,10,10,10,10,200,0
BTTX.US,5,20211018,161500,10,10,10,10,100,0
BTTX.US,5,20211018,163000,10,10,10,10,111,0
BTTX.US,5,20211018,163500,10,10,10,10,1100,0
BTTX.US,5,20211018,164000,10,10,10,10,100,0
BTTX.US,5,20211018,170500,10,10,10,10,100,0
BTTX.US,5,20211018,171000,9.986,9.986,9.986,9.986,100,0
BTTX.US,5,20211018,172000,10,10,10,10,100,0
BTTX.US,5,20211018,174000,9.9999,9.9999,9.9999,9.9999,100,0
BTTX.US,5,20211018,191500,10,10,10,10,10000,0
BTTX.US,5,20211018,212000,10,10,10,10,30000,0
BTTX.US,5,20211018,215500,10,10,10,10,100,0
BTTX.US,5,20211019,160500,9.99,9.9941,9.99,9.9941,550,0
BTTX.US,5,20211019,171500,9.995,9.995,9.99,9.995,3900,0
BTTX.US,5,20211020,161500,9.99,9.99,9.98,9.98,2000,0
BTTX.US,5,20211020,175000,10,10,10,10,37861,0
BTTX.US,5,20211020,181500,10,10,10,10,42250,0
BTTX.US,5,20211020,182000,10,10,10,10,20000,0
BTTX.US,5,20211020,184000,10,10,10,10,3402,0
BTTX.US,5,20211020,185000,10.01,10.01,10.01,10.01,2100,0
BTTX.US,5,20211020,194500,10,10,10,10,16500,0
BTTX.US,5,20211020,202500,10,10,10,10,4810,0
BTTX.US,5,20211020,205000,10,10,10,10,1900,0
BTTX.US,5,20211020,213000,10,10,10,10,2225,0
BTTX.US,5,20211020,215000,10.01,10.01,10,10,20070,0
BTTX.US,5,20211020,215500,10,10.01,10,10.01,10400,0
BTTX.US,5,20211021,153000,9.98,9.9855,9.98,9.985,8775,0
BTTX.US,5,20211021,153500,9.9871,9.99,9.98,9.99,500,0
BTTX.US,5,20211021,154000,9.995,9.995,9.9901,9.9901,200,0
BTTX.US,5,20211021,154500,9.99,9.99,9.99,9.99,500,0
BTTX.US,5,20211021,155000,9.99,9.9934,9.99,9.9934,600,0
BTTX.US,5,20211021,155500,9.99,9.9901,9.99,9.9901,400,0
BTTX.US,5,20211021,160000,9.99,9.9941,9.99,9.99,1300,0
BTTX.US,5,20211021,161000,9.995,9.995,9.995,9.995,8700,0
BTTX.US,5,20211021,161500,9.995,9.995,9.995,9.995,200,0
BTTX.US,5,20211021,162000,9.99,9.995,9.99,9.995,300,0
BTTX.US,5,20211021,162500,9.995,9.995,9.99,9.995,2007,0
BTTX.US,5,20211021,163000,9.995,9.995,9.995,9.995,100,0
BTTX.US,5,20211021,164000,9.99,9.9905,9.99,9.9905,200,0
BTTX.US,5,20211021,164500,9.9901,9.9901,9.9901,9.9901,100,0
BTTX.US,5,20211021,170000,9.995,9.995,9.995,9.995,100,0
BTTX.US,5,20211021,172000,9.99,9.99,9.99,9.99,5900,0
BTTX.US,5,20211021,172500,9.9911,9.9911,9.99,9.9905,300,0
BTTX.US,5,20211021,182000,9.995,10,9.995,10,49411,0
BTTX.US,5,20211021,182500,9.995,10,9.99,10,50200,0
BTTX.US,5,20211021,183500,9.9911,9.9911,9.9911,9.9911,100,0
BTTX.US,5,20211021,193000,9.9999,10,9.9998,10,86058,0
BTTX.US,5,20211021,195000,9.995,9.995,9.995,9.995,100,0
BTTX.US,5,20211021,195500,9.99,10,9.99,10,18384,0
BTTX.US,5,20211021,201500,9.99,9.99,9.99,9.99,999,0
BTTX.US,5,20211021,202000,9.995,10.01,9.995,10,19200,0
BTTX.US,5,20211021,203500,9.99,9.995,9.99,9.995,1536,0
BTTX.US,5,20211021,213000,9.995,9.995,9.99,9.995,3136,0
BTTX.US,5,20211021,215500,10,10,10,10,100,0
BTTX.US,5,20211022,153000,9.98,10.0696,9.98,9.99,17369,0
BTTX.US,5,20211022,153500,9.99,10.01,9.98,10.01,2645,0
BTTX.US,5,20211022,154000,10.19,10.85,10.08,10.47,4700,0
BTTX.US,5,20211022,154500,10.58,10.58,10.44,10.44,4100,0
BTTX.US,5,20211022,155000,10.1,10.1,10.1,10.1,100,0
BTTX.US,5,20211022,155500,10.1,10.1,9.98,9.98,2700,0
BTTX.US,5,20211022,160000,10.01,10.01,10.01,10.01,683,0
BTTX.US,5,20211022,160500,10.005,10.005,10.005,10.005,5000,0
BTTX.US,5,20211022,161000,10.0075,10.0075,10,10.005,1400,0
BTTX.US,5,20211022,162000,10.005,10.01,10.005,10.005,3300,0
BTTX.US,5,20211022,162500,10,10,9.98,9.98,2800,0
BTTX.US,5,20211022,164500,9.98,9.98,9.98,9.98,100,0
BTTX.US,5,20211022,165500,9.98,10.0085,9.98,9.995,2100,0
BTTX.US,5,20211022,170500,9.98,10.01,9.98,10.01,41089,0
BTTX.US,5,20211022,173500,10.01,10.01,10.01,10.01,100,0
BTTX.US,5,20211022,175000,10.01,10.01,10.01,10.01,100,0
BTTX.US,5,20211022,180000,9.98,9.98,9.98,9.98,700,0
BTTX.US,5,20211022,180500,9.98,9.98,9.98,9.98,150,0
BTTX.US,5,20211022,184000,9.9836,9.9836,9.9836,9.9836,100,0
BTTX.US,5,20211022,185000,10,10,10,10,500,0
BTTX.US,5,20211022,191000,10,10,10,10,500,0
BTTX.US,5,20211022,192000,9.99,9.99,9.98,9.98,284,0
BTTX.US,5,20211022,192500,9.99,10,9.99,10,2781,0
BTTX.US,5,20211022,195500,10,10.01,10,10.01,1862,0
BTTX.US,5,20211022,200000,10.01,10.01,10.01,10.01,2000,0
BTTX.US,5,20211022,202500,10.01,10.01,10.01,10.01,100,0
BTTX.US,5,20211022,204500,10.01,10.01,10.01,10.01,300,0
BTTX.US,5,20211022,210000,10.0031,10.01,10.0031,10.01,10300,0
BTTX.US,5,20211022,212000,9.9836,9.9836,9.98,9.98,2900,0
BTTX.US,5,20211022,212500,10.0016,10.004,9.98,10.004,3900,0
BTTX.US,5,20211022,213000,10,10,10,10,200,0
BTTX.US,5,20211022,214500,10.01,10.01,10.01,10.01,700,0
BTTX.US,5,20211022,215000,9.99,9.99,9.98,9.98,200,0
BTTX.US,5,20211022,215500,9.98,9.98,9.98,9.98,100,0
BTTX.US,5,20211025,153000,9.51,9.55,9.23,9.245,2800,0
BTTX.US,5,20211025,153500,9.25,9.25,9.25,9.25,10000,0
BTTX.US,5,20211025,154000,9.28,9.4,9.28,9.3666,1038,0
BTTX.US,5,20211025,154500,9.37,9.384,9.3629,9.3629,1200,0
BTTX.US,5,20211025,155000,9.3899,9.39,9.33,9.33,1000,0
BTTX.US,5,20211025,155500,9.32,9.32,9.3,9.3,1683,0
BTTX.US,5,20211025,160000,9.31,9.3117,9.07,9.07,1778,0
BTTX.US,5,20211025,160500,9.07,9.08,8.5,8.75,9605,0
BTTX.US,5,20211025,161000,8.8703,8.942,8.8703,8.9218,650,0
BTTX.US,5,20211025,161500,9.0718,9.0899,8.9,9.01,16454,0
BTTX.US,5,20211025,162000,9.05,9.0899,8.92,8.92,7542,0
BTTX.US,5,20211025,162500,8.93,8.93,8.9,8.91,6285,0
BTTX.US,5,20211025,163000,9,9.26,8.99,9.26,3654,0
BTTX.US,5,20211025,163500,9.085,9.22,9.01,9.22,740,0
BTTX.US,5,20211025,164000,9.2,9.25,9.2,9.2375,20379,0
BTTX.US,5,20211025,164500,9.25,9.73,9.25,9.58,12300,0
BTTX.US,5,20211025,165000,9.5699,9.5699,9.5699,9.5699,1000,0
BTTX.US,5,20211025,165500,9.515,9.535,9.3,9.3,3300,0
BTTX.US,5,20211025,170000,9.23,9.23,9.16,9.16,500,0
BTTX.US,5,20211025,171000,9.28,9.2899,9.26,9.2899,1520,0
BTTX.US,5,20211025,171500,9.3,9.35,9.3,9.35,600,0
BTTX.US,5,20211025,172000,9.38,9.38,9.38,9.38,100,0
BTTX.US,5,20211025,173000,9.32,9.32,9.13,9.23,4302,0
BTTX.US,5,20211025,175000,9.36,9.4,9.36,9.4,2100,0
BTTX.US,5,20211025,180000,9.47,9.48,9.47,9.47,300,0
BTTX.US,5,20211025,180500,9.43,9.445,9.34,9.35,3250,0
BTTX.US,5,20211025,181000,9.3,9.5474,9.3,9.5474,10990,0
BTTX.US,5,20211025,181500,9.5068,9.54,9.46,9.54,1404,0
BTTX.US,5,20211025,182000,9.495,9.495,9.495,9.495,500,0
BTTX.US,5,20211025,183000,9.47,9.5699,9.47,9.535,8635,0
BTTX.US,5,20211025,183500,9.5,9.5,9.48,9.48,800,0
BTTX.US,5,20211025,184000,9.48,9.5,9.48,9.4955,1600,0
BTTX.US,5,20211025,184500,9.41,9.5,9.41,9.49,3995,0
BTTX.US,5,20211025,185000,9.45,9.45,9.45,9.45,399,0
BTTX.US,5,20211025,185500,9.44,9.5,9.44,9.46,1800,0
BTTX.US,5,20211025,191000,9.49,9.5,9.49,9.5,900,0
BTTX.US,5,20211025,191500,9.42,9.42,9.41,9.42,500,0
BTTX.US,5,20211025,193000,9.48,9.49,9.48,9.49,1100,0
BTTX.US,5,20211025,193500,9.49,9.49,9.49,9.49,100,0
BTTX.US,5,20211025,194500,9.48,9.535,9.48,9.5,4249,0
BTTX.US,5,20211025,200000,9.515,9.52,9.48,9.4892,2960,0
BTTX.US,5,20211025,200500,9.45,9.45,9.45,9.45,400,0
BTTX.US,5,20211025,201000,9.45,9.45,9.445,9.445,600,0
BTTX.US,5,20211025,202500,9.49,9.5,9.49,9.4999,3000,0
BTTX.US,5,20211025,203000,9.56,9.6,9.56,9.6,3950,0
BTTX.US,5,20211025,203500,9.7,9.7,9.69,9.69,400,0
BTTX.US,5,20211025,205000,9.655,9.655,9.655,9.655,300,0
BTTX.US,5,20211025,210000,9.7,9.7,9.7,9.7,100,0
BTTX.US,5,20211025,214000,9.64,9.64,9.64,9.64,100,0
BTTX.US,5,20211025,214500,9.51,9.53,9.5,9.53,500,0
BTTX.US,5,20211025,215000,9.55,9.64,9.55,9.64,998,0
BTTX.US,5,20211025,215500,9.57,9.57,9.57,9.57,309,0
BTTX.US,5,20211026,153000,9.9,10.96,9.9,10.36,20002,0
BTTX.US,5,20211026,153500,10.23,10.56,10.23,10.5,9268,0
BTTX.US,5,20211026,154000,10.54,11.31,10.54,11.31,2460,0
BTTX.US,5,20211026,154500,11.64,12.41,10.5,10.9899,47321,0
BTTX.US,5,20211026,155000,10.82,12.38,10.82,12.38,45888,0
BTTX.US,5,20211026,155500,12.04,12.99,12,12.135,29534,0
BTTX.US,5,20211026,160000,12.06,12.25,11.26,11.5,5231,0
BTTX.US,5,20211026,160500,11.06,11.9,10.79,11.71,11983,0
BTTX.US,5,20211026,161000,11.695,12.17,11.695,12.13,2815,0
BTTX.US,5,20211026,161500,11.94,11.95,11.91,11.9231,2200,0
BTTX.US,5,20211026,162000,11.936,11.95,11.71,11.9499,3455,0
BTTX.US,5,20211026,162500,11.8903,11.94,11.85,11.85,2900,0
BTTX.US,5,20211026,163000,11.95,12.09,11.86,11.86,4942,0
BTTX.US,5,20211026,163500,11.8735,11.8735,11.5,11.7,2693,0
BTTX.US,5,20211026,164000,11.68,11.6997,11.2,11.6499,21676,0
BTTX.US,5,20211026,165000,11.5746,11.5746,11.366,11.4,6695,0
BTTX.US,5,20211026,165500,11.38,11.4,11.02,11.02,6083,0
BTTX.US,5,20211026,170000,11.05,11.25,11,11.03,5105,0
BTTX.US,5,20211026,170500,11.28,11.5,11.265,11.5,6197,0
BTTX.US,5,20211026,171000,11.35,11.39,11.35,11.35,4051,0
BTTX.US,5,20211026,171500,11.37,11.38,11.37,11.3746,1900,0
BTTX.US,5,20211026,172000,11.38,11.39,11.38,11.3864,2054,0
BTTX.US,5,20211026,172500,11.3697,11.39,11.35,11.3735,3249,0
BTTX.US,5,20211026,173000,11.2955,11.3,11.26,11.3,400,0
BTTX.US,5,20211026,173500,11.35,11.355,11.35,11.35,2360,0
BTTX.US,5,20211026,174000,11.35,11.35,11.25,11.26,2687,0
BTTX.US,5,20211026,174500,11.3,11.36,11.3,11.32,1183,0
BTTX.US,5,20211026,175000,11.25,11.265,11.25,11.25,12787,0
BTTX.US,5,20211026,175500,11.0574,11.15,11.0339,11.11,11971,0
BTTX.US,5,20211026,180000,11.077,11.1,11.077,11.0995,3539,0
BTTX.US,5,20211026,180500,11.1101,11.13,11.1101,11.129,3350,0
BTTX.US,5,20211026,181000,11.125,11.125,11.11,11.11,400,0
BTTX.US,5,20211026,181500,11.11,11.14,11.11,11.14,3275,0
BTTX.US,5,20211026,182000,11.15,11.15,11.14,11.15,2099,0
BTTX.US,5,20211026,182500,11.15,11.2417,11.1495,11.2417,2314,0
BTTX.US,5,20211026,183000,11.25,11.25,11.21,11.2195,700,0
BTTX.US,5,20211026,183500,11.21,11.25,11.1651,11.25,2859,0
BTTX.US,5,20211026,184000,11.21,11.21,10.95,11.19,5895,0
BTTX.US,5,20211026,184500,11.1381,11.214,11.1381,11.214,1100,0
BTTX.US,5,20211026,185000,11.1265,11.25,11.1265,11.15,1400,0
BTTX.US,5,20211026,185500,11.15,11.15,11.13,11.1368,350,0
BTTX.US,5,20211026,190500,11.1,11.1135,11.1,11.1135,400,0
BTTX.US,5,20211026,191500,11.11,11.175,11.1,11.1,1995,0
BTTX.US,5,20211026,192000,11.1004,11.25,11.1,11.1,1050,0
BTTX.US,5,20211026,192500,11.24,11.24,11.1,11.2371,800,0
BTTX.US,5,20211026,193000,11.196,11.25,11.15,11.2415,4897,0
BTTX.US,5,20211026,193500,11.15,11.15,11.15,11.15,500,0
BTTX.US,5,20211026,194000,11.15,11.2,11.15,11.2,600,0
BTTX.US,5,20211026,194500,11.06,11.06,11.06,11.06,100,0
BTTX.US,5,20211026,195000,11.05,11.05,11.05,11.05,200,0
BTTX.US,5,20211026,195500,11.15,11.25,10.985,11,3300,0
BTTX.US,5,20211026,200500,11.0705,11.0705,11.025,11.025,220,0
BTTX.US,5,20211026,201000,11,11.01,10.73,10.85,14542,0
BTTX.US,5,20211026,201500,10.85,10.8753,10.85,10.85,1300,0
BTTX.US,5,20211026,202000,10.85,10.85,10.85,10.85,675,0
BTTX.US,5,20211026,202500,10.9658,10.9658,10.85,10.85,3169,0
BTTX.US,5,20211026,203000,10.84,10.84,10.2723,10.34,19040,0
BTTX.US,5,20211026,203500,10.4,10.5,10.4,10.4,5887,0
BTTX.US,5,20211026,204000,10.345,10.4,10.06,10.08,18601,0
BTTX.US,5,20211026,204500,10.06,10.0881,9.95,10.0399,40894,0
BTTX.US,5,20211026,205000,10.005,10.05,9.9255,9.9255,25899,0
BTTX.US,5,20211026,205500,9.93,10.02,9.93,9.98,3193,0
BTTX.US,5,20211026,210000,9.98,10.01,9.98,9.98,6147,0
BTTX.US,5,20211026,210500,9.99,10,9.9868,9.9868,5300,0
BTTX.US,5,20211026,211000,9.9452,10,9.9452,10,3749,0
BTTX.US,5,20211026,211500,10,10.025,9.994,10.02,21218,0
BTTX.US,5,20211026,212000,9.97,10,9.8455,10,2740,0
BTTX.US,5,20211026,212500,10,10,9.9501,9.9501,2600,0
BTTX.US,5,20211026,213000,9.99,10,9.9866,10,3178,0
BTTX.US,5,20211026,213500,10,10,9.9516,10,6000,0
BTTX.US,5,20211026,214000,10,10.01,9.9995,9.9999,30456,0
BTTX.US,5,20211026,214500,10,10,9.99,9.9975,6018,0
BTTX.US,5,20211026,215000,10,10,9.91,10,25801,0
BTTX.US,5,20211026,215500,10,10.035,9.88,9.99,39568,0
BTTX.US,5,20211027,153000,10,10.1,10,10,19615,0
BTTX.US,5,20211027,153500,10.05,10.05,10.05,10.05,1400,0
BTTX.US,5,20211027,154000,10.02,10.11,10.02,10.11,550,0
BTTX.US,5,20211027,154500,10.1114,10.135,10,10,4758,0
BTTX.US,5,20211027,155000,9.99,10,9.97,10,4785,0
BTTX.US,5,20211027,155500,10,10.0424,9.93,10.0196,4213,0
BTTX.US,5,20211027,160000,10.02,10.06,9.9639,10.06,15166,0
BTTX.US,5,20211027,160500,9.9801,10.06,9.9801,9.9945,4921,0
BTTX.US,5,20211027,161000,10.06,10.06,9.99,10.01,5617,0
BTTX.US,5,20211027,161500,10.035,10.05,9.9688,9.9688,13170,0
BTTX.US,5,20211027,162000,9.96,10.05,9.958,10.05,4520,0
BTTX.US,5,20211027,162500,10.06,10.06,10.015,10.015,360,0
BTTX.US,5,20211027,163000,10.025,10.09,9.99,10,12692,0
BTTX.US,5,20211027,163500,10,10.1199,10,10.07,4041,0
BTTX.US,5,20211027,164000,10.1102,10.84,10.07,10.84,23455,0
BTTX.US,5,20211027,164500,10.7501,11.39,10.7501,10.8383,59009,0
BTTX.US,5,20211027,165000,10.79,11,10.52,10.8,22387,0
BTTX.US,5,20211027,165500,10.8,10.98,10.77,10.98,3961,0
BTTX.US,5,20211027,170000,10.9,11.09,10.9,11.0445,8609,0
BTTX.US,5,20211027,170500,11.025,11.1205,10.9977,11.0697,12212,0
BTTX.US,5,20211027,171000,11.12,11.3,11.0845,11.19,13868,0
BTTX.US,5,20211027,171500,11.26,12,11.19,11.8695,96137,0
BTTX.US,5,20211027,172000,11.8,11.8,11.2,11.29,38067,0
BTTX.US,5,20211027,172500,11.45,11.45,11.09,11.29,15297,0
BTTX.US,5,20211027,173000,11.2748,11.64,11.2748,11.38,12238,0
BTTX.US,5,20211027,173500,11.48,11.48,10.35,10.35,38312,0
BTTX.US,5,20211027,174000,10.24,10.5,10.165,10.32,27259,0
BTTX.US,5,20211027,174500,10.46,10.7594,10.42,10.5467,7838,0
BTTX.US,5,20211027,175000,10.7,10.7,10.3476,10.46,10117,0
BTTX.US,5,20211027,175500,10.35,10.39,10.2,10.2,13034,0
BTTX.US,5,20211027,180000,10.27,10.405,10.14,10.405,5822,0
BTTX.US,5,20211027,180500,10.46,10.69,10.46,10.62,12374,0
BTTX.US,5,20211027,181000,10.62,10.78,10.5496,10.5496,8096,0
BTTX.US,5,20211027,181500,10.62,10.79,10.6,10.69,6073,0
BTTX.US,5,20211027,182000,10.656,10.68,10.5858,10.6,7523,0
BTTX.US,5,20211027,182500,10.6,10.86,10.6,10.67,4500,0
BTTX.US,5,20211027,183000,10.74,10.81,10.61,10.61,6431,0
BTTX.US,5,20211027,183500,10.71,10.815,10.71,10.815,2100,0
BTTX.US,5,20211027,184000,10.78,10.8,10.6389,10.73,7580,0
BTTX.US,5,20211027,184500,10.74,10.8,10.63,10.63,9200,0
BTTX.US,5,20211027,185000,10.63,10.64,10.51,10.51,7824,0
BTTX.US,5,20211027,185500,10.51,10.62,10.4201,10.6,3350,0
BTTX.US,5,20211027,190000,10.6,10.63,10.47,10.5827,3869,0
BTTX.US,5,20211027,190500,10.5,10.58,10.41,10.41,1734,0
BTTX.US,5,20211027,191000,10.4,10.48,10.4,10.4799,1700,0
BTTX.US,5,20211027,191500,10.44,10.475,10.41,10.41,600,0
BTTX.US,5,20211027,192000,10.44,10.5,10.41,10.41,1360,0
BTTX.US,5,20211027,192500,10.46,10.4908,10.44,10.44,3029,0
BTTX.US,5,20211027,193000,10.455,10.5,10.43,10.43,3400,0
BTTX.US,5,20211027,193500,10.4257,10.5,10.4201,10.5,5325,0
BTTX.US,5,20211027,194000,10.5,10.5,10.4488,10.5,1303,0
BTTX.US,5,20211027,194500,10.49,10.5801,10.49,10.57,1910,0
BTTX.US,5,20211027,195000,10.63,10.74,10.55,10.64,8773,0
BTTX.US,5,20211027,195500,10.8096,10.85,10.69,10.69,3650,0
BTTX.US,5,20211027,200000,10.72,10.9,10.67,10.72,5462,0
BTTX.US,5,20211027,200500,10.7199,10.72,10.66,10.72,2322,0
BTTX.US,5,20211027,201000,10.64,10.64,10.6,10.64,3500,0
BTTX.US,5,20211027,201500,10.64,10.64,10.5001,10.5001,10212,0
BTTX.US,5,20211027,202000,10.55,10.55,10.5,10.5,1246,0
BTTX.US,5,20211027,202500,10.51,10.55,10.5,10.5,1161,0
BTTX.US,5,20211027,203000,10.55,10.6643,10.5456,10.6,4116,0
BTTX.US,5,20211027,203500,10.66,10.755,10.6,10.705,7480,0
BTTX.US,5,20211027,204000,10.75,10.8606,10.67,10.8606,13457,0
BTTX.US,5,20211027,204500,10.895,11,10.86,10.95,11171,0
BTTX.US,5,20211027,205000,11.0099,11.15,11,11.1384,9196,0
BTTX.US,5,20211027,205500,11,11.0665,11,11.02,1750,0
BTTX.US,5,20211027,210000,11.075,11.12,11.02,11.12,9470,0
BTTX.US,5,20211027,210500,11.155,11.19,11.13,11.19,800,0
BTTX.US,5,20211027,211000,11.2,11.2,10.91,10.93,16319,0
BTTX.US,5,20211027,211500,10.92,10.93,10.7801,10.8401,6518,0
BTTX.US,5,20211027,212000,10.93,11.15,10.93,11.14,3759,0
BTTX.US,5,20211027,212500,11.15,11.2,11,11.03,6470,0
BTTX.US,5,20211027,213000,11.05,11.05,10.99,11,2350,0
BTTX.US,5,20211027,213500,11,11,10.92,10.92,10947,0
BTTX.US,5,20211027,214000,10.89,10.96,10.85,10.925,6940,0
BTTX.US,5,20211027,214500,10.96,10.96,10.9001,10.9001,1000,0
BTTX.US,5,20211027,215000,10.9184,10.93,10.81,10.83,7209,0
BTTX.US,5,20211027,215500,10.8,10.97,10.78,10.97,6798,0
BTTX.US,5,20211028,153000,10.8964,10.99,10.32,10.35,23406,0
BTTX.US,5,20211028,153500,10.4553,10.55,10.195,10.24,14460,0
BTTX.US,5,20211028,154000,10.4743,10.4743,10.25,10.25,380,0
BTTX.US,5,20211028,154500,10.37,10.37,10.26,10.37,12148,0
BTTX.US,5,20211028,155000,10.335,10.41,10.26,10.26,3313,0
BTTX.US,5,20211028,155500,10.37,10.41,10.26,10.3792,10227,0
BTTX.US,5,20211028,160000,10.26,10.38,10.26,10.36,1462,0
BTTX.US,5,20211028,160500,10.26,10.35,10.26,10.26,1325,0
BTTX.US,5,20211028,161000,10.3277,10.42,10.2848,10.3001,2120,0
BTTX.US,5,20211028,161500,10.3001,10.3001,10.3001,10.3001,135,0
BTTX.US,5,20211028,162000,10.3,10.3,10.3,10.3,1840,0
BTTX.US,5,20211028,162500,10.31,10.32,10.3,10.32,2211,0
BTTX.US,5,20211028,163000,10.35,10.35,10.3,10.34,2300,0
BTTX.US,5,20211028,163500,10.26,10.336,10.26,10.283,800,0
BTTX.US,5,20211028,164000,10.29,10.3,10.26,10.2998,5544,0
BTTX.US,5,20211028,164500,10.3,10.38,10.2609,10.38,14635,0
BTTX.US,5,20211028,165000,10.4,10.45,10.3999,10.4,3801,0
BTTX.US,5,20211028,165500,10.3397,10.3397,10.3397,10.3397,774,0
BTTX.US,5,20211028,170000,10.36,10.36,10.3581,10.3581,610,0
BTTX.US,5,20211028,170500,10.45,10.5,10.45,10.5,1500,0
BTTX.US,5,20211028,171500,10.45,10.45,10.44,10.45,720,0
BTTX.US,5,20211028,172000,10.47,10.47,10.4,10.419,1100,0
BTTX.US,5,20211028,172500,10.4,10.4382,10.4,10.4,889,0
BTTX.US,5,20211028,173000,10.3601,10.3616,10.26,10.3,11073,0
BTTX.US,5,20211028,173500,10.3139,10.35,10.3139,10.35,600,0
BTTX.US,5,20211028,174000,10.42,10.42,10.33,10.33,7996,0
BTTX.US,5,20211028,174500,10.35,10.36,10.35,10.36,2140,0
BTTX.US,5,20211028,175000,10.36,10.45,10.36,10.42,2480,0
BTTX.US,5,20211028,180000,10.3201,10.3201,10.3201,10.3201,1600,0
BTTX.US,5,20211028,180500,10.315,10.33,10.27,10.31,7404,0
BTTX.US,5,20211028,181000,10.27,10.33,10.27,10.33,1054,0
BTTX.US,5,20211028,181500,10.36,10.42,10.3585,10.417,1830,0
BTTX.US,5,20211028,182000,10.4101,10.412,10.41,10.412,500,0
BTTX.US,5,20211028,182500,10.4238,10.4325,10.32,10.4325,1283,0
BTTX.US,5,20211028,184000,10.35,10.45,10.35,10.45,3099,0
BTTX.US,5,20211028,184500,10.4373,10.4466,10.35,10.385,501,0
BTTX.US,5,20211028,185500,10.3601,10.3601,10.3601,10.3601,150,0
BTTX.US,5,20211028,190000,10.38,10.38,10.38,10.38,600,0
BTTX.US,5,20211028,190500,10.37,10.45,10.37,10.45,577,0
BTTX.US,5,20211028,191000,10.4,10.4,10.4,10.4,500,0
BTTX.US,5,20211028,191500,10.36,10.36,10.36,10.36,100,0
BTTX.US,5,20211028,192000,10.44,10.47,10.42,10.43,3600,0
BTTX.US,5,20211028,192500,10.44,10.44,10.44,10.44,480,0
BTTX.US,5,20211028,193000,10.45,10.45,10.38,10.45,22707,0
BTTX.US,5,20211028,193500,10.46,10.6,10.46,10.56,4648,0
BTTX.US,5,20211028,194000,10.56,10.7,10.47,10.68,11900,0
BTTX.US,5,20211028,194500,10.61,10.61,10.38,10.4645,10275,0
BTTX.US,5,20211028,195000,10.43,10.49,10.37,10.4359,1376,0
BTTX.US,5,20211028,195500,10.42,10.7332,10.42,10.6714,1481,0
BTTX.US,5,20211028,200000,10.44,10.5699,10.44,10.5699,385,0
BTTX.US,5,20211028,200500,10.54,10.55,10.42,10.48,5273,0
BTTX.US,5,20211028,201000,10.4301,10.4301,10.4,10.4,1125,0
BTTX.US,5,20211028,201500,10.52,10.52,10.52,10.52,147,0
BTTX.US,5,20211028,202000,10.59,10.59,10.5654,10.5654,1303,0
BTTX.US,5,20211028,202500,10.4001,10.57,10.4001,10.57,679,0
BTTX.US,5,20211028,203500,10.55,10.55,10.55,10.55,100,0
BTTX.US,5,20211028,204500,10.5349,10.5349,10.41,10.41,782,0
BTTX.US,5,20211028,205000,10.42,10.55,10.42,10.55,3181,0
BTTX.US,5,20211028,205500,10.4529,10.5099,10.4529,10.5099,471,0
BTTX.US,5,20211028,210000,10.51,10.51,10.4,10.4,2911,0
BTTX.US,5,20211028,210500,10.5,10.5,10.41,10.4863,1171,0
BTTX.US,5,20211028,211000,10.4685,10.4685,10.4685,10.4685,160,0
BTTX.US,5,20211028,211500,10.4,10.418,10.3,10.3,10065,0
BTTX.US,5,20211028,212000,10.3,10.36,10.28,10.36,1129,0
BTTX.US,5,20211028,212500,10.3087,10.3087,10.28,10.28,315,0
BTTX.US,5,20211028,213000,10.28,10.31,10.2,10.3,7613,0
BTTX.US,5,20211028,213500,10.28,10.28,10.2,10.21,7303,0
BTTX.US,5,20211028,214000,10.256,10.26,10.256,10.26,260,0
BTTX.US,5,20211028,214500,10.27,10.34,10.27,10.34,5400,0
BTTX.US,5,20211028,215000,10.3,10.31,10.27,10.3,7191,0
BTTX.US,5,20211028,215500,10.31,10.45,10.27,10.43,25299,0
BTTX.US,5,20211029,153000,10.04,10.2,8.94,9.3457,48249,0
BTTX.US,5,20211029,153500,9.255,9.5,9.07,9.5,38724,0
BTTX.US,5,20211029,154000,9.94,9.996,9.4501,9.4714,3399,0
BTTX.US,5,20211029,154500,9.48,9.48,9.16,9.2,5733,0
BTTX.US,5,20211029,155000,9.15,9.29,9.11,9.26,5438,0
BTTX.US,5,20211029,155500,9.15,9.3707,8.75,8.76,7304,0
BTTX.US,5,20211029,160000,8.7714,9.01,8.7714,8.905,3601,0
BTTX.US,5,20211029,160500,8.905,9,8.7133,8.81,4191,0
BTTX.US,5,20211029,161000,8.81,8.95,8.68,8.95,13498,0
BTTX.US,5,20211029,161500,8.68,8.9567,8.68,8.95,7070,0
BTTX.US,5,20211029,162000,8.8533,8.8599,8.66,8.66,8200,0
BTTX.US,5,20211029,162500,8.6515,8.6515,8.16,8.16,20102,0
BTTX.US,5,20211029,163000,8.1711,8.52,8.1711,8.345,13925,0
BTTX.US,5,20211029,163500,8.2,8.3345,8.19,8.19,950,0
BTTX.US,5,20211029,164000,8.1804,8.2,8.1,8.1,11434,0
BTTX.US,5,20211029,164500,8.101,8.4104,8.1,8.4104,2834,0
BTTX.US,5,20211029,165000,8.2,8.2381,8.15,8.2381,3022,0
BTTX.US,5,20211029,165500,8.38,8.67,8.38,8.64,14258,0
BTTX.US,5,20211029,170000,8.6031,8.94,8.5401,8.94,3725,0
BTTX.US,5,20211029,170500,8.95,8.97,8.75,8.9,6459,0
BTTX.US,5,20211029,171000,8.8403,8.8403,8.54,8.6006,4200,0
BTTX.US,5,20211029,171500,8.6,8.62,8.58,8.59,1140,0
BTTX.US,5,20211029,172000,8.6199,8.715,8.6199,8.71,1178,0
BTTX.US,5,20211029,172500,8.78,8.8,8.5938,8.65,1468,0
BTTX.US,5,20211029,173000,8.6599,8.6599,8.5,8.52,1764,0
BTTX.US,5,20211029,173500,8.5,8.53,8.4,8.508,3013,0
BTTX.US,5,20211029,174000,8.5,8.51,8.4999,8.4999,800,0
BTTX.US,5,20211029,174500,8.27,8.45,8.24,8.45,7237,0
BTTX.US,5,20211029,175000,8.5191,8.55,8.4,8.55,1850,0
BTTX.US,5,20211029,175500,8.7,8.7,8.7,8.7,100,0
BTTX.US,5,20211029,180000,8.6322,8.6733,8.6143,8.6143,1600,0
BTTX.US,5,20211029,180500,8.6485,8.67,8.635,8.6554,1915,0
BTTX.US,5,20211029,181000,8.65,8.67,8.64,8.66,2181,0
BTTX.US,5,20211029,181500,8.66,8.67,8.6384,8.67,2808,0
BTTX.US,5,20211029,182000,8.665,8.67,8.665,8.6669,949,0
BTTX.US,5,20211029,182500,8.66,9.0898,8.61,8.61,6640,0
BTTX.US,5,20211029,183000,8.8708,8.9,8.8,8.8,2477,0
BTTX.US,5,20211029,183500,8.9537,8.9537,8.8478,8.8478,540,0
BTTX.US,5,20211029,184000,8.85,8.9,8.7,8.8742,11044,0
BTTX.US,5,20211029,184500,8.89,8.89,8.67,8.67,1535,0
BTTX.US,5,20211029,185000,8.75,9,8.66,9,6056,0
BTTX.US,5,20211029,185500,8.9946,9.0911,8.8711,9,5901,0
BTTX.US,5,20211029,190000,9,9.1306,8.95,9,4233,0
BTTX.US,5,20211029,190500,9.08,9.08,8.9831,8.9831,3493,0
BTTX.US,5,20211029,191000,8.9,9,8.9,8.9,2977,0
BTTX.US,5,20211029,191500,8.9765,9,8.89,9,3264,0
BTTX.US,5,20211029,192000,8.99,9.065,8.95,9.065,3115,0
BTTX.US,5,20211029,192500,9.0944,9.1261,9,9.1,3325,0
BTTX.US,5,20211029,193000,9.15,9.15,8.91,8.91,5056,0
BTTX.US,5,20211029,193500,9.0799,9.1,9.0786,9.1,3715,0
BTTX.US,5,20211029,194000,9.0894,9.5,9.0894,9.5,4513,0
BTTX.US,5,20211029,194500,9.4331,9.5,9.3909,9.5,3584,0
BTTX.US,5,20211029,195000,9.5,9.5,9.49,9.49,1877,0
BTTX.US,5,20211029,195500,9.4988,9.5,9.4,9.5,4649,0
BTTX.US,5,20211029,200000,9.5,9.5,9.49,9.49,507,0
BTTX.US,5,20211029,200500,9.438,9.438,9.4,9.43,2418,0
BTTX.US,5,20211029,201000,9.4499,9.5,9.4499,9.5,10759,0
BTTX.US,5,20211029,201500,9.483,9.5,9.48,9.4878,19181,0
BTTX.US,5,20211029,202000,9.49,9.7256,9.4854,9.7256,21234,0
BTTX.US,5,20211029,202500,9.78,9.9499,9.711,9.8065,7487,0
BTTX.US,5,20211029,203000,9.91,9.91,9.7836,9.7836,2475,0
BTTX.US,5,20211029,203500,9.8,9.8,9.11,9.25,4890,0
BTTX.US,5,20211029,204000,9.5,9.6,9.44,9.44,300,0
BTTX.US,5,20211029,204500,9.21,9.34,9.21,9.34,800,0
BTTX.US,5,20211029,205000,9.3108,9.39,9.31,9.32,5332,0
BTTX.US,5,20211029,205500,9.39,9.39,9.2955,9.32,3116,0
BTTX.US,5,20211029,210000,9.3071,9.3071,9.3,9.3,2450,0
BTTX.US,5,20211029,210500,9.305,9.3099,9.3,9.3099,2000,0
BTTX.US,5,20211029,211000,9.21,9.2485,9.1318,9.2485,1005,0
BTTX.US,5,20211029,211500,9.2381,9.2399,9.195,9.2399,500,0
BTTX.US,5,20211029,212000,9.205,9.23,9.1624,9.2,8249,0
BTTX.US,5,20211029,212500,9.2,9.3,9.2,9.2637,4408,0
BTTX.US,5,20211029,213000,9.3,9.7099,9.3,9.679,5027,0
BTTX.US,5,20211029,213500,9.6,9.671,9.408,9.671,1201,0
BTTX.US,5,20211029,214000,9.6,9.7,9.51,9.51,1705,0
BTTX.US,5,20211029,214500,9.4864,9.6386,9.4864,9.58,7535,0
BTTX.US,5,20211029,215000,9.555,9.61,9.41,9.41,12012,0
BTTX.US,5,20211029,215500,9.4403,9.4997,9.3,9.3,13990,0
BTTX.US,5,20211101,143000,13.82,13.88,12.6301,13.62,342224,0
BTTX.US,5,20211101,143500,13.59,14.15,12.65,13.24,321810,0
BTTX.US,5,20211101,144000,13.24,13.26,12.07,12.39,200048,0
BTTX.US,5,20211101,144500,12.33,12.55,11.86,12.5499,167792,0
BTTX.US,5,20211101,145000,12.4801,12.87,12.2,12.37,128072,0
BTTX.US,5,20211101,145500,12.3655,13.3,12.35,12.6599,270554,0
BTTX.US,5,20211101,150000,12.625,12.78,12.409,12.5997,80692,0
BTTX.US,5,20211101,150500,12.6,13.79,12.59,13.7799,402767,0
BTTX.US,5,20211101,151000,13.7,15.07,13.23,15.07,930812,0
BTTX.US,5,20211101,151500,15.045,16.58,14.85,16.58,452111,0
BTTX.US,5,20211101,152000,16.6,17.04,14.71,15.14,1543297,0
BTTX.US,5,20211101,152500,15.1,17.389,15.1,15.9989,2188981,0
BTTX.US,5,20211101,153000,15.954,17.9791,15.6,17.0892,1770337,0
BTTX.US,5,20211101,153500,17.08,17.41,16.23,16.48,1244307,0
BTTX.US,5,20211101,154000,16.3677,17.3,15.87,17.29,1138215,0
BTTX.US,5,20211101,154500,17.1,17.3,16.12,16.4,880495,0
BTTX.US,5,20211101,155000,16.2904,18.44,16.21,16.7489,1012807,0
BTTX.US,5,20211101,155500,16.7,18.7,16.35,18.29,1759425,0
BTTX.US,5,20211101,160000,18.23,18.98,17.34,17.87,1531527,0
BTTX.US,5,20211101,160500,17.77,18.03,16.8,17.59,878024,0
BTTX.US,5,20211101,161000,17.5,17.5991,17.062,17.27,379658,0
BTTX.US,5,20211101,161500,17.27,18.4,17.2306,18.22,1232729,0
BTTX.US,5,20211101,162000,18.2001,18.3,17.47,18.0999,787393,0
BTTX.US,5,20211101,162500,18.0825,19.89,18.0101,19.1766,1867849,0
BTTX.US,5,20211101,163000,19.1601,21.27,19,20.92,1685633,0
BTTX.US,5,20211101,163500,20.8201,23.74,20.75,23.74,2226343,0
BTTX.US,5,20211101,164000,21.11,23.8,20.75,21.75,1436351,0
BTTX.US,5,20211101,164500,21.72,23.2483,20.1,22.4999,2128301,0
BTTX.US,5,20211101,165000,22.465,27.75,22.465,27.5899,3391605,0
BTTX.US,5,20211101,165500,27.502,27.6,24.79,26.53,2583915,0
BTTX.US,5,20211101,170000,26.5001,28,25.27,26.39,2054481,0
BTTX.US,5,20211101,170500,26.3898,29.39,25.55,29.2121,1872935,0
BTTX.US,5,20211101,171000,28.76,29.4,26.88,27.4971,1585507,0
BTTX.US,5,20211101,171500,27.4999,28.19,26.31,27.18,887873,0
BTTX.US,5,20211101,172000,27.0568,27.3,23.76,24.27,1325229,0
BTTX.US,5,20211101,172500,24.03,24.9499,23.75,24.69,887795,0
BTTX.US,5,20211101,173000,24.6899,25.06,23.8,23.98,729059,0
BTTX.US,5,20211101,173500,23.9105,24,22.12,22.71,1204634,0
BTTX.US,5,20211101,174000,22.4,23.45,22.4,22.595,695559,0
BTTX.US,5,20211101,174500,22.51,23.0199,21.7,22.7,615111,0
BTTX.US,5,20211101,175000,22.73,24.4,22.62,23.72,973844,0
BTTX.US,5,20211101,175500,23.6001,23.96,21.14,21.14,466788,0
BTTX.US,5,20211101,180000,20.38,21.1,20.23,20.5999,547688,0
BTTX.US,5,20211101,180500,20.46,20.75,19.18,19.6899,963134,0
BTTX.US,5,20211101,181000,19.5501,19.8699,18.65,19.38,803040,0
BTTX.US,5,20211101,181500,19.335,19.9,19.1901,19.8399,611826,0
BTTX.US,5,20211101,182000,19.81,19.8441,18.18,18.42,625017,0
BTTX.US,5,20211101,182500,18.36,19.42,18.36,19.163,486780,0
BTTX.US,5,20211101,183000,19.28,19.5,18.7901,19.08,383931,0
BTTX.US,5,20211101,183500,19.0799,21.6,18.96,21.1899,997994,0
BTTX.US,5,20211101,184000,21,22.49,21,21.9199,1224250,0
BTTX.US,5,20211101,184500,21.8001,23.14,21.5501,22.7,1148961,0
BTTX.US,5,20211101,185000,22.61,22.68,21.55,21.78,734554,0
BTTX.US,5,20211101,185500,21.7101,23.5,21.7101,22.96,1059673,0
BTTX.US,5,20211101,190000,22.8306,23.99,22.23,23.7,1168029,0
BTTX.US,5,20211101,190500,23.62,24.65,23.41,24.215,1415875,0
BTTX.US,5,20211101,191000,24.1501,24.44,21.54,21.54,714518,0
BTTX.US,5,20211101,191500,19.72,21.29,19.72,21.1899,633853,0
BTTX.US,5,20211101,192000,21.1777,23.27,21.05,22.07,1068199,0
BTTX.US,5,20211101,192500,22.0601,22.4499,21.5,21.7099,542717,0
BTTX.US,5,20211101,193000,21.39,21.54,19.37,19.9,647969,0
BTTX.US,5,20211101,193500,19.8,20.6973,19.705,19.9499,492839,0
BTTX.US,5,20211101,194000,19.94,21.78,19.94,21.4299,608639,0
BTTX.US,5,20211101,194500,21.2001,22.5999,21.1101,22.08,958902,0
BTTX.US,5,20211101,195000,22,22.25,20.63,21.79,807799,0
BTTX.US,5,20211101,195500,21.7,22.75,21.5,22.38,1161793,0
BTTX.US,5,20211101,200000,22.38,23.5,22.08,22.21,1161701,0
BTTX.US,5,20211101,200500,22.05,22.5999,20.35,21.1776,740922,0
BTTX.US,5,20211101,201000,20.8,21.68,20.5,21.328,486694,0
BTTX.US,5,20211101,201500,21.1601,22.2,20.7,21.9999,730839,0
BTTX.US,5,20211101,202000,21.62,22,20.83,21.1002,599188,0
BTTX.US,5,20211101,202500,21.2299,21.23,19.63,20.62,531593,0
BTTX.US,5,20211101,203000,20.53,20.85,18.55,18.6,684360,0
BTTX.US,5,20211101,203500,18.59,19.44,18.3,19.1,655665,0
BTTX.US,5,20211101,204000,19.01,19.65,18.54,18.7701,400950,0
BTTX.US,5,20211101,204500,18.77,18.8799,17.65,17.8999,573666,0
BTTX.US,5,20211101,205000,17.88,18.45,17.83,17.99,394329,0
BTTX.US,5,20211101,205500,18,18.09,16.2,17.14,757210,0
BTTX.US,5,20211102,143000,13.61,13.7015,12.88,13.36,388323,0
BTTX.US,5,20211102,143500,13.4,13.4,12.9,13.1404,181341,0
BTTX.US,5,20211102,144000,13.1308,13.8299,12.93,13.564,198455,0
BTTX.US,5,20211102,144500,13.5999,14.155,13.16,13.8899,157888,0
BTTX.US,5,20211102,145000,13.87,14.5,13,13,367941,0
BTTX.US,5,20211102,145500,13.02,13.39,13,13.2476,79924,0
BTTX.US,5,20211102,150000,13.2,13.21,12.55,12.9,151392,0
BTTX.US,5,20211102,150500,12.95,13.26,12.81,13.0301,93013,0
BTTX.US,5,20211102,151000,13.01,13.18,12.56,12.7501,66849,0
BTTX.US,5,20211102,151500,12.76,12.9,12.64,12.7,58029,0
BTTX.US,5,20211102,152000,12.7,12.9,12.64,12.77,45990,0
BTTX.US,5,20211102,152500,12.73,12.79,12.2501,12.2501,93498,0
BTTX.US,5,20211102,153000,12.285,12.84,12.281,12.4001,149996,0
BTTX.US,5,20211102,153500,12.445,12.5499,12.2401,12.35,39975,0
BTTX.US,5,20211102,154000,12.3,12.35,11.81,11.83,115664,0
BTTX.US,5,20211102,154500,11.8499,12,11.78,11.9197,102764,0
BTTX.US,5,20211102,155000,11.92,12.1899,11.86,12.1885,85139,0
BTTX.US,5,20211102,155500,12.175,12.3,12.06,12.215,48322,0
BTTX.US,5,20211102,160000,12.2,12.45,12.17,12.3385,65900,0
BTTX.US,5,20211102,160500,12.34,12.3799,12,12.06,37997,0
BTTX.US,5,20211102,161000,12.05,12.2,11.99,12.01,22415,0
BTTX.US,5,20211102,161500,11.99,12.01,11.7,11.71,53187,0
BTTX.US,5,20211102,162000,11.72,12.09,11.71,12.0899,39492,0
BTTX.US,5,20211102,162500,12.05,12.2,12.0001,12.1701,13287,0
BTTX.US,5,20211102,163000,12.17,12.2999,12.02,12.035,15306,0
BTTX.US,5,20211102,163500,12.0197,12.1099,12.01,12.04,12392,0
BTTX.US,5,20211102,164000,12.0599,12.1,12.01,12.09,13817,0
BTTX.US,5,20211102,164500,12.09,12.2,12.01,12.03,8398,0
BTTX.US,5,20211102,165000,11.88,12.03,11.71,11.94,25866,0
BTTX.US,5,20211102,165500,11.94,11.97,11.7,11.87,29442,0
BTTX.US,5,20211102,170000,11.8965,11.9,11.61,11.6499,35371,0
BTTX.US,5,20211102,170500,11.625,11.9,11.625,11.8,40329,0
BTTX.US,5,20211102,171000,11.8,11.8,11.7175,11.7799,7068,0
BTTX.US,5,20211102,171500,11.71,11.9899,11.71,11.8706,13123,0
BTTX.US,5,20211102,172000,11.9,11.98,11.86,11.93,22435,0
BTTX.US,5,20211102,172500,11.93,12.1,11.895,12.0475,20869,0
BTTX.US,5,20211102,173000,12.1,12.1,11.95,11.9733,12413,0
BTTX.US,5,20211102,173500,11.9,11.98,11.85,11.8604,21003,0
BTTX.US,5,20211102,174000,11.8604,11.8999,11.7,11.8,31364,0
BTTX.US,5,20211102,174500,11.8055,11.88,11.7823,11.845,1807,0
BTTX.US,5,20211102,175000,11.845,11.8799,11.65,11.67,13281,0
BTTX.US,5,20211102,175500,11.7036,11.7999,11.4805,11.505,19224,0
BTTX.US,5,20211102,180000,11.49,11.65,11.36,11.65,42729,0
BTTX.US,5,20211102,180500,11.6594,11.6899,11.5,11.55,11853,0
BTTX.US,5,20211102,181000,11.5999,11.6499,11.56,11.61,6165,0
BTTX.US,5,20211102,181500,11.6142,11.65,11.55,11.5524,9578,0
BTTX.US,5,20211102,182000,11.5599,11.56,11.51,11.53,5687,0
BTTX.US,5,20211102,182500,11.5599,11.5999,11.5,11.5999,6765,0
BTTX.US,5,20211102,183000,11.56,11.7599,11.5401,11.6807,13835,0
BTTX.US,5,20211102,183500,11.7,11.74,11.54,11.7365,22961,0
BTTX.US,5,20211102,184000,11.715,11.8899,11.6,11.8399,31449,0
BTTX.US,5,20211102,184500,11.83,11.8399,11.6,11.6401,12400,0
BTTX.US,5,20211102,185000,11.69,11.787,11.63,11.66,5234,0
BTTX.US,5,20211102,185500,11.64,11.752,11.64,11.752,5807,0
BTTX.US,5,20211102,190000,11.77,11.7704,11.61,11.6962,14895,0
BTTX.US,5,20211102,190500,11.69,11.7411,11.66,11.7411,9692,0
BTTX.US,5,20211102,191000,11.74,11.74,11.68,11.6901,4362,0
BTTX.US,5,20211102,191500,11.75,11.75,11.67,11.72,6982,0
BTTX.US,5,20211102,192000,11.7,11.7899,11.7,11.7889,6218,0
BTTX.US,5,20211102,192500,11.67,11.78,11.65,11.7223,35060,0
BTTX.US,5,20211102,193000,11.72,11.7304,11.64,11.67,8476,0
BTTX.US,5,20211102,193500,11.6101,11.66,11.6,11.6001,17420,0
BTTX.US,5,20211102,194000,11.6,11.64,11.5,11.58,19397,0
BTTX.US,5,20211102,194500,11.6101,11.77,11.6101,11.6779,12397,0
BTTX.US,5,20211102,195000,11.56,11.6999,11.56,11.6395,12457,0
BTTX.US,5,20211102,195500,11.5601,11.695,11.5601,11.6501,17290,0
BTTX.US,5,20211102,200000,11.69,11.75,11.56,11.6,16093,0
BTTX.US,5,20211102,200500,11.58,11.72,11.58,11.6901,6528,0
BTTX.US,5,20211102,201000,11.69,11.69,11.62,11.66,7884,0
BTTX.US,5,20211102,201500,11.6532,11.75,11.6101,11.75,9059,0
BTTX.US,5,20211102,202000,11.7299,11.7299,11.6201,11.65,3756,0
BTTX.US,5,20211102,202500,11.6501,11.6999,11.6101,11.65,22001,0
BTTX.US,5,20211102,203000,11.6799,11.6995,11.55,11.57,13145,0
BTTX.US,5,20211102,203500,11.55,11.6,11.48,11.55,16308,0
BTTX.US,5,20211102,204000,11.57,11.63,11.57,11.6,15206,0
BTTX.US,5,20211102,204500,11.5699,11.6,11.5,11.51,22629,0
BTTX.US,5,20211102,205000,11.5,11.5888,11.4,11.49,45418,0
BTTX.US,5,20211102,205500,11.475,11.63,11.455,11.5,73731,0
BTTX.US,5,20211103,143000,11.7,12.34,11.51,12.34,171405,0
BTTX.US,5,20211103,143500,12.3399,13.49,12.15,12.49,482331,0
BTTX.US,5,20211103,144000,12.49,12.69,12.01,12.32,170526,0
BTTX.US,5,20211103,144500,12.15,12.4,11.86,11.95,67753,0
BTTX.US,5,20211103,145000,12,12.17,11.83,12.1699,37400,0
BTTX.US,5,20211103,145500,12.11,12.1234,11.9,11.98,23585,0
BTTX.US,5,20211103,150000,12.059,12.38,11.91,12.2999,35604,0
BTTX.US,5,20211103,150500,12.15,12.25,11.84,12.18,43620,0
BTTX.US,5,20211103,151000,12.0101,12.1,11.5,11.6346,73483,0
BTTX.US,5,20211103,151500,11.61,11.8396,11.5767,11.78,18279,0
BTTX.US,5,20211103,152000,11.77,11.9999,11.69,11.8001,10253,0
BTTX.US,5,20211103,152500,11.75,11.81,11.52,11.5801,23731,0
BTTX.US,5,20211103,153000,11.64,11.84,11.63,11.74,18644,0
BTTX.US,5,20211103,153500,11.7001,11.8,11.7,11.76,12068,0
BTTX.US,5,20211103,154000,11.736,11.75,11.57,11.72,7443,0
BTTX.US,5,20211103,154500,11.7499,11.88,11.72,11.88,14574,0
BTTX.US,5,20211103,155000,11.77,11.825,11.7301,11.79,2388,0
BTTX.US,5,20211103,155500,11.7999,11.7999,11.6101,11.75,9146,0
BTTX.US,5,20211103,160000,11.83,11.89,11.71,11.8868,10609,0
BTTX.US,5,20211103,160500,11.86,11.8875,11.8,11.8,10708,0
BTTX.US,5,20211103,161000,11.805,11.96,11.805,11.9063,12660,0
BTTX.US,5,20211103,161500,11.94,12.2877,11.925,12.27,49066,0
BTTX.US,5,20211103,162000,12.2999,12.4899,12,12.14,56278,0
BTTX.US,5,20211103,162500,12.1001,12.27,12.1001,12.17,10679,0
BTTX.US,5,20211103,163000,12.1991,12.1991,11.9,11.91,9259,0
BTTX.US,5,20211103,163500,11.9334,12.13,11.9,12.1002,11394,0
BTTX.US,5,20211103,164000,12.0624,12.071,11.9001,11.9001,9966,0
BTTX.US,5,20211103,164500,11.9737,11.98,11.91,11.91,9686,0
BTTX.US,5,20211103,165000,11.9,12.05,11.8501,12.05,2742,0
BTTX.US,5,20211103,165500,11.9289,12.16,11.9,12.1325,48362,0
BTTX.US,5,20211103,170000,12.0301,12.5,12.0301,12.48,65222,0
BTTX.US,5,20211103,170500,12.435,12.4797,12.3001,12.365,18511,0
BTTX.US,5,20211103,171000,12.365,14.8,12.35,14.1298,539318,0
BTTX.US,5,20211103,171500,14.09,14.17,13.11,13.32,431929,0
BTTX.US,5,20211103,172000,13.3,13.6808,12.87,12.8701,199473,0
BTTX.US,5,20211103,172500,12.905,13.31,12.59,12.64,100013,0
BTTX.US,5,20211103,173000,12.64,12.8,12.57,12.7301,51630,0
BTTX.US,5,20211103,173500,12.79,12.89,12.36,12.42,47584,0
BTTX.US,5,20211103,174000,12.4101,12.6,12.27,12.315,33115,0
BTTX.US,5,20211103,174500,12.3726,12.6,12.3,12.5799,20735,0
BTTX.US,5,20211103,175000,12.54,12.5799,12.17,12.28,29185,0
BTTX.US,5,20211103,175500,12.28,12.4999,12.26,12.4999,13223,0
BTTX.US,5,20211103,180000,12.44,12.5,12.3,12.3,7200,0
BTTX.US,5,20211103,180500,12.3001,12.3001,12.18,12.3,8655,0
BTTX.US,5,20211103,181000,12.2621,12.3,12.1487,12.15,9862,0
BTTX.US,5,20211103,181500,12.16,12.22,12.16,12.22,6207,0
BTTX.US,5,20211103,182000,12.27,12.4845,12.2,12.26,12040,0
BTTX.US,5,20211103,182500,12.345,12.4399,12.33,12.34,4416,0
BTTX.US,5,20211103,183000,12.33,12.44,12.33,12.43,3159,0
BTTX.US,5,20211103,183500,12.4026,12.4299,12.16,12.32,8184,0
BTTX.US,5,20211103,184000,12.18,12.2999,12.16,12.2699,8558,0
BTTX.US,5,20211103,184500,12.2601,12.4199,12.2601,12.3788,2422,0
BTTX.US,5,20211103,185000,12.35,12.37,12.2,12.37,6114,0
BTTX.US,5,20211103,185500,12.22,12.24,12.22,12.2203,1846,0
BTTX.US,5,20211103,190000,12.2001,12.207,11.93,12.1375,21953,0
BTTX.US,5,20211103,190500,12.0799,12.13,12.02,12.05,4245,0
BTTX.US,5,20211103,191000,12.065,12.13,12.03,12.13,9789,0
BTTX.US,5,20211103,191500,12.1899,12.2289,12.06,12.2289,5708,0
BTTX.US,5,20211103,192000,12.2,12.24,11.94,12.05,17259,0
BTTX.US,5,20211103,192500,11.97,12.14,11.85,11.91,6882,0
BTTX.US,5,20211103,193000,11.955,12.24,11.95,12.205,14909,0
BTTX.US,5,20211103,193500,12.16,12.3567,12.1,12.33,6658,0
BTTX.US,5,20211103,194000,12.3799,12.3799,12.085,12.085,6612,0
BTTX.US,5,20211103,194500,12.075,12.075,12.02,12.05,3546,0
BTTX.US,5,20211103,195000,12.04,12.07,11.93,12.02,6330,0
BTTX.US,5,20211103,195500,11.9999,12.03,11.95,11.995,5066,0
BTTX.US,5,20211103,200000,11.98,12.0599,11.96,12.0599,3551,0
BTTX.US,5,20211103,200500,11.96,12.06,11.9201,12.05,5493,0
BTTX.US,5,20211103,201000,12.04,12.05,11.97,12,3541,0
BTTX.US,5,20211103,201500,12.02,12.1,11.99,12.06,15072,0
BTTX.US,5,20211103,202000,12.07,12.07,11.98,12.02,5103,0
BTTX.US,5,20211103,202500,12.02,12.1,12.02,12.0899,2258,0
BTTX.US,5,20211103,203000,12.09,12.3499,12.09,12.27,25022,0
BTTX.US,5,20211103,203500,12.19,12.2899,12.0681,12.2899,1700,0
BTTX.US,5,20211103,204000,12.2499,12.2499,12.0501,12.0901,5236,0
BTTX.US,5,20211103,204500,12.135,12.22,12.09,12.22,8206,0
BTTX.US,5,20211103,205000,12.2677,12.49,12.21,12.25,31019,0
BTTX.US,5,20211103,205500,12.3,12.4,12.09,12.25,44052,0
BTTX.US,5,20211104,143000,13.54,14.75,13.5,14.48,388007,0
BTTX.US,5,20211104,143500,14.395,14.49,13.8,14.1999,182004,0
BTTX.US,5,20211104,144000,14.04,15.48,13.8401,14.4099,608099,0
BTTX.US,5,20211104,144500,14.31,14.8,14.21,14.3,191596,0
BTTX.US,5,20211104,145000,14.3584,14.3584,13.91,14.14,86208,0
BTTX.US,5,20211104,145500,14.1,14.17,13.8,14.04,89462,0
BTTX.US,5,20211104,150000,14.02,14.15,13.58,13.69,84048,0
BTTX.US,5,20211104,150500,13.68,14,13.6,13.775,44931,0
BTTX.US,5,20211104,151000,13.61,13.87,13.61,13.77,33906,0
BTTX.US,5,20211104,151500,13.74,13.74,13.13,13.4,111347,0
BTTX.US,5,20211104,152000,13.39,13.5747,13.32,13.36,18236,0
BTTX.US,5,20211104,152500,13.375,13.4,12.86,12.91,68040,0
BTTX.US,5,20211104,153000,12.9118,12.97,12.62,12.79,95013,0
BTTX.US,5,20211104,153500,12.78,13.34,12.7001,13.18,26723,0
BTTX.US,5,20211104,154000,13.21,13.22,12.8,12.8,11049,0
BTTX.US,5,20211104,154500,12.81,13.15,12.81,12.9593,24484,0
BTTX.US,5,20211104,155000,12.98,13.16,12.88,12.99,5786,0
BTTX.US,5,20211104,155500,13,13.15,12.95,13.1396,29041,0
BTTX.US,5,20211104,160000,13.1499,13.36,12.46,12.535,74965,0
BTTX.US,5,20211104,160500,12.53,12.6399,12.395,12.63,24457,0
BTTX.US,5,20211104,161000,12.6299,13,12.625,12.84,31562,0
BTTX.US,5,20211104,161500,12.755,12.8799,12.664,12.69,5496,0
BTTX.US,5,20211104,162000,12.69,13,12.69,12.9499,14682,0
BTTX.US,5,20211104,162500,12.93,12.94,12.76,12.8001,9666,0
BTTX.US,5,20211104,163000,12.8001,12.92,12.7736,12.825,7002,0
BTTX.US,5,20211104,163500,12.79,12.8,12.61,12.8,9291,0
BTTX.US,5,20211104,164000,12.67,12.82,12.67,12.7,3394,0
BTTX.US,5,20211104,164500,12.68,12.8,12.66,12.68,20271,0
BTTX.US,5,20211104,165000,12.7,12.8,12.51,12.8,27280,0
BTTX.US,5,20211104,165500,12.705,12.705,12.52,12.617,28864,0
BTTX.US,5,20211104,170000,12.5301,12.71,12.4,12.55,24439,0
BTTX.US,5,20211104,170500,12.5,12.605,12.45,12.55,4200,0
BTTX.US,5,20211104,171000,12.55,12.56,12.4601,12.4899,8933,0
BTTX.US,5,20211104,171500,12.47,12.5474,12.3707,12.39,14124,0
BTTX.US,5,20211104,172000,12.4,12.4411,12.3,12.3199,14152,0
BTTX.US,5,20211104,172500,12.32,12.4399,12.1196,12.27,30946,0
BTTX.US,5,20211104,173000,12.33,12.4,12.28,12.3,7239,0
BTTX.US,5,20211104,173500,12.15,12.281,12.15,12.2699,14163,0
BTTX.US,5,20211104,174000,12.18,12.235,12.14,12.235,13260,0
BTTX.US,5,20211104,174500,12.186,12.32,12.186,12.23,7257,0
BTTX.US,5,20211104,175000,12.25,12.255,12.15,12.255,4907,0
BTTX.US,5,20211104,175500,12.255,12.56,12.255,12.49,23371,0
BTTX.US,5,20211104,180000,12.54,12.54,12.22,12.37,8958,0
BTTX.US,5,20211104,180500,12.3899,12.3899,12.26,12.34,7671,0
BTTX.US,5,20211104,181000,12.3401,12.45,12.17,12.22,8139,0
BTTX.US,5,20211104,181500,12.2201,12.3699,12.22,12.335,14274,0
BTTX.US,5,20211104,182000,12.31,12.5,12.3,12.3501,8930,0
BTTX.US,5,20211104,182500,12.425,12.5,12.36,12.4799,4854,0
BTTX.US,5,20211104,183000,12.45,12.47,12.415,12.46,5706,0
BTTX.US,5,20211104,183500,12.4599,12.7,12.44,12.5501,14442,0
BTTX.US,5,20211104,184000,12.5899,12.78,12.56,12.56,10112,0
BTTX.US,5,20211104,184500,12.5,12.72,12.5,12.61,6229,0
BTTX.US,5,20211104,185000,12.66,12.6799,12.52,12.54,5324,0
BTTX.US,5,20211104,185500,12.545,12.595,12.37,12.595,5973,0
BTTX.US,5,20211104,190000,12.62,12.62,12.525,12.525,200,0
BTTX.US,5,20211104,190500,12.505,12.505,12.35,12.41,5170,0
BTTX.US,5,20211104,191000,12.4899,12.6,12.38,12.4201,14313,0
BTTX.US,5,20211104,191500,12.59,12.59,12.47,12.58,2633,0
BTTX.US,5,20211104,192000,12.52,12.58,12.43,12.47,3384,0
BTTX.US,5,20211104,192500,12.48,12.48,12.36,12.36,3330,0
BTTX.US,5,20211104,193000,12.35,12.35,12.15,12.1801,27055,0
BTTX.US,5,20211104,193500,12.2,12.44,12.19,12.345,6114,0
BTTX.US,5,20211104,194000,12.2501,12.43,12.2501,12.42,2492,0
BTTX.US,5,20211104,194500,12.38,12.38,12.38,12.38,100,0
BTTX.US,5,20211104,195000,12.34,12.35,12.25,12.3,4349,0
BTTX.US,5,20211104,195500,12.29,12.38,12.29,12.3699,6000,0
BTTX.US,5,20211104,200000,12.3,12.36,12.3,12.3,2534,0
BTTX.US,5,20211104,200500,12.34,12.35,12.29,12.35,15130,0
BTTX.US,5,20211104,201000,12.37,12.55,12.37,12.415,9429,0
BTTX.US,5,20211104,201500,12.45,12.45,12.3013,12.3013,6360,0
BTTX.US,5,20211104,202000,12.3001,12.39,12.3,12.39,9298,0
BTTX.US,5,20211104,202500,12.3899,12.54,12.3899,12.54,8071,0
BTTX.US,5,20211104,203000,12.5,12.55,12.46,12.52,4151,0
BTTX.US,5,20211104,203500,12.49,12.49,12.35,12.35,4429,0
BTTX.US,5,20211104,204000,12.4,12.4,12.27,12.3299,5653,0
BTTX.US,5,20211104,204500,12.25,12.35,12.2,12.21,17292,0
BTTX.US,5,20211104,205000,12.2108,12.37,12.21,12.28,19348,0
BTTX.US,5,20211104,205500,12.37,12.49,12.225,12.35,36906,0
BTTX.US,5,20211105,143000,11.7,11.9799,11.6,11.91,25380,0
BTTX.US,5,20211105,143500,11.85,11.89,11.65,11.7,10698,0
BTTX.US,5,20211105,144000,11.65,11.7,11.34,11.48,39099,0
BTTX.US,5,20211105,144500,11.42,11.467,11.26,11.2999,19707,0
BTTX.US,5,20211105,145000,11.3,11.4899,11.27,11.337,11619,0
BTTX.US,5,20211105,145500,11.3139,11.35,11.1,11.14,18872,0
BTTX.US,5,20211105,150000,11.12,11.2,11.02,11.065,23369,0
BTTX.US,5,20211105,150500,11.0301,11.384,11.0301,11.28,13016,0
BTTX.US,5,20211105,151000,11.25,11.38,11.25,11.29,12575,0
BTTX.US,5,20211105,151500,11.2576,11.2576,11.05,11.15,8777,0
BTTX.US,5,20211105,152000,11.13,11.2,11.115,11.18,5740,0
BTTX.US,5,20211105,152500,11.21,11.3,11.2,11.21,6120,0
BTTX.US,5,20211105,153000,11.22,11.24,11.22,11.24,1702,0
BTTX.US,5,20211105,153500,11.23,11.25,11.15,11.15,3213,0
BTTX.US,5,20211105,154000,11.15,11.2,11.12,11.1401,5272,0
BTTX.US,5,20211105,154500,11.17,11.1999,11.1,11.1001,6306,0
BTTX.US,5,20211105,155000,11.1,11.11,11.08,11.1,3532,0
BTTX.US,5,20211105,155500,11.0999,11.2,11.08,11.2,6461,0
BTTX.US,5,20211105,160000,11.145,11.1799,11.02,11.03,5740,0
BTTX.US,5,20211105,160500,11.02,11.03,10.65,10.65,45172,0
BTTX.US,5,20211105,161000,10.65,10.75,10.5,10.68,17984,0
BTTX.US,5,20211105,161500,10.69,10.69,10.595,10.595,9787,0
BTTX.US,5,20211105,162000,10.61,10.61,10.43,10.45,29761,0
BTTX.US,5,20211105,162500,10.43,10.57,10.43,10.475,17630,0
BTTX.US,5,20211105,163000,10.45,10.4582,10.33,10.3379,18288,0
BTTX.US,5,20211105,163500,10.3387,10.55,10.3387,10.48,8984,0
BTTX.US,5,20211105,164000,10.47,10.55,10.37,10.3826,13453,0
BTTX.US,5,20211105,164500,10.38,10.5,10.36,10.4041,5913,0
BTTX.US,5,20211105,165000,10.41,10.41,10.303,10.3054,4944,0
BTTX.US,5,20211105,165500,10.31,10.4399,10.3,10.3601,45710,0
BTTX.US,5,20211105,170000,10.3727,10.5,10.3727,10.4,15402,0
BTTX.US,5,20211105,170500,10.4,10.46,10.4,10.42,7519,0
BTTX.US,5,20211105,171000,10.42,10.42,10.385,10.41,1677,0
BTTX.US,5,20211105,171500,10.385,10.385,10.31,10.33,6843,0
BTTX.US,5,20211105,172000,10.32,10.48,10.32,10.3822,12638,0
BTTX.US,5,20211105,172500,10.375,10.48,10.365,10.47,13273,0
BTTX.US,5,20211105,173000,10.46,10.48,10.4,10.438,7571,0
BTTX.US,5,20211105,173500,10.42,10.43,10.3501,10.43,15768,0
BTTX.US,5,20211105,174000,10.38,10.4,10.36,10.4,11454,0
BTTX.US,5,20211105,174500,10.43,10.49,10.38,10.49,7351,0
BTTX.US,5,20211105,175000,10.48,10.65,10.4739,10.65,8828,0
BTTX.US,5,20211105,175500,10.67,10.67,10.47,10.5,7294,0
BTTX.US,5,20211105,180000,10.485,10.4944,10.46,10.4944,2722,0
BTTX.US,5,20211105,180500,10.48,10.5,10.4501,10.4501,5681,0
BTTX.US,5,20211105,181000,10.45,10.46,10.39,10.41,8474,0
BTTX.US,5,20211105,181500,10.4164,10.42,10.4,10.42,1878,0
BTTX.US,5,20211105,182000,10.42,10.43,10.4,10.4,2644,0
BTTX.US,5,20211105,182500,10.4282,10.4999,10.4282,10.46,4828,0
BTTX.US,5,20211105,183000,10.46,10.49,10.4501,10.48,1217,0
BTTX.US,5,20211105,183500,10.4601,10.5,10.4601,10.5,9688,0
BTTX.US,5,20211105,184000,10.597,10.61,10.51,10.576,2084,0
BTTX.US,5,20211105,184500,10.5201,10.5828,10.4801,10.4801,3733,0
BTTX.US,5,20211105,185000,10.4901,10.4901,10.48,10.49,1920,0
BTTX.US,5,20211105,185500,10.45,10.5199,10.35,10.4112,5990,0
BTTX.US,5,20211105,190000,10.4,10.5,10.4,10.455,7099,0
BTTX.US,5,20211105,190500,10.4214,10.4799,10.28,10.4,14977,0
BTTX.US,5,20211105,191000,10.375,10.4,10.3601,10.4,2305,0
BTTX.US,5,20211105,191500,10.41,10.41,10.3001,10.3001,1980,0
BTTX.US,5,20211105,192000,10.3301,10.38,10.3301,10.375,1075,0
BTTX.US,5,20211105,192500,10.3937,10.4,10.375,10.4,7115,0
BTTX.US,5,20211105,193000,10.4298,10.63,10.4298,10.5501,5906,0
BTTX.US,5,20211105,193500,10.6399,10.6399,10.53,10.53,2968,0
BTTX.US,5,20211105,194000,10.5699,10.5699,10.52,10.53,12290,0
BTTX.US,5,20211105,194500,10.52,10.5799,10.51,10.5799,2144,0
BTTX.US,5,20211105,195000,10.5553,10.57,10.535,10.535,2335,0
BTTX.US,5,20211105,195500,10.5,10.51,10.46,10.47,5109,0
BTTX.US,5,20211105,200000,10.46,10.47,10.46,10.47,2650,0
BTTX.US,5,20211105,200500,10.5,10.505,10.491,10.505,762,0
BTTX.US,5,20211105,201000,10.51,10.52,10.505,10.52,1054,0
BTTX.US,5,20211105,201500,10.5,10.51,10.4804,10.495,1768,0
BTTX.US,5,20211105,202000,10.51,10.511,10.49,10.51,4510,0
BTTX.US,5,20211105,202500,10.49,10.51,10.49,10.5,2000,0
BTTX.US,5,20211105,203000,10.4701,10.5062,10.46,10.49,4680,0
BTTX.US,5,20211105,203500,10.5,10.5,10.44,10.45,3137,0
BTTX.US,5,20211105,204000,10.44,10.44,10.37,10.37,18237,0
BTTX.US,5,20211105,204500,10.43,10.43,10.35,10.36,8691,0
BTTX.US,5,20211105,205000,10.33,10.39,10.24,10.26,17329,0
BTTX.US,5,20211105,205500,10.23,10.38,10.2,10.25,39882,0
BTTX.US,5,20211108,153000,9.82,9.9964,9.8,9.895,19924,0
BTTX.US,5,20211108,153500,9.8727,10.4651,9.8727,10.2101,11527,0
BTTX.US,5,20211108,154000,10.4319,10.45,10.2114,10.22,7499,0
BTTX.US,5,20211108,154500,10.22,10.35,9.92,10,16065,0
BTTX.US,5,20211108,155000,10,10.2,10,10.18,5070,0
BTTX.US,5,20211108,155500,10.18,10.18,9.95,9.95,6479,0
BTTX.US,5,20211108,160000,10.05,10.14,10,10,2421,0
BTTX.US,5,20211108,160500,10,10.19,10,10.02,5088,0
BTTX.US,5,20211108,161000,10.01,10.02,10.01,10.01,2300,0
BTTX.US,5,20211108,161500,10.01,10.02,10,10.0001,6733,0
BTTX.US,5,20211108,162000,10.15,10.15,10.02,10.03,1400,0
BTTX.US,5,20211108,162500,10.085,10.14,10.0801,10.14,2260,0
BTTX.US,5,20211108,163000,10.09,10.09,10.03,10.0301,3400,0
BTTX.US,5,20211108,163500,10.0946,10.1299,10.05,10.1299,3735,0
BTTX.US,5,20211108,164000,10.0821,10.32,10.04,10.32,13386,0
BTTX.US,5,20211108,164500,10.4,10.64,10.38,10.44,20504,0
BTTX.US,5,20211108,165000,10.44,10.5899,10.3,10.41,6406,0
BTTX.US,5,20211108,165500,10.4412,10.4412,10.3001,10.395,6710,0
BTTX.US,5,20211108,170000,10.33,10.49,10.3,10.3,11518,0
BTTX.US,5,20211108,170500,10.326,10.37,10.3,10.3,3466,0
BTTX.US,5,20211108,171000,10.3068,10.31,10.275,10.28,2410,0
BTTX.US,5,20211108,171500,10.38,10.4,10.27,10.3713,784,0
BTTX.US,5,20211108,172000,10.2701,10.3911,10.2701,10.3818,3750,0
BTTX.US,5,20211108,172500,10.3818,10.3818,10.27,10.35,1509,0
BTTX.US,5,20211108,173000,10.34,10.35,10.25,10.25,16089,0
BTTX.US,5,20211108,173500,10.2501,10.2501,10.25,10.25,1459,0
BTTX.US,5,20211108,174000,10.25,10.295,10.2,10.295,3334,0
BTTX.US,5,20211108,174500,10.3,10.3,10.3,10.3,547,0
BTTX.US,5,20211108,175000,10.3016,10.335,10.2,10.2,5415,0
BTTX.US,5,20211108,180000,10.3,10.38,10.2,10.3,2617,0
BTTX.US,5,20211108,180500,10.37,10.4,10.34,10.35,1550,0
BTTX.US,5,20211108,181000,10.35,10.4,10.3,10.3,5609,0
BTTX.US,5,20211108,181500,10.25,10.28,10.2238,10.2238,1223,0
BTTX.US,5,20211108,182000,10.34,10.4,10.24,10.35,5007,0
BTTX.US,5,20211108,182500,10.35,10.35,10.35,10.35,400,0
BTTX.US,5,20211108,183500,10.35,10.35,10.2,10.25,5238,0
BTTX.US,5,20211108,184000,10.25,10.45,10.25,10.44,8361,0
BTTX.US,5,20211108,184500,10.4,10.425,10.2,10.2,8698,0
BTTX.US,5,20211108,185000,10.26,10.45,10.26,10.4499,12285,0
BTTX.US,5,20211108,185500,10.37,10.37,10.3202,10.36,5777,0
BTTX.US,5,20211108,190000,10.36,10.43,10.255,10.3,18670,0
BTTX.US,5,20211108,190500,10.3,10.35,10.2,10.35,599,0
BTTX.US,5,20211108,191000,10.25,10.33,10.2475,10.33,2981,0
BTTX.US,5,20211108,191500,10.25,10.64,10.25,10.27,48500,0
BTTX.US,5,20211108,192000,10.3,10.35,10.2,10.2,9179,0
BTTX.US,5,20211108,192500,10.2,10.44,10.081,10.35,14015,0
BTTX.US,5,20211108,193000,10.38,10.5,10.2,10.2232,5461,0
BTTX.US,5,20211108,193500,10.21,10.4,10.21,10.4,11027,0
BTTX.US,5,20211108,194000,10.35,10.4,10.27,10.36,12500,0
BTTX.US,5,20211108,194500,10.3,10.45,10.2951,10.4,9914,0
BTTX.US,5,20211108,195000,10.4,10.485,10.3501,10.4004,8142,0
BTTX.US,5,20211108,195500,10.4,10.5899,10.39,10.5899,10169,0
BTTX.US,5,20211108,200000,10.36,10.45,10.36,10.41,830,0
BTTX.US,5,20211108,200500,10.5258,10.5258,10.4001,10.4001,1811,0
BTTX.US,5,20211108,201000,10.4,10.415,10.365,10.365,1268,0
BTTX.US,5,20211108,201500,10.33,10.33,10.11,10.11,21938,0
BTTX.US,5,20211108,202000,10.11,10.27,10.11,10.12,1554,0
BTTX.US,5,20211108,202500,10.2602,10.2602,10.092,10.092,10043,0
BTTX.US,5,20211108,203000,10.1,10.28,10.08,10.08,2013,0
BTTX.US,5,20211108,203500,10.14,10.2758,10.12,10.27,1536,0
BTTX.US,5,20211108,204000,10.14,10.19,10.14,10.19,610,0
BTTX.US,5,20211108,204500,10.14,10.33,10.1317,10.17,8188,0
BTTX.US,5,20211108,205000,10.25,10.32,10.245,10.32,7150,0
BTTX.US,5,20211108,205500,10.29,10.36,10.25,10.3,4604,0
BTTX.US,5,20211108,210000,10.3,10.4,10.2,10.2003,2831,0
BTTX.US,5,20211108,210500,10.295,10.295,10.2,10.285,3400,0
BTTX.US,5,20211108,211000,10.18,10.2767,10.09,10.2767,17004,0
BTTX.US,5,20211108,211500,10.1669,10.17,10.15,10.17,1615,0
BTTX.US,5,20211108,212000,10.11,10.205,10.1,10.18,2289,0
BTTX.US,5,20211108,212500,10.16,10.16,10.095,10.1,4775,0
BTTX.US,5,20211108,213000,10.135,10.1723,10.11,10.11,3073,0
BTTX.US,5,20211108,213500,10.1,10.2,10,10.055,37295,0
BTTX.US,5,20211108,214000,10.055,10.11,10.0001,10.095,4530,0
BTTX.US,5,20211108,214500,10.095,10.1282,10.0906,10.1,6790,0
BTTX.US,5,20211108,215000,10.1,10.2,10.09,10.11,38022,0
BTTX.US,5,20211108,215500,10.15,10.31,10.08,10.15,28268,0
BTTX.US,5,20211109,153000,9.98,10.2251,9.9,10.05,7273,0
BTTX.US,5,20211109,153500,10.075,10.18,10.0018,10.07,6543,0
BTTX.US,5,20211109,154000,10.0698,10.17,10.01,10.085,5326,0
BTTX.US,5,20211109,154500,10.09,10.09,10,10.01,9305,0
BTTX.US,5,20211109,155000,10.01,10.02,9.9801,9.9909,12832,0
BTTX.US,5,20211109,155500,9.995,10,9.991,9.995,4238,0
BTTX.US,5,20211109,160000,9.995,10,9.9101,9.98,13604,0
BTTX.US,5,20211109,160500,9.9601,10,9.9601,9.99,2842,0
BTTX.US,5,20211109,161000,9.9,10,9.9,9.97,6012,0
BTTX.US,5,20211109,161500,9.975,10.14,9.96,10.12,5956,0
BTTX.US,5,20211109,162000,10.02,10.08,10.02,10.02,2005,0
BTTX.US,5,20211109,162500,10.08,10.1399,10.0175,10.025,8304,0
BTTX.US,5,20211109,163000,10.05,10.05,10.0101,10.0101,336,0
BTTX.US,5,20211109,163500,10.0201,10.075,10.0201,10.075,1300,0
BTTX.US,5,20211109,164000,10.075,10.14,10.075,10.14,1500,0
BTTX.US,5,20211109,164500,10.115,10.115,10.08,10.095,3455,0
BTTX.US,5,20211109,165000,10.1,10.15,10.095,10.1,1700,0
BTTX.US,5,20211109,165500,10.115,10.115,10.055,10.1099,3427,0
BTTX.US,5,20211109,170000,10.11,10.44,10.1,10.365,5522,0
BTTX.US,5,20211109,170500,10.3,10.35,10.25,10.26,550,0
BTTX.US,5,20211109,171000,10.21,10.21,10.11,10.12,2455,0
BTTX.US,5,20211109,171500,10.119,10.325,10.1186,10.25,6250,0
BTTX.US,5,20211109,172000,10.21,10.21,10.06,10.06,1235,0
BTTX.US,5,20211109,172500,10.0601,10.15,10.0601,10.145,600,0
BTTX.US,5,20211109,173000,10.15,10.195,10.07,10.1,4595,0
BTTX.US,5,20211109,173500,10.15,10.15,10.07,10.071,3630,0
BTTX.US,5,20211109,174000,10.09,10.125,10.08,10.1,3955,0
BTTX.US,5,20211109,174500,10.07,10.1,10.07,10.085,2051,0
BTTX.US,5,20211109,175000,10.085,10.085,10.07,10.08,4200,0
BTTX.US,5,20211109,175500,10.1,10.27,10.076,10.13,6430,0
BTTX.US,5,20211109,180000,10.2417,10.28,10.15,10.18,6515,0
BTTX.US,5,20211109,180500,10.2075,10.2799,10.15,10.15,1684,0
BTTX.US,5,20211109,181000,10.215,10.215,10.13,10.165,1477,0
BTTX.US,5,20211109,181500,10.131,10.32,10.131,10.32,19711,0
BTTX.US,5,20211109,182000,10.31,10.32,10.1601,10.17,1500,0
BTTX.US,5,20211109,182500,10.19,10.24,10.16,10.24,4100,0
BTTX.US,5,20211109,183000,10.17,10.21,10.16,10.21,566,0
BTTX.US,5,20211109,183500,10.15,10.15,10,10.07,17908,0
BTTX.US,5,20211109,184000,10.14,10.14,10,10,1150,0
BTTX.US,5,20211109,184500,10.01,10.01,10,10.003,1262,0
BTTX.US,5,20211109,185000,9.99,10.04,9.97,9.97,13362,0
BTTX.US,5,20211109,185500,10.0463,10.0463,10.01,10.025,2828,0
BTTX.US,5,20211109,190000,10.04,10.0501,10.04,10.0501,1291,0
BTTX.US,5,20211109,190500,10.1,10.1,10.05,10.081,2669,0
BTTX.US,5,20211109,191000,10.05,10.0525,10.05,10.05,2500,0
BTTX.US,5,20211109,192000,10,10.1,10,10.1,2255,0
BTTX.US,5,20211109,192500,10.07,10.07,10.07,10.07,508,0
BTTX.US,5,20211109,193000,10.1,10.1,10,10,449,0
BTTX.US,5,20211109,193500,10.0899,10.0899,10.0899,10.0899,300,0
BTTX.US,5,20211109,194000,10.05,10.05,10.01,10.03,11021,0
BTTX.US,5,20211109,194500,10.03,10.035,10.03,10.035,1047,0
BTTX.US,5,20211109,195000,10.02,10.035,9.99,9.99,4630,0
BTTX.US,5,20211109,195500,10,10.04,9.97,10.04,17596,0
BTTX.US,5,20211109,200000,10,10.02,9.9101,10.01,12351,0
BTTX.US,5,20211109,200500,10.04,10.0583,9.98,10,13069,0
BTTX.US,5,20211109,201000,10,10.04,9.98,10.04,5235,0
BTTX.US,5,20211109,201500,10.04,10.04,9.99,10,1104,0
BTTX.US,5,20211109,202000,10.01,10.09,10,10.06,7200,0
BTTX.US,5,20211109,202500,10.05,10.1,10.04,10.065,3630,0
BTTX.US,5,20211109,203000,10.095,10.1,10.09,10.09,800,0
BTTX.US,5,20211109,204000,10.1613,10.1613,10.105,10.105,250,0
BTTX.US,5,20211109,204500,10.1065,10.1065,10.1065,10.1065,200,0
BTTX.US,5,20211109,205000,10.1065,10.1065,10.1065,10.1065,100,0
BTTX.US,5,20211109,205500,10.1,10.1,10.09,10.1,600,0
BTTX.US,5,20211109,210000,10.11,10.1101,10.11,10.11,1839,0
BTTX.US,5,20211109,210500,10.2,10.23,10.2,10.22,645,0
BTTX.US,5,20211109,211000,10.1401,10.1401,10.14,10.1401,350,0
BTTX.US,5,20211109,211500,10.14,10.24,10.12,10.23,1100,0
BTTX.US,5,20211109,212000,10.24,10.24,10.1,10.1,300,0
BTTX.US,5,20211109,213000,10.24,10.24,10.17,10.17,350,0
BTTX.US,5,20211109,213500,10.1,10.21,10.1,10.1,10780,0
BTTX.US,5,20211109,214000,10.1055,10.24,10.1,10.1,3899,0
BTTX.US,5,20211109,214500,10.1,10.19,10.02,10.02,3405,0
BTTX.US,5,20211109,215000,10.039,10.1,10.039,10.09,2245,0
BTTX.US,5,20211109,215500,10.1,10.16,10.061,10.15,2954,0
BTTX.US,5,20211110,153000,10.11,10.11,9.9201,10.015,4836,0
BTTX.US,5,20211110,153500,10.015,10.04,9.92,10.015,5649,0
BTTX.US,5,20211110,154000,10.015,10.11,9.9201,10.1,13015,0
BTTX.US,5,20211110,154500,10.05,10.09,9.9979,10.04,5860,0
BTTX.US,5,20211110,155000,10.07,10.24,10.07,10.15,14757,0
BTTX.US,5,20211110,155500,10.19,10.25,10.0701,10.25,15081,0
BTTX.US,5,20211110,160000,10.242,10.315,10.242,10.29,15271,0
BTTX.US,5,20211110,160500,10.35,10.76,10.34,10.5,32659,0
BTTX.US,5,20211110,161000,10.55,10.5999,10.35,10.35,14416,0
BTTX.US,5,20211110,161500,10.35,10.5,10.35,10.4147,2084,0
BTTX.US,5,20211110,162000,10.4,10.4,10.1,10.15,14208,0
BTTX.US,5,20211110,162500,10.2,10.345,10.19,10.19,2369,0
BTTX.US,5,20211110,163000,10.2,10.2,10.2,10.2,100,0
BTTX.US,5,20211110,163500,10.2,10.21,10.15,10.17,10865,0
BTTX.US,5,20211110,164000,10.15,10.204,10.135,10.2,9116,0
BTTX.US,5,20211110,164500,10.2,10.2,10.18,10.198,2467,0
BTTX.US,5,20211110,165000,10.19,10.28,10.19,10.28,825,0
BTTX.US,5,20211110,165500,10.195,10.195,10.14,10.17,4015,0
BTTX.US,5,20211110,170000,10.17,10.2,10.14,10.2,1880,0
BTTX.US,5,20211110,170500,10.25,10.3,10.06,10.13,11202,0
BTTX.US,5,20211110,171000,10.13,10.25,10.125,10.25,10491,0
BTTX.US,5,20211110,171500,10.225,10.375,10.195,10.195,14307,0
BTTX.US,5,20211110,172000,10.225,10.225,10.201,10.225,3250,0
BTTX.US,5,20211110,172500,10.25,10.315,10.23,10.315,5571,0
BTTX.US,5,20211110,173000,10.25,10.25,10.2,10.215,15529,0
BTTX.US,5,20211110,173500,10.2,10.21,10.19,10.19,3125,0
BTTX.US,5,20211110,174000,10.205,10.205,10.19,10.205,2535,0
BTTX.US,5,20211110,174500,10.205,10.21,10.205,10.21,200,0
BTTX.US,5,20211110,175000,10.18,10.18,10.1,10.15,3746,0
BTTX.US,5,20211110,175500,10.2,10.205,10.1614,10.18,525,0
BTTX.US,5,20211110,180000,10.18,10.25,10.17,10.17,8050,0
BTTX.US,5,20211110,180500,10.15,10.215,10.15,10.215,4228,0
BTTX.US,5,20211110,181000,10.2,10.225,10.2,10.2,3760,0
BTTX.US,5,20211110,181500,10.225,10.225,10.2,10.2,1200,0
BTTX.US,5,20211110,182000,10.2,10.225,10.1501,10.18,5387,0
BTTX.US,5,20211110,182500,10.2,10.23,10.185,10.185,4905,0
BTTX.US,5,20211110,183000,10.185,10.2,10.185,10.2,2000,0
BTTX.US,5,20211110,183500,10.2,10.28,10.195,10.2124,4747,0
BTTX.US,5,20211110,184000,10.2255,10.28,10.2,10.28,1500,0
BTTX.US,5,20211110,184500,10.25,10.25,10.17,10.17,2181,0
BTTX.US,5,20211110,185000,10.1701,10.2094,10.1,10.1,1891,0
BTTX.US,5,20211110,185500,10.1401,10.1401,10.14,10.14,1100,0
BTTX.US,5,20211110,190000,10.14,10.2,10.1,10.1,4888,0
BTTX.US,5,20211110,190500,10.07,10.16,10.07,10.1306,3095,0
BTTX.US,5,20211110,191000,10.2,10.2,10.14,10.14,6895,0
BTTX.US,5,20211110,191500,10.2,10.2,10.2,10.2,100,0
BTTX.US,5,20211110,192000,10.2,10.2,10.08,10.08,598,0
BTTX.US,5,20211110,192500,10.1,10.2,10.1,10.1,750,0
BTTX.US,5,20211110,193000,10.1,10.19,10.08,10.0801,19046,0
BTTX.US,5,20211110,193500,10.15,10.205,10.15,10.205,11995,0
BTTX.US,5,20211110,194000,10.205,10.23,10.11,10.15,24791,0
BTTX.US,5,20211110,194500,10.15,10.155,10.125,10.125,2897,0
BTTX.US,5,20211110,195000,10.13,10.13,10.1218,10.1218,800,0
BTTX.US,5,20211110,195500,10.15,10.2,10.11,10.17,1830,0
BTTX.US,5,20211110,200000,10.17,10.2,10.1486,10.1486,9179,0
BTTX.US,5,20211110,200500,10.138,10.25,10.08,10.24,56831,0
BTTX.US,5,20211110,201000,10.175,10.175,10.16,10.16,1300,0
BTTX.US,5,20211110,201500,10.17,10.225,10.17,10.2,16737,0
BTTX.US,5,20211110,202000,10.26,10.3397,10.2,10.23,8334,0
BTTX.US,5,20211110,202500,10.23,10.23,10.15,10.15,1199,0
BTTX.US,5,20211110,203000,10.17,10.2,10.15,10.15,7879,0
BTTX.US,5,20211110,203500,10.18,10.25,10.17,10.2,8532,0
BTTX.US,5,20211110,204000,10.18,10.19,10.17,10.185,8500,0
BTTX.US,5,20211110,204500,10.185,10.3,10.18,10.22,15873,0
BTTX.US,5,20211110,205000,10.2,10.35,10.18,10.3,10210,0
BTTX.US,5,20211110,205500,10.275,10.35,10.27,10.3,8400,0
BTTX.US,5,20211110,210000,10.3,10.3999,10.2999,10.35,6600,0
BTTX.US,5,20211110,210500,10.37,10.39,10.25,10.25,4922,0
BTTX.US,5,20211110,211000,10.25,10.38,10.25,10.3,9844,0
BTTX.US,5,20211110,211500,10.35,10.35,10.25,10.26,3884,0
BTTX.US,5,20211110,212000,10.35,10.35,10.27,10.335,5784,0
BTTX.US,5,20211110,212500,10.3,10.4,10.28,10.38,12795,0
BTTX.US,5,20211110,213000,10.375,10.4299,10.35,10.3501,3568,0
BTTX.US,5,20211110,213500,10.34,10.35,10.23,10.2348,3753,0
BTTX.US,5,20211110,214000,10.35,10.35,10.23,10.3,2729,0
BTTX.US,5,20211110,214500,10.27,10.31,10.2,10.31,2587,0
BTTX.US,5,20211110,215000,10.29,10.31,10.2,10.24,1928,0
BTTX.US,5,20211110,215500,10.32,10.36,10.12,10.14,32774,0
BTTX.US,5,20211111,153000,10.1,10.1,9.74,9.955,7875,0
BTTX.US,5,20211111,153500,9.92,10.01,9.86,9.87,3810,0
BTTX.US,5,20211111,154000,9.84,9.8999,9.65,9.8999,19474,0
BTTX.US,5,20211111,154500,9.95,9.96,9.85,9.885,9031,0
BTTX.US,5,20211111,155000,9.94,10.03,9.94,10.03,14508,0
BTTX.US,5,20211111,155500,10.03,10.105,9.9105,9.9301,9240,0
BTTX.US,5,20211111,160000,9.99,10,9.88,9.95,5614,0
BTTX.US,5,20211111,160500,9.98,10.13,9.95,10.1,10105,0
BTTX.US,5,20211111,161000,10.1,10.21,9.95,10.04,8700,0
BTTX.US,5,20211111,161500,10.1,10.1,10.04,10.04,5225,0
BTTX.US,5,20211111,162000,10,10.16,10,10.13,5279,0
BTTX.US,5,20211111,162500,10.1,10.12,10.1,10.11,1500,0
BTTX.US,5,20211111,163000,10.04,10.11,10,10,5165,0
BTTX.US,5,20211111,164000,10,10.0004,9.98,9.99,700,0
BTTX.US,5,20211111,164500,10,10.0189,9.88,9.95,3926,0
BTTX.US,5,20211111,165000,10.06,10.06,9.91,10,7331,0
BTTX.US,5,20211111,165500,10.05,10.0951,10.04,10.0951,300,0
BTTX.US,5,20211111,170000,10.05,10.05,10,10,700,0
BTTX.US,5,20211111,170500,10,10.01,9.98,9.98,4110,0
BTTX.US,5,20211111,171000,9.98,10,9.975,9.99,5758,0
BTTX.US,5,20211111,171500,9.99,10,9.98,10,400,0
BTTX.US,5,20211111,172000,9.99,10.05,9.9701,10.01,1358,0
BTTX.US,5,20211111,172500,10.01,10.01,10.01,10.01,100,0
BTTX.US,5,20211111,173000,10.01,10.05,9.95,9.95,2080,0
BTTX.US,5,20211111,173500,10,10,9.96,9.96,400,0
BTTX.US,5,20211111,174000,9.99,10,9.8801,9.8801,3482,0
BTTX.US,5,20211111,174500,9.8801,9.9,9.88,9.9,1032,0
BTTX.US,5,20211111,175000,9.8901,9.905,9.89,9.9,1829,0
BTTX.US,5,20211111,175500,9.9,9.9,9.88,9.89,600,0
BTTX.US,5,20211111,180000,9.88,9.9,9.85,9.875,5846,0
BTTX.US,5,20211111,180500,9.865,9.9,9.84,9.89,8486,0
BTTX.US,5,20211111,181000,9.89,9.89,9.83,9.8384,2308,0
BTTX.US,5,20211111,181500,9.82,9.9004,9.82,9.9,8677,0
BTTX.US,5,20211111,182000,9.9,10,9.84,9.9,4622,0
BTTX.US,5,20211111,182500,9.98,10.0067,9.87,9.9,2301,0
BTTX.US,5,20211111,183000,9.84,9.92,9.84,9.92,500,0
BTTX.US,5,20211111,183500,9.92,9.93,9.83,9.83,1310,0
BTTX.US,5,20211111,184000,9.83,9.83,9.83,9.83,123,0
BTTX.US,5,20211111,184500,9.83,9.915,9.83,9.91,968,0
BTTX.US,5,20211111,185000,9.95,9.95,9.95,9.95,772,0
BTTX.US,5,20211111,185500,9.91,9.91,9.83,9.87,1203,0
BTTX.US,5,20211111,190000,9.83,9.8301,9.8,9.82,3914,0
BTTX.US,5,20211111,190500,9.76,9.76,9.7,9.7,1910,0
BTTX.US,5,20211111,191000,9.71,9.82,9.71,9.8,4955,0
BTTX.US,5,20211111,191500,9.8,9.82,9.77,9.8,2874,0
BTTX.US,5,20211111,192000,9.8,9.82,9.78,9.7915,4480,0
BTTX.US,5,20211111,192500,9.79,9.81,9.7,9.75,2443,0
BTTX.US,5,20211111,193000,9.7,9.7,9.65,9.6501,2548,0
BTTX.US,5,20211111,193500,9.67,9.77,9.5,9.67,10677,0
BTTX.US,5,20211111,194000,9.6,9.77,9.6,9.61,14988,0
BTTX.US,5,20211111,194500,9.62,9.82,9.62,9.78,6081,0
BTTX.US,5,20211111,195000,9.78,9.79,9.78,9.79,200,0
BTTX.US,5,20211111,195500,9.8,9.8,9.79,9.79,200,0
BTTX.US,5,20211111,200000,9.77,9.82,9.77,9.8,1900,0
BTTX.US,5,20211111,200500,9.78,9.796,9.74,9.796,2479,0
BTTX.US,5,20211111,201000,9.74,9.8,9.6245,9.7824,2727,0
BTTX.US,5,20211111,201500,9.71,9.71,9.71,9.71,302,0
BTTX.US,5,20211111,202000,9.6625,9.6625,9.6625,9.6625,119,0
BTTX.US,5,20211111,202500,9.725,9.8,9.7116,9.7116,2305,0
BTTX.US,5,20211111,203000,9.725,9.75,9.725,9.7301,560,0
BTTX.US,5,20211111,204000,9.765,9.765,9.765,9.765,3100,0
BTTX.US,5,20211111,204500,9.73,9.765,9.73,9.765,1800,0
BTTX.US,5,20211111,205000,9.78,9.82,9.78,9.82,4699,0
BTTX.US,5,20211111,205500,9.91,9.96,9.81,9.81,6094,0
BTTX.US,5,20211111,210000,9.85,9.98,9.85,9.92,4704,0
BTTX.US,5,20211111,210500,9.85,9.85,9.85,9.85,200,0
BTTX.US,5,20211111,211000,9.915,9.915,9.915,9.915,100,0
BTTX.US,5,20211111,211500,9.88,9.88,9.88,9.88,200,0
BTTX.US,5,20211111,212000,9.8697,9.8697,9.8697,9.8697,507,0
BTTX.US,5,20211111,212500,9.9417,9.9417,9.9417,9.9417,200,0
BTTX.US,5,20211111,213000,9.97,10.04,9.97,9.985,4143,0
BTTX.US,5,20211111,213500,10.02,10.03,9.93,9.94,2298,0
BTTX.US,5,20211111,214000,9.975,10.09,9.975,10.02,5489,0
BTTX.US,5,20211111,214500,9.99,10.08,9.94,10.07,2088,0
BTTX.US,5,20211111,215000,10.005,10.07,9.94,10.005,3463,0
BTTX.US,5,20211111,215500,10.005,10.08,9.85,9.94,13281,0
