<TICKER>,<PER>,<DATE>,<TIME>,<OPEN>,<HIGH>,<LOW>,<CLOSE>,<VOL>,<OPENINT>
CLDR.US,5,20210922,153000,15.9,15.92,15.9,15.91,26171,0
CLDR.US,5,20210922,153500,15.91,15.91,15.9,15.91,22925,0
CLDR.US,5,20210922,154000,15.91,15.93,15.91,15.925,26849,0
CLDR.US,5,20210922,154500,15.925,15.93,15.921,15.93,16222,0
CLDR.US,5,20210922,155000,15.93,15.93,15.925,15.925,5457,0
CLDR.US,5,20210922,155500,15.93,15.93,15.93,15.93,1138,0
CLDR.US,5,20210922,160000,15.929,15.93,15.92,15.925,2092,0
CLDR.US,5,20210922,160500,15.93,15.93,15.925,15.925,688,0
CLDR.US,5,20210922,161000,15.925,15.93,15.9236,15.93,1261,0
CLDR.US,5,20210922,161500,15.9235,15.93,15.9235,15.93,700,0
CLDR.US,5,20210922,162000,15.925,15.925,15.92,15.92,53799,0
CLDR.US,5,20210922,162500,15.921,15.925,15.92,15.92,14686,0
CLDR.US,5,20210922,163000,15.92,15.92,15.91,15.9121,8474,0
CLDR.US,5,20210922,163500,15.915,15.915,15.915,15.915,1300,0
CLDR.US,5,20210922,164000,15.915,15.915,15.91,15.915,14493,0
CLDR.US,5,20210922,164500,15.915,15.915,15.91,15.91,3367,0
CLDR.US,5,20210922,165000,15.915,15.92,15.91,15.915,8126,0
CLDR.US,5,20210922,165500,15.91,15.92,15.91,15.915,14129,0
CLDR.US,5,20210922,170000,15.915,15.92,15.91,15.915,3243,0
CLDR.US,5,20210922,170500,15.92,15.92,15.91,15.91,200,0
CLDR.US,5,20210922,171000,15.915,15.92,15.91,15.915,8122,0
CLDR.US,5,20210922,171500,15.915,15.92,15.91,15.9155,2290,0
CLDR.US,5,20210922,172000,15.91,15.92,15.91,15.915,2776,0
CLDR.US,5,20210922,172500,15.91,15.92,15.91,15.92,3762,0
CLDR.US,5,20210922,173000,15.92,15.92,15.915,15.917,2200,0
CLDR.US,5,20210922,173500,15.92,15.92,15.915,15.92,300,0
CLDR.US,5,20210922,174000,15.9182,15.92,15.91,15.92,1700,0
CLDR.US,5,20210922,174500,15.91,15.9169,15.91,15.915,1047,0
CLDR.US,5,20210922,175000,15.91,15.92,15.91,15.915,10045,0
CLDR.US,5,20210922,175500,15.91,15.92,15.91,15.92,300,0
CLDR.US,5,20210922,180000,15.915,15.92,15.915,15.915,400,0
CLDR.US,5,20210922,180500,15.92,15.92,15.915,15.915,300,0
CLDR.US,5,20210922,181000,15.915,15.92,15.91,15.92,1396,0
CLDR.US,5,20210922,181500,15.91,15.9101,15.91,15.91,800,0
CLDR.US,5,20210922,182000,15.92,15.92,15.92,15.92,100,0
CLDR.US,5,20210922,182500,15.915,15.92,15.915,15.92,500,0
CLDR.US,5,20210922,183000,15.9148,15.9155,15.91,15.91,12124,0
CLDR.US,5,20210922,183500,15.915,15.92,15.91,15.91,300,0
CLDR.US,5,20210922,184000,15.9101,15.92,15.91,15.92,31102,0
CLDR.US,5,20210922,184500,15.915,15.92,15.914,15.92,2129,0
CLDR.US,5,20210922,185000,15.9137,15.92,15.9137,15.915,507,0
CLDR.US,5,20210922,185500,15.915,15.92,15.9146,15.92,611,0
CLDR.US,5,20210922,190000,15.915,15.915,15.91,15.91,4900,0
CLDR.US,5,20210922,190500,15.915,15.92,15.91,15.915,853,0
CLDR.US,5,20210922,191000,15.915,15.92,15.91,15.92,2232,0
CLDR.US,5,20210922,191500,15.915,15.915,15.91,15.91,3596,0
CLDR.US,5,20210922,192000,15.915,15.92,15.91,15.92,3296,0
CLDR.US,5,20210922,192500,15.915,15.92,15.91,15.91,4269,0
CLDR.US,5,20210922,193000,15.915,15.92,15.915,15.915,114062,0
CLDR.US,5,20210922,193500,15.92,15.92,15.9134,15.915,6822,0
CLDR.US,5,20210922,194000,15.92,15.92,15.91,15.92,7857,0
CLDR.US,5,20210922,194500,15.91,15.92,15.91,15.92,2258,0
CLDR.US,5,20210922,195000,15.92,15.92,15.91,15.92,12136,0
CLDR.US,5,20210922,195500,15.92,15.92,15.915,15.92,3448,0
CLDR.US,5,20210922,200000,15.91,15.92,15.91,15.92,40023,0
CLDR.US,5,20210922,200500,15.915,15.92,15.91,15.91,6748,0
CLDR.US,5,20210922,201000,15.92,15.92,15.91,15.92,15818,0
CLDR.US,5,20210922,201500,15.92,15.92,15.91,15.915,6385,0
CLDR.US,5,20210922,202000,15.915,15.915,15.91,15.915,4944,0
CLDR.US,5,20210922,202500,15.91,15.92,15.91,15.92,3012,0
CLDR.US,5,20210922,203000,15.92,15.92,15.915,15.92,5505,0
CLDR.US,5,20210922,203500,15.915,15.92,15.9126,15.915,10330,0
CLDR.US,5,20210922,204000,15.92,15.92,15.915,15.92,9833,0
CLDR.US,5,20210922,204500,15.915,15.92,15.91,15.915,2630,0
CLDR.US,5,20210922,205000,15.915,15.92,15.91,15.92,35426,0
CLDR.US,5,20210922,205500,15.915,15.92,15.9111,15.9111,7120,0
CLDR.US,5,20210922,210000,15.915,15.92,15.915,15.92,3744,0
CLDR.US,5,20210922,210500,15.92,15.92,15.91,15.915,20094,0
CLDR.US,5,20210922,211000,15.915,15.92,15.91,15.911,19712,0
CLDR.US,5,20210922,211500,15.915,15.92,15.91,15.92,4224,0
CLDR.US,5,20210922,212000,15.92,15.92,15.91,15.915,110792,0
CLDR.US,5,20210922,212500,15.92,15.92,15.91,15.9179,4124,0
CLDR.US,5,20210922,213000,15.915,15.92,15.9134,15.92,5752,0
CLDR.US,5,20210922,213500,15.915,15.92,15.91,15.915,6175,0
CLDR.US,5,20210922,214000,15.915,15.92,15.91,15.915,29009,0
CLDR.US,5,20210922,214500,15.915,15.92,15.91,15.91,18960,0
CLDR.US,5,20210922,215000,15.91,15.92,15.91,15.915,143508,0
CLDR.US,5,20210922,215500,15.91,15.92,15.9,15.9,1234351,0
CLDR.US,5,20210923,153000,15.93,15.93,15.9,15.9,41850,0
CLDR.US,5,20210923,153500,15.9,15.91,15.9,15.905,25901,0
CLDR.US,5,20210923,154000,15.905,15.91,15.9,15.91,3594,0
CLDR.US,5,20210923,154500,15.9073,15.9073,15.9001,15.905,2846,0
CLDR.US,5,20210923,155000,15.9,15.91,15.9,15.91,1800,0
CLDR.US,5,20210923,155500,15.91,15.91,15.9,15.9,2657,0
CLDR.US,5,20210923,160000,15.903,15.91,15.9001,15.905,6408,0
CLDR.US,5,20210923,160500,15.9,15.9,15.9,15.9,100,0
CLDR.US,5,20210923,161000,15.905,15.91,15.9,15.905,6512,0
CLDR.US,5,20210923,161500,15.91,15.91,15.9,15.91,7857,0
CLDR.US,5,20210923,162000,15.9033,15.91,15.9033,15.905,2000,0
CLDR.US,5,20210923,162500,15.9,15.91,15.9,15.905,1277,0
CLDR.US,5,20210923,163000,15.91,15.91,15.905,15.91,11575,0
CLDR.US,5,20210923,163500,15.9001,15.91,15.9001,15.91,450,0
CLDR.US,5,20210923,164000,15.9,15.91,15.9,15.91,12232,0
CLDR.US,5,20210923,164500,15.905,15.91,15.9,15.9,11968,0
CLDR.US,5,20210923,165000,15.905,15.91,15.9,15.9,1100,0
CLDR.US,5,20210923,165500,15.905,15.91,15.9,15.91,913,0
CLDR.US,5,20210923,170000,15.905,15.91,15.9,15.9,710,0
CLDR.US,5,20210923,170500,15.9,15.91,15.9,15.91,32820,0
CLDR.US,5,20210923,171000,15.91,15.91,15.9,15.91,10449,0
CLDR.US,5,20210923,171500,15.91,15.91,15.905,15.91,8452,0
CLDR.US,5,20210923,172000,15.9,15.91,15.9,15.905,2748,0
CLDR.US,5,20210923,172500,15.905,15.91,15.9,15.9,7761,0
CLDR.US,5,20210923,173000,15.91,15.91,15.9,15.9,6809,0
CLDR.US,5,20210923,173500,15.9,15.91,15.9,15.905,3146,0
CLDR.US,5,20210923,174000,15.9,15.91,15.9,15.91,3689,0
CLDR.US,5,20210923,174500,15.91,15.91,15.9,15.9,421,0
CLDR.US,5,20210923,175000,15.91,15.91,15.9037,15.91,596,0
CLDR.US,5,20210923,175500,15.9086,15.925,15.9034,15.92,151153,0
CLDR.US,5,20210923,180000,15.915,15.92,15.91,15.915,186536,0
CLDR.US,5,20210923,180500,15.92,15.92,15.915,15.915,21638,0
CLDR.US,5,20210923,181000,15.915,15.92,15.915,15.92,1401,0
CLDR.US,5,20210923,181500,15.92,15.92,15.915,15.92,41501,0
CLDR.US,5,20210923,182000,15.915,15.92,15.9123,15.915,15036,0
CLDR.US,5,20210923,182500,15.913,15.92,15.913,15.92,3487,0
CLDR.US,5,20210923,183000,15.92,15.92,15.915,15.92,500,0
CLDR.US,5,20210923,183500,15.92,15.92,15.915,15.915,2159,0
CLDR.US,5,20210923,184000,15.92,15.92,15.92,15.92,500,0
CLDR.US,5,20210923,184500,15.92,15.92,15.915,15.92,2659,0
CLDR.US,5,20210923,185000,15.92,15.92,15.9129,15.92,3080,0
CLDR.US,5,20210923,185500,15.92,15.92,15.915,15.92,2474,0
CLDR.US,5,20210923,190000,15.92,15.92,15.9132,15.92,600,0
CLDR.US,5,20210923,190500,15.915,15.92,15.91,15.92,6657,0
CLDR.US,5,20210923,191000,15.92,15.92,15.9133,15.92,2423,0
CLDR.US,5,20210923,191500,15.915,15.92,15.91,15.92,700,0
CLDR.US,5,20210923,192000,15.92,15.92,15.915,15.92,1535,0
CLDR.US,5,20210923,192500,15.92,15.92,15.915,15.92,1101,0
CLDR.US,5,20210923,193000,15.92,15.92,15.915,15.92,1731,0
CLDR.US,5,20210923,193500,15.915,15.92,15.915,15.92,2964,0
CLDR.US,5,20210923,194000,15.92,15.92,15.915,15.92,1938,0
CLDR.US,5,20210923,194500,15.92,15.92,15.9135,15.915,5485,0
CLDR.US,5,20210923,195000,15.92,15.93,15.915,15.93,19560,0
CLDR.US,5,20210923,195500,15.93,15.93,15.92,15.921,6755,0
CLDR.US,5,20210923,200000,15.93,15.93,15.92,15.92,2800,0
CLDR.US,5,20210923,200500,15.925,15.925,15.92,15.925,8714,0
CLDR.US,5,20210923,201000,15.925,15.93,15.92,15.92,2434,0
CLDR.US,5,20210923,201500,15.92,15.925,15.92,15.92,1000,0
CLDR.US,5,20210923,202000,15.92,15.93,15.92,15.925,900,0
CLDR.US,5,20210923,202500,15.92,15.925,15.92,15.92,12290,0
CLDR.US,5,20210923,203000,15.9201,15.9201,15.915,15.915,58921,0
CLDR.US,5,20210923,203500,15.92,15.92,15.915,15.92,1100,0
CLDR.US,5,20210923,204000,15.92,15.92,15.915,15.92,3300,0
CLDR.US,5,20210923,204500,15.92,15.92,15.9151,15.92,1199,0
CLDR.US,5,20210923,205000,15.92,15.92,15.915,15.915,800,0
CLDR.US,5,20210923,205500,15.92,15.92,15.915,15.92,2800,0
CLDR.US,5,20210923,210000,15.92,15.92,15.915,15.92,3247,0
CLDR.US,5,20210923,210500,15.915,15.92,15.915,15.92,9035,0
CLDR.US,5,20210923,211000,15.9126,15.92,15.9126,15.915,5094,0
CLDR.US,5,20210923,211500,15.915,15.92,15.91,15.915,3138,0
CLDR.US,5,20210923,212000,15.92,15.92,15.91,15.92,1810,0
CLDR.US,5,20210923,212500,15.91,15.92,15.91,15.92,1900,0
CLDR.US,5,20210923,213000,15.915,15.92,15.9117,15.915,5000,0
CLDR.US,5,20210923,213500,15.9148,15.92,15.9124,15.92,6108,0
CLDR.US,5,20210923,214000,15.92,15.92,15.91,15.91,2447,0
CLDR.US,5,20210923,214500,15.92,15.92,15.91,15.92,5467,0
CLDR.US,5,20210923,215000,15.92,15.925,15.91,15.915,73755,0
CLDR.US,5,20210923,215500,15.92,15.92,15.91,15.91,143172,0
CLDR.US,5,20210924,153000,15.9,15.915,15.9,15.915,22780,0
CLDR.US,5,20210924,153500,15.915,15.92,15.91,15.92,3100,0
CLDR.US,5,20210924,154000,15.92,15.92,15.91,15.915,2700,0
CLDR.US,5,20210924,154500,15.91,15.915,15.91,15.9111,5897,0
CLDR.US,5,20210924,155000,15.91,15.91,15.9,15.9,23193,0
CLDR.US,5,20210924,155500,15.905,15.91,15.9,15.9,6771,0
CLDR.US,5,20210924,160000,15.91,15.92,15.9,15.91,14565,0
CLDR.US,5,20210924,160500,15.92,15.92,15.91,15.915,3544,0
CLDR.US,5,20210924,161000,15.91,15.915,15.91,15.91,1400,0
CLDR.US,5,20210924,161500,15.91,15.92,15.91,15.915,1200,0
CLDR.US,5,20210924,162000,15.9101,15.92,15.91,15.915,8082,0
CLDR.US,5,20210924,162500,15.91,15.915,15.91,15.915,8280,0
CLDR.US,5,20210924,163000,15.915,15.915,15.91,15.915,1203,0
CLDR.US,5,20210924,163500,15.91,15.915,15.91,15.91,7872,0
CLDR.US,5,20210924,164000,15.9111,15.915,15.91,15.91,2433,0
CLDR.US,5,20210924,164500,15.91,15.915,15.91,15.915,400,0
CLDR.US,5,20210924,165000,15.92,15.92,15.91,15.915,500,0
CLDR.US,5,20210924,165500,15.92,15.92,15.91,15.915,500,0
CLDR.US,5,20210924,170000,15.91,15.92,15.91,15.915,2100,0
CLDR.US,5,20210924,170500,15.91,15.915,15.91,15.915,500,0
CLDR.US,5,20210924,171000,15.91,15.915,15.91,15.91,500,0
CLDR.US,5,20210924,171500,15.915,15.915,15.91,15.915,1357,0
CLDR.US,5,20210924,172000,15.915,15.915,15.91,15.91,200,0
CLDR.US,5,20210924,172500,15.91,15.915,15.91,15.91,2086,0
CLDR.US,5,20210924,173000,15.91,15.915,15.91,15.915,700,0
CLDR.US,5,20210924,173500,15.9132,15.915,15.91,15.91,304,0
CLDR.US,5,20210924,174000,15.915,15.92,15.91,15.915,4300,0
CLDR.US,5,20210924,174500,15.91,15.915,15.91,15.915,2000,0
CLDR.US,5,20210924,175000,15.915,15.92,15.91,15.92,2200,0
CLDR.US,5,20210924,175500,15.915,15.92,15.91,15.91,1277,0
CLDR.US,5,20210924,180000,15.92,15.92,15.91,15.92,800,0
CLDR.US,5,20210924,180500,15.91,15.92,15.91,15.915,612,0
CLDR.US,5,20210924,181000,15.91,15.91,15.91,15.91,100,0
CLDR.US,5,20210924,181500,15.9122,15.915,15.91,15.91,5350,0
CLDR.US,5,20210924,182000,15.91,15.915,15.91,15.915,600,0
CLDR.US,5,20210924,182500,15.911,15.92,15.91,15.92,1500,0
CLDR.US,5,20210924,183000,15.9114,15.915,15.91,15.915,2132,0
CLDR.US,5,20210924,183500,15.91,15.915,15.91,15.915,813,0
CLDR.US,5,20210924,184000,15.92,15.92,15.91,15.91,2650,0
CLDR.US,5,20210924,184500,15.9142,15.9142,15.91,15.9107,1349,0
CLDR.US,5,20210924,185000,15.915,15.915,15.915,15.915,100,0
CLDR.US,5,20210924,185500,15.915,15.915,15.91,15.915,3927,0
CLDR.US,5,20210924,190000,15.915,15.92,15.91,15.91,6727,0
CLDR.US,5,20210924,190500,15.915,15.915,15.91,15.915,800,0
CLDR.US,5,20210924,191000,15.915,15.915,15.91,15.91,2600,0
CLDR.US,5,20210924,191500,15.915,15.915,15.91,15.91,1700,0
CLDR.US,5,20210924,192000,15.915,15.915,15.91,15.915,2900,0
CLDR.US,5,20210924,192500,15.915,15.915,15.91,15.91,3279,0
CLDR.US,5,20210924,193000,15.915,15.9185,15.91,15.915,4435,0
CLDR.US,5,20210924,193500,15.92,15.92,15.91,15.915,2500,0
CLDR.US,5,20210924,194000,15.91,15.915,15.91,15.915,23824,0
CLDR.US,5,20210924,194500,15.915,15.915,15.915,15.915,1800,0
CLDR.US,5,20210924,195000,15.915,15.915,15.915,15.915,2956,0
CLDR.US,5,20210924,195500,15.92,15.92,15.915,15.915,3200,0
CLDR.US,5,20210924,200000,15.92,15.92,15.91,15.915,3700,0
CLDR.US,5,20210924,200500,15.915,15.915,15.91,15.915,3702,0
CLDR.US,5,20210924,201000,15.915,15.915,15.91,15.91,2496,0
CLDR.US,5,20210924,201500,15.915,15.915,15.91,15.915,4196,0
CLDR.US,5,20210924,202000,15.915,15.915,15.91,15.915,5100,0
CLDR.US,5,20210924,202500,15.915,15.92,15.9,15.915,240967,0
CLDR.US,5,20210924,203000,15.915,15.92,15.91,15.915,4686,0
CLDR.US,5,20210924,203500,15.915,15.915,15.9104,15.915,3920,0
CLDR.US,5,20210924,204000,15.915,15.915,15.9142,15.9142,4000,0
CLDR.US,5,20210924,204500,15.915,15.915,15.91,15.91,1300,0
CLDR.US,5,20210924,205000,15.91,15.915,15.91,15.915,1185,0
CLDR.US,5,20210924,205500,15.92,15.92,15.9106,15.9106,3088,0
CLDR.US,5,20210924,210000,15.915,15.92,15.91,15.91,2500,0
CLDR.US,5,20210924,210500,15.915,15.92,15.91,15.915,2905,0
CLDR.US,5,20210924,211000,15.92,15.92,15.911,15.915,8360,0
CLDR.US,5,20210924,211500,15.912,15.92,15.91,15.915,2900,0
CLDR.US,5,20210924,212000,15.915,15.92,15.91,15.91,10383,0
CLDR.US,5,20210924,212500,15.915,15.92,15.91,15.915,2500,0
CLDR.US,5,20210924,213000,15.92,15.92,15.91,15.915,3302,0
CLDR.US,5,20210924,213500,15.915,15.92,15.91,15.915,5450,0
CLDR.US,5,20210924,214000,15.915,15.92,15.915,15.92,11480,0
CLDR.US,5,20210924,214500,15.915,15.92,15.915,15.915,8256,0
CLDR.US,5,20210924,215000,15.92,15.92,15.91,15.92,4999,0
CLDR.US,5,20210924,215500,15.92,15.92,15.91,15.92,328217,0
CLDR.US,5,20210927,153000,15.91,15.92,15.9,15.92,66438,0
CLDR.US,5,20210927,153500,15.92,15.92,15.91,15.92,17293,0
CLDR.US,5,20210927,154000,15.92,15.92,15.91,15.92,37757,0
CLDR.US,5,20210927,154500,15.92,15.92,15.915,15.92,9686,0
CLDR.US,5,20210927,155000,15.92,15.92,15.911,15.915,8350,0
CLDR.US,5,20210927,155500,15.92,15.92,15.911,15.911,1450,0
CLDR.US,5,20210927,160000,15.915,15.92,15.91,15.915,11137,0
CLDR.US,5,20210927,160500,15.92,15.92,15.91,15.92,5843,0
CLDR.US,5,20210927,161000,15.91,15.92,15.91,15.92,3069,0
CLDR.US,5,20210927,161500,15.92,15.925,15.915,15.925,21867,0
CLDR.US,5,20210927,162000,15.92,15.925,15.92,15.92,41160,0
CLDR.US,5,20210927,162500,15.925,15.925,15.92,15.925,13500,0
CLDR.US,5,20210927,163000,15.925,15.93,15.92,15.92,3642,0
CLDR.US,5,20210927,163500,15.93,15.93,15.92,15.9201,26438,0
CLDR.US,5,20210927,164000,15.92,15.92,15.91,15.915,17149,0
CLDR.US,5,20210927,164500,15.915,15.92,15.91,15.915,900,0
CLDR.US,5,20210927,165000,15.92,15.92,15.91,15.913,578,0
CLDR.US,5,20210927,165500,15.92,15.92,15.91,15.915,3800,0
CLDR.US,5,20210927,170000,15.915,15.92,15.915,15.915,1900,0
CLDR.US,5,20210927,170500,15.92,15.92,15.91,15.91,2620,0
CLDR.US,5,20210927,171000,15.92,15.92,15.9119,15.915,2865,0
CLDR.US,5,20210927,171500,15.91,15.92,15.9,15.91,168521,0
CLDR.US,5,20210927,172000,15.915,15.915,15.9105,15.9105,568,0
CLDR.US,5,20210927,172500,15.91,15.915,15.91,15.91,817,0
CLDR.US,5,20210927,173000,15.915,15.915,15.91,15.915,400,0
CLDR.US,5,20210927,173500,15.9108,15.9109,15.91,15.9109,1023,0
CLDR.US,5,20210927,174000,15.9109,15.9109,15.9107,15.9107,1668,0
CLDR.US,5,20210927,174500,15.91,15.915,15.91,15.915,808,0
CLDR.US,5,20210927,175000,15.9141,15.9141,15.91,15.9105,26036,0
CLDR.US,5,20210927,175500,15.915,15.915,15.915,15.915,100,0
CLDR.US,5,20210927,180000,15.92,15.92,15.915,15.915,1395,0
CLDR.US,5,20210927,180500,15.915,15.92,15.915,15.92,800,0
CLDR.US,5,20210927,181000,15.9117,15.9117,15.91,15.91,8300,0
CLDR.US,5,20210927,181500,15.915,15.92,15.9118,15.9118,624,0
CLDR.US,5,20210927,182000,15.911,15.9112,15.91,15.9112,13173,0
CLDR.US,5,20210927,182500,15.9109,15.9112,15.91,15.9112,15750,0
CLDR.US,5,20210927,183000,15.91,15.915,15.91,15.91,1000,0
CLDR.US,5,20210927,183500,15.91,15.92,15.905,15.91,83670,0
CLDR.US,5,20210927,184000,15.901,15.91,15.901,15.91,6732,0
CLDR.US,5,20210927,184500,15.905,15.91,15.9,15.91,23695,0
CLDR.US,5,20210927,185000,15.905,15.91,15.9,15.91,1566,0
CLDR.US,5,20210927,185500,15.907,15.91,15.905,15.905,2456,0
CLDR.US,5,20210927,190000,15.905,15.91,15.9,15.91,1988,0
CLDR.US,5,20210927,190500,15.9039,15.91,15.9,15.91,2794,0
CLDR.US,5,20210927,191000,15.905,15.91,15.905,15.905,977,0
CLDR.US,5,20210927,191500,15.91,15.91,15.905,15.91,3700,0
CLDR.US,5,20210927,192000,15.9029,15.91,15.9029,15.91,400,0
CLDR.US,5,20210927,192500,15.9,15.91,15.9,15.9,3850,0
CLDR.US,5,20210927,193000,15.905,15.91,15.9,15.905,45453,0
CLDR.US,5,20210927,193500,15.905,15.905,15.9,15.905,8497,0
CLDR.US,5,20210927,194000,15.902,15.905,15.9,15.9036,3562,0
CLDR.US,5,20210927,194500,15.9,15.91,15.9,15.9,2000,0
CLDR.US,5,20210927,195000,15.905,15.91,15.9,15.905,2206,0
CLDR.US,5,20210927,195500,15.905,15.91,15.9,15.9025,1905,0
CLDR.US,5,20210927,200000,15.9,15.91,15.9,15.905,1177,0
CLDR.US,5,20210927,200500,15.905,15.91,15.9,15.905,38948,0
CLDR.US,5,20210927,201000,15.91,15.91,15.9,15.91,2574,0
CLDR.US,5,20210927,201500,15.91,15.91,15.905,15.91,3700,0
CLDR.US,5,20210927,202000,15.905,15.91,15.9001,15.905,1700,0
CLDR.US,5,20210927,202500,15.91,15.91,15.905,15.91,3748,0
CLDR.US,5,20210927,203000,15.905,15.91,15.905,15.91,5460,0
CLDR.US,5,20210927,203500,15.9001,15.91,15.9001,15.91,1856,0
CLDR.US,5,20210927,204000,15.91,15.91,15.9089,15.91,1483,0
CLDR.US,5,20210927,204500,15.91,15.91,15.905,15.91,4006,0
CLDR.US,5,20210927,205000,15.91,15.91,15.905,15.905,1648,0
CLDR.US,5,20210927,205500,15.91,15.91,15.905,15.91,1170,0
CLDR.US,5,20210927,210000,15.91,15.91,15.905,15.905,3000,0
CLDR.US,5,20210927,210500,15.91,15.91,15.905,15.905,18407,0
CLDR.US,5,20210927,211000,15.91,15.92,15.91,15.915,100822,0
CLDR.US,5,20210927,211500,15.91,15.915,15.91,15.915,4791,0
CLDR.US,5,20210927,212000,15.91,15.92,15.91,15.91,1250,0
CLDR.US,5,20210927,212500,15.91,15.915,15.91,15.915,1472,0
CLDR.US,5,20210927,213000,15.915,15.915,15.91,15.91,23854,0
CLDR.US,5,20210927,213500,15.91,15.915,15.9,15.905,22724,0
CLDR.US,5,20210927,214000,15.905,15.91,15.9,15.905,17520,0
CLDR.US,5,20210927,214500,15.91,15.91,15.9,15.905,6039,0
CLDR.US,5,20210927,215000,15.91,15.91,15.89,15.9,487532,0
CLDR.US,5,20210927,215500,15.895,15.91,15.89,15.9,626525,0
CLDR.US,5,20210928,153000,15.91,15.91,15.89,15.9,63527,0
CLDR.US,5,20210928,153500,15.9,15.9,15.885,15.89,81098,0
CLDR.US,5,20210928,154000,15.885,15.9,15.885,15.89,32163,0
CLDR.US,5,20210928,154500,15.9,15.9,15.9,15.9,72776,0
CLDR.US,5,20210928,155000,15.9,15.9,15.895,15.9,103391,0
CLDR.US,5,20210928,155500,15.895,15.905,15.89,15.905,70973,0
CLDR.US,5,20210928,160000,15.905,15.905,15.895,15.9,39318,0
CLDR.US,5,20210928,160500,15.9,15.91,15.89,15.905,95182,0
CLDR.US,5,20210928,161000,15.905,15.91,15.9,15.91,10432,0
CLDR.US,5,20210928,161500,15.9,15.9,15.89,15.895,34020,0
CLDR.US,5,20210928,162000,15.89,15.9,15.89,15.895,30500,0
CLDR.US,5,20210928,162500,15.89,15.9,15.89,15.895,10694,0
CLDR.US,5,20210928,163000,15.895,15.9,15.89,15.895,14113,0
CLDR.US,5,20210928,163500,15.895,15.9,15.895,15.9,7000,0
CLDR.US,5,20210928,164000,15.9,15.9,15.89,15.9,66759,0
CLDR.US,5,20210928,164500,15.9,15.9,15.89,15.89,8698,0
CLDR.US,5,20210928,165000,15.895,15.9,15.89,15.895,10767,0
CLDR.US,5,20210928,165500,15.9,15.9,15.89,15.895,1941,0
CLDR.US,5,20210928,170000,15.9,15.9,15.89,15.89,23466,0
CLDR.US,5,20210928,170500,15.895,15.895,15.89,15.895,5500,0
CLDR.US,5,20210928,171000,15.89,15.9,15.89,15.89,5522,0
CLDR.US,5,20210928,171500,15.89,15.9,15.89,15.8926,47149,0
CLDR.US,5,20210928,172000,15.895,15.9,15.89,15.89,9497,0
CLDR.US,5,20210928,172500,15.9,15.9,15.89,15.89,2208,0
CLDR.US,5,20210928,173000,15.89,15.9,15.89,15.9,700,0
CLDR.US,5,20210928,173500,15.895,15.9,15.89,15.9,8550,0
CLDR.US,5,20210928,174000,15.8929,15.9,15.89,15.9,2200,0
CLDR.US,5,20210928,174500,15.8937,15.9,15.89,15.89,7207,0
CLDR.US,5,20210928,175000,15.89,15.9,15.89,15.895,700,0
CLDR.US,5,20210928,175500,15.895,15.9,15.895,15.9,700,0
CLDR.US,5,20210928,180000,15.895,15.895,15.89,15.89,8339,0
CLDR.US,5,20210928,180500,15.8975,15.9,15.89,15.895,7512,0
CLDR.US,5,20210928,181000,15.895,15.9,15.89,15.895,7349,0
CLDR.US,5,20210928,181500,15.89,15.9,15.89,15.895,800,0
CLDR.US,5,20210928,182000,15.895,15.9,15.8941,15.8941,3112,0
CLDR.US,5,20210928,182500,15.895,15.895,15.89,15.89,1300,0
CLDR.US,5,20210928,183000,15.9,15.9,15.89,15.9,800,0
CLDR.US,5,20210928,183500,15.89,15.9,15.89,15.895,6121,0
CLDR.US,5,20210928,184000,15.895,15.9,15.89,15.9,800,0
CLDR.US,5,20210928,184500,15.89,15.895,15.89,15.895,1300,0
CLDR.US,5,20210928,185000,15.89,15.9,15.89,15.9,866,0
CLDR.US,5,20210928,185500,15.9,15.9,15.89,15.89,700,0
CLDR.US,5,20210928,190000,15.895,15.9,15.89,15.895,4866,0
CLDR.US,5,20210928,190500,15.89,15.9,15.89,15.8925,7048,0
CLDR.US,5,20210928,191000,15.895,15.9,15.89,15.895,13565,0
CLDR.US,5,20210928,191500,15.895,15.895,15.89,15.89,66274,0
CLDR.US,5,20210928,192000,15.895,15.895,15.89,15.89,1763,0
CLDR.US,5,20210928,192500,15.895,15.9,15.89,15.895,12493,0
CLDR.US,5,20210928,193000,15.89,15.9,15.89,15.89,4873,0
CLDR.US,5,20210928,193500,15.895,15.9,15.89,15.895,4175,0
CLDR.US,5,20210928,194000,15.895,15.895,15.89,15.895,4907,0
CLDR.US,5,20210928,194500,15.895,15.895,15.89,15.89,9189,0
CLDR.US,5,20210928,195000,15.895,15.895,15.89,15.89,14673,0
CLDR.US,5,20210928,195500,15.895,15.895,15.89,15.895,7484,0
CLDR.US,5,20210928,200000,15.89,15.9,15.89,15.89,33117,0
CLDR.US,5,20210928,200500,15.89,15.9,15.89,15.89,13569,0
CLDR.US,5,20210928,201000,15.895,15.895,15.89,15.895,16441,0
CLDR.US,5,20210928,201500,15.895,15.9,15.89,15.895,45958,0
CLDR.US,5,20210928,202000,15.895,15.9,15.895,15.9,12910,0
CLDR.US,5,20210928,202500,15.895,15.9,15.89,15.9,5600,0
CLDR.US,5,20210928,203000,15.895,15.9,15.89,15.9,3521,0
CLDR.US,5,20210928,203500,15.895,15.9,15.8903,15.895,8140,0
CLDR.US,5,20210928,204000,15.895,15.9,15.89,15.895,14314,0
CLDR.US,5,20210928,204500,15.895,15.9,15.895,15.9,4457,0
CLDR.US,5,20210928,205000,15.89,15.895,15.89,15.895,2062,0
CLDR.US,5,20210928,205500,15.9,15.9,15.89,15.89,1104,0
CLDR.US,5,20210928,210000,15.895,15.9,15.89,15.895,1800,0
CLDR.US,5,20210928,210500,15.8958,15.9,15.895,15.895,530,0
CLDR.US,5,20210928,211000,15.9,15.9,15.89,15.895,2400,0
CLDR.US,5,20210928,211500,15.895,15.9,15.895,15.895,400,0
CLDR.US,5,20210928,212000,15.895,15.9,15.89,15.895,18198,0
CLDR.US,5,20210928,212500,15.895,15.9,15.89,15.895,3900,0
CLDR.US,5,20210928,213000,15.895,15.895,15.89,15.895,37108,0
CLDR.US,5,20210928,213500,15.895,15.895,15.895,15.895,1000,0
CLDR.US,5,20210928,214000,15.89,15.895,15.89,15.89,38714,0
CLDR.US,5,20210928,214500,15.89,15.895,15.89,15.89,21567,0
CLDR.US,5,20210928,215000,15.895,15.9,15.89,15.89,52370,0
CLDR.US,5,20210928,215500,15.895,15.9,15.89,15.9,237128,0
CLDR.US,5,20210929,153000,15.97,15.98,15.96,15.975,1741666,0
CLDR.US,5,20210929,153500,15.975,15.98,15.97,15.975,417665,0
CLDR.US,5,20210929,154000,15.97,15.98,15.97,15.975,1526815,0
CLDR.US,5,20210929,154500,15.975,15.975,15.97,15.9739,188345,0
CLDR.US,5,20210929,155000,15.97,15.98,15.97,15.975,17371,0
CLDR.US,5,20210929,155500,15.97,15.98,15.97,15.98,43260,0
CLDR.US,5,20210929,160000,15.98,15.98,15.97,15.98,80154,0
CLDR.US,5,20210929,160500,15.97,15.98,15.97,15.98,207823,0
CLDR.US,5,20210929,161000,15.98,15.98,15.975,15.98,75465,0
CLDR.US,5,20210929,161500,15.98,15.99,15.975,15.99,173423,0
CLDR.US,5,20210929,162000,15.98,15.99,15.98,15.98,338198,0
CLDR.US,5,20210929,162500,15.98,15.99,15.98,15.98,52616,0
CLDR.US,5,20210929,163000,15.98,15.99,15.975,15.98,185336,0
CLDR.US,5,20210929,163500,15.98,15.98,15.97,15.975,15971,0
CLDR.US,5,20210929,164000,15.975,15.98,15.97,15.97,39205,0
CLDR.US,5,20210929,164500,15.97,15.98,15.97,15.975,36001,0
CLDR.US,5,20210929,165000,15.98,15.98,15.97,15.975,13181,0
CLDR.US,5,20210929,165500,15.975,15.98,15.97,15.975,69189,0
CLDR.US,5,20210929,170000,15.975,15.98,15.97,15.97,21316,0
CLDR.US,5,20210929,170500,15.98,15.98,15.97,15.98,39347,0
CLDR.US,5,20210929,171000,15.975,15.98,15.97,15.97,4151,0
CLDR.US,5,20210929,171500,15.975,15.98,15.97,15.97,159913,0
CLDR.US,5,20210929,172000,15.975,15.98,15.975,15.98,24860,0
CLDR.US,5,20210929,172500,15.98,15.98,15.97,15.98,36813,0
CLDR.US,5,20210929,173000,15.9774,15.98,15.97,15.975,14745,0
CLDR.US,5,20210929,173500,15.975,15.98,15.97,15.975,27349,0
CLDR.US,5,20210929,174000,15.975,15.98,15.97,15.97,17714,0
CLDR.US,5,20210929,174500,15.97,15.98,15.97,15.975,82796,0
CLDR.US,5,20210929,175000,15.975,15.98,15.97,15.9766,1410,0
CLDR.US,5,20210929,175500,15.975,15.98,15.97,15.98,19600,0
CLDR.US,5,20210929,180000,15.975,15.98,15.9701,15.98,31400,0
CLDR.US,5,20210929,180500,15.98,15.98,15.97,15.98,19226,0
CLDR.US,5,20210929,181000,15.975,15.98,15.9708,15.975,15372,0
CLDR.US,5,20210929,181500,15.98,15.98,15.97,15.98,27136,0
CLDR.US,5,20210929,182000,15.975,15.98,15.97,15.98,23749,0
CLDR.US,5,20210929,182500,15.975,15.98,15.97,15.975,28513,0
CLDR.US,5,20210929,183000,15.975,15.98,15.97,15.975,29470,0
CLDR.US,5,20210929,183500,15.975,15.98,15.97,15.975,3600,0
CLDR.US,5,20210929,184000,15.975,15.98,15.975,15.975,12447,0
CLDR.US,5,20210929,184500,15.97,15.975,15.97,15.975,12954,0
CLDR.US,5,20210929,185000,15.975,15.98,15.97,15.975,2809,0
CLDR.US,5,20210929,185500,15.97,15.98,15.97,15.975,16730,0
CLDR.US,5,20210929,190000,15.97,15.9762,15.97,15.9755,127787,0
CLDR.US,5,20210929,190500,15.975,15.98,15.97,15.98,91331,0
CLDR.US,5,20210929,191000,15.98,15.98,15.97,15.98,195681,0
CLDR.US,5,20210929,191500,15.98,15.98,15.97,15.98,106766,0
CLDR.US,5,20210929,192000,15.98,15.98,15.975,15.98,2500,0
CLDR.US,5,20210929,192500,15.975,15.98,15.97,15.975,78734,0
CLDR.US,5,20210929,193000,15.975,15.98,15.9738,15.98,14083,0
CLDR.US,5,20210929,193500,15.975,15.98,15.975,15.975,1545,0
CLDR.US,5,20210929,194000,15.975,15.98,15.97,15.97,127510,0
CLDR.US,5,20210929,194500,15.98,15.98,15.97,15.975,18301,0
CLDR.US,5,20210929,195000,15.98,15.98,15.975,15.98,3201,0
CLDR.US,5,20210929,195500,15.975,15.98,15.975,15.98,14029,0
CLDR.US,5,20210929,200000,15.98,15.98,15.975,15.975,5300,0
CLDR.US,5,20210929,200500,15.98,15.98,15.975,15.98,2659,0
CLDR.US,5,20210929,201000,15.98,15.98,15.97,15.98,151047,0
CLDR.US,5,20210929,201500,15.98,15.98,15.975,15.975,8247,0
CLDR.US,5,20210929,202000,15.975,15.98,15.975,15.975,18418,0
CLDR.US,5,20210929,202500,15.975,15.98,15.975,15.975,4641,0
CLDR.US,5,20210929,203000,15.98,15.98,15.9743,15.9769,5159,0
CLDR.US,5,20210929,203500,15.98,15.98,15.975,15.98,3134,0
CLDR.US,5,20210929,204000,15.98,15.98,15.97,15.975,6670,0
CLDR.US,5,20210929,204500,15.98,15.98,15.97,15.975,12122,0
CLDR.US,5,20210929,205000,15.975,15.98,15.9741,15.98,2597,0
CLDR.US,5,20210929,205500,15.975,15.98,15.975,15.98,3172,0
CLDR.US,5,20210929,210000,15.98,15.98,15.97,15.975,28427,0
CLDR.US,5,20210929,210500,15.97,15.98,15.97,15.975,8863,0
CLDR.US,5,20210929,211000,15.97,15.98,15.97,15.98,5243,0
CLDR.US,5,20210929,211500,15.975,15.98,15.97,15.98,29744,0
CLDR.US,5,20210929,212000,15.975,15.98,15.9749,15.975,17838,0
CLDR.US,5,20210929,212500,15.98,15.98,15.97,15.975,22025,0
CLDR.US,5,20210929,213000,15.975,15.98,15.975,15.975,6533,0
CLDR.US,5,20210929,213500,15.975,15.98,15.975,15.975,3437,0
CLDR.US,5,20210929,214000,15.975,15.98,15.975,15.98,26267,0
CLDR.US,5,20210929,214500,15.975,15.98,15.97,15.98,24313,0
CLDR.US,5,20210929,215000,15.98,15.98,15.972,15.98,14793,0
CLDR.US,5,20210929,215500,15.975,15.98,15.97,15.98,645260,0
CLDR.US,5,20210930,153000,15.97,15.98,15.97,15.98,79053,0
CLDR.US,5,20210930,153500,15.975,15.98,15.97,15.97,21036,0
CLDR.US,5,20210930,154000,15.975,15.98,15.97,15.975,174706,0
CLDR.US,5,20210930,154500,15.97,15.98,15.97,15.971,48371,0
CLDR.US,5,20210930,155000,15.98,15.985,15.975,15.98,448554,0
CLDR.US,5,20210930,155500,15.98,15.985,15.98,15.98,12701,0
CLDR.US,5,20210930,160000,15.98,15.99,15.98,15.98,58845,0
CLDR.US,5,20210930,160500,15.98,15.9801,15.98,15.98,27657,0
CLDR.US,5,20210930,161000,15.9802,15.9802,15.975,15.98,92923,0
CLDR.US,5,20210930,161500,15.975,15.98,15.975,15.975,20800,0
CLDR.US,5,20210930,162000,15.975,15.98,15.97,15.975,51588,0
CLDR.US,5,20210930,162500,15.98,15.98,15.97,15.975,12545,0
CLDR.US,5,20210930,163000,15.97,15.98,15.97,15.97,201440,0
CLDR.US,5,20210930,163500,15.975,15.98,15.97,15.9735,9339,0
CLDR.US,5,20210930,164000,15.975,15.98,15.97,15.975,6490,0
CLDR.US,5,20210930,164500,15.98,15.98,15.97,15.975,2546,0
CLDR.US,5,20210930,165000,15.975,15.98,15.97,15.97,75630,0
CLDR.US,5,20210930,165500,15.97,15.975,15.97,15.975,11700,0
CLDR.US,5,20210930,170000,15.975,15.975,15.97,15.97,13800,0
CLDR.US,5,20210930,170500,15.975,15.975,15.97,15.975,3153,0
CLDR.US,5,20210930,171000,15.9721,15.975,15.97,15.975,2567,0
CLDR.US,5,20210930,171500,15.9775,15.985,15.97,15.98,780673,0
CLDR.US,5,20210930,172000,15.981,15.9899,15.98,15.985,1065,0
CLDR.US,5,20210930,172500,15.985,15.985,15.98,15.98,121630,0
CLDR.US,5,20210930,173000,15.985,15.99,15.98,15.98,135753,0
CLDR.US,5,20210930,173500,15.98,15.985,15.97,15.97,131206,0
CLDR.US,5,20210930,174000,15.97,15.98,15.97,15.975,72053,0
CLDR.US,5,20210930,174500,15.975,15.975,15.975,15.975,500,0
CLDR.US,5,20210930,175000,15.975,15.9761,15.97,15.975,800,0
CLDR.US,5,20210930,175500,15.975,15.975,15.97,15.975,2400,0
CLDR.US,5,20210930,180000,15.975,15.975,15.97,15.975,2600,0
CLDR.US,5,20210930,180500,15.975,15.975,15.97,15.97,27671,0
CLDR.US,5,20210930,181000,15.97,15.975,15.97,15.975,1600,0
CLDR.US,5,20210930,181500,15.975,15.975,15.97,15.975,27937,0
CLDR.US,5,20210930,182000,15.975,15.975,15.97,15.97,8700,0
CLDR.US,5,20210930,182500,15.975,15.975,15.97,15.975,1360,0
CLDR.US,5,20210930,183000,15.97,15.975,15.97,15.975,9795,0
CLDR.US,5,20210930,183500,15.975,15.98,15.97,15.97,31724,0
CLDR.US,5,20210930,184000,15.98,15.98,15.97,15.975,3700,0
CLDR.US,5,20210930,184500,15.97,15.98,15.97,15.975,1800,0
CLDR.US,5,20210930,185000,15.97,15.975,15.97,15.975,1800,0
CLDR.US,5,20210930,185500,15.975,15.975,15.97,15.97,38106,0
CLDR.US,5,20210930,190000,15.97,15.975,15.96,15.964,813272,0
CLDR.US,5,20210930,190500,15.965,15.97,15.96,15.965,1415,0
CLDR.US,5,20210930,191000,15.965,15.97,15.96,15.965,225433,0
CLDR.US,5,20210930,191500,15.97,15.97,15.965,15.97,400,0
CLDR.US,5,20210930,192000,15.965,15.97,15.96,15.97,27837,0
CLDR.US,5,20210930,192500,15.96,15.97,15.96,15.96,2800,0
CLDR.US,5,20210930,193000,15.97,15.98,15.96,15.98,297736,0
CLDR.US,5,20210930,193500,15.97,15.98,15.97,15.975,33461,0
CLDR.US,5,20210930,194000,15.975,15.98,15.97,15.98,2095,0
CLDR.US,5,20210930,194500,15.975,15.98,15.975,15.975,2100,0
CLDR.US,5,20210930,195000,15.975,15.98,15.97,15.975,29290,0
CLDR.US,5,20210930,195500,15.98,15.98,15.975,15.975,11564,0
CLDR.US,5,20210930,200000,15.975,15.98,15.9729,15.975,36940,0
CLDR.US,5,20210930,200500,15.975,15.98,15.97,15.975,13784,0
CLDR.US,5,20210930,201000,15.98,15.98,15.97,15.97,2100,0
CLDR.US,5,20210930,201500,15.97,15.98,15.97,15.975,114230,0
CLDR.US,5,20210930,202000,15.975,15.98,15.97,15.98,9707,0
CLDR.US,5,20210930,202500,15.9701,15.98,15.97,15.975,2700,0
CLDR.US,5,20210930,203000,15.975,15.975,15.97,15.975,10000,0
CLDR.US,5,20210930,203500,15.975,15.975,15.97,15.975,13795,0
CLDR.US,5,20210930,204000,15.975,15.98,15.97,15.9701,44786,0
CLDR.US,5,20210930,204500,15.975,15.975,15.97,15.975,2180,0
CLDR.US,5,20210930,205000,15.975,15.975,15.97,15.97,1500,0
CLDR.US,5,20210930,205500,15.975,15.975,15.97,15.97,1900,0
CLDR.US,5,20210930,210000,15.975,15.98,15.97,15.97,90354,0
CLDR.US,5,20210930,210500,15.97,15.975,15.97,15.97,4575,0
CLDR.US,5,20210930,211000,15.975,15.975,15.97,15.975,7445,0
CLDR.US,5,20210930,211500,15.97,15.9799,15.97,15.97,24058,0
CLDR.US,5,20210930,212000,15.975,15.975,15.97,15.97,28846,0
CLDR.US,5,20210930,212500,15.975,15.975,15.97,15.975,79057,0
CLDR.US,5,20210930,213000,15.975,15.975,15.97,15.97,23226,0
CLDR.US,5,20210930,213500,15.97,15.975,15.97,15.97,21556,0
CLDR.US,5,20210930,214000,15.975,15.98,15.96,15.975,469592,0
CLDR.US,5,20210930,214500,15.975,15.98,15.97,15.97,62128,0
CLDR.US,5,20210930,215000,15.97,15.98,15.965,15.97,290246,0
CLDR.US,5,20210930,215500,15.975,15.98,15.96,15.97,949691,0
CLDR.US,5,20211001,153000,15.98,15.98,15.97,15.975,37190,0
CLDR.US,5,20211001,153500,15.975,15.98,15.975,15.98,124138,0
CLDR.US,5,20211001,154000,15.98,15.98,15.975,15.98,11380,0
CLDR.US,5,20211001,154500,15.975,15.98,15.9708,15.98,14800,0
CLDR.US,5,20211001,155000,15.975,15.98,15.975,15.98,14773,0
CLDR.US,5,20211001,155500,15.98,15.98,15.975,15.975,7700,0
CLDR.US,5,20211001,160000,15.98,15.98,15.975,15.98,21047,0
CLDR.US,5,20211001,160500,15.98,15.98,15.9738,15.9738,10025,0
CLDR.US,5,20211001,161000,15.98,15.98,15.97,15.98,40098,0
CLDR.US,5,20211001,161500,15.98,15.99,15.9701,15.98,238337,0
CLDR.US,5,20211001,162000,15.98,15.99,15.98,15.985,54416,0
CLDR.US,5,20211001,162500,15.9829,15.99,15.98,15.98,33158,0
CLDR.US,5,20211001,163000,15.985,15.99,15.98,15.98,32083,0
CLDR.US,5,20211001,163500,15.9817,15.99,15.98,15.98,8773,0
CLDR.US,5,20211001,164000,15.98,15.99,15.98,15.985,28525,0
CLDR.US,5,20211001,164500,15.98,15.985,15.98,15.9826,10718,0
CLDR.US,5,20211001,165000,15.98,15.985,15.98,15.985,18072,0
CLDR.US,5,20211001,165500,15.985,15.985,15.98,15.985,9943,0
CLDR.US,5,20211001,170000,15.98,15.99,15.98,15.98,22156,0
CLDR.US,5,20211001,170500,15.98,15.985,15.98,15.98,53724,0
CLDR.US,5,20211001,171000,15.98,15.99,15.98,15.985,36918,0
CLDR.US,5,20211001,171500,15.98,15.985,15.98,15.98,11214,0
CLDR.US,5,20211001,172000,15.98,15.99,15.98,15.985,2335,0
CLDR.US,5,20211001,172500,15.985,15.99,15.98,15.98,189045,0
CLDR.US,5,20211001,173000,15.985,15.99,15.98,15.99,7530,0
CLDR.US,5,20211001,173500,15.99,15.99,15.98,15.985,10840,0
CLDR.US,5,20211001,174000,15.99,15.99,15.98,15.99,6924,0
CLDR.US,5,20211001,174500,15.98,15.99,15.98,15.99,2000,0
CLDR.US,5,20211001,175000,15.98,15.99,15.98,15.98,9500,0
CLDR.US,5,20211001,175500,15.985,15.99,15.98,15.985,4475,0
CLDR.US,5,20211001,180000,15.99,15.99,15.98,15.98,5451,0
CLDR.US,5,20211001,180500,15.9802,15.99,15.98,15.98,7070,0
CLDR.US,5,20211001,181000,15.99,15.99,15.98,15.98,11486,0
CLDR.US,5,20211001,181500,15.98,15.99,15.98,15.98,13150,0
CLDR.US,5,20211001,182000,15.99,15.99,15.98,15.99,900,0
CLDR.US,5,20211001,182500,15.99,15.99,15.98,15.98,1800,0
CLDR.US,5,20211001,183000,15.9826,15.99,15.98,15.985,5270,0
CLDR.US,5,20211001,183500,15.98,15.99,15.98,15.98,4150,0
CLDR.US,5,20211001,184000,15.98,15.985,15.98,15.98,6700,0
CLDR.US,5,20211001,184500,15.99,15.99,15.98,15.98,6071,0
CLDR.US,5,20211001,185000,15.985,15.985,15.98,15.98,10400,0
CLDR.US,5,20211001,185500,15.98,15.985,15.98,15.98,1000,0
CLDR.US,5,20211001,190000,15.98,15.985,15.98,15.98,3300,0
CLDR.US,5,20211001,190500,15.985,15.985,15.98,15.98,29485,0
CLDR.US,5,20211001,191000,15.99,15.99,15.98,15.98,3653,0
CLDR.US,5,20211001,191500,15.98,15.985,15.98,15.98,300,0
CLDR.US,5,20211001,192000,15.985,15.99,15.98,15.985,6833,0
CLDR.US,5,20211001,192500,15.99,15.99,15.98,15.99,2976,0
CLDR.US,5,20211001,193000,15.985,15.99,15.98,15.98,1500,0
CLDR.US,5,20211001,193500,15.985,15.99,15.98,15.985,8960,0
CLDR.US,5,20211001,194000,15.9836,15.99,15.98,15.98,6776,0
CLDR.US,5,20211001,194500,15.98,15.99,15.98,15.98,700,0
CLDR.US,5,20211001,195000,15.99,15.99,15.98,15.98,1100,0
CLDR.US,5,20211001,195500,15.98,15.99,15.98,15.985,1100,0
CLDR.US,5,20211001,200000,15.985,15.985,15.98,15.98,25076,0
CLDR.US,5,20211001,200500,15.985,15.99,15.98,15.985,13115,0
CLDR.US,5,20211001,201000,15.99,15.99,15.98,15.99,1500,0
CLDR.US,5,20211001,201500,15.985,15.99,15.98,15.985,8310,0
CLDR.US,5,20211001,202000,15.985,15.99,15.98,15.99,2900,0
CLDR.US,5,20211001,202500,15.99,15.99,15.98,15.985,4600,0
CLDR.US,5,20211001,203000,15.99,15.99,15.98,15.99,7800,0
CLDR.US,5,20211001,203500,15.99,15.99,15.98,15.99,3132,0
CLDR.US,5,20211001,204000,15.99,15.99,15.98,15.98,6850,0
CLDR.US,5,20211001,204500,15.985,15.99,15.98,15.98,3752,0
CLDR.US,5,20211001,205000,15.98,15.99,15.98,15.99,14700,0
CLDR.US,5,20211001,205500,15.99,15.99,15.98,15.98,8800,0
CLDR.US,5,20211001,210000,15.985,15.99,15.98,15.99,3463,0
CLDR.US,5,20211001,210500,15.985,15.99,15.98,15.985,13055,0
CLDR.US,5,20211001,211000,15.98,15.99,15.98,15.985,8089,0
CLDR.US,5,20211001,211500,15.985,15.99,15.98,15.99,11286,0
CLDR.US,5,20211001,212000,15.98,15.99,15.98,15.99,4893,0
CLDR.US,5,20211001,212500,15.99,15.99,15.98,15.99,14517,0
CLDR.US,5,20211001,213000,15.99,15.99,15.98,15.98,6200,0
CLDR.US,5,20211001,213500,15.99,15.99,15.98,15.98,142195,0
CLDR.US,5,20211001,214000,15.985,15.99,15.98,15.99,11268,0
CLDR.US,5,20211001,214500,15.98,15.99,15.98,15.98,16498,0
CLDR.US,5,20211001,215000,15.985,15.99,15.98,15.985,47867,0
CLDR.US,5,20211001,215500,15.985,15.99,15.98,15.99,381295,0
CLDR.US,5,20211004,153000,15.97,15.98,15.97,15.98,53441,0
CLDR.US,5,20211004,153500,15.975,15.98,15.97,15.98,6214,0
CLDR.US,5,20211004,154000,15.98,15.98,15.97,15.975,30184,0
CLDR.US,5,20211004,154500,15.98,15.98,15.97,15.975,6100,0
CLDR.US,5,20211004,155000,15.98,15.98,15.97,15.98,8800,0
CLDR.US,5,20211004,155500,15.97,15.98,15.97,15.97,32867,0
CLDR.US,5,20211004,160000,15.98,15.98,15.97,15.98,16600,0
CLDR.US,5,20211004,160500,15.975,15.98,15.97,15.98,12300,0
CLDR.US,5,20211004,161000,15.98,15.98,15.97,15.98,3627,0
CLDR.US,5,20211004,161500,15.98,15.98,15.97,15.98,22912,0
CLDR.US,5,20211004,162000,15.98,15.98,15.97,15.98,6419,0
CLDR.US,5,20211004,162500,15.98,15.98,15.97,15.98,1800,0
CLDR.US,5,20211004,163000,15.98,15.98,15.97,15.98,36713,0
CLDR.US,5,20211004,163500,15.98,15.98,15.97,15.98,14148,0
CLDR.US,5,20211004,164000,15.98,15.98,15.97,15.98,5995,0
CLDR.US,5,20211004,164500,15.98,15.98,15.97,15.975,12442,0
CLDR.US,5,20211004,165000,15.97,15.98,15.97,15.98,19190,0
CLDR.US,5,20211004,165500,15.9701,15.98,15.9701,15.975,4891,0
CLDR.US,5,20211004,170000,15.98,15.98,15.97,15.98,19123,0
CLDR.US,5,20211004,170500,15.98,15.98,15.97,15.98,302828,0
CLDR.US,5,20211004,171000,15.975,15.98,15.9725,15.975,7262,0
CLDR.US,5,20211004,171500,15.975,15.98,15.975,15.975,6547,0
CLDR.US,5,20211004,172000,15.975,15.98,15.97,15.98,33206,0
CLDR.US,5,20211004,172500,15.975,15.98,15.9701,15.975,4809,0
CLDR.US,5,20211004,173000,15.975,15.98,15.9738,15.98,4740,0
CLDR.US,5,20211004,173500,15.98,15.98,15.9722,15.98,7095,0
CLDR.US,5,20211004,174000,15.975,15.98,15.97,15.975,7720,0
CLDR.US,5,20211004,174500,15.98,15.98,15.975,15.98,7618,0
CLDR.US,5,20211004,175000,15.975,15.98,15.975,15.98,5500,0
CLDR.US,5,20211004,175500,15.98,15.98,15.9736,15.98,5637,0
CLDR.US,5,20211004,180000,15.98,15.98,15.97,15.98,6538,0
CLDR.US,5,20211004,180500,15.98,15.98,15.97,15.98,561117,0
CLDR.US,5,20211004,181000,15.98,15.98,15.975,15.975,5184,0
CLDR.US,5,20211004,181500,15.975,15.98,15.975,15.98,10790,0
CLDR.US,5,20211004,182000,15.975,15.98,15.97,15.98,166209,0
CLDR.US,5,20211004,182500,15.975,15.98,15.97,15.975,9760,0
CLDR.US,5,20211004,183000,15.98,15.98,15.9735,15.98,9839,0
CLDR.US,5,20211004,183500,15.98,15.98,15.9735,15.98,206093,0
CLDR.US,5,20211004,184000,15.98,15.98,15.9738,15.98,5500,0
CLDR.US,5,20211004,184500,15.975,15.98,15.975,15.98,20985,0
CLDR.US,5,20211004,185000,15.975,15.98,15.975,15.98,5300,0
CLDR.US,5,20211004,185500,15.975,15.98,15.9743,15.98,4208,0
CLDR.US,5,20211004,190000,15.98,15.98,15.97,15.98,10653,0
CLDR.US,5,20211004,190500,15.98,15.98,15.9738,15.98,15204,0
CLDR.US,5,20211004,191000,15.98,15.98,15.975,15.98,1100,0
CLDR.US,5,20211004,191500,15.98,15.98,15.975,15.98,4100,0
CLDR.US,5,20211004,192000,15.98,15.98,15.9701,15.98,3510,0
CLDR.US,5,20211004,192500,15.98,15.98,15.975,15.975,1000,0
CLDR.US,5,20211004,193000,15.98,15.98,15.975,15.98,44577,0
CLDR.US,5,20211004,193500,15.9785,15.98,15.9738,15.98,1989,0
CLDR.US,5,20211004,194000,15.98,15.98,15.975,15.975,3900,0
CLDR.US,5,20211004,194500,15.98,15.98,15.975,15.975,20727,0
CLDR.US,5,20211004,195000,15.98,15.98,15.975,15.975,800,0
CLDR.US,5,20211004,195500,15.975,15.98,15.9733,15.98,18695,0
CLDR.US,5,20211004,200000,15.98,15.98,15.97,15.975,20327,0
CLDR.US,5,20211004,200500,15.98,15.98,15.975,15.98,5500,0
CLDR.US,5,20211004,201000,15.975,15.98,15.9701,15.975,8660,0
CLDR.US,5,20211004,201500,15.975,15.98,15.975,15.975,220681,0
CLDR.US,5,20211004,202000,15.975,15.98,15.975,15.975,25579,0
CLDR.US,5,20211004,202500,15.975,15.98,15.975,15.975,18737,0
CLDR.US,5,20211004,203000,15.975,15.98,15.9734,15.98,19943,0
CLDR.US,5,20211004,203500,15.98,15.98,15.975,15.975,3800,0
CLDR.US,5,20211004,204000,15.98,15.98,15.975,15.975,6425,0
CLDR.US,5,20211004,204500,15.98,15.98,15.9744,15.98,5944,0
CLDR.US,5,20211004,205000,15.98,15.99,15.975,15.985,342949,0
CLDR.US,5,20211004,205500,15.985,15.99,15.98,15.98,6480,0
CLDR.US,5,20211004,210000,15.98,15.99,15.98,15.98,8783,0
CLDR.US,5,20211004,210500,15.98,15.985,15.98,15.98,81922,0
CLDR.US,5,20211004,211000,15.985,15.985,15.98,15.98,6536,0
CLDR.US,5,20211004,211500,15.985,15.985,15.98,15.98,25756,0
CLDR.US,5,20211004,212000,15.985,15.985,15.97,15.98,345965,0
CLDR.US,5,20211004,212500,15.98,15.98,15.97,15.97,165787,0
CLDR.US,5,20211004,213000,15.975,15.98,15.97,15.97,39493,0
CLDR.US,5,20211004,213500,15.97,15.98,15.97,15.975,339206,0
CLDR.US,5,20211004,214000,15.975,15.98,15.97,15.975,87892,0
CLDR.US,5,20211004,214500,15.975,15.98,15.97,15.97,69601,0
CLDR.US,5,20211004,215000,15.98,15.98,15.97,15.975,193273,0
CLDR.US,5,20211004,215500,15.975,15.99,15.97,15.98,694008,0
CLDR.US,5,20211005,153000,15.98,15.99,15.98,15.98,56358,0
CLDR.US,5,20211005,153500,15.98,15.98,15.98,15.98,1732,0
CLDR.US,5,20211005,154000,15.985,15.985,15.98,15.98,5800,0
CLDR.US,5,20211005,154500,15.98,15.99,15.98,15.98,4979,0
CLDR.US,5,20211005,155000,15.98,15.985,15.98,15.98,3783,0
CLDR.US,5,20211005,155500,15.9806,15.985,15.98,15.985,3563,0
CLDR.US,5,20211005,160000,15.9801,15.99,15.98,15.985,1507,0
CLDR.US,5,20211005,160500,15.985,15.985,15.98,15.985,1041,0
CLDR.US,5,20211005,161000,15.982,15.985,15.982,15.985,300,0
CLDR.US,5,20211005,161500,15.98,15.99,15.98,15.9822,8003,0
CLDR.US,5,20211005,162000,15.98,15.985,15.98,15.985,2576,0
CLDR.US,5,20211005,162500,15.98,15.9862,15.98,15.98,1050,0
CLDR.US,5,20211005,163000,15.99,15.99,15.98,15.985,2903,0
CLDR.US,5,20211005,163500,15.99,15.99,15.98,15.985,1014,0
CLDR.US,5,20211005,164000,15.98,15.99,15.98,15.985,6588,0
CLDR.US,5,20211005,164500,15.99,15.99,15.98,15.98,1394,0
CLDR.US,5,20211005,165000,15.985,15.985,15.98,15.98,300,0
CLDR.US,5,20211005,165500,15.985,15.985,15.98,15.98,799,0
CLDR.US,5,20211005,170000,15.985,15.985,15.98,15.985,3400,0
CLDR.US,5,20211005,170500,15.98,15.985,15.98,15.985,9844,0
CLDR.US,5,20211005,171000,15.98,15.985,15.98,15.98,1068,0
CLDR.US,5,20211005,171500,15.9826,15.985,15.98,15.9801,4257,0
CLDR.US,5,20211005,172000,15.98,15.985,15.98,15.98,13717,0
CLDR.US,5,20211005,172500,15.98,15.985,15.98,15.98,1445,0
CLDR.US,5,20211005,173000,15.98,15.985,15.98,15.985,500,0
CLDR.US,5,20211005,173500,15.985,15.985,15.98,15.98,6300,0
CLDR.US,5,20211005,174000,15.985,15.985,15.98,15.98,2571,0
CLDR.US,5,20211005,174500,15.98,15.985,15.98,15.985,600,0
CLDR.US,5,20211005,175000,15.985,15.985,15.98,15.98,19614,0
CLDR.US,5,20211005,175500,15.985,15.985,15.98,15.98,7269,0
CLDR.US,5,20211005,180000,15.985,15.985,15.98,15.98,1079,0
CLDR.US,5,20211005,180500,15.98,15.9862,15.98,15.9862,4400,0
CLDR.US,5,20211005,181000,15.98,15.985,15.98,15.9822,4351,0
CLDR.US,5,20211005,181500,15.985,15.985,15.98,15.985,400,0
CLDR.US,5,20211005,182000,15.98,15.985,15.98,15.9822,6995,0
CLDR.US,5,20211005,182500,15.9805,15.985,15.98,15.985,1844,0
CLDR.US,5,20211005,183000,15.982,15.982,15.98,15.982,350,0
CLDR.US,5,20211005,183500,15.985,15.985,15.985,15.985,2694,0
CLDR.US,5,20211005,184000,15.985,15.985,15.98,15.985,7110,0
CLDR.US,5,20211005,184500,15.985,15.985,15.98,15.985,300,0
CLDR.US,5,20211005,185000,15.98,15.985,15.98,15.98,1204,0
CLDR.US,5,20211005,185500,15.985,15.985,15.98,15.985,3000,0
CLDR.US,5,20211005,190000,15.985,15.985,15.98,15.98,686,0
CLDR.US,5,20211005,190500,15.985,15.985,15.985,15.985,200,0
CLDR.US,5,20211005,191000,15.985,15.985,15.983,15.985,673,0
CLDR.US,5,20211005,191500,15.985,15.985,15.98,15.98,3900,0
CLDR.US,5,20211005,192000,15.98,15.985,15.98,15.98,1217,0
CLDR.US,5,20211005,192500,15.98,15.985,15.98,15.98,18176,0
CLDR.US,5,20211005,193000,15.985,15.99,15.98,15.98,1790,0
CLDR.US,5,20211005,193500,15.98,15.985,15.98,15.98,500,0
CLDR.US,5,20211005,194000,15.985,15.99,15.98,15.9828,52920,0
CLDR.US,5,20211005,194500,15.9832,15.99,15.98,15.985,67057,0
CLDR.US,5,20211005,195000,15.98,15.99,15.98,15.98,15480,0
CLDR.US,5,20211005,195500,15.98,15.99,15.98,15.985,7366,0
CLDR.US,5,20211005,200000,15.985,15.99,15.98,15.985,2100,0
CLDR.US,5,20211005,200500,15.985,15.99,15.98,15.98,19879,0
CLDR.US,5,20211005,201000,15.985,15.99,15.98,15.98,11542,0
CLDR.US,5,20211005,201500,15.98,15.99,15.98,15.98,9704,0
CLDR.US,5,20211005,202000,15.98,15.99,15.98,15.98,26787,0
CLDR.US,5,20211005,202500,15.99,15.99,15.98,15.985,5070,0
CLDR.US,5,20211005,203000,15.985,15.99,15.98,15.98,9059,0
CLDR.US,5,20211005,203500,15.98,15.985,15.98,15.98,2565,0
CLDR.US,5,20211005,204000,15.985,15.99,15.98,15.98,113801,0
CLDR.US,5,20211005,204500,15.985,15.985,15.98,15.98,3000,0
CLDR.US,5,20211005,205000,15.98,15.99,15.98,15.985,5800,0
CLDR.US,5,20211005,205500,15.98,15.985,15.98,15.98,650,0
CLDR.US,5,20211005,210000,15.98,15.99,15.98,15.985,5110,0
CLDR.US,5,20211005,210500,15.98,15.99,15.98,15.985,19616,0
CLDR.US,5,20211005,211000,15.98,15.99,15.98,15.98,2620,0
CLDR.US,5,20211005,211500,15.985,15.99,15.98,15.985,3530,0
CLDR.US,5,20211005,212000,15.98,15.99,15.98,15.985,5516,0
CLDR.US,5,20211005,212500,15.985,15.99,15.98,15.98,22246,0
CLDR.US,5,20211005,213000,15.985,15.99,15.98,15.99,32716,0
CLDR.US,5,20211005,213500,15.98,15.99,15.98,15.98,50030,0
CLDR.US,5,20211005,214000,15.985,15.99,15.98,15.985,28549,0
CLDR.US,5,20211005,214500,15.99,15.99,15.98,15.99,94039,0
CLDR.US,5,20211005,215000,15.985,15.99,15.98,15.99,146804,0
CLDR.US,5,20211005,215500,15.98,15.99,15.98,15.99,2631585,0
CLDR.US,5,20211006,153000,15.98,15.99,15.98,15.985,115901,0
CLDR.US,5,20211006,153500,15.985,15.99,15.981,15.99,2222,0
CLDR.US,5,20211006,154000,15.985,15.99,15.98,15.985,94882,0
CLDR.US,5,20211006,154500,15.985,15.99,15.98,15.98,6287,0
CLDR.US,5,20211006,155000,15.98,15.99,15.98,15.985,13873,0
CLDR.US,5,20211006,155500,15.98,15.985,15.98,15.98,28245,0
CLDR.US,5,20211006,160000,15.98,15.985,15.98,15.98,10288,0
CLDR.US,5,20211006,160500,15.98,15.99,15.98,15.98,8757,0
CLDR.US,5,20211006,161000,15.98,15.99,15.98,15.98,4744,0
CLDR.US,5,20211006,161500,15.98,15.99,15.98,15.98,2400,0
CLDR.US,5,20211006,162000,15.98,15.99,15.98,15.98,3300,0
CLDR.US,5,20211006,162500,15.98,15.99,15.98,15.9863,9284,0
CLDR.US,5,20211006,163000,15.98,15.99,15.98,15.985,10827,0
CLDR.US,5,20211006,163500,15.985,15.99,15.98,15.99,2989,0
CLDR.US,5,20211006,164000,15.985,15.99,15.98,15.98,3100,0
CLDR.US,5,20211006,164500,15.98,15.99,15.98,15.98,37920,0
CLDR.US,5,20211006,165000,15.985,15.99,15.98,15.98,7185,0
CLDR.US,5,20211006,165500,15.99,15.99,15.98,15.985,2450,0
CLDR.US,5,20211006,170000,15.985,15.99,15.98,15.985,14657,0
CLDR.US,5,20211006,170500,15.985,15.99,15.98,15.98,5041,0
CLDR.US,5,20211006,171000,15.98,15.99,15.98,15.98,8394,0
CLDR.US,5,20211006,171500,15.99,15.99,15.98,15.98,1750,0
CLDR.US,5,20211006,172000,15.98,15.99,15.98,15.99,1100,0
CLDR.US,5,20211006,172500,15.98,15.99,15.98,15.985,4080,0
CLDR.US,5,20211006,173000,15.99,15.99,15.9836,15.985,5881,0
CLDR.US,5,20211006,173500,15.985,15.99,15.98,15.99,4329,0
CLDR.US,5,20211006,174000,15.98,15.99,15.98,15.981,1169,0
CLDR.US,5,20211006,174500,15.99,15.99,15.98,15.98,1100,0
CLDR.US,5,20211006,175000,15.99,15.99,15.98,15.99,1707,0
CLDR.US,5,20211006,175500,15.98,15.99,15.98,15.99,4643,0
CLDR.US,5,20211006,180000,15.98,15.99,15.98,15.98,1143,0
CLDR.US,5,20211006,180500,15.99,15.99,15.98,15.98,13867,0
CLDR.US,5,20211006,181000,15.98,15.99,15.98,15.98,15405,0
CLDR.US,5,20211006,181500,15.99,15.99,15.98,15.98,1600,0
CLDR.US,5,20211006,182000,15.98,15.99,15.98,15.985,2812,0
CLDR.US,5,20211006,182500,15.98,15.99,15.98,15.98,5100,0
CLDR.US,5,20211006,183000,15.99,15.99,15.98,15.99,1190,0
CLDR.US,5,20211006,183500,15.98,15.99,15.98,15.98,4768,0
CLDR.US,5,20211006,184000,15.98,15.99,15.98,15.98,3797,0
CLDR.US,5,20211006,184500,15.985,15.99,15.98,15.98,1918,0
CLDR.US,5,20211006,185000,15.98,15.99,15.98,15.98,3900,0
CLDR.US,5,20211006,185500,15.985,15.99,15.98,15.98,1200,0
CLDR.US,5,20211006,190000,15.99,15.99,15.98,15.98,2439,0
CLDR.US,5,20211006,190500,15.98,15.99,15.98,15.98,4245,0
CLDR.US,5,20211006,191000,15.985,15.99,15.98,15.985,16389,0
CLDR.US,5,20211006,191500,15.99,15.99,15.98,15.98,2755,0
CLDR.US,5,20211006,192000,15.98,15.99,15.98,15.99,2656,0
CLDR.US,5,20211006,192500,15.98,15.99,15.98,15.98,4400,0
CLDR.US,5,20211006,193000,15.99,15.99,15.98,15.98,3851,0
CLDR.US,5,20211006,193500,15.98,15.99,15.98,15.985,1700,0
CLDR.US,5,20211006,194000,15.98,15.99,15.98,15.9855,12574,0
CLDR.US,5,20211006,194500,15.99,15.99,15.98,15.985,7200,0
CLDR.US,5,20211006,195000,15.99,15.99,15.98,15.9857,2600,0
CLDR.US,5,20211006,195500,15.98,15.99,15.98,15.985,4457,0
CLDR.US,5,20211006,200000,15.985,15.99,15.98,15.985,67994,0
CLDR.US,5,20211006,200500,15.985,15.99,15.98,15.98,3800,0
CLDR.US,5,20211006,201000,15.985,15.99,15.98,15.98,1500,0
CLDR.US,5,20211006,201500,15.99,15.99,15.98,15.99,3300,0
CLDR.US,5,20211006,202000,15.98,15.99,15.98,15.99,4839,0
CLDR.US,5,20211006,202500,15.98,15.99,15.98,15.98,4940,0
CLDR.US,5,20211006,203000,15.98,15.99,15.98,15.99,1500,0
CLDR.US,5,20211006,203500,15.99,15.99,15.98,15.985,1200,0
CLDR.US,5,20211006,204000,15.985,15.99,15.98,15.99,4781,0
CLDR.US,5,20211006,204500,15.99,15.99,15.98,15.99,8206,0
CLDR.US,5,20211006,205000,15.98,15.99,15.98,15.98,4900,0
CLDR.US,5,20211006,205500,15.98,15.99,15.98,15.98,6596,0
CLDR.US,5,20211006,210000,15.985,15.99,15.98,15.985,7120,0
CLDR.US,5,20211006,210500,15.985,15.99,15.98,15.98,24821,0
CLDR.US,5,20211006,211000,15.985,15.99,15.98,15.98,4400,0
CLDR.US,5,20211006,211500,15.99,15.99,15.98,15.98,12419,0
CLDR.US,5,20211006,212000,15.98,15.99,15.98,15.98,24232,0
CLDR.US,5,20211006,212500,15.985,15.99,15.98,15.985,9860,0
CLDR.US,5,20211006,213000,15.985,15.99,15.98,15.98,24790,0
CLDR.US,5,20211006,213500,15.98,15.99,15.98,15.98,4945,0
CLDR.US,5,20211006,214000,15.985,15.99,15.98,15.985,4819,0
CLDR.US,5,20211006,214500,15.985,15.99,15.98,15.985,23862,0
CLDR.US,5,20211006,215000,15.99,15.99,15.98,15.98,58501,0
CLDR.US,5,20211006,215500,15.985,15.99,15.98,15.98,488111,0
CLDR.US,5,20211007,153000,15.98,15.99,15.98,15.99,46263,0
CLDR.US,5,20211007,153500,15.99,15.99,15.985,15.99,84587,0
CLDR.US,5,20211007,154000,15.99,15.99,15.99,15.99,1900,0
CLDR.US,5,20211007,154500,15.99,15.99,15.9801,15.99,17980,0
CLDR.US,5,20211007,155000,15.99,15.99,15.985,15.99,88513,0
CLDR.US,5,20211007,155500,15.99,15.99,15.985,15.99,4499,0
CLDR.US,5,20211007,160000,15.99,15.99,15.985,15.99,17000,0
CLDR.US,5,20211007,160500,15.985,15.99,15.985,15.99,3100,0
CLDR.US,5,20211007,161000,15.985,15.99,15.985,15.99,5565,0
CLDR.US,5,20211007,161500,15.99,16,15.985,16,220392,0
CLDR.US,5,20211007,162000,16,16,15.99,15.99,16250,0
CLDR.US,5,20211007,162500,15.995,15.995,15.99,15.995,1050,0
CLDR.US,5,20211007,163000,15.99,16,15.99,15.995,1000,0
CLDR.US,5,20211007,163500,15.995,15.995,15.99,15.995,2500,0
CLDR.US,5,20211007,164000,15.995,15.995,15.99,15.99,8654,0
CLDR.US,5,20211007,164500,15.995,15.995,15.99,15.995,2000,0
CLDR.US,5,20211007,165000,15.995,15.995,15.99,15.995,2377,0
CLDR.US,5,20211007,165500,15.995,15.995,15.99,15.995,12702,0
CLDR.US,5,20211007,170000,15.995,15.9998,15.99,15.995,5037,0
CLDR.US,5,20211007,170500,15.995,15.995,15.99,15.995,20391,0
CLDR.US,5,20211007,171000,15.995,15.995,15.99,15.995,5000,0
CLDR.US,5,20211007,171500,15.995,15.995,15.99,15.995,3575,0
CLDR.US,5,20211007,172000,15.995,15.995,15.9901,15.995,939,0
CLDR.US,5,20211007,172500,15.995,15.995,15.99,15.995,1979,0
CLDR.US,5,20211007,173000,15.995,16,15.995,15.995,1300,0
CLDR.US,5,20211007,173500,15.995,15.995,15.995,15.995,1599,0
CLDR.US,5,20211007,174000,15.995,16,15.99,15.995,1769,0
CLDR.US,5,20211007,174500,15.995,15.995,15.9931,15.995,1408,0
CLDR.US,5,20211007,175000,15.995,15.995,15.99,15.995,2700,0
CLDR.US,5,20211007,175500,15.995,15.995,15.99,15.995,3735,0
CLDR.US,5,20211007,180000,15.995,15.997,15.99,15.995,27952,0
CLDR.US,5,20211007,180500,15.995,15.995,15.995,15.995,900,0
CLDR.US,5,20211007,181000,15.995,15.995,15.99,15.995,5018,0
CLDR.US,5,20211007,181500,15.9937,15.995,15.99,15.995,3214,0
CLDR.US,5,20211007,182000,15.995,15.995,15.99,15.995,4631,0
CLDR.US,5,20211007,182500,15.995,15.995,15.99,15.995,1712,0
CLDR.US,5,20211007,183000,15.995,16,15.99,15.995,1900,0
CLDR.US,5,20211007,183500,15.995,15.995,15.99,15.99,3300,0
CLDR.US,5,20211007,184000,15.995,16,15.99,15.995,28124,0
CLDR.US,5,20211007,184500,15.995,15.995,15.995,15.995,1128,0
CLDR.US,5,20211007,185000,15.995,15.995,15.995,15.995,1422,0
CLDR.US,5,20211007,185500,15.995,15.995,15.9901,15.995,4971,0
CLDR.US,5,20211007,190000,15.995,15.995,15.99,15.995,2370,0
CLDR.US,5,20211007,190500,15.995,15.995,15.99,15.995,11900,0
CLDR.US,5,20211007,191000,15.995,16,15.99,15.99,7667,0
CLDR.US,5,20211007,191500,15.995,15.995,15.99,15.995,3000,0
CLDR.US,5,20211007,192000,15.995,16,15.99,15.995,4879,0
CLDR.US,5,20211007,192500,15.995,16,15.99,15.995,77394,0
CLDR.US,5,20211007,193000,15.995,15.995,15.99,15.995,4300,0
CLDR.US,5,20211007,193500,15.995,15.995,15.99,15.995,2550,0
CLDR.US,5,20211007,194000,15.995,15.995,15.99,15.995,4525,0
CLDR.US,5,20211007,194500,15.995,15.995,15.99,15.995,1000,0
CLDR.US,5,20211007,195000,15.995,16,15.991,15.995,2864,0
CLDR.US,5,20211007,195500,15.995,15.995,15.99,15.995,900,0
CLDR.US,5,20211007,200000,15.995,15.995,15.99,15.99,5062,0
CLDR.US,5,20211007,200500,15.995,15.995,15.99,15.995,14992,0
CLDR.US,5,20211007,201000,15.995,15.995,15.99,15.99,13899,0
CLDR.US,5,20211007,201500,15.995,15.995,15.99,15.99,1400,0
CLDR.US,5,20211007,202000,15.995,15.995,15.99,15.99,5047,0
CLDR.US,5,20211007,202500,15.995,15.995,15.99,15.995,3597,0
CLDR.US,5,20211007,203000,15.99,15.995,15.99,15.995,2500,0
CLDR.US,5,20211007,203500,15.99,15.995,15.99,15.99,60025,0
CLDR.US,5,20211007,204000,15.99,15.995,15.99,15.99,40672,0
CLDR.US,5,20211007,204500,15.99,15.995,15.99,15.99,292122,0
CLDR.US,5,20211007,205000,15.99,15.995,15.98,15.98,143507,0
CLDR.US,5,20211007,205500,15.99,15.99,15.98,15.985,12249,0
CLDR.US,5,20211007,210000,15.98,15.99,15.98,15.985,4988,0
CLDR.US,5,20211007,210500,15.99,15.99,15.98,15.98,11697,0
CLDR.US,5,20211007,211000,15.98,15.99,15.98,15.99,2724,0
CLDR.US,5,20211007,211500,15.99,15.99,15.98,15.99,3900,0
CLDR.US,5,20211007,212000,15.985,15.99,15.98,15.98,5642,0
CLDR.US,5,20211007,212500,15.99,15.99,15.98,15.99,8662,0
CLDR.US,5,20211007,213000,15.985,15.99,15.98,15.99,10633,0
CLDR.US,5,20211007,213500,15.985,15.99,15.98,15.99,4901,0
CLDR.US,5,20211007,214000,15.985,15.99,15.98,15.99,29413,0
CLDR.US,5,20211007,214500,15.99,15.99,15.98,15.99,125988,0
CLDR.US,5,20211007,215000,15.985,15.99,15.98,15.985,519216,0
CLDR.US,5,20211007,215500,15.99,16,15.98,15.99,9497563,0
