<TICKER>,<PER>,<DATE>,<TIME>,<OPEN>,<HIGH>,<LOW>,<CLOSE>,<VOL>,<OPENINT>
CLIM.US,5,20210922,161000,9.75,9.75,9.75,9.75,150000,0
CLIM.US,5,20210922,161500,9.73,9.73,9.73,9.73,165,0
CLIM.US,5,20210922,180000,9.77,9.77,9.77,9.77,198,0
CLIM.US,5,20210922,201500,9.73,9.73,9.71,9.73,700,0
CLIM.US,5,20210922,204500,9.76,9.76,9.76,9.76,100,0
CLIM.US,5,20210922,214500,9.76,9.76,9.76,9.76,100,0
CLIM.US,5,20210923,191500,9.75,9.75,9.75,9.75,1943,0
CLIM.US,5,20210923,195500,9.76,9.76,9.76,9.76,100,0
CLIM.US,5,20210923,201500,9.76,9.76,9.76,9.76,100,0
CLIM.US,5,20210923,205000,9.75,9.75,9.75,9.75,3375,0
CLIM.US,5,20210923,211500,9.76,9.76,9.76,9.76,600,0
CLIM.US,5,20210923,212000,9.77,9.77,9.77,9.77,100,0
CLIM.US,5,20210923,213000,9.78,9.78,9.78,9.78,100,0
CLIM.US,5,20210923,213500,9.75,9.751,9.75,9.751,895,0
CLIM.US,5,20210923,214500,9.75,9.75,9.75,9.75,684,0
CLIM.US,5,20210923,215000,9.7501,9.78,9.7501,9.78,434,0
CLIM.US,5,20210923,215500,9.78,9.78,9.78,9.78,100,0
CLIM.US,5,20210924,212000,9.7735,9.7735,9.7735,9.7735,200,0
CLIM.US,5,20210927,153000,9.74,9.74,9.74,9.74,1155,0
CLIM.US,5,20210927,161000,9.74,9.77,9.74,9.77,1050,0
CLIM.US,5,20210927,161500,9.77,9.77,9.77,9.77,100,0
CLIM.US,5,20210927,194500,9.74,9.74,9.73,9.73,99900,0
CLIM.US,5,20210927,204500,9.77,9.77,9.77,9.77,100,0
CLIM.US,5,20210927,214500,9.78,9.78,9.78,9.78,100,0
CLIM.US,5,20210928,153000,9.78,9.78,9.78,9.78,100,0
CLIM.US,5,20210928,153500,9.77,9.77,9.77,9.77,409,0
CLIM.US,5,20210928,183000,9.74,9.74,9.73,9.73,5295,0
CLIM.US,5,20210928,183500,9.73,9.73,9.73,9.73,300300,0
CLIM.US,5,20210928,185500,9.75,9.75,9.75,9.75,100,0
CLIM.US,5,20210928,191000,9.75,9.75,9.75,9.75,100,0
CLIM.US,5,20210928,192000,9.75,9.75,9.75,9.75,100,0
CLIM.US,5,20210928,193500,9.75,9.75,9.75,9.75,100,0
CLIM.US,5,20210928,195000,9.75,9.75,9.75,9.75,100,0
CLIM.US,5,20210928,202500,9.75,9.75,9.75,9.75,100,0
CLIM.US,5,20210928,214500,9.76,9.76,9.76,9.76,100,0
CLIM.US,5,20210929,173000,9.74,9.74,9.74,9.74,600,0
CLIM.US,5,20210929,180500,9.76,9.76,9.76,9.76,3300,0
CLIM.US,5,20210929,181000,9.76,9.76,9.76,9.76,100,0
CLIM.US,5,20210929,182000,9.78,9.78,9.78,9.78,100,0
CLIM.US,5,20210929,184000,9.78,9.78,9.78,9.78,100,0
CLIM.US,5,20210929,185000,9.78,9.78,9.78,9.78,100,0
CLIM.US,5,20210929,191500,9.77,9.77,9.77,9.77,100,0
CLIM.US,5,20210929,192500,9.77,9.77,9.77,9.77,100,0
CLIM.US,5,20210929,203000,9.77,9.77,9.77,9.77,100,0
CLIM.US,5,20210929,213000,9.77,9.77,9.77,9.77,100,0
CLIM.US,5,20210930,153000,9.74,9.74,9.73,9.74,10005,0
CLIM.US,5,20210930,154500,9.76,9.76,9.76,9.76,100,0
CLIM.US,5,20210930,155000,9.75,9.75,9.75,9.75,2797,0
CLIM.US,5,20210930,155500,9.76,9.76,9.76,9.76,100,0
CLIM.US,5,20210930,160000,9.75,9.76,9.75,9.76,1100,0
CLIM.US,5,20210930,160500,9.76,9.76,9.76,9.76,100,0
CLIM.US,5,20210930,161500,9.77,9.77,9.77,9.77,100,0
CLIM.US,5,20210930,162000,9.77,9.77,9.77,9.77,100,0
CLIM.US,5,20210930,163000,9.77,9.77,9.77,9.77,100,0
CLIM.US,5,20210930,163500,9.78,9.78,9.78,9.78,100,0
CLIM.US,5,20210930,164000,9.78,9.78,9.78,9.78,100,0
CLIM.US,5,20210930,164500,9.76,9.76,9.76,9.76,1200,0
CLIM.US,5,20210930,165000,9.77,9.77,9.77,9.77,100,0
CLIM.US,5,20210930,165500,9.77,9.77,9.77,9.77,200,0
CLIM.US,5,20210930,170000,9.77,9.77,9.7401,9.7401,593,0
CLIM.US,5,20210930,171500,9.75,9.75,9.75,9.75,100,0
CLIM.US,5,20210930,172000,9.77,9.77,9.77,9.77,100,0
CLIM.US,5,20210930,173000,9.77,9.77,9.77,9.77,100,0
CLIM.US,5,20210930,173500,9.77,9.77,9.77,9.77,200,0
CLIM.US,5,20210930,174500,9.77,9.77,9.77,9.77,100,0
CLIM.US,5,20210930,182000,9.78,9.78,9.78,9.78,100,0
CLIM.US,5,20210930,191000,9.78,9.78,9.78,9.78,100,0
CLIM.US,5,20210930,200500,9.76,9.76,9.76,9.76,1000,0
CLIM.US,5,20210930,202500,9.78,9.78,9.78,9.78,100,0
CLIM.US,5,20210930,205000,9.78,9.78,9.78,9.78,100,0
CLIM.US,5,20210930,210500,9.78,9.78,9.78,9.78,100,0
CLIM.US,5,20210930,214500,9.76,9.78,9.76,9.78,3885,0
CLIM.US,5,20210930,215000,9.78,9.78,9.78,9.78,400,0
CLIM.US,5,20210930,215500,9.78,9.78,9.77,9.78,600,0
CLIM.US,5,20211004,153000,9.71,9.71,9.71,9.71,100,0
CLIM.US,5,20211004,155500,9.75,9.75,9.75,9.75,500,0
CLIM.US,5,20211004,163500,9.77,9.78,9.77,9.78,2757,0
CLIM.US,5,20211004,164000,9.79,9.79,9.79,9.79,100,0
CLIM.US,5,20211004,171000,9.77,9.77,9.77,9.77,100,0
CLIM.US,5,20211004,172500,9.77,9.77,9.77,9.77,100,0
CLIM.US,5,20211004,175000,9.77,9.77,9.75,9.75,1210,0
CLIM.US,5,20211004,181500,9.77,9.77,9.77,9.77,100,0
CLIM.US,5,20211004,184000,9.77,9.77,9.77,9.77,100,0
CLIM.US,5,20211004,194000,9.76,9.76,9.76,9.76,800,0
CLIM.US,5,20211004,201000,9.77,9.77,9.77,9.77,100,0
CLIM.US,5,20211004,202000,9.77,9.77,9.77,9.77,653,0
CLIM.US,5,20211004,204500,9.77,9.77,9.77,9.77,100,0
CLIM.US,5,20211004,211000,9.77,9.77,9.77,9.77,100,0
CLIM.US,5,20211004,212500,9.77,9.77,9.77,9.77,100,0
CLIM.US,5,20211004,213000,9.77,9.77,9.77,9.77,100,0
CLIM.US,5,20211004,214500,9.77,9.77,9.77,9.77,100,0
CLIM.US,5,20211004,215000,9.77,9.77,9.77,9.77,100,0
CLIM.US,5,20211004,215500,9.7558,9.77,9.7558,9.77,340,0
CLIM.US,5,20211005,172000,9.7535,9.76,9.75,9.75,9800,0
CLIM.US,5,20211005,173000,9.77,9.77,9.77,9.77,100,0
CLIM.US,5,20211005,174000,9.77,9.77,9.77,9.77,100,0
CLIM.US,5,20211005,175000,9.76,9.76,9.76,9.76,100,0
CLIM.US,5,20211005,175500,9.77,9.77,9.77,9.77,100,0
CLIM.US,5,20211005,180000,9.76,9.76,9.76,9.76,290,0
CLIM.US,5,20211005,180500,9.77,9.77,9.77,9.77,100,0
CLIM.US,5,20211005,181500,9.77,9.77,9.77,9.77,100,0
CLIM.US,5,20211005,183000,9.77,9.77,9.77,9.77,100,0
CLIM.US,5,20211005,184000,9.77,9.77,9.77,9.77,100,0
CLIM.US,5,20211005,185000,9.77,9.77,9.77,9.77,100,0
CLIM.US,5,20211005,190500,9.77,9.77,9.77,9.77,100,0
CLIM.US,5,20211005,192000,9.77,9.77,9.765,9.765,743,0
CLIM.US,5,20211005,193500,9.77,9.77,9.77,9.77,100,0
CLIM.US,5,20211005,200500,9.77,9.77,9.77,9.77,100,0
CLIM.US,5,20211005,211000,9.76,9.76,9.76,9.76,741,0
CLIM.US,5,20211006,161500,9.76,9.76,9.72,9.76,500,0
CLIM.US,5,20211006,165000,9.76,9.76,9.76,9.76,345,0
CLIM.US,5,20211006,170000,9.76,9.7605,9.76,9.7605,300,0
CLIM.US,5,20211006,170500,9.77,9.77,9.77,9.77,10000,0
CLIM.US,5,20211006,171000,9.77,9.77,9.77,9.77,100,0
CLIM.US,5,20211006,173000,9.77,9.77,9.77,9.77,100,0
CLIM.US,5,20211006,174000,9.77,9.77,9.77,9.77,100,0
CLIM.US,5,20211006,175500,9.77,9.77,9.77,9.77,100,0
CLIM.US,5,20211006,180500,9.77,9.77,9.77,9.77,100,0
CLIM.US,5,20211006,181500,9.7608,9.7608,9.7608,9.7608,300,0
CLIM.US,5,20211006,182000,9.77,9.77,9.77,9.77,100,0
CLIM.US,5,20211006,183500,9.77,9.77,9.77,9.77,100,0
CLIM.US,5,20211006,184500,9.77,9.77,9.77,9.77,100,0
CLIM.US,5,20211006,190000,9.77,9.77,9.77,9.77,100,0
CLIM.US,5,20211006,191500,9.77,9.77,9.77,9.77,100,0
CLIM.US,5,20211006,193000,9.77,9.77,9.77,9.77,100,0
CLIM.US,5,20211006,193500,9.765,9.765,9.765,9.765,4292,0
CLIM.US,5,20211006,194000,9.77,9.77,9.77,9.77,100,0
CLIM.US,5,20211006,195500,9.77,9.77,9.77,9.77,100,0
CLIM.US,5,20211006,200500,9.77,9.77,9.77,9.77,100,0
CLIM.US,5,20211006,202000,9.77,9.77,9.77,9.77,100,0
CLIM.US,5,20211006,203000,9.77,9.77,9.77,9.77,100,0
CLIM.US,5,20211006,210000,9.77,9.77,9.77,9.77,100,0
CLIM.US,5,20211006,214500,9.77,9.77,9.77,9.77,100,0
CLIM.US,5,20211007,171500,9.78,9.78,9.77,9.78,2171,0
CLIM.US,5,20211007,175000,9.78,9.78,9.78,9.78,100,0
CLIM.US,5,20211007,180000,9.78,9.78,9.78,9.78,100,0
CLIM.US,5,20211007,181500,9.77,9.78,9.77,9.78,4800,0
CLIM.US,5,20211007,182500,9.78,9.78,9.78,9.78,100,0
CLIM.US,5,20211007,184000,9.78,9.78,9.78,9.78,100,0
CLIM.US,5,20211007,185500,9.78,9.78,9.78,9.78,200,0
CLIM.US,5,20211007,190500,9.78,9.78,9.78,9.78,100,0
CLIM.US,5,20211007,192000,9.78,9.78,9.78,9.78,100,0
CLIM.US,5,20211007,193000,9.78,9.78,9.78,9.78,100,0
CLIM.US,5,20211007,194000,9.78,9.78,9.78,9.78,100,0
CLIM.US,5,20211007,200500,9.78,9.78,9.78,9.78,100,0
CLIM.US,5,20211007,204500,9.78,9.78,9.78,9.78,100,0
CLIM.US,5,20211007,205000,9.78,9.78,9.78,9.78,100,0
CLIM.US,5,20211007,212500,9.77,9.77,9.77,9.77,100,0
CLIM.US,5,20211007,214000,9.77,9.77,9.77,9.77,100,0
CLIM.US,5,20211008,155000,9.76,9.76,9.76,9.76,428,0
CLIM.US,5,20211008,172500,9.765,9.765,9.765,9.765,600,0
CLIM.US,5,20211008,173500,9.765,9.765,9.765,9.765,600,0
CLIM.US,5,20211008,175000,9.76,9.76,9.76,9.76,400,0
CLIM.US,5,20211008,181500,9.77,9.77,9.77,9.77,100,0
CLIM.US,5,20211008,200500,9.765,9.765,9.765,9.765,1000,0
CLIM.US,5,20211008,212500,9.77,9.77,9.77,9.77,100,0
CLIM.US,5,20211008,215500,9.765,9.765,9.765,9.765,100,0
CLIM.US,5,20211011,153000,9.74,9.74,9.74,9.74,100,0
CLIM.US,5,20211011,163000,9.77,9.77,9.77,9.77,3600,0
CLIM.US,5,20211011,165500,9.77,9.77,9.77,9.77,100,0
CLIM.US,5,20211011,170000,9.76,9.77,9.76,9.77,426,0
CLIM.US,5,20211011,171000,9.78,9.78,9.78,9.78,100,0
CLIM.US,5,20211011,172500,9.78,9.78,9.78,9.78,100,0
CLIM.US,5,20211011,175000,9.78,9.78,9.78,9.78,100,0
CLIM.US,5,20211011,193000,9.78,9.78,9.78,9.78,100,0
CLIM.US,5,20211011,213000,9.78,9.78,9.78,9.78,100,0
CLIM.US,5,20211012,153000,9.73,9.73,9.73,9.73,100,0
CLIM.US,5,20211012,155500,9.77,9.77,9.77,9.77,3920,0
CLIM.US,5,20211012,161500,9.78,9.78,9.78,9.78,100,0
CLIM.US,5,20211012,163000,9.78,9.78,9.78,9.78,100,0
CLIM.US,5,20211012,164000,9.78,9.78,9.78,9.78,100,0
CLIM.US,5,20211012,174000,9.78,9.78,9.78,9.78,100,0
CLIM.US,5,20211012,192500,9.76,9.76,9.76,9.76,100,0
CLIM.US,5,20211012,201000,9.77,9.77,9.77,9.77,24897,0
CLIM.US,5,20211012,203000,9.77,9.77,9.77,9.77,25000,0
CLIM.US,5,20211012,203500,9.78,9.78,9.78,9.78,100,0
CLIM.US,5,20211012,205000,9.78,9.78,9.78,9.78,200,0
CLIM.US,5,20211012,210000,9.78,9.78,9.78,9.78,200,0
CLIM.US,5,20211012,210500,9.78,9.78,9.78,9.78,100,0
CLIM.US,5,20211012,211000,9.78,9.78,9.78,9.78,200,0
CLIM.US,5,20211012,211500,9.78,9.78,9.78,9.78,300,0
CLIM.US,5,20211012,212000,9.78,9.78,9.78,9.78,200,0
CLIM.US,5,20211012,212500,9.78,9.78,9.78,9.78,300,0
CLIM.US,5,20211012,213000,9.78,9.78,9.78,9.78,200,0
CLIM.US,5,20211012,213500,9.78,9.78,9.78,9.78,300,0
CLIM.US,5,20211012,214000,9.78,9.78,9.78,9.78,300,0
CLIM.US,5,20211012,214500,9.78,9.78,9.78,9.78,400,0
CLIM.US,5,20211012,215000,9.78,9.78,9.78,9.78,700,0
CLIM.US,5,20211012,215500,9.78,9.78,9.78,9.78,1300,0
CLIM.US,5,20211013,193500,9.77,9.77,9.77,9.77,100,0
CLIM.US,5,20211013,212500,9.78,9.78,9.78,9.78,100,0
CLIM.US,5,20211014,155000,9.78,9.78,9.78,9.78,200,0
CLIM.US,5,20211014,170500,9.76,9.76,9.76,9.76,400,0
CLIM.US,5,20211014,175000,9.76,9.76,9.76,9.76,410,0
CLIM.US,5,20211014,182500,9.77,9.77,9.77,9.77,100,0
CLIM.US,5,20211014,213500,9.77,9.77,9.76,9.76,1500,0
CLIM.US,5,20211014,214500,9.78,9.78,9.78,9.78,100,0
CLIM.US,5,20211014,215000,9.78,9.78,9.78,9.78,100,0
CLIM.US,5,20211015,214500,9.74,9.74,9.74,9.74,200,0
CLIM.US,5,20211018,153000,9.72,9.72,9.72,9.72,100,0
CLIM.US,5,20211018,175500,9.77,9.77,9.77,9.77,100,0
CLIM.US,5,20211018,191500,9.74,9.74,9.74,9.74,100,0
CLIM.US,5,20211018,205500,9.76,9.76,9.76,9.76,100,0
CLIM.US,5,20211019,155500,9.76,9.76,9.76,9.76,400,0
CLIM.US,5,20211019,161000,9.76,9.76,9.76,9.76,1907,0
CLIM.US,5,20211019,162500,9.77,9.77,9.77,9.77,100,0
CLIM.US,5,20211019,163000,9.77,9.77,9.77,9.77,100,0
CLIM.US,5,20211019,164500,9.77,9.77,9.77,9.77,470,0
CLIM.US,5,20211019,165500,9.77,9.77,9.765,9.77,5090,0
CLIM.US,5,20211019,170000,9.765,9.765,9.765,9.765,200,0
CLIM.US,5,20211019,171000,9.77,9.77,9.77,9.77,100,0
CLIM.US,5,20211019,172000,9.77,9.77,9.77,9.77,720,0
CLIM.US,5,20211019,172500,9.77,9.77,9.77,9.77,100,0
CLIM.US,5,20211019,173000,9.765,9.765,9.765,9.765,315,0
CLIM.US,5,20211019,174500,9.77,9.77,9.76,9.76,1230,0
CLIM.US,5,20211019,175000,9.77,9.77,9.77,9.77,100,0
CLIM.US,5,20211019,175500,9.77,9.77,9.77,9.77,100,0
CLIM.US,5,20211019,182000,9.77,9.77,9.77,9.77,940,0
CLIM.US,5,20211019,183000,9.77,9.77,9.77,9.77,100,0
CLIM.US,5,20211019,184000,9.77,9.77,9.765,9.765,1220,0
CLIM.US,5,20211019,185500,9.77,9.77,9.765,9.765,2000,0
CLIM.US,5,20211019,191000,9.77,9.77,9.765,9.765,2260,0
CLIM.US,5,20211019,192000,9.77,9.77,9.77,9.77,100,0
CLIM.US,5,20211019,192500,9.765,9.765,9.765,9.765,100,0
CLIM.US,5,20211019,193000,9.77,9.77,9.77,9.77,380,0
CLIM.US,5,20211019,194000,9.765,9.77,9.76,9.77,1900,0
CLIM.US,5,20211019,200000,9.77,9.77,9.765,9.765,460,0
CLIM.US,5,20211019,201000,9.77,9.77,9.765,9.765,2090,0
CLIM.US,5,20211019,202500,9.77,9.77,9.765,9.77,3023,0
CLIM.US,5,20211019,203500,9.77,9.77,9.77,9.77,100,0
CLIM.US,5,20211019,204000,9.77,9.77,9.765,9.765,1167,0
CLIM.US,5,20211019,210500,9.77,9.77,9.77,9.77,444,0
CLIM.US,5,20211019,211500,9.77,9.775,9.77,9.77,400,0
CLIM.US,5,20211019,215500,9.76,9.77,9.76,9.77,200,0
CLIM.US,5,20211022,153000,9.78,9.78,9.78,9.78,100,0
CLIM.US,5,20211022,202000,9.7632,9.7632,9.7632,9.7632,300,0
CLIM.US,5,20211025,153000,9.78,9.78,9.78,9.78,302,0
CLIM.US,5,20211025,161500,9.75,9.75,9.75,9.75,1100,0
CLIM.US,5,20211025,164500,9.77,9.77,9.77,9.77,100,0
CLIM.US,5,20211025,195000,9.77,9.77,9.77,9.77,100,0
CLIM.US,5,20211025,202500,9.7799,9.7799,9.7799,9.7799,200,0
CLIM.US,5,20211025,203500,9.77,9.77,9.77,9.77,259,0
CLIM.US,5,20211025,211000,9.77,9.77,9.77,9.77,311,0
CLIM.US,5,20211026,153000,9.75,9.75,9.75,9.75,100,0
CLIM.US,5,20211026,171000,9.7502,9.7502,9.75,9.75,578,0
CLIM.US,5,20211026,185500,9.7501,9.7501,9.7501,9.7501,100,0
CLIM.US,5,20211026,205000,9.76,9.76,9.76,9.76,100,0
CLIM.US,5,20211026,215500,9.77,9.77,9.77,9.77,100,0
CLIM.US,5,20211027,153000,9.78,9.78,9.78,9.78,100,0
CLIM.US,5,20211027,180000,9.75,9.75,9.75,9.75,300,0
CLIM.US,5,20211027,191500,9.76,9.76,9.76,9.76,1200,0
CLIM.US,5,20211027,200500,9.76,9.76,9.76,9.76,100,0
CLIM.US,5,20211027,213500,9.76,9.76,9.76,9.76,100,0
CLIM.US,5,20211027,215500,9.78,9.78,9.78,9.78,1300,0
CLIM.US,5,20211028,153000,9.78,9.78,9.78,9.78,100,0
CLIM.US,5,20211028,153500,9.76,9.76,9.76,9.76,5000,0
CLIM.US,5,20211028,154500,9.77,9.77,9.77,9.77,958,0
CLIM.US,5,20211028,160000,9.78,9.78,9.78,9.78,100,0
CLIM.US,5,20211028,161500,9.78,9.78,9.78,9.78,100,0
CLIM.US,5,20211028,162500,9.78,9.78,9.78,9.78,100,0
CLIM.US,5,20211028,163500,9.78,9.78,9.78,9.78,100,0
CLIM.US,5,20211028,164500,9.78,9.78,9.78,9.78,100,0
CLIM.US,5,20211028,165500,9.78,9.78,9.78,9.78,100,0
CLIM.US,5,20211028,212000,9.78,9.78,9.78,9.78,100,0
CLIM.US,5,20211028,212500,9.77,9.77,9.77,9.77,100,0
CLIM.US,5,20211028,213000,9.77,9.77,9.77,9.77,200,0
CLIM.US,5,20211028,214000,9.77,9.77,9.77,9.77,100,0
CLIM.US,5,20211028,214500,9.77,9.77,9.77,9.77,1200,0
CLIM.US,5,20211028,215000,9.77,9.78,9.77,9.78,800,0
CLIM.US,5,20211028,215500,9.78,9.78,9.78,9.78,100,0
CLIM.US,5,20211029,153000,9.78,9.78,9.78,9.78,1002,0
CLIM.US,5,20211029,154500,9.7796,9.7796,9.7796,9.7796,100,0
CLIM.US,5,20211029,155500,9.78,9.78,9.78,9.78,2397,0
CLIM.US,5,20211029,161500,9.7812,9.782,9.78,9.78,500,0
CLIM.US,5,20211029,165000,9.79,9.79,9.79,9.79,100,0
CLIM.US,5,20211029,171000,9.78,9.78,9.78,9.78,100,0
CLIM.US,5,20211029,171500,9.79,9.79,9.79,9.79,100,0
CLIM.US,5,20211029,202500,9.78,9.78,9.78,9.78,400,0
CLIM.US,5,20211029,215500,9.79,9.79,9.79,9.79,100,0
CLIM.US,5,20211101,143000,9.78,9.78,9.78,9.78,100,0
CLIM.US,5,20211101,145500,9.785,9.785,9.785,9.785,3757,0
CLIM.US,5,20211101,153000,9.78,9.78,9.78,9.78,21067,0
CLIM.US,5,20211101,153500,9.78,9.78,9.78,9.78,1000,0
CLIM.US,5,20211101,154500,9.78,9.78,9.78,9.78,100,0
CLIM.US,5,20211101,160500,9.79,9.79,9.79,9.79,100,0
CLIM.US,5,20211101,161000,9.79,9.79,9.79,9.79,100,0
CLIM.US,5,20211101,161500,9.79,9.79,9.79,9.79,100,0
CLIM.US,5,20211101,162000,9.79,9.79,9.79,9.79,100,0
CLIM.US,5,20211101,162500,9.79,9.79,9.79,9.79,100,0
CLIM.US,5,20211101,163500,9.79,9.79,9.79,9.79,100,0
CLIM.US,5,20211101,164000,9.79,9.79,9.79,9.79,100,0
CLIM.US,5,20211101,164500,9.79,9.79,9.79,9.79,100,0
CLIM.US,5,20211101,165000,9.79,9.79,9.79,9.79,100,0
CLIM.US,5,20211101,165500,9.79,9.79,9.79,9.79,100,0
CLIM.US,5,20211101,170000,9.79,9.79,9.79,9.79,100,0
CLIM.US,5,20211101,170500,9.79,9.79,9.79,9.79,100,0
CLIM.US,5,20211101,171500,9.79,9.79,9.79,9.79,100,0
CLIM.US,5,20211101,172000,9.79,9.79,9.79,9.79,100,0
CLIM.US,5,20211101,172500,9.79,9.79,9.79,9.79,100,0
CLIM.US,5,20211101,173000,9.79,9.79,9.79,9.79,100,0
CLIM.US,5,20211101,173500,9.79,9.79,9.79,9.79,100,0
CLIM.US,5,20211101,174500,9.79,9.79,9.79,9.79,100,0
CLIM.US,5,20211101,175000,9.79,9.79,9.79,9.79,100,0
CLIM.US,5,20211101,175500,9.79,9.79,9.79,9.79,100,0
CLIM.US,5,20211101,180000,9.79,9.79,9.79,9.79,100,0
CLIM.US,5,20211101,180500,9.79,9.79,9.79,9.79,100,0
CLIM.US,5,20211101,183500,9.78,9.785,9.78,9.785,500,0
CLIM.US,5,20211101,191500,9.77,9.79,9.77,9.79,300708,0
CLIM.US,5,20211101,192000,9.79,9.79,9.79,9.79,100,0
CLIM.US,5,20211101,194000,9.785,9.785,9.78,9.78,300,0
CLIM.US,5,20211101,201500,9.79,9.79,9.79,9.79,100,0
CLIM.US,5,20211101,205500,9.79,9.79,9.79,9.79,100,0
CLIM.US,5,20211102,143000,9.79,9.79,9.79,9.79,100,0
CLIM.US,5,20211102,144000,9.78,9.78,9.78,9.78,200,0
CLIM.US,5,20211102,161000,9.79,9.79,9.79,9.79,110,0
CLIM.US,5,20211102,162000,9.79,9.79,9.79,9.79,200,0
CLIM.US,5,20211102,193500,9.79,9.79,9.7888,9.79,9565,0
CLIM.US,5,20211102,201500,9.78,9.78,9.78,9.78,60832,0
CLIM.US,5,20211102,202000,9.79,9.79,9.79,9.79,200,0
CLIM.US,5,20211102,202500,9.79,9.79,9.79,9.79,300,0
CLIM.US,5,20211102,203000,9.79,9.79,9.79,9.79,400,0
CLIM.US,5,20211102,203500,9.79,9.79,9.79,9.79,400,0
CLIM.US,5,20211102,204000,9.79,9.79,9.79,9.79,300,0
CLIM.US,5,20211102,204500,9.79,9.79,9.79,9.79,300,0
CLIM.US,5,20211102,205000,9.79,9.8,9.79,9.8,900,0
CLIM.US,5,20211102,205500,9.8,9.8,9.78,9.8,2973,0
CLIM.US,5,20211103,143000,9.8,9.8,9.8,9.8,100,0
CLIM.US,5,20211103,150500,9.78,9.78,9.78,9.78,397,0
CLIM.US,5,20211103,160500,9.7801,9.7801,9.7801,9.7801,200,0
CLIM.US,5,20211103,174000,9.8,9.8,9.79,9.8,8417,0
CLIM.US,5,20211103,175000,9.8,9.8,9.8,9.8,900,0
CLIM.US,5,20211103,175500,9.8,9.81,9.79,9.79,17445,0
CLIM.US,5,20211103,180000,9.81,9.81,9.81,9.81,100,0
CLIM.US,5,20211103,181000,9.81,9.81,9.81,9.81,100,0
CLIM.US,5,20211103,182500,9.81,9.81,9.81,9.81,100,0
CLIM.US,5,20211103,184000,9.81,9.81,9.81,9.81,100,0
CLIM.US,5,20211103,185000,9.81,9.81,9.81,9.81,100,0
CLIM.US,5,20211103,190000,9.81,9.81,9.8,9.8,2540,0
CLIM.US,5,20211103,191500,9.81,9.81,9.81,9.81,100,0
CLIM.US,5,20211103,192000,9.81,9.82,9.8,9.8,24092,0
CLIM.US,5,20211103,192500,9.84,9.84,9.84,9.84,100,0
CLIM.US,5,20211103,193000,9.81,9.81,9.81,9.81,100,0
CLIM.US,5,20211103,194000,9.81,9.81,9.81,9.81,100,0
CLIM.US,5,20211103,195000,9.81,9.81,9.81,9.81,100,0
CLIM.US,5,20211103,195500,9.81,9.81,9.81,9.81,100,0
CLIM.US,5,20211103,200000,9.81,9.81,9.8,9.81,11300,0
CLIM.US,5,20211103,200500,9.83,9.83,9.81,9.81,3206,0
CLIM.US,5,20211103,201000,9.82,9.82,9.8,9.805,300,0
CLIM.US,5,20211103,201500,9.8,9.8,9.8,9.8,100,0
CLIM.US,5,20211103,203000,9.8,9.8,9.8,9.8,200,0
CLIM.US,5,20211103,203500,9.81,9.83,9.8,9.81,4801,0
CLIM.US,5,20211103,204000,9.81,9.81,9.81,9.81,400,0
CLIM.US,5,20211103,204500,9.83,9.84,9.8,9.84,26704,0
CLIM.US,5,20211103,205000,9.84,9.89,9.84,9.86,31484,0
CLIM.US,5,20211103,205500,9.86,9.875,9.85,9.87,4862,0
CLIM.US,5,20211104,143000,9.85,9.85,9.81,9.81,1400,0
CLIM.US,5,20211104,143500,9.82,9.82,9.79,9.79,4016,0
CLIM.US,5,20211104,144000,9.8097,9.81,9.8,9.8,1900,0
CLIM.US,5,20211104,145000,9.81,9.82,9.8,9.81,22840,0
CLIM.US,5,20211104,145500,9.82,9.82,9.81,9.81,5600,0
CLIM.US,5,20211104,150000,9.82,9.82,9.81,9.82,3600,0
CLIM.US,5,20211104,150500,9.82,9.82,9.82,9.82,100,0
CLIM.US,5,20211104,151000,9.82,9.83,9.79,9.81,19561,0
CLIM.US,5,20211104,151500,9.82,9.82,9.82,9.82,200,0
CLIM.US,5,20211104,152000,9.82,9.82,9.82,9.82,100,0
CLIM.US,5,20211104,152500,9.82,9.82,9.82,9.82,200,0
CLIM.US,5,20211104,153500,9.82,9.82,9.81,9.81,400,0
CLIM.US,5,20211104,154000,9.81,9.81,9.79,9.79,4100,0
CLIM.US,5,20211104,154500,9.82,9.82,9.82,9.82,200,0
CLIM.US,5,20211104,155500,9.82,9.82,9.82,9.82,100,0
CLIM.US,5,20211104,160500,9.82,9.82,9.8,9.8,11125,0
CLIM.US,5,20211104,161000,9.8,9.82,9.79,9.82,33890,0
CLIM.US,5,20211104,161500,9.82,9.82,9.8,9.82,47154,0
CLIM.US,5,20211104,162500,9.81,9.82,9.81,9.81,3600,0
CLIM.US,5,20211104,163000,9.82,9.82,9.8,9.82,83823,0
CLIM.US,5,20211104,163500,9.83,9.83,9.83,9.83,2152,0
CLIM.US,5,20211104,164000,9.83,9.83,9.82,9.82,2208,0
CLIM.US,5,20211104,164500,9.82,9.82,9.8,9.82,43292,0
CLIM.US,5,20211104,165000,9.81,9.82,9.81,9.82,28732,0
CLIM.US,5,20211104,165500,9.82,9.82,9.81,9.82,39808,0
CLIM.US,5,20211104,170000,9.82,9.83,9.82,9.82,2550,0
CLIM.US,5,20211104,170500,9.82,9.83,9.82,9.83,3917,0
CLIM.US,5,20211104,171000,9.83,9.83,9.825,9.83,2400,0
CLIM.US,5,20211104,171500,9.83,9.83,9.83,9.83,1800,0
CLIM.US,5,20211104,172000,9.83,9.83,9.83,9.83,1000,0
CLIM.US,5,20211104,172500,9.83,9.83,9.83,9.83,2700,0
CLIM.US,5,20211104,173000,9.83,9.84,9.83,9.84,1600,0
CLIM.US,5,20211104,173500,9.84,9.84,9.84,9.84,1000,0
CLIM.US,5,20211104,174000,9.84,9.84,9.84,9.84,1100,0
CLIM.US,5,20211104,174500,9.84,9.84,9.84,9.84,1000,0
CLIM.US,5,20211104,175000,9.84,9.84,9.84,9.84,1000,0
CLIM.US,5,20211104,175500,9.84,9.84,9.84,9.84,1100,0
CLIM.US,5,20211104,180000,9.84,9.84,9.84,9.84,1600,0
CLIM.US,5,20211104,180500,9.84,9.84,9.84,9.84,1000,0
CLIM.US,5,20211104,181000,9.84,9.84,9.84,9.84,1000,0
CLIM.US,5,20211104,181500,9.84,9.84,9.84,9.84,1000,0
CLIM.US,5,20211104,182000,9.84,9.84,9.84,9.84,1100,0
CLIM.US,5,20211104,182500,9.84,9.84,9.84,9.84,1500,0
CLIM.US,5,20211104,183000,9.84,9.84,9.84,9.84,1400,0
CLIM.US,5,20211104,183500,9.84,9.85,9.84,9.85,3206,0
CLIM.US,5,20211104,184000,9.85,9.85,9.85,9.85,1000,0
CLIM.US,5,20211104,184500,9.85,9.85,9.85,9.85,1100,0
CLIM.US,5,20211104,185000,9.85,9.85,9.85,9.85,1000,0
CLIM.US,5,20211104,185500,9.85,9.85,9.85,9.85,700,0
CLIM.US,5,20211104,190500,9.85,9.85,9.85,9.85,100,0
CLIM.US,5,20211104,192000,9.85,9.85,9.85,9.85,300,0
CLIM.US,5,20211104,194000,9.85,9.85,9.85,9.85,700,0
CLIM.US,5,20211104,194500,9.85,9.85,9.85,9.85,100,0
CLIM.US,5,20211104,200000,9.85,9.85,9.84,9.84,1050,0
CLIM.US,5,20211104,201500,9.85,9.85,9.85,9.85,855,0
CLIM.US,5,20211104,202000,9.85,9.85,9.85,9.85,7739,0
CLIM.US,5,20211104,202500,9.87,9.87,9.87,9.87,32277,0
CLIM.US,5,20211104,203000,9.88,9.9,9.88,9.89,927,0
CLIM.US,5,20211104,203500,9.9,9.9,9.87,9.9,4367,0
CLIM.US,5,20211104,204000,9.9,9.9,9.87,9.87,400,0
CLIM.US,5,20211104,204500,9.87,9.9,9.87,9.87,500,0
CLIM.US,5,20211104,205000,9.88,9.9,9.87,9.89,2280,0
CLIM.US,5,20211104,205500,9.89,9.89,9.87,9.885,1800,0
CLIM.US,5,20211105,144500,9.85,9.85,9.85,9.85,5000,0
CLIM.US,5,20211105,145500,9.87,9.87,9.87,9.87,100,0
CLIM.US,5,20211105,150500,9.87,9.89,9.87,9.875,37950,0
CLIM.US,5,20211105,151000,9.9,9.9,9.9,9.9,100,0
CLIM.US,5,20211105,151500,9.9,9.9,9.9,9.9,505,0
CLIM.US,5,20211105,152000,9.9,9.9,9.89,9.8925,29766,0
CLIM.US,5,20211105,155500,9.9,9.9,9.9,9.9,19178,0
CLIM.US,5,20211105,170000,9.9,9.9,9.9,9.9,102,0
CLIM.US,5,20211105,173000,9.905,9.905,9.905,9.905,100,0
CLIM.US,5,20211105,174500,9.905,9.91,9.905,9.91,25835,0
CLIM.US,5,20211105,184500,9.9,9.9,9.9,9.9,100,0
CLIM.US,5,20211105,185000,9.9,9.9,9.9,9.9,100,0
CLIM.US,5,20211105,185500,9.9,9.9,9.9,9.9,400,0
CLIM.US,5,20211105,192500,9.9,9.9,9.9,9.9,100,0
CLIM.US,5,20211105,204500,9.9,9.9,9.9,9.9,156096,0
CLIM.US,5,20211105,205000,9.9,9.92,9.9,9.91,30005,0
CLIM.US,5,20211105,205500,9.9,9.92,9.9,9.92,3959,0
CLIM.US,5,20211108,153000,9.93,9.93,9.93,9.93,100,0
CLIM.US,5,20211108,161000,9.91,9.92,9.9,9.92,20653,0
CLIM.US,5,20211108,172500,9.895,9.895,9.895,9.895,505,0
CLIM.US,5,20211108,191000,9.92,9.92,9.895,9.895,7000,0
CLIM.US,5,20211108,192000,9.93,9.93,9.93,9.93,100,0
CLIM.US,5,20211108,202000,9.905,9.92,9.89,9.89,2520,0
CLIM.US,5,20211108,203000,9.895,9.895,9.895,9.895,100,0
CLIM.US,5,20211108,215000,9.93,9.93,9.93,9.93,200,0
CLIM.US,5,20211108,215500,9.92,9.92,9.92,9.92,100,0
CLIM.US,5,20211109,153000,9.93,9.93,9.93,9.93,100,0
CLIM.US,5,20211109,155500,9.93,9.93,9.93,9.93,15105,0
CLIM.US,5,20211109,175500,9.92,9.93,9.92,9.922,9918,0
CLIM.US,5,20211109,182000,9.92,9.92,9.92,9.92,100,0
CLIM.US,5,20211109,183500,9.92,9.92,9.92,9.92,100,0
CLIM.US,5,20211109,184500,9.9429,9.9429,9.9429,9.9429,100,0
CLIM.US,5,20211109,185000,9.93,9.93,9.93,9.93,100,0
CLIM.US,5,20211109,191000,9.93,9.93,9.93,9.93,500,0
CLIM.US,5,20211109,192500,9.92,9.92,9.92,9.92,100,0
CLIM.US,5,20211109,193000,9.93,9.93,9.93,9.93,100,0
CLIM.US,5,20211109,201500,9.92,9.92,9.91,9.91,248,0
CLIM.US,5,20211109,204500,9.94,9.94,9.94,9.94,400,0
CLIM.US,5,20211109,205000,9.94,9.9401,9.94,9.94,6761,0
CLIM.US,5,20211109,205500,9.95,9.95,9.95,9.95,6406,0
CLIM.US,5,20211109,211000,9.91,9.91,9.91,9.91,100,0
CLIM.US,5,20211109,213000,9.89,9.89,9.89,9.89,200,0
CLIM.US,5,20211109,215500,9.87,9.87,9.87,9.87,100,0
CLIM.US,5,20211110,185000,9.8529,9.8529,9.8529,9.8529,100,0
CLIM.US,5,20211111,160000,9.86,9.86,9.86,9.86,364,0
CLIM.US,5,20211111,165500,9.835,9.835,9.835,9.835,2000,0
CLIM.US,5,20211111,173000,9.86,9.86,9.86,9.86,100,0
CLIM.US,5,20211111,175500,9.86,9.86,9.86,9.86,100,0
CLIM.US,5,20211111,212500,9.85,9.85,9.85,9.85,100,0
CLIM.US,5,20211111,215500,9.81,9.81,9.81,9.81,100,0
