<TICKER>,<PER>,<DATE>,<TIME>,<OPEN>,<HIGH>,<LOW>,<CLOSE>,<VOL>,<OPENINT>
CMU.US,5,20210922,153000,4.75,4.75,4.75,4.75,2249,0
CMU.US,5,20210922,154500,4.785,4.785,4.785,4.785,225,0
CMU.US,5,20210922,165000,4.7699,4.7699,4.7699,4.7699,4225,0
CMU.US,5,20210922,165500,4.75,4.75,4.75,4.75,100,0
CMU.US,5,20210922,170000,4.75,4.76,4.75,4.76,389,0
CMU.US,5,20210922,170500,4.75,4.751,4.75,4.75,18279,0
CMU.US,5,20210922,171000,4.75,4.75,4.75,4.75,100,0
CMU.US,5,20210922,171500,4.75,4.75,4.75,4.75,1000,0
CMU.US,5,20210922,172000,4.75,4.75,4.75,4.75,100,0
CMU.US,5,20210922,173000,4.75,4.75,4.75,4.75,100,0
CMU.US,5,20210922,174000,4.75,4.75,4.75,4.75,100,0
CMU.US,5,20210922,175500,4.75,4.75,4.75,4.75,100,0
CMU.US,5,20210922,180500,4.75,4.75,4.75,4.75,100,0
CMU.US,5,20210922,182000,4.75,4.75,4.75,4.75,100,0
CMU.US,5,20210922,183500,4.75,4.7502,4.75,4.7502,4500,0
CMU.US,5,20210922,184500,4.75,4.75,4.75,4.75,100,0
CMU.US,5,20210922,190000,4.75,4.75,4.75,4.75,783,0
CMU.US,5,20210922,190500,4.76,4.76,4.76,4.76,125,0
CMU.US,5,20210922,213500,4.76,4.76,4.76,4.76,1300,0
CMU.US,5,20210922,214000,4.76,4.7601,4.76,4.7601,1900,0
CMU.US,5,20210922,214500,4.76,4.76,4.76,4.76,400,0
CMU.US,5,20210922,215500,4.76,4.76,4.75,4.75,419,0
CMU.US,5,20210923,153000,4.77,4.77,4.77,4.77,726,0
CMU.US,5,20210923,154500,4.77,4.77,4.77,4.77,100,0
CMU.US,5,20210923,155500,4.766,4.766,4.766,4.766,200,0
CMU.US,5,20210923,162500,4.755,4.755,4.755,4.755,100,0
CMU.US,5,20210923,163000,4.7664,4.7664,4.7664,4.7664,300,0
CMU.US,5,20210923,165000,4.7675,4.7675,4.7675,4.7675,1000,0
CMU.US,5,20210923,170500,4.77,4.77,4.7649,4.7649,2300,0
CMU.US,5,20210923,171500,4.76,4.76,4.758,4.758,249,0
CMU.US,5,20210923,195000,4.76,4.76,4.76,4.76,4996,0
CMU.US,5,20210923,195500,4.76,4.77,4.76,4.77,8204,0
CMU.US,5,20210923,200000,4.77,4.77,4.77,4.77,13650,0
CMU.US,5,20210923,202500,4.77,4.77,4.77,4.77,5000,0
CMU.US,5,20210923,210500,4.76,4.76,4.76,4.76,600,0
CMU.US,5,20210923,211000,4.7534,4.7534,4.7534,4.7534,631,0
CMU.US,5,20210923,212000,4.75,4.75,4.75,4.75,400,0
CMU.US,5,20210923,212500,4.75,4.75,4.75,4.75,1000,0
CMU.US,5,20210923,214500,4.755,4.755,4.755,4.755,200,0
CMU.US,5,20210923,215000,4.75,4.75,4.72,4.72,26588,0
CMU.US,5,20210923,215500,4.75,4.75,4.75,4.75,600,0
CMU.US,5,20210924,153000,4.76,4.76,4.76,4.76,646,0
CMU.US,5,20210924,162000,4.77,4.77,4.77,4.77,235,0
CMU.US,5,20210924,171000,4.77,4.77,4.77,4.77,500,0
CMU.US,5,20210924,171500,4.7586,4.7586,4.7586,4.7586,200,0
CMU.US,5,20210924,172500,4.7523,4.7523,4.7523,4.7523,140,0
CMU.US,5,20210924,174500,4.77,4.77,4.77,4.77,1000,0
CMU.US,5,20210924,181000,4.77,4.77,4.77,4.77,5000,0
CMU.US,5,20210924,181500,4.77,4.77,4.77,4.77,1000,0
CMU.US,5,20210924,183000,4.77,4.77,4.77,4.77,800,0
CMU.US,5,20210924,183500,4.77,4.77,4.77,4.77,471,0
CMU.US,5,20210924,184000,4.76,4.76,4.76,4.76,1500,0
CMU.US,5,20210924,184500,4.76,4.76,4.76,4.76,100,0
CMU.US,5,20210924,190000,4.765,4.765,4.765,4.765,100,0
CMU.US,5,20210924,192500,4.77,4.77,4.765,4.77,1000,0
CMU.US,5,20210924,194000,4.77,4.77,4.77,4.77,500,0
CMU.US,5,20210924,195000,4.7601,4.7601,4.7601,4.7601,500,0
CMU.US,5,20210924,200000,4.7601,4.7631,4.7601,4.7631,1000,0
CMU.US,5,20210924,200500,4.76,4.765,4.76,4.7641,1700,0
CMU.US,5,20210924,201500,4.75,4.75,4.74,4.74,1100,0
CMU.US,5,20210924,211500,4.74,4.74,4.74,4.74,117,0
CMU.US,5,20210924,215000,4.75,4.75,4.75,4.75,300,0
CMU.US,5,20210924,215500,4.74,4.74,4.74,4.74,300,0
CMU.US,5,20210927,153000,4.75,4.75,4.75,4.75,613,0
CMU.US,5,20210927,154000,4.74,4.74,4.74,4.74,100,0
CMU.US,5,20210927,154500,4.741,4.741,4.73,4.73,360,0
CMU.US,5,20210927,155000,4.73,4.73,4.73,4.73,100,0
CMU.US,5,20210927,160000,4.75,4.75,4.75,4.75,102,0
CMU.US,5,20210927,162500,4.7369,4.7369,4.7369,4.7369,700,0
CMU.US,5,20210927,163000,4.7385,4.7399,4.7369,4.7399,5200,0
CMU.US,5,20210927,165500,4.72,4.72,4.72,4.72,100,0
CMU.US,5,20210927,170000,4.7276,4.7276,4.7276,4.7276,160,0
CMU.US,5,20210927,171000,4.72,4.72,4.72,4.72,100,0
CMU.US,5,20210927,174500,4.72,4.7295,4.72,4.7295,350,0
CMU.US,5,20210927,180500,4.734,4.734,4.72,4.72,200,0
CMU.US,5,20210927,183500,4.72,4.7398,4.72,4.7398,700,0
CMU.US,5,20210927,191500,4.73,4.73,4.71,4.73,11129,0
CMU.US,5,20210927,193000,4.71,4.71,4.71,4.71,350,0
CMU.US,5,20210927,194000,4.7139,4.7139,4.7139,4.7139,100,0
CMU.US,5,20210927,201500,4.7,4.7,4.7,4.7,400,0
CMU.US,5,20210927,202000,4.7001,4.706,4.7,4.7,3400,0
CMU.US,5,20210927,202500,4.7,4.7,4.7,4.7,2195,0
CMU.US,5,20210927,204500,4.69,4.69,4.68,4.68,1250,0
CMU.US,5,20210927,211500,4.6801,4.69,4.6801,4.69,1839,0
CMU.US,5,20210927,212000,4.69,4.69,4.69,4.69,1314,0
CMU.US,5,20210927,212500,4.69,4.69,4.69,4.69,100,0
CMU.US,5,20210927,213500,4.68,4.68,4.68,4.68,125,0
CMU.US,5,20210927,214000,4.69,4.69,4.69,4.69,4000,0
CMU.US,5,20210927,214500,4.695,4.695,4.695,4.695,125,0
CMU.US,5,20210927,215000,4.69,4.7,4.69,4.7,1022,0
CMU.US,5,20210927,215500,4.69,4.69,4.69,4.69,100,0
CMU.US,5,20210928,153000,4.67,4.69,4.67,4.69,990,0
CMU.US,5,20210928,153500,4.67,4.69,4.67,4.69,300,0
CMU.US,5,20210928,154000,4.66,4.66,4.647,4.647,7500,0
CMU.US,5,20210928,154500,4.6499,4.6499,4.6499,4.6499,1500,0
CMU.US,5,20210928,155000,4.6409,4.646,4.64,4.64,4000,0
CMU.US,5,20210928,155500,4.645,4.645,4.645,4.645,100,0
CMU.US,5,20210928,160000,4.64,4.645,4.64,4.645,3150,0
CMU.US,5,20210928,161000,4.6481,4.6481,4.64,4.64,2526,0
CMU.US,5,20210928,161500,4.64,4.64,4.62,4.64,15795,0
CMU.US,5,20210928,162500,4.62,4.62,4.62,4.62,200,0
CMU.US,5,20210928,163000,4.62,4.63,4.62,4.62,775,0
CMU.US,5,20210928,163500,4.62,4.6379,4.62,4.6379,300,0
CMU.US,5,20210928,164000,4.62,4.62,4.62,4.62,400,0
CMU.US,5,20210928,164500,4.62,4.62,4.62,4.62,500,0
CMU.US,5,20210928,165000,4.63,4.63,4.62,4.62,200,0
CMU.US,5,20210928,165500,4.62,4.62,4.62,4.62,400,0
CMU.US,5,20210928,170000,4.62,4.63,4.62,4.63,200,0
CMU.US,5,20210928,170500,4.62,4.625,4.62,4.625,1500,0
CMU.US,5,20210928,171000,4.62,4.62,4.62,4.62,100,0
CMU.US,5,20210928,171500,4.62,4.63,4.62,4.63,950,0
CMU.US,5,20210928,172000,4.625,4.625,4.62,4.62,500,0
CMU.US,5,20210928,172500,4.62,4.6202,4.62,4.62,6538,0
CMU.US,5,20210928,173000,4.62,4.62,4.62,4.62,400,0
CMU.US,5,20210928,173500,4.62,4.62,4.62,4.62,200,0
CMU.US,5,20210928,175000,4.6199,4.6199,4.6199,4.6199,300,0
CMU.US,5,20210928,175500,4.62,4.62,4.62,4.62,1500,0
CMU.US,5,20210928,180000,4.62,4.62,4.62,4.62,900,0
CMU.US,5,20210928,182000,4.62,4.62,4.62,4.62,100,0
CMU.US,5,20210928,183000,4.62,4.6279,4.61,4.6279,850,0
CMU.US,5,20210928,185000,4.615,4.615,4.615,4.615,100,0
CMU.US,5,20210928,185500,4.61,4.6122,4.61,4.6122,7796,0
CMU.US,5,20210928,190000,4.6199,4.6199,4.6199,4.6199,5000,0
CMU.US,5,20210928,190500,4.61,4.61,4.61,4.61,100,0
CMU.US,5,20210928,191000,4.61,4.61,4.6082,4.6099,7950,0
CMU.US,5,20210928,192000,4.605,4.605,4.605,4.605,100,0
CMU.US,5,20210928,192500,4.6,4.6098,4.6,4.6098,400,0
CMU.US,5,20210928,193000,4.6,4.605,4.6,4.605,300,0
CMU.US,5,20210928,193500,4.6,4.6,4.6,4.6,200,0
CMU.US,5,20210928,194000,4.6,4.605,4.6,4.6,300,0
CMU.US,5,20210928,194500,4.6,4.6,4.6,4.6,100,0
CMU.US,5,20210928,195000,4.6,4.605,4.6,4.605,300,0
CMU.US,5,20210928,195500,4.6,4.6,4.6,4.6,200,0
CMU.US,5,20210928,200000,4.6,4.6,4.6,4.6,200,0
CMU.US,5,20210928,200500,4.6,4.605,4.6,4.6,790,0
CMU.US,5,20210928,201000,4.6,4.6,4.6,4.6,100,0
CMU.US,5,20210928,201500,4.6,4.62,4.6,4.615,13711,0
CMU.US,5,20210928,202000,4.61,4.61,4.61,4.61,100,0
CMU.US,5,20210928,202500,4.61,4.62,4.61,4.6163,2300,0
CMU.US,5,20210928,203000,4.62,4.62,4.61,4.61,2700,0
CMU.US,5,20210928,203500,4.61,4.61,4.61,4.61,200,0
CMU.US,5,20210928,204000,4.62,4.63,4.61,4.62,9289,0
CMU.US,5,20210928,204500,4.61,4.61,4.61,4.61,200,0
CMU.US,5,20210928,205000,4.61,4.61,4.61,4.61,200,0
CMU.US,5,20210928,205500,4.61,4.615,4.61,4.61,500,0
CMU.US,5,20210928,210000,4.61,4.6101,4.61,4.61,11100,0
CMU.US,5,20210928,210500,4.61,4.615,4.61,4.615,2500,0
CMU.US,5,20210928,211000,4.61,4.61,4.61,4.61,100,0
CMU.US,5,20210928,211500,4.61,4.61,4.61,4.61,300,0
CMU.US,5,20210928,212000,4.61,4.61,4.61,4.61,200,0
CMU.US,5,20210928,212500,4.61,4.6111,4.61,4.61,517,0
CMU.US,5,20210928,213000,4.61,4.61,4.61,4.61,300,0
CMU.US,5,20210928,213500,4.61,4.61,4.61,4.61,400,0
CMU.US,5,20210928,214000,4.61,4.61,4.61,4.61,400,0
CMU.US,5,20210928,214500,4.61,4.61,4.61,4.61,1700,0
CMU.US,5,20210928,215000,4.61,4.61,4.6,4.605,1000,0
CMU.US,5,20210928,215500,4.61,4.61,4.61,4.61,207,0
CMU.US,5,20210929,153000,4.59,4.59,4.59,4.59,897,0
CMU.US,5,20210929,153500,4.602,4.602,4.59,4.6,1770,0
CMU.US,5,20210929,154500,4.62,4.62,4.61,4.61,642,0
CMU.US,5,20210929,161000,4.62,4.62,4.61,4.61,3000,0
CMU.US,5,20210929,161500,4.61,4.615,4.61,4.615,1500,0
CMU.US,5,20210929,163000,4.61,4.61,4.61,4.61,700,0
CMU.US,5,20210929,163500,4.61,4.61,4.61,4.61,600,0
CMU.US,5,20210929,164500,4.61,4.61,4.61,4.61,200,0
CMU.US,5,20210929,170500,4.61,4.61,4.61,4.61,3700,0
CMU.US,5,20210929,174500,4.61,4.61,4.61,4.61,5300,0
CMU.US,5,20210929,183000,4.6,4.6,4.6,4.6,2009,0
CMU.US,5,20210929,183500,4.6,4.6,4.6,4.6,1348,0
CMU.US,5,20210929,184000,4.6001,4.6001,4.6001,4.6001,416,0
CMU.US,5,20210929,185500,4.61,4.61,4.61,4.61,1729,0
CMU.US,5,20210929,191000,4.61,4.6199,4.61,4.6199,3217,0
CMU.US,5,20210929,193500,4.61,4.61,4.61,4.61,3338,0
CMU.US,5,20210929,194500,4.612,4.6199,4.61,4.6199,1600,0
CMU.US,5,20210929,201500,4.62,4.62,4.61,4.61,6785,0
CMU.US,5,20210929,205500,4.61,4.61,4.61,4.61,1510,0
CMU.US,5,20210929,213500,4.61,4.61,4.61,4.61,698,0
CMU.US,5,20210929,214000,4.61,4.61,4.6,4.6,648,0
CMU.US,5,20210929,214500,4.6,4.61,4.6,4.6,1951,0
CMU.US,5,20210929,215000,4.605,4.62,4.6,4.62,2153,0
CMU.US,5,20210929,215500,4.61,4.61,4.6,4.6,579,0
CMU.US,5,20210930,153000,4.62,4.62,4.62,4.62,3237,0
CMU.US,5,20210930,154000,4.62,4.62,4.62,4.62,110,0
CMU.US,5,20210930,155500,4.61,4.61,4.61,4.61,1200,0
CMU.US,5,20210930,160000,4.615,4.615,4.61,4.61,1071,0
CMU.US,5,20210930,161000,4.61,4.61,4.61,4.61,3670,0
CMU.US,5,20210930,161500,4.619,4.619,4.619,4.619,208,0
CMU.US,5,20210930,162000,4.61,4.61,4.61,4.61,1610,0
CMU.US,5,20210930,173500,4.62,4.62,4.62,4.62,2522,0
CMU.US,5,20210930,174500,4.6201,4.6201,4.61,4.61,8133,0
CMU.US,5,20210930,175500,4.6111,4.6111,4.6111,4.6111,112,0
CMU.US,5,20210930,183000,4.6101,4.6101,4.6101,4.6101,1221,0
CMU.US,5,20210930,183500,4.61,4.61,4.61,4.61,1667,0
CMU.US,5,20210930,190000,4.615,4.615,4.615,4.615,1020,0
CMU.US,5,20210930,192000,4.61,4.61,4.61,4.61,223,0
CMU.US,5,20210930,193500,4.62,4.62,4.61,4.61,4578,0
CMU.US,5,20210930,194000,4.615,4.6175,4.615,4.615,600,0
CMU.US,5,20210930,194500,4.61,4.61,4.6,4.6,9299,0
CMU.US,5,20210930,203500,4.61,4.61,4.605,4.61,505,0
CMU.US,5,20210930,204500,4.6098,4.61,4.605,4.61,3089,0
CMU.US,5,20210930,210000,4.6005,4.6005,4.6005,4.6005,3000,0
CMU.US,5,20210930,211500,4.6,4.6,4.6,4.6,236,0
CMU.US,5,20210930,212000,4.6,4.6,4.6,4.6,236,0
CMU.US,5,20210930,212500,4.6,4.6,4.6,4.6,235,0
CMU.US,5,20210930,213000,4.605,4.605,4.605,4.605,200,0
CMU.US,5,20210930,213500,4.6,4.605,4.6,4.6,439,0
CMU.US,5,20210930,214000,4.6,4.6,4.6,4.6,676,0
CMU.US,5,20210930,214500,4.6,4.6,4.6,4.6,649,0
CMU.US,5,20210930,215000,4.605,4.605,4.6,4.6,826,0
CMU.US,5,20210930,215500,4.6,4.6,4.59,4.59,816,0
CMU.US,5,20211001,153000,4.61,4.61,4.61,4.61,1062,0
CMU.US,5,20211001,154000,4.6089,4.6089,4.6089,4.6089,100,0
CMU.US,5,20211001,160000,4.6099,4.6099,4.6099,4.6099,1279,0
CMU.US,5,20211001,160500,4.6,4.6,4.6,4.6,2000,0
CMU.US,5,20211001,162500,4.6089,4.6089,4.6089,4.6089,325,0
CMU.US,5,20211001,163500,4.6,4.6,4.6,4.6,1400,0
CMU.US,5,20211001,164000,4.61,4.61,4.6,4.6,1420,0
CMU.US,5,20211001,164500,4.61,4.61,4.61,4.61,500,0
CMU.US,5,20211001,165000,4.607,4.607,4.607,4.607,225,0
CMU.US,5,20211001,165500,4.6017,4.6017,4.6017,4.6017,100,0
CMU.US,5,20211001,171500,4.6,4.6,4.6,4.6,300,0
CMU.US,5,20211001,172000,4.6,4.6,4.6,4.6,500,0
CMU.US,5,20211001,172500,4.6,4.6,4.6,4.6,300,0
CMU.US,5,20211001,173000,4.6,4.6,4.6,4.6,300,0
CMU.US,5,20211001,173500,4.6,4.6,4.6,4.6,200,0
CMU.US,5,20211001,174000,4.6,4.6,4.6,4.6,200,0
CMU.US,5,20211001,174500,4.6,4.6,4.6,4.6,300,0
CMU.US,5,20211001,175000,4.6,4.6,4.6,4.6,200,0
CMU.US,5,20211001,175500,4.6,4.61,4.6,4.61,600,0
CMU.US,5,20211001,180000,4.6,4.6,4.6,4.6,200,0
CMU.US,5,20211001,180500,4.6,4.605,4.6,4.6,300,0
CMU.US,5,20211001,181000,4.6,4.605,4.6,4.605,300,0
CMU.US,5,20211001,181500,4.6,4.6,4.6,4.6,200,0
CMU.US,5,20211001,182000,4.6,4.6,4.6,4.6,300,0
CMU.US,5,20211001,182500,4.6,4.6,4.6,4.6,400,0
CMU.US,5,20211001,183000,4.6,4.6,4.6,4.6,300,0
CMU.US,5,20211001,183500,4.6,4.6,4.6,4.6,300,0
CMU.US,5,20211001,184000,4.6,4.605,4.6,4.605,1500,0
CMU.US,5,20211001,184500,4.6,4.6,4.6,4.6,100,0
CMU.US,5,20211001,185000,4.6,4.6,4.6,4.6,2000,0
CMU.US,5,20211001,185500,4.6,4.6,4.5804,4.5891,2843,0
CMU.US,5,20211001,190500,4.585,4.59,4.585,4.59,500,0
CMU.US,5,20211001,191000,4.59,4.59,4.59,4.59,100,0
CMU.US,5,20211001,200500,4.585,4.59,4.585,4.59,2200,0
CMU.US,5,20211001,201000,4.59,4.59,4.585,4.59,1500,0
CMU.US,5,20211001,201500,4.58,4.58,4.58,4.58,100,0
CMU.US,5,20211001,202000,4.58,4.585,4.58,4.5804,518,0
CMU.US,5,20211001,202500,4.58,4.585,4.58,4.58,600,0
CMU.US,5,20211001,203000,4.58,4.58,4.58,4.58,600,0
CMU.US,5,20211001,203500,4.58,4.58,4.58,4.58,500,0
CMU.US,5,20211001,204000,4.58,4.58,4.58,4.58,600,0
CMU.US,5,20211001,204500,4.58,4.58,4.58,4.58,600,0
CMU.US,5,20211001,205000,4.58,4.58,4.58,4.58,600,0
CMU.US,5,20211001,205500,4.59,4.59,4.58,4.58,1000,0
CMU.US,5,20211001,210000,4.58,4.58,4.58,4.58,600,0
CMU.US,5,20211001,210500,4.58,4.58,4.58,4.58,700,0
CMU.US,5,20211001,211000,4.58,4.58,4.57,4.57,600,0
CMU.US,5,20211001,211500,4.57,4.57,4.57,4.57,700,0
CMU.US,5,20211001,212000,4.57,4.57,4.57,4.57,900,0
CMU.US,5,20211001,212500,4.57,4.5786,4.57,4.57,1325,0
CMU.US,5,20211001,213000,4.57,4.58,4.57,4.57,3017,0
CMU.US,5,20211001,213500,4.57,4.57,4.57,4.57,700,0
CMU.US,5,20211001,214000,4.57,4.57,4.57,4.57,600,0
CMU.US,5,20211001,214500,4.57,4.57,4.57,4.57,700,0
CMU.US,5,20211001,215000,4.57,4.5701,4.57,4.57,800,0
CMU.US,5,20211001,215500,4.57,4.58,4.56,4.58,1400,0
CMU.US,5,20211004,153000,4.58,4.58,4.58,4.58,2086,0
CMU.US,5,20211004,154000,4.5714,4.5714,4.56,4.56,7625,0
CMU.US,5,20211004,155000,4.55,4.55,4.55,4.55,100,0
CMU.US,5,20211004,155500,4.55,4.55,4.55,4.55,200,0
CMU.US,5,20211004,160000,4.55,4.56,4.55,4.56,14750,0
CMU.US,5,20211004,160500,4.56,4.56,4.56,4.56,1578,0
CMU.US,5,20211004,161000,4.56,4.56,4.56,4.56,100,0
CMU.US,5,20211004,161500,4.56,4.56,4.56,4.56,500,0
CMU.US,5,20211004,162000,4.56,4.56,4.56,4.56,100,0
CMU.US,5,20211004,162500,4.56,4.56,4.56,4.56,300,0
CMU.US,5,20211004,163000,4.56,4.5636,4.56,4.56,418,0
CMU.US,5,20211004,163500,4.56,4.56,4.56,4.56,100,0
CMU.US,5,20211004,164000,4.56,4.56,4.56,4.56,100,0
CMU.US,5,20211004,164500,4.56,4.56,4.56,4.56,300,0
CMU.US,5,20211004,165000,4.56,4.56,4.56,4.56,200,0
CMU.US,5,20211004,165500,4.56,4.56,4.56,4.56,200,0
CMU.US,5,20211004,170000,4.56,4.56,4.54,4.54,847,0
CMU.US,5,20211004,170500,4.55,4.55,4.55,4.55,1010,0
CMU.US,5,20211004,171000,4.5474,4.5474,4.5474,4.5474,130,0
CMU.US,5,20211004,173500,4.58,4.58,4.58,4.58,300,0
CMU.US,5,20211004,181000,4.56,4.57,4.56,4.56,2700,0
CMU.US,5,20211004,181500,4.56,4.5631,4.56,4.56,800,0
CMU.US,5,20211004,182000,4.56,4.56,4.56,4.56,300,0
CMU.US,5,20211004,182500,4.56,4.56,4.56,4.56,300,0
CMU.US,5,20211004,183000,4.56,4.56,4.56,4.56,100,0
CMU.US,5,20211004,183500,4.55,4.55,4.55,4.55,400,0
CMU.US,5,20211004,184000,4.55,4.55,4.55,4.55,300,0
CMU.US,5,20211004,184500,4.55,4.55,4.55,4.55,100,0
CMU.US,5,20211004,185000,4.55,4.55,4.55,4.55,1000,0
CMU.US,5,20211004,185500,4.55,4.57,4.55,4.56,3000,0
CMU.US,5,20211004,190000,4.56,4.56,4.56,4.56,200,0
CMU.US,5,20211004,190500,4.56,4.56,4.56,4.56,300,0
CMU.US,5,20211004,191000,4.56,4.56,4.56,4.56,300,0
CMU.US,5,20211004,191500,4.56,4.56,4.56,4.56,300,0
CMU.US,5,20211004,192000,4.56,4.56,4.56,4.56,100,0
CMU.US,5,20211004,192500,4.56,4.56,4.56,4.56,100,0
CMU.US,5,20211004,193000,4.56,4.56,4.56,4.56,200,0
CMU.US,5,20211004,194500,4.55,4.55,4.55,4.55,500,0
CMU.US,5,20211004,195000,4.55,4.55,4.55,4.55,200,0
CMU.US,5,20211004,195500,4.55,4.55,4.55,4.55,400,0
CMU.US,5,20211004,200000,4.55,4.55,4.55,4.55,300,0
CMU.US,5,20211004,200500,4.55,4.55,4.55,4.55,400,0
CMU.US,5,20211004,201000,4.55,4.55,4.55,4.55,300,0
CMU.US,5,20211004,201500,4.55,4.55,4.55,4.55,300,0
CMU.US,5,20211004,202000,4.55,4.55,4.55,4.55,300,0
CMU.US,5,20211004,202500,4.55,4.55,4.55,4.55,300,0
CMU.US,5,20211004,203000,4.55,4.55,4.55,4.55,400,0
CMU.US,5,20211004,203500,4.55,4.55,4.55,4.55,200,0
CMU.US,5,20211004,204000,4.55,4.56,4.55,4.55,1400,0
CMU.US,5,20211004,204500,4.55,4.55,4.55,4.55,400,0
CMU.US,5,20211004,205000,4.55,4.56,4.55,4.55,852,0
CMU.US,5,20211004,205500,4.55,4.55,4.55,4.55,300,0
CMU.US,5,20211004,210000,4.55,4.55,4.55,4.55,300,0
CMU.US,5,20211004,210500,4.55,4.55,4.55,4.55,1751,0
CMU.US,5,20211004,211000,4.55,4.55,4.55,4.55,300,0
CMU.US,5,20211004,211500,4.55,4.55,4.55,4.55,400,0
CMU.US,5,20211004,212000,4.55,4.55,4.55,4.55,300,0
CMU.US,5,20211004,212500,4.55,4.555,4.55,4.55,800,0
CMU.US,5,20211004,213000,4.55,4.55,4.55,4.55,300,0
CMU.US,5,20211004,213500,4.55,4.55,4.55,4.55,400,0
CMU.US,5,20211004,214000,4.55,4.55,4.55,4.55,300,0
CMU.US,5,20211004,214500,4.55,4.55,4.55,4.55,400,0
CMU.US,5,20211004,215000,4.55,4.555,4.55,4.55,400,0
CMU.US,5,20211004,215500,4.54,4.54,4.54,4.54,1169,0
CMU.US,5,20211005,153000,4.57,4.57,4.57,4.57,10110,0
CMU.US,5,20211005,153500,4.55,4.55,4.55,4.55,1165,0
CMU.US,5,20211005,155000,4.55,4.55,4.55,4.55,100,0
CMU.US,5,20211005,155500,4.55,4.55,4.55,4.55,300,0
CMU.US,5,20211005,160500,4.55,4.56,4.55,4.56,900,0
CMU.US,5,20211005,162000,4.55,4.55,4.55,4.55,105,0
CMU.US,5,20211005,162500,4.55,4.55,4.55,4.55,200,0
CMU.US,5,20211005,165000,4.55,4.55,4.55,4.55,300,0
CMU.US,5,20211005,165500,4.55,4.55,4.55,4.55,400,0
CMU.US,5,20211005,170000,4.55,4.56,4.55,4.56,300,0
CMU.US,5,20211005,170500,4.55,4.55,4.55,4.55,300,0
CMU.US,5,20211005,171000,4.55,4.55,4.55,4.55,300,0
CMU.US,5,20211005,171500,4.55,4.55,4.55,4.55,300,0
CMU.US,5,20211005,172000,4.55,4.55,4.55,4.55,300,0
CMU.US,5,20211005,172500,4.55,4.55,4.55,4.55,300,0
CMU.US,5,20211005,173000,4.55,4.55,4.55,4.55,300,0
CMU.US,5,20211005,173500,4.55,4.55,4.55,4.55,200,0
CMU.US,5,20211005,174000,4.55,4.55,4.55,4.55,300,0
CMU.US,5,20211005,174500,4.55,4.5501,4.55,4.5501,309,0
CMU.US,5,20211005,175000,4.55,4.55,4.55,4.55,300,0
CMU.US,5,20211005,175500,4.55,4.55,4.55,4.55,300,0
CMU.US,5,20211005,180000,4.55,4.55,4.55,4.55,200,0
CMU.US,5,20211005,180500,4.55,4.55,4.55,4.55,200,0
CMU.US,5,20211005,181000,4.55,4.55,4.55,4.55,300,0
CMU.US,5,20211005,181500,4.55,4.55,4.55,4.55,200,0
CMU.US,5,20211005,182000,4.55,4.55,4.55,4.55,200,0
CMU.US,5,20211005,182500,4.56,4.57,4.56,4.57,9550,0
CMU.US,5,20211005,183500,4.5501,4.5501,4.5501,4.5501,1410,0
CMU.US,5,20211005,193000,4.56,4.56,4.56,4.56,600,0
CMU.US,5,20211005,194000,4.56,4.56,4.56,4.56,100,0
CMU.US,5,20211005,200500,4.55,4.55,4.55,4.55,500,0
CMU.US,5,20211005,201000,4.55,4.55,4.55,4.55,200,0
CMU.US,5,20211005,201500,4.55,4.55,4.55,4.55,200,0
CMU.US,5,20211005,202000,4.55,4.55,4.55,4.55,200,0
CMU.US,5,20211005,202500,4.55,4.55,4.55,4.55,300,0
CMU.US,5,20211005,203000,4.55,4.55,4.55,4.55,200,0
CMU.US,5,20211005,203500,4.55,4.55,4.55,4.55,200,0
CMU.US,5,20211005,204000,4.55,4.55,4.55,4.55,200,0
CMU.US,5,20211005,204500,4.55,4.55,4.55,4.55,300,0
CMU.US,5,20211005,205000,4.55,4.55,4.55,4.55,200,0
CMU.US,5,20211005,205500,4.55,4.55,4.55,4.55,200,0
CMU.US,5,20211005,210000,4.55,4.55,4.55,4.55,200,0
CMU.US,5,20211005,211000,4.55,4.55,4.55,4.55,700,0
CMU.US,5,20211005,212500,4.5611,4.5611,4.55,4.55,1362,0
CMU.US,5,20211005,213000,4.55,4.55,4.55,4.55,300,0
CMU.US,5,20211005,213500,4.55,4.55,4.55,4.55,5800,0
CMU.US,5,20211005,214000,4.55,4.55,4.55,4.55,800,0
CMU.US,5,20211005,214500,4.55,4.55,4.55,4.55,700,0
CMU.US,5,20211005,215000,4.55,4.55,4.55,4.55,1051,0
CMU.US,5,20211005,215500,4.55,4.57,4.55,4.56,2370,0
CMU.US,5,20211006,153000,4.54,4.55,4.54,4.55,400,0
CMU.US,5,20211006,154000,4.5599,4.5599,4.5599,4.5599,250,0
CMU.US,5,20211006,155000,4.55,4.55,4.55,4.55,500,0
CMU.US,5,20211006,160000,4.55,4.5501,4.54,4.54,1766,0
CMU.US,5,20211006,161500,4.54,4.54,4.54,4.54,100,0
CMU.US,5,20211006,162000,4.5499,4.5499,4.5499,4.5499,100,0
CMU.US,5,20211006,163500,4.53,4.53,4.53,4.53,1194,0
CMU.US,5,20211006,171000,4.56,4.56,4.56,4.56,3000,0
CMU.US,5,20211006,172000,4.53,4.53,4.53,4.53,100,0
CMU.US,5,20211006,173000,4.535,4.5399,4.535,4.5399,3103,0
CMU.US,5,20211006,174000,4.54,4.54,4.53,4.53,300,0
CMU.US,5,20211006,174500,4.53,4.53,4.53,4.53,100,0
CMU.US,5,20211006,175000,4.5393,4.5393,4.5393,4.5393,650,0
CMU.US,5,20211006,181000,4.53,4.53,4.53,4.53,2898,0
CMU.US,5,20211006,181500,4.53,4.53,4.53,4.53,100,0
CMU.US,5,20211006,182000,4.53,4.53,4.53,4.53,300,0
CMU.US,5,20211006,182500,4.53,4.53,4.53,4.53,100,0
CMU.US,5,20211006,183000,4.53,4.53,4.53,4.53,100,0
CMU.US,5,20211006,183500,4.53,4.53,4.53,4.53,300,0
CMU.US,5,20211006,184000,4.53,4.53,4.53,4.53,200,0
CMU.US,5,20211006,184500,4.53,4.53,4.53,4.53,200,0
CMU.US,5,20211006,185000,4.52,4.52,4.52,4.52,200,0
CMU.US,5,20211006,185500,4.52,4.52,4.52,4.52,100,0
CMU.US,5,20211006,190000,4.52,4.52,4.52,4.52,200,0
CMU.US,5,20211006,190500,4.52,4.52,4.52,4.52,200,0
CMU.US,5,20211006,191000,4.52,4.53,4.52,4.53,600,0
CMU.US,5,20211006,191500,4.53,4.53,4.53,4.53,200,0
CMU.US,5,20211006,192000,4.53,4.54,4.53,4.54,221,0
CMU.US,5,20211006,193000,4.53,4.53,4.53,4.53,200,0
CMU.US,5,20211006,193500,4.53,4.5301,4.53,4.5301,372,0
CMU.US,5,20211006,194000,4.53,4.53,4.53,4.53,100,0
CMU.US,5,20211006,194500,4.53,4.53,4.53,4.53,200,0
CMU.US,5,20211006,195000,4.5399,4.5399,4.53,4.53,300,0
CMU.US,5,20211006,195500,4.53,4.53,4.53,4.53,300,0
CMU.US,5,20211006,200000,4.53,4.53,4.53,4.53,200,0
CMU.US,5,20211006,200500,4.53,4.53,4.53,4.53,300,0
CMU.US,5,20211006,201000,4.53,4.53,4.53,4.53,200,0
CMU.US,5,20211006,201500,4.53,4.53,4.53,4.53,300,0
CMU.US,5,20211006,202000,4.53,4.53,4.53,4.53,200,0
CMU.US,5,20211006,202500,4.53,4.53,4.53,4.53,300,0
CMU.US,5,20211006,203000,4.53,4.53,4.53,4.53,200,0
CMU.US,5,20211006,203500,4.53,4.53,4.53,4.53,300,0
CMU.US,5,20211006,204000,4.53,4.53,4.53,4.53,300,0
CMU.US,5,20211006,204500,4.53,4.53,4.53,4.53,200,0
CMU.US,5,20211006,205000,4.53,4.53,4.53,4.53,300,0
CMU.US,5,20211006,205500,4.53,4.53,4.53,4.53,300,0
CMU.US,5,20211006,210000,4.53,4.535,4.53,4.535,300,0
CMU.US,5,20211006,210500,4.53,4.53,4.53,4.53,300,0
CMU.US,5,20211006,211000,4.53,4.535,4.53,4.53,3105,0
CMU.US,5,20211006,211500,4.53,4.53,4.53,4.53,200,0
CMU.US,5,20211006,212000,4.53,4.53,4.53,4.53,151,0
CMU.US,5,20211006,212500,4.53,4.53,4.53,4.53,500,0
CMU.US,5,20211006,213000,4.53,4.5392,4.53,4.53,1000,0
CMU.US,5,20211006,213500,4.53,4.53,4.53,4.53,600,0
CMU.US,5,20211006,214000,4.53,4.53,4.53,4.53,500,0
CMU.US,5,20211006,214500,4.53,4.53,4.53,4.53,200,0
CMU.US,5,20211006,215000,4.52,4.525,4.52,4.52,3100,0
CMU.US,5,20211006,215500,4.52,4.525,4.52,4.52,2821,0
CMU.US,5,20211007,153000,4.52,4.52,4.52,4.52,102,0
CMU.US,5,20211007,153500,4.535,4.54,4.535,4.54,1200,0
CMU.US,5,20211007,154500,4.54,4.54,4.54,4.54,4100,0
CMU.US,5,20211007,155000,4.5201,4.5201,4.5201,4.5201,273,0
CMU.US,5,20211007,163000,4.53,4.53,4.525,4.53,7459,0
CMU.US,5,20211007,164500,4.54,4.54,4.54,4.54,1000,0
CMU.US,5,20211007,171000,4.5322,4.5322,4.52,4.52,1271,0
CMU.US,5,20211007,175000,4.53,4.53,4.53,4.53,400,0
CMU.US,5,20211007,180000,4.53,4.53,4.53,4.53,400,0
CMU.US,5,20211007,184000,4.53,4.53,4.53,4.53,800,0
CMU.US,5,20211007,185000,4.54,4.54,4.54,4.54,1305,0
CMU.US,5,20211007,185500,4.53,4.54,4.53,4.54,1300,0
CMU.US,5,20211007,190500,4.54,4.54,4.54,4.54,1576,0
CMU.US,5,20211007,192500,4.54,4.54,4.54,4.54,1000,0
CMU.US,5,20211007,193000,4.53,4.53,4.53,4.53,400,0
CMU.US,5,20211007,200500,4.54,4.5401,4.54,4.54,3600,0
CMU.US,5,20211007,202500,4.5499,4.5499,4.5499,4.5499,5500,0
CMU.US,5,20211007,204000,4.54,4.5416,4.54,4.54,1344,0
CMU.US,5,20211007,204500,4.54,4.54,4.54,4.54,1795,0
CMU.US,5,20211007,205000,4.53,4.53,4.53,4.53,166,0
CMU.US,5,20211007,205500,4.52,4.52,4.52,4.52,167,0
CMU.US,5,20211007,210000,4.525,4.525,4.52,4.52,2579,0
CMU.US,5,20211007,210500,4.52,4.52,4.52,4.52,371,0
CMU.US,5,20211007,211000,4.52,4.52,4.52,4.52,2533,0
CMU.US,5,20211007,211500,4.5187,4.52,4.5187,4.52,2244,0
CMU.US,5,20211007,212000,4.52,4.52,4.52,4.52,959,0
CMU.US,5,20211007,212500,4.52,4.5201,4.52,4.52,700,0
CMU.US,5,20211007,213000,4.52,4.52,4.52,4.52,3907,0
CMU.US,5,20211007,213500,4.52,4.52,4.51,4.52,4610,0
CMU.US,5,20211007,214000,4.52,4.52,4.52,4.52,667,0
CMU.US,5,20211007,214500,4.52,4.52,4.52,4.52,563,0
CMU.US,5,20211007,215000,4.52,4.52,4.52,4.52,582,0
CMU.US,5,20211007,215500,4.52,4.525,4.515,4.52,3040,0
CMU.US,5,20211008,153000,4.51,4.5283,4.51,4.5283,806,0
CMU.US,5,20211008,154000,4.51,4.51,4.51,4.51,164,0
CMU.US,5,20211008,154500,4.51,4.51,4.5,4.5,2600,0
CMU.US,5,20211008,155000,4.505,4.505,4.505,4.505,200,0
CMU.US,5,20211008,155500,4.5,4.505,4.49,4.505,5853,0
CMU.US,5,20211008,160000,4.505,4.505,4.49,4.49,5500,0
CMU.US,5,20211008,160500,4.5,4.5,4.5,4.5,100,0
CMU.US,5,20211008,161000,4.505,4.505,4.5,4.505,1800,0
CMU.US,5,20211008,165500,4.505,4.505,4.505,4.505,100,0
CMU.US,5,20211008,170000,4.505,4.505,4.505,4.505,300,0
CMU.US,5,20211008,170500,4.505,4.505,4.505,4.505,200,0
CMU.US,5,20211008,171000,4.505,4.505,4.505,4.505,400,0
CMU.US,5,20211008,171500,4.505,4.505,4.505,4.505,300,0
CMU.US,5,20211008,172000,4.505,4.52,4.505,4.52,22686,0
CMU.US,5,20211008,183500,4.51,4.5101,4.5,4.51,5496,0
CMU.US,5,20211008,184000,4.51,4.51,4.51,4.51,200,0
CMU.US,5,20211008,184500,4.51,4.51,4.51,4.51,500,0
CMU.US,5,20211008,185500,4.51,4.51,4.51,4.51,500,0
CMU.US,5,20211008,191500,4.505,4.505,4.505,4.505,100,0
CMU.US,5,20211008,192000,4.51,4.51,4.51,4.51,1200,0
CMU.US,5,20211008,195000,4.51,4.52,4.51,4.52,5100,0
CMU.US,5,20211008,195500,4.53,4.53,4.53,4.53,5100,0
CMU.US,5,20211008,201500,4.525,4.525,4.525,4.525,600,0
CMU.US,5,20211008,202000,4.525,4.53,4.525,4.53,800,0
CMU.US,5,20211008,202500,4.525,4.525,4.51,4.5101,13000,0
CMU.US,5,20211008,203000,4.52,4.53,4.52,4.53,12100,0
CMU.US,5,20211008,204000,4.53,4.54,4.53,4.54,21560,0
CMU.US,5,20211008,210000,4.535,4.535,4.535,4.535,200,0
CMU.US,5,20211008,211000,4.53,4.53,4.53,4.53,500,0
CMU.US,5,20211008,211500,4.53,4.53,4.53,4.53,200,0
CMU.US,5,20211008,213000,4.525,4.525,4.525,4.525,100,0
CMU.US,5,20211008,213500,4.525,4.525,4.525,4.525,200,0
CMU.US,5,20211008,214000,4.51,4.54,4.51,4.51,700,0
CMU.US,5,20211008,214500,4.51,4.54,4.51,4.525,1700,0
CMU.US,5,20211008,215000,4.54,4.54,4.51,4.525,809,0
CMU.US,5,20211008,215500,4.5175,4.53,4.51,4.51,3094,0
CMU.US,5,20211011,153000,4.5,4.5,4.5,4.5,222,0
CMU.US,5,20211011,153500,4.525,4.525,4.5,4.5,1344,0
CMU.US,5,20211011,154000,4.5,4.5,4.5,4.5,300,0
CMU.US,5,20211011,154500,4.5,4.5,4.5,4.5,600,0
CMU.US,5,20211011,155000,4.515,4.53,4.515,4.53,3519,0
CMU.US,5,20211011,160000,4.51,4.51,4.51,4.51,428,0
CMU.US,5,20211011,160500,4.51,4.51,4.5,4.5,600,0
CMU.US,5,20211011,161500,4.5,4.5092,4.5,4.5092,1411,0
CMU.US,5,20211011,162000,4.5092,4.5092,4.5,4.5,2200,0
CMU.US,5,20211011,162500,4.5,4.5,4.5,4.5,500,0
CMU.US,5,20211011,163500,4.5,4.51,4.5,4.51,2996,0
CMU.US,5,20211011,164500,4.5174,4.5174,4.51,4.51,730,0
CMU.US,5,20211011,165000,4.51,4.51,4.51,4.51,200,0
CMU.US,5,20211011,165500,4.5015,4.5015,4.5,4.5,1569,0
CMU.US,5,20211011,170500,4.5,4.5,4.5,4.5,400,0
CMU.US,5,20211011,171000,4.5,4.5,4.5,4.5,500,0
CMU.US,5,20211011,172000,4.515,4.515,4.5,4.5,700,0
CMU.US,5,20211011,172500,4.5,4.5,4.5,4.5,500,0
CMU.US,5,20211011,173500,4.5,4.51,4.5,4.51,600,0
CMU.US,5,20211011,174500,4.5,4.5,4.5,4.5,500,0
CMU.US,5,20211011,175500,4.51,4.51,4.51,4.51,400,0
CMU.US,5,20211011,180500,4.51,4.51,4.51,4.51,300,0
CMU.US,5,20211011,181500,4.51,4.51,4.5,4.5,500,0
CMU.US,5,20211011,182000,4.51,4.52,4.51,4.52,1100,0
CMU.US,5,20211011,182500,4.52,4.52,4.52,4.52,100,0
CMU.US,5,20211011,183000,4.525,4.525,4.525,4.525,100,0
CMU.US,5,20211011,184000,4.52,4.52,4.51,4.51,500,0
CMU.US,5,20211011,185000,4.51,4.51,4.51,4.51,500,0
CMU.US,5,20211011,190000,4.5,4.5,4.5,4.5,500,0
CMU.US,5,20211011,191500,4.5,4.5,4.5,4.5,500,0
CMU.US,5,20211011,192500,4.505,4.51,4.505,4.51,2000,0
CMU.US,5,20211011,193500,4.51,4.5115,4.5,4.51,2400,0
CMU.US,5,20211011,194500,4.51,4.51,4.51,4.51,300,0
CMU.US,5,20211011,195000,4.51,4.51,4.51,4.51,400,0
CMU.US,5,20211011,200000,4.51,4.51,4.51,4.51,500,0
CMU.US,5,20211011,201000,4.52,4.52,4.51,4.51,800,0
CMU.US,5,20211011,202000,4.51,4.51,4.51,4.51,400,0
CMU.US,5,20211011,203000,4.51,4.51,4.51,4.51,300,0
CMU.US,5,20211011,203500,4.51,4.51,4.51,4.51,300,0
CMU.US,5,20211011,204000,4.51,4.51,4.51,4.51,400,0
CMU.US,5,20211011,205000,4.51,4.51,4.51,4.51,1000,0
CMU.US,5,20211011,210000,4.51,4.51,4.51,4.51,600,0
CMU.US,5,20211011,211000,4.51,4.51,4.51,4.51,500,0
CMU.US,5,20211011,212500,4.51,4.51,4.51,4.51,400,0
CMU.US,5,20211011,213000,4.51,4.51,4.51,4.51,500,0
CMU.US,5,20211011,213500,4.51,4.51,4.51,4.51,500,0
CMU.US,5,20211011,214000,4.51,4.51,4.51,4.51,500,0
CMU.US,5,20211011,214500,4.51,4.51,4.505,4.505,1000,0
CMU.US,5,20211011,215000,4.505,4.51,4.505,4.505,1200,0
CMU.US,5,20211011,215500,4.505,4.51,4.5,4.5,5089,0
CMU.US,5,20211012,153000,4.48,4.48,4.48,4.48,1074,0
CMU.US,5,20211012,153500,4.49,4.49,4.49,4.49,750,0
CMU.US,5,20211012,154000,4.48,4.48,4.48,4.48,1200,0
CMU.US,5,20211012,154500,4.49,4.51,4.49,4.51,5006,0
CMU.US,5,20211012,155000,4.4916,4.4916,4.4908,4.4908,1486,0
CMU.US,5,20211012,155500,4.5,4.5,4.5,4.5,300,0
CMU.US,5,20211012,160000,4.49,4.49,4.49,4.49,1694,0
CMU.US,5,20211012,160500,4.52,4.52,4.52,4.52,100,0
CMU.US,5,20211012,161500,4.49,4.49,4.49,4.49,200,0
CMU.US,5,20211012,162000,4.49,4.49,4.49,4.49,200,0
CMU.US,5,20211012,162500,4.49,4.49,4.49,4.49,400,0
CMU.US,5,20211012,163000,4.49,4.49,4.49,4.49,600,0
CMU.US,5,20211012,163500,4.49,4.49,4.49,4.49,400,0
CMU.US,5,20211012,164000,4.49,4.49,4.49,4.49,500,0
CMU.US,5,20211012,164500,4.49,4.49,4.49,4.49,400,0
CMU.US,5,20211012,165000,4.49,4.49,4.49,4.49,395,0
CMU.US,5,20211012,165500,4.5199,4.5199,4.49,4.49,2612,0
CMU.US,5,20211012,170000,4.49,4.49,4.49,4.49,400,0
CMU.US,5,20211012,170500,4.49,4.49,4.49,4.49,400,0
CMU.US,5,20211012,171000,4.49,4.49,4.49,4.49,500,0
CMU.US,5,20211012,171500,4.49,4.49,4.49,4.49,400,0
CMU.US,5,20211012,172000,4.49,4.49,4.49,4.49,400,0
CMU.US,5,20211012,172500,4.49,4.505,4.49,4.49,500,0
CMU.US,5,20211012,173000,4.49,4.49,4.49,4.49,300,0
CMU.US,5,20211012,173500,4.49,4.49,4.49,4.49,300,0
CMU.US,5,20211012,174000,4.49,4.5169,4.49,4.49,1400,0
CMU.US,5,20211012,174500,4.49,4.49,4.49,4.49,400,0
CMU.US,5,20211012,175000,4.49,4.49,4.49,4.49,400,0
CMU.US,5,20211012,175500,4.49,4.49,4.49,4.49,100,0
CMU.US,5,20211012,180000,4.49,4.49,4.49,4.49,400,0
CMU.US,5,20211012,180500,4.49,4.49,4.49,4.49,400,0
CMU.US,5,20211012,181000,4.49,4.49,4.49,4.49,300,0
CMU.US,5,20211012,181500,4.49,4.49,4.49,4.49,200,0
CMU.US,5,20211012,182000,4.49,4.49,4.49,4.49,200,0
CMU.US,5,20211012,182500,4.49,4.49,4.49,4.49,300,0
CMU.US,5,20211012,183000,4.49,4.49,4.49,4.49,400,0
CMU.US,5,20211012,183500,4.49,4.49,4.49,4.49,100,0
CMU.US,5,20211012,184000,4.505,4.505,4.505,4.505,400,0
CMU.US,5,20211012,184500,4.505,4.505,4.505,4.505,300,0
CMU.US,5,20211012,185000,4.505,4.505,4.505,4.505,100,0
CMU.US,5,20211012,185500,4.505,4.505,4.505,4.505,300,0
CMU.US,5,20211012,190000,4.505,4.505,4.505,4.505,400,0
CMU.US,5,20211012,190500,4.505,4.505,4.505,4.505,100,0
CMU.US,5,20211012,191000,4.505,4.505,4.505,4.505,300,0
CMU.US,5,20211012,191500,4.505,4.505,4.49,4.505,11125,0
CMU.US,5,20211012,192000,4.505,4.505,4.46,4.46,43011,0
CMU.US,5,20211012,192500,4.465,4.47,4.45,4.46,12057,0
CMU.US,5,20211012,193000,4.46,4.46,4.45,4.46,11790,0
CMU.US,5,20211012,193500,4.465,4.465,4.46,4.46,300,0
CMU.US,5,20211012,194000,4.46,4.46,4.46,4.46,200,0
CMU.US,5,20211012,194500,4.46,4.46,4.46,4.46,300,0
CMU.US,5,20211012,195000,4.46,4.46,4.46,4.46,299,0
CMU.US,5,20211012,195500,4.46,4.46,4.46,4.46,100,0
CMU.US,5,20211012,200000,4.46,4.4647,4.46,4.4647,4400,0
CMU.US,5,20211012,200500,4.46,4.47,4.45,4.47,14720,0
CMU.US,5,20211012,201000,4.45,4.45,4.43,4.43,32695,0
CMU.US,5,20211012,201500,4.43,4.43,4.43,4.43,300,0
CMU.US,5,20211012,202000,4.43,4.43,4.43,4.43,400,0
CMU.US,5,20211012,202500,4.43,4.45,4.43,4.45,2000,0
CMU.US,5,20211012,203000,4.46,4.47,4.46,4.47,4701,0
CMU.US,5,20211012,203500,4.47,4.47,4.465,4.47,800,0
CMU.US,5,20211012,204000,4.47,4.47,4.47,4.47,200,0
CMU.US,5,20211012,204500,4.47,4.47,4.47,4.47,400,0
CMU.US,5,20211012,205000,4.47,4.47,4.47,4.47,400,0
CMU.US,5,20211012,205500,4.47,4.47,4.47,4.47,400,0
CMU.US,5,20211012,210000,4.47,4.47,4.47,4.47,100,0
CMU.US,5,20211012,210500,4.47,4.47,4.47,4.47,400,0
CMU.US,5,20211012,211000,4.47,4.47,4.47,4.47,300,0
CMU.US,5,20211012,211500,4.47,4.48,4.47,4.48,2400,0
CMU.US,5,20211012,212000,4.47,4.47,4.47,4.47,400,0
CMU.US,5,20211012,212500,4.47,4.47,4.47,4.47,400,0
CMU.US,5,20211012,213000,4.47,4.47,4.47,4.47,500,0
CMU.US,5,20211012,213500,4.475,4.48,4.475,4.475,1100,0
CMU.US,5,20211012,214000,4.475,4.5,4.475,4.49,19719,0
CMU.US,5,20211012,214500,4.49,4.49,4.49,4.49,500,0
CMU.US,5,20211012,215000,4.49,4.49,4.485,4.49,2100,0
CMU.US,5,20211012,215500,4.49,4.5,4.48,4.5,3013,0
CMU.US,5,20211013,153000,4.5,4.5,4.5,4.5,500,0
CMU.US,5,20211013,153500,4.5,4.51,4.5,4.51,12443,0
CMU.US,5,20211013,154000,4.5,4.5,4.5,4.5,200,0
CMU.US,5,20211013,154500,4.5,4.5,4.5,4.5,200,0
CMU.US,5,20211013,155000,4.5,4.5,4.5,4.5,200,0
CMU.US,5,20211013,155500,4.5,4.5,4.5,4.5,100,0
CMU.US,5,20211013,160000,4.505,4.505,4.5,4.5,3200,0
CMU.US,5,20211013,160500,4.5,4.51,4.5,4.51,3600,0
CMU.US,5,20211013,161000,4.5,4.5,4.5,4.5,300,0
CMU.US,5,20211013,161500,4.51,4.51,4.51,4.51,500,0
CMU.US,5,20211013,164500,4.5012,4.5012,4.5012,4.5012,2111,0
CMU.US,5,20211013,170500,4.52,4.52,4.52,4.52,2394,0
CMU.US,5,20211013,171500,4.5196,4.52,4.5196,4.52,3800,0
CMU.US,5,20211013,173000,4.53,4.53,4.53,4.53,100,0
CMU.US,5,20211013,184000,4.52,4.52,4.52,4.52,100,0
CMU.US,5,20211013,190500,4.53,4.54,4.53,4.53,11011,0
CMU.US,5,20211013,191000,4.53,4.53,4.53,4.53,200,0
CMU.US,5,20211013,191500,4.53,4.53,4.53,4.53,100,0
CMU.US,5,20211013,192000,4.53,4.53,4.53,4.53,200,0
CMU.US,5,20211013,192500,4.53,4.53,4.53,4.53,200,0
CMU.US,5,20211013,193000,4.53,4.53,4.53,4.53,200,0
CMU.US,5,20211013,193500,4.53,4.53,4.53,4.53,100,0
CMU.US,5,20211013,194000,4.53,4.53,4.53,4.53,200,0
CMU.US,5,20211013,194500,4.53,4.53,4.53,4.53,200,0
CMU.US,5,20211013,195000,4.53,4.53,4.53,4.53,200,0
CMU.US,5,20211013,195500,4.53,4.53,4.53,4.53,100,0
CMU.US,5,20211013,200000,4.53,4.53,4.53,4.53,200,0
CMU.US,5,20211013,200500,4.53,4.53,4.53,4.53,200,0
CMU.US,5,20211013,201000,4.53,4.53,4.53,4.53,200,0
CMU.US,5,20211013,201500,4.53,4.53,4.53,4.53,1700,0
CMU.US,5,20211013,202000,4.53,4.53,4.53,4.53,200,0
CMU.US,5,20211013,202500,4.5312,4.5312,4.53,4.53,5100,0
CMU.US,5,20211013,203000,4.53,4.53,4.53,4.53,200,0
CMU.US,5,20211013,203500,4.53,4.53,4.53,4.53,100,0
CMU.US,5,20211013,204000,4.53,4.53,4.53,4.53,703,0
CMU.US,5,20211013,204500,4.53,4.53,4.53,4.53,100,0
CMU.US,5,20211013,205000,4.53,4.5311,4.53,4.53,1300,0
CMU.US,5,20211013,205500,4.53,4.53,4.53,4.53,100,0
CMU.US,5,20211013,210000,4.53,4.53,4.53,4.53,200,0
CMU.US,5,20211013,210500,4.53,4.53,4.53,4.53,200,0
CMU.US,5,20211013,211000,4.53,4.53,4.53,4.53,200,0
CMU.US,5,20211013,212000,4.53,4.53,4.53,4.53,625,0
CMU.US,5,20211013,212500,4.53,4.53,4.53,4.53,400,0
CMU.US,5,20211013,213000,4.53,4.53,4.53,4.53,300,0
CMU.US,5,20211013,213500,4.53,4.54,4.53,4.53,1700,0
CMU.US,5,20211013,214000,4.53,4.53,4.53,4.53,300,0
CMU.US,5,20211013,214500,4.53,4.53,4.53,4.53,300,0
CMU.US,5,20211013,215000,4.53,4.54,4.53,4.54,4501,0
CMU.US,5,20211013,215500,4.54,4.54,4.53,4.53,2400,0
CMU.US,5,20211014,153000,4.53,4.53,4.53,4.53,129,0
CMU.US,5,20211014,160000,4.54,4.54,4.54,4.54,200,0
CMU.US,5,20211014,161000,4.53,4.53,4.53,4.53,100,0
CMU.US,5,20211014,162000,4.53,4.54,4.53,4.54,600,0
CMU.US,5,20211014,162500,4.5494,4.5494,4.54,4.54,2100,0
CMU.US,5,20211014,163000,4.545,4.55,4.54,4.545,3752,0
CMU.US,5,20211014,163500,4.54,4.54,4.54,4.54,500,0
CMU.US,5,20211014,164000,4.54,4.54,4.54,4.54,300,0
CMU.US,5,20211014,165000,4.54,4.54,4.54,4.54,300,0
CMU.US,5,20211014,165500,4.55,4.55,4.55,4.55,100,0
CMU.US,5,20211014,170000,4.54,4.54,4.54,4.54,100,0
CMU.US,5,20211014,170500,4.54,4.54,4.54,4.54,2200,0
CMU.US,5,20211014,171000,4.5494,4.55,4.5494,4.55,4594,0
CMU.US,5,20211014,172000,4.54,4.54,4.54,4.54,100,0
CMU.US,5,20211014,172500,4.54,4.54,4.54,4.54,100,0
CMU.US,5,20211014,173000,4.54,4.54,4.54,4.54,200,0
CMU.US,5,20211014,173500,4.54,4.54,4.54,4.54,100,0
CMU.US,5,20211014,174000,4.54,4.54,4.54,4.54,200,0
CMU.US,5,20211014,174500,4.54,4.54,4.54,4.54,100,0
CMU.US,5,20211014,175000,4.54,4.54,4.54,4.54,100,0
CMU.US,5,20211014,175500,4.54,4.54,4.54,4.54,200,0
CMU.US,5,20211014,180000,4.54,4.54,4.54,4.54,100,0
CMU.US,5,20211014,180500,4.54,4.54,4.54,4.54,100,0
CMU.US,5,20211014,181000,4.54,4.54,4.54,4.54,200,0
CMU.US,5,20211014,181500,4.54,4.54,4.54,4.54,100,0
CMU.US,5,20211014,182000,4.54,4.54,4.54,4.54,100,0
CMU.US,5,20211014,182500,4.54,4.54,4.54,4.54,200,0
CMU.US,5,20211014,183000,4.54,4.54,4.54,4.54,100,0
CMU.US,5,20211014,183500,4.54,4.54,4.54,4.54,100,0
CMU.US,5,20211014,184000,4.54,4.54,4.54,4.54,100,0
CMU.US,5,20211014,184500,4.54,4.54,4.54,4.54,200,0
CMU.US,5,20211014,185000,4.54,4.54,4.54,4.54,100,0
CMU.US,5,20211014,185500,4.54,4.54,4.54,4.54,100,0
CMU.US,5,20211014,190000,4.54,4.55,4.54,4.55,1900,0
CMU.US,5,20211014,190500,4.54,4.54,4.54,4.54,200,0
CMU.US,5,20211014,191000,4.54,4.54,4.54,4.54,100,0
CMU.US,5,20211014,191500,4.545,4.545,4.54,4.54,400,0
CMU.US,5,20211014,192000,4.54,4.54,4.54,4.54,100,0
CMU.US,5,20211014,192500,4.54,4.547,4.54,4.54,15842,0
CMU.US,5,20211014,193000,4.54,4.54,4.54,4.54,200,0
CMU.US,5,20211014,193500,4.54,4.54,4.54,4.54,200,0
CMU.US,5,20211014,194000,4.54,4.54,4.54,4.54,800,0
CMU.US,5,20211014,194500,4.54,4.54,4.54,4.54,400,0
CMU.US,5,20211014,195000,4.54,4.54,4.54,4.54,2500,0
CMU.US,5,20211014,200000,4.53,4.53,4.53,4.53,100,0
CMU.US,5,20211014,200500,4.53,4.53,4.53,4.53,200,0
CMU.US,5,20211014,201000,4.53,4.53,4.53,4.53,100,0
CMU.US,5,20211014,201500,4.53,4.54,4.53,4.5398,1900,0
CMU.US,5,20211014,202000,4.54,4.54,4.54,4.54,178,0
CMU.US,5,20211014,202500,4.54,4.54,4.54,4.54,100,0
CMU.US,5,20211014,203000,4.54,4.54,4.54,4.54,200,0
CMU.US,5,20211014,203500,4.54,4.54,4.54,4.54,100,0
CMU.US,5,20211014,204500,4.53,4.53,4.53,4.53,100,0
CMU.US,5,20211014,205000,4.53,4.53,4.53,4.53,100,0
CMU.US,5,20211014,205500,4.53,4.53,4.53,4.53,200,0
CMU.US,5,20211014,210000,4.53,4.53,4.53,4.53,100,0
CMU.US,5,20211014,210500,4.53,4.53,4.53,4.53,200,0
CMU.US,5,20211014,211000,4.53,4.53,4.53,4.53,100,0
CMU.US,5,20211014,211500,4.53,4.53,4.53,4.53,200,0
CMU.US,5,20211014,212000,4.53,4.53,4.53,4.53,200,0
CMU.US,5,20211014,212500,4.53,4.53,4.53,4.53,100,0
CMU.US,5,20211014,213000,4.53,4.5301,4.53,4.53,6990,0
CMU.US,5,20211014,213500,4.53,4.53,4.53,4.53,200,0
CMU.US,5,20211014,214000,4.53,4.53,4.53,4.53,200,0
CMU.US,5,20211014,214500,4.53,4.53,4.53,4.53,200,0
CMU.US,5,20211014,215000,4.53,4.55,4.53,4.539,22611,0
CMU.US,5,20211014,215500,4.53,4.54,4.53,4.54,555,0
CMU.US,5,20211015,153000,4.53,4.53,4.53,4.53,726,0
CMU.US,5,20211015,154000,4.52,4.52,4.52,4.52,3965,0
CMU.US,5,20211015,155500,4.52,4.52,4.52,4.52,2200,0
CMU.US,5,20211015,160000,4.52,4.52,4.52,4.52,400,0
CMU.US,5,20211015,160500,4.52,4.52,4.52,4.52,400,0
CMU.US,5,20211015,161000,4.52,4.52,4.52,4.52,400,0
CMU.US,5,20211015,161500,4.52,4.52,4.52,4.52,400,0
CMU.US,5,20211015,162000,4.52,4.5246,4.52,4.52,900,0
CMU.US,5,20211015,162500,4.52,4.5215,4.52,4.5215,3300,0
CMU.US,5,20211015,163000,4.52,4.52,4.52,4.52,400,0
CMU.US,5,20211015,163500,4.53,4.53,4.53,4.53,300,0
CMU.US,5,20211015,164000,4.53,4.53,4.53,4.53,500,0
CMU.US,5,20211015,164500,4.53,4.53,4.53,4.53,300,0
CMU.US,5,20211015,165000,4.53,4.535,4.53,4.535,400,0
CMU.US,5,20211015,165500,4.53,4.53,4.53,4.53,200,0
CMU.US,5,20211015,170000,4.53,4.535,4.53,4.53,400,0
CMU.US,5,20211015,170500,4.53,4.53,4.53,4.53,300,0
CMU.US,5,20211015,171000,4.53,4.535,4.53,4.535,300,0
CMU.US,5,20211015,171500,4.53,4.53,4.53,4.53,200,0
CMU.US,5,20211015,172000,4.53,4.53,4.53,4.53,200,0
CMU.US,5,20211015,172500,4.53,4.535,4.53,4.535,500,0
CMU.US,5,20211015,173000,4.535,4.535,4.535,4.535,100,0
CMU.US,5,20211015,173500,4.53,4.53,4.53,4.53,200,0
CMU.US,5,20211015,174000,4.53,4.535,4.53,4.535,200,0
CMU.US,5,20211015,174500,4.53,4.54,4.53,4.54,5600,0
CMU.US,5,20211015,175500,4.5402,4.5403,4.54,4.5403,5095,0
CMU.US,5,20211015,180000,4.54,4.54,4.54,4.54,200,0
CMU.US,5,20211015,180500,4.54,4.54,4.54,4.54,200,0
CMU.US,5,20211015,181000,4.54,4.54,4.54,4.54,300,0
CMU.US,5,20211015,181500,4.54,4.54,4.54,4.54,200,0
CMU.US,5,20211015,182000,4.54,4.54,4.54,4.54,100,0
CMU.US,5,20211015,182500,4.54,4.54,4.54,4.54,200,0
CMU.US,5,20211015,183000,4.54,4.55,4.54,4.54,500,0
CMU.US,5,20211015,183500,4.54,4.54,4.54,4.54,100,0
CMU.US,5,20211015,184000,4.54,4.54,4.54,4.54,200,0
CMU.US,5,20211015,184500,4.54,4.54,4.54,4.54,200,0
CMU.US,5,20211015,185000,4.55,4.55,4.545,4.55,4581,0
CMU.US,5,20211015,190000,4.54,4.5499,4.54,4.5499,700,0
CMU.US,5,20211015,190500,4.545,4.55,4.545,4.5477,4514,0
CMU.US,5,20211015,191500,4.54,4.54,4.54,4.54,200,0
CMU.US,5,20211015,192000,4.54,4.54,4.54,4.54,100,0
CMU.US,5,20211015,192500,4.54,4.54,4.54,4.54,100,0
CMU.US,5,20211015,193000,4.54,4.54,4.54,4.54,200,0
CMU.US,5,20211015,193500,4.54,4.54,4.54,4.54,200,0
CMU.US,5,20211015,194000,4.54,4.54,4.54,4.54,100,0
CMU.US,5,20211015,194500,4.54,4.54,4.54,4.54,100,0
CMU.US,5,20211015,195000,4.54,4.54,4.54,4.54,200,0
CMU.US,5,20211015,195500,4.54,4.54,4.54,4.54,100,0
CMU.US,5,20211015,200000,4.54,4.54,4.54,4.54,200,0
CMU.US,5,20211015,200500,4.54,4.54,4.54,4.54,200,0
CMU.US,5,20211015,201000,4.5494,4.55,4.54,4.55,7401,0
CMU.US,5,20211015,202500,4.55,4.55,4.55,4.55,200,0
CMU.US,5,20211015,203000,4.55,4.55,4.55,4.55,100,0
CMU.US,5,20211015,203500,4.55,4.55,4.55,4.55,100,0
CMU.US,5,20211015,204000,4.55,4.55,4.55,4.55,200,0
CMU.US,5,20211015,204500,4.5501,4.5501,4.55,4.55,700,0
CMU.US,5,20211015,205000,4.55,4.55,4.55,4.55,200,0
CMU.US,5,20211015,205500,4.55,4.55,4.55,4.55,100,0
CMU.US,5,20211015,210000,4.54,4.54,4.54,4.54,200,0
CMU.US,5,20211015,210500,4.54,4.54,4.54,4.54,200,0
CMU.US,5,20211015,211000,4.54,4.54,4.54,4.54,200,0
CMU.US,5,20211015,211500,4.54,4.54,4.54,4.54,200,0
CMU.US,5,20211015,212000,4.54,4.54,4.54,4.54,100,0
CMU.US,5,20211015,212500,4.54,4.54,4.54,4.54,2990,0
CMU.US,5,20211015,213000,4.54,4.54,4.54,4.54,1200,0
CMU.US,5,20211015,213500,4.54,4.54,4.54,4.54,300,0
CMU.US,5,20211015,214000,4.54,4.54,4.54,4.54,500,0
CMU.US,5,20211015,214500,4.54,4.5499,4.54,4.54,1500,0
CMU.US,5,20211015,215000,4.54,4.54,4.54,4.54,700,0
CMU.US,5,20211015,215500,4.54,4.55,4.54,4.54,3921,0
CMU.US,5,20211018,153000,4.53,4.53,4.53,4.53,2274,0
CMU.US,5,20211018,153500,4.53,4.53,4.53,4.53,800,0
CMU.US,5,20211018,154000,4.53,4.53,4.53,4.53,800,0
CMU.US,5,20211018,154500,4.53,4.53,4.52,4.52,2000,0
CMU.US,5,20211018,155000,4.52,4.52,4.52,4.52,700,0
CMU.US,5,20211018,155500,4.52,4.52,4.52,4.52,820,0
CMU.US,5,20211018,160000,4.52,4.52,4.52,4.52,500,0
CMU.US,5,20211018,160500,4.52,4.525,4.52,4.525,7117,0
CMU.US,5,20211018,161000,4.52,4.5202,4.52,4.5202,5400,0
CMU.US,5,20211018,161500,4.52,4.52,4.52,4.52,400,0
CMU.US,5,20211018,162000,4.52,4.52,4.52,4.52,400,0
CMU.US,5,20211018,162500,4.52,4.52,4.52,4.52,400,0
CMU.US,5,20211018,163000,4.523,4.523,4.52,4.52,952,0
CMU.US,5,20211018,164000,4.52,4.52,4.52,4.52,400,0
CMU.US,5,20211018,164500,4.52,4.52,4.52,4.52,400,0
CMU.US,5,20211018,165000,4.535,4.5499,4.52,4.52,2400,0
CMU.US,5,20211018,170000,4.52,4.52,4.52,4.52,400,0
CMU.US,5,20211018,170500,4.5205,4.5348,4.52,4.52,953,0
CMU.US,5,20211018,171500,4.52,4.52,4.52,4.52,500,0
CMU.US,5,20211018,172000,4.535,4.535,4.52,4.52,678,0
CMU.US,5,20211018,172500,4.52,4.52,4.52,4.52,400,0
CMU.US,5,20211018,173500,4.52,4.52,4.52,4.52,300,0
CMU.US,5,20211018,174000,4.52,4.52,4.52,4.52,400,0
CMU.US,5,20211018,175000,4.52,4.52,4.52,4.52,400,0
CMU.US,5,20211018,175500,4.52,4.52,4.51,4.515,848,0
CMU.US,5,20211018,180500,4.5294,4.5294,4.51,4.51,1400,0
CMU.US,5,20211018,181500,4.51,4.51,4.51,4.51,400,0
CMU.US,5,20211018,182000,4.515,4.54,4.515,4.53,7230,0
CMU.US,5,20211018,182500,4.5301,4.5301,4.5301,4.5301,100,0
CMU.US,5,20211018,183000,4.53,4.53,4.52,4.52,400,0
CMU.US,5,20211018,184000,4.52,4.52,4.51,4.51,400,0
CMU.US,5,20211018,185000,4.51,4.51,4.51,4.51,400,0
CMU.US,5,20211018,190000,4.51,4.51,4.51,4.51,300,0
CMU.US,5,20211018,190500,4.5179,4.5179,4.51,4.51,1065,0
CMU.US,5,20211018,191500,4.51,4.51,4.51,4.51,400,0
CMU.US,5,20211018,192500,4.51,4.51,4.51,4.51,300,0
CMU.US,5,20211018,193500,4.51,4.5199,4.51,4.5199,3100,0
CMU.US,5,20211018,194500,4.51,4.51,4.51,4.51,400,0
CMU.US,5,20211018,195500,4.51,4.51,4.51,4.51,400,0
CMU.US,5,20211018,200000,4.51,4.51,4.51,4.51,400,0
CMU.US,5,20211018,201000,4.51,4.51,4.51,4.51,400,0
CMU.US,5,20211018,202000,4.51,4.51,4.51,4.51,300,0
CMU.US,5,20211018,202500,4.51,4.51,4.51,4.51,400,0
CMU.US,5,20211018,203500,4.51,4.51,4.51,4.51,400,0
CMU.US,5,20211018,204500,4.51,4.51,4.51,4.51,400,0
CMU.US,5,20211018,205000,4.51,4.51,4.51,4.51,413,0
CMU.US,5,20211018,205500,4.51,4.51,4.51,4.51,600,0
CMU.US,5,20211018,210000,4.51,4.51,4.51,4.51,400,0
CMU.US,5,20211018,211000,4.51,4.51,4.51,4.51,400,0
CMU.US,5,20211018,211500,4.51,4.51,4.51,4.51,400,0
CMU.US,5,20211018,212000,4.51,4.51,4.51,4.51,400,0
CMU.US,5,20211018,212500,4.51,4.51,4.51,4.51,300,0
CMU.US,5,20211018,213000,4.51,4.51,4.51,4.51,500,0
CMU.US,5,20211018,213500,4.51,4.51,4.51,4.51,600,0
CMU.US,5,20211018,214000,4.51,4.51,4.51,4.51,600,0
CMU.US,5,20211018,214500,4.51,4.51,4.51,4.51,700,0
CMU.US,5,20211018,215000,4.51,4.51,4.51,4.51,1300,0
CMU.US,5,20211018,215500,4.51,4.52,4.51,4.51,3778,0
CMU.US,5,20211019,153500,4.5175,4.5175,4.51,4.51,2140,0
CMU.US,5,20211019,154000,4.51,4.51,4.51,4.51,300,0
CMU.US,5,20211019,154500,4.51,4.51,4.51,4.51,500,0
CMU.US,5,20211019,155000,4.524,4.524,4.51,4.51,675,0
CMU.US,5,20211019,155500,4.51,4.51,4.51,4.51,500,0
CMU.US,5,20211019,160500,4.51,4.51,4.51,4.51,500,0
CMU.US,5,20211019,161000,4.525,4.525,4.51,4.51,700,0
CMU.US,5,20211019,161500,4.51,4.51,4.51,4.51,300,0
CMU.US,5,20211019,162000,4.51,4.51,4.51,4.51,200,0
CMU.US,5,20211019,162500,4.51,4.52,4.51,4.52,816,0
CMU.US,5,20211019,163000,4.51,4.51,4.51,4.51,500,0
CMU.US,5,20211019,164000,4.51,4.51,4.51,4.51,400,0
CMU.US,5,20211019,164500,4.51,4.51,4.51,4.51,800,0
CMU.US,5,20211019,165000,4.5,4.5001,4.5,4.5001,500,0
CMU.US,5,20211019,170000,4.5,4.52,4.5,4.5195,1994,0
CMU.US,5,20211019,171000,4.5,4.5,4.5,4.5,400,0
CMU.US,5,20211019,172000,4.5,4.5,4.5,4.5,400,0
CMU.US,5,20211019,172500,4.5183,4.5183,4.5,4.5,1400,0
CMU.US,5,20211019,173000,4.5,4.5,4.5,4.5,400,0
CMU.US,5,20211019,174000,4.5,4.5,4.5,4.5,400,0
CMU.US,5,20211019,175000,4.5,4.52,4.5,4.5195,1600,0
CMU.US,5,20211019,180000,4.515,4.515,4.515,4.515,300,0
CMU.US,5,20211019,180500,4.515,4.515,4.515,4.515,100,0
CMU.US,5,20211019,181500,4.51,4.515,4.51,4.515,400,0
CMU.US,5,20211019,182500,4.515,4.515,4.515,4.515,250,0
CMU.US,5,20211019,183000,4.51,4.51,4.51,4.51,100,0
CMU.US,5,20211019,183500,4.51,4.5122,4.5,4.5,5850,0
CMU.US,5,20211019,184000,4.5,4.5,4.5,4.5,400,0
CMU.US,5,20211019,185000,4.5,4.5,4.5,4.5,300,0
CMU.US,5,20211019,185500,4.5,4.5,4.5,4.5,300,0
CMU.US,5,20211019,190500,4.5,4.5,4.5,4.5,300,0
CMU.US,5,20211019,191000,4.5,4.5,4.5,4.5,100,0
CMU.US,5,20211019,191500,4.49,4.49,4.49,4.49,400,0
CMU.US,5,20211019,192500,4.49,4.49,4.49,4.49,400,0
CMU.US,5,20211019,193500,4.49,4.495,4.49,4.495,550,0
CMU.US,5,20211019,194500,4.495,4.4995,4.495,4.4995,1000,0
CMU.US,5,20211019,195000,4.49,4.49,4.49,4.49,400,0
CMU.US,5,20211019,195500,4.495,4.495,4.495,4.495,1000,0
CMU.US,5,20211019,200000,4.495,4.495,4.495,4.495,300,0
CMU.US,5,20211019,200500,4.495,4.495,4.495,4.495,100,0
CMU.US,5,20211019,201000,4.495,4.495,4.495,4.495,200,0
CMU.US,5,20211019,201500,4.49,4.5,4.49,4.5,2896,0
CMU.US,5,20211019,202000,4.5,4.5,4.5,4.5,300,0
CMU.US,5,20211019,203000,4.49,4.49,4.49,4.49,400,0
CMU.US,5,20211019,204000,4.49,4.49,4.49,4.49,100,0
CMU.US,5,20211019,204500,4.49,4.49,4.49,4.49,300,0
CMU.US,5,20211019,205000,4.49,4.49,4.49,4.49,300,0
CMU.US,5,20211019,205500,4.49,4.49,4.49,4.49,10510,0
CMU.US,5,20211019,210000,4.49,4.49,4.49,4.49,500,0
CMU.US,5,20211019,210500,4.49,4.49,4.49,4.49,300,0
CMU.US,5,20211019,211000,4.49,4.49,4.48,4.48,400,0
CMU.US,5,20211019,211500,4.48,4.48,4.48,4.48,400,0
CMU.US,5,20211019,212000,4.48,4.48,4.48,4.48,200,0
CMU.US,5,20211019,212500,4.48,4.48,4.48,4.48,400,0
CMU.US,5,20211019,213000,4.48,4.48,4.48,4.48,600,0
CMU.US,5,20211019,213500,4.48,4.48,4.48,4.48,600,0
CMU.US,5,20211019,214000,4.48,4.48,4.48,4.48,600,0
CMU.US,5,20211019,214500,4.48,4.48,4.48,4.48,900,0
CMU.US,5,20211019,215000,4.48,4.48,4.48,4.48,1300,0
CMU.US,5,20211019,215500,4.48,4.49,4.48,4.48,4667,0
CMU.US,5,20211020,153000,4.49,4.49,4.48,4.4802,5341,0
CMU.US,5,20211020,154500,4.48,4.48,4.476,4.476,325,0
CMU.US,5,20211020,155000,4.4899,4.4899,4.4899,4.4899,3000,0
CMU.US,5,20211020,155500,4.48,4.48,4.48,4.48,300,0
CMU.US,5,20211020,160000,4.49,4.49,4.49,4.49,2500,0
CMU.US,5,20211020,160500,4.4871,4.4871,4.48,4.48,604,0
CMU.US,5,20211020,161000,4.48,4.48,4.47,4.47,600,0
CMU.US,5,20211020,161500,4.489,4.489,4.489,4.489,2155,0
CMU.US,5,20211020,165000,4.48,4.48,4.48,4.48,100,0
CMU.US,5,20211020,165500,4.48,4.48,4.47,4.47,596,0
CMU.US,5,20211020,170000,4.47,4.4702,4.46,4.46,16737,0
CMU.US,5,20211020,170500,4.46,4.47,4.46,4.47,1600,0
CMU.US,5,20211020,171000,4.47,4.47,4.47,4.47,500,0
CMU.US,5,20211020,171500,4.47,4.47,4.465,4.47,23621,0
CMU.US,5,20211020,172000,4.47,4.47,4.47,4.47,500,0
CMU.US,5,20211020,172500,4.47,4.47,4.47,4.47,4500,0
CMU.US,5,20211020,173000,4.47,4.47,4.47,4.47,400,0
CMU.US,5,20211020,173500,4.47,4.47,4.47,4.47,400,0
CMU.US,5,20211020,174000,4.47,4.48,4.47,4.47,4600,0
CMU.US,5,20211020,174500,4.47,4.47,4.47,4.47,400,0
CMU.US,5,20211020,175000,4.47,4.47,4.47,4.47,400,0
CMU.US,5,20211020,175500,4.47,4.47,4.47,4.47,400,0
CMU.US,5,20211020,180000,4.47,4.47,4.47,4.47,400,0
CMU.US,5,20211020,180500,4.47,4.47,4.47,4.47,600,0
CMU.US,5,20211020,181000,4.47,4.475,4.47,4.47,800,0
CMU.US,5,20211020,181500,4.47,4.47,4.47,4.47,600,0
CMU.US,5,20211020,182000,4.47,4.47,4.47,4.47,300,0
CMU.US,5,20211020,182500,4.47,4.47,4.47,4.47,400,0
CMU.US,5,20211020,183000,4.47,4.47,4.44,4.4495,16780,0
CMU.US,5,20211020,183500,4.44,4.4489,4.44,4.4489,400,0
CMU.US,5,20211020,184000,4.44,4.4415,4.44,4.44,6378,0
CMU.US,5,20211020,184500,4.44,4.45,4.44,4.44,1128,0
CMU.US,5,20211020,185000,4.44,4.44,4.44,4.44,400,0
CMU.US,5,20211020,185500,4.44,4.44,4.44,4.44,200,0
CMU.US,5,20211020,190000,4.44,4.44,4.44,4.44,100,0
CMU.US,5,20211020,190500,4.445,4.46,4.44,4.46,27144,0
CMU.US,5,20211020,191000,4.45,4.45,4.45,4.45,100,0
CMU.US,5,20211020,191500,4.45,4.45,4.45,4.45,100,0
CMU.US,5,20211020,192000,4.45,4.45,4.45,4.45,500,0
CMU.US,5,20211020,192500,4.45,4.45,4.45,4.45,200,0
CMU.US,5,20211020,193000,4.45,4.45,4.45,4.45,400,0
CMU.US,5,20211020,193500,4.45,4.46,4.45,4.46,1000,0
CMU.US,5,20211020,194000,4.46,4.46,4.46,4.46,400,0
CMU.US,5,20211020,194500,4.46,4.46,4.46,4.46,400,0
CMU.US,5,20211020,195000,4.46,4.46,4.46,4.46,400,0
CMU.US,5,20211020,195500,4.46,4.46,4.46,4.46,3200,0
CMU.US,5,20211020,200000,4.46,4.46,4.46,4.46,500,0
CMU.US,5,20211020,200500,4.46,4.46,4.46,4.46,845,0
CMU.US,5,20211020,201000,4.46,4.467,4.46,4.46,900,0
CMU.US,5,20211020,201500,4.46,4.47,4.46,4.465,5300,0
CMU.US,5,20211020,202000,4.46,4.465,4.46,4.465,1200,0
CMU.US,5,20211020,202500,4.46,4.4601,4.46,4.46,1400,0
CMU.US,5,20211020,203000,4.4695,4.4695,4.46,4.46,2400,0
CMU.US,5,20211020,203500,4.46,4.46,4.46,4.46,500,0
CMU.US,5,20211020,204000,4.46,4.46,4.46,4.46,600,0
CMU.US,5,20211020,204500,4.46,4.46,4.46,4.46,399,0
CMU.US,5,20211020,205000,4.46,4.46,4.46,4.46,500,0
CMU.US,5,20211020,205500,4.46,4.46,4.46,4.46,300,0
CMU.US,5,20211020,210000,4.46,4.46,4.46,4.46,500,0
CMU.US,5,20211020,210500,4.4692,4.4692,4.46,4.46,1200,0
CMU.US,5,20211020,211000,4.46,4.46,4.46,4.46,8158,0
CMU.US,5,20211020,211500,4.45,4.46,4.45,4.46,5445,0
CMU.US,5,20211020,212000,4.46,4.46,4.46,4.46,500,0
CMU.US,5,20211020,212500,4.46,4.46,4.455,4.46,2500,0
CMU.US,5,20211020,213000,4.46,4.46,4.46,4.46,667,0
CMU.US,5,20211020,213500,4.46,4.46,4.46,4.46,700,0
CMU.US,5,20211020,214000,4.46,4.46,4.46,4.46,600,0
CMU.US,5,20211020,214500,4.46,4.47,4.46,4.46,2409,0
CMU.US,5,20211020,215000,4.46,4.47,4.46,4.46,11300,0
CMU.US,5,20211020,215500,4.46,4.47,4.46,4.46,3572,0
CMU.US,5,20211021,153000,4.45,4.45,4.45,4.45,2081,0
CMU.US,5,20211021,155000,4.45,4.45,4.45,4.45,200,0
CMU.US,5,20211021,155500,4.45,4.46,4.45,4.46,7885,0
CMU.US,5,20211021,160000,4.465,4.47,4.46,4.4602,9128,0
CMU.US,5,20211021,160500,4.47,4.47,4.46,4.47,2800,0
CMU.US,5,20211021,162000,4.45,4.45,4.45,4.45,300,0
CMU.US,5,20211021,162500,4.45,4.45,4.45,4.45,300,0
CMU.US,5,20211021,163000,4.45,4.45,4.45,4.45,300,0
CMU.US,5,20211021,163500,4.45,4.45,4.45,4.45,200,0
CMU.US,5,20211021,164000,4.45,4.45,4.45,4.45,300,0
CMU.US,5,20211021,164500,4.45,4.45,4.45,4.45,1200,0
CMU.US,5,20211021,165000,4.45,4.45,4.45,4.45,400,0
CMU.US,5,20211021,165500,4.45,4.45,4.45,4.45,400,0
CMU.US,5,20211021,170000,4.45,4.45,4.45,4.45,300,0
CMU.US,5,20211021,170500,4.45,4.45,4.45,4.45,400,0
CMU.US,5,20211021,171000,4.45,4.45,4.45,4.45,400,0
CMU.US,5,20211021,171500,4.45,4.45,4.45,4.45,400,0
CMU.US,5,20211021,172000,4.45,4.45,4.45,4.45,400,0
CMU.US,5,20211021,172500,4.45,4.45,4.45,4.45,400,0
CMU.US,5,20211021,173000,4.45,4.45,4.45,4.45,400,0
CMU.US,5,20211021,173500,4.45,4.45,4.45,4.45,2399,0
CMU.US,5,20211021,174000,4.45,4.45,4.45,4.45,400,0
CMU.US,5,20211021,174500,4.45,4.45,4.45,4.45,400,0
CMU.US,5,20211021,175000,4.45,4.45,4.45,4.45,300,0
CMU.US,5,20211021,175500,4.45,4.45,4.45,4.45,400,0
CMU.US,5,20211021,180000,4.45,4.45,4.45,4.45,300,0
CMU.US,5,20211021,180500,4.45,4.4522,4.44,4.44,7716,0
CMU.US,5,20211021,181000,4.43,4.43,4.43,4.43,400,0
CMU.US,5,20211021,181500,4.43,4.43,4.43,4.43,400,0
CMU.US,5,20211021,182000,4.43,4.43,4.43,4.43,400,0
CMU.US,5,20211021,182500,4.43,4.43,4.43,4.43,400,0
CMU.US,5,20211021,183000,4.43,4.44,4.43,4.44,700,0
CMU.US,5,20211021,183500,4.44,4.44,4.44,4.44,400,0
CMU.US,5,20211021,184000,4.44,4.44,4.44,4.44,400,0
CMU.US,5,20211021,184500,4.44,4.44,4.44,4.44,300,0
CMU.US,5,20211021,185000,4.44,4.45,4.44,4.45,5106,0
CMU.US,5,20211021,190000,4.45,4.45,4.445,4.45,5597,0
CMU.US,5,20211021,191500,4.45,4.45,4.45,4.45,100,0
CMU.US,5,20211021,192000,4.45,4.45,4.45,4.45,400,0
CMU.US,5,20211021,192500,4.45,4.45,4.45,4.45,400,0
CMU.US,5,20211021,193000,4.45,4.45,4.45,4.45,400,0
CMU.US,5,20211021,193500,4.45,4.4501,4.45,4.45,800,0
CMU.US,5,20211021,194000,4.45,4.463,4.45,4.463,5300,0
CMU.US,5,20211021,200000,4.4601,4.4601,4.46,4.46,2400,0
CMU.US,5,20211021,200500,4.46,4.46,4.46,4.46,3530,0
CMU.US,5,20211021,201000,4.4601,4.4601,4.4601,4.4601,500,0
CMU.US,5,20211021,201500,4.47,4.47,4.46,4.46,11560,0
CMU.US,5,20211021,202500,4.46,4.46,4.46,4.46,400,0
CMU.US,5,20211021,203000,4.46,4.47,4.46,4.46,748,0
CMU.US,5,20211021,203500,4.46,4.4601,4.46,4.46,1600,0
CMU.US,5,20211021,204000,4.46,4.46,4.46,4.46,600,0
CMU.US,5,20211021,204500,4.46,4.465,4.46,4.46,900,0
CMU.US,5,20211021,205000,4.46,4.46,4.46,4.46,400,0
CMU.US,5,20211021,205500,4.46,4.46,4.45,4.45,1536,0
CMU.US,5,20211021,210000,4.45,4.455,4.45,4.455,3400,0
CMU.US,5,20211021,210500,4.455,4.46,4.455,4.46,1300,0
CMU.US,5,20211021,212000,4.45,4.455,4.45,4.455,848,0
CMU.US,5,20211021,212500,4.45,4.45,4.45,4.45,500,0
CMU.US,5,20211021,213000,4.45,4.45,4.45,4.45,500,0
CMU.US,5,20211021,213500,4.45,4.455,4.45,4.45,500,0
CMU.US,5,20211021,214000,4.45,4.45,4.45,4.45,500,0
CMU.US,5,20211021,214500,4.45,4.45,4.45,4.45,500,0
CMU.US,5,20211021,215000,4.45,4.4557,4.45,4.45,1073,0
CMU.US,5,20211021,215500,4.45,4.46,4.44,4.46,800,0
CMU.US,5,20211022,153000,4.45,4.45,4.45,4.45,100,0
CMU.US,5,20211022,160000,4.45,4.46,4.45,4.45,3000,0
CMU.US,5,20211022,163000,4.45,4.45,4.45,4.45,100,0
CMU.US,5,20211022,170000,4.45,4.45,4.45,4.45,2700,0
CMU.US,5,20211022,172000,4.455,4.455,4.45,4.45,400,0
CMU.US,5,20211022,172500,4.45,4.45,4.45,4.45,600,0
CMU.US,5,20211022,173000,4.45,4.45,4.45,4.45,250,0
CMU.US,5,20211022,173500,4.45,4.45,4.45,4.45,800,0
CMU.US,5,20211022,174000,4.45,4.4534,4.45,4.45,526,0
CMU.US,5,20211022,174500,4.45,4.45,4.45,4.45,400,0
CMU.US,5,20211022,175000,4.45,4.45,4.45,4.45,300,0
CMU.US,5,20211022,175500,4.45,4.45,4.45,4.45,300,0
CMU.US,5,20211022,180000,4.45,4.45,4.45,4.45,300,0
CMU.US,5,20211022,180500,4.45,4.45,4.45,4.45,500,0
CMU.US,5,20211022,181000,4.45,4.45,4.45,4.45,100,0
CMU.US,5,20211022,181500,4.46,4.46,4.45,4.45,400,0
CMU.US,5,20211022,182000,4.45,4.45,4.45,4.45,400,0
CMU.US,5,20211022,182500,4.45,4.45,4.45,4.45,300,0
CMU.US,5,20211022,183000,4.45,4.45,4.45,4.45,800,0
CMU.US,5,20211022,183500,4.45,4.45,4.45,4.45,300,0
CMU.US,5,20211022,185000,4.45,4.45,4.45,4.45,300,0
CMU.US,5,20211022,185500,4.45,4.45,4.45,4.45,400,0
CMU.US,5,20211022,190000,4.45,4.45,4.45,4.45,700,0
CMU.US,5,20211022,190500,4.45,4.45,4.45,4.45,400,0
CMU.US,5,20211022,191000,4.45,4.455,4.45,4.45,500,0
CMU.US,5,20211022,191500,4.45,4.45,4.45,4.45,300,0
CMU.US,5,20211022,192000,4.45,4.45,4.45,4.45,300,0
CMU.US,5,20211022,192500,4.45,4.45,4.45,4.45,300,0
CMU.US,5,20211022,193500,4.44,4.44,4.44,4.44,200,0
CMU.US,5,20211022,194000,4.44,4.44,4.44,4.44,300,0
CMU.US,5,20211022,194500,4.44,4.4484,4.44,4.44,600,0
CMU.US,5,20211022,195000,4.44,4.44,4.44,4.44,300,0
CMU.US,5,20211022,195500,4.44,4.44,4.44,4.44,400,0
CMU.US,5,20211022,200000,4.44,4.44,4.44,4.44,300,0
CMU.US,5,20211022,200500,4.44,4.44,4.44,4.44,600,0
CMU.US,5,20211022,201000,4.44,4.4402,4.44,4.44,7700,0
CMU.US,5,20211022,201500,4.44,4.44,4.44,4.44,400,0
CMU.US,5,20211022,202000,4.44,4.45,4.44,4.45,1881,0
CMU.US,5,20211022,202500,4.46,4.46,4.45,4.45,819,0
CMU.US,5,20211022,203000,4.45,4.45,4.45,4.45,400,0
CMU.US,5,20211022,203500,4.45,4.45,4.45,4.45,300,0
CMU.US,5,20211022,204000,4.45,4.45,4.45,4.45,300,0
CMU.US,5,20211022,204500,4.44,4.44,4.44,4.44,300,0
CMU.US,5,20211022,205000,4.44,4.44,4.44,4.44,300,0
CMU.US,5,20211022,205500,4.44,4.465,4.44,4.4602,8332,0
CMU.US,5,20211022,210000,4.46,4.46,4.46,4.46,300,0
CMU.US,5,20211022,210500,4.45,4.45,4.45,4.45,200,0
CMU.US,5,20211022,211000,4.45,4.45,4.44,4.44,300,0
CMU.US,5,20211022,211500,4.44,4.44,4.44,4.44,400,0
CMU.US,5,20211022,212000,4.44,4.44,4.44,4.44,1000,0
CMU.US,5,20211022,212500,4.44,4.44,4.44,4.44,400,0
CMU.US,5,20211022,213000,4.44,4.44,4.44,4.44,400,0
CMU.US,5,20211022,213500,4.44,4.44,4.44,4.44,700,0
CMU.US,5,20211022,214000,4.44,4.44,4.44,4.44,500,0
CMU.US,5,20211022,214500,4.44,4.445,4.44,4.44,1200,0
CMU.US,5,20211022,215000,4.44,4.445,4.44,4.44,1600,0
CMU.US,5,20211022,215500,4.44,4.47,4.44,4.47,3025,0
CMU.US,5,20211025,153000,4.46,4.46,4.46,4.46,1776,0
CMU.US,5,20211025,153500,4.45,4.45,4.45,4.45,400,0
CMU.US,5,20211025,154000,4.45,4.45,4.45,4.45,400,0
CMU.US,5,20211025,154500,4.4518,4.4518,4.45,4.45,700,0
CMU.US,5,20211025,155000,4.45,4.45,4.45,4.45,500,0
CMU.US,5,20211025,155500,4.45,4.45,4.45,4.45,400,0
CMU.US,5,20211025,160000,4.45,4.45,4.45,4.45,400,0
CMU.US,5,20211025,160500,4.45,4.45,4.45,4.45,400,0
CMU.US,5,20211025,161000,4.45,4.45,4.45,4.45,400,0
CMU.US,5,20211025,161500,4.45,4.45,4.45,4.45,300,0
CMU.US,5,20211025,162000,4.45,4.45,4.45,4.45,400,0
CMU.US,5,20211025,162500,4.45,4.4599,4.45,4.4599,2300,0
CMU.US,5,20211025,163000,4.455,4.455,4.45,4.45,500,0
CMU.US,5,20211025,163500,4.45,4.45,4.45,4.45,400,0
CMU.US,5,20211025,164000,4.45,4.45,4.45,4.45,400,0
CMU.US,5,20211025,164500,4.45,4.455,4.45,4.45,400,0
CMU.US,5,20211025,165000,4.45,4.46,4.45,4.45,500,0
CMU.US,5,20211025,165500,4.45,4.45,4.45,4.45,300,0
CMU.US,5,20211025,170000,4.45,4.45,4.45,4.45,400,0
CMU.US,5,20211025,170500,4.44,4.47,4.44,4.47,10800,0
CMU.US,5,20211025,171000,4.46,4.46,4.45,4.45,400,0
CMU.US,5,20211025,172000,4.44,4.44,4.44,4.44,300,0
CMU.US,5,20211025,172500,4.44,4.44,4.44,4.44,400,0
CMU.US,5,20211025,173000,4.44,4.45,4.44,4.45,2600,0
CMU.US,5,20211025,173500,4.4599,4.4599,4.45,4.45,2800,0
CMU.US,5,20211025,174000,4.45,4.455,4.45,4.455,300,0
CMU.US,5,20211025,175000,4.44,4.44,4.44,4.44,300,0
CMU.US,5,20211025,175500,4.44,4.44,4.44,4.44,600,0
CMU.US,5,20211025,180000,4.44,4.44,4.44,4.44,100,0
CMU.US,5,20211025,180500,4.44,4.44,4.44,4.44,300,0
CMU.US,5,20211025,181000,4.44,4.45,4.44,4.44,1355,0
CMU.US,5,20211025,181500,4.44,4.45,4.44,4.44,400,0
CMU.US,5,20211025,182000,4.44,4.44,4.44,4.44,300,0
CMU.US,5,20211025,182500,4.44,4.44,4.44,4.44,300,0
CMU.US,5,20211025,183000,4.44,4.4492,4.44,4.44,461,0
CMU.US,5,20211025,183500,4.44,4.44,4.44,4.44,400,0
CMU.US,5,20211025,184000,4.44,4.45,4.44,4.44,400,0
CMU.US,5,20211025,184500,4.44,4.44,4.44,4.44,627,0
CMU.US,5,20211025,185000,4.44,4.44,4.44,4.44,300,0
CMU.US,5,20211025,185500,4.44,4.44,4.44,4.44,300,0
CMU.US,5,20211025,190000,4.44,4.44,4.44,4.44,200,0
CMU.US,5,20211025,190500,4.44,4.44,4.44,4.44,300,0
CMU.US,5,20211025,191000,4.44,4.44,4.44,4.44,200,0
CMU.US,5,20211025,191500,4.44,4.4408,4.44,4.4408,1300,0
CMU.US,5,20211025,192000,4.44,4.44,4.44,4.44,400,0
CMU.US,5,20211025,192500,4.44,4.445,4.44,4.44,2700,0
CMU.US,5,20211025,193000,4.44,4.44,4.44,4.44,300,0
CMU.US,5,20211025,193500,4.44,4.44,4.43,4.43,700,0
CMU.US,5,20211025,194000,4.43,4.44,4.43,4.43,923,0
CMU.US,5,20211025,194500,4.43,4.43,4.43,4.43,100,0
CMU.US,5,20211025,195000,4.4398,4.4398,4.43,4.43,8300,0
CMU.US,5,20211025,195500,4.43,4.4301,4.43,4.43,650,0
CMU.US,5,20211025,200000,4.43,4.43,4.43,4.43,300,0
CMU.US,5,20211025,200500,4.43,4.43,4.43,4.43,300,0
CMU.US,5,20211025,201000,4.43,4.4466,4.43,4.4466,4300,0
CMU.US,5,20211025,202000,4.445,4.445,4.44,4.44,300,0
CMU.US,5,20211025,202500,4.44,4.44,4.44,4.44,300,0
CMU.US,5,20211025,203000,4.44,4.4457,4.44,4.44,626,0
CMU.US,5,20211025,203500,4.44,4.44,4.44,4.44,300,0
CMU.US,5,20211025,204000,4.44,4.445,4.44,4.44,400,0
CMU.US,5,20211025,204500,4.45,4.475,4.45,4.465,23600,0
CMU.US,5,20211025,205000,4.45,4.45,4.45,4.45,100,0
CMU.US,5,20211025,205500,4.45,4.48,4.45,4.48,9907,0
CMU.US,5,20211025,210000,4.475,4.48,4.47,4.48,3400,0
CMU.US,5,20211025,210500,4.48,4.49,4.48,4.48,7900,0
CMU.US,5,20211025,211000,4.49,4.49,4.47,4.475,6500,0
CMU.US,5,20211025,211500,4.47,4.48,4.47,4.48,8800,0
CMU.US,5,20211025,212000,4.47,4.47,4.46,4.46,600,0
CMU.US,5,20211025,212500,4.47,4.47,4.47,4.47,3098,0
CMU.US,5,20211025,213500,4.47,4.47,4.47,4.47,5100,0
CMU.US,5,20211025,214000,4.47,4.47,4.47,4.47,500,0
CMU.US,5,20211025,214500,4.47,4.475,4.47,4.47,1600,0
CMU.US,5,20211025,215000,4.48,4.485,4.48,4.485,8025,0
CMU.US,5,20211025,215500,4.485,4.485,4.45,4.45,4990,0
CMU.US,5,20211026,160000,4.46,4.46,4.46,4.46,300,0
CMU.US,5,20211026,161500,4.451,4.451,4.451,4.451,200,0
CMU.US,5,20211026,162000,4.45,4.45,4.45,4.45,100,0
CMU.US,5,20211026,162500,4.455,4.455,4.455,4.455,200,0
CMU.US,5,20211026,163000,4.45,4.45,4.45,4.45,1050,0
CMU.US,5,20211026,163500,4.45,4.45,4.44,4.44,1500,0
CMU.US,5,20211026,164000,4.44,4.44,4.44,4.44,100,0
CMU.US,5,20211026,164500,4.44,4.44,4.44,4.44,200,0
CMU.US,5,20211026,165000,4.44,4.44,4.44,4.44,200,0
CMU.US,5,20211026,165500,4.44,4.44,4.44,4.44,200,0
CMU.US,5,20211026,170000,4.44,4.44,4.44,4.44,200,0
CMU.US,5,20211026,170500,4.44,4.44,4.44,4.44,200,0
CMU.US,5,20211026,171000,4.44,4.44,4.44,4.44,100,0
CMU.US,5,20211026,171500,4.44,4.4453,4.44,4.4453,325,0
CMU.US,5,20211026,172500,4.44,4.44,4.44,4.44,965,0
CMU.US,5,20211026,173000,4.44,4.44,4.44,4.44,100,0
CMU.US,5,20211026,173500,4.44,4.44,4.44,4.44,200,0
CMU.US,5,20211026,174000,4.44,4.44,4.44,4.44,100,0
CMU.US,5,20211026,174500,4.44,4.44,4.44,4.44,2600,0
CMU.US,5,20211026,175000,4.44,4.445,4.43,4.43,4200,0
CMU.US,5,20211026,175500,4.43,4.44,4.43,4.44,880,0
CMU.US,5,20211026,181500,4.43,4.43,4.43,4.43,100,0
CMU.US,5,20211026,182000,4.43,4.45,4.43,4.45,900,0
CMU.US,5,20211026,182500,4.44,4.44,4.44,4.44,200,0
CMU.US,5,20211026,183000,4.43,4.43,4.43,4.43,100,0
CMU.US,5,20211026,183500,4.43,4.43,4.43,4.43,200,0
CMU.US,5,20211026,184000,4.43,4.43,4.43,4.43,100,0
CMU.US,5,20211026,184500,4.43,4.43,4.43,4.43,100,0
CMU.US,5,20211026,185000,4.43,4.4308,4.43,4.4308,700,0
CMU.US,5,20211026,190000,4.4395,4.4395,4.4395,4.4395,225,0
CMU.US,5,20211026,192000,4.44,4.44,4.44,4.44,1100,0
CMU.US,5,20211026,192500,4.44,4.45,4.44,4.45,700,0
CMU.US,5,20211026,193000,4.44,4.44,4.44,4.44,200,0
CMU.US,5,20211026,193500,4.44,4.44,4.44,4.44,200,0
CMU.US,5,20211026,194000,4.44,4.445,4.44,4.44,400,0
CMU.US,5,20211026,194500,4.44,4.44,4.44,4.44,200,0
CMU.US,5,20211026,195000,4.44,4.45,4.44,4.45,710,0
CMU.US,5,20211026,195500,4.44,4.44,4.44,4.44,100,0
CMU.US,5,20211026,200000,4.44,4.44,4.44,4.44,200,0
CMU.US,5,20211026,200500,4.44,4.44,4.44,4.44,200,0
CMU.US,5,20211026,201000,4.44,4.44,4.44,4.44,300,0
CMU.US,5,20211026,201500,4.44,4.44,4.44,4.44,100,0
CMU.US,5,20211026,202500,4.43,4.43,4.43,4.43,2669,0
CMU.US,5,20211026,204000,4.45,4.45,4.44,4.44,2861,0
CMU.US,5,20211026,210000,4.44,4.44,4.44,4.44,200,0
CMU.US,5,20211026,210500,4.44,4.45,4.44,4.45,5429,0
CMU.US,5,20211026,211000,4.46,4.47,4.46,4.46,1413,0
CMU.US,5,20211026,211500,4.46,4.46,4.46,4.46,400,0
CMU.US,5,20211026,212000,4.46,4.46,4.46,4.46,200,0
CMU.US,5,20211026,212500,4.47,4.47,4.47,4.47,300,0
CMU.US,5,20211026,213000,4.47,4.47,4.47,4.47,600,0
CMU.US,5,20211026,213500,4.47,4.47,4.47,4.47,400,0
CMU.US,5,20211026,214000,4.47,4.47,4.47,4.47,100,0
CMU.US,5,20211026,214500,4.47,4.47,4.46,4.46,2920,0
CMU.US,5,20211026,215000,4.46,4.4799,4.46,4.4799,11700,0
CMU.US,5,20211026,215500,4.46,4.48,4.46,4.48,2000,0
CMU.US,5,20211027,153000,4.47,4.47,4.47,4.47,6730,0
CMU.US,5,20211027,153500,4.4797,4.48,4.47,4.4798,3293,0
CMU.US,5,20211027,154000,4.48,4.48,4.48,4.48,100,0
CMU.US,5,20211027,154500,4.48,4.49,4.48,4.4816,1478,0
CMU.US,5,20211027,155000,4.49,4.49,4.49,4.49,100,0
CMU.US,5,20211027,160000,4.49,4.49,4.49,4.49,100,0
CMU.US,5,20211027,160500,4.47,4.48,4.47,4.48,300,0
CMU.US,5,20211027,161000,4.46,4.46,4.46,4.46,200,0
CMU.US,5,20211027,161500,4.46,4.46,4.46,4.46,100,0
CMU.US,5,20211027,163000,4.47,4.47,4.47,4.47,100,0
CMU.US,5,20211027,164000,4.47,4.47,4.47,4.47,100,0
CMU.US,5,20211027,165000,4.47,4.47,4.47,4.47,100,0
CMU.US,5,20211027,170500,4.465,4.465,4.46,4.46,600,0
CMU.US,5,20211027,173500,4.455,4.455,4.45,4.45,300,0
CMU.US,5,20211027,174000,4.45,4.45,4.45,4.45,300,0
CMU.US,5,20211027,174500,4.45,4.45,4.45,4.45,200,0
CMU.US,5,20211027,175000,4.45,4.45,4.45,4.45,300,0
CMU.US,5,20211027,175500,4.45,4.45,4.45,4.45,300,0
CMU.US,5,20211027,180500,4.45,4.45,4.445,4.445,200,0
CMU.US,5,20211027,181000,4.44,4.445,4.44,4.445,300,0
CMU.US,5,20211027,181500,4.44,4.45,4.44,4.45,500,0
CMU.US,5,20211027,182000,4.455,4.46,4.455,4.46,2990,0
CMU.US,5,20211027,182500,4.45,4.45,4.45,4.45,100,0
CMU.US,5,20211027,183000,4.45,4.45,4.45,4.45,200,0
CMU.US,5,20211027,183500,4.45,4.47,4.45,4.47,200,0
CMU.US,5,20211027,184000,4.45,4.47,4.45,4.45,500,0
CMU.US,5,20211027,184500,4.46,4.46,4.45,4.45,200,0
CMU.US,5,20211027,185000,4.45,4.45,4.45,4.45,200,0
CMU.US,5,20211027,185500,4.45,4.45,4.45,4.45,200,0
CMU.US,5,20211027,190000,4.45,4.47,4.45,4.47,200,0
CMU.US,5,20211027,190500,4.45,4.4679,4.45,4.46,800,0
CMU.US,5,20211027,191000,4.45,4.47,4.45,4.47,200,0
CMU.US,5,20211027,191500,4.45,4.45,4.45,4.45,300,0
CMU.US,5,20211027,192000,4.46,4.46,4.45,4.45,200,0
CMU.US,5,20211027,192500,4.45,4.45,4.45,4.45,200,0
CMU.US,5,20211027,193000,4.45,4.47,4.45,4.45,300,0
CMU.US,5,20211027,193500,4.45,4.45,4.45,4.45,200,0
CMU.US,5,20211027,194000,4.45,4.46,4.45,4.46,200,0
CMU.US,5,20211027,194500,4.45,4.46,4.45,4.46,200,0
CMU.US,5,20211027,195000,4.45,4.45,4.45,4.45,200,0
CMU.US,5,20211027,195500,4.45,4.46,4.45,4.46,300,0
CMU.US,5,20211027,200000,4.45,4.45,4.45,4.45,100,0
CMU.US,5,20211027,200500,4.45,4.45,4.45,4.45,200,0
CMU.US,5,20211027,201000,4.45,4.47,4.45,4.4519,1028,0
CMU.US,5,20211027,201500,4.45,4.45,4.45,4.45,200,0
CMU.US,5,20211027,202000,4.45,4.47,4.45,4.4518,1264,0
CMU.US,5,20211027,202500,4.45,4.45,4.45,4.45,200,0
CMU.US,5,20211027,203000,4.47,4.47,4.45,4.45,300,0
CMU.US,5,20211027,203500,4.45,4.45,4.45,4.45,200,0
CMU.US,5,20211027,204000,4.45,4.45,4.45,4.45,200,0
CMU.US,5,20211027,204500,4.45,4.46,4.45,4.46,200,0
CMU.US,5,20211027,205000,4.45,4.45,4.45,4.45,100,0
CMU.US,5,20211027,205500,4.45,4.4575,4.45,4.45,520,0
CMU.US,5,20211027,210000,4.4512,4.4512,4.45,4.45,400,0
CMU.US,5,20211027,210500,4.45,4.46,4.45,4.46,6621,0
CMU.US,5,20211027,211000,4.46,4.46,4.46,4.46,100,0
CMU.US,5,20211027,211500,4.46,4.46,4.46,4.46,200,0
CMU.US,5,20211027,212000,4.46,4.46,4.455,4.46,1000,0
CMU.US,5,20211027,212500,4.45,4.4698,4.45,4.45,2552,0
CMU.US,5,20211027,213000,4.45,4.45,4.45,4.45,400,0
CMU.US,5,20211027,213500,4.45,4.45,4.45,4.45,500,0
CMU.US,5,20211027,214000,4.45,4.46,4.45,4.45,3500,0
CMU.US,5,20211027,214500,4.45,4.45,4.45,4.45,500,0
CMU.US,5,20211027,215000,4.45,4.45,4.45,4.45,2275,0
CMU.US,5,20211027,215500,4.45,4.45,4.44,4.44,2988,0
CMU.US,5,20211028,153000,4.45,4.45,4.45,4.45,2427,0
CMU.US,5,20211028,154500,4.45,4.45,4.45,4.45,1100,0
CMU.US,5,20211028,155000,4.44,4.44,4.44,4.44,4997,0
CMU.US,5,20211028,173000,4.44,4.44,4.44,4.44,200,0
CMU.US,5,20211028,173500,4.44,4.44,4.44,4.44,500,0
CMU.US,5,20211028,174000,4.44,4.44,4.44,4.44,300,0
CMU.US,5,20211028,174500,4.44,4.44,4.44,4.44,300,0
CMU.US,5,20211028,175000,4.44,4.44,4.44,4.44,400,0
CMU.US,5,20211028,175500,4.44,4.44,4.44,4.44,600,0
CMU.US,5,20211028,180000,4.44,4.44,4.43,4.43,400,0
CMU.US,5,20211028,180500,4.43,4.43,4.43,4.43,400,0
CMU.US,5,20211028,181000,4.43,4.4318,4.43,4.43,1067,0
CMU.US,5,20211028,181500,4.43,4.43,4.43,4.43,400,0
CMU.US,5,20211028,182000,4.43,4.43,4.43,4.43,600,0
CMU.US,5,20211028,182500,4.44,4.44,4.43,4.43,522,0
CMU.US,5,20211028,183000,4.43,4.43,4.43,4.43,400,0
CMU.US,5,20211028,183500,4.43,4.43,4.43,4.43,100,0
CMU.US,5,20211028,184000,4.43,4.43,4.43,4.43,400,0
CMU.US,5,20211028,184500,4.43,4.43,4.43,4.43,200,0
CMU.US,5,20211028,185000,4.43,4.43,4.43,4.43,300,0
CMU.US,5,20211028,185500,4.43,4.43,4.43,4.43,400,0
CMU.US,5,20211028,190000,4.43,4.43,4.43,4.43,300,0
CMU.US,5,20211028,190500,4.43,4.43,4.43,4.43,300,0
CMU.US,5,20211028,191000,4.43,4.43,4.43,4.43,400,0
CMU.US,5,20211028,191500,4.43,4.43,4.43,4.43,300,0
CMU.US,5,20211028,192000,4.43,4.43,4.43,4.43,400,0
CMU.US,5,20211028,192500,4.43,4.43,4.43,4.43,300,0
CMU.US,5,20211028,193000,4.43,4.44,4.43,4.44,300,0
CMU.US,5,20211028,193500,4.43,4.435,4.43,4.435,400,0
CMU.US,5,20211028,194000,4.43,4.43,4.43,4.43,202,0
CMU.US,5,20211028,194500,4.43,4.43,4.43,4.43,400,0
CMU.US,5,20211028,195000,4.43,4.43,4.43,4.43,400,0
CMU.US,5,20211028,195500,4.43,4.43,4.43,4.43,300,0
CMU.US,5,20211028,200000,4.43,4.43,4.43,4.43,600,0
CMU.US,5,20211028,200500,4.43,4.43,4.43,4.43,300,0
CMU.US,5,20211028,201000,4.43,4.4484,4.43,4.4484,2300,0
CMU.US,5,20211028,201500,4.43,4.43,4.43,4.43,400,0
CMU.US,5,20211028,202000,4.43,4.43,4.43,4.43,400,0
CMU.US,5,20211028,202500,4.43,4.43,4.43,4.43,400,0
CMU.US,5,20211028,203000,4.43,4.43,4.43,4.43,400,0
CMU.US,5,20211028,203500,4.43,4.43,4.43,4.43,300,0
CMU.US,5,20211028,204000,4.43,4.43,4.43,4.43,400,0
CMU.US,5,20211028,204500,4.43,4.4301,4.43,4.43,2700,0
CMU.US,5,20211028,205000,4.43,4.43,4.43,4.43,400,0
CMU.US,5,20211028,205500,4.43,4.43,4.43,4.43,400,0
CMU.US,5,20211028,210000,4.43,4.43,4.43,4.43,400,0
CMU.US,5,20211028,210500,4.43,4.43,4.43,4.43,400,0
CMU.US,5,20211028,211000,4.43,4.43,4.43,4.43,600,0
CMU.US,5,20211028,211500,4.43,4.43,4.43,4.43,500,0
CMU.US,5,20211028,212000,4.435,4.4495,4.43,4.4495,3000,0
CMU.US,5,20211028,212500,4.43,4.43,4.43,4.43,600,0
CMU.US,5,20211028,213000,4.43,4.43,4.43,4.43,600,0
CMU.US,5,20211028,213500,4.43,4.43,4.43,4.43,4200,0
CMU.US,5,20211028,214000,4.43,4.44,4.43,4.43,950,0
CMU.US,5,20211028,214500,4.43,4.43,4.43,4.43,1900,0
CMU.US,5,20211028,215000,4.43,4.44,4.43,4.435,6960,0
CMU.US,5,20211028,215500,4.43,4.44,4.43,4.43,4135,0
CMU.US,5,20211029,153000,4.43,4.43,4.43,4.43,5725,0
CMU.US,5,20211029,154000,4.43,4.43,4.43,4.43,900,0
CMU.US,5,20211029,154500,4.43,4.43,4.43,4.43,513,0
CMU.US,5,20211029,160000,4.4476,4.4476,4.4466,4.4466,1111,0
CMU.US,5,20211029,160500,4.45,4.45,4.45,4.45,400,0
CMU.US,5,20211029,161000,4.45,4.46,4.45,4.46,8584,0
CMU.US,5,20211029,165500,4.465,4.465,4.465,4.465,145,0
CMU.US,5,20211029,173000,4.46,4.46,4.46,4.46,300,0
CMU.US,5,20211029,173500,4.46,4.46,4.46,4.46,200,0
CMU.US,5,20211029,174000,4.45,4.45,4.45,4.45,200,0
CMU.US,5,20211029,174500,4.45,4.45,4.45,4.45,200,0
CMU.US,5,20211029,175000,4.45,4.45,4.45,4.45,200,0
CMU.US,5,20211029,180000,4.45,4.45,4.45,4.45,200,0
CMU.US,5,20211029,180500,4.45,4.45,4.45,4.45,200,0
CMU.US,5,20211029,181000,4.45,4.45,4.45,4.45,200,0
CMU.US,5,20211029,181500,4.45,4.45,4.45,4.45,200,0
CMU.US,5,20211029,182000,4.45,4.45,4.45,4.45,200,0
CMU.US,5,20211029,182500,4.45,4.45,4.45,4.45,200,0
CMU.US,5,20211029,183000,4.45,4.45,4.45,4.45,200,0
CMU.US,5,20211029,184000,4.45,4.45,4.45,4.45,200,0
CMU.US,5,20211029,184500,4.45,4.45,4.45,4.45,200,0
CMU.US,5,20211029,185000,4.45,4.45,4.45,4.45,200,0
CMU.US,5,20211029,185500,4.45,4.45,4.45,4.45,200,0
CMU.US,5,20211029,190000,4.4689,4.4689,4.46,4.46,400,0
CMU.US,5,20211029,190500,4.4691,4.4691,4.4691,4.4691,800,0
CMU.US,5,20211029,191000,4.46,4.46,4.46,4.46,200,0
CMU.US,5,20211029,191500,4.455,4.455,4.455,4.455,100,0
CMU.US,5,20211029,193000,4.45,4.46,4.45,4.46,700,0
CMU.US,5,20211029,193500,4.46,4.46,4.46,4.46,200,0
CMU.US,5,20211029,194500,4.46,4.46,4.46,4.46,200,0
CMU.US,5,20211029,195000,4.46,4.4699,4.46,4.4699,420,0
CMU.US,5,20211029,195500,4.46,4.46,4.45,4.45,1668,0
CMU.US,5,20211029,200000,4.45,4.45,4.45,4.45,200,0
CMU.US,5,20211029,200500,4.45,4.45,4.45,4.45,200,0
CMU.US,5,20211029,201500,4.45,4.45,4.45,4.45,200,0
CMU.US,5,20211029,202000,4.45,4.4599,4.45,4.4586,2250,0
CMU.US,5,20211029,202500,4.455,4.455,4.45,4.45,200,0
CMU.US,5,20211029,203000,4.45,4.45,4.45,4.45,200,0
CMU.US,5,20211029,203500,4.45,4.45,4.45,4.45,200,0
CMU.US,5,20211029,204000,4.46,4.46,4.45,4.45,2200,0
CMU.US,5,20211029,205000,4.45,4.45,4.45,4.45,200,0
CMU.US,5,20211029,205500,4.45,4.45,4.45,4.45,200,0
CMU.US,5,20211029,210000,4.45,4.45,4.45,4.45,200,0
CMU.US,5,20211029,210500,4.45,4.45,4.45,4.45,300,0
CMU.US,5,20211029,211000,4.45,4.45,4.45,4.45,200,0
CMU.US,5,20211029,211500,4.45,4.46,4.45,4.46,3239,0
CMU.US,5,20211029,212000,4.45,4.45,4.45,4.45,400,0
CMU.US,5,20211029,212500,4.455,4.46,4.455,4.46,960,0
CMU.US,5,20211029,213000,4.46,4.46,4.46,4.46,200,0
CMU.US,5,20211029,213500,4.46,4.46,4.46,4.46,300,0
CMU.US,5,20211029,214000,4.46,4.47,4.46,4.46,688,0
CMU.US,5,20211029,214500,4.46,4.46,4.46,4.46,400,0
CMU.US,5,20211029,215000,4.46,4.46,4.46,4.46,700,0
CMU.US,5,20211029,215500,4.46,4.47,4.46,4.47,1982,0
CMU.US,5,20211101,143000,4.46,4.46,4.46,4.46,4040,0
CMU.US,5,20211101,144000,4.46,4.46,4.46,4.46,300,0
CMU.US,5,20211101,145000,4.46,4.465,4.46,4.465,700,0
CMU.US,5,20211101,145500,4.46,4.4683,4.46,4.4683,200,0
CMU.US,5,20211101,150000,4.472,4.48,4.465,4.48,1729,0
CMU.US,5,20211101,152000,4.46,4.48,4.46,4.47,1452,0
CMU.US,5,20211101,152500,4.47,4.47,4.47,4.47,300,0
CMU.US,5,20211101,153000,4.47,4.47,4.47,4.47,200,0
CMU.US,5,20211101,153500,4.47,4.47,4.47,4.47,100,0
CMU.US,5,20211101,154000,4.47,4.47,4.47,4.47,200,0
CMU.US,5,20211101,154500,4.47,4.47,4.47,4.47,100,0
CMU.US,5,20211101,155000,4.47,4.47,4.47,4.47,100,0
CMU.US,5,20211101,155500,4.47,4.47,4.47,4.47,200,0
CMU.US,5,20211101,160500,4.47,4.4792,4.47,4.4792,600,0
CMU.US,5,20211101,161000,4.47,4.47,4.47,4.47,200,0
CMU.US,5,20211101,161500,4.47,4.47,4.47,4.47,100,0
CMU.US,5,20211101,162000,4.47,4.47,4.47,4.47,100,0
CMU.US,5,20211101,162500,4.47,4.47,4.47,4.47,100,0
CMU.US,5,20211101,163000,4.47,4.47,4.47,4.47,100,0
CMU.US,5,20211101,163500,4.47,4.5,4.47,4.5,12380,0
CMU.US,5,20211101,170000,4.49,4.49,4.49,4.49,2500,0
CMU.US,5,20211101,173500,4.48,4.48,4.48,4.48,100,0
CMU.US,5,20211101,174000,4.48,4.48,4.48,4.48,100,0
CMU.US,5,20211101,174500,4.48,4.48,4.48,4.48,200,0
CMU.US,5,20211101,175000,4.485,4.485,4.48,4.485,500,0
CMU.US,5,20211101,175500,4.48,4.48,4.48,4.48,1000,0
CMU.US,5,20211101,180000,4.48,4.48,4.48,4.48,100,0
CMU.US,5,20211101,180500,4.485,4.49,4.48,4.48,3298,0
CMU.US,5,20211101,181000,4.48,4.48,4.48,4.48,100,0
CMU.US,5,20211101,181500,4.48,4.48,4.48,4.48,100,0
CMU.US,5,20211101,182000,4.48,4.48,4.48,4.48,200,0
CMU.US,5,20211101,182500,4.48,4.48,4.48,4.48,100,0
CMU.US,5,20211101,183000,4.48,4.48,4.48,4.48,200,0
CMU.US,5,20211101,183500,4.48,4.48,4.48,4.48,100,0
CMU.US,5,20211101,184000,4.48,4.48,4.48,4.48,200,0
CMU.US,5,20211101,184500,4.48,4.484,4.48,4.484,263,0
CMU.US,5,20211101,185000,4.48,4.48,4.48,4.48,200,0
CMU.US,5,20211101,185500,4.48,4.48,4.48,4.48,200,0
CMU.US,5,20211101,190000,4.48,4.48,4.48,4.48,100,0
CMU.US,5,20211101,190500,4.48,4.48,4.48,4.48,200,0
CMU.US,5,20211101,191000,4.48,4.48,4.48,4.48,200,0
CMU.US,5,20211101,191500,4.48,4.48,4.48,4.48,200,0
CMU.US,5,20211101,192000,4.48,4.48,4.48,4.48,200,0
CMU.US,5,20211101,192500,4.48,4.48,4.48,4.48,200,0
CMU.US,5,20211101,193000,4.49,4.5,4.4897,4.49,2637,0
CMU.US,5,20211101,193500,4.49,4.49,4.49,4.49,200,0
CMU.US,5,20211101,194000,4.49,4.49,4.49,4.49,1619,0
CMU.US,5,20211101,194500,4.49,4.49,4.48,4.48,1520,0
CMU.US,5,20211101,195000,4.48,4.48,4.48,4.48,200,0
CMU.US,5,20211101,195500,4.48,4.48,4.48,4.48,300,0
CMU.US,5,20211101,200000,4.48,4.48,4.48,4.48,600,0
CMU.US,5,20211101,202000,4.4755,4.4755,4.4755,4.4755,3349,0
CMU.US,5,20211101,203000,4.47,4.48,4.47,4.47,900,0
CMU.US,5,20211101,203500,4.48,4.48,4.47,4.47,400,0
CMU.US,5,20211101,204000,4.47,4.48,4.47,4.47,2535,0
CMU.US,5,20211101,204500,4.47,4.48,4.47,4.48,2387,0
CMU.US,5,20211101,205000,4.47,4.47,4.47,4.47,800,0
CMU.US,5,20211101,205500,4.47,4.47,4.47,4.47,2525,0
CMU.US,5,20211102,143000,4.48,4.48,4.48,4.48,2142,0
CMU.US,5,20211102,143500,4.48,4.5,4.48,4.495,8371,0
CMU.US,5,20211102,150500,4.49,4.49,4.49,4.49,200,0
CMU.US,5,20211102,151000,4.48,4.48,4.48,4.48,200,0
CMU.US,5,20211102,151500,4.48,4.48,4.48,4.48,100,0
CMU.US,5,20211102,152000,4.48,4.485,4.48,4.48,1411,0
CMU.US,5,20211102,152500,4.48,4.48,4.48,4.48,100,0
CMU.US,5,20211102,153000,4.48,4.48,4.48,4.48,200,0
CMU.US,5,20211102,153500,4.48,4.48,4.48,4.48,200,0
CMU.US,5,20211102,154000,4.48,4.48,4.48,4.48,100,0
CMU.US,5,20211102,154500,4.48,4.48,4.48,4.48,200,0
CMU.US,5,20211102,155000,4.48,4.48,4.48,4.48,100,0
CMU.US,5,20211102,155500,4.48,4.48,4.48,4.48,100,0
CMU.US,5,20211102,160000,4.48,4.48,4.48,4.48,200,0
CMU.US,5,20211102,160500,4.48,4.48,4.48,4.48,100,0
CMU.US,5,20211102,161500,4.4801,4.489,4.48,4.489,2203,0
CMU.US,5,20211102,162000,4.49,4.49,4.49,4.49,1699,0
CMU.US,5,20211102,163000,4.49,4.5,4.49,4.5,1400,0
CMU.US,5,20211102,164500,4.5,4.5,4.5,4.5,200,0
CMU.US,5,20211102,165000,4.5,4.5,4.5,4.5,374,0
CMU.US,5,20211102,165500,4.5,4.5002,4.4801,4.49,17707,0
CMU.US,5,20211102,170000,4.48,4.48,4.48,4.48,200,0
CMU.US,5,20211102,170500,4.48,4.48,4.48,4.48,100,0
CMU.US,5,20211102,171000,4.48,4.48,4.48,4.48,200,0
CMU.US,5,20211102,172000,4.48,4.48,4.48,4.48,100,0
CMU.US,5,20211102,172500,4.48,4.48,4.48,4.48,100,0
CMU.US,5,20211102,173000,4.48,4.48,4.48,4.48,100,0
CMU.US,5,20211102,173500,4.48,4.48,4.48,4.48,100,0
CMU.US,5,20211102,174000,4.48,4.48,4.48,4.48,100,0
CMU.US,5,20211102,174500,4.48,4.48,4.48,4.48,100,0
CMU.US,5,20211102,175000,4.48,4.48,4.48,4.48,200,0
CMU.US,5,20211102,175500,4.48,4.48,4.48,4.48,100,0
CMU.US,5,20211102,180000,4.48,4.48,4.48,4.48,100,0
CMU.US,5,20211102,180500,4.48,4.48,4.48,4.48,100,0
CMU.US,5,20211102,181000,4.48,4.48,4.48,4.48,100,0
CMU.US,5,20211102,181500,4.48,4.48,4.48,4.48,100,0
CMU.US,5,20211102,182500,4.48,4.48,4.48,4.48,100,0
CMU.US,5,20211102,183000,4.48,4.48,4.48,4.48,1753,0
CMU.US,5,20211102,184000,4.48,4.48,4.48,4.48,200,0
CMU.US,5,20211102,185000,4.48,4.48,4.48,4.48,300,0
CMU.US,5,20211102,185500,4.48,4.48,4.48,4.48,100,0
CMU.US,5,20211102,190000,4.48,4.48,4.48,4.48,100,0
CMU.US,5,20211102,190500,4.48,4.4802,4.48,4.48,8069,0
CMU.US,5,20211102,191000,4.48,4.48,4.48,4.48,200,0
CMU.US,5,20211102,191500,4.48,4.48,4.48,4.48,2500,0
CMU.US,5,20211102,192000,4.47,4.47,4.47,4.47,100,0
CMU.US,5,20211102,192500,4.47,4.47,4.47,4.47,1220,0
CMU.US,5,20211102,193000,4.47,4.47,4.47,4.47,200,0
CMU.US,5,20211102,193500,4.47,4.47,4.47,4.47,100,0
CMU.US,5,20211102,194000,4.47,4.48,4.47,4.47,15200,0
CMU.US,5,20211102,194500,4.47,4.48,4.47,4.48,5800,0
CMU.US,5,20211102,200000,4.48,4.485,4.48,4.485,750,0
CMU.US,5,20211102,200500,4.48,4.48,4.48,4.48,100,0
CMU.US,5,20211102,201000,4.48,4.48,4.48,4.48,200,0
CMU.US,5,20211102,201500,4.48,4.48,4.48,4.48,200,0
CMU.US,5,20211102,202000,4.48,4.48,4.48,4.48,100,0
CMU.US,5,20211102,202500,4.48,4.48,4.48,4.48,200,0
CMU.US,5,20211102,203000,4.48,4.48,4.48,4.48,200,0
CMU.US,5,20211102,203500,4.48,4.48,4.48,4.48,200,0
CMU.US,5,20211102,204000,4.485,4.485,4.48,4.48,300,0
CMU.US,5,20211102,204500,4.48,4.48,4.48,4.48,100,0
CMU.US,5,20211102,205000,4.48,4.48,4.48,4.48,400,0
CMU.US,5,20211102,205500,4.48,4.49,4.48,4.49,800,0
CMU.US,5,20211103,143000,4.49,4.49,4.49,4.49,1461,0
CMU.US,5,20211103,143500,4.49,4.49,4.49,4.49,505,0
CMU.US,5,20211103,145500,4.48,4.48,4.48,4.48,1300,0
CMU.US,5,20211103,151500,4.48,4.48,4.48,4.48,815,0
CMU.US,5,20211103,152000,4.485,4.49,4.485,4.49,1600,0
CMU.US,5,20211103,153500,4.485,4.49,4.485,4.49,4100,0
CMU.US,5,20211103,154000,4.48,4.48,4.48,4.48,200,0
CMU.US,5,20211103,155500,4.48,4.48,4.48,4.48,100,0
CMU.US,5,20211103,160000,4.48,4.48,4.48,4.48,100,0
CMU.US,5,20211103,160500,4.48,4.48,4.48,4.48,200,0
CMU.US,5,20211103,161000,4.48,4.48,4.48,4.48,100,0
CMU.US,5,20211103,161500,4.48,4.48,4.48,4.48,100,0
CMU.US,5,20211103,162000,4.48,4.48,4.48,4.48,100,0
CMU.US,5,20211103,162500,4.48,4.48,4.48,4.48,100,0
CMU.US,5,20211103,163000,4.48,4.48,4.48,4.48,200,0
CMU.US,5,20211103,163500,4.48,4.48,4.48,4.48,100,0
CMU.US,5,20211103,164000,4.485,4.485,4.485,4.485,400,0
CMU.US,5,20211103,165000,4.4893,4.49,4.485,4.485,3000,0
CMU.US,5,20211103,170000,4.485,4.485,4.485,4.485,200,0
CMU.US,5,20211103,171000,4.485,4.485,4.485,4.485,200,0
CMU.US,5,20211103,172000,4.485,4.485,4.485,4.485,200,0
CMU.US,5,20211103,173000,4.485,4.485,4.485,4.485,200,0
CMU.US,5,20211103,174000,4.485,4.485,4.485,4.485,200,0
CMU.US,5,20211103,175000,4.49,4.49,4.49,4.49,2128,0
CMU.US,5,20211103,175500,4.485,4.485,4.485,4.485,200,0
CMU.US,5,20211103,180500,4.485,4.485,4.485,4.485,300,0
CMU.US,5,20211103,181500,4.49,4.51,4.49,4.51,9605,0
CMU.US,5,20211103,182000,4.51,4.52,4.51,4.52,1800,0
CMU.US,5,20211103,182500,4.52,4.52,4.52,4.52,2040,0
CMU.US,5,20211103,183000,4.52,4.52,4.5101,4.52,2500,0
CMU.US,5,20211103,183500,4.52,4.52,4.52,4.52,1800,0
CMU.US,5,20211103,184000,4.52,4.52,4.52,4.52,8211,0
CMU.US,5,20211103,185000,4.5,4.5,4.5,4.5,100,0
CMU.US,5,20211103,185500,4.5,4.5,4.5,4.5,100,0
CMU.US,5,20211103,190000,4.5,4.5,4.5,4.5,100,0
CMU.US,5,20211103,190500,4.5,4.5,4.49,4.49,1453,0
CMU.US,5,20211103,191000,4.49,4.4905,4.49,4.4905,400,0
CMU.US,5,20211103,191500,4.49,4.49,4.49,4.49,1700,0
CMU.US,5,20211103,192000,4.49,4.495,4.49,4.495,3100,0
CMU.US,5,20211103,192500,4.49,4.49,4.49,4.49,200,0
CMU.US,5,20211103,193000,4.49,4.49,4.49,4.49,100,0
CMU.US,5,20211103,193500,4.49,4.49,4.49,4.49,200,0
CMU.US,5,20211103,194000,4.49,4.4922,4.49,4.49,6400,0
CMU.US,5,20211103,194500,4.49,4.49,4.49,4.49,200,0
CMU.US,5,20211103,195000,4.49,4.49,4.49,4.49,200,0
CMU.US,5,20211103,195500,4.49,4.49,4.49,4.49,100,0
CMU.US,5,20211103,200000,4.49,4.495,4.49,4.49,444,0
CMU.US,5,20211103,200500,4.49,4.49,4.49,4.49,200,0
CMU.US,5,20211103,201000,4.49,4.49,4.49,4.49,100,0
CMU.US,5,20211103,201500,4.49,4.49,4.49,4.49,200,0
CMU.US,5,20211103,202000,4.49,4.49,4.49,4.49,200,0
CMU.US,5,20211103,202500,4.49,4.49,4.49,4.49,200,0
CMU.US,5,20211103,203000,4.49,4.49,4.49,4.49,9300,0
CMU.US,5,20211103,203500,4.49,4.49,4.49,4.49,7100,0
CMU.US,5,20211103,204000,4.4908,4.4908,4.49,4.49,1058,0
CMU.US,5,20211103,204500,4.49,4.49,4.49,4.49,400,0
CMU.US,5,20211103,205000,4.49,4.495,4.49,4.49,600,0
CMU.US,5,20211103,205500,4.49,4.5,4.49,4.49,1550,0
CMU.US,5,20211104,143000,4.49,4.51,4.49,4.51,4612,0
CMU.US,5,20211104,152500,4.52,4.52,4.515,4.515,1005,0
CMU.US,5,20211104,160000,4.515,4.515,4.515,4.515,355,0
CMU.US,5,20211104,162000,4.51,4.51,4.51,4.51,800,0
CMU.US,5,20211104,162500,4.5,4.5,4.5,4.5,100,0
CMU.US,5,20211104,163000,4.5,4.5,4.5,4.5,100,0
CMU.US,5,20211104,175000,4.5,4.5,4.5,4.5,100,0
CMU.US,5,20211104,180000,4.5,4.5,4.5,4.5,100,0
CMU.US,5,20211104,182500,4.51,4.51,4.51,4.51,500,0
CMU.US,5,20211104,183500,4.5,4.5,4.5,4.5,100,0
CMU.US,5,20211104,185000,4.51,4.51,4.51,4.51,200,0
CMU.US,5,20211104,190000,4.51,4.51,4.51,4.51,500,0
CMU.US,5,20211104,190500,4.5,4.5,4.5,4.5,200,0
CMU.US,5,20211104,191500,4.51,4.51,4.51,4.51,600,0
CMU.US,5,20211104,192000,4.5,4.5,4.5,4.5,100,0
CMU.US,5,20211104,192500,4.51,4.51,4.51,4.51,600,0
CMU.US,5,20211104,193000,4.5,4.5,4.5,4.5,200,0
CMU.US,5,20211104,193500,4.5,4.505,4.5,4.505,1146,0
CMU.US,5,20211104,194000,4.5,4.5,4.5,4.5,1500,0
CMU.US,5,20211104,194500,4.5,4.5,4.5,4.5,800,0
CMU.US,5,20211104,195000,4.5,4.5,4.5,4.5,800,0
CMU.US,5,20211104,195500,4.5,4.5,4.5,4.5,8100,0
CMU.US,5,20211104,200000,4.49,4.495,4.49,4.495,600,0
CMU.US,5,20211104,200500,4.49,4.495,4.49,4.49,2100,0
CMU.US,5,20211104,201000,4.49,4.49,4.48,4.48,600,0
CMU.US,5,20211104,201500,4.48,4.48,4.48,4.48,700,0
CMU.US,5,20211104,202000,4.48,4.48,4.48,4.48,1100,0
CMU.US,5,20211104,202500,4.48,4.48,4.48,4.48,700,0
CMU.US,5,20211104,203000,4.48,4.48,4.48,4.48,700,0
CMU.US,5,20211104,203500,4.48,4.48,4.48,4.48,600,0
CMU.US,5,20211104,204000,4.48,4.48,4.48,4.48,1940,0
CMU.US,5,20211104,204500,4.48,4.49,4.48,4.49,3861,0
CMU.US,5,20211104,205000,4.49,4.49,4.49,4.49,2800,0
CMU.US,5,20211104,205500,4.49,4.49,4.49,4.49,2236,0
CMU.US,5,20211105,143000,4.49,4.5,4.49,4.5,2193,0
CMU.US,5,20211105,144500,4.52,4.52,4.52,4.52,500,0
CMU.US,5,20211105,145000,4.53,4.53,4.53,4.53,500,0
CMU.US,5,20211105,151500,4.5264,4.5264,4.5264,4.5264,3863,0
CMU.US,5,20211105,155500,4.53,4.53,4.53,4.53,3753,0
CMU.US,5,20211105,172500,4.53,4.53,4.5202,4.5202,1980,0
CMU.US,5,20211105,182500,4.52,4.52,4.51,4.51,1384,0
CMU.US,5,20211105,185000,4.5058,4.5058,4.5058,4.5058,107,0
CMU.US,5,20211105,193500,4.51,4.51,4.5099,4.5099,2070,0
CMU.US,5,20211105,200000,4.52,4.52,4.52,4.52,1320,0
CMU.US,5,20211105,203500,4.51,4.52,4.51,4.51,5732,0
CMU.US,5,20211105,204000,4.51,4.51,4.51,4.51,100,0
CMU.US,5,20211105,204500,4.51,4.5196,4.51,4.5196,850,0
CMU.US,5,20211105,205000,4.51,4.51,4.51,4.51,300,0
CMU.US,5,20211105,205500,4.51,4.52,4.51,4.51,1700,0
CMU.US,5,20211108,153000,4.52,4.52,4.52,4.52,639,0
CMU.US,5,20211108,154500,4.53,4.53,4.53,4.53,300,0
CMU.US,5,20211108,155500,4.5366,4.5366,4.5366,4.5366,500,0
CMU.US,5,20211108,161000,4.54,4.54,4.54,4.54,1780,0
CMU.US,5,20211108,163500,4.53,4.53,4.5297,4.5297,5600,0
CMU.US,5,20211108,164000,4.53,4.53,4.53,4.53,400,0
CMU.US,5,20211108,200000,4.52,4.52,4.52,4.52,100,0
CMU.US,5,20211108,201000,4.5202,4.5202,4.5202,4.5202,1000,0
CMU.US,5,20211108,201500,4.52,4.52,4.52,4.52,100,0
CMU.US,5,20211108,202500,4.5201,4.5201,4.5201,4.5201,3000,0
CMU.US,5,20211108,203500,4.52,4.52,4.52,4.52,100,0
CMU.US,5,20211108,204000,4.5298,4.5298,4.5298,4.5298,1500,0
CMU.US,5,20211108,204500,4.53,4.54,4.52,4.52,4605,0
CMU.US,5,20211108,212500,4.525,4.525,4.5193,4.5193,2500,0
CMU.US,5,20211108,214500,4.5193,4.5193,4.5193,4.5193,468,0
CMU.US,5,20211108,215500,4.54,4.54,4.53,4.53,200,0
CMU.US,5,20211109,153000,4.55,4.55,4.55,4.55,5324,0
CMU.US,5,20211109,153500,4.5401,4.5401,4.5401,4.5401,200,0
CMU.US,5,20211109,160000,4.5308,4.55,4.5308,4.55,3400,0
CMU.US,5,20211109,162000,4.55,4.55,4.55,4.55,3900,0
CMU.US,5,20211109,164000,4.56,4.6,4.56,4.58,12516,0
CMU.US,5,20211109,164500,4.58,4.5801,4.58,4.58,5700,0
CMU.US,5,20211109,165000,4.58,4.58,4.58,4.58,3476,0
CMU.US,5,20211109,165500,4.5801,4.5801,4.5801,4.5801,2000,0
CMU.US,5,20211109,170000,4.58,4.5801,4.58,4.58,6340,0
CMU.US,5,20211109,171000,4.585,4.585,4.585,4.585,131,0
CMU.US,5,20211109,171500,4.59,4.59,4.59,4.59,700,0
CMU.US,5,20211109,172500,4.58,4.585,4.58,4.58,3462,0
CMU.US,5,20211109,173000,4.59,4.59,4.59,4.59,300,0
CMU.US,5,20211109,173500,4.59,4.59,4.59,4.59,700,0
CMU.US,5,20211109,174500,4.59,4.59,4.59,4.59,562,0
CMU.US,5,20211109,175000,4.59,4.59,4.59,4.59,835,0
CMU.US,5,20211109,175500,4.59,4.59,4.59,4.59,519,0
CMU.US,5,20211109,180000,4.59,4.59,4.59,4.59,600,0
CMU.US,5,20211109,180500,4.59,4.595,4.59,4.59,1313,0
CMU.US,5,20211109,181000,4.59,4.6,4.58,4.6,7693,0
CMU.US,5,20211109,181500,4.6,4.6,4.6,4.6,600,0
CMU.US,5,20211109,182000,4.6,4.6,4.6,4.6,400,0
CMU.US,5,20211109,182500,4.6,4.6,4.6,4.6,1023,0
CMU.US,5,20211109,183000,4.6,4.6,4.6,4.6,924,0
CMU.US,5,20211109,183500,4.6,4.6,4.6,4.6,1021,0
CMU.US,5,20211109,184000,4.6,4.61,4.6,4.61,600,0
CMU.US,5,20211109,184500,4.605,4.605,4.59,4.59,4182,0
CMU.US,5,20211109,185000,4.6,4.61,4.6,4.61,1200,0
CMU.US,5,20211109,185500,4.61,4.61,4.61,4.61,1300,0
CMU.US,5,20211109,190000,4.61,4.61,4.6,4.61,2970,0
CMU.US,5,20211109,190500,4.61,4.61,4.59,4.59,5073,0
CMU.US,5,20211109,191000,4.5904,4.6,4.5904,4.6,3400,0
CMU.US,5,20211109,191500,4.6,4.6,4.6,4.6,500,0
CMU.US,5,20211109,192000,4.6,4.6,4.6,4.6,800,0
CMU.US,5,20211109,192500,4.6,4.6,4.59,4.59,2538,0
CMU.US,5,20211109,193000,4.6,4.6,4.59,4.59,1400,0
CMU.US,5,20211109,193500,4.6,4.6,4.6,4.6,600,0
CMU.US,5,20211109,194000,4.6,4.6,4.6,4.6,700,0
CMU.US,5,20211109,194500,4.6,4.6,4.6,4.6,700,0
CMU.US,5,20211109,195000,4.6,4.6,4.59,4.59,4784,0
CMU.US,5,20211109,195500,4.59,4.59,4.58,4.59,1100,0
CMU.US,5,20211109,200000,4.59,4.59,4.59,4.59,700,0
CMU.US,5,20211109,200500,4.6,4.6,4.59,4.59,3276,0
CMU.US,5,20211109,201000,4.59,4.6,4.59,4.6,900,0
CMU.US,5,20211109,201500,4.6,4.6,4.6,4.6,200,0
CMU.US,5,20211109,202000,4.6,4.6,4.58,4.58,3800,0
CMU.US,5,20211109,202500,4.58,4.6,4.58,4.6,800,0
CMU.US,5,20211109,203000,4.6,4.6,4.6,4.6,700,0
CMU.US,5,20211109,203500,4.6,4.6,4.59,4.6,1359,0
CMU.US,5,20211109,204000,4.6,4.6,4.59,4.6,900,0
CMU.US,5,20211109,204500,4.6,4.6,4.6,4.6,700,0
CMU.US,5,20211109,205000,4.6,4.6,4.59,4.6,1000,0
CMU.US,5,20211109,205500,4.6,4.6,4.6,4.6,700,0
CMU.US,5,20211109,210000,4.6,4.6,4.6,4.6,600,0
CMU.US,5,20211109,210500,4.6,4.6,4.6,4.6,600,0
CMU.US,5,20211109,211000,4.6,4.6,4.6,4.6,700,0
CMU.US,5,20211109,211500,4.6,4.6,4.59,4.6,900,0
CMU.US,5,20211109,212000,4.6,4.6,4.59,4.6,1100,0
CMU.US,5,20211109,212500,4.6,4.6,4.59,4.6,2786,0
CMU.US,5,20211109,213000,4.6,4.6,4.58,4.6,4055,0
CMU.US,5,20211109,213500,4.6,4.6,4.59,4.6,1300,0
CMU.US,5,20211109,215500,4.6,4.6,4.58,4.6,4107,0
CMU.US,5,20211110,153500,4.6,4.6,4.6,4.6,400,0
CMU.US,5,20211110,154000,4.6,4.6,4.6,4.6,100,0
CMU.US,5,20211110,154500,4.6,4.6,4.6,4.6,600,0
CMU.US,5,20211110,155000,4.6,4.6,4.6,4.6,600,0
CMU.US,5,20211110,155500,4.6,4.6,4.6,4.6,500,0
CMU.US,5,20211110,160000,4.6,4.6,4.6,4.6,700,0
CMU.US,5,20211110,162500,4.6,4.6,4.6,4.6,100,0
CMU.US,5,20211110,163000,4.6,4.6,4.6,4.6,500,0
CMU.US,5,20211110,164000,4.6,4.6,4.6,4.6,400,0
CMU.US,5,20211110,164500,4.6,4.6,4.6,4.6,500,0
CMU.US,5,20211110,165000,4.6,4.6,4.6,4.6,400,0
CMU.US,5,20211110,165500,4.59,4.59,4.58,4.586,4400,0
CMU.US,5,20211110,170500,4.58,4.58,4.55,4.55,17499,0
CMU.US,5,20211110,171000,4.59,4.59,4.59,4.59,500,0
CMU.US,5,20211110,171500,4.59,4.59,4.59,4.59,500,0
CMU.US,5,20211110,172500,4.59,4.6,4.59,4.6,500,0
CMU.US,5,20211110,173000,4.6,4.6,4.6,4.6,500,0
CMU.US,5,20211110,173500,4.59,4.6,4.59,4.6,1392,0
CMU.US,5,20211110,174000,4.6,4.6,4.6,4.6,500,0
CMU.US,5,20211110,174500,4.6,4.6,4.6,4.6,500,0
CMU.US,5,20211110,175500,4.6,4.6,4.6,4.6,300,0
CMU.US,5,20211110,180000,4.6,4.6,4.6,4.6,300,0
CMU.US,5,20211110,180500,4.6,4.6,4.6,4.6,300,0
CMU.US,5,20211110,181000,4.58,4.58,4.58,4.58,100,0
CMU.US,5,20211110,181500,4.59,4.59,4.59,4.59,608,0
CMU.US,5,20211110,182500,4.6,4.6,4.6,4.6,400,0
CMU.US,5,20211110,183000,4.6,4.6,4.6,4.6,400,0
CMU.US,5,20211110,183500,4.6,4.6,4.6,4.6,400,0
CMU.US,5,20211110,184500,4.6,4.6,4.58,4.58,2280,0
CMU.US,5,20211110,185500,4.58,4.58,4.58,4.58,400,0
CMU.US,5,20211110,190000,4.58,4.58,4.57,4.57,3303,0
CMU.US,5,20211110,190500,4.57,4.57,4.57,4.57,200,0
CMU.US,5,20211110,191000,4.57,4.575,4.57,4.57,3300,0
CMU.US,5,20211110,192000,4.57,4.57,4.57,4.57,300,0
CMU.US,5,20211110,192500,4.57,4.57,4.57,4.57,800,0
CMU.US,5,20211110,193000,4.57,4.57,4.57,4.57,200,0
CMU.US,5,20211110,193500,4.57,4.57,4.56,4.57,5600,0
CMU.US,5,20211110,194500,4.57,4.57,4.57,4.57,300,0
CMU.US,5,20211110,195000,4.57,4.57,4.57,4.57,300,0
CMU.US,5,20211110,195500,4.57,4.57,4.55,4.55,1100,0
CMU.US,5,20211110,200500,4.57,4.57,4.57,4.57,1214,0
CMU.US,5,20211110,201500,4.57,4.57,4.55,4.55,5386,0
CMU.US,5,20211110,202500,4.55,4.55,4.5498,4.5498,2300,0
CMU.US,5,20211110,203000,4.55,4.55,4.55,4.55,1029,0
CMU.US,5,20211110,203500,4.55,4.55,4.55,4.55,400,0
CMU.US,5,20211110,204000,4.55,4.55,4.55,4.55,300,0
CMU.US,5,20211110,204500,4.55,4.55,4.55,4.55,200,0
CMU.US,5,20211110,205000,4.55,4.55,4.55,4.55,300,0
CMU.US,5,20211110,205500,4.55,4.56,4.55,4.56,500,0
CMU.US,5,20211110,210000,4.56,4.56,4.55,4.55,900,0
CMU.US,5,20211110,210500,4.55,4.55,4.55,4.55,900,0
CMU.US,5,20211110,211000,4.55,4.5598,4.55,4.55,2900,0
CMU.US,5,20211110,211500,4.55,4.56,4.54,4.56,1244,0
CMU.US,5,20211110,212000,4.56,4.57,4.56,4.57,1000,0
CMU.US,5,20211110,212500,4.57,4.57,4.57,4.57,1100,0
CMU.US,5,20211110,213000,4.57,4.57,4.57,4.57,1500,0
CMU.US,5,20211110,213500,4.57,4.57,4.57,4.57,1800,0
CMU.US,5,20211110,214000,4.57,4.57,4.57,4.57,2100,0
CMU.US,5,20211110,214500,4.57,4.57,4.5699,4.57,2050,0
CMU.US,5,20211110,215000,4.57,4.58,4.57,4.58,1700,0
CMU.US,5,20211110,215500,4.58,4.58,4.58,4.58,3365,0
CMU.US,5,20211111,153000,4.59,4.59,4.59,4.59,3791,0
CMU.US,5,20211111,153500,4.58,4.58,4.56,4.56,1101,0
CMU.US,5,20211111,154000,4.56,4.56,4.56,4.56,100,0
CMU.US,5,20211111,154500,4.5595,4.56,4.5572,4.56,500,0
CMU.US,5,20211111,155000,4.56,4.56,4.56,4.56,100,0
CMU.US,5,20211111,155500,4.56,4.57,4.56,4.57,300,0
CMU.US,5,20211111,160000,4.57,4.57,4.57,4.57,600,0
CMU.US,5,20211111,160500,4.57,4.57,4.57,4.57,200,0
CMU.US,5,20211111,161000,4.57,4.57,4.57,4.57,200,0
CMU.US,5,20211111,161500,4.57,4.58,4.57,4.58,200,0
CMU.US,5,20211111,162000,4.58,4.58,4.58,4.58,100,0
CMU.US,5,20211111,162500,4.58,4.58,4.58,4.58,200,0
CMU.US,5,20211111,163000,4.58,4.58,4.58,4.58,100,0
CMU.US,5,20211111,163500,4.58,4.58,4.58,4.58,200,0
CMU.US,5,20211111,164000,4.58,4.58,4.58,4.58,100,0
CMU.US,5,20211111,164500,4.58,4.58,4.58,4.58,200,0
CMU.US,5,20211111,165000,4.5786,4.58,4.5786,4.58,1100,0
CMU.US,5,20211111,165500,4.58,4.58,4.58,4.58,200,0
CMU.US,5,20211111,170000,4.58,4.58,4.58,4.58,100,0
CMU.US,5,20211111,170500,4.58,4.58,4.58,4.58,100,0
CMU.US,5,20211111,171000,4.58,4.58,4.58,4.58,200,0
CMU.US,5,20211111,171500,4.55,4.565,4.53,4.53,7912,0
CMU.US,5,20211111,172000,4.53,4.53,4.53,4.53,204,0
CMU.US,5,20211111,172500,4.53,4.56,4.53,4.56,18222,0
CMU.US,5,20211111,173000,4.56,4.56,4.56,4.56,400,0
CMU.US,5,20211111,180500,4.5799,4.5799,4.5799,4.5799,500,0
CMU.US,5,20211111,200000,4.57,4.57,4.57,4.57,400,0
CMU.US,5,20211111,200500,4.57,4.57,4.57,4.57,200,0
CMU.US,5,20211111,201000,4.57,4.57,4.57,4.57,300,0
CMU.US,5,20211111,205000,4.5689,4.5689,4.5689,4.5689,100,0
CMU.US,5,20211111,205500,4.56,4.56,4.56,4.56,400,0
CMU.US,5,20211111,210000,4.56,4.56,4.55,4.55,1813,0
CMU.US,5,20211111,211500,4.56,4.57,4.56,4.57,1201,0
CMU.US,5,20211111,215000,4.57,4.57,4.57,4.57,300,0
