<TICKER>,<PER>,<DATE>,<TIME>,<OPEN>,<HIGH>,<LOW>,<CLOSE>,<VOL>,<OPENINT>
COF_H.US,5,20210922,153000,25.34,25.34,25.34,25.34,200,0
COF_H.US,5,20210922,153500,25.3634,25.38,25.3634,25.38,258,0
COF_H.US,5,20210922,154000,25.38,25.38,25.38,25.38,100,0
COF_H.US,5,20210922,160000,25.39,25.39,25.39,25.39,100,0
COF_H.US,5,20210922,161000,25.3812,25.387,25.38,25.3801,1011,0
COF_H.US,5,20210922,161500,25.3801,25.39,25.37,25.3801,1725,0
COF_H.US,5,20210922,162000,25.3811,25.386,25.3811,25.3855,725,0
COF_H.US,5,20210922,164000,25.41,25.41,25.399,25.399,700,0
COF_H.US,5,20210922,170500,25.41,25.41,25.41,25.41,100,0
COF_H.US,5,20210922,173500,25.41,25.41,25.375,25.375,343,0
COF_H.US,5,20210922,175000,25.343,25.343,25.343,25.343,665,0
COF_H.US,5,20210922,180500,25.41,25.41,25.3532,25.3532,1487,0
COF_H.US,5,20210922,183000,25.4,25.4,25.4,25.4,367,0
COF_H.US,5,20210922,185000,25.39,25.4,25.39,25.4,762,0
COF_H.US,5,20210922,191000,25.4,25.4,25.4,25.4,100,0
COF_H.US,5,20210922,191500,25.3925,25.4,25.3925,25.4,300,0
COF_H.US,5,20210922,192500,25.4,25.4,25.4,25.4,436,0
COF_H.US,5,20210922,193000,25.4,25.4,25.39,25.39,470,0
COF_H.US,5,20210922,193500,25.39,25.4,25.386,25.386,1662,0
COF_H.US,5,20210922,194000,25.4,25.4,25.4,25.4,425,0
COF_H.US,5,20210922,194500,25.4,25.4,25.4,25.4,100,0
COF_H.US,5,20210922,200000,25.4,25.41,25.4,25.41,265,0
COF_H.US,5,20210922,200500,25.4193,25.44,25.41,25.44,1907,0
COF_H.US,5,20210922,201000,25.44,25.44,25.435,25.44,790,0
COF_H.US,5,20210922,201500,25.44,25.44,25.44,25.44,1100,0
COF_H.US,5,20210922,203000,25.425,25.44,25.425,25.435,1069,0
COF_H.US,5,20210922,203500,25.43,25.44,25.43,25.44,985,0
COF_H.US,5,20210922,204000,25.43,25.47,25.43,25.46,6681,0
COF_H.US,5,20210922,205000,25.4098,25.4098,25.4098,25.4098,5000,0
COF_H.US,5,20210922,210000,25.44,25.4404,25.44,25.4404,428,0
COF_H.US,5,20210922,211000,25.46,25.46,25.46,25.46,101,0
COF_H.US,5,20210922,211500,25.46,25.46,25.46,25.46,100,0
COF_H.US,5,20210922,212500,25.46,25.46,25.4565,25.4565,622,0
COF_H.US,5,20210922,213000,25.4196,25.4196,25.4196,25.4196,725,0
COF_H.US,5,20210922,214000,25.43,25.4321,25.43,25.4321,207,0
COF_H.US,5,20210922,215000,25.43,25.44,25.43,25.44,916,0
COF_H.US,5,20210922,215500,25.46,25.4674,25.45,25.45,650,0
COF_H.US,5,20210923,153000,25.45,25.47,25.45,25.47,900,0
COF_H.US,5,20210923,153500,25.47,25.47,25.47,25.47,493,0
COF_H.US,5,20210923,162000,25.42,25.42,25.42,25.42,100,0
COF_H.US,5,20210923,162500,25.42,25.42,25.41,25.41,1800,0
COF_H.US,5,20210923,170000,25.42,25.42,25.42,25.42,100,0
COF_H.US,5,20210923,171000,25.4396,25.4396,25.4396,25.4396,300,0
COF_H.US,5,20210923,171500,25.4173,25.4173,25.4173,25.4173,383,0
COF_H.US,5,20210923,172000,25.41,25.41,25.4,25.4,621,0
COF_H.US,5,20210923,172500,25.39,25.39,25.39,25.39,100,0
COF_H.US,5,20210923,173500,25.3674,25.3674,25.3674,25.3674,350,0
COF_H.US,5,20210923,174000,25.38,25.38,25.375,25.375,1000,0
COF_H.US,5,20210923,175000,25.38,25.39,25.38,25.39,1082,0
COF_H.US,5,20210923,181000,25.37,25.37,25.37,25.37,416,0
COF_H.US,5,20210923,181500,25.37,25.37,25.37,25.37,525,0
COF_H.US,5,20210923,182000,25.37,25.37,25.37,25.37,300,0
COF_H.US,5,20210923,183500,25.36,25.36,25.36,25.36,100,0
COF_H.US,5,20210923,184000,25.36,25.36,25.36,25.36,100,0
COF_H.US,5,20210923,184500,25.35,25.35,25.35,25.35,100,0
COF_H.US,5,20210923,185000,25.35,25.355,25.35,25.355,900,0
COF_H.US,5,20210923,185500,25.355,25.36,25.355,25.3599,600,0
COF_H.US,5,20210923,190000,25.355,25.355,25.355,25.355,100,0
COF_H.US,5,20210923,192000,25.35,25.35,25.35,25.35,100,0
COF_H.US,5,20210923,193000,25.3503,25.3503,25.3503,25.3503,300,0
COF_H.US,5,20210923,193500,25.355,25.355,25.355,25.355,100,0
COF_H.US,5,20210923,194000,25.355,25.37,25.355,25.37,400,0
COF_H.US,5,20210923,195500,25.35,25.36,25.35,25.36,500,0
COF_H.US,5,20210923,201500,25.355,25.355,25.349,25.349,1600,0
COF_H.US,5,20210923,203000,25.355,25.355,25.355,25.355,400,0
COF_H.US,5,20210923,210000,25.35,25.35,25.35,25.35,200,0
COF_H.US,5,20210923,210500,25.35,25.35,25.35,25.35,100,0
COF_H.US,5,20210923,211000,25.34,25.3545,25.34,25.3545,258,0
COF_H.US,5,20210923,211500,25.33,25.33,25.33,25.33,100,0
COF_H.US,5,20210923,212500,25.33,25.33,25.33,25.33,100,0
COF_H.US,5,20210923,213000,25.33,25.36,25.33,25.36,400,0
COF_H.US,5,20210923,213500,25.3528,25.3528,25.3528,25.3528,415,0
COF_H.US,5,20210923,214000,25.33,25.33,25.33,25.33,200,0
COF_H.US,5,20210923,214500,25.33,25.33,25.33,25.33,200,0
COF_H.US,5,20210923,215000,25.33,25.33,25.33,25.33,200,0
COF_H.US,5,20210923,215500,25.33,25.35,25.33,25.35,3334,0
COF_H.US,5,20210924,153000,25.35,25.35,25.35,25.35,414,0
COF_H.US,5,20210924,154500,25.33,25.33,25.32,25.32,800,0
COF_H.US,5,20210924,155000,25.32,25.32,25.32,25.32,600,0
COF_H.US,5,20210924,164500,25.3287,25.3299,25.325,25.325,589,0
COF_H.US,5,20210924,170000,25.32,25.32,25.32,25.32,130,0
COF_H.US,5,20210924,170500,25.32,25.325,25.32,25.325,1684,0
COF_H.US,5,20210924,172500,25.3265,25.3265,25.3265,25.3265,475,0
COF_H.US,5,20210924,173500,25.33,25.33,25.33,25.33,475,0
COF_H.US,5,20210924,174000,25.325,25.325,25.325,25.325,100,0
COF_H.US,5,20210924,174500,25.325,25.325,25.325,25.325,100,0
COF_H.US,5,20210924,175000,25.32,25.34,25.32,25.34,708,0
COF_H.US,5,20210924,181500,25.35,25.35,25.35,25.35,100,0
COF_H.US,5,20210924,185000,25.3201,25.3201,25.3201,25.3201,374,0
COF_H.US,5,20210924,191500,25.35,25.35,25.35,25.35,100,0
COF_H.US,5,20210924,194500,25.37,25.37,25.37,25.37,519,0
COF_H.US,5,20210924,200000,25.37,25.37,25.37,25.37,265,0
COF_H.US,5,20210924,201500,25.37,25.37,25.335,25.345,1761,0
COF_H.US,5,20210924,203000,25.334,25.334,25.334,25.334,1000,0
COF_H.US,5,20210924,203500,25.34,25.3599,25.34,25.34,402,0
COF_H.US,5,20210924,204000,25.33,25.33,25.32,25.32,1000,0
COF_H.US,5,20210924,210000,25.33,25.33,25.32,25.3238,940,0
COF_H.US,5,20210924,210500,25.33,25.33,25.32,25.32,315,0
COF_H.US,5,20210924,213500,25.33,25.33,25.33,25.33,200,0
COF_H.US,5,20210924,214000,25.33,25.33,25.33,25.33,447,0
COF_H.US,5,20210924,214500,25.33,25.33,25.32,25.32,1000,0
COF_H.US,5,20210924,215500,25.325,25.325,25.32,25.32,1085,0
COF_H.US,5,20210927,153000,25.37,25.37,25.37,25.37,250,0
COF_H.US,5,20210927,154000,25.32,25.32,25.31,25.31,1100,0
COF_H.US,5,20210927,155000,25.35,25.35,25.31,25.31,458,0
COF_H.US,5,20210927,161000,25.325,25.325,25.325,25.325,200,0
COF_H.US,5,20210927,163000,25.325,25.325,25.325,25.325,100,0
COF_H.US,5,20210927,163500,25.32,25.32,25.31,25.31,663,0
COF_H.US,5,20210927,164500,25.331,25.331,25.331,25.331,250,0
COF_H.US,5,20210927,170000,25.32,25.34,25.32,25.3385,3264,0
COF_H.US,5,20210927,171000,25.3137,25.3137,25.3137,25.3137,1000,0
COF_H.US,5,20210927,173500,25.34,25.34,25.34,25.34,1000,0
COF_H.US,5,20210927,175500,25.34,25.34,25.34,25.34,159,0
COF_H.US,5,20210927,180500,25.3302,25.3302,25.3302,25.3302,200,0
COF_H.US,5,20210927,190000,25.3495,25.3495,25.3495,25.3495,1000,0
COF_H.US,5,20210927,190500,25.34,25.34,25.34,25.34,1060,0
COF_H.US,5,20210927,191000,25.3477,25.3477,25.3477,25.3477,230,0
COF_H.US,5,20210927,192500,25.34,25.35,25.34,25.35,651,0
COF_H.US,5,20210927,194500,25.335,25.3399,25.33,25.33,1400,0
COF_H.US,5,20210927,200500,25.33,25.33,25.33,25.33,500,0
COF_H.US,5,20210927,201500,25.33,25.3317,25.33,25.3317,260,0
COF_H.US,5,20210927,202000,25.34,25.35,25.34,25.3498,800,0
COF_H.US,5,20210927,203000,25.336,25.336,25.336,25.336,800,0
COF_H.US,5,20210927,204500,25.343,25.343,25.343,25.343,200,0
COF_H.US,5,20210927,205000,25.33,25.343,25.33,25.343,3124,0
COF_H.US,5,20210927,210500,25.33,25.33,25.33,25.33,268,0
COF_H.US,5,20210927,212000,25.33,25.3479,25.33,25.3479,539,0
COF_H.US,5,20210927,214000,25.34,25.35,25.34,25.35,400,0
COF_H.US,5,20210927,215000,25.35,25.35,25.35,25.35,200,0
COF_H.US,5,20210927,215500,25.4,25.41,25.4,25.41,1947,0
COF_H.US,5,20210928,153000,25.4,25.4,25.33,25.344,1304,0
COF_H.US,5,20210928,153500,25.33,25.33,25.33,25.33,600,0
COF_H.US,5,20210928,154000,25.33,25.33,25.33,25.33,850,0
COF_H.US,5,20210928,155500,25.33,25.33,25.33,25.33,200,0
COF_H.US,5,20210928,161000,25.33,25.33,25.33,25.33,1608,0
COF_H.US,5,20210928,161500,25.33,25.33,25.33,25.33,106,0
COF_H.US,5,20210928,162000,25.33,25.33,25.33,25.33,500,0
COF_H.US,5,20210928,162500,25.33,25.33,25.33,25.33,1000,0
COF_H.US,5,20210928,163500,25.333,25.333,25.333,25.333,118,0
COF_H.US,5,20210928,164500,25.34,25.34,25.34,25.34,100,0
COF_H.US,5,20210928,171500,25.33,25.33,25.33,25.33,117,0
COF_H.US,5,20210928,172500,25.3328,25.3377,25.3328,25.3377,1221,0
COF_H.US,5,20210928,174000,25.34,25.34,25.3399,25.3399,1500,0
COF_H.US,5,20210928,175000,25.35,25.35,25.3498,25.3498,284,0
COF_H.US,5,20210928,180500,25.36,25.36,25.334,25.36,856,0
COF_H.US,5,20210928,181000,25.34,25.3405,25.34,25.3405,200,0
COF_H.US,5,20210928,182500,25.3896,25.39,25.3896,25.39,218,0
COF_H.US,5,20210928,184000,25.34,25.34,25.34,25.34,100,0
COF_H.US,5,20210928,203500,25.3506,25.38,25.3506,25.38,312,0
COF_H.US,5,20210928,204500,25.3945,25.3945,25.3945,25.3945,808,0
COF_H.US,5,20210928,210000,25.38,25.39,25.35,25.384,3015,0
COF_H.US,5,20210928,210500,25.375,25.39,25.375,25.39,200,0
COF_H.US,5,20210928,212500,25.3592,25.3592,25.3592,25.3592,200,0
COF_H.US,5,20210928,214500,25.35,25.35,25.35,25.35,852,0
COF_H.US,5,20210928,215500,25.355,25.355,25.35,25.35,222,0
COF_H.US,5,20210929,153000,25.32,25.32,25.32,25.32,1675,0
COF_H.US,5,20210929,160000,25.35,25.409,25.35,25.409,977,0
COF_H.US,5,20210929,161000,25.385,25.385,25.385,25.385,400,0
COF_H.US,5,20210929,161500,25.394,25.394,25.37,25.37,791,0
COF_H.US,5,20210929,162000,25.39,25.4,25.39,25.4,400,0
COF_H.US,5,20210929,162500,25.41,25.41,25.41,25.41,172,0
COF_H.US,5,20210929,163500,25.3803,25.401,25.3803,25.401,666,0
COF_H.US,5,20210929,164000,25.3921,25.3923,25.383,25.3923,892,0
COF_H.US,5,20210929,171500,25.385,25.4,25.385,25.4,986,0
COF_H.US,5,20210929,180000,25.4,25.4,25.4,25.4,150,0
COF_H.US,5,20210929,182500,25.4,25.4,25.4,25.4,107,0
COF_H.US,5,20210929,183000,25.3801,25.3801,25.3801,25.3801,292,0
COF_H.US,5,20210929,184500,25.39,25.39,25.39,25.39,100,0
COF_H.US,5,20210929,190500,25.39,25.39,25.38,25.382,1700,0
COF_H.US,5,20210929,191000,25.389,25.389,25.389,25.389,300,0
COF_H.US,5,20210929,193000,25.36,25.36,25.36,25.36,100,0
COF_H.US,5,20210929,194000,25.393,25.393,25.393,25.393,201,0
COF_H.US,5,20210929,200500,25.4,25.4,25.4,25.4,100,0
COF_H.US,5,20210929,201500,25.4,25.4,25.4,25.4,108,0
COF_H.US,5,20210929,202500,25.4,25.4,25.4,25.4,231,0
COF_H.US,5,20210929,214500,25.4,25.4,25.395,25.4,1131,0
COF_H.US,5,20210929,215000,25.4,25.4,25.395,25.4,954,0
COF_H.US,5,20210929,215500,25.4,25.4,25.4,25.4,661,0
COF_H.US,5,20210930,153000,25.34,25.34,25.34,25.34,280,0
COF_H.US,5,20210930,161000,25.39,25.39,25.39,25.39,300,0
COF_H.US,5,20210930,162000,25.401,25.401,25.4,25.4,221,0
COF_H.US,5,20210930,164000,25.38,25.38,25.38,25.38,100,0
COF_H.US,5,20210930,164500,25.355,25.355,25.355,25.355,190,0
COF_H.US,5,20210930,165000,25.35,25.35,25.3442,25.3442,417,0
COF_H.US,5,20210930,165500,25.35,25.35,25.35,25.35,166,0
COF_H.US,5,20210930,170500,25.37,25.37,25.37,25.37,100,0
COF_H.US,5,20210930,172000,25.37,25.37,25.37,25.37,100,0
COF_H.US,5,20210930,173000,25.34,25.34,25.34,25.34,135,0
COF_H.US,5,20210930,174000,25.35,25.355,25.34,25.355,600,0
COF_H.US,5,20210930,174500,25.37,25.37,25.37,25.37,495,0
COF_H.US,5,20210930,175000,25.37,25.37,25.37,25.37,100,0
COF_H.US,5,20210930,185000,25.355,25.355,25.355,25.355,250,0
COF_H.US,5,20210930,190000,25.35,25.35,25.34,25.34,1919,0
COF_H.US,5,20210930,192500,25.345,25.345,25.345,25.345,100,0
COF_H.US,5,20210930,193500,25.35,25.35,25.35,25.35,100,0
COF_H.US,5,20210930,194500,25.34,25.3425,25.34,25.34,878,0
COF_H.US,5,20210930,200500,25.349,25.349,25.32,25.34,1100,0
COF_H.US,5,20210930,201000,25.33,25.33,25.33,25.33,1110,0
COF_H.US,5,20210930,203000,25.33,25.33,25.33,25.33,379,0
COF_H.US,5,20210930,205000,25.4,25.4,25.39,25.39,487,0
COF_H.US,5,20210930,205500,25.37,25.37,25.37,25.37,160,0
COF_H.US,5,20210930,211500,25.36,25.36,25.36,25.36,470,0
COF_H.US,5,20210930,212000,25.36,25.3625,25.35,25.3625,882,0
COF_H.US,5,20210930,215000,25.35,25.35,25.32,25.32,6154,0
COF_H.US,5,20210930,215500,25.32,25.33,25.29,25.29,40502,0
COF_H.US,5,20211001,153000,25.32,25.33,25.32,25.33,304,0
COF_H.US,5,20211001,153500,25.33,25.33,25.32,25.32,3100,0
COF_H.US,5,20211001,154500,25.32,25.32,25.32,25.32,160,0
COF_H.US,5,20211001,155000,25.32,25.32,25.32,25.32,100,0
COF_H.US,5,20211001,155500,25.32,25.3203,25.32,25.3203,377,0
COF_H.US,5,20211001,160000,25.32,25.34,25.32,25.34,2800,0
COF_H.US,5,20211001,160500,25.33,25.3301,25.33,25.33,2100,0
COF_H.US,5,20211001,164500,25.3499,25.3499,25.3499,25.3499,133,0
COF_H.US,5,20211001,170000,25.3328,25.3328,25.3328,25.3328,115,0
COF_H.US,5,20211001,171000,25.34,25.3499,25.33,25.34,1277,0
COF_H.US,5,20211001,171500,25.3499,25.35,25.3499,25.35,300,0
COF_H.US,5,20211001,172000,25.35,25.35,25.35,25.35,100,0
COF_H.US,5,20211001,174000,25.34,25.34,25.34,25.34,141,0
COF_H.US,5,20211001,175000,25.353,25.353,25.353,25.353,1100,0
COF_H.US,5,20211001,183500,25.36,25.36,25.36,25.36,1000,0
COF_H.US,5,20211001,185000,25.36,25.36,25.3599,25.36,1000,0
COF_H.US,5,20211001,190500,25.36,25.36,25.36,25.36,100,0
COF_H.US,5,20211001,192500,25.35,25.35,25.35,25.35,109,0
COF_H.US,5,20211001,194500,25.3563,25.3563,25.3563,25.3563,119,0
COF_H.US,5,20211001,195000,25.355,25.355,25.355,25.355,3400,0
COF_H.US,5,20211001,204500,25.3588,25.3588,25.3588,25.3588,197,0
COF_H.US,5,20211001,210500,25.3501,25.3501,25.35,25.35,1000,0
COF_H.US,5,20211001,211000,25.3565,25.3565,25.3565,25.3565,970,0
COF_H.US,5,20211001,212000,25.35,25.35,25.35,25.35,200,0
COF_H.US,5,20211001,212500,25.35,25.35,25.35,25.35,100,0
COF_H.US,5,20211001,214500,25.3307,25.3307,25.3307,25.3307,100,0
COF_H.US,5,20211001,215000,25.33,25.33,25.33,25.33,363,0
COF_H.US,5,20211004,153000,25.36,25.36,25.36,25.36,202,0
COF_H.US,5,20211004,154000,25.35,25.35,25.35,25.35,879,0
COF_H.US,5,20211004,154500,25.35,25.35,25.33,25.33,473,0
COF_H.US,5,20211004,155000,25.33,25.33,25.33,25.33,160,0
COF_H.US,5,20211004,155500,25.34,25.38,25.34,25.38,783,0
COF_H.US,5,20211004,160000,25.33,25.33,25.33,25.33,151,0
COF_H.US,5,20211004,160500,25.33,25.3301,25.33,25.33,2353,0
COF_H.US,5,20211004,161500,25.345,25.345,25.33,25.33,800,0
COF_H.US,5,20211004,162500,25.33,25.33,25.33,25.33,300,0
COF_H.US,5,20211004,163500,25.31,25.35,25.31,25.35,200,0
COF_H.US,5,20211004,171000,25.31,25.3101,25.31,25.3101,200,0
COF_H.US,5,20211004,173500,25.32,25.32,25.31,25.315,700,0
COF_H.US,5,20211004,174000,25.31,25.31,25.31,25.31,4039,0
COF_H.US,5,20211004,175000,25.31,25.31,25.31,25.31,222,0
COF_H.US,5,20211004,181500,25.32,25.3201,25.31,25.31,800,0
COF_H.US,5,20211004,182500,25.31,25.3146,25.31,25.3146,1878,0
COF_H.US,5,20211004,190000,25.31,25.31,25.31,25.31,1995,0
COF_H.US,5,20211004,190500,25.31,25.31,25.31,25.31,324,0
COF_H.US,5,20211004,195000,25.3,25.3,25.3,25.3,1567,0
COF_H.US,5,20211004,202500,25.3,25.3,25.3,25.3,480,0
COF_H.US,5,20211004,204000,25.3,25.3,25.3,25.3,236,0
COF_H.US,5,20211004,205000,25.3,25.31,25.3,25.31,4617,0
COF_H.US,5,20211004,210500,25.3,25.3,25.3,25.3,500,0
COF_H.US,5,20211004,211000,25.3017,25.3017,25.3017,25.3017,221,0
COF_H.US,5,20211004,211500,25.31,25.31,25.31,25.31,100,0
COF_H.US,5,20211004,213000,25.3,25.3,25.3,25.3,525,0
COF_H.US,5,20211004,213500,25.3,25.321,25.3,25.32,4770,0
COF_H.US,5,20211004,214500,25.3107,25.311,25.31,25.31,1720,0
COF_H.US,5,20211004,215000,25.31,25.3115,25.31,25.31,1043,0
COF_H.US,5,20211004,215500,25.31,25.31,25.31,25.31,6131,0
COF_H.US,5,20211005,153000,25.32,25.32,25.32,25.32,619,0
COF_H.US,5,20211005,154000,25.311,25.311,25.31,25.31,500,0
COF_H.US,5,20211005,160000,25.32,25.32,25.32,25.32,500,0
COF_H.US,5,20211005,160500,25.32,25.32,25.3107,25.3107,400,0
COF_H.US,5,20211005,163000,25.31,25.31,25.31,25.31,100,0
COF_H.US,5,20211005,163500,25.31,25.315,25.31,25.315,295,0
COF_H.US,5,20211005,164500,25.31,25.3199,25.31,25.3199,406,0
COF_H.US,5,20211005,170000,25.31,25.31,25.31,25.31,987,0
COF_H.US,5,20211005,172000,25.3165,25.3165,25.3165,25.3165,1000,0
COF_H.US,5,20211005,172500,25.31,25.33,25.31,25.32,1614,0
COF_H.US,5,20211005,174000,25.31,25.31,25.31,25.31,148,0
COF_H.US,5,20211005,182500,25.32,25.32,25.32,25.32,100,0
COF_H.US,5,20211005,183500,25.3107,25.3107,25.3107,25.3107,300,0
COF_H.US,5,20211005,184500,25.31,25.3101,25.31,25.31,3529,0
COF_H.US,5,20211005,185000,25.31,25.31,25.31,25.31,1100,0
COF_H.US,5,20211005,193000,25.31,25.31,25.31,25.31,416,0
COF_H.US,5,20211005,193500,25.3137,25.3137,25.3137,25.3137,136,0
COF_H.US,5,20211005,194500,25.315,25.315,25.31,25.31,300,0
COF_H.US,5,20211005,195000,25.31,25.3199,25.31,25.3199,700,0
COF_H.US,5,20211005,200000,25.32,25.32,25.32,25.32,300,0
COF_H.US,5,20211005,201500,25.32,25.32,25.315,25.315,800,0
COF_H.US,5,20211005,202000,25.3162,25.3162,25.3162,25.3162,352,0
COF_H.US,5,20211005,203500,25.31,25.31,25.31,25.31,100,0
COF_H.US,5,20211005,204000,25.3142,25.3142,25.3142,25.3142,132,0
COF_H.US,5,20211005,204500,25.31,25.31,25.31,25.31,246,0
COF_H.US,5,20211005,210000,25.3199,25.3199,25.3199,25.3199,157,0
COF_H.US,5,20211005,211000,25.3111,25.3111,25.31,25.31,1406,0
COF_H.US,5,20211005,211500,25.3,25.3068,25.3,25.3001,1562,0
COF_H.US,5,20211005,213000,25.3,25.3,25.3,25.3,354,0
COF_H.US,5,20211005,214500,25.3,25.307,25.3,25.307,1185,0
COF_H.US,5,20211005,215000,25.3,25.3,25.3,25.3,1628,0
COF_H.US,5,20211006,153000,25.32,25.32,25.3,25.3005,1400,0
COF_H.US,5,20211006,154500,25.32,25.32,25.32,25.32,100,0
COF_H.US,5,20211006,155000,25.31,25.31,25.3,25.3,1578,0
COF_H.US,5,20211006,160000,25.3,25.3,25.3,25.3,200,0
COF_H.US,5,20211006,160500,25.3,25.3,25.3,25.3,2447,0
COF_H.US,5,20211006,161500,25.3,25.3,25.3,25.3,100,0
COF_H.US,5,20211006,163000,25.3,25.3,25.3,25.3,100,0
COF_H.US,5,20211006,163500,25.3,25.3,25.3,25.3,532,0
COF_H.US,5,20211006,164500,25.29,25.29,25.29,25.29,400,0
COF_H.US,5,20211006,170500,25.31,25.31,25.31,25.31,100,0
COF_H.US,5,20211006,175500,25.3,25.3,25.3,25.3,100,0
COF_H.US,5,20211006,180000,25.31,25.31,25.31,25.31,100,0
COF_H.US,5,20211006,181000,25.29,25.3,25.29,25.29,1854,0
COF_H.US,5,20211006,183500,25.29,25.29,25.29,25.29,113,0
COF_H.US,5,20211006,190500,25.3,25.3,25.29,25.29,432,0
COF_H.US,5,20211006,193500,25.295,25.3,25.295,25.3,300,0
COF_H.US,5,20211006,194500,25.2993,25.2993,25.2993,25.2993,900,0
COF_H.US,5,20211006,200000,25.2975,25.2975,25.2975,25.2975,122,0
COF_H.US,5,20211006,200500,25.3,25.3,25.3,25.3,100,0
COF_H.US,5,20211006,201000,25.3,25.3,25.2927,25.2927,535,0
COF_H.US,5,20211006,204500,25.29,25.29,25.29,25.29,600,0
COF_H.US,5,20211006,210500,25.3,25.3,25.3,25.3,100,0
COF_H.US,5,20211006,211000,25.31,25.31,25.31,25.31,120,0
COF_H.US,5,20211006,212500,25.3,25.3001,25.3,25.3,1900,0
COF_H.US,5,20211006,214000,25.31,25.31,25.31,25.31,100,0
COF_H.US,5,20211006,214500,25.31,25.31,25.31,25.31,125,0
COF_H.US,5,20211006,215000,25.32,25.32,25.32,25.32,100,0
COF_H.US,5,20211007,153000,25.315,25.315,25.315,25.315,234,0
COF_H.US,5,20211007,155500,25.33,25.33,25.33,25.33,280,0
COF_H.US,5,20211007,161000,25.3166,25.3166,25.3166,25.3166,712,0
COF_H.US,5,20211007,171000,25.32,25.32,25.32,25.32,1000,0
COF_H.US,5,20211007,171500,25.31,25.3116,25.31,25.3116,558,0
COF_H.US,5,20211007,172500,25.31,25.3182,25.3,25.3182,1848,0
COF_H.US,5,20211007,181500,25.3013,25.3013,25.3013,25.3013,112,0
COF_H.US,5,20211007,185000,25.3186,25.3186,25.3186,25.3186,100,0
COF_H.US,5,20211007,190500,25.31,25.31,25.31,25.31,100,0
COF_H.US,5,20211007,191500,25.32,25.32,25.32,25.32,1000,0
COF_H.US,5,20211007,192000,25.32,25.32,25.32,25.32,100,0
COF_H.US,5,20211007,193500,25.3183,25.3183,25.3183,25.3183,400,0
COF_H.US,5,20211007,195000,25.32,25.32,25.32,25.32,100,0
COF_H.US,5,20211007,202000,25.32,25.32,25.32,25.32,100,0
COF_H.US,5,20211007,202500,25.3,25.3019,25.3,25.3019,389,0
COF_H.US,5,20211007,203500,25.31,25.31,25.31,25.31,200,0
COF_H.US,5,20211007,205000,25.31,25.31,25.3,25.3001,900,0
COF_H.US,5,20211007,210500,25.31,25.31,25.31,25.31,200,0
COF_H.US,5,20211007,213000,25.31,25.31,25.31,25.31,100,0
COF_H.US,5,20211007,213500,25.31,25.31,25.3012,25.3012,1100,0
COF_H.US,5,20211007,214000,25.3,25.3,25.3,25.3,100,0
COF_H.US,5,20211007,215000,25.3,25.31,25.3,25.31,300,0
COF_H.US,5,20211007,215500,25.31,25.31,25.3,25.3,1013,0
COF_H.US,5,20211008,154500,25.3251,25.3251,25.3251,25.3251,175,0
COF_H.US,5,20211008,155500,25.311,25.311,25.311,25.311,100,0
COF_H.US,5,20211008,161000,25.3112,25.3112,25.3112,25.3112,150,0
COF_H.US,5,20211008,162000,25.3018,25.3018,25.3018,25.3018,110,0
COF_H.US,5,20211008,164000,25.3174,25.3174,25.3174,25.3174,113,0
COF_H.US,5,20211008,170000,25.31,25.31,25.31,25.31,239,0
COF_H.US,5,20211008,172500,25.3,25.3,25.3,25.3,170,0
COF_H.US,5,20211008,175500,25.31,25.32,25.31,25.31,825,0
COF_H.US,5,20211008,180000,25.31,25.32,25.31,25.32,736,0
COF_H.US,5,20211008,181000,25.3195,25.3195,25.3195,25.3195,400,0
COF_H.US,5,20211008,181500,25.315,25.33,25.315,25.33,900,0
COF_H.US,5,20211008,183000,25.3108,25.32,25.3108,25.3108,600,0
COF_H.US,5,20211008,192000,25.315,25.33,25.3021,25.33,2546,0
COF_H.US,5,20211008,192500,25.315,25.33,25.315,25.33,400,0
COF_H.US,5,20211008,193000,25.3021,25.315,25.3021,25.315,450,0
COF_H.US,5,20211008,193500,25.315,25.3162,25.315,25.3162,700,0
COF_H.US,5,20211008,194000,25.3217,25.3217,25.3217,25.3217,152,0
COF_H.US,5,20211008,210000,25.324,25.324,25.324,25.324,300,0
COF_H.US,5,20211008,211500,25.33,25.33,25.3265,25.3265,1367,0
COF_H.US,5,20211008,212500,25.325,25.325,25.325,25.325,200,0
COF_H.US,5,20211008,214000,25.32,25.32,25.32,25.32,100,0
COF_H.US,5,20211008,215000,25.32,25.32,25.315,25.315,944,0
COF_H.US,5,20211008,215500,25.33,25.33,25.32,25.32,1001,0
COF_H.US,5,20211011,153000,25.33,25.33,25.33,25.33,104,0
COF_H.US,5,20211011,154500,25.3393,25.3393,25.3393,25.3393,800,0
COF_H.US,5,20211011,160000,25.3499,25.3499,25.3499,25.3499,200,0
COF_H.US,5,20211011,163000,25.35,25.35,25.35,25.35,500,0
COF_H.US,5,20211011,163500,25.34,25.34,25.34,25.34,200,0
COF_H.US,5,20211011,164500,25.35,25.35,25.35,25.35,100,0
COF_H.US,5,20211011,165000,25.3338,25.3338,25.33,25.33,300,0
COF_H.US,5,20211011,165500,25.3414,25.3414,25.3414,25.3414,197,0
COF_H.US,5,20211011,170500,25.34,25.34,25.34,25.34,350,0
COF_H.US,5,20211011,171000,25.34,25.35,25.34,25.34,1100,0
COF_H.US,5,20211011,171500,25.34,25.34,25.34,25.34,275,0
COF_H.US,5,20211011,172000,25.34,25.34,25.34,25.34,325,0
COF_H.US,5,20211011,173000,25.34,25.34,25.34,25.34,750,0
COF_H.US,5,20211011,174000,25.35,25.35,25.34,25.34,488,0
COF_H.US,5,20211011,174500,25.35,25.35,25.34,25.34,887,0
COF_H.US,5,20211011,175500,25.35,25.35,25.35,25.35,325,0
COF_H.US,5,20211011,180500,25.34,25.34,25.34,25.34,325,0
COF_H.US,5,20211011,181000,25.34,25.343,25.34,25.343,525,0
COF_H.US,5,20211011,181500,25.35,25.35,25.3408,25.3408,625,0
COF_H.US,5,20211011,183000,25.34,25.34,25.34,25.34,100,0
COF_H.US,5,20211011,183500,25.34,25.35,25.34,25.34,675,0
COF_H.US,5,20211011,184500,25.35,25.35,25.34,25.34,2454,0
COF_H.US,5,20211011,190500,25.35,25.35,25.35,25.35,400,0
COF_H.US,5,20211011,192500,25.35,25.35,25.35,25.35,250,0
COF_H.US,5,20211011,195000,25.35,25.35,25.35,25.35,100,0
COF_H.US,5,20211011,201500,25.35,25.35,25.35,25.35,375,0
COF_H.US,5,20211011,203500,25.3428,25.3428,25.3428,25.3428,200,0
COF_H.US,5,20211011,205000,25.35,25.35,25.3417,25.35,1484,0
COF_H.US,5,20211011,205500,25.35,25.35,25.3417,25.3438,1988,0
COF_H.US,5,20211011,210000,25.35,25.35,25.3417,25.3417,697,0
COF_H.US,5,20211011,211000,25.34,25.34,25.34,25.34,137,0
COF_H.US,5,20211011,213500,25.34,25.35,25.34,25.35,322,0
COF_H.US,5,20211011,215000,25.35,25.35,25.34,25.34,1064,0
COF_H.US,5,20211011,215500,25.35,25.38,25.34,25.38,8236,0
COF_H.US,5,20211012,153000,25.37,25.37,25.37,25.37,247,0
COF_H.US,5,20211012,153500,25.345,25.345,25.345,25.345,342,0
COF_H.US,5,20211012,155000,25.38,25.38,25.38,25.38,400,0
COF_H.US,5,20211012,155500,25.3635,25.3635,25.3635,25.3635,670,0
COF_H.US,5,20211012,160500,25.37,25.37,25.37,25.37,400,0
COF_H.US,5,20211012,164000,25.38,25.38,25.3758,25.3758,1610,0
COF_H.US,5,20211012,165000,25.3763,25.39,25.3763,25.39,1255,0
COF_H.US,5,20211012,171000,25.36,25.36,25.36,25.36,1000,0
COF_H.US,5,20211012,174000,25.37,25.37,25.37,25.37,168,0
COF_H.US,5,20211012,174500,25.3684,25.3684,25.3653,25.3653,725,0
COF_H.US,5,20211012,180500,25.38,25.38,25.379,25.38,300,0
COF_H.US,5,20211012,182000,25.385,25.385,25.385,25.385,1000,0
COF_H.US,5,20211012,192000,25.4,25.4,25.4,25.4,100,0
COF_H.US,5,20211012,192500,25.38,25.38,25.38,25.38,300,0
COF_H.US,5,20211012,193500,25.39,25.39,25.39,25.39,100,0
COF_H.US,5,20211012,194000,25.4,25.4,25.4,25.4,717,0
COF_H.US,5,20211012,201000,25.39,25.39,25.39,25.39,300,0
COF_H.US,5,20211012,210000,25.4,25.4,25.4,25.4,100,0
COF_H.US,5,20211012,212000,25.4,25.4,25.4,25.4,478,0
COF_H.US,5,20211012,213500,25.395,25.395,25.395,25.395,100,0
COF_H.US,5,20211012,214500,25.4,25.4,25.3999,25.3999,11600,0
COF_H.US,5,20211012,215000,25.4,25.4,25.3999,25.3999,11702,0
COF_H.US,5,20211012,215500,25.4,25.4,25.4,25.4,300,0
COF_H.US,5,20211013,153000,25.4,25.4,25.4,25.4,220,0
COF_H.US,5,20211013,153500,25.375,25.375,25.375,25.375,396,0
COF_H.US,5,20211013,154500,25.3939,25.4,25.3939,25.4,1113,0
COF_H.US,5,20211013,155000,25.4,25.417,25.4,25.409,1932,0
COF_H.US,5,20211013,160000,25.4,25.4036,25.4,25.4036,287,0
COF_H.US,5,20211013,160500,25.4,25.4,25.4,25.4,100,0
COF_H.US,5,20211013,162000,25.4,25.4,25.4,25.4,100,0
COF_H.US,5,20211013,162500,25.41,25.41,25.41,25.41,1426,0
COF_H.US,5,20211013,163000,25.4,25.4,25.4,25.4,100,0
COF_H.US,5,20211013,163500,25.4,25.4,25.37,25.37,1900,0
COF_H.US,5,20211013,165000,25.37,25.37,25.37,25.37,100,0
COF_H.US,5,20211013,170000,25.409,25.41,25.409,25.41,300,0
COF_H.US,5,20211013,173500,25.3979,25.3979,25.3979,25.3979,400,0
COF_H.US,5,20211013,175000,25.38,25.38,25.38,25.38,174,0
COF_H.US,5,20211013,180000,25.394,25.394,25.394,25.394,106,0
COF_H.US,5,20211013,180500,25.39,25.39,25.39,25.39,394,0
COF_H.US,5,20211013,181500,25.3863,25.3863,25.3863,25.3863,276,0
COF_H.US,5,20211013,183000,25.4,25.4,25.3998,25.3998,4200,0
COF_H.US,5,20211013,190000,25.4,25.4,25.4,25.4,334,0
COF_H.US,5,20211013,191000,25.41,25.41,25.41,25.41,390,0
COF_H.US,5,20211013,191500,25.41,25.41,25.4044,25.4044,338,0
COF_H.US,5,20211013,193500,25.409,25.41,25.409,25.41,600,0
COF_H.US,5,20211013,195000,25.41,25.41,25.41,25.41,100,0
COF_H.US,5,20211013,195500,25.41,25.41,25.41,25.41,532,0
COF_H.US,5,20211013,200500,25.41,25.41,25.41,25.41,100,0
COF_H.US,5,20211013,204000,25.405,25.405,25.405,25.405,533,0
COF_H.US,5,20211013,204500,25.4,25.4,25.4,25.4,189,0
COF_H.US,5,20211013,205500,25.4,25.4,25.4,25.4,652,0
COF_H.US,5,20211013,210000,25.3993,25.4,25.3993,25.4,1000,0
COF_H.US,5,20211013,211000,25.4,25.4,25.3986,25.4,2958,0
COF_H.US,5,20211013,213000,25.38,25.38,25.38,25.38,600,0
COF_H.US,5,20211013,213500,25.4,25.4,25.4,25.4,100,0
COF_H.US,5,20211013,215500,25.41,25.41,25.34,25.34,3085,0
COF_H.US,5,20211014,153000,25.33,25.33,25.33,25.33,116,0
COF_H.US,5,20211014,154500,25.3879,25.399,25.3879,25.399,400,0
COF_H.US,5,20211014,155500,25.4,25.4,25.35,25.38,1956,0
COF_H.US,5,20211014,160000,25.399,25.4,25.399,25.4,1300,0
COF_H.US,5,20211014,160500,25.4,25.4,25.4,25.4,200,0
COF_H.US,5,20211014,161000,25.39,25.4,25.39,25.4,864,0
COF_H.US,5,20211014,161500,25.4,25.4,25.4,25.4,319,0
COF_H.US,5,20211014,162000,25.4,25.4,25.4,25.4,249,0
COF_H.US,5,20211014,162500,25.4,25.4,25.4,25.4,500,0
COF_H.US,5,20211014,172000,25.39,25.39,25.39,25.39,100,0
COF_H.US,5,20211014,172500,25.35,25.35,25.35,25.35,760,0
COF_H.US,5,20211014,173000,25.35,25.39,25.34,25.39,1300,0
COF_H.US,5,20211014,174500,25.36,25.36,25.36,25.36,100,0
COF_H.US,5,20211014,175000,25.35,25.35,25.35,25.35,500,0
COF_H.US,5,20211014,180000,25.3448,25.35,25.3448,25.35,1200,0
COF_H.US,5,20211014,182000,25.35,25.35,25.35,25.35,124,0
COF_H.US,5,20211014,191000,25.3464,25.3464,25.3464,25.3464,485,0
COF_H.US,5,20211014,195500,25.3694,25.3694,25.3694,25.3694,1200,0
COF_H.US,5,20211014,200000,25.3511,25.3511,25.3511,25.3511,149,0
COF_H.US,5,20211014,202000,25.36,25.36,25.36,25.36,100,0
COF_H.US,5,20211014,210000,25.36,25.36,25.36,25.36,100,0
COF_H.US,5,20211014,210500,25.3501,25.3501,25.3501,25.3501,590,0
COF_H.US,5,20211014,211000,25.36,25.36,25.36,25.36,592,0
COF_H.US,5,20211014,214000,25.4,25.4,25.4,25.4,100,0
COF_H.US,5,20211014,214500,25.4,25.4,25.4,25.4,282,0
COF_H.US,5,20211014,215000,25.39,25.39,25.39,25.39,100,0
COF_H.US,5,20211014,215500,25.4,25.4,25.4,25.4,240,0
COF_H.US,5,20211015,153000,25.43,25.43,25.39,25.39,1356,0
COF_H.US,5,20211015,162000,25.4,25.4,25.4,25.4,100,0
COF_H.US,5,20211015,162500,25.38,25.3848,25.38,25.3848,300,0
COF_H.US,5,20211015,164500,25.39,25.39,25.39,25.39,100,0
COF_H.US,5,20211015,173500,25.4,25.4,25.3992,25.3992,200,0
COF_H.US,5,20211015,182000,25.4,25.4,25.4,25.4,100,0
COF_H.US,5,20211015,183000,25.39,25.39,25.39,25.39,400,0
COF_H.US,5,20211015,190500,25.4,25.4,25.4,25.4,1676,0
COF_H.US,5,20211015,193000,25.4,25.4,25.4,25.4,100,0
COF_H.US,5,20211015,200000,25.4,25.4,25.4,25.4,1240,0
COF_H.US,5,20211015,202000,25.386,25.386,25.386,25.386,113,0
COF_H.US,5,20211015,202500,25.4,25.4,25.3938,25.3938,690,0
COF_H.US,5,20211015,204000,25.4,25.4,25.3999,25.3999,300,0
COF_H.US,5,20211015,204500,25.4,25.4,25.4,25.4,995,0
COF_H.US,5,20211015,205500,25.38,25.3801,25.38,25.3801,972,0
COF_H.US,5,20211015,210500,25.3814,25.4,25.3814,25.4,700,0
COF_H.US,5,20211015,211000,25.4,25.4,25.4,25.4,100,0
COF_H.US,5,20211015,212500,25.39,25.39,25.39,25.39,100,0
COF_H.US,5,20211015,213000,25.39,25.39,25.39,25.39,194,0
COF_H.US,5,20211015,214000,25.39,25.39,25.39,25.39,194,0
COF_H.US,5,20211015,214500,25.3807,25.385,25.3807,25.3807,494,0
COF_H.US,5,20211015,215500,25.39,25.39,25.39,25.39,200,0
COF_H.US,5,20211018,154500,25.37,25.37,25.37,25.37,200,0
COF_H.US,5,20211018,155000,25.365,25.365,25.365,25.365,197,0
COF_H.US,5,20211018,162000,25.37,25.37,25.37,25.37,100,0
COF_H.US,5,20211018,162500,25.35,25.35,25.34,25.34,500,0
COF_H.US,5,20211018,170000,25.3644,25.3644,25.3644,25.3644,359,0
COF_H.US,5,20211018,173500,25.33,25.345,25.32,25.345,1187,0
COF_H.US,5,20211018,174000,25.32,25.32,25.32,25.32,400,0
COF_H.US,5,20211018,180000,25.345,25.345,25.345,25.345,200,0
COF_H.US,5,20211018,181500,25.3504,25.3504,25.3504,25.3504,544,0
COF_H.US,5,20211018,182000,25.34,25.34,25.339,25.339,500,0
COF_H.US,5,20211018,190500,25.34,25.34,25.34,25.34,300,0
COF_H.US,5,20211018,192500,25.34,25.34,25.34,25.34,300,0
COF_H.US,5,20211018,195000,25.37,25.37,25.37,25.37,257,0
COF_H.US,5,20211018,195500,25.3506,25.3506,25.3506,25.3506,125,0
COF_H.US,5,20211018,201000,25.38,25.38,25.38,25.38,1000,0
COF_H.US,5,20211018,203500,25.38,25.41,25.38,25.41,594,0
COF_H.US,5,20211018,205500,25.3575,25.3575,25.3575,25.3575,384,0
COF_H.US,5,20211018,212500,25.399,25.399,25.399,25.399,100,0
COF_H.US,5,20211018,213500,25.4,25.403,25.4,25.4002,1223,0
COF_H.US,5,20211018,215000,25.3863,25.3963,25.3856,25.3856,2337,0
COF_H.US,5,20211019,153000,25.35,25.35,25.35,25.35,756,0
COF_H.US,5,20211019,160000,25.34,25.3531,25.34,25.34,12139,0
COF_H.US,5,20211019,161000,25.3586,25.3586,25.3586,25.3586,400,0
COF_H.US,5,20211019,161500,25.36,25.36,25.36,25.36,377,0
COF_H.US,5,20211019,162000,25.38,25.38,25.38,25.38,100,0
COF_H.US,5,20211019,162500,25.35,25.35,25.35,25.35,400,0
COF_H.US,5,20211019,165500,25.35,25.354,25.35,25.354,205,0
COF_H.US,5,20211019,171500,25.36,25.36,25.35,25.35,365,0
COF_H.US,5,20211019,172000,25.36,25.36,25.36,25.36,100,0
COF_H.US,5,20211019,181000,25.35,25.35,25.35,25.35,100,0
COF_H.US,5,20211019,182500,25.3472,25.3472,25.345,25.345,935,0
COF_H.US,5,20211019,185000,25.345,25.345,25.345,25.345,350,0
COF_H.US,5,20211019,185500,25.35,25.35,25.35,25.35,325,0
COF_H.US,5,20211019,190000,25.345,25.345,25.345,25.345,325,0
COF_H.US,5,20211019,193000,25.345,25.345,25.345,25.345,2000,0
COF_H.US,5,20211019,194500,25.35,25.35,25.35,25.35,100,0
COF_H.US,5,20211019,195500,25.3465,25.3465,25.3465,25.3465,200,0
COF_H.US,5,20211019,200000,25.35,25.35,25.3465,25.3465,400,0
COF_H.US,5,20211019,201000,25.345,25.3465,25.345,25.3465,675,0
COF_H.US,5,20211019,201500,25.3465,25.35,25.34,25.35,4331,0
COF_H.US,5,20211019,202000,25.35,25.35,25.3482,25.3482,894,0
COF_H.US,5,20211019,202500,25.345,25.345,25.345,25.345,475,0
COF_H.US,5,20211019,203000,25.35,25.35,25.345,25.345,577,0
COF_H.US,5,20211019,203500,25.345,25.35,25.345,25.35,550,0
COF_H.US,5,20211019,204000,25.345,25.345,25.34,25.34,1951,0
COF_H.US,5,20211019,204500,25.345,25.345,25.345,25.345,200,0
COF_H.US,5,20211019,205000,25.35,25.35,25.35,25.35,412,0
COF_H.US,5,20211019,205500,25.35,25.35,25.34,25.345,1379,0
COF_H.US,5,20211019,210500,25.35,25.35,25.34,25.34,4012,0
COF_H.US,5,20211019,211000,25.35,25.35,25.35,25.35,257,0
COF_H.US,5,20211019,213000,25.3422,25.3422,25.3422,25.3422,550,0
COF_H.US,5,20211019,214000,25.35,25.35,25.35,25.35,981,0
COF_H.US,5,20211019,214500,25.35,25.35,25.35,25.35,100,0
COF_H.US,5,20211019,215000,25.35,25.35,25.35,25.35,100,0
COF_H.US,5,20211019,215500,25.35,25.35,25.35,25.35,399,0
COF_H.US,5,20211020,153000,25.33,25.335,25.32,25.335,2265,0
COF_H.US,5,20211020,155000,25.35,25.35,25.35,25.35,400,0
COF_H.US,5,20211020,160000,25.32,25.32,25.32,25.32,800,0
COF_H.US,5,20211020,160500,25.33,25.33,25.3204,25.3204,2818,0
COF_H.US,5,20211020,163500,25.33,25.34,25.33,25.34,572,0
COF_H.US,5,20211020,165000,25.3376,25.345,25.33,25.3441,2350,0
COF_H.US,5,20211020,170000,25.33,25.33,25.32,25.3266,10496,0
COF_H.US,5,20211020,170500,25.335,25.335,25.319,25.319,10115,0
COF_H.US,5,20211020,171000,25.3,25.3266,25.3,25.3,7529,0
COF_H.US,5,20211020,171500,25.3,25.3088,25.29,25.2904,4500,0
COF_H.US,5,20211020,172000,25.3,25.3,25.3,25.3,722,0
COF_H.US,5,20211020,173500,25.31,25.31,25.31,25.31,200,0
COF_H.US,5,20211020,174000,25.31,25.31,25.31,25.31,750,0
COF_H.US,5,20211020,181500,25.32,25.32,25.32,25.32,1125,0
COF_H.US,5,20211020,182500,25.3208,25.3208,25.3208,25.3208,400,0
COF_H.US,5,20211020,184000,25.32,25.32,25.32,25.32,423,0
COF_H.US,5,20211020,190000,25.31,25.31,25.31,25.31,100,0
COF_H.US,5,20211020,192500,25.32,25.3291,25.32,25.3291,623,0
COF_H.US,5,20211020,193000,25.32,25.32,25.32,25.32,100,0
COF_H.US,5,20211020,195500,25.31,25.31,25.31,25.31,374,0
COF_H.US,5,20211020,200000,25.32,25.32,25.31,25.31,637,0
COF_H.US,5,20211020,201500,25.3195,25.3195,25.3195,25.3195,250,0
COF_H.US,5,20211020,202000,25.3299,25.3299,25.3299,25.3299,106,0
COF_H.US,5,20211020,202500,25.32,25.32,25.32,25.32,100,0
COF_H.US,5,20211020,203000,25.32,25.32,25.32,25.32,175,0
COF_H.US,5,20211020,205000,25.317,25.317,25.317,25.317,975,0
COF_H.US,5,20211020,205500,25.31,25.31,25.31,25.31,3384,0
COF_H.US,5,20211020,210000,25.31,25.33,25.3,25.33,5627,0
COF_H.US,5,20211020,210500,25.33,25.33,25.3,25.33,1400,0
COF_H.US,5,20211020,211500,25.3,25.3,25.3,25.3,2433,0
COF_H.US,5,20211020,212000,25.3,25.3,25.3,25.3,867,0
COF_H.US,5,20211020,212500,25.3,25.3,25.29,25.29,5995,0
COF_H.US,5,20211020,213000,25.29,25.29,25.29,25.29,400,0
COF_H.US,5,20211020,213500,25.2958,25.2958,25.28,25.28,3550,0
COF_H.US,5,20211020,214000,25.28,25.2971,25.28,25.2971,600,0
COF_H.US,5,20211020,214500,25.29,25.29,25.28,25.29,974,0
COF_H.US,5,20211020,215000,25.29,25.3,25.29,25.2977,3840,0
COF_H.US,5,20211020,215500,25.3,25.3,25.29,25.29,6217,0
COF_H.US,5,20211021,153000,25.3,25.3,25.3,25.3,1490,0
COF_H.US,5,20211021,154000,25.3324,25.3324,25.3324,25.3324,200,0
COF_H.US,5,20211021,155000,25.35,25.35,25.33,25.33,402,0
COF_H.US,5,20211021,155500,25.33,25.33,25.33,25.33,100,0
COF_H.US,5,20211021,160000,25.3222,25.3222,25.3222,25.3222,157,0
COF_H.US,5,20211021,162500,25.3227,25.3227,25.32,25.32,241,0
COF_H.US,5,20211021,163500,25.29,25.29,25.29,25.29,45000,0
COF_H.US,5,20211021,165500,25.3276,25.3276,25.3276,25.3276,200,0
COF_H.US,5,20211021,170000,25.31,25.31,25.31,25.31,415,0
COF_H.US,5,20211021,171500,25.3275,25.3275,25.3275,25.3275,200,0
COF_H.US,5,20211021,173000,25.33,25.33,25.33,25.33,400,0
COF_H.US,5,20211021,180000,25.3119,25.3119,25.3119,25.3119,800,0
COF_H.US,5,20211021,180500,25.31,25.32,25.31,25.31,6876,0
COF_H.US,5,20211021,181500,25.31,25.3275,25.31,25.3275,400,0
COF_H.US,5,20211021,183500,25.33,25.33,25.33,25.33,900,0
COF_H.US,5,20211021,184500,25.3262,25.3262,25.3262,25.3262,509,0
COF_H.US,5,20211021,185000,25.325,25.33,25.325,25.33,831,0
COF_H.US,5,20211021,191000,25.3324,25.3324,25.3324,25.3324,118,0
COF_H.US,5,20211021,195000,25.3363,25.3363,25.331,25.331,223,0
COF_H.US,5,20211021,201000,25.34,25.34,25.34,25.34,1000,0
COF_H.US,5,20211021,203500,25.33,25.335,25.32,25.335,2122,0
COF_H.US,5,20211021,204500,25.3399,25.3399,25.3399,25.3399,200,0
COF_H.US,5,20211021,210000,25.32,25.33,25.32,25.3295,4232,0
COF_H.US,5,20211021,210500,25.33,25.33,25.33,25.33,350,0
COF_H.US,5,20211021,211500,25.3295,25.34,25.3295,25.34,1000,0
COF_H.US,5,20211021,212500,25.3356,25.3356,25.3356,25.3356,736,0
COF_H.US,5,20211021,213500,25.335,25.3399,25.335,25.337,1525,0
COF_H.US,5,20211021,214500,25.335,25.335,25.335,25.335,325,0
COF_H.US,5,20211021,215500,25.3399,25.34,25.3397,25.3397,5900,0
COF_H.US,5,20211022,153000,25.31,25.31,25.31,25.31,3932,0
COF_H.US,5,20211022,153500,25.334,25.334,25.334,25.334,200,0
COF_H.US,5,20211022,155000,25.33,25.33,25.33,25.33,2400,0
COF_H.US,5,20211022,160000,25.33,25.34,25.33,25.34,500,0
COF_H.US,5,20211022,160500,25.3398,25.3398,25.3398,25.3398,100,0
COF_H.US,5,20211022,162500,25.34,25.34,25.34,25.34,200,0
COF_H.US,5,20211022,163000,25.3243,25.3243,25.32,25.32,2300,0
COF_H.US,5,20211022,173500,25.32,25.32,25.32,25.32,379,0
COF_H.US,5,20211022,174500,25.32,25.32,25.31,25.31,910,0
COF_H.US,5,20211022,183500,25.32,25.32,25.32,25.32,200,0
COF_H.US,5,20211022,184000,25.315,25.32,25.315,25.32,1860,0
COF_H.US,5,20211022,184500,25.3399,25.3399,25.3399,25.3399,2500,0
COF_H.US,5,20211022,185500,25.3398,25.3398,25.3398,25.3398,591,0
COF_H.US,5,20211022,193500,25.32,25.32,25.31,25.31,1089,0
COF_H.US,5,20211022,200000,25.3399,25.3399,25.3399,25.3399,2500,0
COF_H.US,5,20211022,201000,25.328,25.328,25.325,25.325,2257,0
COF_H.US,5,20211022,205500,25.33,25.33,25.33,25.33,800,0
COF_H.US,5,20211022,210500,25.33,25.33,25.33,25.33,200,0
COF_H.US,5,20211022,211000,25.3262,25.3262,25.3262,25.3262,1317,0
COF_H.US,5,20211022,211500,25.34,25.34,25.34,25.34,100,0
COF_H.US,5,20211022,214500,25.34,25.34,25.34,25.34,100,0
COF_H.US,5,20211022,215000,25.33,25.33,25.33,25.33,800,0
COF_H.US,5,20211022,215500,25.3398,25.3398,25.3398,25.3398,209,0
COF_H.US,5,20211025,153000,25.32,25.32,25.3101,25.3101,481,0
COF_H.US,5,20211025,153500,25.3255,25.3255,25.3255,25.3255,147,0
COF_H.US,5,20211025,161500,25.3317,25.34,25.33,25.33,495,0
COF_H.US,5,20211025,162500,25.33,25.33,25.33,25.33,1000,0
COF_H.US,5,20211025,163500,25.34,25.34,25.34,25.34,100,0
COF_H.US,5,20211025,165000,25.34,25.34,25.3399,25.3399,700,0
COF_H.US,5,20211025,165500,25.34,25.34,25.34,25.34,101,0
COF_H.US,5,20211025,171000,25.335,25.335,25.33,25.33,792,0
COF_H.US,5,20211025,172000,25.3328,25.3328,25.3328,25.3328,750,0
COF_H.US,5,20211025,172500,25.34,25.34,25.34,25.34,100,0
COF_H.US,5,20211025,173000,25.33,25.33,25.33,25.33,200,0
COF_H.US,5,20211025,175500,25.335,25.335,25.33,25.3301,1956,0
COF_H.US,5,20211025,180500,25.33,25.33,25.33,25.33,300,0
COF_H.US,5,20211025,181000,25.33,25.3336,25.33,25.3336,738,0
COF_H.US,5,20211025,182000,25.3342,25.3342,25.3342,25.3342,102,0
COF_H.US,5,20211025,182500,25.3385,25.3385,25.3385,25.3385,100,0
COF_H.US,5,20211025,185000,25.335,25.335,25.33,25.33,314,0
COF_H.US,5,20211025,185500,25.337,25.337,25.337,25.337,400,0
COF_H.US,5,20211025,193500,25.34,25.34,25.34,25.34,257,0
COF_H.US,5,20211025,195500,25.335,25.335,25.33,25.33,1970,0
COF_H.US,5,20211025,200000,25.34,25.34,25.34,25.34,120,0
COF_H.US,5,20211025,202000,25.32,25.3238,25.32,25.3238,550,0
COF_H.US,5,20211025,203500,25.3399,25.3399,25.3399,25.3399,1500,0
COF_H.US,5,20211025,205000,25.3399,25.3399,25.3399,25.3399,1000,0
COF_H.US,5,20211025,210000,25.3399,25.3399,25.3399,25.3399,1000,0
COF_H.US,5,20211025,211500,25.34,25.34,25.34,25.34,100,0
COF_H.US,5,20211025,212000,25.34,25.34,25.3395,25.3395,2100,0
COF_H.US,5,20211025,213500,25.3295,25.3295,25.3295,25.3295,600,0
COF_H.US,5,20211025,214500,25.34,25.34,25.3345,25.3345,1248,0
COF_H.US,5,20211025,215000,25.34,25.34,25.34,25.34,100,0
COF_H.US,5,20211025,215500,25.335,25.34,25.32,25.32,1237,0
COF_H.US,5,20211026,154000,25.3331,25.3331,25.3331,25.3331,600,0
COF_H.US,5,20211026,161000,25.3337,25.34,25.3337,25.34,243,0
COF_H.US,5,20211026,162000,25.3316,25.335,25.3301,25.3301,2835,0
COF_H.US,5,20211026,164000,25.337,25.337,25.3335,25.3335,1475,0
COF_H.US,5,20211026,171000,25.3314,25.3314,25.3314,25.3314,100,0
COF_H.US,5,20211026,173000,25.339,25.339,25.339,25.339,654,0
COF_H.US,5,20211026,175000,25.34,25.34,25.34,25.34,600,0
COF_H.US,5,20211026,175500,25.3301,25.3301,25.3301,25.3301,700,0
COF_H.US,5,20211026,180000,25.3322,25.3322,25.3322,25.3322,500,0
COF_H.US,5,20211026,190000,25.3321,25.3321,25.3321,25.3321,625,0
COF_H.US,5,20211026,193500,25.35,25.35,25.33,25.35,439,0
COF_H.US,5,20211026,194000,25.3426,25.3426,25.3426,25.3426,105,0
COF_H.US,5,20211026,195000,25.35,25.35,25.35,25.35,1000,0
COF_H.US,5,20211026,195500,25.35,25.35,25.35,25.35,700,0
COF_H.US,5,20211026,201500,25.34,25.34,25.33,25.3319,1352,0
COF_H.US,5,20211026,203000,25.33,25.33,25.33,25.33,3839,0
COF_H.US,5,20211026,211500,25.34,25.3467,25.32,25.3467,4300,0
COF_H.US,5,20211026,213000,25.335,25.335,25.335,25.335,700,0
COF_H.US,5,20211026,214500,25.35,25.35,25.35,25.35,240,0
COF_H.US,5,20211027,153000,25.32,25.3201,25.32,25.3201,600,0
COF_H.US,5,20211027,154000,25.32,25.3201,25.32,25.3201,400,0
COF_H.US,5,20211027,155000,25.33,25.33,25.32,25.32,3473,0
COF_H.US,5,20211027,160500,25.33,25.33,25.33,25.33,4810,0
COF_H.US,5,20211027,161500,25.334,25.3395,25.334,25.3395,2100,0
COF_H.US,5,20211027,162000,25.33,25.33,25.33,25.33,1000,0
COF_H.US,5,20211027,162500,25.33,25.33,25.33,25.33,1980,0
COF_H.US,5,20211027,165000,25.34,25.34,25.34,25.34,100,0
COF_H.US,5,20211027,172000,25.34,25.34,25.34,25.34,100,0
COF_H.US,5,20211027,172500,25.35,25.35,25.35,25.35,253,0
COF_H.US,5,20211027,174000,25.345,25.345,25.345,25.345,100,0
COF_H.US,5,20211027,174500,25.34,25.34,25.34,25.34,500,0
COF_H.US,5,20211027,175000,25.34,25.34,25.34,25.34,100,0
COF_H.US,5,20211027,180000,25.35,25.35,25.35,25.35,324,0
COF_H.US,5,20211027,181500,25.3443,25.3443,25.3443,25.3443,150,0
COF_H.US,5,20211027,182000,25.3459,25.3459,25.3459,25.3459,360,0
COF_H.US,5,20211027,182500,25.35,25.35,25.35,25.35,100,0
COF_H.US,5,20211027,183000,25.3337,25.3337,25.3337,25.3337,789,0
COF_H.US,5,20211027,183500,25.335,25.335,25.335,25.335,100,0
COF_H.US,5,20211027,185000,25.3465,25.3465,25.3465,25.3465,632,0
COF_H.US,5,20211027,185500,25.335,25.335,25.335,25.335,100,0
COF_H.US,5,20211027,192000,25.3275,25.335,25.3219,25.335,1800,0
COF_H.US,5,20211027,192500,25.335,25.335,25.335,25.335,500,0
COF_H.US,5,20211027,193000,25.33,25.33,25.33,25.33,200,0
COF_H.US,5,20211027,194000,25.335,25.335,25.335,25.335,108,0
COF_H.US,5,20211027,194500,25.335,25.3386,25.335,25.3386,226,0
COF_H.US,5,20211027,195000,25.3296,25.3296,25.3296,25.3296,1000,0
COF_H.US,5,20211027,200000,25.32,25.32,25.32,25.32,100,0
COF_H.US,5,20211027,202000,25.32,25.3386,25.32,25.3386,415,0
COF_H.US,5,20211027,203500,25.32,25.32,25.32,25.32,100,0
COF_H.US,5,20211027,204000,25.335,25.335,25.335,25.335,151,0
COF_H.US,5,20211027,204500,25.34,25.34,25.34,25.34,731,0
COF_H.US,5,20211027,210500,25.3399,25.3399,25.3399,25.3399,255,0
COF_H.US,5,20211027,213000,25.3355,25.3355,25.3355,25.3355,133,0
COF_H.US,5,20211027,213500,25.34,25.34,25.34,25.34,217,0
COF_H.US,5,20211027,214000,25.333,25.333,25.333,25.333,250,0
COF_H.US,5,20211027,214500,25.3345,25.3345,25.33,25.33,950,0
COF_H.US,5,20211027,215000,25.335,25.335,25.33,25.3302,389,0
COF_H.US,5,20211027,215500,25.335,25.335,25.33,25.33,400,0
COF_H.US,5,20211028,153000,25.33,25.33,25.33,25.33,4396,0
COF_H.US,5,20211028,154500,25.33,25.33,25.33,25.33,100,0
COF_H.US,5,20211028,155500,25.33,25.33,25.33,25.33,200,0
COF_H.US,5,20211028,161000,25.3399,25.3399,25.3399,25.3399,2000,0
COF_H.US,5,20211028,161500,25.3399,25.34,25.33,25.337,2400,0
COF_H.US,5,20211028,162500,25.34,25.34,25.335,25.335,400,0
COF_H.US,5,20211028,163000,25.33,25.33,25.33,25.33,179,0
COF_H.US,5,20211028,163500,25.34,25.34,25.34,25.34,100,0
COF_H.US,5,20211028,165000,25.33,25.33,25.33,25.33,120,0
COF_H.US,5,20211028,171500,25.3316,25.3316,25.3316,25.3316,296,0
COF_H.US,5,20211028,172000,25.34,25.34,25.34,25.34,297,0
COF_H.US,5,20211028,172500,25.3304,25.3337,25.3304,25.3337,215,0
COF_H.US,5,20211028,175000,25.33,25.33,25.33,25.33,100,0
COF_H.US,5,20211028,180000,25.33,25.33,25.33,25.33,200,0
COF_H.US,5,20211028,180500,25.34,25.34,25.34,25.34,100,0
COF_H.US,5,20211028,181000,25.3389,25.3389,25.3368,25.3368,525,0
COF_H.US,5,20211028,184500,25.3329,25.3332,25.3329,25.3332,3400,0
COF_H.US,5,20211028,185000,25.33,25.33,25.33,25.33,300,0
COF_H.US,5,20211028,185500,25.329,25.329,25.329,25.329,610,0
COF_H.US,5,20211028,190500,25.33,25.3301,25.33,25.3301,872,0
COF_H.US,5,20211028,191000,25.3331,25.3331,25.3331,25.3331,650,0
COF_H.US,5,20211028,191500,25.3332,25.3332,25.3332,25.3332,525,0
COF_H.US,5,20211028,195500,25.33,25.33,25.33,25.33,125,0
COF_H.US,5,20211028,200500,25.34,25.34,25.34,25.34,162,0
COF_H.US,5,20211028,202000,25.335,25.335,25.335,25.335,300,0
COF_H.US,5,20211028,204500,25.3312,25.3312,25.3312,25.3312,200,0
COF_H.US,5,20211028,205000,25.34,25.34,25.34,25.34,100,0
COF_H.US,5,20211028,210500,25.33,25.33,25.33,25.33,100,0
COF_H.US,5,20211028,211000,25.34,25.34,25.34,25.34,100,0
COF_H.US,5,20211028,211500,25.34,25.34,25.33,25.33,1392,0
COF_H.US,5,20211028,212000,25.33,25.34,25.33,25.34,610,0
COF_H.US,5,20211028,212500,25.325,25.325,25.32,25.325,1571,0
COF_H.US,5,20211028,213500,25.32,25.3201,25.32,25.3201,1000,0
COF_H.US,5,20211028,214000,25.325,25.33,25.3248,25.33,5000,0
COF_H.US,5,20211028,214500,25.33,25.33,25.33,25.33,217,0
COF_H.US,5,20211028,215000,25.33,25.34,25.33,25.34,400,0
COF_H.US,5,20211028,215500,25.34,25.34,25.34,25.34,200,0
COF_H.US,5,20211029,153000,25.33,25.33,25.33,25.33,100,0
COF_H.US,5,20211029,155500,25.33,25.3301,25.33,25.3301,832,0
COF_H.US,5,20211029,160500,25.34,25.34,25.34,25.34,138,0
COF_H.US,5,20211029,161500,25.331,25.331,25.331,25.331,1000,0
COF_H.US,5,20211029,172500,25.335,25.335,25.335,25.335,1500,0
COF_H.US,5,20211029,175000,25.3335,25.3335,25.3335,25.3335,2000,0
COF_H.US,5,20211029,175500,25.34,25.34,25.34,25.34,100,0
COF_H.US,5,20211029,180500,25.34,25.34,25.34,25.34,100,0
COF_H.US,5,20211029,181500,25.34,25.34,25.34,25.34,100,0
COF_H.US,5,20211029,182500,25.34,25.34,25.34,25.34,100,0
COF_H.US,5,20211029,183500,25.33,25.34,25.33,25.34,2077,0
COF_H.US,5,20211029,184000,25.34,25.34,25.34,25.34,100,0
COF_H.US,5,20211029,184500,25.34,25.34,25.34,25.34,100,0
COF_H.US,5,20211029,185500,25.34,25.34,25.34,25.34,100,0
COF_H.US,5,20211029,190000,25.34,25.34,25.34,25.34,100,0
COF_H.US,5,20211029,190500,25.34,25.34,25.34,25.34,300,0
COF_H.US,5,20211029,191500,25.34,25.34,25.34,25.34,200,0
COF_H.US,5,20211029,192000,25.34,25.34,25.34,25.34,100,0
COF_H.US,5,20211029,192500,25.34,25.34,25.34,25.34,300,0
COF_H.US,5,20211029,193000,25.34,25.34,25.34,25.34,100,0
COF_H.US,5,20211029,193500,25.34,25.34,25.34,25.34,400,0
COF_H.US,5,20211029,194000,25.33,25.34,25.33,25.34,380,0
COF_H.US,5,20211029,194500,25.34,25.34,25.34,25.34,200,0
COF_H.US,5,20211029,195000,25.34,25.34,25.34,25.34,100,0
COF_H.US,5,20211029,195500,25.34,25.34,25.34,25.34,300,0
COF_H.US,5,20211029,200000,25.33,25.34,25.33,25.34,300,0
COF_H.US,5,20211029,200500,25.34,25.34,25.34,25.34,200,0
COF_H.US,5,20211029,201000,25.3399,25.34,25.3399,25.34,300,0
COF_H.US,5,20211029,201500,25.34,25.34,25.335,25.34,2568,0
COF_H.US,5,20211029,202000,25.34,25.34,25.33,25.34,2500,0
COF_H.US,5,20211029,202500,25.34,25.34,25.34,25.34,300,0
COF_H.US,5,20211029,203000,25.34,25.34,25.33,25.33,700,0
COF_H.US,5,20211029,203500,25.33,25.34,25.33,25.34,800,0
COF_H.US,5,20211029,204000,25.34,25.34,25.34,25.34,100,0
COF_H.US,5,20211029,204500,25.34,25.34,25.333,25.34,1190,0
COF_H.US,5,20211029,205000,25.34,25.34,25.34,25.34,100,0
COF_H.US,5,20211029,205500,25.34,25.35,25.34,25.35,400,0
COF_H.US,5,20211029,210000,25.35,25.35,25.34,25.35,700,0
COF_H.US,5,20211029,210500,25.35,25.35,25.34,25.35,1100,0
COF_H.US,5,20211029,211000,25.35,25.35,25.35,25.35,100,0
COF_H.US,5,20211029,211500,25.345,25.35,25.345,25.35,1300,0
COF_H.US,5,20211029,212000,25.35,25.35,25.35,25.35,200,0
COF_H.US,5,20211029,212500,25.35,25.35,25.35,25.35,200,0
COF_H.US,5,20211029,213000,25.35,25.35,25.35,25.35,200,0
COF_H.US,5,20211029,213500,25.35,25.35,25.35,25.35,100,0
COF_H.US,5,20211029,214000,25.35,25.35,25.34,25.345,2577,0
COF_H.US,5,20211029,214500,25.35,25.35,25.35,25.35,500,0
COF_H.US,5,20211029,215000,25.35,25.35,25.35,25.35,1400,0
COF_H.US,5,20211029,215500,25.35,25.38,25.35,25.38,45495,0
COF_H.US,5,20211101,143000,25.33,25.33,25.33,25.33,246,0
COF_H.US,5,20211101,143500,25.3401,25.3401,25.34,25.34,1100,0
COF_H.US,5,20211101,144000,25.34,25.34,25.34,25.34,1000,0
COF_H.US,5,20211101,155500,25.35,25.35,25.35,25.35,500,0
COF_H.US,5,20211101,164000,25.34,25.34,25.34,25.34,200,0
COF_H.US,5,20211101,164500,25.35,25.35,25.35,25.35,100,0
COF_H.US,5,20211101,165500,25.34,25.34,25.34,25.34,600,0
COF_H.US,5,20211101,170000,25.3533,25.3533,25.34,25.34,1251,0
COF_H.US,5,20211101,170500,25.34,25.34,25.34,25.34,100,0
COF_H.US,5,20211101,171500,25.3598,25.3598,25.3598,25.3598,295,0
COF_H.US,5,20211101,172000,25.36,25.36,25.36,25.36,141,0
COF_H.US,5,20211101,174000,25.35,25.35,25.35,25.35,300,0
COF_H.US,5,20211101,174500,25.345,25.345,25.345,25.345,125,0
COF_H.US,5,20211101,175500,25.34,25.34,25.34,25.34,1562,0
COF_H.US,5,20211101,183500,25.3526,25.3526,25.3526,25.3526,198,0
COF_H.US,5,20211101,185500,25.35,25.35,25.35,25.35,107,0
COF_H.US,5,20211101,190500,25.35,25.35,25.35,25.35,1074,0
COF_H.US,5,20211101,191000,25.34,25.34,25.34,25.34,1102,0
COF_H.US,5,20211101,193000,25.3673,25.3673,25.3673,25.3673,103,0
COF_H.US,5,20211101,193500,25.37,25.37,25.37,25.37,243,0
COF_H.US,5,20211101,194500,25.37,25.37,25.37,25.37,107,0
COF_H.US,5,20211101,195000,25.36,25.36,25.36,25.36,757,0
COF_H.US,5,20211101,200000,25.36,25.36,25.36,25.36,810,0
COF_H.US,5,20211101,201000,25.36,25.36,25.36,25.36,100,0
COF_H.US,5,20211101,202500,25.355,25.36,25.355,25.36,461,0
COF_H.US,5,20211101,203000,25.36,25.36,25.36,25.36,100,0
COF_H.US,5,20211101,204500,25.355,25.355,25.355,25.355,201,0
COF_H.US,5,20211101,205000,25.35,25.3515,25.35,25.3515,1131,0
COF_H.US,5,20211101,205500,25.35,25.36,25.35,25.36,1073,0
COF_H.US,5,20211102,143000,25.34,25.34,25.34,25.34,429,0
COF_H.US,5,20211102,143500,25.3401,25.37,25.34,25.3627,4440,0
COF_H.US,5,20211102,164500,25.3501,25.3501,25.35,25.35,2100,0
COF_H.US,5,20211102,170000,25.36,25.36,25.35,25.355,12200,0
COF_H.US,5,20211102,172500,25.36,25.36,25.36,25.36,398,0
COF_H.US,5,20211102,173000,25.34,25.35,25.34,25.35,551,0
COF_H.US,5,20211102,173500,25.35,25.354,25.35,25.354,443,0
COF_H.US,5,20211102,175000,25.34,25.34,25.34,25.34,145,0
COF_H.US,5,20211102,181000,25.34,25.34,25.34,25.34,100,0
COF_H.US,5,20211102,182500,25.3473,25.3473,25.3473,25.3473,100,0
COF_H.US,5,20211102,184000,25.35,25.35,25.35,25.35,119,0
COF_H.US,5,20211102,184500,25.35,25.35,25.35,25.35,100,0
COF_H.US,5,20211102,191000,25.36,25.36,25.36,25.36,287,0
COF_H.US,5,20211102,191500,25.3597,25.36,25.3585,25.36,600,0
COF_H.US,5,20211102,192000,25.3485,25.3485,25.3485,25.3485,103,0
COF_H.US,5,20211102,194000,25.35,25.35,25.35,25.35,1941,0
COF_H.US,5,20211102,195000,25.34,25.34,25.34,25.34,1838,0
COF_H.US,5,20211102,201000,25.34,25.34,25.34,25.34,300,0
COF_H.US,5,20211102,203500,25.35,25.35,25.35,25.35,324,0
COF_H.US,5,20211102,204000,25.3401,25.3401,25.3401,25.3401,575,0
COF_H.US,5,20211102,204500,25.345,25.35,25.345,25.345,1400,0
COF_H.US,5,20211102,205500,25.3451,25.36,25.34,25.36,2942,0
COF_H.US,5,20211103,143000,25.34,25.37,25.34,25.37,1200,0
COF_H.US,5,20211103,145000,25.355,25.355,25.355,25.355,600,0
COF_H.US,5,20211103,145500,25.355,25.355,25.355,25.355,300,0
COF_H.US,5,20211103,150500,25.34,25.34,25.34,25.34,500,0
COF_H.US,5,20211103,151500,25.34,25.3401,25.34,25.3401,3000,0
COF_H.US,5,20211103,153000,25.34,25.34,25.34,25.34,800,0
COF_H.US,5,20211103,155500,25.365,25.365,25.3484,25.3484,2100,0
COF_H.US,5,20211103,160500,25.35,25.35,25.35,25.35,295,0
COF_H.US,5,20211103,165000,25.34,25.34,25.34,25.34,5732,0
COF_H.US,5,20211103,165500,25.34,25.34,25.34,25.34,100,0
COF_H.US,5,20211103,170000,25.34,25.3433,25.34,25.34,1658,0
COF_H.US,5,20211103,170500,25.34,25.3436,25.34,25.3436,2129,0
COF_H.US,5,20211103,171000,25.347,25.347,25.34,25.34,264,0
COF_H.US,5,20211103,171500,25.34,25.34,25.34,25.34,100,0
COF_H.US,5,20211103,173000,25.34,25.3436,25.34,25.3436,401,0
COF_H.US,5,20211103,180000,25.34,25.35,25.34,25.35,682,0
COF_H.US,5,20211103,184000,25.35,25.35,25.35,25.35,200,0
COF_H.US,5,20211103,190000,25.35,25.35,25.35,25.35,100,0
COF_H.US,5,20211103,192500,25.34,25.3429,25.34,25.3429,940,0
COF_H.US,5,20211103,193000,25.3438,25.3438,25.3438,25.3438,161,0
COF_H.US,5,20211103,194500,25.35,25.35,25.35,25.35,1100,0
COF_H.US,5,20211103,202000,25.34,25.34,25.34,25.34,200,0
COF_H.US,5,20211103,202500,25.34,25.34,25.34,25.34,300,0
COF_H.US,5,20211103,203500,25.35,25.35,25.35,25.35,100,0
COF_H.US,5,20211103,204000,25.35,25.35,25.35,25.35,121,0
COF_H.US,5,20211103,205000,25.34,25.34,25.34,25.34,100,0
COF_H.US,5,20211103,205500,25.34,25.34,25.34,25.34,200,0
COF_H.US,5,20211104,143000,25.34,25.34,25.34,25.34,857,0
COF_H.US,5,20211104,143500,25.355,25.355,25.355,25.355,101,0
COF_H.US,5,20211104,151000,25.3401,25.3401,25.34,25.34,200,0
COF_H.US,5,20211104,152500,25.34,25.34,25.34,25.34,881,0
COF_H.US,5,20211104,153000,25.37,25.37,25.37,25.37,220,0
COF_H.US,5,20211104,153500,25.36,25.36,25.36,25.36,640,0
COF_H.US,5,20211104,154000,25.36,25.367,25.36,25.36,2601,0
COF_H.US,5,20211104,154500,25.35,25.35,25.35,25.35,1219,0
COF_H.US,5,20211104,155000,25.36,25.36,25.36,25.36,100,0
COF_H.US,5,20211104,160000,25.36,25.36,25.35,25.35,1092,0
COF_H.US,5,20211104,160500,25.36,25.36,25.36,25.36,400,0
COF_H.US,5,20211104,161500,25.355,25.355,25.355,25.355,100,0
COF_H.US,5,20211104,170000,25.355,25.355,25.355,25.355,100,0
COF_H.US,5,20211104,174500,25.3659,25.3659,25.3659,25.3659,489,0
COF_H.US,5,20211104,180000,25.36,25.36,25.36,25.36,400,0
COF_H.US,5,20211104,181000,25.3699,25.3699,25.3699,25.3699,108,0
COF_H.US,5,20211104,183000,25.355,25.355,25.355,25.355,394,0
COF_H.US,5,20211104,183500,25.3499,25.3499,25.3499,25.3499,197,0
COF_H.US,5,20211104,185000,25.3626,25.3626,25.3526,25.3526,279,0
COF_H.US,5,20211104,190500,25.36,25.36,25.36,25.36,100,0
COF_H.US,5,20211104,192000,25.3699,25.3699,25.3699,25.3699,114,0
COF_H.US,5,20211104,192500,25.36,25.36,25.36,25.36,1240,0
COF_H.US,5,20211104,194500,25.37,25.37,25.37,25.37,183,0
COF_H.US,5,20211104,195000,25.365,25.365,25.36,25.36,1000,0
COF_H.US,5,20211104,195500,25.365,25.37,25.365,25.365,676,0
COF_H.US,5,20211104,200500,25.365,25.365,25.36,25.3633,1400,0
COF_H.US,5,20211104,201000,25.36,25.36,25.36,25.36,100,0
COF_H.US,5,20211104,201500,25.36,25.36,25.36,25.36,367,0
COF_H.US,5,20211104,202000,25.365,25.365,25.365,25.365,200,0
COF_H.US,5,20211104,202500,25.36,25.36,25.36,25.36,711,0
COF_H.US,5,20211104,204500,25.36,25.36,25.35,25.35,989,0
COF_H.US,5,20211104,205500,25.36,25.37,25.36,25.37,310,0
COF_H.US,5,20211105,143000,25.35,25.35,25.35,25.35,2061,0
COF_H.US,5,20211105,145500,25.36,25.36,25.36,25.36,276,0
COF_H.US,5,20211105,150500,25.36,25.36,25.36,25.36,100,0
COF_H.US,5,20211105,152000,25.36,25.36,25.36,25.36,901,0
COF_H.US,5,20211105,153000,25.36,25.36,25.36,25.36,700,0
COF_H.US,5,20211105,154500,25.36,25.36,25.36,25.36,100,0
COF_H.US,5,20211105,161000,25.3523,25.36,25.3523,25.36,620,0
COF_H.US,5,20211105,161500,25.36,25.36,25.36,25.36,800,0
COF_H.US,5,20211105,162000,25.36,25.36,25.36,25.36,100,0
COF_H.US,5,20211105,162500,25.3677,25.37,25.3677,25.37,511,0
COF_H.US,5,20211105,165500,25.36,25.36,25.36,25.36,100,0
COF_H.US,5,20211105,170500,25.36,25.36,25.36,25.36,850,0
COF_H.US,5,20211105,171500,25.3699,25.37,25.3699,25.37,200,0
COF_H.US,5,20211105,172500,25.37,25.37,25.37,25.37,277,0
COF_H.US,5,20211105,173500,25.36,25.36,25.36,25.36,400,0
COF_H.US,5,20211105,174500,25.3697,25.3697,25.3697,25.3697,113,0
COF_H.US,5,20211105,175500,25.36,25.36,25.36,25.36,100,0
COF_H.US,5,20211105,181000,25.365,25.365,25.365,25.365,210,0
COF_H.US,5,20211105,184000,25.37,25.37,25.36,25.36,633,0
COF_H.US,5,20211105,185000,25.3657,25.37,25.3657,25.37,600,0
COF_H.US,5,20211105,190500,25.3686,25.3686,25.3686,25.3686,125,0
COF_H.US,5,20211105,191000,25.365,25.365,25.365,25.365,362,0
COF_H.US,5,20211105,193000,25.36,25.36,25.36,25.36,100,0
COF_H.US,5,20211105,194500,25.37,25.37,25.37,25.37,223,0
COF_H.US,5,20211105,200000,25.37,25.37,25.37,25.37,100,0
COF_H.US,5,20211105,201000,25.36,25.36,25.36,25.36,100,0
COF_H.US,5,20211105,202000,25.37,25.37,25.37,25.37,500,0
COF_H.US,5,20211105,202500,25.37,25.37,25.37,25.37,400,0
COF_H.US,5,20211105,203000,25.38,25.38,25.38,25.38,237,0
COF_H.US,5,20211105,203500,25.38,25.38,25.38,25.38,100,0
COF_H.US,5,20211105,204500,25.375,25.375,25.375,25.375,100,0
COF_H.US,5,20211105,205500,25.38,25.38,25.38,25.38,243,0
COF_H.US,5,20211108,153000,25.34,25.3637,25.34,25.3637,900,0
COF_H.US,5,20211108,153500,25.35,25.35,25.35,25.35,567,0
COF_H.US,5,20211108,154000,25.35,25.3519,25.35,25.3519,437,0
COF_H.US,5,20211108,155500,25.38,25.38,25.38,25.38,400,0
COF_H.US,5,20211108,160000,25.3626,25.3626,25.3626,25.3626,214,0
COF_H.US,5,20211108,161000,25.35,25.35,25.35,25.35,100,0
COF_H.US,5,20211108,164000,25.35,25.35,25.35,25.35,100,0
COF_H.US,5,20211108,170000,25.36,25.36,25.36,25.36,400,0
COF_H.US,5,20211108,170500,25.36,25.36,25.36,25.36,125,0
COF_H.US,5,20211108,171500,25.36,25.36,25.36,25.36,100,0
COF_H.US,5,20211108,173500,25.36,25.36,25.36,25.36,100,0
COF_H.US,5,20211108,180000,25.37,25.37,25.37,25.37,407,0
COF_H.US,5,20211108,182000,25.36,25.36,25.36,25.36,455,0
COF_H.US,5,20211108,184000,25.36,25.3601,25.36,25.3601,950,0
COF_H.US,5,20211108,185500,25.365,25.365,25.365,25.365,107,0
COF_H.US,5,20211108,190500,25.36,25.36,25.36,25.36,300,0
COF_H.US,5,20211108,193500,25.3557,25.3557,25.3557,25.3557,225,0
COF_H.US,5,20211108,194500,25.363,25.37,25.363,25.37,571,0
COF_H.US,5,20211108,201000,25.36,25.36,25.36,25.36,100,0
COF_H.US,5,20211108,211500,25.37,25.37,25.37,25.37,100,0
COF_H.US,5,20211108,212500,25.36,25.36,25.36,25.36,100,0
COF_H.US,5,20211108,213000,25.37,25.37,25.36,25.36,1867,0
COF_H.US,5,20211108,213500,25.3616,25.3616,25.3616,25.3616,200,0
COF_H.US,5,20211108,215000,25.36,25.37,25.36,25.36,800,0
COF_H.US,5,20211108,215500,25.37,25.37,25.36,25.36,203,0
COF_H.US,5,20211109,153000,25.34,25.34,25.34,25.34,100,0
COF_H.US,5,20211109,163000,25.365,25.365,25.36,25.36,500,0
COF_H.US,5,20211109,164000,25.36,25.36,25.36,25.36,441,0
COF_H.US,5,20211109,165000,25.36,25.368,25.36,25.368,2400,0
COF_H.US,5,20211109,170500,25.36,25.364,25.34,25.364,15027,0
COF_H.US,5,20211109,171000,25.364,25.364,25.36,25.36,225,0
COF_H.US,5,20211109,171500,25.36,25.36,25.36,25.36,100,0
COF_H.US,5,20211109,172000,25.36,25.36,25.36,25.36,100,0
COF_H.US,5,20211109,173000,25.36,25.36,25.36,25.36,100,0
COF_H.US,5,20211109,173500,25.36,25.36,25.36,25.36,200,0
COF_H.US,5,20211109,174000,25.36,25.36,25.36,25.36,100,0
COF_H.US,5,20211109,174500,25.36,25.36,25.36,25.36,100,0
COF_H.US,5,20211109,175500,25.36,25.36,25.36,25.36,100,0
COF_H.US,5,20211109,180000,25.36,25.36,25.36,25.36,1200,0
COF_H.US,5,20211109,180500,25.35,25.36,25.34,25.36,14200,0
COF_H.US,5,20211109,181000,25.36,25.36,25.34,25.36,10600,0
COF_H.US,5,20211109,181500,25.36,25.36,25.36,25.36,100,0
COF_H.US,5,20211109,182000,25.36,25.36,25.36,25.36,100,0
COF_H.US,5,20211109,182500,25.36,25.36,25.36,25.36,1500,0
COF_H.US,5,20211109,183000,25.36,25.36,25.34,25.34,5300,0
COF_H.US,5,20211109,183500,25.36,25.36,25.36,25.36,5100,0
COF_H.US,5,20211109,184500,25.36,25.36,25.36,25.36,500,0
COF_H.US,5,20211109,190500,25.365,25.37,25.365,25.37,237,0
COF_H.US,5,20211109,191000,25.36,25.36,25.36,25.36,637,0
COF_H.US,5,20211109,191500,25.36,25.36,25.36,25.36,100,0
COF_H.US,5,20211109,192000,25.36,25.36,25.36,25.36,769,0
COF_H.US,5,20211109,195500,25.365,25.3665,25.36,25.36,1365,0
COF_H.US,5,20211109,200500,25.36,25.36,25.36,25.36,200,0
COF_H.US,5,20211109,201500,25.37,25.37,25.365,25.365,1316,0
COF_H.US,5,20211109,202000,25.36,25.36,25.36,25.36,100,0
COF_H.US,5,20211109,203000,25.36,25.36,25.36,25.36,100,0
COF_H.US,5,20211109,205000,25.3699,25.3699,25.3699,25.3699,303,0
COF_H.US,5,20211109,205500,25.36,25.36,25.36,25.36,200,0
COF_H.US,5,20211109,212000,25.36,25.36,25.36,25.36,100,0
COF_H.US,5,20211109,212500,25.37,25.37,25.37,25.37,965,0
COF_H.US,5,20211109,213000,25.36,25.36,25.36,25.36,200,0
COF_H.US,5,20211109,213500,25.3664,25.3664,25.3664,25.3664,1000,0
COF_H.US,5,20211109,214000,25.36,25.36,25.36,25.36,100,0
COF_H.US,5,20211109,214500,25.37,25.37,25.36,25.36,241,0
COF_H.US,5,20211109,215000,25.36,25.37,25.36,25.36,548,0
COF_H.US,5,20211109,215500,25.36,25.36,25.36,25.36,100,0
COF_H.US,5,20211110,153000,25.36,25.365,25.36,25.365,2055,0
COF_H.US,5,20211110,161500,25.36,25.36,25.36,25.36,100,0
COF_H.US,5,20211110,165000,25.36,25.36,25.36,25.36,200,0
COF_H.US,5,20211110,165500,25.365,25.365,25.365,25.365,100,0
COF_H.US,5,20211110,175500,25.36,25.37,25.36,25.3642,2980,0
COF_H.US,5,20211110,180000,25.3639,25.3639,25.3639,25.3639,415,0
COF_H.US,5,20211110,180500,25.36,25.3636,25.36,25.36,900,0
COF_H.US,5,20211110,181500,25.36,25.367,25.36,25.367,600,0
COF_H.US,5,20211110,183000,25.36,25.36,25.36,25.36,1992,0
COF_H.US,5,20211110,185000,25.36,25.36,25.36,25.36,422,0
COF_H.US,5,20211110,190000,25.36,25.36,25.36,25.36,600,0
COF_H.US,5,20211110,191000,25.3637,25.3637,25.36,25.36,801,0
COF_H.US,5,20211110,191500,25.36,25.36,25.36,25.36,100,0
COF_H.US,5,20211110,192000,25.36,25.36,25.36,25.36,100,0
COF_H.US,5,20211110,192500,25.36,25.36,25.36,25.36,466,0
COF_H.US,5,20211110,193000,25.3601,25.3601,25.3601,25.3601,800,0
COF_H.US,5,20211110,193500,25.36,25.3616,25.36,25.3616,500,0
COF_H.US,5,20211110,194000,25.36,25.36,25.36,25.36,1475,0
COF_H.US,5,20211110,195000,25.36,25.36,25.36,25.36,324,0
COF_H.US,5,20211110,200000,25.3601,25.3601,25.3601,25.3601,2000,0
COF_H.US,5,20211110,201000,25.3601,25.3601,25.3601,25.3601,4000,0
COF_H.US,5,20211110,203500,25.3601,25.3601,25.3601,25.3601,4000,0
COF_H.US,5,20211110,204000,25.36,25.36,25.36,25.36,100,0
COF_H.US,5,20211110,205500,25.3601,25.367,25.36,25.367,8562,0
COF_H.US,5,20211110,210500,25.36,25.36,25.36,25.36,200,0
COF_H.US,5,20211110,212000,25.36,25.36,25.36,25.36,13662,0
COF_H.US,5,20211110,214000,25.34,25.34,25.34,25.34,126,0
COF_H.US,5,20211110,215500,25.36,25.36,25.3401,25.36,1255,0
COF_H.US,5,20211111,153000,25.37,25.37,25.36,25.36,1100,0
COF_H.US,5,20211111,161000,25.355,25.355,25.355,25.355,163,0
COF_H.US,5,20211111,161500,25.35,25.35,25.35,25.35,100,0
COF_H.US,5,20211111,173000,25.3478,25.3478,25.3478,25.3478,304,0
COF_H.US,5,20211111,173500,25.35,25.35,25.34,25.3478,2162,0
COF_H.US,5,20211111,174000,25.3417,25.3473,25.34,25.3473,1489,0
COF_H.US,5,20211111,174500,25.34,25.34,25.34,25.34,117,0
COF_H.US,5,20211111,175000,25.34,25.354,25.34,25.3435,809,0
COF_H.US,5,20211111,175500,25.34,25.3478,25.34,25.3478,402,0
COF_H.US,5,20211111,184000,25.3436,25.3495,25.34,25.34,2000,0
COF_H.US,5,20211111,185000,25.34,25.348,25.34,25.348,266,0
COF_H.US,5,20211111,190000,25.34,25.34,25.34,25.34,100,0
COF_H.US,5,20211111,190500,25.34,25.34,25.34,25.34,124,0
COF_H.US,5,20211111,191000,25.34,25.3401,25.34,25.3401,304,0
COF_H.US,5,20211111,194000,25.3474,25.3474,25.3474,25.3474,117,0
COF_H.US,5,20211111,201500,25.36,25.36,25.3522,25.3522,449,0
COF_H.US,5,20211111,202500,25.35,25.35,25.35,25.35,1400,0
COF_H.US,5,20211111,204500,25.35,25.35,25.34,25.34,2368,0
COF_H.US,5,20211111,213500,25.35,25.35,25.35,25.35,943,0
COF_H.US,5,20211111,214500,25.35,25.35,25.35,25.35,845,0
COF_H.US,5,20211111,215000,25.35,25.355,25.35,25.355,700,0
COF_H.US,5,20211111,215500,25.36,25.36,25.34,25.34,3314,0
