<TICKER>,<PER>,<DATE>,<TIME>,<OPEN>,<HIGH>,<LOW>,<CLOSE>,<VOL>,<OPENINT>
DCRCW.US,5,20210922,153000,2.1999,2.1999,2.1999,2.1999,1000,0
DCRCW.US,5,20210922,160500,2.2,2.28,2.2,2.2699,3095,0
DCRCW.US,5,20210922,164000,2.25,2.25,2.205,2.205,2000,0
DCRCW.US,5,20210922,165000,2.25,2.26,2.25,2.2501,1600,0
DCRCW.US,5,20210922,171500,2.25,2.2501,2.25,2.25,11178,0
DCRCW.US,5,20210922,172500,2.25,2.25,2.25,2.25,500,0
DCRCW.US,5,20210922,173000,2.25,2.25,2.25,2.25,1000,0
DCRCW.US,5,20210922,174500,2.26,2.28,2.26,2.28,662,0
DCRCW.US,5,20210922,175000,2.265,2.265,2.265,2.265,700,0
DCRCW.US,5,20210922,180000,2.26,2.26,2.26,2.26,1200,0
DCRCW.US,5,20210922,180500,2.25,2.25,2.25,2.25,3000,0
DCRCW.US,5,20210922,181000,2.2501,2.2501,2.2501,2.2501,641,0
DCRCW.US,5,20210922,182000,2.25,2.25,2.25,2.25,1000,0
DCRCW.US,5,20210922,183500,2.25,2.25,2.25,2.25,500,0
DCRCW.US,5,20210922,191500,2.265,2.265,2.265,2.265,994,0
DCRCW.US,5,20210922,194000,2.265,2.265,2.265,2.265,1500,0
DCRCW.US,5,20210922,195000,2.25,2.25,2.25,2.25,280,0
DCRCW.US,5,20210922,203000,2.28,2.39,2.28,2.39,5146,0
DCRCW.US,5,20210922,210000,2.295,2.35,2.295,2.31,2482,0
DCRCW.US,5,20210922,210500,2.26,2.26,2.26,2.26,1924,0
DCRCW.US,5,20210922,211000,2.26,2.26,2.26,2.26,626,0
DCRCW.US,5,20210922,213500,2.26,2.2657,2.26,2.2657,2000,0
DCRCW.US,5,20210922,214500,2.28,2.28,2.28,2.28,100,0
DCRCW.US,5,20210922,215000,2.3,2.37,2.3,2.35,3367,0
DCRCW.US,5,20210922,215500,2.37,2.37,2.37,2.37,100,0
DCRCW.US,5,20210923,153500,2.35,2.35,2.35,2.35,10000,0
DCRCW.US,5,20210923,154500,2.3,2.3,2.3,2.3,1400,0
DCRCW.US,5,20210923,155000,2.29,2.29,2.29,2.29,951,0
DCRCW.US,5,20210923,155500,2.27,2.27,2.27,2.27,259,0
DCRCW.US,5,20210923,162500,2.33,2.33,2.33,2.33,2000,0
DCRCW.US,5,20210923,165500,2.3001,2.3001,2.3001,2.3001,500,0
DCRCW.US,5,20210923,170000,2.32,2.32,2.32,2.32,150,0
DCRCW.US,5,20210923,170500,2.34,2.34,2.34,2.34,190,0
DCRCW.US,5,20210923,171000,2.34,2.35,2.34,2.35,1711,0
DCRCW.US,5,20210923,171500,2.35,2.35,2.35,2.35,4000,0
DCRCW.US,5,20210923,172000,2.35,2.35,2.3487,2.35,18800,0
DCRCW.US,5,20210923,172500,2.35,2.35,2.31,2.31,1500,0
DCRCW.US,5,20210923,173000,2.35,2.35,2.31,2.34,2100,0
DCRCW.US,5,20210923,181500,2.32,2.32,2.32,2.32,100,0
DCRCW.US,5,20210923,183000,2.31,2.31,2.3,2.3,1805,0
DCRCW.US,5,20210923,191000,2.3495,2.3495,2.3495,2.3495,2100,0
DCRCW.US,5,20210923,201000,2.3001,2.3001,2.3001,2.3001,100,0
DCRCW.US,5,20210923,201500,2.3,2.3009,2.3,2.3009,989,0
DCRCW.US,5,20210923,210500,2.3195,2.34,2.31,2.34,5700,0
DCRCW.US,5,20210923,211500,2.31,2.32,2.3,2.305,11202,0
DCRCW.US,5,20210923,214000,2.335,2.335,2.3,2.3,723,0
DCRCW.US,5,20210923,214500,2.3,2.35,2.3,2.35,1483,0
DCRCW.US,5,20210923,215000,2.33,2.33,2.2601,2.2601,7732,0
DCRCW.US,5,20210923,215500,2.28,2.28,2.28,2.28,200,0
DCRCW.US,5,20210924,154000,2.337,2.3689,2.337,2.3689,5500,0
DCRCW.US,5,20210924,155000,2.28,2.28,2.28,2.28,1200,0
DCRCW.US,5,20210924,160000,2.3299,2.3299,2.3299,2.3299,500,0
DCRCW.US,5,20210924,160500,2.35,2.35,2.35,2.35,250,0
DCRCW.US,5,20210924,161000,2.305,2.305,2.305,2.305,1000,0
DCRCW.US,5,20210924,161500,2.3,2.325,2.3,2.325,1175,0
DCRCW.US,5,20210924,162000,2.34,2.34,2.34,2.34,100,0
DCRCW.US,5,20210924,163000,2.3,2.3,2.3,2.3,100,0
DCRCW.US,5,20210924,163500,2.35,2.35,2.35,2.35,1997,0
DCRCW.US,5,20210924,164500,2.35,2.37,2.35,2.35,4000,0
DCRCW.US,5,20210924,165500,2.35,2.35,2.33,2.3494,1500,0
DCRCW.US,5,20210924,170000,2.35,2.385,2.35,2.38,10380,0
DCRCW.US,5,20210924,170500,2.375,2.375,2.35,2.35,1300,0
DCRCW.US,5,20210924,171000,2.36,2.4,2.36,2.4,3100,0
DCRCW.US,5,20210924,171500,2.3999,2.4,2.355,2.4,6700,0
DCRCW.US,5,20210924,172500,2.4,2.4,2.4,2.4,2800,0
DCRCW.US,5,20210924,173500,2.35,2.35,2.35,2.35,400,0
DCRCW.US,5,20210924,174000,2.42,2.47,2.42,2.47,3600,0
DCRCW.US,5,20210924,174500,2.4,2.4,2.4,2.4,6100,0
DCRCW.US,5,20210924,175500,2.48,2.48,2.425,2.425,6700,0
DCRCW.US,5,20210924,180000,2.47,2.47,2.47,2.47,200,0
DCRCW.US,5,20210924,181000,2.3801,2.3801,2.3801,2.3801,300,0
DCRCW.US,5,20210924,181500,2.39,2.39,2.38,2.38,335,0
DCRCW.US,5,20210924,183000,2.47,2.49,2.43,2.43,991,0
DCRCW.US,5,20210924,183500,2.455,2.48,2.44,2.44,1000,0
DCRCW.US,5,20210924,185000,2.42,2.42,2.42,2.42,318,0
DCRCW.US,5,20210924,190000,2.44,2.445,2.415,2.445,838,0
DCRCW.US,5,20210924,195500,2.45,2.45,2.45,2.45,400,0
DCRCW.US,5,20210924,200000,2.4649,2.4649,2.4649,2.4649,100,0
DCRCW.US,5,20210924,202500,2.43,2.45,2.42,2.42,1843,0
DCRCW.US,5,20210924,203500,2.42,2.42,2.42,2.42,100,0
DCRCW.US,5,20210924,204000,2.44,2.44,2.4339,2.434,1980,0
DCRCW.US,5,20210924,204500,2.45,2.45,2.4499,2.45,6500,0
DCRCW.US,5,20210924,205000,2.45,2.45,2.45,2.45,5500,0
DCRCW.US,5,20210924,210000,2.46,2.46,2.46,2.46,100,0
DCRCW.US,5,20210924,210500,2.46,2.4699,2.46,2.4699,5000,0
DCRCW.US,5,20210924,211000,2.46,2.47,2.45,2.47,700,0
DCRCW.US,5,20210924,211500,2.49,2.5,2.47,2.5,4501,0
DCRCW.US,5,20210924,212000,2.51,2.5201,2.51,2.5201,1900,0
DCRCW.US,5,20210924,212500,2.4664,2.5,2.4664,2.5,450,0
DCRCW.US,5,20210924,213500,2.475,2.475,2.475,2.475,100,0
DCRCW.US,5,20210924,214000,2.45,2.45,2.445,2.445,1200,0
DCRCW.US,5,20210924,214500,2.41,2.41,2.41,2.41,1253,0
DCRCW.US,5,20210924,215500,2.43,2.43,2.42,2.42,1806,0
DCRCW.US,5,20210927,153000,2.45,2.45,2.45,2.45,3051,0
DCRCW.US,5,20210927,153500,2.4499,2.45,2.4499,2.45,10049,0
DCRCW.US,5,20210927,154000,2.495,2.495,2.495,2.495,970,0
DCRCW.US,5,20210927,154500,2.47,2.47,2.41,2.41,11175,0
DCRCW.US,5,20210927,155000,2.37,2.37,2.37,2.37,1497,0
DCRCW.US,5,20210927,155500,2.45,2.45,2.45,2.45,2512,0
DCRCW.US,5,20210927,160000,2.49,2.5,2.49,2.49,981,0
DCRCW.US,5,20210927,160500,2.49,2.49,2.49,2.49,800,0
DCRCW.US,5,20210927,161000,2.49,2.49,2.49,2.49,1325,0
DCRCW.US,5,20210927,161500,2.45,2.45,2.444,2.444,3000,0
DCRCW.US,5,20210927,162500,2.47,2.47,2.47,2.47,207,0
DCRCW.US,5,20210927,163000,2.45,2.45,2.45,2.45,3602,0
DCRCW.US,5,20210927,164500,2.5,2.5,2.4999,2.4999,4480,0
DCRCW.US,5,20210927,165500,2.5,2.52,2.4995,2.52,13876,0
DCRCW.US,5,20210927,170500,2.5,2.5,2.5,2.5,5100,0
DCRCW.US,5,20210927,171000,2.51,2.51,2.5,2.5,5727,0
DCRCW.US,5,20210927,181500,2.49,2.49,2.49,2.49,600,0
DCRCW.US,5,20210927,184500,2.48,2.4801,2.48,2.4801,1000,0
DCRCW.US,5,20210927,200000,2.4999,2.4999,2.4999,2.4999,100,0
DCRCW.US,5,20210927,201000,2.48,2.48,2.48,2.48,100,0
DCRCW.US,5,20210927,202000,2.5,2.5,2.5,2.5,500,0
DCRCW.US,5,20210927,202500,2.48,2.48,2.48,2.48,9300,0
DCRCW.US,5,20210927,204500,2.5,2.5,2.48,2.48,2300,0
DCRCW.US,5,20210927,205500,2.47,2.47,2.45,2.45,28901,0
DCRCW.US,5,20210927,215500,2.445,2.46,2.445,2.4539,5850,0
DCRCW.US,5,20210928,153000,2.47,2.47,2.47,2.47,314,0
DCRCW.US,5,20210928,153500,2.46,2.46,2.46,2.46,420,0
DCRCW.US,5,20210928,154000,2.47,2.47,2.47,2.47,600,0
DCRCW.US,5,20210928,155500,2.47,2.47,2.4697,2.4697,2500,0
DCRCW.US,5,20210928,160000,2.47,2.47,2.47,2.47,1000,0
DCRCW.US,5,20210928,161500,2.3801,2.41,2.3801,2.4,1202,0
DCRCW.US,5,20210928,162500,2.42,2.42,2.34,2.4,4908,0
DCRCW.US,5,20210928,163000,2.3914,2.3914,2.3914,2.3914,2000,0
DCRCW.US,5,20210928,163500,2.43,2.47,2.4296,2.47,1103,0
DCRCW.US,5,20210928,164000,2.46,2.46,2.46,2.46,200,0
DCRCW.US,5,20210928,164500,2.43,2.43,2.43,2.43,3630,0
DCRCW.US,5,20210928,171000,2.39,2.39,2.39,2.39,1293,0
DCRCW.US,5,20210928,171500,2.3435,2.3435,2.3,2.3,924,0
DCRCW.US,5,20210928,172500,2.2999,2.3,2.2999,2.3,5576,0
DCRCW.US,5,20210928,175000,2.28,2.28,2.28,2.28,200,0
DCRCW.US,5,20210928,175500,2.28,2.28,2.28,2.28,1172,0
DCRCW.US,5,20210928,180500,2.3,2.3,2.3,2.3,500,0
DCRCW.US,5,20210928,181000,2.3,2.3,2.3,2.3,291,0
DCRCW.US,5,20210928,183000,2.345,2.345,2.345,2.345,495,0
DCRCW.US,5,20210928,183500,2.38,2.39,2.38,2.39,500,0
DCRCW.US,5,20210928,191500,2.36,2.36,2.36,2.36,1100,0
DCRCW.US,5,20210928,192500,2.388,2.4,2.388,2.388,2023,0
DCRCW.US,5,20210928,194000,2.3601,2.3601,2.3601,2.3601,5000,0
DCRCW.US,5,20210928,195500,2.3999,2.4,2.3999,2.4,200,0
DCRCW.US,5,20210928,205000,2.38,2.38,2.38,2.38,100,0
DCRCW.US,5,20210928,212000,2.36,2.36,2.36,2.36,350,0
DCRCW.US,5,20210928,213500,2.36,2.36,2.26,2.26,7225,0
DCRCW.US,5,20210929,153000,2.25,2.2501,2.25,2.2501,1100,0
DCRCW.US,5,20210929,153500,2.355,2.355,2.355,2.355,500,0
DCRCW.US,5,20210929,163000,2.35,2.35,2.31,2.31,300,0
DCRCW.US,5,20210929,165500,2.27,2.27,2.27,2.27,100,0
DCRCW.US,5,20210929,170000,2.26,2.35,2.26,2.35,300,0
DCRCW.US,5,20210929,170500,2.28,2.28,2.26,2.28,808,0
DCRCW.US,5,20210929,171500,2.28,2.28,2.28,2.28,100,0
DCRCW.US,5,20210929,172500,2.26,2.26,2.26,2.26,100,0
DCRCW.US,5,20210929,173000,2.28,2.2999,2.28,2.2999,750,0
DCRCW.US,5,20210929,174000,2.26,2.26,2.26,2.26,100,0
DCRCW.US,5,20210929,174500,2.26,2.26,2.26,2.26,100,0
DCRCW.US,5,20210929,175000,2.26,2.26,2.26,2.26,200,0
DCRCW.US,5,20210929,175500,2.26,2.26,2.26,2.26,100,0
DCRCW.US,5,20210929,180000,2.26,2.26,2.26,2.26,100,0
DCRCW.US,5,20210929,180500,2.26,2.26,2.26,2.26,200,0
DCRCW.US,5,20210929,181000,2.26,2.26,2.26,2.26,100,0
DCRCW.US,5,20210929,181500,2.26,2.26,2.26,2.26,200,0
DCRCW.US,5,20210929,182000,2.26,2.26,2.26,2.26,100,0
DCRCW.US,5,20210929,182500,2.26,2.26,2.26,2.26,200,0
DCRCW.US,5,20210929,183000,2.26,2.26,2.26,2.26,500,0
DCRCW.US,5,20210929,183500,2.26,2.26,2.26,2.26,100,0
DCRCW.US,5,20210929,184000,2.26,2.2996,2.26,2.26,1200,0
DCRCW.US,5,20210929,184500,2.26,2.26,2.26,2.26,100,0
DCRCW.US,5,20210929,185000,2.26,2.26,2.26,2.26,200,0
DCRCW.US,5,20210929,185500,2.26,2.26,2.26,2.26,100,0
DCRCW.US,5,20210929,190000,2.26,2.26,2.26,2.26,100,0
DCRCW.US,5,20210929,190500,2.26,2.26,2.26,2.26,200,0
DCRCW.US,5,20210929,191000,2.26,2.26,2.26,2.26,100,0
DCRCW.US,5,20210929,191500,2.275,2.275,2.26,2.26,400,0
DCRCW.US,5,20210929,192000,2.26,2.26,2.26,2.26,100,0
DCRCW.US,5,20210929,192500,2.3,2.3,2.26,2.28,2500,0
DCRCW.US,5,20210929,193000,2.26,2.28,2.26,2.28,744,0
DCRCW.US,5,20210929,193500,2.26,2.26,2.26,2.26,200,0
DCRCW.US,5,20210929,194000,2.26,2.26,2.26,2.26,200,0
DCRCW.US,5,20210929,194500,2.26,2.26,2.26,2.26,100,0
DCRCW.US,5,20210929,195000,2.26,2.26,2.26,2.26,100,0
DCRCW.US,5,20210929,195500,2.26,2.265,2.26,2.265,600,0
DCRCW.US,5,20210929,200000,2.26,2.26,2.26,2.26,100,0
DCRCW.US,5,20210929,200500,2.26,2.26,2.26,2.26,200,0
DCRCW.US,5,20210929,202000,2.25,2.25,2.25,2.25,100,0
DCRCW.US,5,20210929,202500,2.25,2.25,2.25,2.25,100,0
DCRCW.US,5,20210929,203000,2.25,2.25,2.25,2.25,200,0
DCRCW.US,5,20210929,203500,2.25,2.25,2.25,2.25,100,0
DCRCW.US,5,20210929,204000,2.25,2.25,2.25,2.25,100,0
DCRCW.US,5,20210929,204500,2.25,2.25,2.25,2.25,200,0
DCRCW.US,5,20210929,205000,2.25,2.25,2.25,2.25,100,0
DCRCW.US,5,20210929,205500,2.25,2.25,2.25,2.25,400,0
DCRCW.US,5,20210929,210000,2.25,2.25,2.25,2.25,100,0
DCRCW.US,5,20210929,210500,2.25,2.25,2.25,2.25,100,0
DCRCW.US,5,20210929,211000,2.25,2.25,2.25,2.25,200,0
DCRCW.US,5,20210929,211500,2.25,2.25,2.25,2.25,100,0
DCRCW.US,5,20210929,212000,2.25,2.25,2.25,2.25,300,0
DCRCW.US,5,20210929,212500,2.25,2.25,2.25,2.25,100,0
DCRCW.US,5,20210929,213000,2.25,2.25,2.25,2.25,100,0
DCRCW.US,5,20210929,213500,2.25,2.25,2.25,2.25,100,0
DCRCW.US,5,20210929,214500,2.25,2.25,2.25,2.25,400,0
DCRCW.US,5,20210929,215000,2.25,2.25,2.25,2.25,100,0
DCRCW.US,5,20210929,215500,2.25,2.25,2.25,2.25,644,0
DCRCW.US,5,20210930,153000,2.43,2.43,2.43,2.43,500,0
DCRCW.US,5,20210930,154000,2.3,2.3,2.25,2.2501,8191,0
DCRCW.US,5,20210930,154500,2.21,2.21,2.21,2.21,100,0
DCRCW.US,5,20210930,155000,2.25,2.25,2.25,2.25,100,0
DCRCW.US,5,20210930,155500,2.225,2.225,2.225,2.225,222,0
DCRCW.US,5,20210930,160000,2.2499,2.2499,2.2499,2.2499,100,0
DCRCW.US,5,20210930,160500,2.2,2.2,2.2,2.2,886,0
DCRCW.US,5,20210930,161500,2.18,2.18,2.18,2.18,100,0
DCRCW.US,5,20210930,162000,2.15,2.15,2.14,2.14,300,0
DCRCW.US,5,20210930,163000,2.16,2.16,2.16,2.16,500,0
DCRCW.US,5,20210930,163500,2.15,2.15,2.15,2.15,100,0
DCRCW.US,5,20210930,164000,2.15,2.2,2.15,2.2,200,0
DCRCW.US,5,20210930,164500,2.15,2.15,2.15,2.15,100,0
DCRCW.US,5,20210930,165500,2.1401,2.1401,2.14,2.14,5300,0
DCRCW.US,5,20210930,170500,2.14,2.14,2.14,2.14,400,0
DCRCW.US,5,20210930,171000,2.12,2.13,2.12,2.13,200,0
DCRCW.US,5,20210930,171500,2.1201,2.1999,2.1201,2.1999,4150,0
DCRCW.US,5,20210930,172500,2.12,2.12,2.12,2.12,771,0
DCRCW.US,5,20210930,173500,2.11,2.11,2.06,2.06,1817,0
DCRCW.US,5,20210930,174500,2.03,2.03,2.02,2.02,1278,0
DCRCW.US,5,20210930,175000,2.05,2.06,2.04,2.04,1180,0
DCRCW.US,5,20210930,175500,2.04,2.04,2.02,2.02,1000,0
DCRCW.US,5,20210930,180000,2.04,2.04,2.04,2.04,500,0
DCRCW.US,5,20210930,180500,2.04,2.04,2.03,2.03,1100,0
DCRCW.US,5,20210930,181000,2.05,2.05,2.02,2.03,1000,0
DCRCW.US,5,20210930,181500,2.05,2.055,2.05,2.055,1100,0
DCRCW.US,5,20210930,182000,2.05,2.05,2.03,2.03,200,0
DCRCW.US,5,20210930,183500,2.0799,2.0799,2.0799,2.0799,2450,0
DCRCW.US,5,20210930,184500,2.02,2.02,2.02,2.02,100,0
DCRCW.US,5,20210930,185000,2.03,2.03,2.03,2.03,1000,0
DCRCW.US,5,20210930,185500,2.03,2.03,2.03,2.03,200,0
DCRCW.US,5,20210930,190000,2.03,2.03,2.03,2.03,200,0
DCRCW.US,5,20210930,190500,2.05,2.05,2.03,2.03,200,0
DCRCW.US,5,20210930,191000,2.05,2.05,2.03,2.03,400,0
DCRCW.US,5,20210930,191500,2.035,2.035,2.035,2.035,1800,0
DCRCW.US,5,20210930,192000,2.03,2.03,2.03,2.03,400,0
DCRCW.US,5,20210930,192500,2.03,2.03,2.03,2.03,300,0
DCRCW.US,5,20210930,194000,2.04,2.05,2.04,2.05,1224,0
DCRCW.US,5,20210930,194500,2.03,2.03,2.02,2.02,800,0
DCRCW.US,5,20210930,195000,2.02,2.02,2.02,2.02,6321,0
DCRCW.US,5,20210930,201000,2.03,2.03,2.03,2.03,500,0
DCRCW.US,5,20210930,201500,2.03,2.04,2.03,2.04,200,0
DCRCW.US,5,20210930,202000,2.045,2.045,2.04,2.04,200,0
DCRCW.US,5,20210930,202500,2.045,2.05,2.045,2.0499,1800,0
DCRCW.US,5,20210930,204500,2.05,2.05,2.05,2.05,400,0
DCRCW.US,5,20210930,205000,2.05,2.05,2.05,2.05,500,0
DCRCW.US,5,20210930,205500,2.05,2.05,2.05,2.05,200,0
DCRCW.US,5,20210930,210000,2.05,2.05,2.05,2.05,100,0
DCRCW.US,5,20210930,210500,2.05,2.078,2.05,2.078,1200,0
DCRCW.US,5,20210930,211000,2.05,2.05,2.05,2.05,200,0
DCRCW.US,5,20210930,211500,2.04,2.04,2.04,2.04,200,0
DCRCW.US,5,20210930,212000,2.05,2.078,2.05,2.078,795,0
DCRCW.US,5,20210930,213000,2.05,2.05,2.05,2.05,300,0
DCRCW.US,5,20210930,214000,2.05,2.05,2.05,2.05,140,0
DCRCW.US,5,20210930,214500,2.04,2.04,2.04,2.04,150,0
DCRCW.US,5,20210930,215000,2.08,2.09,2.08,2.09,336,0
DCRCW.US,5,20210930,215500,2.09,2.1,2.09,2.1,3203,0
DCRCW.US,5,20211001,153500,2.23,2.25,2.23,2.25,700,0
DCRCW.US,5,20211001,155000,2.3324,2.3324,2.3324,2.3324,100,0
DCRCW.US,5,20211001,161000,2.294,2.294,2.294,2.294,1000,0
DCRCW.US,5,20211001,162000,2.29,2.29,2.29,2.29,1019,0
DCRCW.US,5,20211001,163000,2.2899,2.3063,2.285,2.3063,3400,0
DCRCW.US,5,20211001,163500,2.3099,2.3099,2.3099,2.3099,1627,0
DCRCW.US,5,20211001,164500,2.295,2.295,2.295,2.295,100,0
DCRCW.US,5,20211001,165000,2.31,2.31,2.31,2.31,5000,0
DCRCW.US,5,20211001,165500,2.305,2.305,2.3,2.3,200,0
DCRCW.US,5,20211001,170000,2.305,2.305,2.24,2.24,1439,0
DCRCW.US,5,20211001,171000,2.195,2.195,2.195,2.195,1150,0
DCRCW.US,5,20211001,175000,2.16,2.16,2.16,2.16,100,0
DCRCW.US,5,20211001,180000,2.2,2.2,2.2,2.2,100,0
DCRCW.US,5,20211001,181000,2.2,2.2,2.2,2.2,100,0
DCRCW.US,5,20211001,181500,2.2,2.2,2.18,2.18,1100,0
DCRCW.US,5,20211001,182000,2.19,2.19,2.19,2.19,100,0
DCRCW.US,5,20211001,182500,2.19,2.19,2.19,2.19,100,0
DCRCW.US,5,20211001,183500,2.19,2.19,2.19,2.19,100,0
DCRCW.US,5,20211001,184000,2.19,2.19,2.19,2.19,100,0
DCRCW.US,5,20211001,184500,2.2,2.2,2.2,2.2,1260,0
DCRCW.US,5,20211001,185000,2.2,2.2,2.2,2.2,100,0
DCRCW.US,5,20211001,185500,2.21,2.21,2.2,2.2,400,0
DCRCW.US,5,20211001,192000,2.2,2.2,2.2,2.2,100,0
DCRCW.US,5,20211001,192500,2.2,2.2,2.2,2.2,100,0
DCRCW.US,5,20211001,193000,2.215,2.215,2.215,2.215,525,0
DCRCW.US,5,20211001,193500,2.2,2.2,2.2,2.2,100,0
DCRCW.US,5,20211001,194000,2.2,2.2,2.2,2.2,100,0
DCRCW.US,5,20211001,194500,2.2,2.2,2.2,2.2,100,0
DCRCW.US,5,20211001,195000,2.2,2.2,2.2,2.2,900,0
DCRCW.US,5,20211001,195500,2.2,2.2,2.2,2.2,100,0
DCRCW.US,5,20211001,200500,2.2,2.2,2.2,2.2,100,0
DCRCW.US,5,20211001,201000,2.2,2.2,2.2,2.2,100,0
DCRCW.US,5,20211001,201500,2.2,2.2299,2.2,2.2299,600,0
DCRCW.US,5,20211001,202000,2.2,2.2,2.2,2.2,100,0
DCRCW.US,5,20211001,202500,2.2,2.2,2.2,2.2,100,0
DCRCW.US,5,20211001,203500,2.2,2.2,2.2,2.2,100,0
DCRCW.US,5,20211001,204000,2.22,2.22,2.22,2.22,500,0
DCRCW.US,5,20211001,205000,2.2,2.2,2.2,2.2,15601,0
DCRCW.US,5,20211001,211000,2.2142,2.2142,2.2142,2.2142,400,0
DCRCW.US,5,20211001,211500,2.2,2.23,2.2,2.23,6644,0
DCRCW.US,5,20211001,212000,2.23,2.23,2.23,2.23,100,0
DCRCW.US,5,20211001,212500,2.19,2.19,2.19,2.19,100,0
DCRCW.US,5,20211001,213500,2.19,2.19,2.19,2.19,100,0
DCRCW.US,5,20211001,214000,2.19,2.19,2.19,2.19,100,0
DCRCW.US,5,20211001,214500,2.19,2.19,2.19,2.19,100,0
DCRCW.US,5,20211001,215000,2.205,2.205,2.18,2.18,874,0
DCRCW.US,5,20211001,215500,2.19,2.19,2.18,2.18,455,0
DCRCW.US,5,20211004,153000,2.55,2.59,2.55,2.55,8243,0
DCRCW.US,5,20211004,153500,2.55,2.79,2.55,2.77,45823,0
DCRCW.US,5,20211004,154000,2.77,2.77,2.5801,2.5801,11464,0
DCRCW.US,5,20211004,154500,2.61,2.63,2.37,2.48,16658,0
DCRCW.US,5,20211004,155000,2.47,2.499,2.45,2.45,800,0
DCRCW.US,5,20211004,155500,2.5,2.5,2.4,2.4,3569,0
DCRCW.US,5,20211004,160500,2.42,2.42,2.42,2.42,100,0
DCRCW.US,5,20211004,161000,2.435,2.4399,2.43,2.43,2100,0
DCRCW.US,5,20211004,161500,2.45,2.47,2.4497,2.47,1491,0
DCRCW.US,5,20211004,162000,2.4856,2.53,2.4856,2.5212,10216,0
DCRCW.US,5,20211004,162500,2.505,2.52,2.5,2.5,300,0
DCRCW.US,5,20211004,163000,2.51,2.51,2.51,2.51,200,0
DCRCW.US,5,20211004,163500,2.51,2.76,2.51,2.76,21211,0
DCRCW.US,5,20211004,164000,2.735,2.78,2.57,2.57,20535,0
DCRCW.US,5,20211004,164500,2.51,2.53,2.5,2.53,1315,0
DCRCW.US,5,20211004,165000,2.5,2.54,2.5,2.51,721,0
DCRCW.US,5,20211004,165500,2.5,2.5,2.46,2.46,4700,0
DCRCW.US,5,20211004,170000,2.48,2.4878,2.48,2.4878,747,0
DCRCW.US,5,20211004,170500,2.5,2.5,2.5,2.5,200,0
DCRCW.US,5,20211004,172000,2.48,2.48,2.48,2.48,288,0
DCRCW.US,5,20211004,172500,2.5,2.5,2.47,2.49,2029,0
DCRCW.US,5,20211004,173000,2.475,2.475,2.475,2.475,1000,0
DCRCW.US,5,20211004,173500,2.475,2.475,2.46,2.46,810,0
DCRCW.US,5,20211004,174500,2.4734,2.4734,2.4734,2.4734,500,0
DCRCW.US,5,20211004,180000,2.49,2.49,2.49,2.49,1397,0
DCRCW.US,5,20211004,180500,2.5,2.535,2.5,2.535,1300,0
DCRCW.US,5,20211004,182000,2.55,2.55,2.55,2.55,1165,0
DCRCW.US,5,20211004,182500,2.535,2.535,2.52,2.52,860,0
DCRCW.US,5,20211004,184000,2.5,2.5,2.5,2.5,1200,0
DCRCW.US,5,20211004,185000,2.48,2.48,2.4601,2.4601,2456,0
DCRCW.US,5,20211004,190000,2.49,2.5,2.49,2.5,3617,0
DCRCW.US,5,20211004,191500,2.5,2.5,2.5,2.5,250,0
DCRCW.US,5,20211004,192000,2.4999,2.4999,2.4999,2.4999,400,0
DCRCW.US,5,20211004,193500,2.4999,2.4999,2.4999,2.4999,500,0
DCRCW.US,5,20211004,194000,2.46,2.46,2.46,2.46,1000,0
DCRCW.US,5,20211004,195000,2.4999,2.4999,2.49,2.49,200,0
DCRCW.US,5,20211004,202500,2.485,2.485,2.47,2.47,1300,0
DCRCW.US,5,20211004,204000,2.47,2.47,2.46,2.46,200,0
DCRCW.US,5,20211004,205500,2.4899,2.4899,2.4899,2.4899,100,0
DCRCW.US,5,20211004,210500,2.4838,2.49,2.4838,2.49,1196,0
DCRCW.US,5,20211004,211500,2.48,2.48,2.48,2.48,1000,0
DCRCW.US,5,20211004,212000,2.5,2.5,2.4999,2.5,5400,0
DCRCW.US,5,20211004,212500,2.5,2.5001,2.5,2.5,2900,0
DCRCW.US,5,20211004,213000,2.5,2.5,2.5,2.5,1200,0
DCRCW.US,5,20211004,213500,2.5,2.5,2.5,2.5,1100,0
DCRCW.US,5,20211004,214000,2.5,2.5,2.5,2.5,1100,0
DCRCW.US,5,20211004,214500,2.5,2.515,2.5,2.5,1300,0
DCRCW.US,5,20211004,215000,2.5,2.5155,2.5,2.515,1796,0
DCRCW.US,5,20211004,215500,2.515,2.57,2.5,2.56,4332,0
DCRCW.US,5,20211005,153000,2.55,2.55,2.55,2.55,11500,0
DCRCW.US,5,20211005,154000,2.55,2.56,2.55,2.5599,1766,0
DCRCW.US,5,20211005,154500,2.555,2.58,2.555,2.58,12716,0
DCRCW.US,5,20211005,155000,2.6499,2.65,2.6499,2.65,4648,0
DCRCW.US,5,20211005,155500,2.6599,2.7,2.6556,2.6707,6802,0
DCRCW.US,5,20211005,160000,2.7199,2.7199,2.7199,2.7199,216,0
DCRCW.US,5,20211005,161000,2.685,2.685,2.685,2.685,1000,0
DCRCW.US,5,20211005,161500,2.69,2.69,2.69,2.69,200,0
DCRCW.US,5,20211005,162500,2.6899,2.69,2.6899,2.6899,1000,0
DCRCW.US,5,20211005,163000,2.69,2.69,2.6899,2.6899,400,0
DCRCW.US,5,20211005,163500,2.69,2.69,2.69,2.69,1486,0
DCRCW.US,5,20211005,164000,2.685,2.685,2.6301,2.6301,3400,0
DCRCW.US,5,20211005,164500,2.63,2.68,2.59,2.68,6001,0
DCRCW.US,5,20211005,165000,2.68,2.68,2.65,2.65,2400,0
DCRCW.US,5,20211005,165500,2.69,2.695,2.66,2.6724,6400,0
DCRCW.US,5,20211005,170000,2.62,2.62,2.62,2.62,200,0
DCRCW.US,5,20211005,172000,2.68,2.68,2.68,2.68,1900,0
DCRCW.US,5,20211005,172500,2.6899,2.69,2.6899,2.69,590,0
DCRCW.US,5,20211005,173000,2.67,2.673,2.67,2.673,400,0
DCRCW.US,5,20211005,175000,2.6699,2.67,2.6699,2.67,200,0
DCRCW.US,5,20211005,175500,2.6693,2.6693,2.649,2.649,1000,0
DCRCW.US,5,20211005,180000,2.64,2.64,2.64,2.64,1000,0
DCRCW.US,5,20211005,192000,2.67,2.67,2.67,2.67,100,0
DCRCW.US,5,20211005,192500,2.655,2.655,2.64,2.64,500,0
DCRCW.US,5,20211005,193500,2.67,2.7,2.67,2.7,8059,0
DCRCW.US,5,20211005,194500,2.69,2.69,2.69,2.69,100,0
DCRCW.US,5,20211005,201500,2.69,2.69,2.69,2.69,600,0
DCRCW.US,5,20211005,204500,2.69,2.69,2.69,2.69,6998,0
DCRCW.US,5,20211005,205000,2.66,2.66,2.66,2.66,5292,0
DCRCW.US,5,20211005,205500,2.6631,2.6631,2.6631,2.6631,100,0
DCRCW.US,5,20211005,213000,2.68,2.68,2.68,2.68,100,0
DCRCW.US,5,20211005,213500,2.6999,2.6999,2.66,2.661,1700,0
DCRCW.US,5,20211005,215500,2.65,2.65,2.65,2.65,497,0
DCRCW.US,5,20211006,154500,2.64,2.64,2.64,2.64,10955,0
DCRCW.US,5,20211006,160000,2.69,2.69,2.68,2.69,1000,0
DCRCW.US,5,20211006,160500,2.64,2.7,2.64,2.7,1884,0
DCRCW.US,5,20211006,161000,2.75,2.78,2.71,2.78,2125,0
DCRCW.US,5,20211006,161500,2.75,2.75,2.6841,2.6841,5012,0
DCRCW.US,5,20211006,162500,2.6531,2.6531,2.6531,2.6531,149,0
DCRCW.US,5,20211006,164000,2.7,2.7354,2.7,2.7354,8000,0
DCRCW.US,5,20211006,165000,2.73,2.765,2.73,2.765,16920,0
DCRCW.US,5,20211006,170000,2.765,2.765,2.71,2.71,3806,0
DCRCW.US,5,20211006,172000,2.71,2.72,2.7,2.7,2103,0
DCRCW.US,5,20211006,174500,2.6501,2.6501,2.65,2.65,900,0
DCRCW.US,5,20211006,175000,2.65,2.68,2.65,2.675,12297,0
DCRCW.US,5,20211006,180500,2.68,2.68,2.68,2.68,555,0
DCRCW.US,5,20211006,181000,2.68,2.68,2.68,2.68,592,0
DCRCW.US,5,20211006,181500,2.68,2.68,2.6799,2.68,11400,0
DCRCW.US,5,20211006,183500,2.6799,2.6799,2.6799,2.6799,400,0
DCRCW.US,5,20211006,184500,2.67,2.67,2.67,2.67,500,0
DCRCW.US,5,20211006,191000,2.67,2.67,2.67,2.67,100,0
DCRCW.US,5,20211006,191500,2.665,2.665,2.66,2.66,600,0
DCRCW.US,5,20211006,194000,2.635,2.65,2.635,2.65,1600,0
DCRCW.US,5,20211006,200500,2.6499,2.65,2.64,2.64,6200,0
DCRCW.US,5,20211006,201500,2.63,2.63,2.6,2.6,3300,0
DCRCW.US,5,20211006,203500,2.6,2.6,2.6,2.6,1635,0
DCRCW.US,5,20211006,211500,2.62,2.62,2.6,2.6,900,0
DCRCW.US,5,20211006,213000,2.59,2.59,2.59,2.59,100,0
DCRCW.US,5,20211006,213500,2.58,2.58,2.58,2.58,670,0
DCRCW.US,5,20211006,214000,2.57,2.57,2.56,2.56,1400,0
DCRCW.US,5,20211006,214500,2.57,2.57,2.57,2.57,2084,0
DCRCW.US,5,20211006,215000,2.57,2.58,2.5699,2.5705,2300,0
DCRCW.US,5,20211006,215500,2.6,2.6,2.6,2.6,219,0
DCRCW.US,5,20211007,153000,2.74,2.74,2.74,2.74,180,0
DCRCW.US,5,20211007,153500,2.7388,2.7388,2.7388,2.7388,1500,0
DCRCW.US,5,20211007,160000,2.62,2.72,2.62,2.7,1200,0
DCRCW.US,5,20211007,161500,2.7,2.7,2.7,2.7,500,0
DCRCW.US,5,20211007,162500,2.7,2.7,2.67,2.67,460,0
DCRCW.US,5,20211007,164000,2.67,2.67,2.67,2.67,150,0
DCRCW.US,5,20211007,164500,2.69,2.69,2.66,2.6601,2400,0
DCRCW.US,5,20211007,165500,2.6999,2.6999,2.6999,2.6999,1527,0
DCRCW.US,5,20211007,170000,2.695,2.695,2.69,2.6902,819,0
DCRCW.US,5,20211007,173500,2.68,2.6883,2.68,2.68,590,0
DCRCW.US,5,20211007,174500,2.69,2.69,2.69,2.69,191,0
DCRCW.US,5,20211007,175000,2.69,2.69,2.69,2.69,500,0
DCRCW.US,5,20211007,183000,2.6999,2.6999,2.6999,2.6999,1000,0
DCRCW.US,5,20211007,190500,2.69,2.69,2.69,2.69,100,0
DCRCW.US,5,20211007,192500,2.695,2.695,2.695,2.695,100,0
DCRCW.US,5,20211007,193000,2.695,2.695,2.69,2.69,700,0
DCRCW.US,5,20211007,195500,2.69,2.69,2.69,2.69,654,0
DCRCW.US,5,20211007,203000,2.66,2.66,2.66,2.66,600,0
DCRCW.US,5,20211007,204000,2.65,2.6567,2.65,2.6567,1000,0
DCRCW.US,5,20211007,204500,2.65,2.65,2.65,2.65,700,0
DCRCW.US,5,20211007,205000,2.635,2.635,2.635,2.635,15000,0
DCRCW.US,5,20211007,210000,2.635,2.635,2.635,2.635,300,0
DCRCW.US,5,20211007,210500,2.62,2.628,2.6,2.628,4080,0
DCRCW.US,5,20211007,212500,2.625,2.625,2.6,2.6,600,0
DCRCW.US,5,20211007,213000,2.6,2.6,2.6,2.6,500,0
DCRCW.US,5,20211007,213500,2.59,2.59,2.59,2.59,500,0
DCRCW.US,5,20211007,214000,2.58,2.58,2.58,2.58,600,0
DCRCW.US,5,20211007,214500,2.58,2.6,2.58,2.6,700,0
DCRCW.US,5,20211007,215000,2.6,2.6,2.6,2.6,700,0
DCRCW.US,5,20211007,215500,2.6,2.6,2.55,2.56,4799,0
DCRCW.US,5,20211008,153000,2.69,2.69,2.69,2.69,363,0
DCRCW.US,5,20211008,164000,2.62,2.6201,2.55,2.55,6630,0
DCRCW.US,5,20211008,165000,2.625,2.625,2.62,2.62,616,0
DCRCW.US,5,20211008,170500,2.6001,2.6001,2.6001,2.6001,500,0
DCRCW.US,5,20211008,171000,2.6484,2.6484,2.6484,2.6484,500,0
DCRCW.US,5,20211008,171500,2.645,2.645,2.645,2.645,100,0
DCRCW.US,5,20211008,173000,2.64,2.64,2.64,2.64,600,0
DCRCW.US,5,20211008,174000,2.61,2.61,2.61,2.61,100,0
DCRCW.US,5,20211008,174500,2.61,2.61,2.61,2.61,100,0
DCRCW.US,5,20211008,175000,2.61,2.61,2.61,2.61,9295,0
DCRCW.US,5,20211008,175500,2.6045,2.61,2.6045,2.61,760,0
DCRCW.US,5,20211008,180000,2.61,2.61,2.61,2.61,100,0
DCRCW.US,5,20211008,181500,2.6,2.61,2.57,2.5999,25234,0
DCRCW.US,5,20211008,182000,2.5999,2.5999,2.5999,2.5999,100,0
DCRCW.US,5,20211008,182500,2.5999,2.5999,2.5999,2.5999,2000,0
DCRCW.US,5,20211008,185500,2.58,2.58,2.58,2.58,200,0
DCRCW.US,5,20211008,190500,2.56,2.58,2.56,2.5603,1800,0
DCRCW.US,5,20211008,193500,2.5999,2.5999,2.575,2.575,3800,0
DCRCW.US,5,20211008,194500,2.57,2.6,2.57,2.57,766,0
DCRCW.US,5,20211008,195000,2.5899,2.5899,2.5899,2.5899,100,0
DCRCW.US,5,20211008,195500,2.5615,2.57,2.5615,2.57,6000,0
DCRCW.US,5,20211008,200500,2.55,2.58,2.55,2.58,200,0
DCRCW.US,5,20211008,203000,2.58,2.58,2.58,2.58,1000,0
DCRCW.US,5,20211008,203500,2.58,2.5882,2.57,2.5882,2200,0
DCRCW.US,5,20211008,204500,2.57,2.57,2.57,2.57,700,0
DCRCW.US,5,20211008,205000,2.57,2.57,2.57,2.57,100,0
DCRCW.US,5,20211008,205500,2.56,2.5602,2.56,2.5601,320,0
DCRCW.US,5,20211008,210000,2.57,2.57,2.565,2.565,2624,0
DCRCW.US,5,20211008,211000,2.55,2.555,2.55,2.55,9324,0
DCRCW.US,5,20211008,211500,2.52,2.52,2.47,2.47,2573,0
DCRCW.US,5,20211008,214000,2.4999,2.4999,2.4999,2.4999,200,0
DCRCW.US,5,20211008,215000,2.49,2.5,2.4899,2.5,10464,0
DCRCW.US,5,20211011,153000,2.47,2.47,2.47,2.47,502,0
DCRCW.US,5,20211011,153500,2.52,2.52,2.45,2.5,10262,0
DCRCW.US,5,20211011,155500,2.545,2.545,2.545,2.545,100,0
DCRCW.US,5,20211011,160500,2.47,2.47,2.45,2.45,1948,0
DCRCW.US,5,20211011,161000,2.51,2.525,2.51,2.525,1200,0
DCRCW.US,5,20211011,161500,2.5289,2.5289,2.45,2.45,800,0
DCRCW.US,5,20211011,162000,2.44,2.44,2.3,2.35,28957,0
DCRCW.US,5,20211011,162500,2.35,2.35,2.3,2.3,4150,0
DCRCW.US,5,20211011,163000,2.28,2.35,2.26,2.35,6675,0
DCRCW.US,5,20211011,164000,2.36,2.36,2.36,2.36,900,0
DCRCW.US,5,20211011,164500,2.365,2.365,2.365,2.365,375,0
DCRCW.US,5,20211011,165500,2.36,2.39,2.36,2.39,400,0
DCRCW.US,5,20211011,171500,2.35,2.35,2.34,2.34,500,0
DCRCW.US,5,20211011,173500,2.36,2.36,2.36,2.36,4343,0
DCRCW.US,5,20211011,181500,2.3218,2.3218,2.3218,2.3218,258,0
DCRCW.US,5,20211011,183500,2.33,2.36,2.33,2.33,695,0
DCRCW.US,5,20211011,185500,2.35,2.36,2.33,2.36,3343,0
DCRCW.US,5,20211011,190000,2.35,2.35,2.35,2.35,100,0
DCRCW.US,5,20211011,190500,2.36,2.36,2.3,2.3001,5575,0
DCRCW.US,5,20211011,191000,2.35,2.35,2.35,2.35,140,0
DCRCW.US,5,20211011,200500,2.33,2.33,2.33,2.33,888,0
DCRCW.US,5,20211011,201000,2.3,2.3,2.3,2.3,888,0
DCRCW.US,5,20211011,201500,2.35,2.35,2.35,2.35,900,0
DCRCW.US,5,20211011,202500,2.33,2.3312,2.32,2.3312,800,0
DCRCW.US,5,20211011,203500,2.35,2.35,2.35,2.35,900,0
DCRCW.US,5,20211011,204000,2.35,2.3508,2.35,2.35,535,0
DCRCW.US,5,20211011,204500,2.35,2.35,2.35,2.35,1000,0
DCRCW.US,5,20211011,205500,2.355,2.355,2.355,2.355,500,0
DCRCW.US,5,20211011,210000,2.3201,2.3201,2.3201,2.3201,1000,0
DCRCW.US,5,20211011,211500,2.32,2.3201,2.32,2.3201,2800,0
DCRCW.US,5,20211011,212000,2.32,2.32,2.25,2.25,9540,0
DCRCW.US,5,20211011,213000,2.31,2.31,2.2925,2.2925,1100,0
DCRCW.US,5,20211011,215000,2.299,2.32,2.299,2.299,1000,0
DCRCW.US,5,20211011,215500,2.275,2.3,2.24,2.24,2525,0
DCRCW.US,5,20211012,154000,2.2601,2.34,2.2601,2.34,490,0
DCRCW.US,5,20211012,154500,2.29,2.29,2.28,2.28,1000,0
DCRCW.US,5,20211012,155000,2.25,2.25,2.23,2.23,12314,0
DCRCW.US,5,20211012,160500,2.27,2.27,2.27,2.27,100,0
DCRCW.US,5,20211012,161000,2.27,2.27,2.27,2.27,2100,0
DCRCW.US,5,20211012,161500,2.25,2.25,2.25,2.25,100,0
DCRCW.US,5,20211012,163000,2.245,2.245,2.245,2.245,500,0
DCRCW.US,5,20211012,163500,2.2401,2.2401,2.2401,2.2401,1000,0
DCRCW.US,5,20211012,164000,2.2499,2.25,2.2497,2.2497,17993,0
DCRCW.US,5,20211012,165000,2.255,2.255,2.24,2.255,700,0
DCRCW.US,5,20211012,165500,2.255,2.255,2.255,2.255,100,0
DCRCW.US,5,20211012,170000,2.255,2.255,2.255,2.255,100,0
DCRCW.US,5,20211012,171500,2.255,2.255,2.255,2.255,150,0
DCRCW.US,5,20211012,172000,2.265,2.265,2.265,2.265,100,0
DCRCW.US,5,20211012,174000,2.265,2.27,2.26,2.27,622,0
DCRCW.US,5,20211012,175000,2.26,2.26,2.26,2.26,500,0
DCRCW.US,5,20211012,182500,2.26,2.26,2.26,2.26,166,0
DCRCW.US,5,20211012,183500,2.2605,2.2605,2.2605,2.2605,200,0
DCRCW.US,5,20211012,184500,2.26,2.26,2.26,2.26,4241,0
DCRCW.US,5,20211012,185000,2.27,2.27,2.25,2.25,3859,0
DCRCW.US,5,20211012,190000,2.25,2.25,2.25,2.25,300,0
DCRCW.US,5,20211012,190500,2.2699,2.2699,2.2699,2.2699,2701,0
DCRCW.US,5,20211012,191000,2.255,2.255,2.255,2.255,200,0
DCRCW.US,5,20211012,192000,2.2401,2.2401,2.24,2.24,1662,0
DCRCW.US,5,20211012,200000,2.25,2.25,2.235,2.235,350,0
DCRCW.US,5,20211012,205000,2.21,2.21,2.21,2.21,200,0
DCRCW.US,5,20211012,205500,2.24,2.25,2.24,2.25,700,0
DCRCW.US,5,20211012,210000,2.25,2.25,2.25,2.25,100,0
DCRCW.US,5,20211012,212500,2.25,2.25,2.25,2.25,1000,0
DCRCW.US,5,20211012,214000,2.25,2.25,2.25,2.25,2066,0
DCRCW.US,5,20211012,214500,2.26,2.26,2.25,2.25,1500,0
DCRCW.US,5,20211012,215000,2.26,2.27,2.24,2.24,7299,0
DCRCW.US,5,20211012,215500,2.25,2.26,2.25,2.2584,8374,0
DCRCW.US,5,20211013,160500,2.32,2.32,2.29,2.29,1235,0
DCRCW.US,5,20211013,162000,2.25,2.2501,2.2413,2.2413,8577,0
DCRCW.US,5,20211013,163500,2.2774,2.2774,2.2774,2.2774,250,0
DCRCW.US,5,20211013,172500,2.3,2.3,2.3,2.3,614,0
DCRCW.US,5,20211013,174500,2.3,2.3,2.3,2.3,6545,0
DCRCW.US,5,20211013,175500,2.3,2.3,2.3,2.3,100,0
DCRCW.US,5,20211013,181000,2.3,2.3,2.3,2.3,100,0
DCRCW.US,5,20211013,182500,2.3,2.325,2.3,2.3,4421,0
DCRCW.US,5,20211013,183000,2.3,2.305,2.3,2.305,1081,0
DCRCW.US,5,20211013,183500,2.31,2.31,2.31,2.31,100,0
DCRCW.US,5,20211013,184500,2.305,2.305,2.25,2.25,3600,0
DCRCW.US,5,20211013,191500,2.245,2.245,2.24,2.24,500,0
DCRCW.US,5,20211013,192000,2.25,2.25,2.25,2.25,1200,0
DCRCW.US,5,20211013,193500,2.2499,2.25,2.24,2.24,800,0
DCRCW.US,5,20211013,201500,2.24,2.24,2.24,2.24,100,0
DCRCW.US,5,20211013,204000,2.25,2.25,2.24,2.25,7150,0
DCRCW.US,5,20211013,204500,2.25,2.25,2.25,2.25,167,0
DCRCW.US,5,20211013,205000,2.25,2.25,2.25,2.25,100,0
DCRCW.US,5,20211013,205500,2.2499,2.2499,2.2499,2.2499,540,0
DCRCW.US,5,20211013,211000,2.2499,2.25,2.2499,2.25,1344,0
DCRCW.US,5,20211013,212000,2.25,2.265,2.245,2.25,12593,0
DCRCW.US,5,20211013,212500,2.25,2.29,2.25,2.27,1233,0
DCRCW.US,5,20211013,214000,2.28,2.31,2.268,2.292,2500,0
DCRCW.US,5,20211013,214500,2.31,2.31,2.31,2.31,250,0
DCRCW.US,5,20211013,215000,2.31,2.31,2.3094,2.3094,1650,0
DCRCW.US,5,20211014,153000,2.37,2.37,2.37,2.37,200,0
DCRCW.US,5,20211014,153500,2.38,2.39,2.38,2.3899,12871,0
DCRCW.US,5,20211014,154000,2.39,2.39,2.39,2.39,500,0
DCRCW.US,5,20211014,154500,2.345,2.345,2.345,2.345,1200,0
DCRCW.US,5,20211014,165000,2.31,2.35,2.31,2.35,3109,0
DCRCW.US,5,20211014,170000,2.35,2.36,2.3492,2.35,3758,0
DCRCW.US,5,20211014,172000,2.35,2.35,2.35,2.35,800,0
DCRCW.US,5,20211014,174000,2.36,2.36,2.35,2.35,200,0
DCRCW.US,5,20211014,175500,2.355,2.355,2.35,2.35,1000,0
DCRCW.US,5,20211014,181000,2.355,2.355,2.355,2.355,100,0
DCRCW.US,5,20211014,182000,2.35,2.35,2.35,2.35,500,0
DCRCW.US,5,20211014,185000,2.36,2.36,2.36,2.36,210,0
DCRCW.US,5,20211014,190000,2.3596,2.3596,2.3596,2.3596,1000,0
DCRCW.US,5,20211014,194000,2.35,2.35,2.35,2.35,100,0
DCRCW.US,5,20211014,194500,2.36,2.36,2.36,2.36,975,0
DCRCW.US,5,20211014,200000,2.3315,2.3315,2.3315,2.3315,100,0
DCRCW.US,5,20211014,205000,2.36,2.36,2.34,2.3599,635,0
DCRCW.US,5,20211014,205500,2.3406,2.3406,2.3406,2.3406,500,0
DCRCW.US,5,20211014,211500,2.35,2.37,2.3201,2.3201,5141,0
DCRCW.US,5,20211014,215500,2.35,2.35,2.35,2.35,3700,0
DCRCW.US,5,20211015,154500,2.38,2.38,2.38,2.38,1000,0
DCRCW.US,5,20211015,155500,2.5001,2.501,2.5,2.501,12590,0
DCRCW.US,5,20211015,160500,2.48,2.48,2.48,2.48,100,0
DCRCW.US,5,20211015,161000,2.48,2.48,2.4,2.4,1200,0
DCRCW.US,5,20211015,161500,2.41,2.5099,2.4,2.455,5225,0
DCRCW.US,5,20211015,162000,2.4,2.4,2.4,2.4,300,0
DCRCW.US,5,20211015,162500,2.4,2.4,2.4,2.4,300,0
DCRCW.US,5,20211015,163000,2.4,2.4,2.4,2.4,300,0
DCRCW.US,5,20211015,163500,2.405,2.405,2.405,2.405,100,0
DCRCW.US,5,20211015,164000,2.4,2.4,2.4,2.4,300,0
DCRCW.US,5,20211015,164500,2.4,2.4,2.4,2.4,1000,0
DCRCW.US,5,20211015,165000,2.4,2.4,2.4,2.4,100,0
DCRCW.US,5,20211015,165500,2.4,2.4,2.4,2.4,300,0
DCRCW.US,5,20211015,170000,2.4,2.4,2.4,2.4,200,0
DCRCW.US,5,20211015,171000,2.4,2.4,2.4,2.4,300,0
DCRCW.US,5,20211015,172000,2.4,2.4,2.4,2.4,200,0
DCRCW.US,5,20211015,172500,2.4099,2.4099,2.4099,2.4099,200,0
DCRCW.US,5,20211015,174000,2.41,2.41,2.41,2.41,212,0
DCRCW.US,5,20211015,174500,2.4095,2.429,2.401,2.401,5536,0
DCRCW.US,5,20211015,181000,2.4,2.4,2.4,2.4,2000,0
DCRCW.US,5,20211015,185500,2.38,2.38,2.35,2.35,500,0
DCRCW.US,5,20211015,191000,2.33,2.33,2.32,2.32,9600,0
DCRCW.US,5,20211015,192000,2.32,2.32,2.3168,2.3168,325,0
DCRCW.US,5,20211015,195500,2.32,2.32,2.32,2.32,1351,0
DCRCW.US,5,20211015,202000,2.3499,2.35,2.3499,2.35,992,0
DCRCW.US,5,20211015,204000,2.35,2.35,2.35,2.35,768,0
DCRCW.US,5,20211015,205500,2.375,2.375,2.36,2.36,225,0
DCRCW.US,5,20211015,213000,2.385,2.385,2.385,2.385,100,0
DCRCW.US,5,20211015,214000,2.39,2.395,2.39,2.39,1200,0
DCRCW.US,5,20211015,215000,2.3899,2.39,2.3897,2.3897,1900,0
DCRCW.US,5,20211015,215500,2.4,2.42,2.4,2.4,8592,0
DCRCW.US,5,20211018,154000,2.4144,2.4144,2.4144,2.4144,540,0
DCRCW.US,5,20211018,160000,2.49,2.49,2.49,2.49,212,0
DCRCW.US,5,20211018,160500,2.49,2.49,2.49,2.49,2402,0
DCRCW.US,5,20211018,161000,2.5,2.5,2.5,2.5,1000,0
DCRCW.US,5,20211018,163000,2.525,2.525,2.525,2.525,500,0
DCRCW.US,5,20211018,165500,2.52,2.53,2.52,2.53,1820,0
DCRCW.US,5,20211018,180500,2.56,2.59,2.56,2.59,973,0
DCRCW.US,5,20211018,181000,2.55,2.55,2.55,2.55,4826,0
DCRCW.US,5,20211018,182000,2.56,2.56,2.56,2.56,1600,0
DCRCW.US,5,20211018,182500,2.5672,2.5672,2.5672,2.5672,500,0
DCRCW.US,5,20211018,192500,2.53,2.53,2.53,2.53,100,0
DCRCW.US,5,20211018,200000,2.53,2.53,2.53,2.53,2400,0
DCRCW.US,5,20211018,203500,2.515,2.515,2.5,2.5,200,0
DCRCW.US,5,20211018,204000,2.5001,2.515,2.5,2.5,1300,0
DCRCW.US,5,20211018,204500,2.48,2.48,2.44,2.4461,3020,0
DCRCW.US,5,20211018,210000,2.45,2.451,2.45,2.45,1084,0
DCRCW.US,5,20211018,211500,2.44,2.44,2.44,2.44,433,0
DCRCW.US,5,20211018,213000,2.43,2.43,2.41,2.41,1500,0
DCRCW.US,5,20211018,215000,2.45,2.45,2.45,2.45,1300,0
DCRCW.US,5,20211019,154500,2.53,2.53,2.53,2.53,1000,0
DCRCW.US,5,20211019,155000,2.52,2.53,2.45,2.45,4233,0
DCRCW.US,5,20211019,155500,2.42,2.42,2.42,2.42,100,0
DCRCW.US,5,20211019,162000,2.42,2.4484,2.42,2.4484,3689,0
DCRCW.US,5,20211019,162500,2.43,2.43,2.42,2.43,5000,0
DCRCW.US,5,20211019,164000,2.43,2.45,2.43,2.45,5000,0
DCRCW.US,5,20211019,165000,2.47,2.55,2.47,2.55,12380,0
DCRCW.US,5,20211019,165500,2.55,2.63,2.55,2.62,9891,0
DCRCW.US,5,20211019,172500,2.53,2.53,2.53,2.53,200,0
DCRCW.US,5,20211019,175500,2.5,2.5,2.5,2.5,400,0
DCRCW.US,5,20211019,181500,2.59,2.59,2.59,2.59,400,0
DCRCW.US,5,20211019,183000,2.51,2.51,2.51,2.51,100,0
DCRCW.US,5,20211019,184500,2.5699,2.5699,2.5699,2.5699,100,0
DCRCW.US,5,20211019,191000,2.5072,2.5072,2.5072,2.5072,3804,0
DCRCW.US,5,20211019,195000,2.51,2.51,2.5,2.5001,8840,0
DCRCW.US,5,20211019,195500,2.5,2.5,2.5,2.5,200,0
DCRCW.US,5,20211019,203500,2.52,2.52,2.5,2.5,500,0
DCRCW.US,5,20211019,204000,2.52,2.52,2.5,2.5,1100,0
DCRCW.US,5,20211019,205000,2.5,2.5,2.5,2.5,176,0
DCRCW.US,5,20211019,210000,2.51,2.51,2.51,2.51,400,0
DCRCW.US,5,20211019,211000,2.59,2.6,2.59,2.6,791,0
DCRCW.US,5,20211019,211500,2.51,2.51,2.51,2.51,200,0
DCRCW.US,5,20211020,153500,2.5,2.5,2.5,2.5,500,0
DCRCW.US,5,20211020,161000,2.55,2.55,2.5499,2.5499,4000,0
DCRCW.US,5,20211020,161500,2.55,2.55,2.5487,2.5487,1000,0
DCRCW.US,5,20211020,162500,2.5817,2.5817,2.57,2.57,900,0
DCRCW.US,5,20211020,163000,2.555,2.555,2.555,2.555,1300,0
DCRCW.US,5,20211020,164500,2.58,2.58,2.5485,2.5485,400,0
DCRCW.US,5,20211020,165500,2.55,2.55,2.55,2.55,100,0
DCRCW.US,5,20211020,171000,2.53,2.53,2.51,2.51,200,0
DCRCW.US,5,20211020,172000,2.51,2.51,2.51,2.51,200,0
DCRCW.US,5,20211020,173000,2.51,2.5499,2.51,2.5499,4279,0
DCRCW.US,5,20211020,174000,2.5499,2.5499,2.5101,2.5101,4414,0
DCRCW.US,5,20211020,175000,2.51,2.51,2.51,2.51,1613,0
DCRCW.US,5,20211020,175500,2.5,2.5,2.5,2.5,1300,0
DCRCW.US,5,20211020,180000,2.505,2.505,2.505,2.505,2000,0
DCRCW.US,5,20211020,180500,2.5099,2.51,2.47,2.47,2407,0
DCRCW.US,5,20211020,181000,2.48,2.48,2.48,2.48,900,0
DCRCW.US,5,20211020,181500,2.5,2.5,2.5,2.5,1000,0
DCRCW.US,5,20211020,182500,2.5,2.5,2.4999,2.4999,200,0
DCRCW.US,5,20211020,184500,2.5,2.53,2.49,2.505,4800,0
DCRCW.US,5,20211020,185000,2.48,2.48,2.48,2.48,200,0
DCRCW.US,5,20211020,191500,2.48,2.48,2.48,2.48,100,0
DCRCW.US,5,20211020,192500,2.48,2.48,2.48,2.48,100,0
DCRCW.US,5,20211020,193500,2.48,2.488,2.472,2.472,9710,0
DCRCW.US,5,20211020,195000,2.48,2.48,2.48,2.48,377,0
DCRCW.US,5,20211020,202000,2.46,2.46,2.46,2.46,2033,0
DCRCW.US,5,20211020,202500,2.46,2.4851,2.46,2.4851,1774,0
DCRCW.US,5,20211020,203000,2.47,2.47,2.47,2.47,446,0
DCRCW.US,5,20211020,204500,2.48,2.48,2.48,2.48,433,0
DCRCW.US,5,20211020,210500,2.505,2.51,2.505,2.51,200,0
DCRCW.US,5,20211020,213000,2.5,2.5,2.5,2.5,475,0
DCRCW.US,5,20211020,213500,2.5,2.5,2.5,2.5,3990,0
DCRCW.US,5,20211020,214000,2.49,2.49,2.49,2.49,100,0
DCRCW.US,5,20211021,153000,2.48,2.48,2.48,2.48,610,0
DCRCW.US,5,20211021,154500,2.48,2.5,2.48,2.5,222,0
DCRCW.US,5,20211021,155500,2.48,2.48,2.46,2.46,475,0
DCRCW.US,5,20211021,160500,2.4999,2.5,2.4999,2.5,2000,0
DCRCW.US,5,20211021,164000,2.46,2.46,2.45,2.46,3957,0
DCRCW.US,5,20211021,165500,2.46,2.4601,2.4501,2.4501,6400,0
DCRCW.US,5,20211021,171000,2.48,2.48,2.48,2.48,100,0
DCRCW.US,5,20211021,180500,2.49,2.49,2.49,2.49,164,0
DCRCW.US,5,20211021,182000,2.5,2.5,2.5,2.5,337,0
DCRCW.US,5,20211021,184500,2.5,2.5,2.499,2.5,864,0
DCRCW.US,5,20211021,185000,2.4956,2.4999,2.48,2.4999,6015,0
DCRCW.US,5,20211021,185500,2.5,2.5,2.5,2.5,10000,0
DCRCW.US,5,20211021,192000,2.5,2.5,2.5,2.5,32077,0
DCRCW.US,5,20211021,201500,2.46,2.46,2.45,2.45,10055,0
DCRCW.US,5,20211021,203500,2.49,2.49,2.49,2.49,100,0
DCRCW.US,5,20211021,204500,2.47,2.47,2.47,2.47,156,0
DCRCW.US,5,20211021,210000,2.5,2.5,2.5,2.5,2193,0
DCRCW.US,5,20211021,210500,2.51,2.6,2.5,2.55,2587,0
DCRCW.US,5,20211021,211000,2.58,2.58,2.58,2.58,500,0
DCRCW.US,5,20211021,212000,2.6,2.6,2.6,2.6,718,0
DCRCW.US,5,20211021,212500,2.63,2.655,2.6175,2.655,1822,0
DCRCW.US,5,20211021,213000,2.625,2.625,2.625,2.625,1000,0
DCRCW.US,5,20211021,214000,2.65,2.7,2.65,2.7,500,0
DCRCW.US,5,20211021,214500,2.63,2.63,2.63,2.63,200,0
DCRCW.US,5,20211022,153000,2.63,2.6899,2.63,2.63,2200,0
DCRCW.US,5,20211022,153500,2.63,2.8,2.63,2.8,19701,0
DCRCW.US,5,20211022,154000,2.86,2.96,2.8,2.93,20255,0
DCRCW.US,5,20211022,154500,2.9496,2.96,2.87,2.87,14326,0
DCRCW.US,5,20211022,155000,2.91,2.95,2.91,2.95,1771,0
DCRCW.US,5,20211022,155500,2.925,2.93,2.9,2.9,17774,0
DCRCW.US,5,20211022,160500,2.87,2.89,2.87,2.87,1658,0
DCRCW.US,5,20211022,161000,2.78,2.78,2.77,2.77,399,0
DCRCW.US,5,20211022,161500,2.875,2.875,2.86,2.87,1469,0
DCRCW.US,5,20211022,162000,2.845,2.92,2.845,2.92,1849,0
DCRCW.US,5,20211022,163000,2.855,2.875,2.855,2.875,200,0
DCRCW.US,5,20211022,163500,2.85,2.85,2.8,2.8,6200,0
DCRCW.US,5,20211022,164000,2.83,2.83,2.83,2.83,790,0
DCRCW.US,5,20211022,171000,2.86,2.86,2.86,2.86,300,0
DCRCW.US,5,20211022,172500,2.86,2.86,2.86,2.86,232,0
DCRCW.US,5,20211022,173000,2.82,2.82,2.8,2.8,6274,0
DCRCW.US,5,20211022,173500,2.8234,2.8234,2.8234,2.8234,200,0
DCRCW.US,5,20211022,174000,2.805,2.83,2.8,2.83,4600,0
DCRCW.US,5,20211022,175000,2.815,2.815,2.815,2.815,1000,0
DCRCW.US,5,20211022,175500,2.812,2.812,2.812,2.812,2660,0
DCRCW.US,5,20211022,180000,2.8499,2.8499,2.8499,2.8499,2828,0
DCRCW.US,5,20211022,180500,2.8005,2.8005,2.8005,2.8005,500,0
DCRCW.US,5,20211022,181500,2.84,2.84,2.84,2.84,100,0
DCRCW.US,5,20211022,182500,2.85,2.86,2.8463,2.86,1180,0
DCRCW.US,5,20211022,183000,2.84,2.84,2.84,2.84,200,0
DCRCW.US,5,20211022,184000,2.86,2.87,2.86,2.87,3834,0
DCRCW.US,5,20211022,184500,2.9,2.9,2.9,2.9,1100,0
DCRCW.US,5,20211022,185000,2.92,2.92,2.92,2.92,1971,0
DCRCW.US,5,20211022,185500,2.94,2.94,2.92,2.92,561,0
DCRCW.US,5,20211022,190000,2.92,2.92,2.9001,2.9001,300,0
DCRCW.US,5,20211022,190500,2.92,2.92,2.9,2.9,200,0
DCRCW.US,5,20211022,191000,2.94,2.94,2.94,2.94,450,0
DCRCW.US,5,20211022,191500,2.89,2.89,2.88,2.89,800,0
DCRCW.US,5,20211022,193500,2.835,2.835,2.835,2.835,346,0
DCRCW.US,5,20211022,194000,2.8083,2.82,2.8083,2.82,5100,0
DCRCW.US,5,20211022,194500,2.8001,2.8001,2.8001,2.8001,1001,0
DCRCW.US,5,20211022,195500,2.87,2.9,2.8699,2.8999,7686,0
DCRCW.US,5,20211022,200000,2.9,2.9,2.9,2.9,2964,0
DCRCW.US,5,20211022,202000,2.9,2.9,2.9,2.9,200,0
DCRCW.US,5,20211022,203500,2.85,2.85,2.84,2.84,600,0
DCRCW.US,5,20211022,205500,2.8,2.8448,2.8,2.8448,1000,0
DCRCW.US,5,20211022,210000,2.81,2.81,2.81,2.81,300,0
DCRCW.US,5,20211022,212000,2.88,2.88,2.88,2.88,3368,0
DCRCW.US,5,20211022,213500,2.94,2.94,2.94,2.94,100,0
DCRCW.US,5,20211022,214500,2.875,2.875,2.81,2.81,4595,0
DCRCW.US,5,20211022,215000,2.88,2.88,2.88,2.88,1500,0
DCRCW.US,5,20211025,153000,2.78,2.78,2.78,2.78,100,0
DCRCW.US,5,20211025,153500,2.78,2.78,2.78,2.78,646,0
DCRCW.US,5,20211025,154000,2.9427,2.99,2.85,2.99,9100,0
DCRCW.US,5,20211025,154500,2.895,2.895,2.895,2.895,1200,0
DCRCW.US,5,20211025,155500,2.92,2.92,2.81,2.88,9400,0
DCRCW.US,5,20211025,160000,2.8999,2.8999,2.8999,2.8999,1400,0
DCRCW.US,5,20211025,160500,2.9,2.9,2.8955,2.9,6200,0
DCRCW.US,5,20211025,161500,2.91,2.91,2.9,2.9001,3300,0
DCRCW.US,5,20211025,164000,2.92,2.92,2.92,2.92,200,0
DCRCW.US,5,20211025,164500,2.95,2.95,2.95,2.95,1500,0
DCRCW.US,5,20211025,165000,2.95,2.95,2.95,2.95,1600,0
DCRCW.US,5,20211025,170000,2.95,2.95,2.9201,2.9201,1600,0
DCRCW.US,5,20211025,173500,2.9499,2.965,2.9494,2.9633,4150,0
DCRCW.US,5,20211025,174000,2.9602,2.9602,2.9602,2.9602,100,0
DCRCW.US,5,20211025,174500,2.97,2.97,2.96,2.96,200,0
DCRCW.US,5,20211025,175000,2.9496,2.9496,2.92,2.92,408,0
DCRCW.US,5,20211025,175500,2.92,2.92,2.92,2.92,5999,0
DCRCW.US,5,20211025,180500,2.97,2.98,2.97,2.98,900,0
DCRCW.US,5,20211025,183500,2.9,2.9,2.9,2.9,1300,0
DCRCW.US,5,20211025,184500,2.95,2.95,2.95,2.95,100,0
DCRCW.US,5,20211025,185000,2.98,2.98,2.98,2.98,300,0
DCRCW.US,5,20211025,190500,2.97,2.97,2.96,2.96,284,0
DCRCW.US,5,20211025,191500,2.97,2.98,2.96,2.977,2616,0
DCRCW.US,5,20211025,193000,2.9732,2.9732,2.9732,2.9732,440,0
DCRCW.US,5,20211025,193500,2.98,2.98,2.98,2.98,369,0
DCRCW.US,5,20211025,195500,2.97,2.98,2.97,2.98,2200,0
DCRCW.US,5,20211025,200500,2.9693,2.9693,2.9693,2.9693,1000,0
DCRCW.US,5,20211025,202000,2.98,2.98,2.98,2.98,500,0
DCRCW.US,5,20211025,203000,2.96,2.99,2.948,2.948,1530,0
DCRCW.US,5,20211025,204500,2.93,2.94,2.92,2.92,1365,0
DCRCW.US,5,20211025,210500,2.9799,2.9799,2.945,2.979,2350,0
DCRCW.US,5,20211025,211000,2.98,2.9801,2.9799,2.9801,2100,0
DCRCW.US,5,20211025,212000,2.985,2.985,2.985,2.985,100,0
DCRCW.US,5,20211025,213000,2.985,2.985,2.98,2.98,1000,0
DCRCW.US,5,20211025,214000,2.99,3,2.98,2.9801,3200,0
DCRCW.US,5,20211025,215000,2.93,2.93,2.92,2.92,7546,0
DCRCW.US,5,20211025,215500,2.9,2.9,2.85,2.85,2600,0
DCRCW.US,5,20211026,153000,3.15,3.25,3.15,3.16,6840,0
DCRCW.US,5,20211026,153500,3.2,3.25,3.2,3.2325,6455,0
DCRCW.US,5,20211026,154000,3.28,3.28,3.2242,3.2242,2880,0
DCRCW.US,5,20211026,154500,3.25,3.3,3.2135,3.252,13870,0
DCRCW.US,5,20211026,155000,3.3,3.38,3.294,3.35,3128,0
DCRCW.US,5,20211026,155500,3.385,3.39,3.265,3.37,15391,0
DCRCW.US,5,20211026,160500,3.3,3.3,3.24,3.24,3100,0
DCRCW.US,5,20211026,161000,3.36,3.3698,3.36,3.3698,1790,0
DCRCW.US,5,20211026,161500,3.37,3.37,3.37,3.37,4000,0
DCRCW.US,5,20211026,162000,3.33,3.36,3.33,3.36,7000,0
DCRCW.US,5,20211026,162500,3.3699,3.37,3.3395,3.3395,1791,0
DCRCW.US,5,20211026,163500,3.37,3.37,3.33,3.3415,1850,0
DCRCW.US,5,20211026,164000,3.37,3.37,3.365,3.365,950,0
DCRCW.US,5,20211026,164500,3.37,3.37,3.37,3.37,100,0
DCRCW.US,5,20211026,165000,3.37,3.37,3.37,3.37,600,0
DCRCW.US,5,20211026,165500,3.37,3.38,3.37,3.38,1332,0
DCRCW.US,5,20211026,170000,3.37,3.37,3.3601,3.3609,1300,0
DCRCW.US,5,20211026,170500,3.36,3.37,3.36,3.363,1659,0
DCRCW.US,5,20211026,171000,3.348,3.348,3.3,3.31,4390,0
DCRCW.US,5,20211026,171500,3.31,3.31,3.3085,3.3085,770,0
DCRCW.US,5,20211026,174500,3.3,3.3,3.3,3.3,2000,0
DCRCW.US,5,20211026,175000,3.25,3.25,3.25,3.25,448,0
DCRCW.US,5,20211026,175500,3.2401,3.2401,3.2401,3.2401,470,0
DCRCW.US,5,20211026,182500,3.27,3.27,3.27,3.27,7900,0
DCRCW.US,5,20211026,185000,3.27,3.27,3.27,3.27,168,0
DCRCW.US,5,20211026,190000,3.27,3.27,3.23,3.23,6530,0
DCRCW.US,5,20211026,191500,3.2301,3.262,3.2301,3.262,3591,0
DCRCW.US,5,20211026,193500,3.23,3.2301,3.23,3.2301,6100,0
DCRCW.US,5,20211026,194000,3.23,3.23,3.21,3.21,6800,0
DCRCW.US,5,20211026,195500,3.21,3.21,3.21,3.21,1000,0
DCRCW.US,5,20211026,200500,3.23,3.23,3.23,3.23,363,0
DCRCW.US,5,20211026,203000,3.2588,3.2588,3.23,3.23,1201,0
DCRCW.US,5,20211026,204000,3.22,3.22,3.21,3.21,448,0
DCRCW.US,5,20211026,204500,3.21,3.21,3.21,3.21,100,0
DCRCW.US,5,20211026,210000,3.25,3.25,3.25,3.25,500,0
DCRCW.US,5,20211026,214500,3.19,3.205,3.16,3.16,8854,0
DCRCW.US,5,20211026,215000,3.16,3.19,3.16,3.16,2123,0
DCRCW.US,5,20211026,215500,3.16,3.21,3.16,3.21,11822,0
DCRCW.US,5,20211027,153000,3.29,3.29,3.17,3.17,12531,0
DCRCW.US,5,20211027,153500,3.22,3.22,3.22,3.22,200,0
DCRCW.US,5,20211027,154000,3.21,3.21,3.1,3.1077,4662,0
DCRCW.US,5,20211027,154500,3.08,3.08,3.0723,3.08,2700,0
DCRCW.US,5,20211027,155500,3.105,3.105,3.105,3.105,250,0
DCRCW.US,5,20211027,162000,3.1,3.1,3.1,3.1,1195,0
DCRCW.US,5,20211027,163500,3.1,3.1005,3.1,3.1005,5610,0
DCRCW.US,5,20211027,164500,3.08,3.1,3.08,3.08,600,0
DCRCW.US,5,20211027,165500,3.08,3.08,3.06,3.06,600,0
DCRCW.US,5,20211027,170000,3.05,3.05,3.0477,3.0477,700,0
DCRCW.US,5,20211027,171000,3.05,3.05,3.05,3.05,100,0
DCRCW.US,5,20211027,171500,3.0599,3.0599,3.0599,3.0599,200,0
DCRCW.US,5,20211027,172000,3.05,3.05,3.05,3.05,367,0
DCRCW.US,5,20211027,172500,3.02,3.02,3.01,3.01,600,0
DCRCW.US,5,20211027,173000,3.02,3.02,2.9401,2.9401,5471,0
DCRCW.US,5,20211027,173500,3.0155,3.0155,3,3,699,0
DCRCW.US,5,20211027,174000,3,3.005,3,3,1099,0
DCRCW.US,5,20211027,174500,2.9999,2.9999,2.9999,2.9999,300,0
DCRCW.US,5,20211027,175000,2.9999,2.9999,2.9999,2.9999,5000,0
DCRCW.US,5,20211027,175500,3,3,2.99,3,900,0
DCRCW.US,5,20211027,180500,3.0101,3.0101,3,3,9100,0
DCRCW.US,5,20211027,183500,2.985,2.9996,2.985,2.99,400,0
DCRCW.US,5,20211027,184500,2.985,2.985,2.985,2.985,100,0
DCRCW.US,5,20211027,185000,2.99,2.9902,2.9201,2.9201,5635,0
DCRCW.US,5,20211027,190000,2.9483,2.9483,2.9483,2.9483,185,0
DCRCW.US,5,20211027,191000,2.935,2.95,2.935,2.95,350,0
DCRCW.US,5,20211027,193000,2.93,2.94,2.93,2.9399,1500,0
DCRCW.US,5,20211027,193500,2.92,2.9399,2.92,2.9399,1282,0
DCRCW.US,5,20211027,194000,2.94,2.94,2.94,2.94,300,0
DCRCW.US,5,20211027,195500,2.93,2.93,2.93,2.93,100,0
DCRCW.US,5,20211027,200000,2.93,2.94,2.93,2.94,643,0
DCRCW.US,5,20211027,201000,2.95,2.95,2.89,2.89,6800,0
DCRCW.US,5,20211027,202000,2.8801,2.8801,2.88,2.88,1050,0
DCRCW.US,5,20211027,203000,2.87,2.87,2.87,2.87,1000,0
DCRCW.US,5,20211027,203500,2.88,2.935,2.88,2.935,500,0
DCRCW.US,5,20211027,210500,2.94,2.94,2.94,2.94,200,0
DCRCW.US,5,20211027,211000,2.96,2.96,2.96,2.96,400,0
DCRCW.US,5,20211027,211500,2.92,2.92,2.92,2.92,200,0
DCRCW.US,5,20211027,212000,2.97,2.97,2.97,2.97,4600,0
DCRCW.US,5,20211027,212500,3.01,3.01,3.01,3.01,100,0
DCRCW.US,5,20211027,213000,2.985,2.985,2.985,2.985,1800,0
DCRCW.US,5,20211027,214000,2.98,2.98,2.98,2.98,1000,0
DCRCW.US,5,20211027,214500,2.9716,2.9716,2.9716,2.9716,100,0
DCRCW.US,5,20211027,215000,2.97,2.97,2.93,2.93,300,0
DCRCW.US,5,20211027,215500,2.9201,2.9201,2.68,2.68,15200,0
DCRCW.US,5,20211028,153000,3.38,3.38,3.09,3.2,15925,0
DCRCW.US,5,20211028,153500,3.21,3.22,3.15,3.15,9904,0
DCRCW.US,5,20211028,154000,3.1501,3.1501,3.13,3.13,2125,0
DCRCW.US,5,20211028,154500,3.16,3.16,3.16,3.16,600,0
DCRCW.US,5,20211028,155000,3.22,3.22,3.11,3.15,1199,0
DCRCW.US,5,20211028,155500,3.15,3.15,2.9834,3.072,8484,0
DCRCW.US,5,20211028,160000,3.015,3.075,3.015,3.075,1800,0
DCRCW.US,5,20211028,160500,3.1297,3.1297,3.1036,3.1036,1100,0
DCRCW.US,5,20211028,161000,3.1399,3.1399,3.08,3.08,600,0
DCRCW.US,5,20211028,161500,3.11,3.12,3.09,3.09,892,0
DCRCW.US,5,20211028,162000,3.105,3.105,3.105,3.105,500,0
DCRCW.US,5,20211028,163000,3.105,3.13,3.1,3.1099,10964,0
DCRCW.US,5,20211028,163500,3.1299,3.1299,3.07,3.07,3490,0
DCRCW.US,5,20211028,164000,3.11,3.11,3.055,3.055,1600,0
DCRCW.US,5,20211028,164500,3,3,3,3,100,0
DCRCW.US,5,20211028,165000,3.0951,3.0951,3.01,3.09,1000,0
DCRCW.US,5,20211028,165500,3.08,3.15,3.08,3.15,34759,0
DCRCW.US,5,20211028,170000,3.17,3.18,3.17,3.18,1900,0
DCRCW.US,5,20211028,170500,3.15,3.15,3.15,3.15,130,0
DCRCW.US,5,20211028,171000,3.1799,3.22,3.1799,3.18,2800,0
DCRCW.US,5,20211028,171500,3.17,3.25,3.16,3.25,1964,0
DCRCW.US,5,20211028,172000,3.185,3.21,3.18,3.21,5300,0
DCRCW.US,5,20211028,172500,3.21,3.25,3.2099,3.24,6820,0
DCRCW.US,5,20211028,173000,3.2274,3.24,3.2274,3.2399,3571,0
DCRCW.US,5,20211028,173500,3.22,3.24,3.22,3.2399,1200,0
DCRCW.US,5,20211028,174000,3.21,3.24,3.16,3.24,2828,0
DCRCW.US,5,20211028,174500,3.18,3.22,3.18,3.22,1690,0
DCRCW.US,5,20211028,175000,3.2239,3.2239,3.2,3.2121,2698,0
DCRCW.US,5,20211028,181000,3.21,3.21,3.21,3.21,100,0
DCRCW.US,5,20211028,181500,3.17,3.2054,3.15,3.15,17787,0
DCRCW.US,5,20211028,182000,3.19,3.19,3.19,3.19,491,0
DCRCW.US,5,20211028,184000,3.1999,3.1999,3.1999,3.1999,100,0
DCRCW.US,5,20211028,185000,3.2,3.219,3.17,3.17,6652,0
DCRCW.US,5,20211028,185500,3.17,3.17,3.15,3.15,1600,0
DCRCW.US,5,20211028,192000,3.17,3.1701,3.17,3.1701,551,0
DCRCW.US,5,20211028,192500,3.17,3.2,3.17,3.1701,3865,0
DCRCW.US,5,20211028,193000,3.2,3.2,3.19,3.19,7318,0
DCRCW.US,5,20211028,193500,3.209,3.24,3.2,3.212,14118,0
DCRCW.US,5,20211028,194000,3.21,3.25,3.21,3.239,4201,0
DCRCW.US,5,20211028,194500,3.215,3.25,3.15,3.24,7496,0
DCRCW.US,5,20211028,195000,3.215,3.215,3.215,3.215,3800,0
DCRCW.US,5,20211028,195500,3.22,3.22,3.22,3.22,100,0
DCRCW.US,5,20211028,200500,3.22,3.22,3.15,3.15,1707,0
DCRCW.US,5,20211028,201000,3.171,3.171,3.171,3.171,1500,0
DCRCW.US,5,20211028,202000,3.21,3.21,3.21,3.21,2277,0
DCRCW.US,5,20211028,202500,3.21,3.21,3.21,3.21,1827,0
DCRCW.US,5,20211028,203000,3.15,3.15,3.15,3.15,100,0
DCRCW.US,5,20211028,203500,3.1743,3.18,3.1743,3.1799,1400,0
DCRCW.US,5,20211028,204000,3.17,3.17,3.1,3.1017,9480,0
DCRCW.US,5,20211028,205000,3.1,3.1,3.02,3.0499,12721,0
DCRCW.US,5,20211028,205500,3.01,3.0101,3,3.0101,1102,0
DCRCW.US,5,20211028,210000,3.05,3.05,3.0199,3.0199,1314,0
DCRCW.US,5,20211028,210500,3.025,3.025,3.025,3.025,400,0
DCRCW.US,5,20211028,211000,3.0499,3.05,3.0487,3.0498,25593,0
DCRCW.US,5,20211028,211500,3.07,3.07,3.07,3.07,200,0
DCRCW.US,5,20211028,212000,3.085,3.119,3.07,3.119,650,0
DCRCW.US,5,20211028,212500,3.1199,3.1199,3.1199,3.1199,500,0
DCRCW.US,5,20211028,215500,3.13,3.13,3,3,7074,0
DCRCW.US,5,20211029,153000,3.19,3.24,3.07,3.2,14576,0
DCRCW.US,5,20211029,153500,3.2,3.25,3.2,3.25,4118,0
DCRCW.US,5,20211029,154000,3.2499,3.2499,3.2,3.2,4200,0
DCRCW.US,5,20211029,154500,3.2,3.22,3.2,3.22,800,0
DCRCW.US,5,20211029,155000,3.22,3.2399,3.19,3.23,8900,0
DCRCW.US,5,20211029,155500,3.24,3.43,3.24,3.35,13113,0
DCRCW.US,5,20211029,160000,3.35,3.41,3.325,3.41,6532,0
DCRCW.US,5,20211029,160500,3.25,3.25,3.25,3.25,4316,0
DCRCW.US,5,20211029,161000,3.29,3.46,3.29,3.46,2270,0
DCRCW.US,5,20211029,161500,3.36,3.36,3.3588,3.3588,1130,0
DCRCW.US,5,20211029,162000,3.36,3.36,3.36,3.36,999,0
DCRCW.US,5,20211029,162500,3.388,3.46,3.388,3.4399,2004,0
DCRCW.US,5,20211029,163000,3.45,3.5,3.4001,3.4999,10121,0
DCRCW.US,5,20211029,163500,3.4655,3.655,3.4655,3.6452,10750,0
DCRCW.US,5,20211029,164000,3.5501,3.64,3.55,3.6133,1920,0
DCRCW.US,5,20211029,164500,3.605,3.68,3.53,3.68,10248,0
DCRCW.US,5,20211029,165000,3.68,3.68,3.55,3.5504,3272,0
DCRCW.US,5,20211029,165500,3.65,3.68,3.5501,3.68,2882,0
DCRCW.US,5,20211029,170000,3.7,3.8,3.602,3.602,8279,0
DCRCW.US,5,20211029,170500,3.74,3.7401,3.61,3.61,29931,0
DCRCW.US,5,20211029,171000,3.74,3.78,3.66,3.7299,14602,0
DCRCW.US,5,20211029,171500,3.715,3.715,3.7,3.7,1800,0
DCRCW.US,5,20211029,172000,3.7,3.7898,3.6801,3.78,12666,0
DCRCW.US,5,20211029,172500,3.7475,3.78,3.7475,3.77,3011,0
DCRCW.US,5,20211029,173000,3.755,3.79,3.72,3.75,9615,0
DCRCW.US,5,20211029,173500,3.74,3.75,3.735,3.7375,2009,0
DCRCW.US,5,20211029,174000,3.7201,3.75,3.7201,3.75,12988,0
DCRCW.US,5,20211029,174500,3.75,3.8,3.74,3.75,18563,0
DCRCW.US,5,20211029,175000,3.79,3.89,3.76,3.8101,30891,0
DCRCW.US,5,20211029,175500,3.85,3.9,3.81,3.87,9710,0
DCRCW.US,5,20211029,180000,3.85,3.89,3.75,3.89,18055,0
DCRCW.US,5,20211029,180500,3.81,3.9,3.81,3.9,5918,0
DCRCW.US,5,20211029,181000,3.9,3.9,3.85,3.85,2695,0
DCRCW.US,5,20211029,181500,3.81,3.9,3.7601,3.7601,8920,0
DCRCW.US,5,20211029,182000,3.8999,3.9699,3.78,3.78,7312,0
DCRCW.US,5,20211029,182500,3.86,3.91,3.86,3.86,4250,0
DCRCW.US,5,20211029,183000,3.9199,3.9399,3.8661,3.9399,6890,0
DCRCW.US,5,20211029,183500,3.9399,3.94,3.8999,3.9,6825,0
DCRCW.US,5,20211029,184000,3.9,3.9499,3.88,3.88,1747,0
DCRCW.US,5,20211029,184500,3.9,3.95,3.87,3.87,10263,0
DCRCW.US,5,20211029,185000,3.87,3.9,3.87,3.9,1100,0
DCRCW.US,5,20211029,185500,3.87,3.87,3.8101,3.8101,2400,0
DCRCW.US,5,20211029,190000,3.87,3.9499,3.83,3.87,2750,0
DCRCW.US,5,20211029,190500,3.87,3.97,3.84,3.85,6600,0
DCRCW.US,5,20211029,191000,3.9001,3.98,3.87,3.9603,5650,0
DCRCW.US,5,20211029,191500,3.9799,3.98,3.97,3.98,640,0
DCRCW.US,5,20211029,192000,3.97,3.99,3.92,3.95,6592,0
DCRCW.US,5,20211029,192500,3.92,3.92,3.91,3.91,1700,0
DCRCW.US,5,20211029,193000,3.98,3.98,3.98,3.98,350,0
DCRCW.US,5,20211029,193500,3.945,3.98,3.88,3.94,3570,0
DCRCW.US,5,20211029,194000,3.8801,3.94,3.8801,3.94,600,0
DCRCW.US,5,20211029,194500,3.9,3.915,3.9,3.915,1100,0
DCRCW.US,5,20211029,195000,3.9034,3.9034,3.88,3.88,9856,0
DCRCW.US,5,20211029,195500,3.8801,3.8801,3.81,3.81,200,0
DCRCW.US,5,20211029,200500,3.82,3.82,3.76,3.76,6987,0
DCRCW.US,5,20211029,201000,3.855,3.88,3.855,3.88,2000,0
DCRCW.US,5,20211029,201500,3.8012,3.9,3.8012,3.85,1894,0
DCRCW.US,5,20211029,202000,3.81,3.85,3.81,3.85,663,0
DCRCW.US,5,20211029,202500,3.8999,3.8999,3.8999,3.8999,220,0
DCRCW.US,5,20211029,203500,3.89,3.9,3.86,3.9,1100,0
DCRCW.US,5,20211029,204000,3.86,3.875,3.86,3.875,800,0
DCRCW.US,5,20211029,204500,3.875,3.875,3.875,3.875,1250,0
DCRCW.US,5,20211029,205000,3.8999,3.9,3.885,3.885,2246,0
DCRCW.US,5,20211029,205500,3.875,3.875,3.875,3.875,580,0
DCRCW.US,5,20211029,210000,3.85,3.9,3.85,3.9,1800,0
DCRCW.US,5,20211029,210500,3.895,3.8993,3.89,3.895,800,0
DCRCW.US,5,20211029,211000,3.89,3.9187,3.89,3.9187,2149,0
DCRCW.US,5,20211029,211500,3.92,3.94,3.89,3.94,1600,0
DCRCW.US,5,20211029,212000,3.94,4,3.9399,4,31758,0
DCRCW.US,5,20211029,212500,4.05,4.165,4.025,4.165,5790,0
DCRCW.US,5,20211029,213000,4.165,4.24,4.1,4.16,24166,0
DCRCW.US,5,20211029,213500,4.1799,4.1799,4.11,4.13,6836,0
DCRCW.US,5,20211029,214000,4.12,4.135,4.05,4.135,8645,0
DCRCW.US,5,20211029,214500,4.12,4.165,4.11,4.165,4950,0
DCRCW.US,5,20211029,215000,4.165,4.19,4.165,4.19,5910,0
DCRCW.US,5,20211029,215500,4.2,4.35,4.2,4.25,17073,0
DCRCW.US,5,20211101,143000,5.08,5.48,5.08,5.35,34554,0
DCRCW.US,5,20211101,143500,5.2801,5.2801,4.86,5,15238,0
DCRCW.US,5,20211101,144000,5.09,5.09,4.66,4.99,5582,0
DCRCW.US,5,20211101,144500,4.86,4.9553,4.86,4.88,5925,0
DCRCW.US,5,20211101,145000,4.81,5.1,4.8,5.1,13523,0
DCRCW.US,5,20211101,145500,5.07,5.1,4.89,4.99,9545,0
DCRCW.US,5,20211101,150000,4.91,5.04,4.8801,4.95,3719,0
DCRCW.US,5,20211101,150500,4.95,5,4.9466,5,7875,0
DCRCW.US,5,20211101,151000,5.07,5.07,4.92,4.945,5694,0
DCRCW.US,5,20211101,151500,4.93,4.93,4.88,4.8975,11790,0
DCRCW.US,5,20211101,152000,4.93,4.975,4.9,4.9,5920,0
DCRCW.US,5,20211101,152500,4.93,4.94,4.75,4.8,24067,0
DCRCW.US,5,20211101,153000,4.77,4.9,4.77,4.865,3375,0
DCRCW.US,5,20211101,153500,4.875,4.925,4.8501,4.889,6350,0
DCRCW.US,5,20211101,154000,4.86,4.88,4.83,4.83,4900,0
DCRCW.US,5,20211101,154500,4.75,4.8182,4.75,4.8182,16731,0
DCRCW.US,5,20211101,155000,4.75,4.76,4.6601,4.6601,12351,0
DCRCW.US,5,20211101,155500,4.78,4.78,4.78,4.78,2000,0
DCRCW.US,5,20211101,160000,4.805,4.815,4.805,4.815,1100,0
DCRCW.US,5,20211101,160500,4.83,4.83,4.79,4.79,600,0
DCRCW.US,5,20211101,161000,4.89,4.9,4.8,4.8,2421,0
DCRCW.US,5,20211101,161500,4.77,4.77,4.72,4.73,900,0
DCRCW.US,5,20211101,162000,4.7001,4.75,4.66,4.66,2436,0
DCRCW.US,5,20211101,162500,4.7,4.76,4.66,4.66,2260,0
DCRCW.US,5,20211101,163000,4.73,4.8,4.73,4.8,3700,0
DCRCW.US,5,20211101,163500,4.79,4.8,4.79,4.7999,1864,0
DCRCW.US,5,20211101,164000,4.79,4.79,4.79,4.79,100,0
DCRCW.US,5,20211101,164500,4.775,4.79,4.775,4.79,982,0
DCRCW.US,5,20211101,165000,4.7999,4.7999,4.775,4.7804,800,0
DCRCW.US,5,20211101,165500,4.78,4.78,4.7101,4.755,4046,0
DCRCW.US,5,20211101,170000,4.8,4.8,4.75,4.7505,823,0
DCRCW.US,5,20211101,170500,4.775,4.8,4.76,4.7999,3123,0
DCRCW.US,5,20211101,171000,4.8,4.845,4.78,4.845,8151,0
DCRCW.US,5,20211101,171500,4.83,4.89,4.71,4.87,9841,0
DCRCW.US,5,20211101,172000,4.8899,4.89,4.81,4.88,6919,0
DCRCW.US,5,20211101,172500,4.855,4.855,4.82,4.82,1300,0
DCRCW.US,5,20211101,173000,4.81,4.94,4.81,4.85,28116,0
DCRCW.US,5,20211101,173500,4.86,4.92,4.77,4.8,16605,0
DCRCW.US,5,20211101,174000,4.76,4.76,4.76,4.76,539,0
DCRCW.US,5,20211101,174500,4.75,4.79,4.735,4.79,2592,0
DCRCW.US,5,20211101,175000,4.775,4.8,4.75,4.7999,2400,0
DCRCW.US,5,20211101,175500,4.77,4.8,4.76,4.775,3740,0
DCRCW.US,5,20211101,180000,4.775,4.8394,4.775,4.81,1200,0
DCRCW.US,5,20211101,180500,4.8,4.8307,4.8,4.825,2697,0
DCRCW.US,5,20211101,181000,4.825,4.8345,4.78,4.83,6420,0
DCRCW.US,5,20211101,181500,4.85,4.85,4.825,4.825,200,0
DCRCW.US,5,20211101,182000,4.8499,4.8499,4.82,4.83,5790,0
DCRCW.US,5,20211101,182500,4.81,4.85,4.8,4.8,6819,0
DCRCW.US,5,20211101,183000,4.85,4.85,4.81,4.83,1950,0
DCRCW.US,5,20211101,184000,4.8492,4.88,4.8492,4.8799,1994,0
DCRCW.US,5,20211101,184500,4.82,4.84,4.6,4.61,14841,0
DCRCW.US,5,20211101,185000,4.6,4.84,4.55,4.59,7174,0
DCRCW.US,5,20211101,185500,4.69,4.75,4.62,4.62,2565,0
DCRCW.US,5,20211101,190000,4.62,4.62,4.55,4.55,5815,0
DCRCW.US,5,20211101,190500,4.62,4.62,4.62,4.62,100,0
DCRCW.US,5,20211101,191000,4.6512,4.6512,4.6512,4.6512,1000,0
DCRCW.US,5,20211101,191500,4.715,4.79,4.7,4.7318,5425,0
DCRCW.US,5,20211101,192000,4.7389,4.75,4.725,4.75,1750,0
DCRCW.US,5,20211101,192500,4.7501,4.77,4.7501,4.77,1100,0
DCRCW.US,5,20211101,193000,4.845,4.88,4.845,4.88,4400,0
DCRCW.US,5,20211101,193500,4.8501,4.87,4.8,4.855,9920,0
DCRCW.US,5,20211101,194000,4.8,4.8,4.77,4.77,600,0
DCRCW.US,5,20211101,194500,4.8999,4.8999,4.75,4.8275,3700,0
DCRCW.US,5,20211101,195000,4.825,4.825,4.825,4.825,1000,0
DCRCW.US,5,20211101,195500,4.74,4.78,4.74,4.7595,11304,0
DCRCW.US,5,20211101,200500,4.76,4.76,4.7418,4.7418,1801,0
DCRCW.US,5,20211101,201000,4.75,4.76,4.75,4.76,949,0
DCRCW.US,5,20211101,201500,4.77,4.8,4.77,4.8,3200,0
DCRCW.US,5,20211101,202000,4.82,4.99,4.8,4.8002,17359,0
DCRCW.US,5,20211101,202500,4.8,4.86,4.8,4.85,2250,0
DCRCW.US,5,20211101,203000,4.85,4.93,4.8426,4.8539,2219,0
DCRCW.US,5,20211101,203500,4.86,4.87,4.86,4.87,900,0
DCRCW.US,5,20211101,204000,4.86,4.9,4.86,4.9,3900,0
DCRCW.US,5,20211101,204500,4.94,4.94,4.87,4.91,4464,0
DCRCW.US,5,20211101,205000,4.91,4.95,4.85,4.85,11178,0
DCRCW.US,5,20211101,205500,4.85,4.96,4.83,4.85,5192,0
DCRCW.US,5,20211102,143000,5,5,4.85,4.85,20626,0
DCRCW.US,5,20211102,143500,4.85,4.85,4.74,4.795,12273,0
DCRCW.US,5,20211102,144000,4.79,4.82,4.74,4.76,20079,0
DCRCW.US,5,20211102,144500,4.67,4.74,4.65,4.729,3060,0
DCRCW.US,5,20211102,145000,4.67,4.67,4.55,4.615,11555,0
DCRCW.US,5,20211102,145500,4.59,4.6499,4.59,4.64,9050,0
DCRCW.US,5,20211102,150000,4.59,4.6437,4.59,4.6437,3776,0
DCRCW.US,5,20211102,150500,4.65,4.66,4.625,4.66,8043,0
DCRCW.US,5,20211102,151000,4.76,4.85,4.76,4.85,4689,0
DCRCW.US,5,20211102,151500,4.85,4.86,4.7611,4.7611,568,0
DCRCW.US,5,20211102,152000,4.815,4.815,4.81,4.81,350,0
DCRCW.US,5,20211102,152500,4.8,4.8,4.58,4.58,6776,0
DCRCW.US,5,20211102,153000,4.61,4.61,4.605,4.605,2156,0
DCRCW.US,5,20211102,153500,4.65,4.66,4.65,4.6599,2358,0
DCRCW.US,5,20211102,154000,4.65,4.66,4.65,4.66,1100,0
DCRCW.US,5,20211102,154500,4.68,4.72,4.665,4.68,4194,0
DCRCW.US,5,20211102,155000,4.66,4.66,4.66,4.66,369,0
DCRCW.US,5,20211102,155500,4.67,4.72,4.67,4.72,10000,0
DCRCW.US,5,20211102,160000,4.67,4.75,4.67,4.71,7300,0
DCRCW.US,5,20211102,160500,4.73,4.75,4.72,4.72,2634,0
DCRCW.US,5,20211102,161000,4.735,4.735,4.735,4.735,350,0
DCRCW.US,5,20211102,161500,4.7746,4.7746,4.7746,4.7746,100,0
DCRCW.US,5,20211102,162000,4.74,4.74,4.72,4.721,1384,0
DCRCW.US,5,20211102,162500,4.76,4.795,4.745,4.795,13304,0
DCRCW.US,5,20211102,163000,4.815,4.87,4.815,4.87,6300,0
DCRCW.US,5,20211102,163500,4.865,4.865,4.85,4.86,3199,0
DCRCW.US,5,20211102,164000,4.8501,4.86,4.78,4.78,23717,0
DCRCW.US,5,20211102,170000,4.8193,4.8193,4.775,4.8191,5104,0
DCRCW.US,5,20211102,170500,4.77,4.81,4.77,4.805,6600,0
DCRCW.US,5,20211102,171500,4.81,4.82,4.81,4.82,1451,0
DCRCW.US,5,20211102,172000,4.8,4.8,4.8,4.8,225,0
DCRCW.US,5,20211102,172500,4.8114,4.8114,4.8114,4.8114,100,0
DCRCW.US,5,20211102,173500,4.81,4.82,4.79,4.79,4500,0
DCRCW.US,5,20211102,174000,4.79,4.7901,4.79,4.7901,400,0
DCRCW.US,5,20211102,174500,4.7922,4.7922,4.79,4.79,975,0
DCRCW.US,5,20211102,175500,4.7701,4.7701,4.77,4.77,2500,0
DCRCW.US,5,20211102,180000,4.77,4.77,4.77,4.77,300,0
DCRCW.US,5,20211102,180500,4.77,4.77,4.7,4.7,2800,0
DCRCW.US,5,20211102,181000,4.67,4.67,4.66,4.66,2287,0
DCRCW.US,5,20211102,182000,4.65,4.675,4.65,4.675,746,0
DCRCW.US,5,20211102,183000,4.66,4.66,4.65,4.65,991,0
DCRCW.US,5,20211102,183500,4.65,4.65,4.61,4.61,4706,0
DCRCW.US,5,20211102,184000,4.635,4.635,4.62,4.62,300,0
DCRCW.US,5,20211102,184500,4.625,4.64,4.625,4.64,300,0
DCRCW.US,5,20211102,185000,4.625,4.625,4.625,4.625,500,0
DCRCW.US,5,20211102,185500,4.61,4.6385,4.61,4.63,2700,0
DCRCW.US,5,20211102,190000,4.63,4.63,4.63,4.63,200,0
DCRCW.US,5,20211102,190500,4.63,4.635,4.63,4.635,1000,0
DCRCW.US,5,20211102,191000,4.64,4.64,4.63,4.63,1300,0
DCRCW.US,5,20211102,191500,4.6275,4.6275,4.6275,4.6275,250,0
DCRCW.US,5,20211102,192000,4.6398,4.6398,4.6237,4.6237,200,0
DCRCW.US,5,20211102,192500,4.635,4.635,4.635,4.635,700,0
DCRCW.US,5,20211102,193000,4.62,4.63,4.62,4.63,400,0
DCRCW.US,5,20211102,193500,4.641,4.641,4.6,4.6,7222,0
DCRCW.US,5,20211102,194000,4.6,4.6,4.6,4.6,494,0
DCRCW.US,5,20211102,194500,4.6,4.6,4.5,4.52,9936,0
DCRCW.US,5,20211102,195000,4.52,4.55,4.51,4.525,3110,0
DCRCW.US,5,20211102,195500,4.53,4.53,4.53,4.53,225,0
DCRCW.US,5,20211102,200000,4.53,4.55,4.51,4.55,1790,0
DCRCW.US,5,20211102,200500,4.55,4.58,4.55,4.58,1500,0
DCRCW.US,5,20211102,201000,4.56,4.57,4.55,4.55,2788,0
DCRCW.US,5,20211102,201500,4.52,4.55,4.52,4.535,700,0
DCRCW.US,5,20211102,202000,4.52,4.54,4.52,4.5399,3391,0
DCRCW.US,5,20211102,203000,4.54,4.55,4.54,4.54,700,0
DCRCW.US,5,20211102,203500,4.54,4.54,4.51,4.525,1867,0
DCRCW.US,5,20211102,204000,4.51,4.51,4.45,4.45,15309,0
DCRCW.US,5,20211102,205000,4.48,4.495,4.44,4.44,6958,0
DCRCW.US,5,20211102,205500,4.44,4.45,4.35,4.35,6325,0
DCRCW.US,5,20211103,143000,4.52,4.68,4.52,4.62,875,0
DCRCW.US,5,20211103,143500,4.645,4.645,4.645,4.645,125,0
DCRCW.US,5,20211103,144000,4.65,4.65,4.65,4.65,668,0
DCRCW.US,5,20211103,144500,4.5919,4.5919,4.5919,4.5919,500,0
DCRCW.US,5,20211103,145000,4.59,4.66,4.59,4.61,11396,0
DCRCW.US,5,20211103,145500,4.61,4.65,4.59,4.59,5869,0
DCRCW.US,5,20211103,150000,4.43,4.5,4.42,4.5,2308,0
DCRCW.US,5,20211103,150500,4.44,4.52,4.43,4.515,1399,0
DCRCW.US,5,20211103,151500,4.45,4.5,4.45,4.47,2930,0
DCRCW.US,5,20211103,152000,4.5,4.5,4.5,4.5,500,0
DCRCW.US,5,20211103,152500,4.58,4.65,4.55,4.55,1300,0
DCRCW.US,5,20211103,153000,4.52,4.6,4.52,4.6,640,0
DCRCW.US,5,20211103,153500,4.5592,4.5592,4.5,4.5,2200,0
DCRCW.US,5,20211103,154000,4.52,4.52,4.5103,4.5103,1000,0
DCRCW.US,5,20211103,154500,4.555,4.58,4.555,4.58,3100,0
DCRCW.US,5,20211103,155000,4.55,4.55,4.41,4.41,9510,0
DCRCW.US,5,20211103,155500,4.41,4.41,4.4,4.4,400,0
DCRCW.US,5,20211103,160000,4.49,4.49,4.49,4.49,1000,0
DCRCW.US,5,20211103,160500,4.49,4.49,4.49,4.49,1000,0
DCRCW.US,5,20211103,161000,4.49,4.56,4.42,4.42,4625,0
DCRCW.US,5,20211103,162000,4.48,4.48,4.48,4.48,318,0
DCRCW.US,5,20211103,163000,4.48,4.48,4.48,4.48,513,0
DCRCW.US,5,20211103,164500,4.43,4.46,4.42,4.43,1200,0
DCRCW.US,5,20211103,165500,4.44,4.46,4.42,4.46,3600,0
DCRCW.US,5,20211103,170000,4.46,4.46,4.45,4.45,200,0
DCRCW.US,5,20211103,171500,4.45,4.45,4.45,4.45,7382,0
DCRCW.US,5,20211103,172000,4.465,4.48,4.45,4.47,922,0
DCRCW.US,5,20211103,172500,4.44,4.47,4.41,4.47,1350,0
DCRCW.US,5,20211103,173000,4.44,4.44,4.44,4.44,200,0
DCRCW.US,5,20211103,173500,4.465,4.465,4.465,4.465,100,0
DCRCW.US,5,20211103,174000,4.45,4.45,4.44,4.44,800,0
DCRCW.US,5,20211103,174500,4.445,4.45,4.44,4.44,400,0
DCRCW.US,5,20211103,175000,4.4301,4.4301,4.43,4.43,1120,0
DCRCW.US,5,20211103,175500,4.45,4.455,4.44,4.44,1800,0
DCRCW.US,5,20211103,180000,4.43,4.44,4.43,4.44,1100,0
DCRCW.US,5,20211103,180500,4.455,4.455,4.44,4.44,300,0
DCRCW.US,5,20211103,181000,4.4301,4.44,4.4301,4.44,1099,0
DCRCW.US,5,20211103,181500,4.44,4.44,4.43,4.4308,1280,0
DCRCW.US,5,20211103,182000,4.44,4.44,4.44,4.44,100,0
DCRCW.US,5,20211103,182500,4.43,4.43,4.43,4.43,300,0
DCRCW.US,5,20211103,183000,4.45,4.45,4.44,4.44,400,0
DCRCW.US,5,20211103,184000,4.44,4.44,4.43,4.43,1280,0
DCRCW.US,5,20211103,184500,4.43,4.44,4.4,4.44,1170,0
DCRCW.US,5,20211103,185500,4.47,4.48,4.47,4.48,200,0
DCRCW.US,5,20211103,190000,4.44,4.44,4.44,4.44,3600,0
DCRCW.US,5,20211103,190500,4.45,4.48,4.4,4.4,10045,0
DCRCW.US,5,20211103,192500,4.4,4.4,4.4,4.4,100,0
DCRCW.US,5,20211103,193500,4.45,4.45,4.45,4.45,2302,0
DCRCW.US,5,20211103,194000,4.45,4.56,4.45,4.5,3844,0
DCRCW.US,5,20211103,194500,4.525,4.525,4.525,4.525,500,0
DCRCW.US,5,20211103,195000,4.525,4.525,4.47,4.47,200,0
DCRCW.US,5,20211103,200000,4.47,4.525,4.46,4.46,3000,0
DCRCW.US,5,20211103,201000,4.47,4.47,4.46,4.46,400,0
DCRCW.US,5,20211103,201500,4.45,4.505,4.45,4.45,4063,0
DCRCW.US,5,20211103,202000,4.45,4.455,4.41,4.42,2220,0
DCRCW.US,5,20211103,202500,4.42,4.44,4.41,4.41,3541,0
DCRCW.US,5,20211103,203000,4.41,4.41,4.4,4.4,1525,0
DCRCW.US,5,20211103,203500,4.4798,4.4798,4.4,4.41,2600,0
DCRCW.US,5,20211103,204000,4.41,4.46,4.41,4.44,2800,0
DCRCW.US,5,20211103,204500,4.44,4.4899,4.41,4.42,4920,0
DCRCW.US,5,20211103,205000,4.42,4.475,4.4,4.475,2508,0
DCRCW.US,5,20211103,205500,4.49,4.5795,4.4,4.41,39216,0
DCRCW.US,5,20211104,143000,4.42,4.42,4.42,4.42,412,0
DCRCW.US,5,20211104,143500,4.6,4.75,4.44,4.72,1557,0
DCRCW.US,5,20211104,144500,4.68,4.68,4.49,4.52,1577,0
DCRCW.US,5,20211104,145500,4.5,4.5,4.5,4.5,100,0
DCRCW.US,5,20211104,150000,4.6,4.73,4.595,4.64,1800,0
DCRCW.US,5,20211104,151000,4.69,4.69,4.55,4.55,3300,0
DCRCW.US,5,20211104,151500,4.635,4.635,4.635,4.635,100,0
DCRCW.US,5,20211104,152000,4.6735,4.6735,4.6735,4.6735,200,0
DCRCW.US,5,20211104,153000,4.56,4.56,4.46,4.46,5213,0
DCRCW.US,5,20211104,153500,4.5,4.61,4.47,4.49,12682,0
DCRCW.US,5,20211104,154000,4.48,4.48,4.48,4.48,110,0
DCRCW.US,5,20211104,154500,4.6,4.74,4.51,4.51,10280,0
DCRCW.US,5,20211104,155500,4.52,4.52,4.51,4.52,935,0
DCRCW.US,5,20211104,160000,4.545,4.545,4.51,4.51,700,0
DCRCW.US,5,20211104,161000,4.54,4.555,4.52,4.52,1243,0
DCRCW.US,5,20211104,162000,4.51,4.51,4.51,4.51,400,0
DCRCW.US,5,20211104,162500,4.51,4.51,4.5,4.51,800,0
DCRCW.US,5,20211104,163000,4.5,4.5,4.5,4.5,1076,0
DCRCW.US,5,20211104,163500,4.525,4.525,4.525,4.525,100,0
DCRCW.US,5,20211104,164000,4.51,4.51,4.51,4.51,400,0
DCRCW.US,5,20211104,164500,4.5109,4.519,4.51,4.51,1617,0
DCRCW.US,5,20211104,165000,4.53,4.54,4.52,4.52,400,0
DCRCW.US,5,20211104,165500,4.54,4.545,4.54,4.545,200,0
DCRCW.US,5,20211104,170500,4.54,4.54,4.54,4.54,498,0
DCRCW.US,5,20211104,171000,4.52,4.52,4.5,4.5,1380,0
DCRCW.US,5,20211104,171500,4.47,4.47,4.46,4.46,600,0
DCRCW.US,5,20211104,172000,4.47,4.47,4.47,4.47,100,0
DCRCW.US,5,20211104,173500,4.49,4.49,4.43,4.43,9949,0
DCRCW.US,5,20211104,174000,4.43,4.43,4.43,4.43,400,0
DCRCW.US,5,20211104,174500,4.41,4.41,4.02,4.24,30501,0
DCRCW.US,5,20211104,175000,4.33,4.33,4.33,4.33,499,0
DCRCW.US,5,20211104,183500,4.32,4.32,4.3,4.3,4200,0
DCRCW.US,5,20211104,185000,4.31,4.31,4.2608,4.2608,1231,0
DCRCW.US,5,20211104,185500,4.26,4.26,4.26,4.26,2380,0
DCRCW.US,5,20211104,190000,4.25,4.25,4.25,4.25,1500,0
DCRCW.US,5,20211104,190500,4.25,4.25,4.25,4.25,435,0
DCRCW.US,5,20211104,191500,4.25,4.25,4.25,4.25,327,0
DCRCW.US,5,20211104,192000,4.25,4.25,4.25,4.25,600,0
DCRCW.US,5,20211104,192500,4.3,4.3,4.1,4.11,1000,0
DCRCW.US,5,20211104,193500,4.182,4.1905,4.18,4.18,830,0
DCRCW.US,5,20211104,194500,4.1801,4.29,4.1801,4.29,3560,0
DCRCW.US,5,20211104,195000,4.29,4.29,4.29,4.29,500,0
DCRCW.US,5,20211104,200000,4.18,4.19,4.18,4.19,1580,0
DCRCW.US,5,20211104,200500,4.205,4.205,4.19,4.19,300,0
DCRCW.US,5,20211104,201000,4.22,4.22,4.21,4.21,1413,0
DCRCW.US,5,20211104,201500,4.17,4.24,3.95,4.24,21511,0
DCRCW.US,5,20211104,202000,4.1995,4.2,4,4,23400,0
DCRCW.US,5,20211104,202500,4.075,4.14,4.075,4.12,2600,0
DCRCW.US,5,20211104,203000,4.08,4.08,4,4,1070,0
DCRCW.US,5,20211104,203500,3.96,3.96,3.16,3.7,33956,0
DCRCW.US,5,20211104,204000,3.67,3.72,3.66,3.7195,9370,0
DCRCW.US,5,20211104,204500,3.755,3.78,3.72,3.78,4894,0
DCRCW.US,5,20211104,205000,3.77,3.9,3.77,3.9,2837,0
DCRCW.US,5,20211104,205500,3.91,4.17,3.91,4.05,9027,0
DCRCW.US,5,20211105,143000,4.06,4.06,4.06,4.06,154,0
DCRCW.US,5,20211105,143500,4.14,4.37,4.14,4.37,3674,0
DCRCW.US,5,20211105,144000,4.37,4.53,4.17,4.48,7404,0
DCRCW.US,5,20211105,144500,4.47,4.47,4.3,4.3,3532,0
DCRCW.US,5,20211105,145000,4.25,4.3199,4.222,4.28,1383,0
DCRCW.US,5,20211105,145500,4.235,4.235,4.1801,4.1801,600,0
DCRCW.US,5,20211105,150000,4.21,4.24,4.21,4.24,1809,0
DCRCW.US,5,20211105,150500,4.24,4.27,4.11,4.11,702,0
DCRCW.US,5,20211105,151000,4.1,4.1,4.01,4.01,5110,0
DCRCW.US,5,20211105,151500,4.07,4.07,3.86,3.87,2769,0
DCRCW.US,5,20211105,152000,3.8701,4,3.8701,3.94,6914,0
DCRCW.US,5,20211105,152500,3.93,3.9999,3.93,3.93,2750,0
DCRCW.US,5,20211105,153000,3.93,3.95,3.93,3.95,1300,0
DCRCW.US,5,20211105,153500,3.93,3.94,3.93,3.93,5000,0
DCRCW.US,5,20211105,154000,3.92,3.92,3.875,3.89,2400,0
DCRCW.US,5,20211105,154500,3.87,3.87,3.87,3.87,5506,0
DCRCW.US,5,20211105,155000,3.88,3.88,3.87,3.87,3926,0
DCRCW.US,5,20211105,155500,3.86,3.89,3.86,3.89,1019,0
DCRCW.US,5,20211105,160000,3.99,3.99,3.905,3.905,750,0
DCRCW.US,5,20211105,160500,3.905,3.905,3.86,3.86,4532,0
DCRCW.US,5,20211105,161000,3.86,3.95,3.82,3.82,8172,0
DCRCW.US,5,20211105,161500,3.84,3.84,3.83,3.83,1273,0
DCRCW.US,5,20211105,162000,3.89,3.89,3.8,3.8,4820,0
DCRCW.US,5,20211105,162500,3.8,3.81,3.75,3.76,4492,0
DCRCW.US,5,20211105,163000,3.76,3.76,3.74,3.74,6623,0
DCRCW.US,5,20211105,163500,3.8805,3.97,3.8,3.88,2961,0
DCRCW.US,5,20211105,164500,3.88,3.88,3.88,3.88,984,0
DCRCW.US,5,20211105,165000,3.87,3.87,3.87,3.87,225,0
DCRCW.US,5,20211105,165500,3.85,3.85,3.85,3.85,500,0
DCRCW.US,5,20211105,170000,3.84,3.84,3.8104,3.8104,2889,0
DCRCW.US,5,20211105,171000,3.805,3.805,3.805,3.805,1000,0
DCRCW.US,5,20211105,171500,3.81,3.86,3.81,3.85,2500,0
DCRCW.US,5,20211105,172500,3.8701,4.02,3.87,3.88,10421,0
DCRCW.US,5,20211105,174000,3.89,3.89,3.78,3.81,11271,0
DCRCW.US,5,20211105,174500,3.8091,3.8091,3.8046,3.8046,388,0
DCRCW.US,5,20211105,175000,3.81,3.81,3.81,3.81,5000,0
DCRCW.US,5,20211105,175500,3.7801,3.7801,3.7801,3.7801,1195,0
DCRCW.US,5,20211105,180000,3.78,3.78,3.7,3.7,1110,0
DCRCW.US,5,20211105,180500,3.755,3.76,3.755,3.76,200,0
DCRCW.US,5,20211105,181500,3.795,3.795,3.795,3.795,650,0
DCRCW.US,5,20211105,182000,3.83,3.83,3.83,3.83,1069,0
DCRCW.US,5,20211105,182500,3.83,3.98,3.83,3.98,9856,0
DCRCW.US,5,20211105,183000,3.875,3.875,3.85,3.85,700,0
DCRCW.US,5,20211105,183500,3.89,3.895,3.89,3.89,5100,0
DCRCW.US,5,20211105,184000,3.9,3.9,3.8982,3.8982,893,0
DCRCW.US,5,20211105,185000,3.935,3.935,3.935,3.935,200,0
DCRCW.US,5,20211105,190000,3.92,3.92,3.92,3.92,1924,0
DCRCW.US,5,20211105,190500,3.89,3.89,3.88,3.88,5101,0
DCRCW.US,5,20211105,191500,3.9327,3.9327,3.9327,3.9327,900,0
DCRCW.US,5,20211105,192500,3.91,3.91,3.8,3.8,3240,0
DCRCW.US,5,20211105,193000,3.77,3.77,3.51,3.53,15196,0
DCRCW.US,5,20211105,193500,3.67,3.67,3.6557,3.6557,1550,0
DCRCW.US,5,20211105,194500,3.6999,3.6999,3.64,3.64,2164,0
DCRCW.US,5,20211105,195000,3.66,3.7,3.66,3.7,944,0
DCRCW.US,5,20211105,195500,3.685,3.7,3.685,3.6999,2450,0
DCRCW.US,5,20211105,200000,3.84,3.84,3.79,3.79,5464,0
DCRCW.US,5,20211105,200500,3.7901,3.7901,3.7901,3.7901,1971,0
DCRCW.US,5,20211105,201000,3.87,3.87,3.87,3.87,745,0
DCRCW.US,5,20211105,202000,3.8799,3.88,3.87,3.88,1400,0
DCRCW.US,5,20211105,202500,3.8899,3.89,3.8899,3.8899,1600,0
DCRCW.US,5,20211105,203000,3.88,3.885,3.875,3.875,1300,0
DCRCW.US,5,20211105,203500,3.88,3.93,3.88,3.93,2300,0
DCRCW.US,5,20211105,204000,3.94,4.2,3.94,4.2,4900,0
DCRCW.US,5,20211105,204500,4.01,4.01,3.94,3.94,2305,0
DCRCW.US,5,20211105,205000,3.9101,3.9569,3.9101,3.9569,400,0
DCRCW.US,5,20211105,205500,3.99,3.99,3.99,3.99,400,0
DCRCW.US,5,20211108,153000,3.99,3.99,3.99,3.99,982,0
DCRCW.US,5,20211108,153500,4.23,4.5,4.1345,4.5,3446,0
DCRCW.US,5,20211108,154000,4.405,4.4899,4.32,4.32,5408,0
DCRCW.US,5,20211108,154500,4.345,4.35,4.345,4.35,200,0
DCRCW.US,5,20211108,155000,4.48,4.48,4.46,4.48,5042,0
DCRCW.US,5,20211108,155500,4.3,4.3,4.3,4.3,1500,0
DCRCW.US,5,20211108,160000,4.4799,4.4799,4.44,4.44,1120,0
DCRCW.US,5,20211108,161000,4.41,4.42,4.21,4.21,5106,0
DCRCW.US,5,20211108,161500,4.13,4.36,4.13,4.36,400,0
DCRCW.US,5,20211108,162500,4.39,4.39,4.16,4.19,1200,0
DCRCW.US,5,20211108,163500,4.4066,4.4066,4.4066,4.4066,500,0
DCRCW.US,5,20211108,164000,4.345,4.41,4.345,4.41,1400,0
DCRCW.US,5,20211108,164500,4.34,4.4388,4.34,4.4388,1399,0
DCRCW.US,5,20211108,165000,4.43,4.4388,4.43,4.4388,1099,0
DCRCW.US,5,20211108,165500,4.39,4.39,4.39,4.39,245,0
DCRCW.US,5,20211108,171000,4.4199,4.4199,4.4199,4.4199,1900,0
DCRCW.US,5,20211108,171500,4.43,4.43,4.4284,4.4284,443,0
DCRCW.US,5,20211108,172000,4.4091,4.4091,4.4091,4.4091,500,0
DCRCW.US,5,20211108,173000,4.4,4.43,4.4,4.43,862,0
DCRCW.US,5,20211108,173500,4.4,4.43,4.4,4.43,1838,0
DCRCW.US,5,20211108,174000,4.44,4.44,4.435,4.4399,400,0
DCRCW.US,5,20211108,174500,4.45,4.47,4.45,4.45,6317,0
DCRCW.US,5,20211108,181000,4.48,4.5,4.46,4.4617,2410,0
DCRCW.US,5,20211108,181500,4.45,4.45,4.45,4.45,100,0
DCRCW.US,5,20211108,182500,4.5,4.55,4.46,4.46,1126,0
DCRCW.US,5,20211108,183000,4.5,4.5,4.49,4.49,1200,0
DCRCW.US,5,20211108,183500,4.49,4.52,4.48,4.52,5390,0
DCRCW.US,5,20211108,184000,4.54,4.74,4.54,4.7,15278,0
DCRCW.US,5,20211108,184500,4.675,4.75,4.65,4.65,1859,0
DCRCW.US,5,20211108,185000,4.74,4.78,4.61,4.63,8833,0
DCRCW.US,5,20211108,185500,4.61,4.65,4.33,4.47,13846,0
DCRCW.US,5,20211108,190000,4.63,5,4.54,5,15401,0
DCRCW.US,5,20211108,190500,4.73,4.825,4.55,4.6,14970,0
DCRCW.US,5,20211108,191000,4.56,4.68,4.56,4.6,2730,0
DCRCW.US,5,20211108,191500,4.65,4.69,4.64,4.64,5670,0
DCRCW.US,5,20211108,192000,4.63,4.75,4.6,4.75,4400,0
DCRCW.US,5,20211108,192500,4.6,4.64,4.58,4.58,500,0
DCRCW.US,5,20211108,193000,4.58,4.58,4.58,4.58,100,0
DCRCW.US,5,20211108,193500,4.58,4.6393,4.58,4.605,950,0
DCRCW.US,5,20211108,194000,4.605,4.605,4.57,4.57,700,0
DCRCW.US,5,20211108,194500,4.57,4.5708,4.57,4.57,6100,0
DCRCW.US,5,20211108,195000,4.52,4.9,4.52,4.9,17003,0
DCRCW.US,5,20211108,195500,4.55,5,4.55,5,6840,0
DCRCW.US,5,20211108,200000,4.643,4.73,4.63,4.73,345,0
DCRCW.US,5,20211108,200500,4.77,4.84,4.74,4.74,400,0
DCRCW.US,5,20211108,201000,4.75,4.75,4.74,4.74,200,0
DCRCW.US,5,20211108,201500,4.75,4.8,4.75,4.75,3100,0
DCRCW.US,5,20211108,202000,4.76,4.81,4.74,4.74,1896,0
DCRCW.US,5,20211108,202500,4.745,4.745,4.745,4.745,200,0
DCRCW.US,5,20211108,203000,4.75,4.79,4.71,4.79,11750,0
DCRCW.US,5,20211108,203500,4.7883,4.79,4.75,4.75,2400,0
DCRCW.US,5,20211108,204000,4.71,4.71,4.68,4.7,11201,0
DCRCW.US,5,20211108,204500,4.7,4.7,4.675,4.675,5304,0
DCRCW.US,5,20211108,205000,4.7,4.7,4.6917,4.7,3200,0
DCRCW.US,5,20211108,205500,4.65,4.65,4.56,4.64,2400,0
DCRCW.US,5,20211108,210000,4.65,4.65,4.63,4.63,5400,0
DCRCW.US,5,20211108,210500,4.64,4.6999,4.6101,4.62,1228,0
DCRCW.US,5,20211108,211000,4.62,4.62,4.61,4.61,200,0
DCRCW.US,5,20211108,211500,4.61,4.6101,4.61,4.61,2400,0
DCRCW.US,5,20211108,212000,4.61,4.65,4.61,4.61,600,0
DCRCW.US,5,20211108,212500,4.61,4.61,4.61,4.61,300,0
DCRCW.US,5,20211108,213000,4.61,4.65,4.61,4.65,600,0
DCRCW.US,5,20211108,213500,4.6,4.6,4.6,4.6,300,0
DCRCW.US,5,20211108,214000,4.6,4.6,4.6,4.6,400,0
DCRCW.US,5,20211108,214500,4.6,4.6,4.6,4.6,300,0
DCRCW.US,5,20211108,215000,4.6,4.6,4.6,4.6,400,0
DCRCW.US,5,20211108,215500,4.6,4.64,4.585,4.6,6171,0
DCRCW.US,5,20211109,153000,4.85,4.85,4.6,4.6,1627,0
DCRCW.US,5,20211109,153500,4.61,4.61,4.41,4.4674,10777,0
DCRCW.US,5,20211109,154000,4.48,4.58,4.26,4.58,3121,0
DCRCW.US,5,20211109,155000,4.39,4.48,4.2822,4.48,2261,0
DCRCW.US,5,20211109,155500,4.49,4.49,4.49,4.49,1200,0
DCRCW.US,5,20211109,160000,4.3,4.41,4.3,4.4,4006,0
DCRCW.US,5,20211109,160500,4.385,4.46,4.2408,4.2408,7326,0
DCRCW.US,5,20211109,161000,4.28,4.32,4.27,4.295,4566,0
DCRCW.US,5,20211109,162500,4.29,4.29,4.29,4.29,110,0
DCRCW.US,5,20211109,163000,4.32,4.35,4.32,4.35,3500,0
DCRCW.US,5,20211109,163500,4.3,4.3,4.28,4.2915,5456,0
DCRCW.US,5,20211109,164000,4.28,4.3299,4.28,4.31,1061,0
DCRCW.US,5,20211109,165500,4.34,4.34,4.34,4.34,400,0
DCRCW.US,5,20211109,170500,4.28,4.322,4.28,4.31,666,0
DCRCW.US,5,20211109,171000,4.31,4.33,4.31,4.33,600,0
DCRCW.US,5,20211109,171500,4.33,4.33,4.33,4.33,200,0
DCRCW.US,5,20211109,172000,4.36,4.37,4.36,4.368,900,0
DCRCW.US,5,20211109,172500,4.32,4.32,4.32,4.32,200,0
DCRCW.US,5,20211109,174000,4.34,4.34,4.32,4.32,325,0
DCRCW.US,5,20211109,174500,4.28,4.28,4.28,4.28,500,0
DCRCW.US,5,20211109,175000,4.29,4.29,4.28,4.28,869,0
DCRCW.US,5,20211109,175500,4.28,4.28,4.25,4.262,1237,0
DCRCW.US,5,20211109,180000,4.2602,4.2602,4.2602,4.2602,2800,0
DCRCW.US,5,20211109,180500,4.25,4.2627,4.25,4.2627,5800,0
DCRCW.US,5,20211109,181000,4.25,4.2505,4.25,4.2505,4800,0
DCRCW.US,5,20211109,182000,4.26,4.27,4.26,4.27,1600,0
DCRCW.US,5,20211109,182500,4.2799,4.2799,4.2799,4.2799,400,0
DCRCW.US,5,20211109,183000,4.25,4.25,4.25,4.25,125,0
DCRCW.US,5,20211109,183500,4.25,4.25,4.25,4.25,200,0
DCRCW.US,5,20211109,185000,4.25,4.25,4.25,4.25,300,0
DCRCW.US,5,20211109,190000,4.25,4.2507,4.25,4.2507,1000,0
DCRCW.US,5,20211109,193000,4.285,4.285,4.285,4.285,200,0
DCRCW.US,5,20211109,195000,4.25,4.25,4.25,4.25,200,0
DCRCW.US,5,20211109,195500,4.265,4.28,4.265,4.28,200,0
DCRCW.US,5,20211109,200500,4.28,4.28,4.28,4.28,335,0
DCRCW.US,5,20211109,201000,4.3,4.3,4.3,4.3,100,0
DCRCW.US,5,20211109,201500,4.3,4.3,4.3,4.3,1300,0
DCRCW.US,5,20211109,202000,4.28,4.3,4.28,4.3,10414,0
DCRCW.US,5,20211109,203000,4.305,4.305,4.305,4.305,370,0
DCRCW.US,5,20211109,204000,4.34,4.35,4.3171,4.35,600,0
DCRCW.US,5,20211109,204500,4.39,4.39,4.39,4.39,2500,0
DCRCW.US,5,20211109,210000,4.374,4.374,4.355,4.355,400,0
DCRCW.US,5,20211109,211000,4.3917,4.41,4.3917,4.41,600,0
DCRCW.US,5,20211109,212000,4.41,4.49,4.4012,4.4012,4486,0
DCRCW.US,5,20211109,212500,4.42,4.42,4.42,4.42,1300,0
DCRCW.US,5,20211109,213500,4.42,4.42,4.41,4.4101,2165,0
DCRCW.US,5,20211109,214500,4.38,4.38,4.26,4.31,4056,0
DCRCW.US,5,20211109,215000,4.25,4.3,4.2462,4.2462,1355,0
DCRCW.US,5,20211110,153000,4.47,4.47,4.47,4.47,327,0
DCRCW.US,5,20211110,154500,4.4287,4.4287,4.4287,4.4287,250,0
DCRCW.US,5,20211110,155000,4.3,4.365,4.3,4.365,206,0
DCRCW.US,5,20211110,155500,4.3,4.3004,4.3,4.3,3500,0
DCRCW.US,5,20211110,160000,4.27,4.27,4.27,4.27,100,0
DCRCW.US,5,20211110,160500,4.22,4.22,4.15,4.2185,884,0
DCRCW.US,5,20211110,161000,4.32,4.32,4.32,4.32,1116,0
DCRCW.US,5,20211110,162000,4.23,4.2736,4.23,4.2736,250,0
DCRCW.US,5,20211110,162500,4.33,4.43,4.33,4.43,9854,0
DCRCW.US,5,20211110,163500,4.345,4.345,4.345,4.345,200,0
DCRCW.US,5,20211110,164000,4.33,4.33,4.33,4.33,230,0
DCRCW.US,5,20211110,164500,4.255,4.255,4.255,4.255,100,0
DCRCW.US,5,20211110,170000,4.24,4.25,4.2,4.2,300,0
DCRCW.US,5,20211110,170500,4.21,4.305,4.2,4.305,500,0
DCRCW.US,5,20211110,171000,4.3,4.3,4.3,4.3,100,0
DCRCW.US,5,20211110,172500,4.3,4.3,4.3,4.3,200,0
DCRCW.US,5,20211110,173500,4.37,4.37,4.37,4.37,125,0
DCRCW.US,5,20211110,175000,4.3,4.3377,4.3,4.3377,500,0
DCRCW.US,5,20211110,175500,4.3002,4.3002,4.3002,4.3002,150,0
DCRCW.US,5,20211110,180500,4.3,4.3212,4.3,4.3212,4732,0
DCRCW.US,5,20211110,181000,4.3,4.3,4.29,4.29,476,0
DCRCW.US,5,20211110,181500,4.2601,4.32,4.2601,4.32,11300,0
DCRCW.US,5,20211110,182000,4.24,4.24,4.15,4.15,1400,0
DCRCW.US,5,20211110,182500,4.17,4.17,4.17,4.17,200,0
DCRCW.US,5,20211110,183000,4.15,4.2,4.15,4.2,300,0
DCRCW.US,5,20211110,183500,4.15,4.2,4.15,4.15,2800,0
DCRCW.US,5,20211110,184000,4.16,4.205,4.16,4.205,1650,0
DCRCW.US,5,20211110,184500,4.175,4.1791,4.16,4.1791,300,0
DCRCW.US,5,20211110,185000,4.15,4.15,4.15,4.15,200,0
DCRCW.US,5,20211110,185500,4.175,4.175,4.15,4.15,1000,0
DCRCW.US,5,20211110,190000,4.15,4.15,4.15,4.15,200,0
DCRCW.US,5,20211110,190500,4.15,4.17,4.15,4.15,700,0
DCRCW.US,5,20211110,191000,4.15,4.17,4.15,4.17,200,0
DCRCW.US,5,20211110,191500,4.17,4.17,4.14,4.14,1400,0
DCRCW.US,5,20211110,192000,4.12,4.14,4.12,4.125,542,0
DCRCW.US,5,20211110,192500,4.1,4.1001,4.04,4.05,10628,0
DCRCW.US,5,20211110,193000,4.05,4.08,4.05,4.08,1919,0
DCRCW.US,5,20211110,193500,4.08,4.08,4.07,4.07,3400,0
DCRCW.US,5,20211110,194000,4.03,4.03,4.03,4.03,1152,0
DCRCW.US,5,20211110,194500,4.04,4.04,4.03,4.03,320,0
DCRCW.US,5,20211110,195000,4.03,4.035,4.03,4.035,500,0
DCRCW.US,5,20211110,195500,4.03,4.035,4.03,4.03,1200,0
DCRCW.US,5,20211110,200000,4.03,4.03,4.03,4.03,220,0
DCRCW.US,5,20211110,200500,4,4,4,4,433,0
DCRCW.US,5,20211110,201000,4.005,4.01,3.95,4.01,6095,0
DCRCW.US,5,20211110,201500,4.01,4.02,4.01,4.02,700,0
DCRCW.US,5,20211110,202000,4.02,4.02,4.01,4.01,540,0
DCRCW.US,5,20211110,202500,4.01,4.035,4.01,4.035,7880,0
DCRCW.US,5,20211110,203000,4.02,4.07,4,4.01,400,0
DCRCW.US,5,20211110,203500,4.01,4.07,4,4.07,1343,0
DCRCW.US,5,20211110,204000,4,4.0341,4,4,9475,0
DCRCW.US,5,20211110,204500,4,4,4,4,300,0
DCRCW.US,5,20211110,205000,4,4.0012,4,4,1400,0
DCRCW.US,5,20211110,205500,4,4.0282,4,4,1900,0
DCRCW.US,5,20211110,210000,4,4,4,4,400,0
DCRCW.US,5,20211110,210500,4,4.03,3.97,3.97,5926,0
DCRCW.US,5,20211110,211000,3.99,3.99,3.99,3.99,400,0
DCRCW.US,5,20211110,211500,3.99,4,3.99,3.99,750,0
DCRCW.US,5,20211110,212000,3.99,4.05,3.9,3.94,9318,0
DCRCW.US,5,20211110,212500,3.98,4.05,3.98,4.05,2000,0
DCRCW.US,5,20211110,213000,4.03,4.03,3.95,3.95,900,0
DCRCW.US,5,20211110,213500,3.95,3.95,3.95,3.95,700,0
DCRCW.US,5,20211110,214000,3.95,3.95,3.95,3.95,1000,0
DCRCW.US,5,20211110,214500,4,4,3.95,3.96,900,0
DCRCW.US,5,20211110,215000,3.96,4.05,3.96,4.05,3260,0
DCRCW.US,5,20211110,215500,4.035,4.13,4.01,4.01,7811,0
DCRCW.US,5,20211111,153000,4.27,4.3,4.2001,4.2001,2800,0
DCRCW.US,5,20211111,153500,4.2,4.2742,4.2,4.2742,3350,0
DCRCW.US,5,20211111,154000,4.245,4.3,4.245,4.3,2550,0
DCRCW.US,5,20211111,154500,4.2,4.3099,4.2,4.3099,1720,0
DCRCW.US,5,20211111,155000,4.3099,4.3099,4.3099,4.3099,1000,0
DCRCW.US,5,20211111,155500,4.21,4.21,4.21,4.21,100,0
DCRCW.US,5,20211111,160000,4.185,4.19,4.15,4.15,2200,0
DCRCW.US,5,20211111,160500,4.15,4.15,4.15,4.15,200,0
DCRCW.US,5,20211111,161000,4.15,4.3,4.15,4.235,4800,0
DCRCW.US,5,20211111,161500,4.295,4.3391,4.25,4.26,4300,0
DCRCW.US,5,20211111,162000,4.3,4.5,4.3,4.45,8770,0
DCRCW.US,5,20211111,162500,4.4,4.49,4.35,4.36,1700,0
DCRCW.US,5,20211111,163000,4.34,4.3401,4.25,4.26,1756,0
DCRCW.US,5,20211111,163500,4.27,4.28,4.27,4.28,700,0
DCRCW.US,5,20211111,164000,4.27,4.3,4.27,4.27,1782,0
DCRCW.US,5,20211111,164500,4.27,4.275,4.25,4.2501,4142,0
DCRCW.US,5,20211111,165000,4.25,4.25,4.25,4.25,600,0
DCRCW.US,5,20211111,165500,4.25,4.2999,4.25,4.25,1275,0
DCRCW.US,5,20211111,170000,4.25,4.25,4.25,4.25,900,0
DCRCW.US,5,20211111,170500,4.275,4.3,4.26,4.27,3000,0
DCRCW.US,5,20211111,171000,4.27,4.27,4.27,4.27,700,0
DCRCW.US,5,20211111,171500,4.27,4.27,4.22,4.22,1300,0
DCRCW.US,5,20211111,172000,4.22,4.22,4.22,4.22,400,0
DCRCW.US,5,20211111,172500,4.22,4.22,4.2,4.2,700,0
DCRCW.US,5,20211111,173000,4.2,4.225,4.2,4.2,715,0
DCRCW.US,5,20211111,173500,4.2,4.2,4.2,4.2,800,0
DCRCW.US,5,20211111,174000,4.18,4.185,4.15,4.15,1000,0
DCRCW.US,5,20211111,174500,4.15,4.22,4.15,4.15,980,0
DCRCW.US,5,20211111,175000,4.15,4.2,4.15,4.2,800,0
DCRCW.US,5,20211111,175500,4.2,4.2,4.2,4.2,800,0
DCRCW.US,5,20211111,180000,4.2,4.2,4.2,4.2,700,0
DCRCW.US,5,20211111,180500,4.2,4.2,4.15,4.15,700,0
DCRCW.US,5,20211111,181000,4.15,4.15,4.15,4.15,700,0
DCRCW.US,5,20211111,182000,4.15,4.15,4.14,4.15,2117,0
DCRCW.US,5,20211111,182500,4.15,4.15,4.15,4.15,500,0
DCRCW.US,5,20211111,184500,4.16,4.16,4.14,4.14,1023,0
DCRCW.US,5,20211111,185000,4.18,4.18,4.18,4.18,100,0
DCRCW.US,5,20211111,190000,4.21,4.22,4.2,4.2,4300,0
DCRCW.US,5,20211111,190500,4.2,4.2,4.2,4.2,100,0
DCRCW.US,5,20211111,191000,4.34,4.37,4.34,4.37,500,0
DCRCW.US,5,20211111,192000,4.37,4.38,4.37,4.38,500,0
DCRCW.US,5,20211111,192500,4.29,4.29,4.29,4.29,200,0
DCRCW.US,5,20211111,193000,4.37,4.37,4.37,4.37,100,0
DCRCW.US,5,20211111,193500,4.33,4.33,4.33,4.33,500,0
DCRCW.US,5,20211111,194000,4.37,4.44,4.37,4.42,1900,0
DCRCW.US,5,20211111,194500,4.4,4.4,4.4,4.4,981,0
DCRCW.US,5,20211111,195500,4.37,4.39,4.37,4.37,1050,0
DCRCW.US,5,20211111,200000,4.36,4.39,4.35,4.35,3190,0
DCRCW.US,5,20211111,201000,4.36,4.36,4.36,4.36,527,0
DCRCW.US,5,20211111,201500,4.36,4.36,4.36,4.36,4200,0
DCRCW.US,5,20211111,202000,4.365,4.365,4.36,4.36,2000,0
DCRCW.US,5,20211111,202500,4.365,4.41,4.365,4.38,2833,0
DCRCW.US,5,20211111,203000,4.36,4.38,4.35,4.35,5561,0
DCRCW.US,5,20211111,203500,4.35,4.35,4.35,4.35,3000,0
DCRCW.US,5,20211111,204000,4.32,4.32,4.32,4.32,521,0
DCRCW.US,5,20211111,205000,4.345,4.345,4.345,4.345,350,0
DCRCW.US,5,20211111,205500,4.31,4.31,4.3,4.3,955,0
DCRCW.US,5,20211111,210500,4.3882,4.3882,4.3882,4.3882,3000,0
DCRCW.US,5,20211111,211000,4.3,4.3,4.2101,4.2101,5458,0
DCRCW.US,5,20211111,211500,4.21,4.21,4.21,4.21,670,0
DCRCW.US,5,20211111,212000,4.21,4.21,4.21,4.21,1100,0
DCRCW.US,5,20211111,212500,4.22,4.2201,4.19,4.19,9530,0
DCRCW.US,5,20211111,213000,4.2,4.2,4.2,4.2,799,0
DCRCW.US,5,20211111,213500,4.2,4.2,4.2,4.2,4552,0
DCRCW.US,5,20211111,214000,4.22,4.24,4.2,4.2,4700,0
DCRCW.US,5,20211111,214500,4.2,4.2,4.2,4.2,1000,0
DCRCW.US,5,20211111,215000,4.2,4.3,4.2,4.3,2800,0
