<TICKER>,<PER>,<DATE>,<TIME>,<OPEN>,<HIGH>,<LOW>,<CLOSE>,<VOL>,<OPENINT>
EDN.US,5,20210922,153000,6.58,6.58,6.58,6.58,243,0
EDN.US,5,20210922,160500,6.54,6.605,6.51,6.575,2296,0
EDN.US,5,20210922,161000,6.5653,6.5653,6.5653,6.5653,250,0
EDN.US,5,20210922,170000,6.6241,6.6241,6.6241,6.6241,250,0
EDN.US,5,20210922,170500,6.5732,6.62,6.5732,6.62,400,0
EDN.US,5,20210922,171000,6.65,6.65,6.65,6.65,100,0
EDN.US,5,20210922,172000,6.54,6.54,6.53,6.53,495,0
EDN.US,5,20210922,173000,6.56,6.58,6.56,6.56,1000,0
EDN.US,5,20210922,173500,6.58,6.58,6.58,6.58,900,0
EDN.US,5,20210922,174000,6.62,6.62,6.48,6.48,948,0
EDN.US,5,20210922,175000,6.46,6.46,6.46,6.46,250,0
EDN.US,5,20210922,181000,6.5305,6.532,6.5305,6.532,3150,0
EDN.US,5,20210922,182000,6.44,6.44,6.44,6.44,1800,0
EDN.US,5,20210922,185500,6.569,6.569,6.569,6.569,1000,0
EDN.US,5,20210922,190500,6.48,6.48,6.48,6.48,100,0
EDN.US,5,20210922,191500,6.55,6.55,6.55,6.55,451,0
EDN.US,5,20210922,192000,6.58,6.58,6.58,6.58,534,0
EDN.US,5,20210922,192500,6.67,6.67,6.58,6.58,5666,0
EDN.US,5,20210922,194000,6.655,6.655,6.6,6.6,500,0
EDN.US,5,20210922,195000,6.61,6.61,6.61,6.61,204,0
EDN.US,5,20210922,195500,6.62,6.62,6.62,6.62,100,0
EDN.US,5,20210922,200500,6.795,6.795,6.7122,6.7122,950,0
EDN.US,5,20210922,201000,6.7268,6.795,6.7,6.71,850,0
EDN.US,5,20210922,204500,6.59,6.59,6.59,6.59,200,0
EDN.US,5,20210922,211000,6.645,6.645,6.64,6.64,300,0
EDN.US,5,20210922,212500,6.59,6.59,6.59,6.59,300,0
EDN.US,5,20210922,213500,6.58,6.585,6.55,6.55,2750,0
EDN.US,5,20210922,214000,6.4701,6.53,6.4701,6.53,710,0
EDN.US,5,20210922,214500,6.53,6.69,6.53,6.69,3563,0
EDN.US,5,20210922,215000,6.6828,6.6828,6.65,6.65,485,0
EDN.US,5,20210922,215500,6.655,6.69,6.65,6.65,433,0
EDN.US,5,20210923,153000,6.605,6.605,6.53,6.53,3616,0
EDN.US,5,20210923,160000,6.6135,6.62,6.53,6.53,2118,0
EDN.US,5,20210923,161500,6.46,6.515,6.45,6.515,1150,0
EDN.US,5,20210923,162000,6.515,6.515,6.515,6.515,250,0
EDN.US,5,20210923,164000,6.469,6.478,6.35,6.3515,5870,0
EDN.US,5,20210923,164500,6.3501,6.401,6.3501,6.3516,7840,0
EDN.US,5,20210923,165500,6.404,6.404,6.404,6.404,150,0
EDN.US,5,20210923,170000,6.48,6.48,6.475,6.475,550,0
EDN.US,5,20210923,171000,6.475,6.475,6.475,6.475,250,0
EDN.US,5,20210923,175500,6.49,6.49,6.49,6.49,154,0
EDN.US,5,20210923,181000,6.48,6.4805,6.48,6.48,900,0
EDN.US,5,20210923,181500,6.41,6.41,6.41,6.41,100,0
EDN.US,5,20210923,182500,6.46,6.46,6.46,6.46,250,0
EDN.US,5,20210923,204500,6.46,6.46,6.42,6.42,849,0
EDN.US,5,20210923,205000,6.465,6.465,6.465,6.465,200,0
EDN.US,5,20210923,205500,6.42,6.42,6.42,6.42,300,0
EDN.US,5,20210923,211500,6.4227,6.455,6.33,6.33,4542,0
EDN.US,5,20210923,212000,6.32,6.39,6.32,6.39,400,0
EDN.US,5,20210923,212500,6.395,6.395,6.395,6.395,400,0
EDN.US,5,20210923,214000,6.45,6.4565,6.4432,6.45,700,0
EDN.US,5,20210923,215500,6.39,6.39,6.39,6.39,100,0
EDN.US,5,20210924,153000,6.45,6.45,6.45,6.45,100,0
EDN.US,5,20210924,153500,6.375,6.375,6.375,6.375,200,0
EDN.US,5,20210924,162000,6.435,6.435,6.435,6.435,100,0
EDN.US,5,20210924,170500,6.41,6.4225,6.37,6.41,999,0
EDN.US,5,20210924,172000,6.29,6.3,6.27,6.3,1536,0
EDN.US,5,20210924,184500,6.2599,6.2599,6.2599,6.2599,128,0
EDN.US,5,20210924,185500,6.29,6.29,6.2501,6.2501,6785,0
EDN.US,5,20210924,190000,6.31,6.31,6.31,6.31,100,0
EDN.US,5,20210924,192000,6.28,6.28,6.25,6.25,768,0
EDN.US,5,20210924,205500,6.2,6.2,6.2,6.2,550,0
EDN.US,5,20210924,211000,6.19,6.19,6.1678,6.18,1295,0
EDN.US,5,20210924,213000,6.14,6.21,6.03,6.2,3676,0
EDN.US,5,20210924,214000,6.17,6.17,6.16,6.17,546,0
EDN.US,5,20210924,215500,6.185,6.21,6.12,6.13,4051,0
EDN.US,5,20210927,153000,6.43,6.5,6.315,6.43,20248,0
EDN.US,5,20210927,154500,6.22,6.32,6.2,6.31,1000,0
EDN.US,5,20210927,160500,6.4461,6.4461,6.4461,6.4461,250,0
EDN.US,5,20210927,161500,6.57,6.57,6.57,6.57,100,0
EDN.US,5,20210927,163000,6.59,6.59,6.59,6.59,295,0
EDN.US,5,20210927,164000,6.5282,6.5282,6.5282,6.5282,250,0
EDN.US,5,20210927,164500,6.58,6.59,6.58,6.59,350,0
EDN.US,5,20210927,165000,6.57,6.6,6.5198,6.5198,693,0
EDN.US,5,20210927,165500,6.52,6.5675,6.52,6.5302,2460,0
EDN.US,5,20210927,170000,6.51,6.51,6.51,6.51,165,0
EDN.US,5,20210927,170500,6.498,6.53,6.498,6.53,5200,0
EDN.US,5,20210927,171000,6.505,6.505,6.468,6.505,500,0
EDN.US,5,20210927,172500,6.47,6.47,6.46,6.46,406,0
EDN.US,5,20210927,173500,6.49,6.49,6.49,6.49,100,0
EDN.US,5,20210927,175000,6.43,6.43,6.43,6.43,100,0
EDN.US,5,20210927,175500,6.35,6.4787,6.35,6.4787,952,0
EDN.US,5,20210927,183000,6.4633,6.4633,6.4633,6.4633,3858,0
EDN.US,5,20210927,185000,6.39,6.39,6.39,6.39,111,0
EDN.US,5,20210927,185500,6.45,6.45,6.45,6.45,450,0
EDN.US,5,20210927,190000,6.42,6.42,6.42,6.42,160,0
EDN.US,5,20210927,193500,6.42,6.42,6.41,6.42,900,0
EDN.US,5,20210927,200000,6.47,6.48,6.4527,6.46,2648,0
EDN.US,5,20210927,201000,6.46,6.46,6.46,6.46,100,0
EDN.US,5,20210927,201500,6.46,6.46,6.46,6.46,100,0
EDN.US,5,20210927,203500,6.58,6.58,6.53,6.54,600,0
EDN.US,5,20210927,204000,6.53,6.58,6.53,6.58,600,0
EDN.US,5,20210927,204500,6.58,6.58,6.58,6.58,400,0
EDN.US,5,20210927,205000,6.56,6.56,6.56,6.56,131,0
EDN.US,5,20210927,205500,6.51,6.52,6.5,6.51,995,0
EDN.US,5,20210927,212500,6.51,6.51,6.51,6.51,100,0
EDN.US,5,20210927,213000,6.47,6.51,6.4101,6.4375,2598,0
EDN.US,5,20210927,213500,6.4482,6.4482,6.4482,6.4482,250,0
EDN.US,5,20210927,215000,6.51,6.6,6.51,6.56,2562,0
EDN.US,5,20210927,215500,6.54,6.9,6.54,6.9,1349,0
EDN.US,5,20210928,153000,7,7.05,6.91,6.9512,3975,0
EDN.US,5,20210928,153500,6.98,6.99,6.98,6.99,300,0
EDN.US,5,20210928,154000,6.92,6.92,6.9,6.92,895,0
EDN.US,5,20210928,154500,6.9,6.9,6.9,6.9,1997,0
EDN.US,5,20210928,161000,6.68,6.73,6.67,6.67,2800,0
EDN.US,5,20210928,161500,6.78,6.78,6.67,6.67,200,0
EDN.US,5,20210928,162000,6.69,6.69,6.67,6.69,1001,0
EDN.US,5,20210928,162500,6.6727,6.6727,6.6727,6.6727,100,0
EDN.US,5,20210928,163500,6.67,6.67,6.65,6.65,300,0
EDN.US,5,20210928,165500,6.66,6.66,6.6,6.6,700,0
EDN.US,5,20210928,170000,6.67,6.67,6.67,6.67,100,0
EDN.US,5,20210928,171000,6.65,6.7,6.64,6.69,700,0
EDN.US,5,20210928,172000,6.67,6.67,6.6,6.6,1014,0
EDN.US,5,20210928,175000,6.62,6.62,6.62,6.62,100,0
EDN.US,5,20210928,175500,6.62,6.62,6.62,6.62,100,0
EDN.US,5,20210928,180000,6.62,6.62,6.62,6.62,100,0
EDN.US,5,20210928,181000,6.565,6.565,6.565,6.565,250,0
EDN.US,5,20210928,182000,6.565,6.565,6.565,6.565,150,0
EDN.US,5,20210928,184500,6.51,6.51,6.51,6.51,150,0
EDN.US,5,20210928,185000,6.51,6.51,6.51,6.51,200,0
EDN.US,5,20210928,190500,6.425,6.425,6.425,6.425,250,0
EDN.US,5,20210928,194000,6.46,6.46,6.46,6.46,250,0
EDN.US,5,20210928,195500,6.36,6.36,6.36,6.36,156,0
EDN.US,5,20210928,201500,6.4323,6.4323,6.395,6.395,750,0
EDN.US,5,20210928,202000,6.3945,6.3945,6.3945,6.3945,500,0
EDN.US,5,20210928,202500,6.43,6.44,6.37,6.44,3650,0
EDN.US,5,20210928,203500,6.23,6.23,6.23,6.23,218,0
EDN.US,5,20210928,204000,6.38,6.4,6.38,6.4,500,0
EDN.US,5,20210928,205000,6.345,6.345,6.345,6.345,459,0
EDN.US,5,20210928,205500,6.345,6.44,6.345,6.44,550,0
EDN.US,5,20210928,210000,6.345,6.35,6.345,6.35,350,0
EDN.US,5,20210928,211500,6.48,6.5143,6.48,6.5143,600,0
EDN.US,5,20210928,212000,6.5,6.5,6.35,6.35,10255,0
EDN.US,5,20210928,212500,6.36,6.36,6.35,6.35,632,0
EDN.US,5,20210928,213500,6.42,6.42,6.42,6.42,250,0
EDN.US,5,20210928,214000,6.35,6.41,6.35,6.35,693,0
EDN.US,5,20210928,215500,6.41,6.58,6.385,6.58,1433,0
EDN.US,5,20210929,153000,6.58,6.58,6.58,6.58,295,0
EDN.US,5,20210929,153500,6.56,6.56,6.56,6.56,100,0
EDN.US,5,20210929,154500,6.58,6.58,6.58,6.58,250,0
EDN.US,5,20210929,163000,6.6138,6.6138,6.6138,6.6138,250,0
EDN.US,5,20210929,170500,6.66,6.66,6.66,6.66,200,0
EDN.US,5,20210929,172500,6.63,6.63,6.63,6.63,100,0
EDN.US,5,20210929,173500,6.6,6.6,6.6,6.6,475,0
EDN.US,5,20210929,175000,6.61,6.61,6.61,6.61,100,0
EDN.US,5,20210929,175500,6.58,6.58,6.53,6.54,9325,0
EDN.US,5,20210929,180000,6.54,6.54,6.54,6.54,100,0
EDN.US,5,20210929,182000,6.535,6.535,6.535,6.535,100,0
EDN.US,5,20210929,195000,6.4916,6.4916,6.4916,6.4916,500,0
EDN.US,5,20210929,200500,6.488,6.488,6.488,6.488,250,0
EDN.US,5,20210929,201000,6.47,6.47,6.47,6.47,250,0
EDN.US,5,20210929,203000,6.5016,6.5016,6.5016,6.5016,1500,0
EDN.US,5,20210929,205000,6.47,6.49,6.47,6.49,200,0
EDN.US,5,20210929,205500,6.47,6.47,6.47,6.47,100,0
EDN.US,5,20210929,212500,6.49,6.49,6.49,6.49,700,0
EDN.US,5,20210929,214000,6.54,6.54,6.54,6.54,200,0
EDN.US,5,20210929,215500,6.53,6.81,6.53,6.76,716,0
EDN.US,5,20210930,153000,6.99,6.99,6.6601,6.6601,6735,0
EDN.US,5,20210930,154500,6.81,6.81,6.72,6.72,1100,0
EDN.US,5,20210930,160000,6.69,6.69,6.69,6.69,160,0
EDN.US,5,20210930,161000,6.67,6.67,6.67,6.67,150,0
EDN.US,5,20210930,161500,6.64,6.72,6.64,6.72,776,0
EDN.US,5,20210930,162500,6.65,6.65,6.65,6.65,600,0
EDN.US,5,20210930,170000,6.62,6.62,6.61,6.61,200,0
EDN.US,5,20210930,172000,6.68,6.69,6.68,6.69,1212,0
EDN.US,5,20210930,172500,6.61,6.61,6.61,6.61,111,0
EDN.US,5,20210930,173000,6.66,6.66,6.65,6.65,350,0
EDN.US,5,20210930,181000,6.648,6.648,6.62,6.62,1500,0
EDN.US,5,20210930,184500,6.65,6.65,6.57,6.57,1965,0
EDN.US,5,20210930,191500,6.649,6.649,6.6192,6.6192,500,0
EDN.US,5,20210930,200000,6.67,6.67,6.67,6.67,100,0
EDN.US,5,20210930,202000,6.68,6.68,6.68,6.68,100,0
EDN.US,5,20210930,202500,6.75,6.75,6.75,6.75,300,0
EDN.US,5,20210930,203500,6.74,6.75,6.74,6.75,300,0
EDN.US,5,20210930,204000,6.75,6.8,6.75,6.8,300,0
EDN.US,5,20210930,204500,6.79,6.88,6.78,6.78,2620,0
EDN.US,5,20210930,212000,6.7,6.7,6.7,6.7,100,0
EDN.US,5,20210930,213000,6.7108,6.7108,6.7108,6.7108,162,0
EDN.US,5,20210930,214000,6.71,6.71,6.71,6.71,600,0
EDN.US,5,20210930,214500,6.69,6.705,6.68,6.68,600,0
EDN.US,5,20210930,215000,6.7,6.7,6.7,6.7,400,0
EDN.US,5,20210930,215500,6.64,6.74,6.64,6.74,864,0
EDN.US,5,20211001,153000,6.75,6.75,6.5,6.5,829,0
EDN.US,5,20211001,153500,6.5063,6.7011,6.4285,6.7011,3600,0
EDN.US,5,20211001,160500,6.5554,6.5554,6.5132,6.5132,796,0
EDN.US,5,20211001,161000,6.575,6.575,6.5405,6.5405,4009,0
EDN.US,5,20211001,163000,6.5962,6.5962,6.5962,6.5962,2000,0
EDN.US,5,20211001,165000,6.6,6.66,6.59,6.63,2268,0
EDN.US,5,20211001,165500,6.7392,6.7392,6.7392,6.7392,1000,0
EDN.US,5,20211001,171000,6.68,6.68,6.6501,6.6501,2144,0
EDN.US,5,20211001,172000,6.6766,6.6766,6.6766,6.6766,100,0
EDN.US,5,20211001,180000,6.6955,6.6955,6.6955,6.6955,319,0
EDN.US,5,20211001,183000,6.66,6.66,6.66,6.66,200,0
EDN.US,5,20211001,184500,6.69,6.69,6.69,6.69,100,0
EDN.US,5,20211001,185000,6.68,6.6884,6.68,6.6884,3905,0
EDN.US,5,20211001,210500,6.69,6.69,6.69,6.69,200,0
EDN.US,5,20211001,211000,6.69,6.69,6.69,6.69,200,0
EDN.US,5,20211001,211500,6.67,6.7,6.67,6.7,400,0
EDN.US,5,20211001,212000,6.7,6.79,6.7,6.78,1263,0
EDN.US,5,20211001,212500,6.79,6.79,6.79,6.79,200,0
EDN.US,5,20211001,213000,6.68,6.79,6.68,6.79,1021,0
EDN.US,5,20211001,213500,6.69,6.79,6.69,6.7,913,0
EDN.US,5,20211001,214000,6.77,6.77,6.69,6.76,1800,0
EDN.US,5,20211001,214500,6.74,6.76,6.74,6.76,200,0
EDN.US,5,20211001,215000,6.75,6.75,6.75,6.75,400,0
EDN.US,5,20211001,215500,6.75,6.85,6.71,6.71,2178,0
EDN.US,5,20211004,153000,7.1,7.1,6.88,6.88,10015,0
EDN.US,5,20211004,155000,6.98,6.98,6.93,6.93,480,0
EDN.US,5,20211004,155500,6.96,7.0817,6.96,7,2950,0
EDN.US,5,20211004,160000,6.96,7.2,6.66,6.66,2425,0
EDN.US,5,20211004,160500,6.7581,6.7581,6.7581,6.7581,3858,0
EDN.US,5,20211004,162500,6.83,6.83,6.77,6.77,553,0
EDN.US,5,20211004,164500,6.8,6.8,6.8,6.8,1100,0
EDN.US,5,20211004,165000,6.79,6.79,6.79,6.79,272,0
EDN.US,5,20211004,165500,6.77,6.77,6.76,6.76,200,0
EDN.US,5,20211004,173000,6.78,6.78,6.78,6.78,100,0
EDN.US,5,20211004,175500,6.7686,6.79,6.7686,6.79,690,0
EDN.US,5,20211004,182000,6.73,6.73,6.72,6.72,300,0
EDN.US,5,20211004,185500,6.7226,6.7226,6.7226,6.7226,250,0
EDN.US,5,20211004,191000,6.69,6.69,6.68,6.68,268,0
EDN.US,5,20211004,192000,6.66,6.695,6.66,6.695,1369,0
EDN.US,5,20211004,195500,6.66,6.685,6.66,6.66,500,0
EDN.US,5,20211004,200000,6.68,6.6882,6.626,6.626,600,0
EDN.US,5,20211004,203500,6.67,6.67,6.67,6.67,400,0
EDN.US,5,20211004,204000,6.67,6.67,6.6525,6.66,650,0
EDN.US,5,20211004,204500,6.66,6.66,6.66,6.66,400,0
EDN.US,5,20211004,205000,6.66,6.66,6.66,6.66,145,0
EDN.US,5,20211004,210500,6.585,6.585,6.585,6.585,100,0
EDN.US,5,20211004,212500,6.55,6.59,6.51,6.51,5416,0
EDN.US,5,20211004,213000,6.55,6.55,6.55,6.55,100,0
EDN.US,5,20211004,214000,6.585,6.585,6.585,6.585,600,0
EDN.US,5,20211004,214500,6.5401,6.58,6.468,6.475,5556,0
EDN.US,5,20211004,215500,6.4732,6.54,6.4,6.54,993,0
EDN.US,5,20211005,153000,6.62,6.62,6.62,6.62,323,0
EDN.US,5,20211005,154000,6.68,6.68,6.68,6.68,600,0
EDN.US,5,20211005,155500,6.57,6.57,6.55,6.55,694,0
EDN.US,5,20211005,160000,6.44,6.44,6.44,6.44,250,0
EDN.US,5,20211005,160500,6.28,6.28,6.28,6.28,100,0
EDN.US,5,20211005,161000,6.529,6.529,6.529,6.529,500,0
EDN.US,5,20211005,163000,6.5156,6.5156,6.5,6.51,954,0
EDN.US,5,20211005,164000,6.52,6.52,6.5104,6.5104,350,0
EDN.US,5,20211005,170000,6.49,6.54,6.4695,6.51,1606,0
EDN.US,5,20211005,171500,6.4601,6.4601,6.4601,6.4601,100,0
EDN.US,5,20211005,173000,6.57,6.57,6.57,6.57,250,0
EDN.US,5,20211005,192500,6.56,6.56,6.56,6.56,1000,0
EDN.US,5,20211005,193500,6.52,6.52,6.51,6.51,400,0
EDN.US,5,20211005,194000,6.52,6.55,6.51,6.52,1777,0
EDN.US,5,20211005,195000,6.6999,6.6999,6.6999,6.6999,117,0
EDN.US,5,20211005,205500,6.5,6.5,6.5,6.5,150,0
EDN.US,5,20211005,210500,6.585,6.585,6.585,6.585,250,0
EDN.US,5,20211005,215500,6.6,6.66,6.54,6.59,953,0
EDN.US,5,20211006,153000,6.52,6.52,6.52,6.52,114,0
EDN.US,5,20211006,172500,6.48,6.48,6.48,6.48,100,0
EDN.US,5,20211006,173000,6.51,6.51,6.51,6.51,100,0
EDN.US,5,20211006,173500,6.49,6.49,6.49,6.49,199,0
EDN.US,5,20211006,180500,6.5,6.5,6.5,6.5,199,0
EDN.US,5,20211006,182000,6.54,6.54,6.4827,6.4827,200,0
EDN.US,5,20211006,182500,6.59,6.63,6.59,6.63,2257,0
EDN.US,5,20211006,183500,6.56,6.6718,6.5527,6.6718,1000,0
EDN.US,5,20211006,184000,6.6227,6.63,6.62,6.62,400,0
EDN.US,5,20211006,184500,6.62,6.62,6.48,6.48,472,0
EDN.US,5,20211006,194500,6.6427,6.6681,6.621,6.6681,598,0
EDN.US,5,20211006,200000,6.69,6.69,6.69,6.69,100,0
EDN.US,5,20211006,200500,6.69,6.715,6.69,6.715,350,0
EDN.US,5,20211006,201000,6.76,6.82,6.76,6.77,3388,0
EDN.US,5,20211006,205500,6.69,6.69,6.69,6.69,100,0
EDN.US,5,20211006,210000,6.68,6.68,6.68,6.68,100,0
EDN.US,5,20211006,211500,6.67,6.67,6.67,6.67,300,0
EDN.US,5,20211006,212000,6.6763,6.6763,6.6763,6.6763,250,0
EDN.US,5,20211006,212500,6.665,6.665,6.665,6.665,200,0
EDN.US,5,20211006,214500,6.6744,6.755,6.6101,6.74,3929,0
EDN.US,5,20211006,215000,6.8014,6.8014,6.8014,6.8014,150,0
EDN.US,5,20211006,215500,6.6235,6.78,6.6227,6.78,977,0
EDN.US,5,20211007,160000,6.91,6.91,6.9,6.9,500,0
EDN.US,5,20211007,165000,6.72,6.75,6.71,6.75,1000,0
EDN.US,5,20211007,170000,6.8242,6.8242,6.8242,6.8242,250,0
EDN.US,5,20211007,171500,6.8372,6.8372,6.8372,6.8372,250,0
EDN.US,5,20211007,172000,6.73,6.73,6.62,6.6594,2793,0
EDN.US,5,20211007,173000,6.655,6.655,6.655,6.655,500,0
EDN.US,5,20211007,174000,6.632,6.6405,6.565,6.63,1450,0
EDN.US,5,20211007,174500,6.6584,6.6584,6.6584,6.6584,1501,0
EDN.US,5,20211007,183000,6.7,6.7,6.7,6.7,100,0
EDN.US,5,20211007,185000,6.58,6.58,6.58,6.58,2000,0
EDN.US,5,20211007,185500,6.645,6.645,6.645,6.645,100,0
EDN.US,5,20211007,193500,6.7,6.7,6.7,6.7,100,0
EDN.US,5,20211007,203500,6.71,6.71,6.7,6.71,1190,0
EDN.US,5,20211007,211500,6.7108,6.7108,6.7108,6.7108,250,0
EDN.US,5,20211007,213000,6.7193,6.7193,6.7193,6.7193,250,0
EDN.US,5,20211007,213500,6.69,6.75,6.69,6.69,1621,0
EDN.US,5,20211007,214000,6.71,6.745,6.71,6.745,700,0
EDN.US,5,20211007,214500,6.71,6.745,6.71,6.71,900,0
EDN.US,5,20211007,215000,6.71,6.745,6.71,6.72,1107,0
EDN.US,5,20211007,215500,6.72,6.72,6.54,6.71,1505,0
EDN.US,5,20211008,153000,6.8,6.8,6.8,6.8,1732,0
EDN.US,5,20211008,153500,6.8036,6.8036,6.8036,6.8036,250,0
EDN.US,5,20211008,154500,6.97,6.97,6.85,6.85,961,0
EDN.US,5,20211008,161000,6.8653,6.8653,6.8653,6.8653,250,0
EDN.US,5,20211008,162500,6.87,6.87,6.8,6.8,1900,0
EDN.US,5,20211008,163500,6.8,6.8,6.8,6.8,200,0
EDN.US,5,20211008,164000,6.8,6.8,6.8,6.8,500,0
EDN.US,5,20211008,164500,6.8,6.8,6.8,6.8,100,0
EDN.US,5,20211008,165000,6.8,6.8032,6.8,6.8,2200,0
EDN.US,5,20211008,165500,6.8,6.8,6.8,6.8,100,0
EDN.US,5,20211008,170000,6.8,6.8,6.8,6.8,100,0
EDN.US,5,20211008,180000,6.86,6.87,6.86,6.87,200,0
EDN.US,5,20211008,181500,6.88,6.88,6.88,6.88,100,0
EDN.US,5,20211008,184000,6.81,6.81,6.8,6.8,300,0
EDN.US,5,20211008,184500,6.82,6.82,6.82,6.82,100,0
EDN.US,5,20211008,185000,6.82,6.82,6.82,6.82,100,0
EDN.US,5,20211008,185500,6.8522,6.8522,6.8522,6.8522,100,0
EDN.US,5,20211008,190000,6.82,6.8432,6.82,6.8432,200,0
EDN.US,5,20211008,190500,6.82,6.82,6.82,6.82,100,0
EDN.US,5,20211008,191500,6.82,6.82,6.82,6.82,100,0
EDN.US,5,20211008,192000,6.82,6.82,6.82,6.82,100,0
EDN.US,5,20211008,192500,6.82,6.82,6.82,6.82,100,0
EDN.US,5,20211008,193000,6.81,6.81,6.8,6.8,1100,0
EDN.US,5,20211008,194000,6.82,6.82,6.82,6.82,100,0
EDN.US,5,20211008,200000,6.8223,6.9184,6.8223,6.9184,834,0
EDN.US,5,20211008,203500,6.8708,6.8708,6.87,6.87,1050,0
EDN.US,5,20211008,204500,6.87,6.92,6.84,6.92,550,0
EDN.US,5,20211008,205000,6.87,6.87,6.87,6.87,200,0
EDN.US,5,20211008,205500,6.87,6.87,6.87,6.87,100,0
EDN.US,5,20211008,210000,6.87,6.87,6.87,6.87,194,0
EDN.US,5,20211008,210500,6.87,6.905,6.87,6.905,287,0
EDN.US,5,20211008,211000,6.87,6.87,6.8609,6.8609,350,0
EDN.US,5,20211008,211500,6.86,6.86,6.86,6.86,199,0
EDN.US,5,20211008,212500,6.87,6.87,6.87,6.87,300,0
EDN.US,5,20211008,213000,6.8,6.83,6.8,6.83,940,0
EDN.US,5,20211008,214000,6.8,6.8,6.7671,6.7671,1350,0
EDN.US,5,20211008,215500,6.84,6.85,6.84,6.85,325,0
EDN.US,5,20211011,153000,7.2,7.24,7.09,7.23,16099,0
EDN.US,5,20211011,153500,7.2659,7.2659,7.2659,7.2659,3500,0
EDN.US,5,20211011,154000,6.82,6.82,6.82,6.82,130,0
EDN.US,5,20211011,154500,7.15,7.15,7.08,7.08,500,0
EDN.US,5,20211011,160500,7.23,7.3,7.23,7.3,2296,0
EDN.US,5,20211011,161500,7.3512,7.3512,7.3512,7.3512,1000,0
EDN.US,5,20211011,162000,7.34,7.34,7.3,7.3,750,0
EDN.US,5,20211011,162500,7.3612,7.3612,7.3612,7.3612,100,0
EDN.US,5,20211011,163000,7.3673,7.3673,7.3673,7.3673,100,0
EDN.US,5,20211011,164000,7.28,7.28,7.27,7.27,400,0
EDN.US,5,20211011,164500,7.3286,7.3286,7.3286,7.3286,2300,0
EDN.US,5,20211011,165000,7.31,7.33,7.31,7.33,1500,0
EDN.US,5,20211011,165500,7.26,7.26,7.26,7.26,100,0
EDN.US,5,20211011,172000,7.2042,7.21,7.19,7.2,814,0
EDN.US,5,20211011,172500,7.2,7.27,7.2,7.25,540,0
EDN.US,5,20211011,174000,7.3,7.3,7.3,7.3,3100,0
EDN.US,5,20211011,175000,7.25,7.25,7.25,7.25,200,0
EDN.US,5,20211011,183500,7.35,7.35,7.315,7.35,949,0
EDN.US,5,20211011,190000,7.29,7.29,7.25,7.25,1200,0
EDN.US,5,20211011,190500,7.2662,7.3,7.2662,7.3,1320,0
EDN.US,5,20211011,192000,7.28,7.28,7.25,7.26,355,0
EDN.US,5,20211011,193500,7.25,7.25,7.25,7.25,200,0
EDN.US,5,20211011,194500,7.25,7.25,7.25,7.25,300,0
EDN.US,5,20211011,200000,7.29,7.29,7.29,7.29,100,0
EDN.US,5,20211011,200500,7.2577,7.26,7.25,7.25,755,0
EDN.US,5,20211011,202000,7.25,7.25,7.25,7.25,300,0
EDN.US,5,20211011,202500,7.25,7.25,7.25,7.25,400,0
EDN.US,5,20211011,204000,7.25,7.25,7.25,7.25,200,0
EDN.US,5,20211011,205000,7.28,7.38,7.28,7.38,1480,0
EDN.US,5,20211011,205500,7.39,7.4,7.39,7.4,704,0
EDN.US,5,20211011,210000,7.39,7.4,7.39,7.4,500,0
EDN.US,5,20211011,211500,7.44,7.5,7.3916,7.3938,2744,0
EDN.US,5,20211011,212000,7.5,7.5,7.5,7.5,395,0
EDN.US,5,20211011,213000,7.39,7.445,7.39,7.395,1490,0
EDN.US,5,20211011,214000,7.4,7.41,7.4,7.4,500,0
EDN.US,5,20211011,214500,7.44,7.49,7.44,7.48,600,0
EDN.US,5,20211011,215000,7.49,7.49,7.43,7.43,500,0
EDN.US,5,20211011,215500,7.44,7.5,7.43,7.5,8861,0
EDN.US,5,20211012,153000,7.52,7.52,7.5,7.52,5209,0
EDN.US,5,20211012,153500,7.509,7.52,7.509,7.52,500,0
EDN.US,5,20211012,154500,7.49,7.49,7.49,7.49,146,0
EDN.US,5,20211012,160000,7.2686,7.2686,7.2686,7.2686,192,0
EDN.US,5,20211012,160500,7.28,7.3,7.28,7.3,300,0
EDN.US,5,20211012,161000,7.24,7.3,7.2,7.2,2413,0
EDN.US,5,20211012,161500,7.068,7.068,7.05,7.05,600,0
EDN.US,5,20211012,162000,7.1567,7.1567,7.1567,7.1567,250,0
EDN.US,5,20211012,162500,7.051,7.08,7.051,7.08,3600,0
EDN.US,5,20211012,163000,7.135,7.135,7.135,7.135,6500,0
EDN.US,5,20211012,164000,7.08,7.08,7.07,7.07,339,0
EDN.US,5,20211012,164500,7.07,7.07,7.07,7.07,100,0
EDN.US,5,20211012,165000,7.165,7.23,7.02,7.23,1600,0
EDN.US,5,20211012,165500,7.2193,7.2193,7.07,7.07,600,0
EDN.US,5,20211012,170500,7.08,7.08,7.06,7.06,300,0
EDN.US,5,20211012,171000,7.06,7.2127,7.06,7.2127,450,0
EDN.US,5,20211012,171500,7.01,7.01,7.01,7.01,100,0
EDN.US,5,20211012,172500,7.01,7.01,7.01,7.01,100,0
EDN.US,5,20211012,173000,7,7,6.99,6.99,500,0
EDN.US,5,20211012,173500,7.01,7.03,7.01,7.03,200,0
EDN.US,5,20211012,174000,7.05,7.05,6.96,6.99,500,0
EDN.US,5,20211012,174500,7.02,7.02,7.02,7.02,100,0
EDN.US,5,20211012,175500,7,7.07,7,7.07,200,0
EDN.US,5,20211012,180000,7.05,7.06,7.05,7.06,400,0
EDN.US,5,20211012,180500,7.0622,7.0622,7,7,1050,0
EDN.US,5,20211012,181000,6.979,6.979,6.979,6.979,190,0
EDN.US,5,20211012,181500,6.9865,6.99,6.97,6.99,800,0
EDN.US,5,20211012,183500,6.91,6.91,6.91,6.91,150,0
EDN.US,5,20211012,184500,6.92,6.92,6.9,6.9,4700,0
EDN.US,5,20211012,185000,6.95,6.95,6.95,6.95,675,0
EDN.US,5,20211012,191000,6.95,6.95,6.95,6.95,100,0
EDN.US,5,20211012,192000,6.95,6.95,6.9,6.9,3900,0
EDN.US,5,20211012,192500,6.9,6.9,6.6701,6.75,7672,0
EDN.US,5,20211012,193000,6.7499,6.7499,6.7499,6.7499,600,0
EDN.US,5,20211012,193500,6.825,6.825,6.825,6.825,100,0
EDN.US,5,20211012,194000,6.9645,6.9645,6.9645,6.9645,100,0
EDN.US,5,20211012,195000,6.94,6.94,6.94,6.94,100,0
EDN.US,5,20211012,200000,6.93,6.93,6.93,6.93,200,0
EDN.US,5,20211012,201000,6.88,6.88,6.82,6.82,1600,0
EDN.US,5,20211012,202000,6.82,6.82,6.82,6.82,100,0
EDN.US,5,20211012,202500,6.82,6.82,6.82,6.82,100,0
EDN.US,5,20211012,203000,6.82,6.82,6.82,6.82,100,0
EDN.US,5,20211012,204000,6.82,6.82,6.82,6.82,100,0
EDN.US,5,20211012,204500,6.82,6.82,6.82,6.82,100,0
EDN.US,5,20211012,205000,6.91,6.91,6.82,6.82,300,0
EDN.US,5,20211012,205500,6.9,6.9,6.9,6.9,100,0
EDN.US,5,20211012,210000,6.89,6.92,6.85,6.85,700,0
EDN.US,5,20211012,210500,6.8,6.89,6.8,6.878,406,0
EDN.US,5,20211012,211000,6.82,6.82,6.75,6.79,919,0
EDN.US,5,20211012,211500,6.75,6.76,6.64,6.64,721,0
EDN.US,5,20211012,212000,6.77,6.78,6.71,6.71,1478,0
EDN.US,5,20211012,212500,6.82,6.82,6.8197,6.8197,551,0
EDN.US,5,20211012,213000,6.82,7.1999,6.77,6.85,1050,0
EDN.US,5,20211012,213500,6.82,6.83,6.8,6.83,1114,0
EDN.US,5,20211012,214000,6.8,6.9599,6.76,6.8,2270,0
EDN.US,5,20211012,214500,6.82,6.82,6.71,6.8173,678,0
EDN.US,5,20211012,215000,6.81,6.82,6.7,6.7,1476,0
EDN.US,5,20211012,215500,6.7101,6.8199,6.7,6.79,1070,0
EDN.US,5,20211013,153000,6.96,6.96,6.92,6.92,1604,0
EDN.US,5,20211013,153500,6.92,6.92,6.81,6.81,800,0
EDN.US,5,20211013,154000,6.89,6.9,6.89,6.9,200,0
EDN.US,5,20211013,154500,6.9,6.91,6.8913,6.91,697,0
EDN.US,5,20211013,155000,6.92,7.0201,6.91,7.02,4200,0
EDN.US,5,20211013,155500,7.03,7.03,6.98,7.0129,450,0
EDN.US,5,20211013,160000,6.97,6.98,6.97,6.98,200,0
EDN.US,5,20211013,160500,6.95,6.98,6.8401,6.8401,2348,0
EDN.US,5,20211013,161000,6.97,6.97,6.84,6.97,800,0
EDN.US,5,20211013,161500,6.97,6.97,6.97,6.97,300,0
EDN.US,5,20211013,162000,6.97,6.98,6.97,6.98,300,0
EDN.US,5,20211013,162500,6.98,6.98,6.98,6.98,500,0
EDN.US,5,20211013,170500,6.92,6.95,6.92,6.95,4850,0
EDN.US,5,20211013,171000,6.6601,6.666,6.66,6.66,4610,0
EDN.US,5,20211013,173000,6.785,6.785,6.6701,6.785,1700,0
EDN.US,5,20211013,180000,6.8358,6.8358,6.8358,6.8358,150,0
EDN.US,5,20211013,183000,6.8,6.8,6.8,6.8,100,0
EDN.US,5,20211013,183500,6.84,6.84,6.84,6.84,100,0
EDN.US,5,20211013,184500,6.8499,6.8499,6.8499,6.8499,100,0
EDN.US,5,20211013,185500,6.8394,6.8394,6.8394,6.8394,160,0
EDN.US,5,20211013,195500,6.78,6.78,6.78,6.78,100,0
EDN.US,5,20211013,201000,6.73,6.73,6.73,6.73,400,0
EDN.US,5,20211013,203500,6.775,6.8,6.775,6.8,200,0
EDN.US,5,20211013,204000,6.77,6.77,6.7502,6.7502,2921,0
EDN.US,5,20211013,205000,6.8494,6.8494,6.8494,6.8494,200,0
EDN.US,5,20211013,211000,6.8256,6.8256,6.8256,6.8256,146,0
EDN.US,5,20211013,212500,6.805,6.87,6.805,6.86,2417,0
EDN.US,5,20211013,213000,6.92,6.92,6.91,6.91,368,0
EDN.US,5,20211013,214000,6.9,6.9,6.85,6.85,1937,0
EDN.US,5,20211013,215500,6.8,6.83,6.66,6.83,2328,0
EDN.US,5,20211014,153500,6.94,6.945,6.85,6.877,957,0
EDN.US,5,20211014,155500,6.9,6.9,6.9,6.9,2910,0
EDN.US,5,20211014,160000,6.9,6.9,6.85,6.85,1510,0
EDN.US,5,20211014,161500,6.8199,6.8199,6.8165,6.8173,450,0
EDN.US,5,20211014,162000,6.687,6.687,6.687,6.687,250,0
EDN.US,5,20211014,162500,6.82,6.82,6.82,6.82,100,0
EDN.US,5,20211014,165000,6.85,6.85,6.775,6.775,300,0
EDN.US,5,20211014,171500,6.8487,6.8487,6.8487,6.8487,250,0
EDN.US,5,20211014,174500,6.8411,6.8411,6.8411,6.8411,352,0
EDN.US,5,20211014,175000,6.85,6.85,6.85,6.85,248,0
EDN.US,5,20211014,182000,6.81,6.81,6.71,6.76,2480,0
EDN.US,5,20211014,183000,6.7999,6.7999,6.7999,6.7999,100,0
EDN.US,5,20211014,192500,6.77,6.77,6.77,6.77,100,0
EDN.US,5,20211014,194000,6.785,6.785,6.785,6.785,220,0
EDN.US,5,20211014,194500,6.8,6.8,6.8,6.8,300,0
EDN.US,5,20211014,195000,6.8,6.8,6.8,6.8,1421,0
EDN.US,5,20211014,200500,6.799,6.799,6.785,6.785,300,0
EDN.US,5,20211014,202500,6.8,6.8,6.8,6.8,149,0
EDN.US,5,20211014,203500,6.8,6.8,6.8,6.8,200,0
EDN.US,5,20211014,204000,6.8,6.8,6.8,6.8,100,0
EDN.US,5,20211014,210000,6.78,6.7802,6.76,6.7802,900,0
EDN.US,5,20211014,211500,6.77,6.789,6.7314,6.7314,3750,0
EDN.US,5,20211014,213500,6.6615,6.6615,6.6307,6.6307,1452,0
EDN.US,5,20211014,214000,6.64,6.7073,6.64,6.7073,684,0
EDN.US,5,20211014,215000,6.6677,6.6677,6.6677,6.6677,140,0
EDN.US,5,20211014,215500,6.685,6.78,6.68,6.78,328,0
EDN.US,5,20211015,153000,6.54,6.56,6.54,6.56,410,0
EDN.US,5,20211015,153500,6.7996,6.7996,6.7996,6.7996,100,0
EDN.US,5,20211015,161000,6.785,6.785,6.785,6.785,250,0
EDN.US,5,20211015,162000,6.67,6.7776,6.67,6.674,4065,0
EDN.US,5,20211015,165000,6.718,6.72,6.718,6.72,637,0
EDN.US,5,20211015,165500,6.7264,6.7264,6.7264,6.7264,353,0
EDN.US,5,20211015,175000,6.76,6.76,6.76,6.76,200,0
EDN.US,5,20211015,181500,6.75,6.76,6.75,6.76,380,0
EDN.US,5,20211015,203000,6.72,6.72,6.72,6.72,100,0
EDN.US,5,20211015,210000,6.789,6.8,6.775,6.775,1700,0
EDN.US,5,20211015,210500,6.8,6.8,6.8,6.8,2304,0
EDN.US,5,20211015,212000,6.8,6.8,6.8,6.8,700,0
EDN.US,5,20211015,212500,6.76,6.7952,6.76,6.7952,663,0
EDN.US,5,20211015,213000,6.8,6.8,6.8,6.8,300,0
EDN.US,5,20211015,214000,6.77,6.77,6.76,6.76,618,0
EDN.US,5,20211015,214500,6.789,6.789,6.789,6.789,100,0
EDN.US,5,20211015,215000,6.766,6.766,6.64,6.692,4544,0
EDN.US,5,20211015,215500,6.65,6.71,6.6,6.71,2509,0
EDN.US,5,20211018,153000,6.97,6.97,6.97,6.97,7659,0
EDN.US,5,20211018,154500,6.86,6.9,6.86,6.9,1500,0
EDN.US,5,20211018,155000,6.92,6.93,6.832,6.832,700,0
EDN.US,5,20211018,160000,6.8999,6.8999,6.8999,6.8999,134,0
EDN.US,5,20211018,162500,6.83,6.84,6.83,6.84,1200,0
EDN.US,5,20211018,163000,6.9,6.9,6.87,6.87,250,0
EDN.US,5,20211018,163500,6.83,6.83,6.82,6.82,730,0
EDN.US,5,20211018,164000,6.72,6.72,6.72,6.72,110,0
EDN.US,5,20211018,173000,6.802,6.802,6.802,6.802,200,0
EDN.US,5,20211018,174000,6.8,6.81,6.8,6.81,628,0
EDN.US,5,20211018,180000,6.798,6.798,6.745,6.797,850,0
EDN.US,5,20211018,181000,6.8099,6.81,6.8,6.81,1700,0
EDN.US,5,20211018,182000,6.87,6.87,6.87,6.87,200,0
EDN.US,5,20211018,184500,6.83,6.83,6.79,6.79,1000,0
EDN.US,5,20211018,185000,6.8,6.8,6.8,6.8,200,0
EDN.US,5,20211018,192000,6.83,6.83,6.83,6.83,800,0
EDN.US,5,20211018,193000,6.81,6.81,6.79,6.79,1132,0
EDN.US,5,20211018,194000,6.78,6.78,6.78,6.78,100,0
EDN.US,5,20211018,200500,6.81,6.81,6.81,6.81,200,0
EDN.US,5,20211018,202000,6.8288,6.8288,6.8288,6.8288,100,0
EDN.US,5,20211018,203500,6.8,6.83,6.8,6.83,400,0
EDN.US,5,20211018,204000,6.8,6.83,6.77,6.77,1300,0
EDN.US,5,20211018,204500,6.8,6.8,6.8,6.8,200,0
EDN.US,5,20211018,205000,6.8,6.8,6.8,6.8,333,0
EDN.US,5,20211018,205500,6.8,6.83,6.8,6.83,869,0
EDN.US,5,20211018,210500,6.83,6.83,6.83,6.83,100,0
EDN.US,5,20211018,211000,6.83,6.83,6.83,6.83,100,0
EDN.US,5,20211018,211500,6.9,6.9,6.87,6.87,200,0
EDN.US,5,20211018,212000,6.865,6.865,6.86,6.86,300,0
EDN.US,5,20211018,213000,6.86,6.86,6.8,6.8,300,0
EDN.US,5,20211018,213500,6.8,6.82,6.8,6.82,200,0
EDN.US,5,20211018,214000,6.8027,6.88,6.8027,6.88,400,0
EDN.US,5,20211018,214500,6.8,6.82,6.8,6.81,400,0
EDN.US,5,20211018,215000,7.16,7.16,6.8,6.8,300,0
EDN.US,5,20211018,215500,6.81,6.99,6.78,6.99,1421,0
EDN.US,5,20211019,154500,6.9262,6.9262,6.9262,6.9262,100,0
EDN.US,5,20211019,160500,6.7374,6.7374,6.7374,6.7374,200,0
EDN.US,5,20211019,172500,6.9727,6.9727,6.9727,6.9727,229,0
EDN.US,5,20211019,174000,6.9899,6.9899,6.9899,6.9899,750,0
EDN.US,5,20211019,180500,6.7785,6.7785,6.7785,6.7785,200,0
EDN.US,5,20211019,181000,6.98,6.99,6.9352,6.99,770,0
EDN.US,5,20211019,193000,7.033,7.033,7.033,7.033,100,0
EDN.US,5,20211019,193500,7.03,7.03,7.03,7.03,100,0
EDN.US,5,20211019,203500,7,7,7,7,199,0
EDN.US,5,20211019,204000,7,7,7,7,200,0
EDN.US,5,20211019,204500,6.96,6.96,6.9,6.9,1100,0
EDN.US,5,20211019,214000,6.9,6.9,6.9,6.9,320,0
EDN.US,5,20211019,215000,6.79,6.86,6.79,6.86,400,0
EDN.US,5,20211019,215500,6.8665,6.8665,6.63,6.63,850,0
EDN.US,5,20211020,153000,6.59,6.7452,6.59,6.595,875,0
EDN.US,5,20211020,153500,6.5907,6.6358,6.586,6.6358,1670,0
EDN.US,5,20211020,154500,6.7864,6.7864,6.7864,6.7864,250,0
EDN.US,5,20211020,155000,6.65,6.65,6.65,6.65,100,0
EDN.US,5,20211020,155500,6.8,6.8,6.8,6.8,300,0
EDN.US,5,20211020,160000,6.7965,6.8,6.7965,6.8,400,0
EDN.US,5,20211020,160500,6.8,6.8,6.8,6.8,100,0
EDN.US,5,20211020,161000,6.79,6.8,6.79,6.8,866,0
EDN.US,5,20211020,161500,6.8,6.8,6.7965,6.7965,200,0
EDN.US,5,20211020,162000,6.8,6.8,6.76,6.7973,945,0
EDN.US,5,20211020,162500,6.73,6.8,6.73,6.8,270,0
EDN.US,5,20211020,163000,6.7965,6.81,6.7965,6.8,3299,0
EDN.US,5,20211020,163500,7,7,7,7,250,0
EDN.US,5,20211020,172000,6.9584,6.97,6.9439,6.965,700,0
EDN.US,5,20211020,172500,6.9552,6.965,6.94,6.94,450,0
EDN.US,5,20211020,174500,6.99,7,6.92,6.92,662,0
EDN.US,5,20211020,175500,6.92,6.92,6.92,6.92,100,0
EDN.US,5,20211020,181000,6.91,7.05,6.91,7.05,1295,0
EDN.US,5,20211020,182500,7.015,7.015,7.015,7.015,650,0
EDN.US,5,20211020,183000,6.88,7.015,6.88,7.01,2950,0
EDN.US,5,20211020,185000,7.1899,7.1899,7.1899,7.1899,200,0
EDN.US,5,20211020,185500,7.105,7.105,7.105,7.105,130,0
EDN.US,5,20211020,190000,7.03,7.0772,7.03,7.0772,200,0
EDN.US,5,20211020,190500,7.0385,7.0385,7.0385,7.0385,146,0
EDN.US,5,20211020,191000,7.055,7.055,7.055,7.055,100,0
EDN.US,5,20211020,191500,7.08,7.08,7.08,7.08,100,0
EDN.US,5,20211020,192000,7.0774,7.0774,7.0774,7.0774,152,0
EDN.US,5,20211020,192500,7.05,7.05,7.02,7.05,300,0
EDN.US,5,20211020,193000,7.0774,7.0774,7.0774,7.0774,100,0
EDN.US,5,20211020,193500,7.03,7.03,7.02,7.02,300,0
EDN.US,5,20211020,200500,7.09,7.09,7.09,7.09,1410,0
EDN.US,5,20211020,201500,7.07,7.07,7.07,7.07,250,0
EDN.US,5,20211020,202000,7.08,7.08,7.0738,7.0738,400,0
EDN.US,5,20211020,202500,7.0802,7.0802,7.0802,7.0802,100,0
EDN.US,5,20211020,203000,7.09,7.09,7.09,7.09,600,0
EDN.US,5,20211020,205000,7.09,7.09,7.09,7.09,200,0
EDN.US,5,20211020,205500,7.1,7.1,7.1,7.1,200,0
EDN.US,5,20211020,210000,7.0839,7.0839,7.0839,7.0839,1000,0
EDN.US,5,20211020,210500,7.1,7.1,7.1,7.1,200,0
EDN.US,5,20211020,211500,7.18,7.18,7.105,7.1221,1170,0
EDN.US,5,20211020,214500,7.1765,7.1765,7.153,7.153,800,0
EDN.US,5,20211020,215000,7.15,7.15,7.15,7.15,100,0
EDN.US,5,20211020,215500,7.18,7.18,7.06,7.06,443,0
EDN.US,5,20211021,154500,7.06,7.06,7,7,899,0
EDN.US,5,20211021,162000,6.99,6.99,6.9568,6.9568,1200,0
EDN.US,5,20211021,163000,6.9465,6.95,6.8908,6.8908,1349,0
EDN.US,5,20211021,163500,6.89,6.89,6.89,6.89,535,0
EDN.US,5,20211021,164000,7.1105,7.1105,7.1105,7.1105,428,0
EDN.US,5,20211021,164500,7.258,7.258,7.258,7.258,750,0
EDN.US,5,20211021,165000,6.96,6.96,6.96,6.96,100,0
EDN.US,5,20211021,172500,7.212,7.245,7.1465,7.1465,2937,0
EDN.US,5,20211021,175000,7.17,7.17,7.17,7.17,100,0
EDN.US,5,20211021,200000,7.14,7.14,7.14,7.14,105,0
EDN.US,5,20211021,205000,7.15,7.15,7.03,7.03,500,0
EDN.US,5,20211021,210000,6.9142,6.9142,6.9142,6.9142,300,0
EDN.US,5,20211021,213500,6.97,7.15,6.97,7.15,450,0
EDN.US,5,20211021,215500,7.15,7.17,7.15,7.17,656,0
EDN.US,5,20211022,153000,7.22,7.35,7.16,7.33,2425,0
EDN.US,5,20211022,154000,7.36,7.36,7.25,7.35,1300,0
EDN.US,5,20211022,154500,7.35,7.36,7.34,7.35,1180,0
EDN.US,5,20211022,161500,7.3498,7.39,7.24,7.39,7100,0
EDN.US,5,20211022,162000,7.2006,7.2006,7.2006,7.2006,100,0
EDN.US,5,20211022,162500,7.24,7.38,7.24,7.38,816,0
EDN.US,5,20211022,163000,7.37,7.37,7.37,7.37,100,0
EDN.US,5,20211022,163500,7.38,7.38,7.245,7.245,400,0
EDN.US,5,20211022,164000,7.38,7.38,7.38,7.38,795,0
EDN.US,5,20211022,164500,7.245,7.3799,7.245,7.37,300,0
EDN.US,5,20211022,165000,7.38,7.38,7.245,7.245,797,0
EDN.US,5,20211022,165500,7.1736,7.38,7.1736,7.38,1000,0
EDN.US,5,20211022,170000,7.2816,7.38,7.26,7.27,1811,0
EDN.US,5,20211022,171000,7.38,7.38,7.38,7.38,100,0
EDN.US,5,20211022,171500,7.37,7.38,7.37,7.38,400,0
EDN.US,5,20211022,172000,7.3,7.36,7.28,7.28,1054,0
EDN.US,5,20211022,173000,7.36,7.39,7.2001,7.2001,21345,0
EDN.US,5,20211022,174000,7.23,7.2442,7.23,7.2442,700,0
EDN.US,5,20211022,174500,7.33,7.33,7.33,7.33,100,0
EDN.US,5,20211022,175500,7.27,7.325,7.25,7.325,1315,0
EDN.US,5,20211022,180000,7.25,7.27,7.25,7.25,300,0
EDN.US,5,20211022,180500,7.27,7.27,7.27,7.27,100,0
EDN.US,5,20211022,181500,7.26,7.325,7.25,7.325,1100,0
EDN.US,5,20211022,184000,7.268,7.268,7.268,7.268,900,0
EDN.US,5,20211022,184500,7.32,7.325,7.27,7.32,2598,0
EDN.US,5,20211022,185000,7.33,7.33,7.32,7.32,855,0
EDN.US,5,20211022,185500,7.23,7.34,7.23,7.34,2839,0
EDN.US,5,20211022,191000,7.315,7.4,7.315,7.3331,1800,0
EDN.US,5,20211022,191500,7.38,7.49,7.375,7.375,2700,0
EDN.US,5,20211022,192000,7.2922,7.306,7.2922,7.306,300,0
EDN.US,5,20211022,192500,7.47,7.47,7.47,7.47,100,0
EDN.US,5,20211022,193000,7.49,7.52,7.32,7.3356,3080,0
EDN.US,5,20211022,193500,7.355,7.355,7.34,7.34,550,0
EDN.US,5,20211022,194000,7.32,7.38,7.32,7.38,293,0
EDN.US,5,20211022,194500,7.32,7.3296,7.32,7.3296,1000,0
EDN.US,5,20211022,195000,7.31,7.33,7.26,7.26,1100,0
EDN.US,5,20211022,195500,7.2,7.2,7.19,7.19,557,0
EDN.US,5,20211022,200500,7.42,7.5,7.219,7.219,1162,0
EDN.US,5,20211022,201000,7.335,7.335,7.335,7.335,100,0
EDN.US,5,20211022,202500,7.35,7.35,7.22,7.22,986,0
EDN.US,5,20211022,204500,7.365,7.365,7.2548,7.2548,2000,0
EDN.US,5,20211022,205000,7.25,7.2563,7.25,7.2563,1900,0
EDN.US,5,20211022,212000,7.4712,7.4712,7.4712,7.4712,100,0
EDN.US,5,20211022,212500,7.28,7.3669,7.28,7.3669,200,0
EDN.US,5,20211022,213000,7.325,7.325,7.325,7.325,100,0
EDN.US,5,20211022,213500,7.3,7.3,7.3,7.3,191,0
EDN.US,5,20211022,214000,7.3027,7.3027,7.26,7.26,600,0
EDN.US,5,20211022,214500,7.25,7.27,7.25,7.26,900,0
EDN.US,5,20211022,215500,7.3,7.33,7.24,7.24,1718,0
EDN.US,5,20211025,153000,7.35,7.35,7.35,7.35,280,0
EDN.US,5,20211025,154500,7.36,7.36,7.35,7.35,410,0
EDN.US,5,20211025,160500,7.35,7.35,7.35,7.35,100,0
EDN.US,5,20211025,161000,7.4181,7.4181,7.3536,7.372,800,0
EDN.US,5,20211025,161500,7.35,7.37,7.185,7.185,1150,0
EDN.US,5,20211025,162500,7.1,7.1,7.1,7.1,1452,0
EDN.US,5,20211025,174500,7.47,7.47,7.4376,7.4376,200,0
EDN.US,5,20211025,175000,7.3394,7.426,7.3394,7.426,400,0
EDN.US,5,20211025,175500,7.4,7.44,7.4,7.44,600,0
EDN.US,5,20211025,180000,7.5155,7.5155,7.41,7.42,3700,0
EDN.US,5,20211025,181500,7.41,7.49,7.41,7.49,300,0
EDN.US,5,20211025,184000,7.5,7.52,7.46,7.46,1735,0
EDN.US,5,20211025,184500,7.5173,7.5173,7.46,7.46,200,0
EDN.US,5,20211025,185500,7.46,7.46,7.43,7.46,800,0
EDN.US,5,20211025,190000,7.52,7.52,7.52,7.52,100,0
EDN.US,5,20211025,191000,7.52,7.52,7.47,7.47,1300,0
EDN.US,5,20211025,191500,7.475,7.495,7.455,7.455,833,0
EDN.US,5,20211025,192000,7.445,7.445,7.41,7.4357,450,0
EDN.US,5,20211025,193000,7.41,7.42,7.41,7.42,200,0
EDN.US,5,20211025,195000,7.4327,7.4327,7.4,7.4,963,0
EDN.US,5,20211025,195500,7.5,7.52,7.49,7.52,8129,0
EDN.US,5,20211025,200500,7.5,7.52,7.5,7.52,1136,0
EDN.US,5,20211025,201000,7.59,7.749,7.58,7.749,4478,0
EDN.US,5,20211025,203000,7.7465,7.89,7.69,7.735,4199,0
EDN.US,5,20211025,203500,7.6907,7.6907,7.69,7.69,1206,0
EDN.US,5,20211025,204000,7.553,7.553,7.553,7.553,600,0
EDN.US,5,20211025,205500,7.55,7.552,7.55,7.552,850,0
EDN.US,5,20211025,211000,7.55,7.64,7.55,7.55,3642,0
EDN.US,5,20211025,211500,7.56,7.56,7.56,7.56,1938,0
EDN.US,5,20211025,214500,7.67,7.67,7.55,7.55,900,0
EDN.US,5,20211025,215000,7.56,7.76,7.56,7.7432,1900,0
EDN.US,5,20211025,215500,7.57,7.71,7.56,7.61,1300,0
EDN.US,5,20211026,153000,7.79,7.79,7.65,7.65,3101,0
EDN.US,5,20211026,155000,7.76,7.76,7.76,7.76,300,0
EDN.US,5,20211026,160000,7.75,7.75,7.75,7.75,150,0
EDN.US,5,20211026,162500,7.76,7.76,7.76,7.76,100,0
EDN.US,5,20211026,163000,7.775,7.78,7.775,7.78,500,0
EDN.US,5,20211026,170500,7.6,7.62,7.55,7.5535,1460,0
EDN.US,5,20211026,171000,7.76,7.76,7.76,7.76,100,0
EDN.US,5,20211026,171500,7.5698,7.5698,7.5698,7.5698,600,0
EDN.US,5,20211026,184000,7.6999,7.6999,7.6999,7.6999,104,0
EDN.US,5,20211026,190500,7.669,7.669,7.669,7.669,130,0
EDN.US,5,20211026,194500,7.605,7.605,7.56,7.56,200,0
EDN.US,5,20211026,200000,7.56,7.56,7.56,7.56,200,0
EDN.US,5,20211026,200500,7.56,7.56,7.56,7.56,400,0
EDN.US,5,20211026,202000,7.56,7.56,7.56,7.56,400,0
EDN.US,5,20211026,205000,7.6035,7.6035,7.6035,7.6035,100,0
EDN.US,5,20211026,205500,7.675,7.675,7.62,7.675,3506,0
EDN.US,5,20211026,211500,7.61,7.61,7.55,7.55,6200,0
EDN.US,5,20211026,212000,7.55,7.55,7.505,7.51,3513,0
EDN.US,5,20211026,213000,7.51,7.51,7.5,7.5,400,0
EDN.US,5,20211026,213500,7.42,7.45,7.42,7.45,333,0
EDN.US,5,20211026,214000,7.46,7.46,7.46,7.46,137,0
EDN.US,5,20211026,215000,7.5,7.5,7.4,7.4102,6594,0
EDN.US,5,20211026,215500,7.4,7.52,7.2,7.5,9151,0
EDN.US,5,20211027,153000,7.32,7.54,7.32,7.54,2639,0
EDN.US,5,20211027,153500,7.54,7.54,7.54,7.54,320,0
EDN.US,5,20211027,154500,7.82,7.82,7.7922,7.7922,200,0
EDN.US,5,20211027,155000,7.56,7.56,7.52,7.5203,900,0
EDN.US,5,20211027,160000,7.74,7.75,7.74,7.75,200,0
EDN.US,5,20211027,161500,7.66,7.66,7.65,7.65,532,0
EDN.US,5,20211027,163500,7.52,7.56,7.52,7.56,1794,0
EDN.US,5,20211027,172500,7.25,7.44,7.2438,7.44,1200,0
EDN.US,5,20211027,190000,7.33,7.33,7.3,7.3,579,0
EDN.US,5,20211027,202500,6.98,6.98,6.95,6.95,680,0
EDN.US,5,20211027,203500,7.175,7.175,7.175,7.175,100,0
EDN.US,5,20211027,205000,7.19,7.32,7.19,7.32,1230,0
EDN.US,5,20211027,205500,7.33,7.33,7.33,7.33,600,0
EDN.US,5,20211027,210000,7.26,7.26,7.26,7.26,100,0
EDN.US,5,20211027,211500,7.191,7.191,7.191,7.191,150,0
EDN.US,5,20211027,212000,7.2,7.28,7.19,7.28,600,0
EDN.US,5,20211027,213000,7.0035,7.27,7.0035,7.27,900,0
EDN.US,5,20211027,214000,7.51,7.54,7.51,7.54,900,0
EDN.US,5,20211027,215000,7.2,7.496,7.2,7.496,200,0
EDN.US,5,20211027,215500,7.18,7.74,7.18,7.37,1048,0
EDN.US,5,20211028,154500,6.9788,6.9788,6.9201,6.9201,225,0
EDN.US,5,20211028,160000,7.24,7.24,7.11,7.11,787,0
EDN.US,5,20211028,161000,7.24,7.24,7.24,7.24,1100,0
EDN.US,5,20211028,165000,7.1613,7.1613,7.1613,7.1613,250,0
EDN.US,5,20211028,165500,7.24,7.24,7.24,7.24,100,0
EDN.US,5,20211028,171000,7.26,7.3356,7.26,7.27,759,0
EDN.US,5,20211028,171500,7.29,7.29,7.25,7.25,407,0
EDN.US,5,20211028,172000,7.2,7.2,7.2,7.2,100,0
EDN.US,5,20211028,173500,7.0194,7.0194,7.0194,7.0194,100,0
EDN.US,5,20211028,174500,7.03,7.03,7.01,7.0224,300,0
EDN.US,5,20211028,181500,7.11,7.11,7.11,7.11,150,0
EDN.US,5,20211028,184000,7.086,7.086,7.086,7.086,290,0
EDN.US,5,20211028,190000,7.0299,7.0299,7.0299,7.0299,146,0
EDN.US,5,20211028,190500,7.0594,7.07,7.02,7.02,1800,0
EDN.US,5,20211028,191000,7.09,7.09,7,7,2912,0
EDN.US,5,20211028,191500,7,7,7,7,109,0
EDN.US,5,20211028,194000,7,7,6.98,6.98,4305,0
EDN.US,5,20211028,194500,6.9921,6.9921,6.99,6.99,1528,0
EDN.US,5,20211028,195000,6.98,6.98,6.94,6.94,1100,0
EDN.US,5,20211028,200500,6.99,6.99,6.99,6.99,100,0
EDN.US,5,20211028,201000,6.97,6.97,6.95,6.952,600,0
EDN.US,5,20211028,201500,6.99,7,6.99,7,300,0
EDN.US,5,20211028,202000,6.97,6.99,6.97,6.99,200,0
EDN.US,5,20211028,203500,7.01,7.01,7.01,7.01,100,0
EDN.US,5,20211028,210000,7.04,7.045,7.01,7.045,4900,0
EDN.US,5,20211028,210500,7.01,7.01,7.01,7.01,100,0
EDN.US,5,20211028,211500,7.01,7.01,7.01,7.01,200,0
EDN.US,5,20211028,212000,7.02,7.02,6.965,6.97,400,0
EDN.US,5,20211028,213500,7.057,7.057,7.035,7.035,300,0
EDN.US,5,20211028,215000,7.035,7.035,7,7,400,0
EDN.US,5,20211028,215500,7,7.03,7,7.03,529,0
EDN.US,5,20211029,155000,6.87,6.87,6.87,6.87,100,0
EDN.US,5,20211029,155500,6.8635,6.8635,6.8635,6.8635,100,0
EDN.US,5,20211029,160000,6.86,6.86,6.61,6.725,1400,0
EDN.US,5,20211029,160500,6.7,6.73,6.1796,6.43,11729,0
EDN.US,5,20211029,161000,6.43,6.7,6.388,6.45,2590,0
EDN.US,5,20211029,161500,6.55,6.61,6.47,6.61,2000,0
EDN.US,5,20211029,162000,6.52,6.6,6.52,6.6,200,0
EDN.US,5,20211029,162500,6.69,6.72,6.6873,6.72,1071,0
EDN.US,5,20211029,163000,6.72,6.72,6.71,6.71,577,0
EDN.US,5,20211029,163500,6.73,7,6.685,7,2185,0
EDN.US,5,20211029,165500,6.76,6.76,6.7406,6.7406,300,0
EDN.US,5,20211029,170000,6.8206,6.8206,6.8206,6.8206,100,0
EDN.US,5,20211029,171000,6.6694,6.6694,6.6401,6.6401,600,0
EDN.US,5,20211029,172000,6.66,6.66,6.6206,6.621,800,0
EDN.US,5,20211029,174000,6.73,6.73,6.73,6.73,250,0
EDN.US,5,20211029,181500,6.72,6.72,6.72,6.72,400,0
EDN.US,5,20211029,182000,6.72,6.72,6.72,6.72,100,0
EDN.US,5,20211029,190500,6.62,6.64,6.62,6.64,200,0
EDN.US,5,20211029,191000,6.5939,6.5939,6.5939,6.5939,250,0
EDN.US,5,20211029,192000,6.63,6.63,6.6273,6.6273,200,0
EDN.US,5,20211029,192500,6.63,6.63,6.63,6.63,200,0
EDN.US,5,20211029,193000,6.63,6.63,6.63,6.63,100,0
EDN.US,5,20211029,193500,6.62,6.62,6.62,6.62,100,0
EDN.US,5,20211029,194000,6.62,6.62,6.62,6.62,500,0
EDN.US,5,20211029,202500,6.61,6.61,6.61,6.61,255,0
EDN.US,5,20211029,204000,6.685,6.685,6.67,6.67,500,0
EDN.US,5,20211029,211500,6.63,6.63,6.63,6.63,100,0
EDN.US,5,20211029,212000,6.62,6.62,6.62,6.62,100,0
EDN.US,5,20211029,213500,6.585,6.5962,6.557,6.5962,800,0
EDN.US,5,20211029,214000,6.6,6.67,6.6,6.67,200,0
EDN.US,5,20211029,215500,6.69,6.78,6.62,6.69,1059,0
EDN.US,5,20211101,143000,6.81,6.81,6.81,6.81,834,0
EDN.US,5,20211101,145500,6.91,6.95,6.91,6.95,200,0
EDN.US,5,20211101,150000,6.66,6.66,6.66,6.66,100,0
EDN.US,5,20211101,152000,6.71,6.72,6.71,6.71,1506,0
EDN.US,5,20211101,160500,6.845,6.845,6.845,6.845,800,0
EDN.US,5,20211101,170500,6.84,6.84,6.84,6.84,100,0
EDN.US,5,20211101,171000,6.7,6.7,6.64,6.65,1577,0
EDN.US,5,20211101,173500,6.62,6.62,6.62,6.62,200,0
EDN.US,5,20211101,174000,6.62,6.62,6.62,6.62,100,0
EDN.US,5,20211101,174500,6.6,6.6,6.56,6.56,1000,0
EDN.US,5,20211101,175000,6.57,6.57,6.57,6.57,200,0
EDN.US,5,20211101,175500,6.52,6.53,6.5,6.52,1307,0
EDN.US,5,20211101,180000,6.54,6.54,6.54,6.54,183,0
EDN.US,5,20211101,180500,6.48,6.48,6.48,6.48,140,0
EDN.US,5,20211101,181000,6.49,6.5,6.4568,6.4568,550,0
EDN.US,5,20211101,181500,6.415,6.5,6.415,6.5,1162,0
EDN.US,5,20211101,182000,6.49,6.5,6.49,6.5,800,0
EDN.US,5,20211101,182500,6.5,6.5,6.5,6.5,100,0
EDN.US,5,20211101,183500,6.39,6.39,6.3852,6.3852,700,0
EDN.US,5,20211101,184500,6.4,6.4644,6.4,6.4644,500,0
EDN.US,5,20211101,185000,6.44,6.44,6.44,6.44,318,0
EDN.US,5,20211101,185500,6.4392,6.4392,6.4392,6.4392,300,0
EDN.US,5,20211101,190000,6.44,6.44,6.43,6.43,345,0
EDN.US,5,20211101,190500,6.4999,6.4999,6.35,6.422,3100,0
EDN.US,5,20211101,191000,6.44,6.44,6.44,6.44,100,0
EDN.US,5,20211101,193000,6.48,6.48,6.48,6.48,100,0
EDN.US,5,20211101,194500,6.5,6.5,6.5,6.5,200,0
EDN.US,5,20211101,195500,6.41,6.4194,6.41,6.4194,600,0
EDN.US,5,20211101,201500,6.55,6.59,6.55,6.59,600,0
EDN.US,5,20211101,205500,6.6,6.645,6.4,6.63,2808,0
EDN.US,5,20211102,143000,6.47,6.645,6.45,6.645,1112,0
EDN.US,5,20211102,143500,6.7551,6.7551,6.7551,6.7551,250,0
EDN.US,5,20211102,154000,6.545,6.545,6.545,6.545,2000,0
EDN.US,5,20211102,160000,6.4956,6.4956,6.4956,6.4956,1229,0
EDN.US,5,20211102,162500,6.46,6.4638,6.46,6.4638,200,0
EDN.US,5,20211102,163500,6.6096,6.6096,6.6096,6.6096,100,0
EDN.US,5,20211102,164000,6.6032,6.6032,6.6032,6.6032,200,0
EDN.US,5,20211102,191000,6.61,6.61,6.61,6.61,550,0
EDN.US,5,20211102,194000,6.58,6.59,6.58,6.59,200,0
EDN.US,5,20211102,195500,6.57,6.58,6.57,6.58,300,0
EDN.US,5,20211102,200500,6.5565,6.5565,6.5565,6.5565,100,0
EDN.US,5,20211102,201000,6.5573,6.5573,6.5,6.5,300,0
EDN.US,5,20211102,202000,6.54,6.54,6.54,6.54,200,0
EDN.US,5,20211102,203500,6.52,6.52,6.52,6.52,200,0
EDN.US,5,20211102,204000,6.4965,6.5,6.4965,6.5,1199,0
EDN.US,5,20211102,205000,6.48,6.49,6.48,6.49,534,0
EDN.US,5,20211103,143500,6.5002,6.5002,6.5002,6.5002,3187,0
EDN.US,5,20211103,145500,6.44,6.44,6.41,6.44,800,0
EDN.US,5,20211103,151500,6.3,6.3,6.3,6.3,100,0
EDN.US,5,20211103,152500,6.36,6.4,6.36,6.4,300,0
EDN.US,5,20211103,153000,6.42,6.66,6.42,6.66,300,0
EDN.US,5,20211103,153500,6.66,6.66,6.65,6.65,402,0
EDN.US,5,20211103,154000,6.67,6.67,6.63,6.63,200,0
EDN.US,5,20211103,154500,6.62,6.62,6.62,6.62,200,0
EDN.US,5,20211103,155000,6.59,6.6,6.59,6.6,200,0
EDN.US,5,20211103,160000,6.6,6.6,6.6,6.6,200,0
EDN.US,5,20211103,160500,6.6,6.6,6.6,6.6,100,0
EDN.US,5,20211103,161000,6.6,6.6,6.58,6.58,200,0
EDN.US,5,20211103,161500,6.58,6.58,6.58,6.58,200,0
EDN.US,5,20211103,162000,6.59,6.59,6.58,6.58,200,0
EDN.US,5,20211103,162500,6.58,6.59,6.58,6.59,200,0
EDN.US,5,20211103,163000,6.59,6.59,6.59,6.59,200,0
EDN.US,5,20211103,163500,6.6,6.6,6.5,6.5,2439,0
EDN.US,5,20211103,164000,6.5,6.5,6.5,6.5,200,0
EDN.US,5,20211103,164500,6.5,6.5,6.5,6.5,560,0
EDN.US,5,20211103,165000,6.6,6.6,6.59,6.6,500,0
EDN.US,5,20211103,165500,6.6,6.6,6.6,6.6,200,0
EDN.US,5,20211103,170000,6.6,6.6,6.6,6.6,200,0
EDN.US,5,20211103,170500,6.6,6.6,6.6,6.6,100,0
EDN.US,5,20211103,171000,6.6,6.91,6.6,6.91,500,0
EDN.US,5,20211103,171500,6.72,6.97,6.72,6.95,328,0
EDN.US,5,20211103,172000,6.96,6.96,6.96,6.96,100,0
EDN.US,5,20211103,172500,6.77,6.79,6.77,6.79,400,0
EDN.US,5,20211103,173000,6.77,6.77,6.77,6.77,200,0
EDN.US,5,20211103,173500,6.78,6.78,6.78,6.78,100,0
EDN.US,5,20211103,174000,6.78,6.78,6.76,6.76,200,0
EDN.US,5,20211103,174500,6.75,6.75,6.75,6.75,100,0
EDN.US,5,20211103,175000,6.75,6.75,6.75,6.75,200,0
EDN.US,5,20211103,175500,6.75,6.75,6.75,6.75,100,0
EDN.US,5,20211103,180000,6.69,6.69,6.69,6.69,200,0
EDN.US,5,20211103,180500,6.69,6.69,6.69,6.69,200,0
EDN.US,5,20211103,181000,6.68,6.68,6.68,6.68,100,0
EDN.US,5,20211103,181500,6.68,6.68,6.68,6.68,200,0
EDN.US,5,20211103,182000,6.68,6.68,6.68,6.68,100,0
EDN.US,5,20211103,182500,6.68,6.68,6.68,6.68,4480,0
EDN.US,5,20211103,183000,6.68,6.68,6.68,6.68,100,0
EDN.US,5,20211103,183500,6.68,6.68,6.68,6.68,200,0
EDN.US,5,20211103,184000,6.68,6.68,6.68,6.68,100,0
EDN.US,5,20211103,184500,6.68,6.68,6.68,6.68,200,0
EDN.US,5,20211103,185000,6.68,6.68,6.68,6.68,200,0
EDN.US,5,20211103,185500,6.68,6.95,6.68,6.95,1600,0
EDN.US,5,20211103,190000,6.6535,6.94,6.65,6.79,700,0
EDN.US,5,20211103,190500,6.94,6.94,6.93,6.93,200,0
EDN.US,5,20211103,191000,6.94,6.94,6.86,6.86,300,0
EDN.US,5,20211103,191500,6.84,6.84,6.84,6.84,200,0
EDN.US,5,20211103,192000,6.84,6.84,6.84,6.84,200,0
EDN.US,5,20211103,192500,6.83,6.83,6.83,6.83,200,0
EDN.US,5,20211103,193000,6.83,6.83,6.83,6.83,200,0
EDN.US,5,20211103,193500,6.83,6.83,6.83,6.83,300,0
EDN.US,5,20211103,194000,6.8,6.8,6.75,6.75,982,0
EDN.US,5,20211103,194500,6.82,6.83,6.82,6.83,500,0
EDN.US,5,20211103,195000,6.83,6.83,6.83,6.83,100,0
EDN.US,5,20211103,195500,6.96,6.96,6.96,6.96,300,0
EDN.US,5,20211103,200000,6.96,6.96,6.96,6.96,200,0
EDN.US,5,20211103,200500,6.96,6.96,6.96,6.96,300,0
EDN.US,5,20211103,201000,6.96,6.96,6.96,6.96,200,0
EDN.US,5,20211103,201500,6.9,6.9,6.85,6.85,818,0
EDN.US,5,20211103,202000,6.85,6.85,6.85,6.85,200,0
EDN.US,5,20211103,202500,6.96,6.96,6.96,6.96,200,0
EDN.US,5,20211103,203000,6.93,6.96,6.93,6.96,300,0
EDN.US,5,20211103,203500,6.95,6.96,6.93,6.96,607,0
EDN.US,5,20211103,204500,6.98,7.05,6.98,7.05,400,0
EDN.US,5,20211103,205000,7,7,6.99,6.99,200,0
EDN.US,5,20211103,205500,7,7.2,6.7745,7.2,2674,0
EDN.US,5,20211104,143000,7.02,7.02,7.02,7.02,444,0
EDN.US,5,20211104,170000,6.855,6.855,6.79,6.7968,1250,0
EDN.US,5,20211104,171500,6.83,6.83,6.83,6.83,300,0
EDN.US,5,20211104,185500,6.78,6.78,6.78,6.78,148,0
EDN.US,5,20211104,190000,6.69,6.7,6.69,6.7,200,0
EDN.US,5,20211104,191000,6.7,6.7,6.7,6.7,200,0
EDN.US,5,20211104,192000,6.6181,6.6181,6.6181,6.6181,250,0
EDN.US,5,20211104,192500,6.6842,6.69,6.6842,6.69,1165,0
EDN.US,5,20211104,195000,6.78,6.79,6.78,6.79,960,0
EDN.US,5,20211104,202000,6.77,6.77,6.77,6.77,405,0
EDN.US,5,20211104,203000,6.67,6.7475,6.67,6.7475,582,0
EDN.US,5,20211104,204000,6.75,6.76,6.75,6.76,400,0
EDN.US,5,20211104,205000,6.67,6.67,6.65,6.6523,4107,0
EDN.US,5,20211105,143000,6.55,6.55,6.55,6.55,3347,0
EDN.US,5,20211105,145000,6.69,6.9,6.69,6.9,9915,0
EDN.US,5,20211105,150000,6.75,6.75,6.75,6.75,300,0
EDN.US,5,20211105,150500,6.72,6.72,6.72,6.72,500,0
EDN.US,5,20211105,151500,6.7,6.7,6.7,6.7,447,0
EDN.US,5,20211105,162000,6.66,6.66,6.66,6.66,100,0
EDN.US,5,20211105,163500,6.65,6.65,6.65,6.65,240,0
EDN.US,5,20211105,164500,6.65,6.65,6.65,6.65,503,0
EDN.US,5,20211105,183500,6.62,6.62,6.62,6.62,750,0
EDN.US,5,20211105,191000,6.56,6.56,6.56,6.56,500,0
EDN.US,5,20211105,192000,6.56,6.56,6.38,6.38,905,0
EDN.US,5,20211105,193000,6.445,6.445,6.445,6.445,400,0
EDN.US,5,20211105,195500,6.59,6.6,6.59,6.6,200,0
EDN.US,5,20211105,200500,6.58,6.59,6.58,6.59,1000,0
EDN.US,5,20211105,202500,6.6,6.6,6.6,6.6,100,0
EDN.US,5,20211105,205000,6.6,6.6,6.6,6.6,400,0
EDN.US,5,20211105,205500,6.6,6.71,6.47,6.47,1205,0
EDN.US,5,20211108,153500,6.66,6.73,6.66,6.73,3100,0
EDN.US,5,20211108,154000,6.74,6.74,6.7,6.7,282,0
EDN.US,5,20211108,161000,6.69,6.74,6.69,6.74,500,0
EDN.US,5,20211108,165500,6.57,6.67,6.4701,6.67,8500,0
EDN.US,5,20211108,170000,6.61,6.62,6.51,6.62,7899,0
EDN.US,5,20211108,170500,6.6171,6.68,6.6,6.6,1430,0
EDN.US,5,20211108,171500,6.71,6.7365,6.71,6.7362,300,0
EDN.US,5,20211108,173500,6.625,6.65,6.625,6.65,384,0
EDN.US,5,20211108,180500,6.6757,6.6757,6.6757,6.6757,1000,0
EDN.US,5,20211108,185500,6.62,6.62,6.4843,6.4843,449,0
EDN.US,5,20211108,190000,6.56,6.56,6.56,6.56,949,0
EDN.US,5,20211108,195000,6.585,6.585,6.585,6.585,300,0
EDN.US,5,20211108,200500,6.68,6.68,6.68,6.68,300,0
EDN.US,5,20211108,202000,6.6664,6.6664,6.6664,6.6664,200,0
EDN.US,5,20211108,202500,6.57,6.5792,6.57,6.5792,300,0
EDN.US,5,20211108,203000,6.5612,6.596,6.5612,6.596,2000,0
EDN.US,5,20211108,205000,6.68,6.68,6.68,6.68,204,0
EDN.US,5,20211108,205500,6.68,6.72,6.68,6.72,1034,0
EDN.US,5,20211108,214500,6.62,6.62,6.59,6.62,549,0
EDN.US,5,20211108,215500,6.6,6.7,6.49,6.65,2454,0
EDN.US,5,20211109,153000,6.71,6.71,6.5,6.5,324,0
EDN.US,5,20211109,153500,6.938,6.938,6.938,6.938,1906,0
EDN.US,5,20211109,154500,6.715,6.72,6.715,6.72,2502,0
EDN.US,5,20211109,155500,6.66,6.66,6.66,6.66,300,0
EDN.US,5,20211109,160500,6.6,6.6,6.6,6.6,9000,0
EDN.US,5,20211109,161500,6.86,6.87,6.86,6.87,200,0
EDN.US,5,20211109,171000,6.69,6.72,6.69,6.72,300,0
EDN.US,5,20211109,175500,6.64,6.65,6.64,6.65,900,0
EDN.US,5,20211109,180000,6.59,6.59,6.54,6.54,1270,0
EDN.US,5,20211109,181000,6.6356,6.6356,6.6356,6.6356,300,0
EDN.US,5,20211109,183500,6.52,6.557,6.48,6.48,1410,0
EDN.US,5,20211109,185500,6.59,6.61,6.59,6.61,500,0
EDN.US,5,20211109,190000,6.51,6.51,6.5,6.5,300,0
EDN.US,5,20211109,191000,6.5,6.5,6.48,6.48,953,0
EDN.US,5,20211109,191500,6.48,6.48,6.48,6.48,363,0
EDN.US,5,20211109,192000,6.5,6.54,6.48,6.54,603,0
EDN.US,5,20211109,192500,6.47,6.47,6.47,6.47,140,0
EDN.US,5,20211109,194500,6.5,6.5,6.5,6.5,121,0
EDN.US,5,20211109,200000,6.5,6.5,6.5,6.5,112,0
EDN.US,5,20211109,201000,6.5,6.5,6.5,6.5,121,0
EDN.US,5,20211109,201500,6.5,6.5,6.5,6.5,105,0
EDN.US,5,20211109,202000,6.5,6.5,6.41,6.41,1643,0
EDN.US,5,20211109,202500,6.425,6.5,6.425,6.5,633,0
EDN.US,5,20211109,205000,6.5,6.5,6.465,6.465,218,0
EDN.US,5,20211109,210000,6.44,6.5,6.435,6.465,608,0
EDN.US,5,20211109,211000,6.47,6.47,6.47,6.47,100,0
EDN.US,5,20211109,211500,6.44,6.44,6.44,6.44,200,0
EDN.US,5,20211109,212000,6.41,6.49,6.41,6.49,1005,0
EDN.US,5,20211109,212500,6.35,6.35,6.35,6.35,100,0
EDN.US,5,20211109,213000,6.32,6.32,6.32,6.32,116,0
EDN.US,5,20211109,213500,6.3714,6.3714,6.28,6.28,853,0
EDN.US,5,20211109,214000,6.32,6.32,6.32,6.32,100,0
EDN.US,5,20211109,214500,6.32,6.33,6.25,6.27,3863,0
EDN.US,5,20211109,215000,6.27,6.27,6.22,6.22,6826,0
EDN.US,5,20211109,215500,6.25,6.27,6.22,6.22,2208,0
EDN.US,5,20211110,154000,6.27,6.27,6.27,6.27,100,0
EDN.US,5,20211110,154500,6.27,6.6,6.27,6.48,2100,0
EDN.US,5,20211110,155000,6.3,6.3,6.3,6.3,100,0
EDN.US,5,20211110,155500,6.3,6.425,6.3,6.425,1100,0
EDN.US,5,20211110,160000,6.45,6.4901,6.28,6.28,2088,0
EDN.US,5,20211110,160500,6.29,6.29,6.29,6.29,100,0
EDN.US,5,20211110,161000,6.29,6.29,6.29,6.29,100,0
EDN.US,5,20211110,161500,6.2702,6.2702,6.2702,6.2702,6000,0
EDN.US,5,20211110,162000,6.29,6.3973,6.28,6.28,500,0
EDN.US,5,20211110,162500,6.25,6.25,6.25,6.25,100,0
EDN.US,5,20211110,163500,6.3,6.3,6.3,6.3,100,0
EDN.US,5,20211110,164000,6.35,6.35,6.31,6.31,200,0
EDN.US,5,20211110,164500,6.3,6.46,6.25,6.44,2150,0
EDN.US,5,20211110,165000,6.4,6.4,6.25,6.25,233,0
EDN.US,5,20211110,170000,6.32,6.32,6.32,6.32,200,0
EDN.US,5,20211110,170500,6.38,6.38,6.38,6.38,200,0
EDN.US,5,20211110,171000,6.325,6.325,6.325,6.325,200,0
EDN.US,5,20211110,172000,6.39,6.39,6.39,6.39,300,0
EDN.US,5,20211110,173500,6.33,6.45,6.32,6.37,5014,0
EDN.US,5,20211110,174000,6.36,6.36,6.36,6.36,200,0
EDN.US,5,20211110,174500,6.4999,6.4999,6.4999,6.4999,100,0
EDN.US,5,20211110,180000,6.4874,6.5,6.4874,6.5,2900,0
EDN.US,5,20211110,182000,6.38,6.4,6.37,6.37,1000,0
EDN.US,5,20211110,182500,6.29,6.29,6.29,6.29,100,0
EDN.US,5,20211110,183500,6.29,6.29,6.29,6.29,100,0
EDN.US,5,20211110,184500,6.3,6.3,6.3,6.3,100,0
EDN.US,5,20211110,185000,6.3,6.3,6.3,6.3,100,0
EDN.US,5,20211110,190000,6.3,6.3,6.3,6.3,100,0
EDN.US,5,20211110,190500,6.386,6.386,6.386,6.386,276,0
EDN.US,5,20211110,192000,6.26,6.26,6.26,6.26,100,0
EDN.US,5,20211110,193000,6.25,6.25,6.25,6.25,100,0
EDN.US,5,20211110,193500,6.25,6.25,6.25,6.25,100,0
EDN.US,5,20211110,194500,6.25,6.3,6.25,6.3,300,0
EDN.US,5,20211110,195000,6.25,6.3499,6.25,6.3499,2500,0
EDN.US,5,20211110,200000,6.27,6.27,6.27,6.27,100,0
EDN.US,5,20211110,201000,6.28,6.28,6.28,6.28,100,0
EDN.US,5,20211110,201500,6.28,6.28,6.28,6.28,100,0
EDN.US,5,20211110,202000,6.3,6.3,6.3,6.3,323,0
EDN.US,5,20211110,202500,6.27,6.31,6.26,6.26,600,0
EDN.US,5,20211110,204000,6.25,6.3,6.25,6.3,200,0
EDN.US,5,20211110,204500,6.3,6.31,6.25,6.25,1169,0
EDN.US,5,20211110,205000,6.2515,6.2515,6.2515,6.2515,250,0
EDN.US,5,20211110,210000,6.25,6.25,6.25,6.25,100,0
EDN.US,5,20211110,210500,6.25,6.25,6.25,6.25,100,0
EDN.US,5,20211110,211000,6.25,6.25,6.25,6.25,100,0
EDN.US,5,20211110,211500,6.25,6.25,6.25,6.25,100,0
EDN.US,5,20211110,212000,6.2999,6.2999,6.25,6.25,300,0
EDN.US,5,20211110,212500,6.29,6.29,6.275,6.275,300,0
EDN.US,5,20211110,213500,6.25,6.25,6.21,6.21,2200,0
EDN.US,5,20211110,214000,6.21,6.21,6.18,6.18,1300,0
EDN.US,5,20211110,214500,6.1992,6.1992,6.18,6.18,597,0
EDN.US,5,20211110,215000,6.18,6.2,6.18,6.18,300,0
EDN.US,5,20211110,215500,6.18,6.2,6.18,6.19,2225,0
EDN.US,5,20211111,153000,6.22,6.29,6.22,6.29,610,0
EDN.US,5,20211111,153500,6.26,6.3624,6.22,6.25,850,0
EDN.US,5,20211111,154000,6.26,6.26,6.26,6.26,200,0
EDN.US,5,20211111,154500,6.26,6.26,6.25,6.25,300,0
EDN.US,5,20211111,155000,6.25,6.25,6.25,6.25,100,0
EDN.US,5,20211111,155500,6.25,6.25,6.25,6.25,1200,0
EDN.US,5,20211111,160000,6.21,6.21,6.21,6.21,500,0
EDN.US,5,20211111,160500,6.21,6.21,6.21,6.21,200,0
EDN.US,5,20211111,161000,6.21,6.21,6.21,6.21,100,0
EDN.US,5,20211111,161500,6.21,6.21,6.21,6.21,100,0
EDN.US,5,20211111,162000,6.21,6.21,6.18,6.18,200,0
EDN.US,5,20211111,163000,6.18,6.18,6.18,6.18,100,0
EDN.US,5,20211111,163500,6.275,6.3681,6.18,6.3681,8300,0
EDN.US,5,20211111,164000,6.18,6.18,6.18,6.18,500,0
EDN.US,5,20211111,164500,6.19,6.19,6.19,6.19,100,0
EDN.US,5,20211111,165000,6.19,6.19,6.19,6.19,100,0
EDN.US,5,20211111,170000,6.18,6.199,6.18,6.18,10764,0
EDN.US,5,20211111,170500,6.18,6.18,6.18,6.18,260,0
EDN.US,5,20211111,171000,6.18,6.18,6.18,6.18,5550,0
EDN.US,5,20211111,172000,6.18,6.18,6.18,6.18,100,0
EDN.US,5,20211111,172500,6.18,6.18,6.18,6.18,100,0
EDN.US,5,20211111,173000,6.18,6.18,6.18,6.18,100,0
EDN.US,5,20211111,174000,6.18,6.18,6.18,6.18,100,0
EDN.US,5,20211111,174500,6.18,6.18,6.18,6.18,1120,0
EDN.US,5,20211111,175500,6.18,6.18,6.18,6.18,100,0
EDN.US,5,20211111,180500,6.18,6.1807,6.18,6.1807,2223,0
EDN.US,5,20211111,181000,6.18,6.18,6.18,6.18,100,0
EDN.US,5,20211111,182000,6.1,6.1,6.0618,6.0618,425,0
EDN.US,5,20211111,183000,6.03,6.03,6.03,6.03,100,0
EDN.US,5,20211111,183500,6.04,6.04,6.04,6.04,100,0
EDN.US,5,20211111,184500,6.04,6.04,6.04,6.04,100,0
EDN.US,5,20211111,190000,6.06,6.06,6.06,6.06,100,0
EDN.US,5,20211111,190500,6.22,6.22,6.2,6.2,700,0
EDN.US,5,20211111,191000,6.21,6.23,6.21,6.23,900,0
EDN.US,5,20211111,191500,6.145,6.145,6.145,6.145,250,0
EDN.US,5,20211111,192000,6.11,6.145,6.11,6.11,700,0
EDN.US,5,20211111,192500,6.1,6.21,6.1,6.21,2324,0
EDN.US,5,20211111,193500,6.2871,6.2871,6.2871,6.2871,793,0
EDN.US,5,20211111,194500,6.16,6.16,6.16,6.16,100,0
EDN.US,5,20211111,195000,6.16,6.16,6.16,6.16,100,0
EDN.US,5,20211111,200000,6.16,6.16,6.16,6.16,100,0
EDN.US,5,20211111,200500,6.15,6.15,6.15,6.15,100,0
EDN.US,5,20211111,201500,6.15,6.15,6.0763,6.0763,650,0
EDN.US,5,20211111,202000,6.06,6.06,6.06,6.06,100,0
EDN.US,5,20211111,202500,6.06,6.14,6.06,6.14,200,0
EDN.US,5,20211111,203000,6.06,6.06,6.06,6.06,400,0
EDN.US,5,20211111,203500,6.03,6.03,6.03,6.03,100,0
EDN.US,5,20211111,205500,6.2065,6.23,6.19,6.23,2796,0
EDN.US,5,20211111,211000,6.04,6.06,6.04,6.04,600,0
EDN.US,5,20211111,212000,6.03,6.03,6.03,6.03,100,0
EDN.US,5,20211111,212500,6.03,6.03,6.03,6.03,100,0
EDN.US,5,20211111,213000,6.03,6.06,6.03,6.05,400,0
EDN.US,5,20211111,213500,6.05,6.05,6.05,6.05,100,0
EDN.US,5,20211111,214000,6.05,6.05,6.05,6.05,100,0
EDN.US,5,20211111,214500,6.05,6.07,6.05,6.07,200,0
EDN.US,5,20211111,215000,6.05,6.22,6.05,6.06,1503,0
EDN.US,5,20211111,215500,6.05,6.05,5.8,5.8,7156,0
