<TICKER>,<PER>,<DATE>,<TIME>,<OPEN>,<HIGH>,<LOW>,<CLOSE>,<VOL>,<OPENINT>
IPDN.US,5,20210922,154000,1.2595,1.26,1.25,1.26,1600,0
IPDN.US,5,20210922,155500,1.2431,1.2431,1.2431,1.2431,990,0
IPDN.US,5,20210922,160000,1.25,1.25,1.25,1.25,231,0
IPDN.US,5,20210922,163000,1.25,1.25,1.25,1.25,1000,0
IPDN.US,5,20210922,163500,1.24,1.24,1.24,1.24,100,0
IPDN.US,5,20210922,164000,1.25,1.25,1.2493,1.2493,400,0
IPDN.US,5,20210922,165000,1.24,1.24,1.2398,1.24,1700,0
IPDN.US,5,20210922,171500,1.25,1.25,1.2498,1.2498,1610,0
IPDN.US,5,20210922,172000,1.24,1.26,1.24,1.26,484,0
IPDN.US,5,20210922,172500,1.25,1.25,1.25,1.25,100,0
IPDN.US,5,20210922,175500,1.2566,1.2566,1.2566,1.2566,1342,0
IPDN.US,5,20210922,180000,1.2572,1.2572,1.2572,1.2572,800,0
IPDN.US,5,20210922,181000,1.26,1.26,1.26,1.26,100,0
IPDN.US,5,20210922,181500,1.25,1.25,1.25,1.25,1300,0
IPDN.US,5,20210922,183500,1.26,1.35,1.26,1.345,73567,0
IPDN.US,5,20210922,184000,1.34,1.34,1.33,1.335,1128,0
IPDN.US,5,20210922,184500,1.335,1.34,1.3327,1.3327,1700,0
IPDN.US,5,20210922,185000,1.3327,1.3327,1.3327,1.3327,330,0
IPDN.US,5,20210922,185500,1.335,1.3389,1.3201,1.3201,4498,0
IPDN.US,5,20210922,190500,1.33,1.33,1.32,1.32,500,0
IPDN.US,5,20210922,191500,1.3212,1.33,1.3194,1.3194,700,0
IPDN.US,5,20210922,193500,1.33,1.33,1.33,1.33,500,0
IPDN.US,5,20210922,200000,1.33,1.33,1.33,1.33,392,0
IPDN.US,5,20210922,201000,1.33,1.33,1.33,1.33,2487,0
IPDN.US,5,20210922,202500,1.34,1.34,1.34,1.34,7574,0
IPDN.US,5,20210922,205500,1.33,1.34,1.33,1.33,1505,0
IPDN.US,5,20210922,210000,1.3201,1.3201,1.3201,1.3201,2000,0
IPDN.US,5,20210922,210500,1.3201,1.325,1.3201,1.325,600,0
IPDN.US,5,20210922,211000,1.325,1.325,1.32,1.3208,1200,0
IPDN.US,5,20210922,213500,1.33,1.33,1.33,1.33,150,0
IPDN.US,5,20210922,215000,1.32,1.32,1.32,1.32,550,0
IPDN.US,5,20210922,215500,1.32,1.33,1.32,1.32,1828,0
IPDN.US,5,20210923,153000,1.31,1.31,1.31,1.31,249,0
IPDN.US,5,20210923,154500,1.3022,1.3022,1.3022,1.3022,121,0
IPDN.US,5,20210923,160000,1.3,1.31,1.3,1.31,1593,0
IPDN.US,5,20210923,160500,1.32,1.32,1.32,1.32,217,0
IPDN.US,5,20210923,163000,1.305,1.31,1.3005,1.302,500,0
IPDN.US,5,20210923,163500,1.335,1.3395,1.3,1.308,1500,0
IPDN.US,5,20210923,170500,1.3051,1.3051,1.3051,1.3051,133,0
IPDN.US,5,20210923,174500,1.3,1.3027,1.3,1.3,500,0
IPDN.US,5,20210923,192500,1.3378,1.3378,1.32,1.32,1953,0
IPDN.US,5,20210923,193000,1.32,1.34,1.32,1.34,2343,0
IPDN.US,5,20210923,195000,1.34,1.34,1.34,1.34,400,0
IPDN.US,5,20210923,201500,1.34,1.34,1.34,1.34,100,0
IPDN.US,5,20210923,205000,1.34,1.34,1.34,1.34,1000,0
IPDN.US,5,20210923,205500,1.3301,1.3301,1.3301,1.3301,100,0
IPDN.US,5,20210923,210500,1.34,1.34,1.3321,1.3321,300,0
IPDN.US,5,20210923,215500,1.35,1.35,1.35,1.35,305,0
IPDN.US,5,20210924,153000,1.35,1.37,1.35,1.36,2064,0
IPDN.US,5,20210924,153500,1.35,1.35,1.35,1.35,885,0
IPDN.US,5,20210924,154500,1.35,1.37,1.35,1.37,403,0
IPDN.US,5,20210924,155000,1.35,1.3507,1.35,1.3507,2500,0
IPDN.US,5,20210924,155500,1.3507,1.36,1.3507,1.36,1300,0
IPDN.US,5,20210924,160000,1.36,1.36,1.3537,1.3537,1403,0
IPDN.US,5,20210924,160500,1.3524,1.3699,1.3524,1.3699,1608,0
IPDN.US,5,20210924,162000,1.35,1.35,1.34,1.34,4116,0
IPDN.US,5,20210924,163000,1.34,1.3499,1.3398,1.3499,2613,0
IPDN.US,5,20210924,163500,1.3499,1.3499,1.34,1.34,8000,0
IPDN.US,5,20210924,164000,1.35,1.36,1.35,1.36,900,0
IPDN.US,5,20210924,165500,1.345,1.345,1.345,1.345,122,0
IPDN.US,5,20210924,171000,1.35,1.35,1.345,1.345,775,0
IPDN.US,5,20210924,172000,1.35,1.35,1.35,1.35,864,0
IPDN.US,5,20210924,173500,1.34,1.35,1.34,1.35,10000,0
IPDN.US,5,20210924,174000,1.3499,1.3499,1.3499,1.3499,2500,0
IPDN.US,5,20210924,175000,1.35,1.35,1.35,1.35,277,0
IPDN.US,5,20210924,175500,1.36,1.36,1.36,1.36,446,0
IPDN.US,5,20210924,180500,1.35,1.35,1.35,1.35,100,0
IPDN.US,5,20210924,181000,1.3593,1.3593,1.3591,1.3591,2500,0
IPDN.US,5,20210924,182000,1.355,1.355,1.355,1.355,100,0
IPDN.US,5,20210924,182500,1.36,1.36,1.36,1.36,100,0
IPDN.US,5,20210924,183000,1.3599,1.3599,1.3599,1.3599,100,0
IPDN.US,5,20210924,184000,1.36,1.37,1.36,1.37,3939,0
IPDN.US,5,20210924,184500,1.37,1.37,1.3695,1.3695,8858,0
IPDN.US,5,20210924,185000,1.3889,1.43,1.38,1.43,30572,0
IPDN.US,5,20210924,185500,1.4283,1.43,1.4097,1.4285,22551,0
IPDN.US,5,20210924,190000,1.4224,1.4399,1.4201,1.425,2518,0
IPDN.US,5,20210924,190500,1.421,1.43,1.421,1.43,4337,0
IPDN.US,5,20210924,191000,1.425,1.45,1.42,1.44,6293,0
IPDN.US,5,20210924,192000,1.43,1.44,1.43,1.44,1488,0
IPDN.US,5,20210924,193000,1.4378,1.4378,1.4378,1.4378,100,0
IPDN.US,5,20210924,194000,1.4381,1.4381,1.42,1.42,1400,0
IPDN.US,5,20210924,194500,1.43,1.44,1.43,1.44,4500,0
IPDN.US,5,20210924,195000,1.4378,1.44,1.4378,1.4399,7266,0
IPDN.US,5,20210924,195500,1.43,1.43,1.43,1.43,1384,0
IPDN.US,5,20210924,200000,1.4216,1.43,1.4216,1.43,737,0
IPDN.US,5,20210924,200500,1.43,1.43,1.43,1.43,279,0
IPDN.US,5,20210924,201000,1.43,1.44,1.4201,1.44,4900,0
IPDN.US,5,20210924,201500,1.43,1.44,1.43,1.44,700,0
IPDN.US,5,20210924,203000,1.42,1.42,1.4,1.4,22606,0
IPDN.US,5,20210924,204000,1.4205,1.4205,1.4205,1.4205,411,0
IPDN.US,5,20210924,205500,1.429,1.44,1.42,1.44,13886,0
IPDN.US,5,20210924,210500,1.43,1.43,1.4299,1.4299,600,0
IPDN.US,5,20210924,211000,1.4101,1.4279,1.4101,1.4279,399,0
IPDN.US,5,20210924,211500,1.42,1.42,1.42,1.42,454,0
IPDN.US,5,20210924,212500,1.4286,1.4286,1.4286,1.4286,500,0
IPDN.US,5,20210924,213000,1.425,1.4295,1.42,1.4295,2495,0
IPDN.US,5,20210924,213500,1.425,1.425,1.415,1.415,16408,0
IPDN.US,5,20210924,214000,1.415,1.42,1.415,1.42,885,0
IPDN.US,5,20210924,214500,1.42,1.42,1.42,1.42,200,0
IPDN.US,5,20210924,215000,1.4131,1.415,1.4048,1.411,3383,0
IPDN.US,5,20210924,215500,1.415,1.42,1.41,1.42,1377,0
IPDN.US,5,20210927,153000,1.4,1.4,1.38,1.38,10800,0
IPDN.US,5,20210927,154500,1.4177,1.4177,1.4177,1.4177,700,0
IPDN.US,5,20210927,155000,1.42,1.43,1.39,1.39,4100,0
IPDN.US,5,20210927,160500,1.4064,1.4064,1.4064,1.4064,100,0
IPDN.US,5,20210927,161500,1.42,1.43,1.4199,1.43,7422,0
IPDN.US,5,20210927,162000,1.43,1.43,1.42,1.42,800,0
IPDN.US,5,20210927,163000,1.41,1.41,1.41,1.41,3172,0
IPDN.US,5,20210927,163500,1.4015,1.4015,1.4015,1.4015,200,0
IPDN.US,5,20210927,164000,1.4099,1.4099,1.4099,1.4099,4000,0
IPDN.US,5,20210927,171000,1.41,1.41,1.4097,1.4097,400,0
IPDN.US,5,20210927,173000,1.42,1.42,1.42,1.42,1000,0
IPDN.US,5,20210927,174000,1.41,1.41,1.41,1.41,100,0
IPDN.US,5,20210927,180000,1.42,1.42,1.42,1.42,1500,0
IPDN.US,5,20210927,180500,1.42,1.42,1.42,1.42,20801,0
IPDN.US,5,20210927,181000,1.425,1.425,1.42,1.4236,1337,0
IPDN.US,5,20210927,182000,1.43,1.43,1.42,1.42,617,0
IPDN.US,5,20210927,182500,1.42,1.43,1.42,1.43,541,0
IPDN.US,5,20210927,183000,1.42,1.42,1.42,1.42,1658,0
IPDN.US,5,20210927,183500,1.42,1.42,1.42,1.42,100,0
IPDN.US,5,20210927,184000,1.42,1.4202,1.4109,1.4109,495,0
IPDN.US,5,20210927,184500,1.4103,1.4105,1.4103,1.4105,6016,0
IPDN.US,5,20210927,185000,1.4104,1.4146,1.4104,1.4146,3312,0
IPDN.US,5,20210927,191000,1.41,1.42,1.4,1.42,27261,0
IPDN.US,5,20210927,191500,1.42,1.42,1.42,1.42,200,0
IPDN.US,5,20210927,192500,1.42,1.42,1.42,1.42,200,0
IPDN.US,5,20210927,193000,1.4188,1.4188,1.4188,1.4188,355,0
IPDN.US,5,20210927,204500,1.4152,1.4183,1.4152,1.4183,455,0
IPDN.US,5,20210927,205500,1.41,1.41,1.41,1.41,300,0
IPDN.US,5,20210927,210000,1.41,1.41,1.4,1.4,6716,0
IPDN.US,5,20210927,210500,1.4,1.4,1.4,1.4,1000,0
IPDN.US,5,20210927,212000,1.4001,1.4001,1.4001,1.4001,100,0
IPDN.US,5,20210927,212500,1.419,1.419,1.4,1.4,928,0
IPDN.US,5,20210927,213000,1.4049,1.4199,1.4049,1.41,6185,0
IPDN.US,5,20210927,213500,1.42,1.44,1.41,1.44,12342,0
IPDN.US,5,20210927,214000,1.4399,1.4399,1.435,1.435,1700,0
IPDN.US,5,20210927,214500,1.43,1.43,1.42,1.42,3591,0
IPDN.US,5,20210927,215500,1.42,1.42,1.42,1.42,649,0
IPDN.US,5,20210928,153000,1.4,1.4,1.3988,1.3988,2223,0
IPDN.US,5,20210928,153500,1.39,1.39,1.39,1.39,272,0
IPDN.US,5,20210928,154000,1.3909,1.3909,1.39,1.39,600,0
IPDN.US,5,20210928,154500,1.4,1.4,1.4,1.4,200,0
IPDN.US,5,20210928,155500,1.385,1.39,1.3837,1.3837,1039,0
IPDN.US,5,20210928,160000,1.3801,1.39,1.37,1.37,2069,0
IPDN.US,5,20210928,160500,1.37,1.37,1.36,1.36,900,0
IPDN.US,5,20210928,161000,1.37,1.37,1.37,1.37,6000,0
IPDN.US,5,20210928,162000,1.3793,1.3793,1.37,1.37,2327,0
IPDN.US,5,20210928,162500,1.375,1.375,1.375,1.375,300,0
IPDN.US,5,20210928,163000,1.3715,1.39,1.3715,1.39,3755,0
IPDN.US,5,20210928,170500,1.38,1.38,1.3718,1.375,1882,0
IPDN.US,5,20210928,171500,1.36,1.36,1.3501,1.36,1025,0
IPDN.US,5,20210928,172000,1.36,1.36,1.36,1.36,1400,0
IPDN.US,5,20210928,173000,1.35,1.35,1.35,1.35,12050,0
IPDN.US,5,20210928,173500,1.3503,1.3503,1.3405,1.3462,1733,0
IPDN.US,5,20210928,174000,1.34,1.34,1.34,1.34,395,0
IPDN.US,5,20210928,174500,1.34,1.34,1.34,1.34,200,0
IPDN.US,5,20210928,175000,1.3418,1.3418,1.34,1.34,312,0
IPDN.US,5,20210928,181000,1.35,1.35,1.35,1.35,150,0
IPDN.US,5,20210928,181500,1.35,1.35,1.35,1.35,379,0
IPDN.US,5,20210928,183000,1.35,1.36,1.35,1.36,9617,0
IPDN.US,5,20210928,183500,1.3599,1.36,1.3596,1.3596,1000,0
IPDN.US,5,20210928,185000,1.3427,1.35,1.34,1.34,1100,0
IPDN.US,5,20210928,185500,1.346,1.346,1.346,1.346,400,0
IPDN.US,5,20210928,193500,1.3599,1.3599,1.3591,1.3591,2569,0
IPDN.US,5,20210928,194000,1.3591,1.3591,1.3501,1.3501,632,0
IPDN.US,5,20210928,195000,1.37,1.37,1.37,1.37,100,0
IPDN.US,5,20210928,205000,1.3518,1.3518,1.3518,1.3518,300,0
IPDN.US,5,20210928,213500,1.35,1.3506,1.35,1.3506,600,0
IPDN.US,5,20210928,214000,1.36,1.36,1.36,1.36,100,0
IPDN.US,5,20210928,215000,1.355,1.355,1.3502,1.3502,700,0
IPDN.US,5,20210928,215500,1.35,1.36,1.35,1.35,1196,0
IPDN.US,5,20210929,153000,1.38,1.38,1.38,1.38,156,0
IPDN.US,5,20210929,153500,1.36,1.3641,1.35,1.3516,4220,0
IPDN.US,5,20210929,155000,1.3511,1.36,1.3511,1.36,1000,0
IPDN.US,5,20210929,160000,1.3528,1.3528,1.35,1.35,208,0
IPDN.US,5,20210929,160500,1.3501,1.3501,1.3501,1.3501,2095,0
IPDN.US,5,20210929,162000,1.35,1.3505,1.35,1.3505,200,0
IPDN.US,5,20210929,162500,1.35,1.35,1.35,1.35,100,0
IPDN.US,5,20210929,163000,1.36,1.36,1.36,1.36,100,0
IPDN.US,5,20210929,164500,1.36,1.36,1.33,1.35,16674,0
IPDN.US,5,20210929,165000,1.34,1.34,1.34,1.34,400,0
IPDN.US,5,20210929,165500,1.3401,1.3401,1.3401,1.3401,500,0
IPDN.US,5,20210929,170000,1.34,1.34,1.34,1.34,500,0
IPDN.US,5,20210929,171500,1.3499,1.3499,1.3499,1.3499,100,0
IPDN.US,5,20210929,172000,1.34,1.34,1.32,1.32,6238,0
IPDN.US,5,20210929,175000,1.3373,1.3393,1.32,1.32,1400,0
IPDN.US,5,20210929,175500,1.32,1.32,1.31,1.31,1782,0
IPDN.US,5,20210929,180000,1.31,1.32,1.31,1.32,200,0
IPDN.US,5,20210929,180500,1.3213,1.3213,1.3213,1.3213,300,0
IPDN.US,5,20210929,181000,1.33,1.33,1.33,1.33,200,0
IPDN.US,5,20210929,181500,1.325,1.33,1.3203,1.3203,2215,0
IPDN.US,5,20210929,183500,1.32,1.32,1.32,1.32,900,0
IPDN.US,5,20210929,184000,1.315,1.32,1.315,1.32,200,0
IPDN.US,5,20210929,185000,1.315,1.32,1.31,1.3183,927,0
IPDN.US,5,20210929,185500,1.315,1.315,1.315,1.315,4611,0
IPDN.US,5,20210929,190000,1.31,1.3102,1.31,1.3102,750,0
IPDN.US,5,20210929,190500,1.31,1.31,1.3,1.31,7041,0
IPDN.US,5,20210929,191500,1.305,1.305,1.305,1.305,176,0
IPDN.US,5,20210929,192500,1.3012,1.3012,1.3012,1.3012,500,0
IPDN.US,5,20210929,193000,1.3099,1.3099,1.3083,1.3099,1200,0
IPDN.US,5,20210929,193500,1.3087,1.3087,1.3,1.3,1554,0
IPDN.US,5,20210929,194000,1.31,1.31,1.3005,1.3005,1100,0
IPDN.US,5,20210929,194500,1.3014,1.3014,1.3014,1.3014,500,0
IPDN.US,5,20210929,195000,1.2814,1.32,1.2814,1.3171,6500,0
IPDN.US,5,20210929,200000,1.3152,1.32,1.3152,1.32,756,0
IPDN.US,5,20210929,203000,1.3003,1.31,1.3003,1.31,900,0
IPDN.US,5,20210929,203500,1.31,1.31,1.31,1.31,200,0
IPDN.US,5,20210929,204000,1.3,1.32,1.3,1.32,370,0
IPDN.US,5,20210929,204500,1.32,1.32,1.32,1.32,400,0
IPDN.US,5,20210929,205500,1.3116,1.3116,1.3116,1.3116,800,0
IPDN.US,5,20210929,210000,1.3028,1.32,1.3,1.3199,2178,0
IPDN.US,5,20210929,211000,1.3183,1.3183,1.3183,1.3183,600,0
IPDN.US,5,20210929,211500,1.315,1.315,1.3027,1.3027,825,0
IPDN.US,5,20210929,212000,1.32,1.32,1.32,1.32,100,0
IPDN.US,5,20210929,213000,1.2915,1.2915,1.2915,1.2915,1600,0
IPDN.US,5,20210929,213500,1.3,1.3,1.28,1.28,2190,0
IPDN.US,5,20210929,215000,1.28,1.28,1.27,1.27,5047,0
IPDN.US,5,20210929,215500,1.28,1.29,1.26,1.29,2532,0
IPDN.US,5,20210930,153000,1.27,1.29,1.26,1.29,2447,0
IPDN.US,5,20210930,154500,1.27,1.27,1.27,1.27,200,0
IPDN.US,5,20210930,160000,1.265,1.27,1.2627,1.27,700,0
IPDN.US,5,20210930,160500,1.2876,1.2876,1.2876,1.2876,500,0
IPDN.US,5,20210930,161500,1.28,1.28,1.2627,1.27,11300,0
IPDN.US,5,20210930,162500,1.27,1.27,1.27,1.27,540,0
IPDN.US,5,20210930,165000,1.2899,1.2899,1.2701,1.2701,5067,0
IPDN.US,5,20210930,165500,1.28,1.28,1.28,1.28,3300,0
IPDN.US,5,20210930,170000,1.275,1.275,1.275,1.275,100,0
IPDN.US,5,20210930,173500,1.27,1.27,1.2606,1.2606,3600,0
IPDN.US,5,20210930,174000,1.26,1.2601,1.2201,1.2201,6663,0
IPDN.US,5,20210930,174500,1.26,1.26,1.254,1.26,10457,0
IPDN.US,5,20210930,175500,1.26,1.26,1.26,1.26,200,0
IPDN.US,5,20210930,180000,1.2506,1.2559,1.2501,1.2559,1500,0
IPDN.US,5,20210930,181000,1.255,1.28,1.255,1.28,9300,0
IPDN.US,5,20210930,181500,1.2501,1.26,1.2501,1.26,550,0
IPDN.US,5,20210930,182000,1.26,1.26,1.26,1.26,1000,0
IPDN.US,5,20210930,182500,1.2501,1.2501,1.25,1.25,558,0
IPDN.US,5,20210930,184500,1.2615,1.2615,1.2611,1.2611,555,0
IPDN.US,5,20210930,190000,1.2607,1.27,1.2607,1.27,1476,0
IPDN.US,5,20210930,190500,1.2738,1.2738,1.27,1.272,300,0
IPDN.US,5,20210930,191500,1.275,1.29,1.275,1.29,1050,0
IPDN.US,5,20210930,195500,1.2799,1.29,1.2799,1.29,1300,0
IPDN.US,5,20210930,212500,1.2701,1.2701,1.2701,1.2701,500,0
IPDN.US,5,20210930,213000,1.29,1.29,1.29,1.29,100,0
IPDN.US,5,20210930,213500,1.29,1.29,1.29,1.29,200,0
IPDN.US,5,20210930,215000,1.281,1.281,1.2701,1.2701,6545,0
IPDN.US,5,20210930,215500,1.275,1.28,1.26,1.26,4749,0
IPDN.US,5,20211001,153000,1.26,1.2609,1.26,1.2606,4811,0
IPDN.US,5,20211001,153500,1.265,1.265,1.25,1.25,11000,0
IPDN.US,5,20211001,160000,1.27,1.27,1.27,1.27,200,0
IPDN.US,5,20211001,160500,1.26,1.26,1.26,1.26,240,0
IPDN.US,5,20211001,161000,1.2693,1.2693,1.2693,1.2693,3650,0
IPDN.US,5,20211001,161500,1.25,1.2573,1.25,1.25,1400,0
IPDN.US,5,20211001,162000,1.24,1.24,1.24,1.24,4821,0
IPDN.US,5,20211001,163000,1.24,1.24,1.2303,1.2303,400,0
IPDN.US,5,20211001,164000,1.235,1.235,1.235,1.235,1000,0
IPDN.US,5,20211001,164500,1.235,1.2398,1.23,1.2395,600,0
IPDN.US,5,20211001,165000,1.23,1.24,1.23,1.24,500,0
IPDN.US,5,20211001,170000,1.25,1.31,1.24,1.2631,30862,0
IPDN.US,5,20211001,171000,1.29,1.29,1.2784,1.2784,1000,0
IPDN.US,5,20211001,171500,1.2718,1.28,1.2718,1.28,899,0
IPDN.US,5,20211001,172000,1.29,1.29,1.285,1.285,600,0
IPDN.US,5,20211001,172500,1.2701,1.2701,1.2701,1.2701,3000,0
IPDN.US,5,20211001,173500,1.2807,1.2848,1.2807,1.2848,248,0
IPDN.US,5,20211001,174500,1.2855,1.2855,1.2855,1.2855,200,0
IPDN.US,5,20211001,175000,1.29,1.29,1.29,1.29,200,0
IPDN.US,5,20211001,180000,1.2959,1.2959,1.2959,1.2959,1000,0
IPDN.US,5,20211001,180500,1.29,1.29,1.2841,1.2841,3320,0
IPDN.US,5,20211001,181000,1.2801,1.2976,1.2801,1.2976,370,0
IPDN.US,5,20211001,182000,1.28,1.28,1.28,1.28,100,0
IPDN.US,5,20211001,182500,1.28,1.28,1.28,1.28,300,0
IPDN.US,5,20211001,183000,1.29,1.3,1.29,1.3,7824,0
IPDN.US,5,20211001,183500,1.31,1.32,1.31,1.32,4826,0
IPDN.US,5,20211001,184000,1.3023,1.3023,1.3023,1.3023,100,0
IPDN.US,5,20211001,184500,1.3199,1.32,1.3199,1.32,3534,0
IPDN.US,5,20211001,190000,1.3008,1.305,1.3008,1.305,1100,0
IPDN.US,5,20211001,190500,1.305,1.31,1.305,1.3077,1314,0
IPDN.US,5,20211001,191000,1.3191,1.3191,1.3108,1.3108,1100,0
IPDN.US,5,20211001,191500,1.3148,1.319,1.3148,1.319,3660,0
IPDN.US,5,20211001,192000,1.3192,1.3192,1.3192,1.3192,650,0
IPDN.US,5,20211001,192500,1.3198,1.3198,1.3198,1.3198,7000,0
IPDN.US,5,20211001,193000,1.3102,1.3102,1.31,1.31,400,0
IPDN.US,5,20211001,193500,1.3,1.3,1.28,1.2801,2880,0
IPDN.US,5,20211001,195000,1.2987,1.2987,1.2987,1.2987,240,0
IPDN.US,5,20211001,195500,1.2999,1.36,1.2999,1.3587,44584,0
IPDN.US,5,20211001,200000,1.3599,1.3599,1.3301,1.34,15028,0
IPDN.US,5,20211001,200500,1.35,1.38,1.3465,1.37,7182,0
IPDN.US,5,20211001,201000,1.36,1.3696,1.34,1.34,12380,0
IPDN.US,5,20211001,201500,1.34,1.36,1.33,1.33,11984,0
IPDN.US,5,20211001,202000,1.33,1.3302,1.33,1.3302,9793,0
IPDN.US,5,20211001,203000,1.3499,1.35,1.3499,1.35,4650,0
IPDN.US,5,20211001,203500,1.3319,1.3557,1.3319,1.3557,630,0
IPDN.US,5,20211001,204000,1.36,1.36,1.36,1.36,100,0
IPDN.US,5,20211001,204500,1.34,1.34,1.33,1.34,840,0
IPDN.US,5,20211001,205000,1.3348,1.35,1.3348,1.349,3433,0
IPDN.US,5,20211001,205500,1.345,1.35,1.345,1.35,1300,0
IPDN.US,5,20211001,210500,1.345,1.3499,1.345,1.3499,3428,0
IPDN.US,5,20211001,211000,1.34,1.34,1.32,1.33,10803,0
IPDN.US,5,20211001,212500,1.33,1.33,1.33,1.33,100,0
IPDN.US,5,20211001,213000,1.335,1.335,1.335,1.335,100,0
IPDN.US,5,20211001,213500,1.33,1.33,1.33,1.33,1450,0
IPDN.US,5,20211001,214000,1.33,1.33,1.33,1.33,864,0
IPDN.US,5,20211001,214500,1.33,1.35,1.33,1.3328,936,0
IPDN.US,5,20211001,215000,1.34,1.35,1.33,1.34,4217,0
IPDN.US,5,20211001,215500,1.35,1.35,1.34,1.34,1552,0
IPDN.US,5,20211004,153000,1.32,1.32,1.3,1.3,11112,0
IPDN.US,5,20211004,153500,1.29,1.2914,1.281,1.29,7790,0
IPDN.US,5,20211004,154000,1.2922,1.31,1.28,1.28,4330,0
IPDN.US,5,20211004,154500,1.3051,1.3051,1.3051,1.3051,100,0
IPDN.US,5,20211004,155000,1.31,1.31,1.295,1.31,1526,0
IPDN.US,5,20211004,155500,1.291,1.2922,1.291,1.2922,1101,0
IPDN.US,5,20211004,160000,1.3,1.31,1.3,1.31,1440,0
IPDN.US,5,20211004,161000,1.31,1.31,1.3077,1.3077,726,0
IPDN.US,5,20211004,163000,1.31,1.31,1.31,1.31,832,0
IPDN.US,5,20211004,163500,1.3022,1.3022,1.3022,1.3022,100,0
IPDN.US,5,20211004,164000,1.3001,1.3001,1.3001,1.3001,100,0
IPDN.US,5,20211004,165000,1.3184,1.3184,1.3184,1.3184,400,0
IPDN.US,5,20211004,165500,1.3177,1.3185,1.3177,1.3185,644,0
IPDN.US,5,20211004,170000,1.3,1.3,1.3,1.3,650,0
IPDN.US,5,20211004,171000,1.33,1.33,1.33,1.33,100,0
IPDN.US,5,20211004,172000,1.328,1.34,1.328,1.34,1700,0
IPDN.US,5,20211004,172500,1.3001,1.3001,1.3001,1.3001,333,0
IPDN.US,5,20211004,173000,1.33,1.3393,1.33,1.3393,900,0
IPDN.US,5,20211004,173500,1.32,1.32,1.32,1.32,2400,0
IPDN.US,5,20211004,174000,1.3,1.3004,1.3,1.3,2640,0
IPDN.US,5,20211004,174500,1.29,1.3,1.28,1.29,9716,0
IPDN.US,5,20211004,175000,1.29,1.3,1.28,1.3,6838,0
IPDN.US,5,20211004,175500,1.2978,1.33,1.2978,1.32,900,0
IPDN.US,5,20211004,180000,1.32,1.32,1.32,1.32,1100,0
IPDN.US,5,20211004,181500,1.29,1.31,1.29,1.3098,4700,0
IPDN.US,5,20211004,190000,1.3,1.3046,1.3,1.3,903,0
IPDN.US,5,20211004,191000,1.3,1.3,1.3,1.3,598,0
IPDN.US,5,20211004,192500,1.3,1.3,1.3,1.3,413,0
IPDN.US,5,20211004,193000,1.29,1.29,1.29,1.29,607,0
IPDN.US,5,20211004,193500,1.3,1.3,1.3,1.3,3500,0
IPDN.US,5,20211004,194000,1.31,1.31,1.31,1.31,500,0
IPDN.US,5,20211004,194500,1.2999,1.2999,1.295,1.295,688,0
IPDN.US,5,20211004,200000,1.2999,1.2999,1.2999,1.2999,100,0
IPDN.US,5,20211004,201000,1.29,1.29,1.29,1.29,900,0
IPDN.US,5,20211004,201500,1.29,1.29,1.2701,1.2701,14490,0
IPDN.US,5,20211004,204000,1.295,1.295,1.295,1.295,100,0
IPDN.US,5,20211004,205000,1.295,1.31,1.28,1.3,1300,0
IPDN.US,5,20211004,205500,1.28,1.29,1.28,1.282,300,0
IPDN.US,5,20211004,210500,1.2833,1.2833,1.2833,1.2833,150,0
IPDN.US,5,20211004,214000,1.295,1.295,1.28,1.2815,800,0
IPDN.US,5,20211004,215000,1.304,1.304,1.304,1.304,100,0
IPDN.US,5,20211004,215500,1.2843,1.29,1.27,1.27,3151,0
IPDN.US,5,20211005,153000,1.27,1.326,1.27,1.326,1798,0
IPDN.US,5,20211005,154500,1.32,1.32,1.32,1.32,724,0
IPDN.US,5,20211005,155000,1.3,1.301,1.3,1.301,1700,0
IPDN.US,5,20211005,160500,1.3005,1.3084,1.3,1.3084,2079,0
IPDN.US,5,20211005,161500,1.3,1.3,1.27,1.3,2300,0
IPDN.US,5,20211005,162000,1.2999,1.3,1.28,1.28,2050,0
IPDN.US,5,20211005,162500,1.28,1.33,1.28,1.33,19226,0
IPDN.US,5,20211005,163000,1.328,1.328,1.3,1.305,5000,0
IPDN.US,5,20211005,163500,1.2974,1.32,1.2974,1.3,6568,0
IPDN.US,5,20211005,164000,1.28,1.28,1.28,1.28,100,0
IPDN.US,5,20211005,170000,1.3199,1.33,1.2988,1.33,2295,0
IPDN.US,5,20211005,170500,1.2987,1.3083,1.2987,1.3083,3200,0
IPDN.US,5,20211005,171000,1.3,1.305,1.3,1.305,300,0
IPDN.US,5,20211005,171500,1.2966,1.2966,1.29,1.29,2500,0
IPDN.US,5,20211005,172000,1.2871,1.2871,1.2871,1.2871,100,0
IPDN.US,5,20211005,173000,1.29,1.32,1.27,1.2712,9998,0
IPDN.US,5,20211005,175000,1.285,1.285,1.285,1.285,100,0
IPDN.US,5,20211005,180000,1.2846,1.2846,1.2846,1.2846,100,0
IPDN.US,5,20211005,180500,1.27,1.27,1.27,1.27,5890,0
IPDN.US,5,20211005,182500,1.27,1.27,1.27,1.27,800,0
IPDN.US,5,20211005,183000,1.2705,1.2705,1.27,1.27,3952,0
IPDN.US,5,20211005,184500,1.27,1.27,1.27,1.27,100,0
IPDN.US,5,20211005,190000,1.28,1.28,1.28,1.28,100,0
IPDN.US,5,20211005,191000,1.28,1.28,1.28,1.28,300,0
IPDN.US,5,20211005,191500,1.2717,1.36,1.2717,1.36,38040,0
IPDN.US,5,20211005,192000,1.36,1.3899,1.36,1.38,20015,0
IPDN.US,5,20211005,192500,1.37,1.38,1.37,1.3799,3126,0
IPDN.US,5,20211005,193500,1.35,1.37,1.35,1.36,1325,0
IPDN.US,5,20211005,194500,1.37,1.37,1.37,1.37,2156,0
IPDN.US,5,20211005,195000,1.375,1.375,1.35,1.35,6805,0
IPDN.US,5,20211005,201000,1.35,1.35,1.35,1.35,1000,0
IPDN.US,5,20211005,202000,1.35,1.35,1.35,1.35,1697,0
IPDN.US,5,20211005,204500,1.3501,1.3501,1.3501,1.3501,948,0
IPDN.US,5,20211005,205000,1.37,1.37,1.37,1.37,1100,0
IPDN.US,5,20211005,210000,1.365,1.365,1.3508,1.36,2470,0
IPDN.US,5,20211005,210500,1.3501,1.3501,1.3501,1.3501,200,0
IPDN.US,5,20211005,211000,1.36,1.38,1.36,1.38,11617,0
IPDN.US,5,20211005,211500,1.36,1.38,1.36,1.38,12162,0
IPDN.US,5,20211005,212000,1.38,1.39,1.38,1.39,8223,0
IPDN.US,5,20211005,212500,1.37,1.37,1.3601,1.3601,1100,0
IPDN.US,5,20211005,213000,1.39,1.39,1.38,1.38,6300,0
IPDN.US,5,20211005,213500,1.38,1.38,1.38,1.38,2000,0
IPDN.US,5,20211005,214500,1.3735,1.3842,1.3735,1.3842,1100,0
IPDN.US,5,20211005,215000,1.39,1.39,1.3711,1.3877,900,0
IPDN.US,5,20211005,215500,1.38,1.38,1.36,1.38,14224,0
IPDN.US,5,20211006,153000,1.49,1.49,1.431,1.49,94239,0
IPDN.US,5,20211006,153500,1.4899,1.58,1.48,1.58,263966,0
IPDN.US,5,20211006,154000,1.5727,1.65,1.55,1.62,759494,0
IPDN.US,5,20211006,154500,1.62,1.62,1.54,1.55,433819,0
IPDN.US,5,20211006,155000,1.54,1.5584,1.47,1.48,276306,0
IPDN.US,5,20211006,155500,1.48,1.51,1.46,1.4901,148762,0
IPDN.US,5,20211006,160000,1.5,1.51,1.46,1.4891,129500,0
IPDN.US,5,20211006,160500,1.48,1.48,1.44,1.4575,75934,0
IPDN.US,5,20211006,161000,1.45,1.46,1.44,1.46,58187,0
IPDN.US,5,20211006,161500,1.455,1.4605,1.43,1.4406,46085,0
IPDN.US,5,20211006,162000,1.44,1.465,1.44,1.4553,23355,0
IPDN.US,5,20211006,162500,1.45,1.47,1.45,1.465,22976,0
IPDN.US,5,20211006,163000,1.4681,1.48,1.45,1.45,33853,0
IPDN.US,5,20211006,163500,1.46,1.46,1.44,1.44,10222,0
IPDN.US,5,20211006,164000,1.4401,1.46,1.4401,1.45,19567,0
IPDN.US,5,20211006,164500,1.45,1.45,1.4416,1.45,5568,0
IPDN.US,5,20211006,165000,1.44,1.46,1.44,1.46,17972,0
IPDN.US,5,20211006,165500,1.45,1.455,1.4,1.41,114819,0
IPDN.US,5,20211006,170000,1.41,1.42,1.4,1.41,44224,0
IPDN.US,5,20211006,170500,1.4009,1.41,1.39,1.4001,28420,0
IPDN.US,5,20211006,171000,1.405,1.41,1.36,1.3744,89253,0
IPDN.US,5,20211006,171500,1.375,1.38,1.36,1.3704,101928,0
IPDN.US,5,20211006,172000,1.375,1.38,1.37,1.37,6628,0
IPDN.US,5,20211006,172500,1.37,1.385,1.365,1.37,45652,0
IPDN.US,5,20211006,173000,1.38,1.44,1.3797,1.4084,168417,0
IPDN.US,5,20211006,173500,1.4075,1.4099,1.4,1.4099,8820,0
IPDN.US,5,20211006,174000,1.41,1.42,1.41,1.41,6950,0
IPDN.US,5,20211006,174500,1.42,1.42,1.42,1.42,4745,0
IPDN.US,5,20211006,175000,1.42,1.44,1.42,1.43,20036,0
IPDN.US,5,20211006,175500,1.43,1.43,1.415,1.4262,1300,0
IPDN.US,5,20211006,180000,1.43,1.43,1.4164,1.42,4600,0
IPDN.US,5,20211006,180500,1.4208,1.425,1.42,1.42,5000,0
IPDN.US,5,20211006,181000,1.4104,1.415,1.41,1.415,4800,0
IPDN.US,5,20211006,181500,1.41,1.428,1.41,1.42,4999,0
IPDN.US,5,20211006,182000,1.4189,1.4189,1.4,1.41,2856,0
IPDN.US,5,20211006,182500,1.42,1.42,1.4101,1.415,6855,0
IPDN.US,5,20211006,183000,1.4092,1.4092,1.39,1.396,13223,0
IPDN.US,5,20211006,183500,1.4,1.4,1.39,1.39,1977,0
IPDN.US,5,20211006,184500,1.3999,1.4099,1.39,1.401,4633,0
IPDN.US,5,20211006,185000,1.4,1.4,1.39,1.39,6399,0
IPDN.US,5,20211006,185500,1.3901,1.3901,1.3901,1.3901,145,0
IPDN.US,5,20211006,190000,1.39,1.39,1.39,1.39,600,0
IPDN.US,5,20211006,190500,1.4,1.41,1.4,1.41,900,0
IPDN.US,5,20211006,191000,1.3923,1.41,1.3923,1.405,2300,0
IPDN.US,5,20211006,191500,1.4,1.4086,1.4,1.4086,1255,0
IPDN.US,5,20211006,192000,1.405,1.41,1.405,1.41,300,0
IPDN.US,5,20211006,192500,1.4001,1.405,1.39,1.39,2390,0
IPDN.US,5,20211006,193000,1.4,1.405,1.4,1.405,4306,0
IPDN.US,5,20211006,193500,1.41,1.44,1.41,1.435,15581,0
IPDN.US,5,20211006,194000,1.4385,1.44,1.43,1.4354,33481,0
IPDN.US,5,20211006,194500,1.4301,1.435,1.43,1.43,3300,0
IPDN.US,5,20211006,195000,1.4301,1.445,1.43,1.43,9610,0
IPDN.US,5,20211006,195500,1.43,1.43,1.41,1.41,16151,0
IPDN.US,5,20211006,200000,1.415,1.42,1.415,1.42,5282,0
IPDN.US,5,20211006,200500,1.42,1.42,1.41,1.4196,7240,0
IPDN.US,5,20211006,201000,1.41,1.43,1.41,1.43,7999,0
IPDN.US,5,20211006,201500,1.4216,1.43,1.4216,1.4293,2124,0
IPDN.US,5,20211006,202000,1.4225,1.4275,1.42,1.4275,1619,0
IPDN.US,5,20211006,203000,1.4283,1.4283,1.42,1.42,643,0
IPDN.US,5,20211006,203500,1.4277,1.4277,1.412,1.4125,3500,0
IPDN.US,5,20211006,204000,1.41,1.4186,1.41,1.4186,1680,0
IPDN.US,5,20211006,204500,1.415,1.42,1.415,1.4183,3514,0
IPDN.US,5,20211006,205000,1.41,1.41,1.41,1.41,7000,0
IPDN.US,5,20211006,210500,1.4101,1.42,1.41,1.415,2716,0
IPDN.US,5,20211006,211000,1.415,1.415,1.415,1.415,400,0
IPDN.US,5,20211006,211500,1.42,1.42,1.3899,1.41,15925,0
IPDN.US,5,20211006,212000,1.41,1.41,1.41,1.41,600,0
IPDN.US,5,20211006,212500,1.41,1.42,1.41,1.4162,7727,0
IPDN.US,5,20211006,213000,1.41,1.42,1.41,1.411,51652,0
IPDN.US,5,20211006,213500,1.415,1.42,1.4,1.405,15032,0
IPDN.US,5,20211006,214000,1.405,1.405,1.4045,1.4045,1500,0
IPDN.US,5,20211006,214500,1.4,1.4087,1.4,1.4017,7889,0
IPDN.US,5,20211006,215000,1.41,1.42,1.4005,1.4199,10097,0
IPDN.US,5,20211006,215500,1.4199,1.42,1.41,1.42,24434,0
IPDN.US,5,20211007,153000,1.37,1.3888,1.37,1.3701,30540,0
IPDN.US,5,20211007,153500,1.37,1.371,1.35,1.3608,46114,0
IPDN.US,5,20211007,154000,1.3607,1.3796,1.36,1.37,13106,0
IPDN.US,5,20211007,154500,1.3716,1.3716,1.35,1.36,49870,0
IPDN.US,5,20211007,155000,1.3592,1.3593,1.35,1.3591,3450,0
IPDN.US,5,20211007,155500,1.36,1.36,1.351,1.351,2128,0
IPDN.US,5,20211007,160000,1.3662,1.3662,1.366,1.366,200,0
IPDN.US,5,20211007,160500,1.37,1.37,1.3609,1.3699,5746,0
IPDN.US,5,20211007,161000,1.3601,1.361,1.3601,1.3601,1506,0
IPDN.US,5,20211007,161500,1.3685,1.3685,1.3601,1.3601,400,0
IPDN.US,5,20211007,162000,1.37,1.37,1.36,1.36,1425,0
IPDN.US,5,20211007,162500,1.3615,1.37,1.3615,1.37,850,0
IPDN.US,5,20211007,163000,1.3779,1.3779,1.3605,1.3605,535,0
IPDN.US,5,20211007,163500,1.364,1.364,1.364,1.364,100,0
IPDN.US,5,20211007,164500,1.375,1.38,1.37,1.38,8919,0
IPDN.US,5,20211007,170000,1.39,1.391,1.39,1.39,1780,0
IPDN.US,5,20211007,170500,1.4,1.4,1.4,1.4,900,0
IPDN.US,5,20211007,172000,1.4,1.43,1.4,1.4146,28824,0
IPDN.US,5,20211007,172500,1.4299,1.43,1.4201,1.43,10900,0
IPDN.US,5,20211007,173000,1.43,1.43,1.43,1.43,700,0
IPDN.US,5,20211007,173500,1.4399,1.45,1.435,1.45,9708,0
IPDN.US,5,20211007,174000,1.4401,1.45,1.44,1.45,10519,0
IPDN.US,5,20211007,174500,1.45,1.45,1.42,1.44,48376,0
IPDN.US,5,20211007,175000,1.44,1.44,1.41,1.41,5086,0
IPDN.US,5,20211007,175500,1.411,1.44,1.41,1.44,7149,0
IPDN.US,5,20211007,180000,1.41,1.41,1.41,1.41,667,0
IPDN.US,5,20211007,181500,1.41,1.42,1.41,1.42,603,0
IPDN.US,5,20211007,182000,1.41,1.41,1.41,1.41,100,0
IPDN.US,5,20211007,182500,1.42,1.42,1.39,1.39,4721,0
IPDN.US,5,20211007,183000,1.39,1.44,1.39,1.44,1198,0
IPDN.US,5,20211007,184000,1.4001,1.5806,1.4001,1.58,287173,0
IPDN.US,5,20211007,184500,1.58,1.58,1.45,1.52,353794,0
IPDN.US,5,20211007,185000,1.53,1.58,1.4982,1.5282,237003,0
IPDN.US,5,20211007,185500,1.52,1.54,1.5182,1.54,31050,0
IPDN.US,5,20211007,190000,1.54,1.55,1.53,1.54,28144,0
IPDN.US,5,20211007,190500,1.5353,1.54,1.53,1.53,1395,0
IPDN.US,5,20211007,191000,1.55,1.55,1.5301,1.5301,495,0
IPDN.US,5,20211007,191500,1.54,1.5499,1.53,1.5301,11449,0
IPDN.US,5,20211007,192000,1.5313,1.54,1.53,1.53,14025,0
IPDN.US,5,20211007,192500,1.535,1.535,1.53,1.53,3200,0
IPDN.US,5,20211007,193000,1.535,1.535,1.51,1.5312,13644,0
IPDN.US,5,20211007,193500,1.534,1.534,1.5301,1.5301,2529,0
IPDN.US,5,20211007,194000,1.55,1.55,1.54,1.5433,14532,0
IPDN.US,5,20211007,194500,1.555,1.5657,1.54,1.54,2650,0
IPDN.US,5,20211007,195000,1.545,1.55,1.54,1.545,1300,0
IPDN.US,5,20211007,195500,1.55,1.55,1.55,1.55,200,0
IPDN.US,5,20211007,200500,1.545,1.545,1.5214,1.5214,4925,0
IPDN.US,5,20211007,201000,1.52,1.5481,1.48,1.5206,87520,0
IPDN.US,5,20211007,201500,1.54,1.54,1.4901,1.52,30981,0
IPDN.US,5,20211007,202000,1.525,1.54,1.51,1.51,5021,0
IPDN.US,5,20211007,202500,1.512,1.531,1.512,1.531,1104,0
IPDN.US,5,20211007,203000,1.53,1.54,1.511,1.54,5684,0
IPDN.US,5,20211007,203500,1.54,1.54,1.54,1.54,310,0
IPDN.US,5,20211007,204000,1.5381,1.5381,1.5214,1.5214,1725,0
IPDN.US,5,20211007,204500,1.5206,1.5206,1.5,1.51,1773,0
IPDN.US,5,20211007,205500,1.51,1.5199,1.5017,1.5162,3214,0
IPDN.US,5,20211007,210000,1.52,1.58,1.52,1.565,92185,0
IPDN.US,5,20211007,210500,1.5602,1.57,1.56,1.5639,5407,0
IPDN.US,5,20211007,211000,1.565,1.57,1.5602,1.5617,1017,0
IPDN.US,5,20211007,211500,1.565,1.59,1.565,1.585,54861,0
IPDN.US,5,20211007,212000,1.5897,1.6,1.58,1.58,44386,0
IPDN.US,5,20211007,212500,1.58,1.67,1.5701,1.62,178463,0
IPDN.US,5,20211007,213000,1.63,1.66,1.617,1.6417,70007,0
IPDN.US,5,20211007,213500,1.635,1.65,1.54,1.57,125272,0
IPDN.US,5,20211007,214000,1.5615,1.6,1.5615,1.5799,15792,0
IPDN.US,5,20211007,214500,1.5787,1.58,1.56,1.5797,15122,0
IPDN.US,5,20211007,215000,1.58,1.58,1.56,1.5799,8644,0
IPDN.US,5,20211007,215500,1.575,1.59,1.55,1.55,45119,0
IPDN.US,5,20211008,153000,1.53,1.55,1.5004,1.515,73406,0
IPDN.US,5,20211008,153500,1.5299,1.5312,1.5138,1.525,1850,0
IPDN.US,5,20211008,154000,1.537,1.537,1.5138,1.525,1350,0
IPDN.US,5,20211008,154500,1.525,1.525,1.51,1.51,1521,0
IPDN.US,5,20211008,155000,1.511,1.52,1.51,1.52,2172,0
IPDN.US,5,20211008,155500,1.51,1.51,1.51,1.51,700,0
IPDN.US,5,20211008,160000,1.525,1.525,1.51,1.51,5200,0
IPDN.US,5,20211008,160500,1.5138,1.5138,1.51,1.51,4800,0
IPDN.US,5,20211008,161000,1.5101,1.5101,1.5101,1.5101,9000,0
IPDN.US,5,20211008,161500,1.51,1.51,1.51,1.51,1000,0
IPDN.US,5,20211008,162000,1.5189,1.5189,1.515,1.515,2400,0
IPDN.US,5,20211008,162500,1.511,1.52,1.511,1.52,600,0
IPDN.US,5,20211008,163000,1.52,1.52,1.51,1.5101,4500,0
IPDN.US,5,20211008,163500,1.52,1.52,1.5155,1.52,2085,0
IPDN.US,5,20211008,164000,1.51,1.52,1.47,1.47,36158,0
IPDN.US,5,20211008,164500,1.48,1.5,1.45,1.5,20343,0
IPDN.US,5,20211008,165000,1.4601,1.5,1.4601,1.473,2794,0
IPDN.US,5,20211008,165500,1.4755,1.4755,1.47,1.47,2200,0
IPDN.US,5,20211008,170000,1.489,1.489,1.4713,1.4713,1849,0
IPDN.US,5,20211008,170500,1.49,1.49,1.48,1.48,17200,0
IPDN.US,5,20211008,171000,1.4862,1.49,1.4862,1.49,916,0
IPDN.US,5,20211008,171500,1.49,1.49,1.49,1.49,350,0
IPDN.US,5,20211008,173000,1.47,1.4876,1.47,1.4876,300,0
IPDN.US,5,20211008,173500,1.47,1.48,1.47,1.48,315,0
IPDN.US,5,20211008,174000,1.4886,1.4886,1.47,1.47,6313,0
IPDN.US,5,20211008,175000,1.48,1.48,1.45,1.46,26628,0
IPDN.US,5,20211008,175500,1.451,1.451,1.43,1.43,28657,0
IPDN.US,5,20211008,180000,1.4489,1.45,1.43,1.43,4100,0
IPDN.US,5,20211008,180500,1.45,1.45,1.4306,1.4306,7300,0
IPDN.US,5,20211008,181000,1.44,1.4486,1.44,1.4486,200,0
IPDN.US,5,20211008,181500,1.4315,1.4478,1.4315,1.4478,1100,0
IPDN.US,5,20211008,182000,1.44,1.44,1.4373,1.4373,1320,0
IPDN.US,5,20211008,182500,1.44,1.44,1.4398,1.4398,4124,0
IPDN.US,5,20211008,183500,1.4399,1.4399,1.4347,1.4347,484,0
IPDN.US,5,20211008,184000,1.44,1.44,1.44,1.44,607,0
IPDN.US,5,20211008,185000,1.435,1.44,1.4301,1.4301,500,0
IPDN.US,5,20211008,190000,1.4308,1.4308,1.4308,1.4308,700,0
IPDN.US,5,20211008,190500,1.439,1.45,1.435,1.4499,15572,0
IPDN.US,5,20211008,191000,1.45,1.469,1.44,1.45,5704,0
IPDN.US,5,20211008,191500,1.4499,1.4499,1.44,1.4499,7505,0
IPDN.US,5,20211008,192000,1.44,1.45,1.44,1.446,4086,0
IPDN.US,5,20211008,193500,1.45,1.45,1.44,1.44,200,0
IPDN.US,5,20211008,194500,1.4413,1.4413,1.4413,1.4413,500,0
IPDN.US,5,20211008,195000,1.4518,1.4518,1.45,1.45,1100,0
IPDN.US,5,20211008,200000,1.44,1.44,1.44,1.44,153,0
IPDN.US,5,20211008,200500,1.45,1.45,1.45,1.45,400,0
IPDN.US,5,20211008,201000,1.45,1.45,1.45,1.45,300,0
IPDN.US,5,20211008,201500,1.445,1.445,1.445,1.445,1374,0
IPDN.US,5,20211008,202000,1.4404,1.4404,1.4404,1.4404,308,0
IPDN.US,5,20211008,203000,1.445,1.47,1.445,1.46,5334,0
IPDN.US,5,20211008,203500,1.4693,1.4693,1.4501,1.4501,3200,0
IPDN.US,5,20211008,204000,1.4525,1.455,1.4525,1.455,300,0
IPDN.US,5,20211008,204500,1.45,1.45,1.43,1.43,1145,0
IPDN.US,5,20211008,205000,1.45,1.45,1.41,1.41,18413,0
IPDN.US,5,20211008,205500,1.42,1.42,1.42,1.42,300,0
IPDN.US,5,20211008,210500,1.425,1.43,1.425,1.4289,3600,0
IPDN.US,5,20211008,211000,1.44,1.44,1.44,1.44,1200,0
IPDN.US,5,20211008,211500,1.4307,1.4307,1.43,1.43,9175,0
IPDN.US,5,20211008,212000,1.44,1.44,1.44,1.44,1000,0
IPDN.US,5,20211008,212500,1.449,1.45,1.44,1.4442,8600,0
IPDN.US,5,20211008,213000,1.4484,1.45,1.4484,1.45,900,0
IPDN.US,5,20211008,213500,1.449,1.449,1.43,1.44,6650,0
IPDN.US,5,20211008,214000,1.44,1.44,1.434,1.44,641,0
IPDN.US,5,20211008,214500,1.4496,1.4496,1.44,1.44,1403,0
IPDN.US,5,20211008,215000,1.43,1.4301,1.43,1.4301,297,0
IPDN.US,5,20211008,215500,1.43,1.45,1.43,1.43,28275,0
IPDN.US,5,20211011,153000,1.44,1.45,1.431,1.431,2996,0
IPDN.US,5,20211011,154000,1.431,1.431,1.431,1.431,120,0
IPDN.US,5,20211011,155000,1.43,1.4387,1.41,1.4387,3924,0
IPDN.US,5,20211011,155500,1.425,1.425,1.42,1.42,1500,0
IPDN.US,5,20211011,160500,1.42,1.42,1.42,1.42,249,0
IPDN.US,5,20211011,161000,1.42,1.42,1.4,1.4023,3790,0
IPDN.US,5,20211011,161500,1.41,1.41,1.401,1.4027,400,0
IPDN.US,5,20211011,162000,1.4,1.4,1.4,1.4,268,0
IPDN.US,5,20211011,162500,1.405,1.405,1.4,1.4,1494,0
IPDN.US,5,20211011,163000,1.4039,1.4099,1.4039,1.4099,3394,0
IPDN.US,5,20211011,163500,1.4098,1.4098,1.4098,1.4098,500,0
IPDN.US,5,20211011,164000,1.41,1.43,1.41,1.43,300,0
IPDN.US,5,20211011,164500,1.41,1.41,1.41,1.41,200,0
IPDN.US,5,20211011,165000,1.41,1.43,1.41,1.418,800,0
IPDN.US,5,20211011,165500,1.41,1.41,1.41,1.41,345,0
IPDN.US,5,20211011,170500,1.4104,1.4104,1.4104,1.4104,2500,0
IPDN.US,5,20211011,172000,1.415,1.415,1.41,1.41,600,0
IPDN.US,5,20211011,172500,1.4101,1.4101,1.4101,1.4101,100,0
IPDN.US,5,20211011,173000,1.4199,1.42,1.4199,1.4199,9839,0
IPDN.US,5,20211011,173500,1.4122,1.4122,1.4122,1.4122,300,0
IPDN.US,5,20211011,174000,1.43,1.43,1.42,1.42,255,0
IPDN.US,5,20211011,174500,1.4299,1.4299,1.425,1.425,200,0
IPDN.US,5,20211011,175000,1.4285,1.4285,1.42,1.42,3778,0
IPDN.US,5,20211011,180000,1.43,1.43,1.4273,1.43,1059,0
IPDN.US,5,20211011,180500,1.4295,1.4295,1.4295,1.4295,100,0
IPDN.US,5,20211011,181000,1.4214,1.425,1.4214,1.425,640,0
IPDN.US,5,20211011,181500,1.42,1.42,1.42,1.42,1386,0
IPDN.US,5,20211011,182000,1.415,1.42,1.415,1.415,3250,0
IPDN.US,5,20211011,182500,1.4193,1.4193,1.4193,1.4193,100,0
IPDN.US,5,20211011,183000,1.4117,1.4117,1.4117,1.4117,100,0
IPDN.US,5,20211011,183500,1.4194,1.4194,1.4194,1.4194,300,0
IPDN.US,5,20211011,184000,1.4199,1.4199,1.4199,1.4199,100,0
IPDN.US,5,20211011,190500,1.41,1.41,1.4038,1.41,756,0
IPDN.US,5,20211011,194000,1.4,1.4,1.4,1.4,2220,0
IPDN.US,5,20211011,194500,1.41,1.41,1.41,1.41,10200,0
IPDN.US,5,20211011,195000,1.42,1.42,1.42,1.42,1500,0
IPDN.US,5,20211011,201500,1.42,1.42,1.42,1.42,936,0
IPDN.US,5,20211011,202500,1.4,1.4,1.4,1.4,155,0
IPDN.US,5,20211011,204000,1.4,1.4,1.4,1.4,1706,0
IPDN.US,5,20211011,205000,1.4199,1.4199,1.4199,1.4199,100,0
IPDN.US,5,20211011,210000,1.4097,1.415,1.4097,1.41,7947,0
IPDN.US,5,20211011,211000,1.41,1.41,1.41,1.41,5000,0
IPDN.US,5,20211011,211500,1.43,1.43,1.41,1.4138,1400,0
IPDN.US,5,20211011,212500,1.4114,1.4114,1.4114,1.4114,300,0
IPDN.US,5,20211011,213500,1.42,1.42,1.42,1.42,178,0
IPDN.US,5,20211011,214000,1.42,1.42,1.42,1.42,300,0
IPDN.US,5,20211011,214500,1.42,1.42,1.42,1.42,1374,0
IPDN.US,5,20211011,215500,1.41,1.43,1.4,1.43,9489,0
IPDN.US,5,20211012,153000,1.41,1.4299,1.41,1.41,10042,0
IPDN.US,5,20211012,153500,1.42,1.52,1.42,1.52,584519,0
IPDN.US,5,20211012,154000,1.52,1.52,1.48,1.4888,127216,0
IPDN.US,5,20211012,154500,1.48,1.49,1.45,1.49,60332,0
IPDN.US,5,20211012,155000,1.455,1.48,1.4505,1.47,4702,0
IPDN.US,5,20211012,155500,1.4601,1.48,1.46,1.47,15679,0
IPDN.US,5,20211012,160000,1.4701,1.48,1.47,1.47,4421,0
IPDN.US,5,20211012,160500,1.48,1.48,1.4601,1.4664,3906,0
IPDN.US,5,20211012,161000,1.479,1.49,1.465,1.48,32153,0
IPDN.US,5,20211012,161500,1.48,1.52,1.47,1.52,68768,0
IPDN.US,5,20211012,162000,1.52,1.52,1.48,1.4983,4355,0
IPDN.US,5,20211012,162500,1.4984,1.4984,1.46,1.481,7012,0
IPDN.US,5,20211012,163000,1.48,1.5099,1.47,1.48,16636,0
IPDN.US,5,20211012,163500,1.4969,1.52,1.48,1.49,8610,0
IPDN.US,5,20211012,164000,1.4987,1.4987,1.4986,1.4986,632,0
IPDN.US,5,20211012,164500,1.49,1.4999,1.49,1.49,4032,0
IPDN.US,5,20211012,165000,1.48,1.52,1.48,1.5,14658,0
IPDN.US,5,20211012,165500,1.51,1.51,1.51,1.51,1006,0
IPDN.US,5,20211012,170000,1.51,1.52,1.48,1.495,14932,0
IPDN.US,5,20211012,170500,1.51,1.51,1.48,1.48,32313,0
IPDN.US,5,20211012,171000,1.5058,1.5058,1.5058,1.5058,4367,0
IPDN.US,5,20211012,171500,1.48,1.4995,1.48,1.4995,2888,0
IPDN.US,5,20211012,172500,1.48,1.49,1.4717,1.49,4399,0
IPDN.US,5,20211012,173000,1.4899,1.4899,1.4899,1.4899,2500,0
IPDN.US,5,20211012,173500,1.4732,1.48,1.4711,1.4791,2765,0
IPDN.US,5,20211012,174000,1.48,1.48,1.48,1.48,100,0
IPDN.US,5,20211012,175000,1.4716,1.475,1.47,1.47,6763,0
IPDN.US,5,20211012,175500,1.4745,1.48,1.47,1.47,11992,0
IPDN.US,5,20211012,180000,1.4738,1.4799,1.4738,1.475,7457,0
IPDN.US,5,20211012,180500,1.47,1.47,1.47,1.47,500,0
IPDN.US,5,20211012,181500,1.47,1.47,1.47,1.47,100,0
IPDN.US,5,20211012,182500,1.4602,1.4797,1.4601,1.47,14227,0
IPDN.US,5,20211012,183000,1.4699,1.4699,1.4699,1.4699,4000,0
IPDN.US,5,20211012,183500,1.47,1.49,1.47,1.49,2200,0
IPDN.US,5,20211012,184000,1.475,1.475,1.46,1.46,3710,0
IPDN.US,5,20211012,184500,1.475,1.475,1.475,1.475,1000,0
IPDN.US,5,20211012,185000,1.48,1.4869,1.48,1.4869,761,0
IPDN.US,5,20211012,191500,1.4799,1.4799,1.4791,1.4791,922,0
IPDN.US,5,20211012,192000,1.47,1.47,1.46,1.47,6005,0
IPDN.US,5,20211012,193000,1.48,1.49,1.47,1.4893,4592,0
IPDN.US,5,20211012,193500,1.4601,1.47,1.46,1.47,7695,0
IPDN.US,5,20211012,194500,1.4683,1.4683,1.44,1.4401,12936,0
IPDN.US,5,20211012,195000,1.44,1.44,1.43,1.44,5149,0
IPDN.US,5,20211012,195500,1.455,1.455,1.455,1.455,114,0
IPDN.US,5,20211012,200500,1.46,1.46,1.45,1.45,2625,0
IPDN.US,5,20211012,201000,1.45,1.45,1.43,1.4304,7171,0
IPDN.US,5,20211012,202000,1.46,1.46,1.46,1.46,100,0
IPDN.US,5,20211012,202500,1.455,1.4599,1.45,1.4599,5400,0
IPDN.US,5,20211012,205000,1.4401,1.445,1.4301,1.434,5958,0
IPDN.US,5,20211012,210000,1.44,1.44,1.44,1.44,10833,0
IPDN.US,5,20211012,210500,1.435,1.435,1.43,1.43,4545,0
IPDN.US,5,20211012,211000,1.4399,1.4399,1.4399,1.4399,100,0
IPDN.US,5,20211012,211500,1.43,1.4799,1.43,1.45,11803,0
IPDN.US,5,20211012,212000,1.455,1.455,1.455,1.455,100,0
IPDN.US,5,20211012,212500,1.45,1.45,1.45,1.45,200,0
IPDN.US,5,20211012,213000,1.44,1.4473,1.44,1.44,2888,0
IPDN.US,5,20211012,213500,1.44,1.44,1.44,1.44,264,0
IPDN.US,5,20211012,214000,1.4302,1.4302,1.43,1.43,5900,0
IPDN.US,5,20211012,214500,1.4493,1.4499,1.43,1.4399,9941,0
IPDN.US,5,20211012,215000,1.43,1.44,1.43,1.435,2400,0
IPDN.US,5,20211012,215500,1.43,1.435,1.42,1.43,7298,0
IPDN.US,5,20211013,153000,1.42,1.425,1.39,1.4116,10989,0
IPDN.US,5,20211013,153500,1.4118,1.415,1.4118,1.4119,1100,0
IPDN.US,5,20211013,154000,1.4116,1.4116,1.4,1.41,10700,0
IPDN.US,5,20211013,154500,1.4,1.4,1.39,1.3902,5539,0
IPDN.US,5,20211013,155000,1.3806,1.39,1.37,1.3709,4549,0
IPDN.US,5,20211013,155500,1.3706,1.3707,1.37,1.3707,2019,0
IPDN.US,5,20211013,160000,1.375,1.3799,1.3704,1.3704,3592,0
IPDN.US,5,20211013,160500,1.37,1.379,1.37,1.3701,5656,0
IPDN.US,5,20211013,161000,1.3725,1.38,1.37,1.3702,3598,0
IPDN.US,5,20211013,161500,1.37,1.38,1.37,1.38,250,0
IPDN.US,5,20211013,162500,1.3807,1.3807,1.3801,1.3801,5340,0
IPDN.US,5,20211013,163000,1.3989,1.3989,1.3801,1.39,10372,0
IPDN.US,5,20211013,163500,1.38,1.38,1.38,1.38,1000,0
IPDN.US,5,20211013,164500,1.38,1.39,1.38,1.39,4186,0
IPDN.US,5,20211013,165000,1.39,1.39,1.39,1.39,169,0
IPDN.US,5,20211013,165500,1.39,1.39,1.38,1.38,1246,0
IPDN.US,5,20211013,170000,1.3812,1.3812,1.3812,1.3812,200,0
IPDN.US,5,20211013,170500,1.3801,1.3801,1.3801,1.3801,3824,0
IPDN.US,5,20211013,171500,1.39,1.395,1.39,1.395,477,0
IPDN.US,5,20211013,172000,1.4,1.4,1.39,1.39,2169,0
IPDN.US,5,20211013,172500,1.3801,1.39,1.37,1.37,12366,0
IPDN.US,5,20211013,173000,1.37,1.3705,1.37,1.3705,500,0
IPDN.US,5,20211013,173500,1.36,1.37,1.36,1.36,1517,0
IPDN.US,5,20211013,174500,1.38,1.4401,1.3799,1.4399,165609,0
IPDN.US,5,20211013,175000,1.4355,1.4699,1.39,1.41,479709,0
IPDN.US,5,20211013,175500,1.4106,1.4353,1.4,1.4111,28461,0
IPDN.US,5,20211013,180000,1.43,1.43,1.39,1.41,34498,0
IPDN.US,5,20211013,180500,1.4177,1.4177,1.39,1.405,8241,0
IPDN.US,5,20211013,181000,1.41,1.42,1.4,1.42,7948,0
IPDN.US,5,20211013,181500,1.4174,1.4174,1.4174,1.4174,167,0
IPDN.US,5,20211013,182000,1.402,1.4146,1.4001,1.4012,2395,0
IPDN.US,5,20211013,182500,1.4,1.43,1.4,1.43,500,0
IPDN.US,5,20211013,183500,1.405,1.405,1.4007,1.4007,300,0
IPDN.US,5,20211013,184000,1.42,1.43,1.42,1.43,15075,0
IPDN.US,5,20211013,184500,1.43,1.44,1.42,1.42,8800,0
IPDN.US,5,20211013,185000,1.4116,1.43,1.4116,1.43,700,0
IPDN.US,5,20211013,185500,1.425,1.425,1.425,1.425,4000,0
IPDN.US,5,20211013,190000,1.44,1.44,1.44,1.44,300,0
IPDN.US,5,20211013,190500,1.43,1.43,1.42,1.42,11145,0
IPDN.US,5,20211013,191000,1.4101,1.4101,1.4101,1.4101,550,0
IPDN.US,5,20211013,191500,1.42,1.42,1.42,1.42,500,0
IPDN.US,5,20211013,192000,1.43,1.43,1.43,1.43,250,0
IPDN.US,5,20211013,192500,1.4385,1.4399,1.4385,1.4399,1200,0
IPDN.US,5,20211013,194000,1.435,1.44,1.435,1.44,300,0
IPDN.US,5,20211013,194500,1.4399,1.44,1.439,1.439,4318,0
IPDN.US,5,20211013,200000,1.42,1.42,1.42,1.42,200,0
IPDN.US,5,20211013,201500,1.43,1.43,1.43,1.43,650,0
IPDN.US,5,20211013,202000,1.42,1.42,1.42,1.42,3000,0
IPDN.US,5,20211013,203000,1.43,1.44,1.43,1.44,600,0
IPDN.US,5,20211013,203500,1.44,1.44,1.435,1.435,829,0
IPDN.US,5,20211013,205000,1.43,1.43,1.42,1.43,7116,0
IPDN.US,5,20211013,210000,1.43,1.43,1.43,1.43,200,0
IPDN.US,5,20211013,210500,1.4399,1.4399,1.42,1.42,1700,0
IPDN.US,5,20211013,211000,1.4223,1.4223,1.42,1.42,1474,0
IPDN.US,5,20211013,211500,1.44,1.44,1.44,1.44,355,0
IPDN.US,5,20211013,212500,1.44,1.44,1.43,1.43,200,0
IPDN.US,5,20211013,213000,1.43,1.43,1.43,1.43,701,0
IPDN.US,5,20211013,214000,1.4201,1.44,1.42,1.4377,6751,0
IPDN.US,5,20211013,215000,1.4302,1.4302,1.4302,1.4302,200,0
IPDN.US,5,20211013,215500,1.42,1.44,1.42,1.43,2789,0
IPDN.US,5,20211014,153000,1.43,1.43,1.41,1.41,1728,0
IPDN.US,5,20211014,153500,1.41,1.42,1.4,1.42,1711,0
IPDN.US,5,20211014,154000,1.42,1.44,1.4159,1.4373,10100,0
IPDN.US,5,20211014,154500,1.4371,1.4371,1.4,1.41,3111,0
IPDN.US,5,20211014,155000,1.41,1.43,1.38,1.43,50129,0
IPDN.US,5,20211014,155500,1.4265,1.4265,1.41,1.41,1216,0
IPDN.US,5,20211014,160000,1.42,1.42,1.42,1.42,100,0
IPDN.US,5,20211014,160500,1.411,1.411,1.411,1.411,5000,0
IPDN.US,5,20211014,162500,1.426,1.426,1.426,1.426,100,0
IPDN.US,5,20211014,163000,1.42,1.42,1.42,1.42,305,0
IPDN.US,5,20211014,164000,1.415,1.415,1.415,1.415,100,0
IPDN.US,5,20211014,164500,1.41,1.415,1.3901,1.3901,13417,0
IPDN.US,5,20211014,165000,1.4162,1.4199,1.4162,1.4199,1100,0
IPDN.US,5,20211014,165500,1.4,1.4,1.39,1.39,1646,0
IPDN.US,5,20211014,171000,1.4,1.4,1.4,1.4,100,0
IPDN.US,5,20211014,171500,1.4,1.4,1.4,1.4,4158,0
IPDN.US,5,20211014,172000,1.4,1.4,1.4,1.4,500,0
IPDN.US,5,20211014,173000,1.4001,1.401,1.4,1.401,1300,0
IPDN.US,5,20211014,173500,1.4055,1.4055,1.4055,1.4055,2500,0
IPDN.US,5,20211014,174000,1.42,1.42,1.4,1.4,603,0
IPDN.US,5,20211014,175000,1.4001,1.4001,1.4001,1.4001,100,0
IPDN.US,5,20211014,180500,1.42,1.42,1.42,1.42,141,0
IPDN.US,5,20211014,182500,1.42,1.42,1.42,1.42,100,0
IPDN.US,5,20211014,183000,1.4,1.4,1.4,1.4,400,0
IPDN.US,5,20211014,184000,1.4023,1.42,1.4023,1.42,845,0
IPDN.US,5,20211014,184500,1.4001,1.4001,1.4001,1.4001,100,0
IPDN.US,5,20211014,185500,1.4,1.4,1.4,1.4,31102,0
IPDN.US,5,20211014,190000,1.402,1.402,1.402,1.402,600,0
IPDN.US,5,20211014,190500,1.41,1.42,1.4,1.42,1579,0
IPDN.US,5,20211014,191000,1.42,1.42,1.42,1.42,100,0
IPDN.US,5,20211014,194000,1.4001,1.4001,1.4,1.4,2571,0
IPDN.US,5,20211014,194500,1.41,1.41,1.4,1.4023,1200,0
IPDN.US,5,20211014,195000,1.4,1.405,1.4,1.4,9608,0
IPDN.US,5,20211014,195500,1.39,1.39,1.39,1.39,666,0
IPDN.US,5,20211014,201000,1.4,1.4,1.39,1.39,800,0
IPDN.US,5,20211014,202500,1.3913,1.3913,1.3913,1.3913,628,0
IPDN.US,5,20211014,203000,1.393,1.41,1.392,1.41,2100,0
IPDN.US,5,20211014,204000,1.41,1.41,1.41,1.41,100,0
IPDN.US,5,20211014,205500,1.4,1.4,1.37,1.38,11181,0
IPDN.US,5,20211014,210000,1.38,1.38,1.38,1.38,100,0
IPDN.US,5,20211014,210500,1.39,1.3905,1.39,1.3905,500,0
IPDN.US,5,20211014,211000,1.39,1.39,1.3795,1.3795,5700,0
IPDN.US,5,20211014,211500,1.3715,1.3715,1.3715,1.3715,380,0
IPDN.US,5,20211014,212000,1.4,1.4,1.4,1.4,833,0
IPDN.US,5,20211014,212500,1.38,1.38,1.38,1.38,500,0
IPDN.US,5,20211014,213000,1.372,1.372,1.372,1.372,1000,0
IPDN.US,5,20211014,213500,1.375,1.375,1.3701,1.3701,550,0
IPDN.US,5,20211014,214000,1.373,1.38,1.373,1.38,1400,0
IPDN.US,5,20211014,214500,1.3758,1.3758,1.3758,1.3758,1000,0
IPDN.US,5,20211014,215000,1.3757,1.3757,1.37,1.37,3775,0
IPDN.US,5,20211014,215500,1.3784,1.3784,1.36,1.36,3604,0
IPDN.US,5,20211015,153000,1.38,1.3861,1.375,1.375,2256,0
IPDN.US,5,20211015,153500,1.36,1.36,1.36,1.36,300,0
IPDN.US,5,20211015,154000,1.36,1.3623,1.3,1.32,44124,0
IPDN.US,5,20211015,154500,1.3255,1.34,1.32,1.3317,8701,0
IPDN.US,5,20211015,155000,1.32,1.34,1.32,1.34,6000,0
IPDN.US,5,20211015,155500,1.3355,1.34,1.327,1.3312,7175,0
IPDN.US,5,20211015,160000,1.335,1.35,1.335,1.3401,34448,0
IPDN.US,5,20211015,160500,1.345,1.345,1.345,1.345,100,0
IPDN.US,5,20211015,161000,1.34,1.341,1.34,1.34,2700,0
IPDN.US,5,20211015,161500,1.34,1.34,1.34,1.34,100,0
IPDN.US,5,20211015,162500,1.34,1.34,1.34,1.34,260,0
IPDN.US,5,20211015,163500,1.33,1.3315,1.33,1.3315,2204,0
IPDN.US,5,20211015,164000,1.33,1.3377,1.32,1.32,460,0
IPDN.US,5,20211015,164500,1.3201,1.3371,1.3201,1.3371,478,0
IPDN.US,5,20211015,165000,1.3235,1.33,1.3235,1.33,8450,0
IPDN.US,5,20211015,165500,1.3298,1.33,1.32,1.32,15644,0
IPDN.US,5,20211015,170000,1.3295,1.3345,1.3273,1.3345,14479,0
IPDN.US,5,20211015,170500,1.3316,1.34,1.3316,1.34,10300,0
IPDN.US,5,20211015,171000,1.34,1.3499,1.33,1.3499,7699,0
IPDN.US,5,20211015,171500,1.34,1.34,1.34,1.34,300,0
IPDN.US,5,20211015,172000,1.34,1.3402,1.34,1.34,1200,0
IPDN.US,5,20211015,172500,1.35,1.35,1.35,1.35,100,0
IPDN.US,5,20211015,173000,1.35,1.35,1.33,1.33,200,0
IPDN.US,5,20211015,174000,1.34,1.3402,1.34,1.3402,1700,0
IPDN.US,5,20211015,174500,1.3499,1.3499,1.33,1.33,14534,0
IPDN.US,5,20211015,175000,1.335,1.335,1.335,1.335,100,0
IPDN.US,5,20211015,175500,1.3399,1.34,1.3399,1.34,1499,0
IPDN.US,5,20211015,180000,1.3499,1.3499,1.3499,1.3499,100,0
IPDN.US,5,20211015,180500,1.33,1.33,1.33,1.33,586,0
IPDN.US,5,20211015,183500,1.331,1.331,1.331,1.331,626,0
IPDN.US,5,20211015,184500,1.3491,1.35,1.3491,1.35,8367,0
IPDN.US,5,20211015,191000,1.35,1.35,1.345,1.345,600,0
IPDN.US,5,20211015,192000,1.35,1.35,1.3401,1.3401,511,0
IPDN.US,5,20211015,192500,1.35,1.35,1.35,1.35,7000,0
IPDN.US,5,20211015,193000,1.35,1.35,1.3404,1.3404,680,0
IPDN.US,5,20211015,195500,1.34,1.34,1.34,1.34,100,0
IPDN.US,5,20211015,200000,1.3451,1.3451,1.3451,1.3451,275,0
IPDN.US,5,20211015,200500,1.35,1.35,1.35,1.35,400,0
IPDN.US,5,20211015,201000,1.35,1.35,1.35,1.35,789,0
IPDN.US,5,20211015,201500,1.36,1.365,1.36,1.36,7700,0
IPDN.US,5,20211015,202000,1.3501,1.3501,1.3501,1.3501,2500,0
IPDN.US,5,20211015,202500,1.3523,1.3523,1.3523,1.3523,298,0
IPDN.US,5,20211015,204000,1.37,1.37,1.37,1.37,200,0
IPDN.US,5,20211015,205000,1.3554,1.3554,1.3554,1.3554,162,0
IPDN.US,5,20211015,212000,1.36,1.3602,1.36,1.3602,5800,0
IPDN.US,5,20211015,212500,1.37,1.39,1.36,1.369,15465,0
IPDN.US,5,20211015,213500,1.36,1.36,1.35,1.35,9168,0
IPDN.US,5,20211015,214500,1.3486,1.349,1.3407,1.349,873,0
IPDN.US,5,20211015,215000,1.35,1.35,1.345,1.345,1100,0
IPDN.US,5,20211015,215500,1.35,1.35,1.34,1.35,6499,0
IPDN.US,5,20211018,153000,1.34,1.34,1.34,1.34,974,0
IPDN.US,5,20211018,153500,1.35,1.35,1.35,1.35,7497,0
IPDN.US,5,20211018,154500,1.34,1.34,1.33,1.33,3331,0
IPDN.US,5,20211018,155000,1.3101,1.335,1.3101,1.335,800,0
IPDN.US,5,20211018,160000,1.3708,1.38,1.3708,1.38,1485,0
IPDN.US,5,20211018,161000,1.32,1.32,1.32,1.32,242,0
IPDN.US,5,20211018,161500,1.345,1.345,1.33,1.33,3300,0
IPDN.US,5,20211018,162000,1.3301,1.3301,1.3301,1.3301,1000,0
IPDN.US,5,20211018,162500,1.34,1.3641,1.34,1.3641,288,0
IPDN.US,5,20211018,163500,1.36,1.36,1.36,1.36,275,0
IPDN.US,5,20211018,164000,1.33,1.3577,1.33,1.3577,500,0
IPDN.US,5,20211018,164500,1.33,1.3354,1.33,1.3354,1000,0
IPDN.US,5,20211018,165000,1.345,1.345,1.345,1.345,2573,0
IPDN.US,5,20211018,165500,1.33,1.33,1.33,1.33,520,0
IPDN.US,5,20211018,170000,1.345,1.345,1.345,1.345,10000,0
IPDN.US,5,20211018,170500,1.36,1.36,1.35,1.36,1900,0
IPDN.US,5,20211018,171000,1.34,1.34,1.3,1.32,28424,0
IPDN.US,5,20211018,171500,1.32,1.32,1.22,1.27,232615,0
IPDN.US,5,20211018,172000,1.263,1.28,1.23,1.256,38776,0
IPDN.US,5,20211018,172500,1.255,1.2699,1.2401,1.2493,6470,0
IPDN.US,5,20211018,173000,1.2499,1.27,1.2409,1.2521,8000,0
IPDN.US,5,20211018,173500,1.26,1.2685,1.26,1.26,3020,0
IPDN.US,5,20211018,174000,1.26,1.27,1.26,1.265,7633,0
IPDN.US,5,20211018,174500,1.265,1.2692,1.26,1.2692,3100,0
IPDN.US,5,20211018,175000,1.2699,1.2799,1.26,1.2799,17846,0
IPDN.US,5,20211018,175500,1.28,1.28,1.28,1.28,1000,0
IPDN.US,5,20211018,181000,1.278,1.278,1.278,1.278,700,0
IPDN.US,5,20211018,181500,1.2701,1.2701,1.2701,1.2701,135,0
IPDN.US,5,20211018,182000,1.275,1.275,1.27,1.27,5100,0
IPDN.US,5,20211018,182500,1.26,1.26,1.26,1.26,2555,0
IPDN.US,5,20211018,183000,1.267,1.267,1.267,1.267,100,0
IPDN.US,5,20211018,184000,1.2683,1.2699,1.26,1.2607,601,0
IPDN.US,5,20211018,184500,1.26,1.2611,1.25,1.2585,9181,0
IPDN.US,5,20211018,185000,1.25,1.26,1.25,1.26,3000,0
IPDN.US,5,20211018,185500,1.2599,1.2599,1.25,1.25,4300,0
IPDN.US,5,20211018,190500,1.25,1.2584,1.25,1.2584,400,0
IPDN.US,5,20211018,191000,1.2584,1.26,1.2584,1.26,284,0
IPDN.US,5,20211018,191500,1.26,1.27,1.26,1.2673,2467,0
IPDN.US,5,20211018,192000,1.27,1.27,1.2665,1.2665,1470,0
IPDN.US,5,20211018,194000,1.25,1.25,1.25,1.25,12599,0
IPDN.US,5,20211018,200000,1.26,1.26,1.255,1.255,1800,0
IPDN.US,5,20211018,200500,1.2592,1.2592,1.2592,1.2592,500,0
IPDN.US,5,20211018,201000,1.2591,1.2591,1.251,1.251,1500,0
IPDN.US,5,20211018,201500,1.2593,1.26,1.254,1.26,905,0
IPDN.US,5,20211018,202000,1.2599,1.27,1.2539,1.27,11498,0
IPDN.US,5,20211018,202500,1.2549,1.2697,1.2549,1.2697,10354,0
IPDN.US,5,20211018,204000,1.26,1.26,1.26,1.26,1000,0
IPDN.US,5,20211018,204500,1.26,1.26,1.26,1.26,300,0
IPDN.US,5,20211018,205000,1.26,1.26,1.2599,1.2599,3025,0
IPDN.US,5,20211018,210000,1.25,1.25,1.25,1.25,100,0
IPDN.US,5,20211018,210500,1.2501,1.2599,1.2501,1.2599,800,0
IPDN.US,5,20211018,211000,1.26,1.26,1.2599,1.26,1298,0
IPDN.US,5,20211018,212000,1.26,1.26,1.26,1.26,200,0
IPDN.US,5,20211018,212500,1.26,1.26,1.2501,1.2501,2708,0
IPDN.US,5,20211018,213000,1.27,1.27,1.2662,1.27,1550,0
IPDN.US,5,20211018,213500,1.26,1.26,1.26,1.26,2000,0
IPDN.US,5,20211018,214500,1.26,1.26,1.25,1.25,2584,0
IPDN.US,5,20211018,215000,1.2699,1.2699,1.25,1.2601,4341,0
IPDN.US,5,20211018,215500,1.255,1.255,1.25,1.25,2700,0
IPDN.US,5,20211019,153000,1.25,1.2507,1.2472,1.248,5478,0
IPDN.US,5,20211019,153500,1.2537,1.2537,1.2537,1.2537,560,0
IPDN.US,5,20211019,154000,1.2577,1.2587,1.23,1.23,5870,0
IPDN.US,5,20211019,154500,1.2301,1.24,1.23,1.24,14103,0
IPDN.US,5,20211019,155000,1.24,1.24,1.2398,1.24,300,0
IPDN.US,5,20211019,155500,1.2545,1.2545,1.24,1.2418,3194,0
IPDN.US,5,20211019,160000,1.25,1.25,1.24,1.24,3875,0
IPDN.US,5,20211019,160500,1.24,1.2401,1.24,1.2401,2100,0
IPDN.US,5,20211019,161000,1.25,1.25,1.23,1.24,3732,0
IPDN.US,5,20211019,161500,1.23,1.25,1.23,1.2455,3600,0
IPDN.US,5,20211019,162500,1.24,1.2493,1.24,1.2485,8200,0
IPDN.US,5,20211019,163000,1.24,1.25,1.24,1.24,4480,0
IPDN.US,5,20211019,163500,1.235,1.235,1.2301,1.2301,2960,0
IPDN.US,5,20211019,164000,1.2393,1.24,1.2312,1.2312,1035,0
IPDN.US,5,20211019,164500,1.24,1.25,1.235,1.245,14320,0
IPDN.US,5,20211019,165500,1.2405,1.25,1.24,1.2455,1400,0
IPDN.US,5,20211019,170000,1.24,1.245,1.24,1.245,200,0
IPDN.US,5,20211019,171000,1.24,1.2407,1.24,1.2407,250,0
IPDN.US,5,20211019,171500,1.2499,1.2499,1.24,1.24,706,0
IPDN.US,5,20211019,172500,1.24,1.25,1.24,1.2492,300,0
IPDN.US,5,20211019,173000,1.24,1.24,1.24,1.24,100,0
IPDN.US,5,20211019,173500,1.24,1.24,1.24,1.24,100,0
IPDN.US,5,20211019,174500,1.24,1.2499,1.24,1.2499,600,0
IPDN.US,5,20211019,175000,1.2499,1.25,1.245,1.2494,3280,0
IPDN.US,5,20211019,175500,1.245,1.25,1.245,1.25,2250,0
IPDN.US,5,20211019,180000,1.2588,1.2599,1.2588,1.2599,1960,0
IPDN.US,5,20211019,180500,1.2416,1.26,1.2416,1.26,6420,0
IPDN.US,5,20211019,181000,1.2699,1.279,1.2606,1.2705,9957,0
IPDN.US,5,20211019,181500,1.275,1.28,1.27,1.2799,6194,0
IPDN.US,5,20211019,182000,1.27,1.27,1.27,1.27,100,0
IPDN.US,5,20211019,182500,1.2799,1.2799,1.27,1.27,3455,0
IPDN.US,5,20211019,183000,1.28,1.28,1.2615,1.2615,4100,0
IPDN.US,5,20211019,183500,1.2751,1.2751,1.2751,1.2751,100,0
IPDN.US,5,20211019,184000,1.2799,1.2799,1.26,1.26,200,0
IPDN.US,5,20211019,184500,1.2784,1.2784,1.26,1.26,1500,0
IPDN.US,5,20211019,185000,1.26,1.28,1.26,1.27,1626,0
IPDN.US,5,20211019,185500,1.27,1.27,1.27,1.27,100,0
IPDN.US,5,20211019,191000,1.27,1.27,1.26,1.26,1792,0
IPDN.US,5,20211019,192000,1.279,1.3,1.27,1.29,65721,0
IPDN.US,5,20211019,192500,1.294,1.33,1.29,1.3,19346,0
IPDN.US,5,20211019,193000,1.324,1.324,1.305,1.32,1064,0
IPDN.US,5,20211019,193500,1.3162,1.3162,1.31,1.31,1000,0
IPDN.US,5,20211019,194000,1.3099,1.31,1.305,1.31,1200,0
IPDN.US,5,20211019,194500,1.31,1.31,1.31,1.31,100,0
IPDN.US,5,20211019,195000,1.31,1.31,1.31,1.31,100,0
IPDN.US,5,20211019,195500,1.315,1.315,1.31,1.31,2309,0
IPDN.US,5,20211019,200000,1.3101,1.3101,1.3101,1.3101,180,0
IPDN.US,5,20211019,200500,1.31,1.31,1.31,1.31,100,0
IPDN.US,5,20211019,201000,1.31,1.31,1.31,1.31,4962,0
IPDN.US,5,20211019,202000,1.31,1.31,1.31,1.31,100,0
IPDN.US,5,20211019,202500,1.311,1.315,1.311,1.315,1600,0
IPDN.US,5,20211019,203000,1.31,1.31,1.31,1.31,100,0
IPDN.US,5,20211019,203500,1.3184,1.3184,1.3184,1.3184,200,0
IPDN.US,5,20211019,204000,1.31,1.31,1.31,1.31,100,0
IPDN.US,5,20211019,205000,1.31,1.32,1.31,1.32,200,0
IPDN.US,5,20211019,205500,1.315,1.32,1.31,1.31,3207,0
IPDN.US,5,20211019,210000,1.31,1.31,1.31,1.31,500,0
IPDN.US,5,20211019,210500,1.305,1.305,1.3,1.3,3060,0
IPDN.US,5,20211019,211500,1.305,1.32,1.305,1.32,2708,0
IPDN.US,5,20211019,213000,1.3388,1.3388,1.33,1.33,3573,0
IPDN.US,5,20211019,213500,1.32,1.3244,1.32,1.32,659,0
IPDN.US,5,20211019,214000,1.32,1.32,1.32,1.32,100,0
IPDN.US,5,20211019,214500,1.32,1.3386,1.32,1.33,768,0
IPDN.US,5,20211019,215000,1.32,1.3295,1.32,1.32,800,0
IPDN.US,5,20211019,215500,1.32,1.33,1.31,1.325,3704,0
IPDN.US,5,20211020,153000,1.31,1.32,1.31,1.32,1184,0
IPDN.US,5,20211020,153500,1.3,1.3,1.2908,1.2908,5950,0
IPDN.US,5,20211020,154000,1.2969,1.3073,1.29,1.29,1615,0
IPDN.US,5,20211020,154500,1.284,1.3,1.282,1.282,1284,0
IPDN.US,5,20211020,155000,1.3099,1.31,1.28,1.28,1100,0
IPDN.US,5,20211020,155500,1.2976,1.2976,1.2976,1.2976,200,0
IPDN.US,5,20211020,160000,1.2901,1.3,1.2901,1.3,881,0
IPDN.US,5,20211020,160500,1.29,1.2902,1.29,1.2902,400,0
IPDN.US,5,20211020,161000,1.2801,1.29,1.28,1.28,2917,0
IPDN.US,5,20211020,161500,1.2897,1.2897,1.28,1.28,200,0
IPDN.US,5,20211020,162000,1.2993,1.2993,1.2993,1.2993,374,0
IPDN.US,5,20211020,162500,1.3,1.3,1.3,1.3,2200,0
IPDN.US,5,20211020,163000,1.3033,1.31,1.3033,1.305,2800,0
IPDN.US,5,20211020,163500,1.31,1.31,1.3011,1.3011,1230,0
IPDN.US,5,20211020,165000,1.31,1.31,1.3,1.3,2750,0
IPDN.US,5,20211020,171000,1.3,1.3012,1.3,1.3012,600,0
IPDN.US,5,20211020,171500,1.3,1.3,1.3,1.3,1800,0
IPDN.US,5,20211020,172500,1.301,1.301,1.301,1.301,700,0
IPDN.US,5,20211020,173000,1.2919,1.3,1.2919,1.3,2344,0
IPDN.US,5,20211020,174000,1.3,1.3,1.3,1.3,100,0
IPDN.US,5,20211020,174500,1.2904,1.295,1.2904,1.295,2100,0
IPDN.US,5,20211020,175000,1.3,1.3,1.3,1.3,100,0
IPDN.US,5,20211020,180000,1.29,1.29,1.29,1.29,3201,0
IPDN.US,5,20211020,182000,1.29,1.29,1.29,1.29,1498,0
IPDN.US,5,20211020,182500,1.29,1.2905,1.29,1.29,597,0
IPDN.US,5,20211020,183500,1.3099,1.3099,1.3099,1.3099,750,0
IPDN.US,5,20211020,184000,1.3,1.3,1.3,1.3,100,0
IPDN.US,5,20211020,184500,1.2912,1.2912,1.29,1.29,1200,0
IPDN.US,5,20211020,190000,1.2995,1.2995,1.2995,1.2995,320,0
IPDN.US,5,20211020,191000,1.29,1.2993,1.29,1.2993,2300,0
IPDN.US,5,20211020,192000,1.29,1.2915,1.29,1.2915,2375,0
IPDN.US,5,20211020,192500,1.3,1.3,1.2909,1.2909,2000,0
IPDN.US,5,20211020,193000,1.3,1.3,1.3,1.3,642,0
IPDN.US,5,20211020,193500,1.3005,1.3005,1.3005,1.3005,840,0
IPDN.US,5,20211020,194500,1.2925,1.2925,1.2925,1.2925,108,0
IPDN.US,5,20211020,204500,1.295,1.295,1.295,1.295,100,0
IPDN.US,5,20211020,205000,1.3,1.3,1.3,1.3,400,0
IPDN.US,5,20211020,210000,1.31,1.31,1.31,1.31,2149,0
IPDN.US,5,20211020,210500,1.3085,1.3085,1.3085,1.3085,200,0
IPDN.US,5,20211020,211000,1.3,1.3,1.3,1.3,340,0
IPDN.US,5,20211020,214000,1.2918,1.2918,1.2918,1.2918,400,0
IPDN.US,5,20211020,215000,1.3,1.3,1.29,1.29,577,0
IPDN.US,5,20211020,215500,1.3,1.3,1.3,1.3,235,0
IPDN.US,5,20211021,153000,1.3,1.3,1.3,1.3,399,0
IPDN.US,5,20211021,154000,1.3,1.3,1.3,1.3,3073,0
IPDN.US,5,20211021,154500,1.3,1.3,1.3,1.3,200,0
IPDN.US,5,20211021,160000,1.29,1.3,1.29,1.3,1700,0
IPDN.US,5,20211021,160500,1.31,1.31,1.308,1.308,1000,0
IPDN.US,5,20211021,161500,1.3,1.3,1.3,1.3,200,0
IPDN.US,5,20211021,162500,1.294,1.294,1.294,1.294,100,0
IPDN.US,5,20211021,163000,1.2917,1.2917,1.2917,1.2917,500,0
IPDN.US,5,20211021,164500,1.3,1.3001,1.3,1.3,5412,0
IPDN.US,5,20211021,165000,1.3,1.3005,1.3,1.3005,1497,0
IPDN.US,5,20211021,165500,1.3,1.3,1.3,1.3,1764,0
IPDN.US,5,20211021,171000,1.3,1.31,1.3,1.31,1127,0
IPDN.US,5,20211021,171500,1.3007,1.3007,1.3,1.3,700,0
IPDN.US,5,20211021,172000,1.303,1.303,1.303,1.303,100,0
IPDN.US,5,20211021,173000,1.3085,1.3085,1.3,1.305,825,0
IPDN.US,5,20211021,173500,1.3,1.3,1.3,1.3,898,0
IPDN.US,5,20211021,175000,1.305,1.305,1.305,1.305,300,0
IPDN.US,5,20211021,175500,1.3003,1.3003,1.3003,1.3003,1000,0
IPDN.US,5,20211021,180000,1.305,1.31,1.305,1.31,10300,0
IPDN.US,5,20211021,180500,1.3001,1.3001,1.3001,1.3001,300,0
IPDN.US,5,20211021,181000,1.3095,1.32,1.3095,1.32,24100,0
IPDN.US,5,20211021,181500,1.31,1.35,1.31,1.34,64502,0
IPDN.US,5,20211021,182000,1.3486,1.35,1.322,1.3301,29470,0
IPDN.US,5,20211021,182500,1.3306,1.34,1.3301,1.3301,3443,0
IPDN.US,5,20211021,183000,1.3372,1.3499,1.3316,1.345,11627,0
IPDN.US,5,20211021,183500,1.3408,1.35,1.3407,1.35,10317,0
IPDN.US,5,20211021,184000,1.35,1.3599,1.345,1.35,7187,0
IPDN.US,5,20211021,184500,1.355,1.37,1.354,1.3601,6869,0
IPDN.US,5,20211021,185000,1.37,1.37,1.3501,1.3599,15020,0
IPDN.US,5,20211021,185500,1.3516,1.355,1.34,1.34,9530,0
IPDN.US,5,20211021,190000,1.3415,1.35,1.3415,1.35,561,0
IPDN.US,5,20211021,190500,1.3499,1.35,1.34,1.34,6950,0
IPDN.US,5,20211021,191000,1.3315,1.35,1.3315,1.344,3575,0
IPDN.US,5,20211021,192000,1.3411,1.35,1.3324,1.35,6541,0
IPDN.US,5,20211021,192500,1.355,1.355,1.3487,1.3487,26109,0
IPDN.US,5,20211021,193500,1.3489,1.3495,1.345,1.345,7519,0
IPDN.US,5,20211021,194000,1.3485,1.3485,1.34,1.34,5839,0
IPDN.US,5,20211021,195000,1.34,1.3402,1.31,1.31,10944,0
IPDN.US,5,20211021,195500,1.31,1.31,1.31,1.31,400,0
IPDN.US,5,20211021,200500,1.31,1.31,1.31,1.31,2165,0
IPDN.US,5,20211021,201500,1.3037,1.31,1.3037,1.31,885,0
IPDN.US,5,20211021,202500,1.3054,1.3249,1.3054,1.3249,275,0
IPDN.US,5,20211021,203500,1.3099,1.3099,1.3099,1.3099,700,0
IPDN.US,5,20211021,204000,1.3,1.3,1.29,1.3,7898,0
IPDN.US,5,20211021,204500,1.2991,1.3,1.299,1.3,5706,0
IPDN.US,5,20211021,205000,1.2999,1.2999,1.2999,1.2999,1000,0
IPDN.US,5,20211021,205500,1.2918,1.3,1.2918,1.3,4506,0
IPDN.US,5,20211021,210500,1.2993,1.2993,1.291,1.291,1450,0
IPDN.US,5,20211021,211000,1.2901,1.3,1.2901,1.3,5100,0
IPDN.US,5,20211021,211500,1.2988,1.2988,1.295,1.295,439,0
IPDN.US,5,20211021,212000,1.295,1.3,1.2804,1.2891,12759,0
IPDN.US,5,20211021,212500,1.29,1.29,1.27,1.28,17177,0
IPDN.US,5,20211021,213000,1.27,1.29,1.27,1.29,1270,0
IPDN.US,5,20211021,214500,1.3,1.3,1.3,1.3,100,0
IPDN.US,5,20211021,215000,1.295,1.295,1.29,1.295,880,0
IPDN.US,5,20211021,215500,1.285,1.29,1.27,1.29,2817,0
IPDN.US,5,20211022,153000,1.3,1.302,1.28,1.28,15702,0
IPDN.US,5,20211022,153500,1.27,1.2764,1.27,1.2764,1100,0
IPDN.US,5,20211022,154000,1.32,1.32,1.3,1.31,9863,0
IPDN.US,5,20211022,154500,1.3,1.3,1.2824,1.2824,3670,0
IPDN.US,5,20211022,155000,1.2858,1.2986,1.2858,1.2986,528,0
IPDN.US,5,20211022,155500,1.2999,1.3,1.2824,1.3,2065,0
IPDN.US,5,20211022,160000,1.29,1.31,1.2898,1.3,10980,0
IPDN.US,5,20211022,160500,1.3007,1.3007,1.28,1.2999,6267,0
IPDN.US,5,20211022,161000,1.2989,1.3,1.29,1.29,8500,0
IPDN.US,5,20211022,161500,1.31,1.35,1.3073,1.34,68179,0
IPDN.US,5,20211022,162000,1.3499,1.37,1.32,1.32,97040,0
IPDN.US,5,20211022,162500,1.3258,1.3399,1.32,1.3301,8221,0
IPDN.US,5,20211022,163000,1.33,1.33,1.33,1.33,245,0
IPDN.US,5,20211022,163500,1.324,1.34,1.324,1.33,5740,0
IPDN.US,5,20211022,164000,1.3261,1.3261,1.3173,1.3173,15922,0
IPDN.US,5,20211022,164500,1.31,1.315,1.31,1.31,8250,0
IPDN.US,5,20211022,165000,1.328,1.328,1.32,1.3202,2300,0
IPDN.US,5,20211022,165500,1.31,1.31,1.3061,1.3092,2820,0
IPDN.US,5,20211022,170000,1.31,1.324,1.31,1.324,8639,0
IPDN.US,5,20211022,170500,1.3277,1.3277,1.3185,1.3197,7222,0
IPDN.US,5,20211022,171000,1.315,1.315,1.315,1.315,1250,0
IPDN.US,5,20211022,171500,1.316,1.316,1.31,1.315,5296,0
IPDN.US,5,20211022,172000,1.31,1.3102,1.31,1.3102,3328,0
IPDN.US,5,20211022,172500,1.3,1.3004,1.2701,1.2999,41892,0
IPDN.US,5,20211022,173000,1.2958,1.2958,1.2958,1.2958,507,0
IPDN.US,5,20211022,173500,1.295,1.295,1.29,1.2901,4605,0
IPDN.US,5,20211022,174000,1.3,1.3,1.2957,1.2973,500,0
IPDN.US,5,20211022,174500,1.29,1.3,1.27,1.28,23862,0
IPDN.US,5,20211022,175000,1.29,1.295,1.285,1.295,1350,0
IPDN.US,5,20211022,175500,1.3,1.3,1.29,1.29,2284,0
IPDN.US,5,20211022,180000,1.29,1.3,1.29,1.3,5200,0
IPDN.US,5,20211022,180500,1.31,1.31,1.3,1.3,1491,0
IPDN.US,5,20211022,181000,1.31,1.31,1.31,1.31,1320,0
IPDN.US,5,20211022,181500,1.3041,1.3041,1.3041,1.3041,119,0
IPDN.US,5,20211022,182500,1.295,1.295,1.295,1.295,344,0
IPDN.US,5,20211022,183000,1.3,1.3,1.295,1.3,750,0
IPDN.US,5,20211022,183500,1.3072,1.3072,1.3072,1.3072,143,0
IPDN.US,5,20211022,184000,1.2901,1.2901,1.29,1.29,300,0
IPDN.US,5,20211022,184500,1.2901,1.2901,1.2901,1.2901,100,0
IPDN.US,5,20211022,185000,1.2949,1.2949,1.2949,1.2949,100,0
IPDN.US,5,20211022,185500,1.2997,1.3,1.2997,1.3,485,0
IPDN.US,5,20211022,190000,1.3,1.31,1.3,1.31,11269,0
IPDN.US,5,20211022,191000,1.32,1.32,1.3198,1.3198,1915,0
IPDN.US,5,20211022,191500,1.311,1.33,1.31,1.3101,3239,0
IPDN.US,5,20211022,192500,1.32,1.32,1.32,1.32,360,0
IPDN.US,5,20211022,193000,1.315,1.315,1.315,1.315,100,0
IPDN.US,5,20211022,193500,1.319,1.319,1.319,1.319,400,0
IPDN.US,5,20211022,194000,1.3159,1.3159,1.3159,1.3159,750,0
IPDN.US,5,20211022,194500,1.31,1.31,1.31,1.31,360,0
IPDN.US,5,20211022,195000,1.3035,1.3035,1.3,1.3001,8312,0
IPDN.US,5,20211022,195500,1.31,1.31,1.3,1.309,11048,0
IPDN.US,5,20211022,200000,1.3,1.3,1.3,1.3,1400,0
IPDN.US,5,20211022,201000,1.3,1.305,1.3,1.305,2510,0
IPDN.US,5,20211022,201500,1.305,1.305,1.305,1.305,150,0
IPDN.US,5,20211022,202000,1.305,1.3085,1.3,1.3,3978,0
IPDN.US,5,20211022,204000,1.3,1.305,1.3,1.3,700,0
IPDN.US,5,20211022,204500,1.31,1.31,1.31,1.31,4317,0
IPDN.US,5,20211022,205000,1.3056,1.3198,1.3,1.3,5275,0
IPDN.US,5,20211022,205500,1.3,1.3062,1.2949,1.3,2049,0
IPDN.US,5,20211022,210000,1.31,1.31,1.31,1.31,500,0
IPDN.US,5,20211022,212000,1.32,1.32,1.32,1.32,4650,0
IPDN.US,5,20211022,212500,1.32,1.32,1.32,1.32,200,0
IPDN.US,5,20211022,213000,1.3199,1.3199,1.3199,1.3199,3500,0
IPDN.US,5,20211022,213500,1.31,1.32,1.31,1.32,7250,0
IPDN.US,5,20211022,214000,1.32,1.34,1.32,1.34,9001,0
IPDN.US,5,20211022,214500,1.34,1.34,1.33,1.3353,1940,0
IPDN.US,5,20211022,215000,1.34,1.34,1.33,1.34,4165,0
IPDN.US,5,20211022,215500,1.34,1.36,1.34,1.34,28319,0
IPDN.US,5,20211025,153000,1.36,1.36,1.32,1.32,11843,0
IPDN.US,5,20211025,153500,1.3499,1.3499,1.32,1.32,8500,0
IPDN.US,5,20211025,154000,1.3001,1.3105,1.3,1.3105,6550,0
IPDN.US,5,20211025,154500,1.34,1.34,1.3248,1.3255,1913,0
IPDN.US,5,20211025,155500,1.32,1.3381,1.32,1.3201,5321,0
IPDN.US,5,20211025,160000,1.34,1.35,1.33,1.33,7548,0
IPDN.US,5,20211025,161000,1.3359,1.34,1.32,1.32,9471,0
IPDN.US,5,20211025,161500,1.32,1.345,1.31,1.345,38021,0
IPDN.US,5,20211025,162000,1.345,1.35,1.3313,1.343,5129,0
IPDN.US,5,20211025,162500,1.3405,1.36,1.34,1.34,11690,0
IPDN.US,5,20211025,163000,1.3483,1.3483,1.345,1.3483,300,0
IPDN.US,5,20211025,163500,1.3483,1.3483,1.34,1.3417,625,0
IPDN.US,5,20211025,164000,1.34,1.3445,1.32,1.32,14021,0
IPDN.US,5,20211025,164500,1.3385,1.3385,1.32,1.33,5300,0
IPDN.US,5,20211025,165000,1.32,1.33,1.32,1.32,400,0
IPDN.US,5,20211025,165500,1.33,1.34,1.33,1.34,600,0
IPDN.US,5,20211025,170000,1.3399,1.3399,1.33,1.33,2300,0
IPDN.US,5,20211025,170500,1.33,1.3315,1.33,1.3315,674,0
IPDN.US,5,20211025,171000,1.33,1.33,1.33,1.33,200,0
IPDN.US,5,20211025,171500,1.3266,1.3446,1.3266,1.3446,250,0
IPDN.US,5,20211025,172000,1.32,1.3499,1.32,1.3446,1799,0
IPDN.US,5,20211025,172500,1.3391,1.3391,1.325,1.33,11194,0
IPDN.US,5,20211025,173000,1.332,1.3499,1.32,1.32,49640,0
IPDN.US,5,20211025,173500,1.3202,1.39,1.3202,1.38,128863,0
IPDN.US,5,20211025,174000,1.3806,1.4,1.36,1.37,35635,0
IPDN.US,5,20211025,174500,1.384,1.4,1.384,1.3915,17700,0
IPDN.US,5,20211025,175000,1.4,1.4,1.3804,1.4,17790,0
IPDN.US,5,20211025,175500,1.3804,1.385,1.35,1.35,36065,0
IPDN.US,5,20211025,180000,1.36,1.379,1.36,1.37,9956,0
IPDN.US,5,20211025,180500,1.365,1.365,1.365,1.365,300,0
IPDN.US,5,20211025,181000,1.36,1.36,1.35,1.35,700,0
IPDN.US,5,20211025,181500,1.35,1.351,1.35,1.351,1300,0
IPDN.US,5,20211025,182000,1.35,1.35,1.35,1.35,1463,0
IPDN.US,5,20211025,182500,1.355,1.36,1.35,1.36,2878,0
IPDN.US,5,20211025,183000,1.3578,1.3578,1.34,1.35,500,0
IPDN.US,5,20211025,183500,1.3667,1.3667,1.35,1.35,950,0
IPDN.US,5,20211025,184000,1.35,1.35,1.35,1.35,100,0
IPDN.US,5,20211025,184500,1.35,1.3699,1.35,1.36,6735,0
IPDN.US,5,20211025,185000,1.36,1.3687,1.35,1.36,1100,0
IPDN.US,5,20211025,185500,1.3695,1.3695,1.36,1.36,4100,0
IPDN.US,5,20211025,190000,1.365,1.38,1.365,1.371,3218,0
IPDN.US,5,20211025,190500,1.378,1.378,1.36,1.36,2500,0
IPDN.US,5,20211025,191000,1.3601,1.37,1.3601,1.3612,2200,0
IPDN.US,5,20211025,191500,1.37,1.37,1.36,1.36,400,0
IPDN.US,5,20211025,192000,1.36,1.3796,1.36,1.36,22968,0
IPDN.US,5,20211025,192500,1.36,1.3603,1.36,1.3603,2100,0
IPDN.US,5,20211025,193000,1.365,1.3777,1.3617,1.37,1400,0
IPDN.US,5,20211025,193500,1.37,1.37,1.37,1.37,100,0
IPDN.US,5,20211025,194000,1.36,1.36,1.36,1.36,400,0
IPDN.US,5,20211025,194500,1.365,1.365,1.351,1.351,6069,0
IPDN.US,5,20211025,195000,1.3595,1.36,1.35,1.35,1300,0
IPDN.US,5,20211025,195500,1.3508,1.37,1.35,1.37,24721,0
IPDN.US,5,20211025,200000,1.3699,1.3699,1.35,1.3601,6100,0
IPDN.US,5,20211025,201000,1.3694,1.37,1.365,1.37,635,0
IPDN.US,5,20211025,201500,1.3693,1.3693,1.3693,1.3693,200,0
IPDN.US,5,20211025,202000,1.365,1.365,1.36,1.36,645,0
IPDN.US,5,20211025,202500,1.365,1.365,1.3611,1.3611,200,0
IPDN.US,5,20211025,203000,1.365,1.365,1.365,1.365,100,0
IPDN.US,5,20211025,203500,1.365,1.365,1.365,1.365,300,0
IPDN.US,5,20211025,204000,1.367,1.37,1.36,1.37,5600,0
IPDN.US,5,20211025,204500,1.365,1.37,1.355,1.355,5100,0
IPDN.US,5,20211025,205000,1.36,1.36,1.36,1.36,1829,0
IPDN.US,5,20211025,205500,1.355,1.36,1.35,1.36,7496,0
IPDN.US,5,20211025,210000,1.365,1.3659,1.36,1.36,5700,0
IPDN.US,5,20211025,211000,1.36,1.36,1.3516,1.3516,1450,0
IPDN.US,5,20211025,211500,1.35,1.35,1.35,1.35,800,0
IPDN.US,5,20211025,212000,1.3508,1.3599,1.3508,1.3599,1605,0
IPDN.US,5,20211025,212500,1.355,1.355,1.355,1.355,280,0
IPDN.US,5,20211025,213000,1.355,1.355,1.355,1.355,2000,0
IPDN.US,5,20211025,213500,1.355,1.36,1.3538,1.3538,300,0
IPDN.US,5,20211025,214000,1.355,1.36,1.355,1.355,4410,0
IPDN.US,5,20211025,214500,1.355,1.355,1.355,1.355,1150,0
IPDN.US,5,20211025,215000,1.36,1.38,1.3591,1.38,17656,0
IPDN.US,5,20211025,215500,1.3705,1.39,1.36,1.37,27320,0
IPDN.US,5,20211026,153000,1.4045,1.42,1.39,1.41,13923,0
IPDN.US,5,20211026,153500,1.39,1.39,1.3801,1.3801,2359,0
IPDN.US,5,20211026,154000,1.3801,1.39,1.37,1.37,1938,0
IPDN.US,5,20211026,154500,1.3711,1.39,1.3711,1.39,1189,0
IPDN.US,5,20211026,155000,1.37,1.37,1.35,1.36,4392,0
IPDN.US,5,20211026,155500,1.39,1.39,1.39,1.39,2000,0
IPDN.US,5,20211026,160000,1.38,1.3899,1.36,1.3899,5838,0
IPDN.US,5,20211026,160500,1.3876,1.3876,1.37,1.37,4676,0
IPDN.US,5,20211026,161000,1.38,1.38,1.37,1.37,14361,0
IPDN.US,5,20211026,161500,1.366,1.39,1.366,1.375,2425,0
IPDN.US,5,20211026,162000,1.37,1.3805,1.3669,1.3669,970,0
IPDN.US,5,20211026,163000,1.36,1.37,1.36,1.37,300,0
IPDN.US,5,20211026,163500,1.37,1.39,1.37,1.38,7070,0
IPDN.US,5,20211026,164000,1.3891,1.39,1.3807,1.3816,2779,0
IPDN.US,5,20211026,165000,1.38,1.38,1.37,1.38,5000,0
IPDN.US,5,20211026,165500,1.38,1.38,1.3751,1.3751,450,0
IPDN.US,5,20211026,170000,1.38,1.38,1.38,1.38,3237,0
IPDN.US,5,20211026,170500,1.3758,1.38,1.3758,1.38,3374,0
IPDN.US,5,20211026,171000,1.3727,1.38,1.37,1.37,2038,0
IPDN.US,5,20211026,171500,1.3899,1.3899,1.3899,1.3899,3649,0
IPDN.US,5,20211026,172000,1.375,1.4,1.3629,1.3999,27782,0
IPDN.US,5,20211026,172500,1.3941,1.4,1.3941,1.4,2890,0
IPDN.US,5,20211026,173000,1.3904,1.4,1.38,1.4,6515,0
IPDN.US,5,20211026,173500,1.38,1.38,1.38,1.38,1000,0
IPDN.US,5,20211026,174500,1.38,1.38,1.38,1.38,1300,0
IPDN.US,5,20211026,175000,1.38,1.38,1.38,1.38,300,0
IPDN.US,5,20211026,175500,1.39,1.39,1.38,1.38,950,0
IPDN.US,5,20211026,180000,1.37,1.38,1.37,1.37,2980,0
IPDN.US,5,20211026,181000,1.36,1.37,1.35,1.37,13081,0
IPDN.US,5,20211026,183500,1.37,1.37,1.36,1.3601,700,0
IPDN.US,5,20211026,184000,1.35,1.35,1.35,1.35,19386,0
IPDN.US,5,20211026,184500,1.35,1.35,1.3489,1.3489,925,0
IPDN.US,5,20211026,185000,1.3499,1.3499,1.3499,1.3499,181,0
IPDN.US,5,20211026,185500,1.3499,1.3499,1.34,1.34,15100,0
IPDN.US,5,20211026,190000,1.34,1.34,1.33,1.3399,3969,0
IPDN.US,5,20211026,191000,1.34,1.3401,1.34,1.3401,1101,0
IPDN.US,5,20211026,191500,1.345,1.345,1.3401,1.3401,5972,0
IPDN.US,5,20211026,192000,1.3405,1.35,1.34,1.3401,2799,0
IPDN.US,5,20211026,192500,1.34,1.34,1.34,1.34,8373,0
IPDN.US,5,20211026,193000,1.3329,1.3329,1.3329,1.3329,100,0
IPDN.US,5,20211026,193500,1.345,1.345,1.345,1.345,200,0
IPDN.US,5,20211026,194000,1.3499,1.35,1.3413,1.3413,2082,0
IPDN.US,5,20211026,194500,1.35,1.35,1.35,1.35,450,0
IPDN.US,5,20211026,195000,1.355,1.36,1.3545,1.3545,400,0
IPDN.US,5,20211026,195500,1.35,1.35,1.34,1.35,3657,0
IPDN.US,5,20211026,200500,1.3499,1.3499,1.3499,1.3499,740,0
IPDN.US,5,20211026,201000,1.35,1.35,1.33,1.33,1946,0
IPDN.US,5,20211026,201500,1.34,1.34,1.34,1.34,200,0
IPDN.US,5,20211026,202000,1.3438,1.3438,1.3307,1.3332,13657,0
IPDN.US,5,20211026,203500,1.34,1.34,1.34,1.34,290,0
IPDN.US,5,20211026,204000,1.3484,1.3499,1.345,1.3499,1719,0
IPDN.US,5,20211026,204500,1.3489,1.3492,1.345,1.3492,1649,0
IPDN.US,5,20211026,205000,1.3406,1.3406,1.3406,1.3406,350,0
IPDN.US,5,20211026,211000,1.3499,1.35,1.3499,1.35,2222,0
IPDN.US,5,20211026,211500,1.35,1.35,1.34,1.35,7516,0
IPDN.US,5,20211026,212000,1.3491,1.3491,1.3491,1.3491,300,0
IPDN.US,5,20211026,212500,1.34,1.36,1.34,1.35,10174,0
IPDN.US,5,20211026,213000,1.3508,1.36,1.35,1.36,3125,0
IPDN.US,5,20211026,214000,1.3653,1.3653,1.3653,1.3653,403,0
IPDN.US,5,20211026,214500,1.36,1.365,1.36,1.36,1629,0
IPDN.US,5,20211026,215000,1.365,1.3657,1.3516,1.3516,920,0
IPDN.US,5,20211026,215500,1.3515,1.36,1.34,1.36,6941,0
IPDN.US,5,20211027,153000,1.36,1.37,1.36,1.37,2254,0
IPDN.US,5,20211027,153500,1.36,1.3651,1.36,1.36,3879,0
IPDN.US,5,20211027,154500,1.3559,1.38,1.3559,1.365,18506,0
IPDN.US,5,20211027,155000,1.365,1.38,1.365,1.38,6000,0
IPDN.US,5,20211027,155500,1.3501,1.378,1.3501,1.378,2253,0
IPDN.US,5,20211027,160000,1.36,1.38,1.36,1.38,857,0
IPDN.US,5,20211027,160500,1.3799,1.3799,1.37,1.37,3583,0
IPDN.US,5,20211027,161000,1.38,1.38,1.3799,1.3799,1080,0
IPDN.US,5,20211027,161500,1.3704,1.379,1.3704,1.379,3600,0
IPDN.US,5,20211027,162000,1.3799,1.3799,1.3799,1.3799,600,0
IPDN.US,5,20211027,162500,1.3793,1.38,1.3793,1.38,7298,0
IPDN.US,5,20211027,163000,1.37,1.37,1.365,1.365,3019,0
IPDN.US,5,20211027,163500,1.36,1.3601,1.33,1.34,11321,0
IPDN.US,5,20211027,164000,1.34,1.35,1.34,1.35,4041,0
IPDN.US,5,20211027,164500,1.3501,1.3501,1.35,1.35,700,0
IPDN.US,5,20211027,165000,1.3599,1.36,1.34,1.3409,9578,0
IPDN.US,5,20211027,165500,1.35,1.35,1.35,1.35,1118,0
IPDN.US,5,20211027,170000,1.3484,1.3484,1.3484,1.3484,200,0
IPDN.US,5,20211027,171000,1.3497,1.3497,1.3497,1.3497,579,0
IPDN.US,5,20211027,171500,1.3599,1.3694,1.3599,1.3694,2000,0
IPDN.US,5,20211027,172000,1.3632,1.3632,1.345,1.36,13526,0
IPDN.US,5,20211027,172500,1.36,1.41,1.36,1.41,68837,0
IPDN.US,5,20211027,173000,1.3643,1.39,1.36,1.3887,14249,0
IPDN.US,5,20211027,173500,1.384,1.384,1.3783,1.38,4000,0
IPDN.US,5,20211027,174000,1.38,1.38,1.3706,1.38,3800,0
IPDN.US,5,20211027,174500,1.39,1.39,1.3701,1.3701,8527,0
IPDN.US,5,20211027,175000,1.3828,1.3828,1.37,1.37,1000,0
IPDN.US,5,20211027,175500,1.39,1.39,1.3892,1.3892,1111,0
IPDN.US,5,20211027,180000,1.37,1.37,1.37,1.37,10900,0
IPDN.US,5,20211027,180500,1.38,1.38,1.35,1.35,2110,0
IPDN.US,5,20211027,181000,1.35,1.38,1.35,1.38,594,0
IPDN.US,5,20211027,181500,1.38,1.38,1.38,1.38,3700,0
IPDN.US,5,20211027,182000,1.35,1.37,1.35,1.3686,8000,0
IPDN.US,5,20211027,182500,1.35,1.35,1.35,1.35,595,0
IPDN.US,5,20211027,184000,1.369,1.369,1.369,1.369,500,0
IPDN.US,5,20211027,184500,1.37,1.38,1.37,1.38,1154,0
IPDN.US,5,20211027,185000,1.3695,1.38,1.36,1.37,2978,0
IPDN.US,5,20211027,190000,1.3601,1.3601,1.3601,1.3601,3000,0
IPDN.US,5,20211027,190500,1.3799,1.3799,1.3799,1.3799,1500,0
IPDN.US,5,20211027,191000,1.371,1.371,1.371,1.371,450,0
IPDN.US,5,20211027,191500,1.36,1.36,1.36,1.36,3700,0
IPDN.US,5,20211027,192000,1.37,1.37,1.37,1.37,2000,0
IPDN.US,5,20211027,193000,1.37,1.37,1.3613,1.3613,2950,0
IPDN.US,5,20211027,194000,1.36,1.3791,1.36,1.3791,400,0
IPDN.US,5,20211027,194500,1.37,1.37,1.3627,1.364,2500,0
IPDN.US,5,20211027,201500,1.37,1.37,1.37,1.37,1100,0
IPDN.US,5,20211027,202000,1.3626,1.3626,1.3626,1.3626,100,0
IPDN.US,5,20211027,202500,1.38,1.38,1.38,1.38,309,0
IPDN.US,5,20211027,203000,1.36,1.37,1.36,1.36,500,0
IPDN.US,5,20211027,204500,1.36,1.36,1.36,1.36,5000,0
IPDN.US,5,20211027,210500,1.36,1.36,1.36,1.36,400,0
IPDN.US,5,20211027,211000,1.35,1.3677,1.35,1.3502,3200,0
IPDN.US,5,20211027,211500,1.36,1.36,1.36,1.36,1000,0
IPDN.US,5,20211027,212000,1.36,1.36,1.36,1.36,400,0
IPDN.US,5,20211027,212500,1.36,1.36,1.3493,1.35,6553,0
IPDN.US,5,20211027,213000,1.36,1.36,1.35,1.35,700,0
IPDN.US,5,20211027,213500,1.35,1.35,1.34,1.341,6552,0
IPDN.US,5,20211027,214500,1.35,1.35,1.32,1.3375,7536,0
IPDN.US,5,20211027,215000,1.339,1.339,1.339,1.339,500,0
IPDN.US,5,20211027,215500,1.33,1.36,1.33,1.34,4975,0
IPDN.US,5,20211028,153000,1.35,1.35,1.3218,1.3218,2803,0
IPDN.US,5,20211028,155000,1.33,1.335,1.32,1.335,1577,0
IPDN.US,5,20211028,155500,1.32,1.32,1.32,1.32,3038,0
IPDN.US,5,20211028,160000,1.33,1.33,1.32,1.3218,999,0
IPDN.US,5,20211028,161000,1.35,1.35,1.3313,1.3313,1210,0
IPDN.US,5,20211028,161500,1.335,1.34,1.335,1.34,2498,0
IPDN.US,5,20211028,162000,1.35,1.35,1.33,1.3466,6818,0
IPDN.US,5,20211028,164500,1.35,1.35,1.3367,1.3367,1091,0
IPDN.US,5,20211028,165000,1.3699,1.3699,1.3699,1.3699,100,0
IPDN.US,5,20211028,170000,1.3641,1.37,1.36,1.3699,4359,0
IPDN.US,5,20211028,170500,1.36,1.38,1.36,1.38,10900,0
IPDN.US,5,20211028,171000,1.36,1.36,1.36,1.36,4900,0
IPDN.US,5,20211028,171500,1.3745,1.3745,1.3585,1.3585,230,0
IPDN.US,5,20211028,172000,1.37,1.37,1.37,1.37,104,0
IPDN.US,5,20211028,172500,1.3513,1.3513,1.3513,1.3513,1050,0
IPDN.US,5,20211028,173000,1.38,1.38,1.35,1.3507,1890,0
IPDN.US,5,20211028,174000,1.37,1.38,1.37,1.3717,1127,0
IPDN.US,5,20211028,174500,1.36,1.3601,1.34,1.34,16109,0
IPDN.US,5,20211028,175000,1.34,1.38,1.34,1.38,805,0
IPDN.US,5,20211028,175500,1.3799,1.3799,1.3799,1.3799,2500,0
IPDN.US,5,20211028,180500,1.3638,1.3638,1.3638,1.3638,100,0
IPDN.US,5,20211028,181500,1.36,1.36,1.36,1.36,4000,0
IPDN.US,5,20211028,182000,1.332,1.36,1.332,1.3585,1200,0
IPDN.US,5,20211028,183000,1.36,1.36,1.36,1.36,375,0
IPDN.US,5,20211028,183500,1.36,1.36,1.36,1.36,740,0
IPDN.US,5,20211028,185500,1.3327,1.334,1.3305,1.332,1270,0
IPDN.US,5,20211028,191500,1.35,1.35,1.35,1.35,2700,0
IPDN.US,5,20211028,192000,1.34,1.37,1.34,1.37,2341,0
IPDN.US,5,20211028,194000,1.355,1.355,1.355,1.355,212,0
IPDN.US,5,20211028,201000,1.37,1.37,1.37,1.37,300,0
IPDN.US,5,20211028,202000,1.3601,1.3641,1.36,1.36,2300,0
IPDN.US,5,20211028,202500,1.3673,1.3684,1.3673,1.3684,200,0
IPDN.US,5,20211028,203500,1.364,1.364,1.364,1.364,2500,0
IPDN.US,5,20211028,204000,1.365,1.365,1.36,1.36,1350,0
IPDN.US,5,20211028,205000,1.3682,1.3682,1.3682,1.3682,100,0
IPDN.US,5,20211028,205500,1.3508,1.3508,1.3508,1.3508,2000,0
IPDN.US,5,20211028,210000,1.3501,1.3501,1.35,1.35,1500,0
IPDN.US,5,20211028,211000,1.36,1.36,1.35,1.35,550,0
IPDN.US,5,20211028,212500,1.361,1.361,1.361,1.361,150,0
IPDN.US,5,20211028,214500,1.365,1.3652,1.3507,1.3507,6700,0
IPDN.US,5,20211028,215500,1.35,1.37,1.35,1.37,8523,0
IPDN.US,5,20211029,153000,1.34,1.34,1.3301,1.3301,8048,0
IPDN.US,5,20211029,153500,1.33,1.33,1.32,1.32,973,0
IPDN.US,5,20211029,154000,1.3201,1.345,1.3201,1.345,675,0
IPDN.US,5,20211029,155000,1.3311,1.35,1.33,1.35,11500,0
IPDN.US,5,20211029,155500,1.34,1.34,1.34,1.34,250,0
IPDN.US,5,20211029,160000,1.3259,1.3259,1.3259,1.3259,190,0
IPDN.US,5,20211029,160500,1.36,1.36,1.36,1.36,500,0
IPDN.US,5,20211029,161000,1.359,1.36,1.35,1.35,4360,0
IPDN.US,5,20211029,161500,1.3301,1.3301,1.3301,1.3301,100,0
IPDN.US,5,20211029,162500,1.3363,1.3675,1.3363,1.3675,1145,0
IPDN.US,5,20211029,163000,1.3301,1.35,1.3301,1.35,1300,0
IPDN.US,5,20211029,163500,1.3342,1.3342,1.3342,1.3342,370,0
IPDN.US,5,20211029,164000,1.33,1.3344,1.33,1.3344,554,0
IPDN.US,5,20211029,165000,1.37,1.37,1.37,1.37,900,0
IPDN.US,5,20211029,165500,1.37,1.37,1.37,1.37,800,0
IPDN.US,5,20211029,170500,1.3316,1.3316,1.3316,1.3316,1480,0
IPDN.US,5,20211029,172000,1.3552,1.3552,1.3552,1.3552,100,0
IPDN.US,5,20211029,172500,1.36,1.36,1.349,1.36,900,0
IPDN.US,5,20211029,173000,1.3301,1.3301,1.3301,1.3301,1000,0
IPDN.US,5,20211029,173500,1.36,1.36,1.36,1.36,200,0
IPDN.US,5,20211029,174000,1.3404,1.3404,1.3404,1.3404,102,0
IPDN.US,5,20211029,180500,1.34,1.34,1.34,1.34,3700,0
IPDN.US,5,20211029,183000,1.34,1.34,1.34,1.34,250,0
IPDN.US,5,20211029,183500,1.3301,1.3301,1.3301,1.3301,665,0
IPDN.US,5,20211029,185000,1.335,1.34,1.33,1.3301,1321,0
IPDN.US,5,20211029,185500,1.335,1.34,1.3327,1.34,500,0
IPDN.US,5,20211029,190000,1.345,1.345,1.345,1.345,100,0
IPDN.US,5,20211029,194000,1.333,1.333,1.333,1.333,372,0
IPDN.US,5,20211029,194500,1.33,1.345,1.33,1.345,1460,0
IPDN.US,5,20211029,200000,1.35,1.3505,1.3337,1.3337,2065,0
IPDN.US,5,20211029,200500,1.3499,1.3499,1.3499,1.3499,300,0
IPDN.US,5,20211029,201000,1.3499,1.3499,1.3499,1.3499,100,0
IPDN.US,5,20211029,201500,1.3406,1.3406,1.3406,1.3406,245,0
IPDN.US,5,20211029,202500,1.345,1.345,1.345,1.345,100,0
IPDN.US,5,20211029,203000,1.33,1.33,1.32,1.33,9611,0
IPDN.US,5,20211029,203500,1.33,1.35,1.33,1.35,1000,0
IPDN.US,5,20211029,211500,1.3492,1.35,1.3484,1.35,3440,0
IPDN.US,5,20211029,212000,1.345,1.345,1.345,1.345,200,0
IPDN.US,5,20211029,213000,1.349,1.349,1.3484,1.3484,664,0
IPDN.US,5,20211029,213500,1.35,1.36,1.345,1.36,10400,0
IPDN.US,5,20211029,214000,1.3574,1.3574,1.3574,1.3574,200,0
IPDN.US,5,20211029,214500,1.36,1.36,1.36,1.36,250,0
IPDN.US,5,20211029,215000,1.35,1.36,1.35,1.3536,17049,0
IPDN.US,5,20211029,215500,1.355,1.36,1.34,1.35,12319,0
IPDN.US,5,20211101,143000,1.35,1.35,1.35,1.35,1156,0
IPDN.US,5,20211101,144000,1.35,1.35,1.35,1.35,150,0
IPDN.US,5,20211101,145000,1.35,1.35,1.35,1.35,965,0
IPDN.US,5,20211101,145500,1.36,1.36,1.36,1.36,100,0
IPDN.US,5,20211101,150000,1.36,1.36,1.34,1.34,3300,0
IPDN.US,5,20211101,150500,1.3599,1.36,1.3599,1.36,450,0
IPDN.US,5,20211101,153000,1.3597,1.3597,1.3597,1.3597,1000,0
IPDN.US,5,20211101,153500,1.36,1.37,1.35,1.36,910,0
IPDN.US,5,20211101,160500,1.37,1.37,1.37,1.37,100,0
IPDN.US,5,20211101,161000,1.37,1.37,1.37,1.37,300,0
IPDN.US,5,20211101,162500,1.37,1.38,1.37,1.38,1210,0
IPDN.US,5,20211101,163000,1.37,1.37,1.37,1.37,1400,0
IPDN.US,5,20211101,165500,1.36,1.37,1.36,1.37,2800,0
IPDN.US,5,20211101,171500,1.365,1.37,1.365,1.3698,11470,0
IPDN.US,5,20211101,172500,1.37,1.37,1.37,1.37,11660,0
IPDN.US,5,20211101,174000,1.366,1.366,1.366,1.366,365,0
IPDN.US,5,20211101,175000,1.37,1.37,1.37,1.37,393,0
IPDN.US,5,20211101,175500,1.37,1.37,1.37,1.37,1000,0
IPDN.US,5,20211101,180000,1.37,1.37,1.37,1.37,408,0
IPDN.US,5,20211101,180500,1.37,1.37,1.37,1.37,1866,0
IPDN.US,5,20211101,181500,1.3799,1.3799,1.3799,1.3799,100,0
IPDN.US,5,20211101,183000,1.3799,1.3799,1.3799,1.3799,500,0
IPDN.US,5,20211101,183500,1.3601,1.3799,1.3601,1.3799,1163,0
IPDN.US,5,20211101,184500,1.36,1.36,1.36,1.36,985,0
IPDN.US,5,20211101,185500,1.37,1.38,1.37,1.37,12000,0
IPDN.US,5,20211101,190000,1.37,1.37,1.37,1.37,100,0
IPDN.US,5,20211101,190500,1.36,1.364,1.36,1.362,1079,0
IPDN.US,5,20211101,191500,1.37,1.37,1.37,1.37,1800,0
IPDN.US,5,20211101,192000,1.3601,1.3601,1.3601,1.3601,519,0
IPDN.US,5,20211101,193000,1.37,1.37,1.37,1.37,3150,0
IPDN.US,5,20211101,200500,1.38,1.3859,1.38,1.3859,700,0
IPDN.US,5,20211101,201500,1.3821,1.3821,1.3821,1.3821,500,0
IPDN.US,5,20211101,202500,1.3816,1.385,1.38,1.38,11728,0
IPDN.US,5,20211101,203000,1.385,1.385,1.37,1.3701,11410,0
IPDN.US,5,20211101,204500,1.37,1.37,1.37,1.37,200,0
IPDN.US,5,20211101,205500,1.37,1.3878,1.36,1.38,3482,0
IPDN.US,5,20211102,143000,1.37,1.375,1.34,1.34,13992,0
IPDN.US,5,20211102,143500,1.35,1.36,1.35,1.36,200,0
IPDN.US,5,20211102,144000,1.36,1.37,1.36,1.37,700,0
IPDN.US,5,20211102,145000,1.3648,1.3648,1.3648,1.3648,620,0
IPDN.US,5,20211102,145500,1.365,1.365,1.365,1.365,1000,0
IPDN.US,5,20211102,150500,1.3685,1.3685,1.3685,1.3685,500,0
IPDN.US,5,20211102,152000,1.3682,1.3682,1.3682,1.3682,100,0
IPDN.US,5,20211102,152500,1.36,1.36,1.35,1.35,14745,0
IPDN.US,5,20211102,153000,1.35,1.365,1.35,1.365,8000,0
IPDN.US,5,20211102,155000,1.37,1.37,1.35,1.35,5053,0
IPDN.US,5,20211102,160000,1.37,1.37,1.35,1.35,5995,0
IPDN.US,5,20211102,161000,1.36,1.36,1.36,1.36,300,0
IPDN.US,5,20211102,162000,1.36,1.36,1.36,1.36,200,0
IPDN.US,5,20211102,163500,1.36,1.37,1.36,1.37,1000,0
IPDN.US,5,20211102,164000,1.3527,1.3527,1.35,1.35,215,0
IPDN.US,5,20211102,164500,1.345,1.345,1.34,1.34,4993,0
IPDN.US,5,20211102,165500,1.34,1.34,1.34,1.34,1100,0
IPDN.US,5,20211102,170500,1.359,1.36,1.359,1.36,6500,0
IPDN.US,5,20211102,172000,1.34,1.34,1.33,1.33,1200,0
IPDN.US,5,20211102,172500,1.33,1.34,1.33,1.34,3100,0
IPDN.US,5,20211102,173000,1.33,1.33,1.33,1.33,456,0
IPDN.US,5,20211102,173500,1.3301,1.3301,1.3301,1.3301,100,0
IPDN.US,5,20211102,174500,1.34,1.34,1.34,1.34,141,0
IPDN.US,5,20211102,175500,1.3329,1.3329,1.3329,1.3329,100,0
IPDN.US,5,20211102,181000,1.34,1.34,1.34,1.34,800,0
IPDN.US,5,20211102,183000,1.34,1.34,1.34,1.34,1837,0
IPDN.US,5,20211102,183500,1.34,1.34,1.34,1.34,1000,0
IPDN.US,5,20211102,185000,1.335,1.335,1.335,1.335,199,0
IPDN.US,5,20211102,185500,1.3323,1.3323,1.3323,1.3323,300,0
IPDN.US,5,20211102,191000,1.3391,1.3391,1.3391,1.3391,100,0
IPDN.US,5,20211102,192000,1.33,1.33,1.32,1.32,8460,0
IPDN.US,5,20211102,192500,1.33,1.33,1.33,1.33,2000,0
IPDN.US,5,20211102,193000,1.32,1.32,1.32,1.32,1263,0
IPDN.US,5,20211102,193500,1.325,1.325,1.325,1.325,500,0
IPDN.US,5,20211102,194000,1.3299,1.33,1.325,1.33,1200,0
IPDN.US,5,20211102,195000,1.3292,1.3292,1.3292,1.3292,100,0
IPDN.US,5,20211102,200500,1.33,1.33,1.33,1.33,400,0
IPDN.US,5,20211102,201500,1.33,1.33,1.33,1.33,306,0
IPDN.US,5,20211102,202000,1.335,1.34,1.335,1.3375,2890,0
IPDN.US,5,20211102,203000,1.335,1.335,1.32,1.325,3700,0
IPDN.US,5,20211102,203500,1.32,1.325,1.32,1.32,4500,0
IPDN.US,5,20211102,204000,1.32,1.325,1.32,1.32,3694,0
IPDN.US,5,20211102,204500,1.315,1.315,1.3,1.3104,20597,0
IPDN.US,5,20211102,205000,1.3198,1.33,1.315,1.325,11750,0
IPDN.US,5,20211102,205500,1.32,1.34,1.32,1.33,11804,0
IPDN.US,5,20211103,143000,1.33,1.345,1.33,1.339,2277,0
IPDN.US,5,20211103,143500,1.34,1.34,1.34,1.34,500,0
IPDN.US,5,20211103,144000,1.35,1.35,1.35,1.35,100,0
IPDN.US,5,20211103,145000,1.3499,1.35,1.3499,1.35,3953,0
IPDN.US,5,20211103,150000,1.35,1.35,1.35,1.35,900,0
IPDN.US,5,20211103,151500,1.36,1.36,1.36,1.36,1100,0
IPDN.US,5,20211103,152000,1.36,1.3752,1.36,1.3752,1925,0
IPDN.US,5,20211103,153500,1.37,1.38,1.37,1.37,800,0
IPDN.US,5,20211103,154000,1.3611,1.3611,1.3611,1.3611,500,0
IPDN.US,5,20211103,155000,1.37,1.37,1.37,1.37,1077,0
IPDN.US,5,20211103,160000,1.37,1.37,1.37,1.37,1500,0
IPDN.US,5,20211103,162000,1.365,1.365,1.365,1.365,115,0
IPDN.US,5,20211103,163000,1.3699,1.3699,1.3699,1.3699,100,0
IPDN.US,5,20211103,163500,1.36,1.36,1.36,1.36,2100,0
IPDN.US,5,20211103,164500,1.36,1.36,1.36,1.36,330,0
IPDN.US,5,20211103,165500,1.3636,1.3636,1.3636,1.3636,1450,0
IPDN.US,5,20211103,172000,1.35,1.35,1.35,1.35,923,0
IPDN.US,5,20211103,180500,1.36,1.36,1.36,1.36,100,0
IPDN.US,5,20211103,181000,1.36,1.37,1.36,1.37,3104,0
IPDN.US,5,20211103,182000,1.356,1.356,1.356,1.356,120,0
IPDN.US,5,20211103,182500,1.36,1.36,1.36,1.36,150,0
IPDN.US,5,20211103,190000,1.3501,1.3571,1.3501,1.3571,8200,0
IPDN.US,5,20211103,192500,1.37,1.37,1.37,1.37,500,0
IPDN.US,5,20211103,193000,1.37,1.37,1.36,1.36,606,0
IPDN.US,5,20211103,200000,1.361,1.37,1.361,1.3681,1685,0
IPDN.US,5,20211103,200500,1.37,1.37,1.37,1.37,1511,0
IPDN.US,5,20211103,202500,1.37,1.375,1.37,1.37,3814,0
IPDN.US,5,20211103,203000,1.375,1.38,1.375,1.3781,600,0
IPDN.US,5,20211103,205500,1.37,1.37,1.37,1.37,1258,0
IPDN.US,5,20211104,143000,1.39,1.42,1.38,1.4,19776,0
IPDN.US,5,20211104,143500,1.42,1.43,1.4,1.4,12200,0
IPDN.US,5,20211104,144000,1.4099,1.41,1.4099,1.41,1544,0
IPDN.US,5,20211104,145000,1.4001,1.4001,1.4,1.4,8376,0
IPDN.US,5,20211104,145500,1.4,1.4,1.39,1.39,1500,0
IPDN.US,5,20211104,150000,1.4,1.4,1.4,1.4,700,0
IPDN.US,5,20211104,151000,1.4053,1.4053,1.4053,1.4053,300,0
IPDN.US,5,20211104,152000,1.39,1.39,1.39,1.39,1300,0
IPDN.US,5,20211104,153500,1.3985,1.3985,1.39,1.39,350,0
IPDN.US,5,20211104,155500,1.39,1.4,1.3897,1.4,10600,0
IPDN.US,5,20211104,161000,1.3858,1.3858,1.3858,1.3858,210,0
IPDN.US,5,20211104,162000,1.4,1.4,1.39,1.4,8990,0
IPDN.US,5,20211104,163000,1.4,1.4,1.4,1.4,100,0
IPDN.US,5,20211104,164000,1.395,1.395,1.395,1.395,102,0
IPDN.US,5,20211104,164500,1.3863,1.3863,1.3863,1.3863,500,0
IPDN.US,5,20211104,171500,1.41,1.41,1.41,1.41,200,0
IPDN.US,5,20211104,172000,1.4,1.4,1.4,1.4,108,0
IPDN.US,5,20211104,175000,1.39,1.3902,1.3817,1.3817,5587,0
IPDN.US,5,20211104,175500,1.3801,1.3801,1.38,1.3801,2125,0
IPDN.US,5,20211104,182000,1.39,1.39,1.39,1.39,715,0
IPDN.US,5,20211104,183000,1.384,1.384,1.384,1.384,2453,0
IPDN.US,5,20211104,184000,1.39,1.39,1.3895,1.3895,200,0
IPDN.US,5,20211104,184500,1.39,1.39,1.39,1.39,137,0
IPDN.US,5,20211104,185000,1.39,1.39,1.39,1.39,400,0
IPDN.US,5,20211104,190500,1.385,1.385,1.385,1.385,500,0
IPDN.US,5,20211104,194500,1.38,1.38,1.38,1.38,1883,0
IPDN.US,5,20211104,195000,1.38,1.38,1.38,1.38,1000,0
IPDN.US,5,20211104,195500,1.37,1.38,1.37,1.38,2000,0
IPDN.US,5,20211104,200000,1.38,1.38,1.38,1.38,1000,0
IPDN.US,5,20211104,203500,1.38,1.38,1.37,1.37,1281,0
IPDN.US,5,20211104,204000,1.3843,1.3843,1.3843,1.3843,100,0
IPDN.US,5,20211104,205000,1.37,1.37,1.37,1.37,551,0
IPDN.US,5,20211104,205500,1.37,1.39,1.37,1.39,1052,0
IPDN.US,5,20211105,143000,1.38,1.38,1.38,1.38,375,0
IPDN.US,5,20211105,143500,1.3786,1.38,1.3786,1.38,3180,0
IPDN.US,5,20211105,145500,1.39,1.39,1.39,1.39,350,0
IPDN.US,5,20211105,152000,1.38,1.38,1.38,1.38,250,0
IPDN.US,5,20211105,155500,1.38,1.38,1.37,1.37,1567,0
IPDN.US,5,20211105,160500,1.375,1.375,1.375,1.375,1000,0
IPDN.US,5,20211105,162500,1.39,1.39,1.39,1.39,1118,0
IPDN.US,5,20211105,163000,1.3884,1.3884,1.3884,1.3884,500,0
IPDN.US,5,20211105,164500,1.37,1.37,1.37,1.37,1700,0
IPDN.US,5,20211105,165000,1.36,1.36,1.36,1.36,100,0
IPDN.US,5,20211105,170500,1.38,1.38,1.38,1.38,1100,0
IPDN.US,5,20211105,171500,1.375,1.375,1.375,1.375,100,0
IPDN.US,5,20211105,172000,1.36,1.37,1.36,1.37,2200,0
IPDN.US,5,20211105,174500,1.39,1.39,1.39,1.39,100,0
IPDN.US,5,20211105,175000,1.39,1.39,1.39,1.39,100,0
IPDN.US,5,20211105,181000,1.37,1.37,1.37,1.37,100,0
IPDN.US,5,20211105,181500,1.37,1.37,1.36,1.367,400,0
IPDN.US,5,20211105,182000,1.38,1.38,1.38,1.38,100,0
IPDN.US,5,20211105,183000,1.36,1.36,1.36,1.36,900,0
IPDN.US,5,20211105,184000,1.36,1.36,1.36,1.36,1388,0
IPDN.US,5,20211105,184500,1.36,1.36,1.35,1.35,776,0
IPDN.US,5,20211105,185000,1.36,1.36,1.36,1.36,100,0
IPDN.US,5,20211105,185500,1.35,1.3673,1.35,1.3673,4554,0
IPDN.US,5,20211105,190000,1.34,1.34,1.34,1.34,4100,0
IPDN.US,5,20211105,190500,1.36,1.36,1.36,1.36,725,0
IPDN.US,5,20211105,193500,1.37,1.37,1.3649,1.3649,512,0
IPDN.US,5,20211105,194500,1.365,1.365,1.365,1.365,192,0
IPDN.US,5,20211105,195500,1.37,1.37,1.36,1.36,1139,0
IPDN.US,5,20211105,200500,1.37,1.37,1.36,1.36,1000,0
IPDN.US,5,20211105,201000,1.35,1.35,1.35,1.35,3000,0
IPDN.US,5,20211105,201500,1.35,1.35,1.35,1.35,1804,0
IPDN.US,5,20211105,202000,1.3599,1.3599,1.3599,1.3599,100,0
IPDN.US,5,20211105,204000,1.3594,1.3594,1.3594,1.3594,700,0
IPDN.US,5,20211105,204500,1.36,1.36,1.352,1.352,729,0
IPDN.US,5,20211105,205500,1.36,1.3691,1.35,1.36,5839,0
IPDN.US,5,20211108,153000,1.4,1.4,1.3815,1.3815,14362,0
IPDN.US,5,20211108,153500,1.3995,1.3995,1.3995,1.3995,1600,0
IPDN.US,5,20211108,154000,1.4,1.4,1.38,1.3962,3721,0
IPDN.US,5,20211108,154500,1.39,1.39,1.3824,1.3824,715,0
IPDN.US,5,20211108,155500,1.398,1.398,1.39,1.39,1330,0
IPDN.US,5,20211108,160000,1.39,1.39,1.39,1.39,200,0
IPDN.US,5,20211108,160500,1.39,1.3905,1.39,1.3905,3462,0
IPDN.US,5,20211108,161000,1.3873,1.3873,1.38,1.38,600,0
IPDN.US,5,20211108,161500,1.38,1.38,1.38,1.38,200,0
IPDN.US,5,20211108,162000,1.3801,1.3801,1.3801,1.3801,3000,0
IPDN.US,5,20211108,162500,1.38,1.381,1.38,1.381,550,0
IPDN.US,5,20211108,163500,1.39,1.3948,1.39,1.39,2483,0
IPDN.US,5,20211108,164000,1.39,1.39,1.39,1.39,100,0
IPDN.US,5,20211108,164500,1.39,1.39,1.39,1.39,1752,0
IPDN.US,5,20211108,165000,1.3962,1.3995,1.39,1.39,625,0
IPDN.US,5,20211108,170000,1.4,1.4,1.4,1.4,561,0
IPDN.US,5,20211108,171000,1.4,1.4099,1.4,1.4,5157,0
IPDN.US,5,20211108,171500,1.4,1.4,1.3901,1.4,2571,0
IPDN.US,5,20211108,172000,1.4,1.4,1.4,1.4,600,0
IPDN.US,5,20211108,172500,1.39,1.4,1.39,1.4,1106,0
IPDN.US,5,20211108,173500,1.4,1.4086,1.4,1.4073,725,0
IPDN.US,5,20211108,174000,1.4092,1.41,1.4004,1.4006,2600,0
IPDN.US,5,20211108,174500,1.405,1.405,1.405,1.405,600,0
IPDN.US,5,20211108,175000,1.4005,1.4041,1.4005,1.4041,2200,0
IPDN.US,5,20211108,175500,1.4,1.4005,1.4,1.4005,200,0
IPDN.US,5,20211108,180500,1.4006,1.4006,1.4006,1.4006,200,0
IPDN.US,5,20211108,181500,1.41,1.41,1.41,1.41,100,0
IPDN.US,5,20211108,182500,1.4001,1.4001,1.4001,1.4001,6600,0
IPDN.US,5,20211108,183500,1.4054,1.4054,1.4054,1.4054,500,0
IPDN.US,5,20211108,184000,1.4,1.4025,1.4,1.4,2200,0
IPDN.US,5,20211108,184500,1.4095,1.41,1.4001,1.4001,7400,0
IPDN.US,5,20211108,185000,1.4007,1.4007,1.4,1.4,1900,0
IPDN.US,5,20211108,190000,1.4,1.4005,1.4,1.4,2070,0
IPDN.US,5,20211108,191000,1.4,1.4,1.4,1.4,600,0
IPDN.US,5,20211108,192000,1.405,1.4095,1.405,1.4095,700,0
IPDN.US,5,20211108,192500,1.4095,1.41,1.408,1.41,3500,0
IPDN.US,5,20211108,193500,1.41,1.41,1.41,1.41,100,0
IPDN.US,5,20211108,194000,1.41,1.41,1.4099,1.41,2747,0
IPDN.US,5,20211108,195000,1.41,1.41,1.4042,1.4042,2391,0
IPDN.US,5,20211108,201000,1.41,1.41,1.41,1.41,1400,0
IPDN.US,5,20211108,203000,1.41,1.41,1.41,1.41,2048,0
IPDN.US,5,20211108,210000,1.4112,1.4112,1.41,1.41,1400,0
IPDN.US,5,20211108,211000,1.415,1.415,1.41,1.41,5097,0
IPDN.US,5,20211108,211500,1.4101,1.4117,1.41,1.4117,3600,0
IPDN.US,5,20211108,212000,1.4199,1.42,1.4173,1.42,1469,0
IPDN.US,5,20211108,212500,1.415,1.415,1.41,1.41,3185,0
IPDN.US,5,20211108,213000,1.4066,1.4066,1.4066,1.4066,163,0
IPDN.US,5,20211108,213500,1.41,1.41,1.41,1.41,100,0
IPDN.US,5,20211108,214000,1.41,1.41,1.4,1.4,1852,0
IPDN.US,5,20211108,215500,1.4193,1.42,1.4,1.42,2731,0
IPDN.US,5,20211109,153000,1.43,1.43,1.42,1.42,1071,0
IPDN.US,5,20211109,154000,1.4001,1.4024,1.4001,1.4024,3404,0
IPDN.US,5,20211109,155000,1.4,1.4,1.38,1.38,8452,0
IPDN.US,5,20211109,155500,1.3701,1.39,1.3701,1.39,2934,0
IPDN.US,5,20211109,160000,1.37,1.37,1.37,1.37,1118,0
IPDN.US,5,20211109,160500,1.37,1.37,1.3501,1.3501,4709,0
IPDN.US,5,20211109,161000,1.37,1.39,1.36,1.39,959,0
IPDN.US,5,20211109,161500,1.3874,1.3874,1.3874,1.3874,100,0
IPDN.US,5,20211109,162500,1.3888,1.3888,1.3888,1.3888,1000,0
IPDN.US,5,20211109,163500,1.38,1.38,1.38,1.38,108,0
IPDN.US,5,20211109,164000,1.39,1.39,1.39,1.39,550,0
IPDN.US,5,20211109,164500,1.38,1.38,1.38,1.38,100,0
IPDN.US,5,20211109,165000,1.38,1.3899,1.38,1.3899,2600,0
IPDN.US,5,20211109,171000,1.39,1.39,1.39,1.39,100,0
IPDN.US,5,20211109,172000,1.382,1.382,1.38,1.38,990,0
IPDN.US,5,20211109,174500,1.39,1.39,1.39,1.39,100,0
IPDN.US,5,20211109,175500,1.38,1.383,1.38,1.383,600,0
IPDN.US,5,20211109,180000,1.3886,1.39,1.3886,1.39,1100,0
IPDN.US,5,20211109,184500,1.38,1.38,1.38,1.38,1000,0
IPDN.US,5,20211109,185000,1.38,1.38,1.38,1.38,400,0
IPDN.US,5,20211109,190500,1.3732,1.3732,1.3732,1.3732,947,0
IPDN.US,5,20211109,191000,1.3732,1.3732,1.3732,1.3732,500,0
IPDN.US,5,20211109,194500,1.39,1.39,1.39,1.39,100,0
IPDN.US,5,20211109,195500,1.38,1.38,1.35,1.36,28277,0
IPDN.US,5,20211109,200000,1.35,1.36,1.35,1.3501,2850,0
IPDN.US,5,20211109,200500,1.36,1.3785,1.36,1.3785,1200,0
IPDN.US,5,20211109,201000,1.37,1.37,1.37,1.37,554,0
IPDN.US,5,20211109,210000,1.36,1.3619,1.36,1.3619,655,0
IPDN.US,5,20211109,210500,1.36,1.36,1.36,1.36,2316,0
IPDN.US,5,20211109,211000,1.365,1.365,1.365,1.365,100,0
IPDN.US,5,20211109,212500,1.36,1.36,1.35,1.35,6615,0
IPDN.US,5,20211109,213000,1.38,1.38,1.36,1.37,1287,0
IPDN.US,5,20211109,213500,1.375,1.375,1.37,1.37,941,0
IPDN.US,5,20211109,215000,1.37,1.37,1.36,1.3699,1807,0
IPDN.US,5,20211109,215500,1.3693,1.37,1.36,1.36,1863,0
IPDN.US,5,20211110,153000,1.36,1.36,1.36,1.36,547,0
IPDN.US,5,20211110,154000,1.36,1.36,1.355,1.355,2771,0
IPDN.US,5,20211110,154500,1.36,1.36,1.34,1.35,14564,0
IPDN.US,5,20211110,155000,1.3745,1.3745,1.3745,1.3745,300,0
IPDN.US,5,20211110,160000,1.3699,1.3699,1.3699,1.3699,2000,0
IPDN.US,5,20211110,160500,1.365,1.37,1.365,1.3699,1200,0
IPDN.US,5,20211110,162000,1.3608,1.3608,1.3608,1.3608,100,0
IPDN.US,5,20211110,162500,1.3682,1.3682,1.365,1.365,600,0
IPDN.US,5,20211110,164000,1.3685,1.3685,1.36,1.36,350,0
IPDN.US,5,20211110,164500,1.36,1.3602,1.36,1.3602,2100,0
IPDN.US,5,20211110,165500,1.3686,1.3686,1.3686,1.3686,500,0
IPDN.US,5,20211110,170500,1.3501,1.37,1.3501,1.37,1300,0
IPDN.US,5,20211110,171500,1.3526,1.3647,1.3526,1.3647,600,0
IPDN.US,5,20211110,172000,1.3525,1.3525,1.3525,1.3525,102,0
IPDN.US,5,20211110,174500,1.37,1.37,1.37,1.37,300,0
IPDN.US,5,20211110,175000,1.37,1.37,1.36,1.36,381,0
IPDN.US,5,20211110,180000,1.36,1.36,1.36,1.36,2157,0
IPDN.US,5,20211110,181500,1.37,1.37,1.37,1.37,550,0
IPDN.US,5,20211110,183500,1.3501,1.3501,1.3501,1.3501,100,0
IPDN.US,5,20211110,192000,1.3598,1.3598,1.3598,1.3598,1859,0
IPDN.US,5,20211110,193000,1.36,1.36,1.36,1.36,440,0
IPDN.US,5,20211110,193500,1.36,1.365,1.35,1.35,5746,0
IPDN.US,5,20211110,194000,1.35,1.35,1.35,1.35,1571,0
IPDN.US,5,20211110,195000,1.3501,1.3501,1.3501,1.3501,375,0
IPDN.US,5,20211110,195500,1.36,1.36,1.36,1.36,610,0
IPDN.US,5,20211110,200500,1.35,1.35,1.32,1.32,41410,0
IPDN.US,5,20211110,201000,1.33,1.3301,1.3201,1.3201,4300,0
IPDN.US,5,20211110,202000,1.321,1.3378,1.32,1.3378,1510,0
IPDN.US,5,20211110,202500,1.33,1.34,1.32,1.3397,5927,0
IPDN.US,5,20211110,203000,1.3201,1.3201,1.32,1.32,600,0
IPDN.US,5,20211110,204000,1.33,1.33,1.31,1.31,4300,0
IPDN.US,5,20211110,204500,1.3321,1.3321,1.3321,1.3321,100,0
IPDN.US,5,20211110,205000,1.3311,1.3311,1.3311,1.3311,100,0
IPDN.US,5,20211110,210500,1.34,1.34,1.33,1.33,834,0
IPDN.US,5,20211110,211000,1.33,1.35,1.33,1.33,4364,0
IPDN.US,5,20211110,211500,1.35,1.35,1.35,1.35,200,0
IPDN.US,5,20211110,212000,1.3492,1.3492,1.3492,1.3492,2000,0
IPDN.US,5,20211110,213500,1.33,1.345,1.33,1.34,1900,0
IPDN.US,5,20211110,214500,1.33,1.33,1.33,1.33,564,0
IPDN.US,5,20211110,215500,1.32,1.35,1.32,1.35,3385,0
IPDN.US,5,20211111,153000,1.34,1.34,1.34,1.34,1787,0
IPDN.US,5,20211111,153500,1.35,1.35,1.33,1.33,2000,0
IPDN.US,5,20211111,155500,1.33,1.33,1.33,1.33,829,0
IPDN.US,5,20211111,160000,1.35,1.35,1.35,1.35,356,0
IPDN.US,5,20211111,160500,1.34,1.34,1.34,1.34,918,0
IPDN.US,5,20211111,161500,1.33,1.33,1.33,1.33,499,0
IPDN.US,5,20211111,162000,1.33,1.33,1.33,1.33,300,0
IPDN.US,5,20211111,162500,1.33,1.33,1.32,1.33,1041,0
IPDN.US,5,20211111,163500,1.32,1.32,1.32,1.32,400,0
IPDN.US,5,20211111,164000,1.3215,1.33,1.27,1.27,43849,0
IPDN.US,5,20211111,164500,1.295,1.3,1.295,1.3,400,0
IPDN.US,5,20211111,165000,1.3,1.3,1.29,1.29,1200,0
IPDN.US,5,20211111,165500,1.31,1.31,1.29,1.29,9423,0
IPDN.US,5,20211111,170000,1.3,1.3,1.29,1.29,600,0
IPDN.US,5,20211111,171000,1.3,1.31,1.3,1.3,2525,0
IPDN.US,5,20211111,171500,1.31,1.32,1.31,1.31,2500,0
IPDN.US,5,20211111,172000,1.32,1.32,1.315,1.32,3580,0
IPDN.US,5,20211111,172500,1.3187,1.3187,1.3187,1.3187,600,0
IPDN.US,5,20211111,173000,1.315,1.32,1.315,1.315,1300,0
IPDN.US,5,20211111,173500,1.3104,1.3104,1.3104,1.3104,2500,0
IPDN.US,5,20211111,175000,1.315,1.315,1.315,1.315,200,0
IPDN.US,5,20211111,175500,1.3199,1.3199,1.3199,1.3199,350,0
IPDN.US,5,20211111,180000,1.32,1.32,1.32,1.32,937,0
IPDN.US,5,20211111,180500,1.315,1.315,1.31,1.31,492,0
IPDN.US,5,20211111,181000,1.31,1.31,1.31,1.31,200,0
IPDN.US,5,20211111,182000,1.31,1.31,1.31,1.31,300,0
IPDN.US,5,20211111,182500,1.3108,1.3108,1.3108,1.3108,722,0
IPDN.US,5,20211111,183000,1.3191,1.3191,1.3191,1.3191,500,0
IPDN.US,5,20211111,183500,1.31,1.3107,1.31,1.3107,1100,0
IPDN.US,5,20211111,184000,1.31,1.31,1.31,1.31,200,0
IPDN.US,5,20211111,190000,1.32,1.32,1.32,1.32,500,0
IPDN.US,5,20211111,190500,1.32,1.32,1.32,1.32,100,0
IPDN.US,5,20211111,193000,1.315,1.315,1.315,1.315,502,0
IPDN.US,5,20211111,194500,1.3115,1.3115,1.3115,1.3115,700,0
IPDN.US,5,20211111,200500,1.3181,1.3181,1.3181,1.3181,478,0
IPDN.US,5,20211111,202500,1.31,1.31,1.31,1.31,478,0
IPDN.US,5,20211111,205500,1.315,1.315,1.315,1.315,300,0
IPDN.US,5,20211111,210000,1.315,1.315,1.31,1.31,2100,0
IPDN.US,5,20211111,210500,1.32,1.32,1.32,1.32,614,0
IPDN.US,5,20211111,211500,1.31,1.3105,1.31,1.3105,200,0
IPDN.US,5,20211111,212500,1.31,1.315,1.31,1.315,1699,0
IPDN.US,5,20211111,213000,1.31,1.31,1.3,1.305,7815,0
IPDN.US,5,20211111,213500,1.305,1.305,1.305,1.305,200,0
IPDN.US,5,20211111,214500,1.3,1.3,1.3,1.3,300,0
IPDN.US,5,20211111,215500,1.3,1.305,1.29,1.3,4504,0
