<TICKER>,<PER>,<DATE>,<TIME>,<OPEN>,<HIGH>,<LOW>,<CLOSE>,<VOL>,<OPENINT>
LBPS.US,5,20210922,153000,7.3,7.3,7.3,7.3,441,0
LBPS.US,5,20210922,155000,7.361,7.361,7.361,7.361,296,0
LBPS.US,5,20210922,160000,7.37,7.51,7.37,7.37,2600,0
LBPS.US,5,20210922,160500,7.42,7.42,7.42,7.42,2546,0
LBPS.US,5,20210922,161500,7.5,7.5,7.5,7.5,454,0
LBPS.US,5,20210922,163000,7.51,7.52,7.46,7.46,1800,0
LBPS.US,5,20210922,165000,7.485,7.52,7.45,7.48,1800,0
LBPS.US,5,20210922,165500,7.46,7.53,7.45,7.52,1000,0
LBPS.US,5,20210922,170000,7.545,7.57,7.54,7.55,869,0
LBPS.US,5,20210922,170500,7.55,7.6,7.52,7.52,3900,0
LBPS.US,5,20210922,171000,7.53,7.53,7.45,7.45,900,0
LBPS.US,5,20210922,171500,7.4101,7.42,7.4101,7.42,200,0
LBPS.US,5,20210922,172000,7.45,7.5,7.43,7.43,1500,0
LBPS.US,5,20210922,185000,7.375,7.375,7.375,7.375,1000,0
LBPS.US,5,20210922,212000,7.475,7.475,7.475,7.475,1000,0
LBPS.US,5,20210923,153000,7.22,7.22,7.22,7.22,100,0
LBPS.US,5,20210923,153500,7.21,7.21,7.21,7.21,200,0
LBPS.US,5,20210923,154000,7.21,7.21,7.21,7.21,200,0
LBPS.US,5,20210923,154500,7.21,7.21,7.21,7.21,300,0
LBPS.US,5,20210923,155000,7.21,7.21,7.21,7.21,200,0
LBPS.US,5,20210923,155500,7.21,7.21,7.21,7.21,200,0
LBPS.US,5,20210923,160000,7.21,7.21,7.21,7.21,100,0
LBPS.US,5,20210923,160500,7.21,7.21,7.21,7.21,200,0
LBPS.US,5,20210923,161000,7.21,7.21,7.21,7.21,200,0
LBPS.US,5,20210923,161500,7.21,7.21,7.21,7.21,100,0
LBPS.US,5,20210923,162000,7.21,7.335,7.21,7.22,1200,0
LBPS.US,5,20210923,162500,7.22,7.22,7.22,7.22,100,0
LBPS.US,5,20210923,163000,7.21,7.21,7.21,7.21,200,0
LBPS.US,5,20210923,163500,7.21,7.21,7.21,7.21,100,0
LBPS.US,5,20210923,164000,7.21,7.21,7.21,7.21,200,0
LBPS.US,5,20210923,164500,7.21,7.21,7.21,7.21,200,0
LBPS.US,5,20210923,165000,7.26,7.26,7.26,7.26,200,0
LBPS.US,5,20210923,165500,7.26,7.26,7.26,7.26,100,0
LBPS.US,5,20210923,170000,7.25,7.26,7.25,7.26,1199,0
LBPS.US,5,20210923,170500,7.25,7.33,7.25,7.33,400,0
LBPS.US,5,20210923,171000,7.27,7.27,7.27,7.27,100,0
LBPS.US,5,20210923,171500,7.27,7.27,7.26,7.26,200,0
LBPS.US,5,20210923,172000,7.26,7.26,7.26,7.26,100,0
LBPS.US,5,20210923,172500,7.26,7.26,7.26,7.26,100,0
LBPS.US,5,20210923,173000,7.26,7.26,7.2,7.2,400,0
LBPS.US,5,20210923,173500,7.16,7.16,7.12,7.12,200,0
LBPS.US,5,20210923,174500,7.19,7.19,7.19,7.19,100,0
LBPS.US,5,20210923,175000,7.06,7.06,7.06,7.06,100,0
LBPS.US,5,20210923,180000,7.06,7.06,7.06,7.06,100,0
LBPS.US,5,20210923,180500,7.07,7.07,7.07,7.07,100,0
LBPS.US,5,20210923,181000,7.08,7.08,7.08,7.08,100,0
LBPS.US,5,20210923,181500,7.11,7.11,7.11,7.11,100,0
LBPS.US,5,20210923,182000,7.09,7.13,7.09,7.13,300,0
LBPS.US,5,20210923,182500,7.19,7.19,7.19,7.19,100,0
LBPS.US,5,20210923,183500,7.19,7.19,7.19,7.19,200,0
LBPS.US,5,20210923,185000,7.19,7.19,7.19,7.19,200,0
LBPS.US,5,20210923,190500,7.16,7.16,7.16,7.16,100,0
LBPS.US,5,20210923,191500,7.17,7.2604,7.17,7.26,1900,0
LBPS.US,5,20210923,194000,7.26,7.26,7.26,7.26,200,0
LBPS.US,5,20210923,194500,7.275,7.275,7.275,7.275,500,0
LBPS.US,5,20210923,195000,7.26,7.26,7.22,7.22,300,0
LBPS.US,5,20210923,200000,7.22,7.22,7.22,7.22,100,0
LBPS.US,5,20210923,201000,7.22,7.22,7.22,7.22,800,0
LBPS.US,5,20210923,201500,7.22,7.22,7.22,7.22,100,0
LBPS.US,5,20210923,202500,7.22,7.22,7.22,7.22,100,0
LBPS.US,5,20210923,203000,7.22,7.22,7.22,7.22,100,0
LBPS.US,5,20210923,204500,7.2917,7.2917,7.2917,7.2917,300,0
LBPS.US,5,20210923,205000,7.3293,7.3293,7.22,7.22,504,0
LBPS.US,5,20210923,205500,7.18,7.18,7.18,7.18,100,0
LBPS.US,5,20210923,210000,7.18,7.18,7.18,7.18,100,0
LBPS.US,5,20210923,210500,7.33,7.33,7.2,7.2,279,0
LBPS.US,5,20210923,211500,7.2,7.35,7.2,7.35,200,0
LBPS.US,5,20210923,212000,7.2,7.2,7.2,7.2,100,0
LBPS.US,5,20210923,212500,7.2,7.2,7.2,7.2,100,0
LBPS.US,5,20210923,213000,7.21,7.21,7.21,7.21,100,0
LBPS.US,5,20210923,213500,7.18,7.18,7.18,7.18,100,0
LBPS.US,5,20210923,214000,7.19,7.19,7.19,7.19,100,0
LBPS.US,5,20210923,214500,7.19,7.19,7.19,7.19,100,0
LBPS.US,5,20210923,215000,7.275,7.275,7.19,7.19,700,0
LBPS.US,5,20210923,215500,7.2,7.2,7.19,7.19,1000,0
LBPS.US,5,20210924,153000,7.16,7.16,7.16,7.16,100,0
LBPS.US,5,20210924,153500,7.16,7.16,7.16,7.16,200,0
LBPS.US,5,20210924,154000,7.21,7.21,7.14,7.14,300,0
LBPS.US,5,20210924,154500,7.14,7.14,7.14,7.14,200,0
LBPS.US,5,20210924,155000,7.17,7.17,7.14,7.14,300,0
LBPS.US,5,20210924,155500,7.18,7.18,7.13,7.13,200,0
LBPS.US,5,20210924,160000,7.12,7.16,7.12,7.16,200,0
LBPS.US,5,20210924,160500,7.16,7.16,7.16,7.16,200,0
LBPS.US,5,20210924,161000,7.16,7.16,7.14,7.14,200,0
LBPS.US,5,20210924,161500,7.1,7.1,7.1,7.1,200,0
LBPS.US,5,20210924,162000,7.11,7.12,7.11,7.12,200,0
LBPS.US,5,20210924,163000,7.12,7.12,7.12,7.12,100,0
LBPS.US,5,20210924,163500,7.13,7.13,7.13,7.13,200,0
LBPS.US,5,20210924,164000,7.11,7.11,7.11,7.11,200,0
LBPS.US,5,20210924,164500,7.1,7.1,7.1,7.1,200,0
LBPS.US,5,20210924,165000,7.1,7.1,7.1,7.1,300,0
LBPS.US,5,20210924,165500,7.1,7.1,7.1,7.1,200,0
LBPS.US,5,20210924,170000,7.1,7.1,7.08,7.08,200,0
LBPS.US,5,20210924,170500,7.08,7.08,7.08,7.08,100,0
LBPS.US,5,20210924,171000,7.07,7.07,7.07,7.07,100,0
LBPS.US,5,20210924,171500,7.07,7.1024,7.07,7.08,300,0
LBPS.US,5,20210924,172000,7.11,7.11,7.11,7.11,100,0
LBPS.US,5,20210924,172500,7.07,7.07,7.07,7.07,100,0
LBPS.US,5,20210924,173000,7.25,7.25,7.04,7.04,288,0
LBPS.US,5,20210924,173500,7.04,7.04,7.04,7.04,100,0
LBPS.US,5,20210924,174000,7,7,7,7,100,0
LBPS.US,5,20210924,174500,7,7,7,7,100,0
LBPS.US,5,20210924,175000,7.08,7.3404,7.08,7.3404,239,0
LBPS.US,5,20210924,175500,7.04,7.04,7.04,7.04,200,0
LBPS.US,5,20210924,180000,7.1,7.1,7.1,7.1,100,0
LBPS.US,5,20210924,180500,7.1,7.1,7.1,7.1,100,0
LBPS.US,5,20210924,181000,7.1,7.1,7.1,7.1,100,0
LBPS.US,5,20210924,181500,7.1,7.1,7.1,7.1,100,0
LBPS.US,5,20210924,182000,7.1,7.1,7.1,7.1,100,0
LBPS.US,5,20210924,182500,7.1,7.1,7.1,7.1,100,0
LBPS.US,5,20210924,183500,7,7,7,7,100,0
LBPS.US,5,20210924,190000,7.1,7.1,7.1,7.1,100,0
LBPS.US,5,20210924,190500,7.02,7.02,7.02,7.02,100,0
LBPS.US,5,20210924,191000,7.09,7.09,7.09,7.09,100,0
LBPS.US,5,20210924,191500,7.09,7.09,7.09,7.09,100,0
LBPS.US,5,20210924,192000,7.09,7.09,7.09,7.09,100,0
LBPS.US,5,20210924,193000,7.09,7.09,7.02,7.02,722,0
LBPS.US,5,20210924,195000,7.01,7.01,7.01,7.01,100,0
LBPS.US,5,20210924,195500,7.02,7.02,7.01,7.01,801,0
LBPS.US,5,20210924,200000,7.01,7.01,7.01,7.01,100,0
LBPS.US,5,20210924,201000,7.01,7.01,7.01,7.01,100,0
LBPS.US,5,20210924,201500,7.01,7.01,7.01,7.01,200,0
LBPS.US,5,20210924,202000,7.01,7.01,7.01,7.01,100,0
LBPS.US,5,20210924,202500,7.01,7.01,7.01,7.01,100,0
LBPS.US,5,20210924,203000,7.01,7.01,7.01,7.01,100,0
LBPS.US,5,20210924,203500,7.01,7.01,7.01,7.01,100,0
LBPS.US,5,20210924,204000,7.01,7.01,7.01,7.01,100,0
LBPS.US,5,20210924,204500,7.12,7.12,7.01,7.12,600,0
LBPS.US,5,20210924,205000,7.01,7.01,7.01,7.01,100,0
LBPS.US,5,20210924,205500,7.01,7.01,7.01,7.01,100,0
LBPS.US,5,20210924,210000,7.01,7.01,7.01,7.01,100,0
LBPS.US,5,20210924,210500,7.02,7.02,7.01,7.01,200,0
LBPS.US,5,20210924,211000,7.01,7.01,7.01,7.01,100,0
LBPS.US,5,20210924,211500,7.03,7.03,7.03,7.03,100,0
LBPS.US,5,20210924,212000,7.02,7.02,7.02,7.02,100,0
LBPS.US,5,20210924,212500,7.02,7.02,7.01,7.01,252,0
LBPS.US,5,20210924,213000,7.03,7.03,7.03,7.03,100,0
LBPS.US,5,20210924,214000,7.01,7.01,7.01,7.01,100,0
LBPS.US,5,20210924,214500,7.14,7.16,7.14,7.15,4323,0
LBPS.US,5,20210924,215000,7.25,7.26,7.25,7.26,300,0
LBPS.US,5,20210924,215500,7.12,7.1457,7.12,7.12,1660,0
LBPS.US,5,20210927,153000,6.95,6.95,6.93,6.93,1433,0
LBPS.US,5,20210927,153500,6.93,6.9315,6.93,6.9315,2005,0
LBPS.US,5,20210927,160000,6.9,6.9,6.9,6.9,400,0
LBPS.US,5,20210927,161000,6.952,6.952,6.952,6.952,100,0
LBPS.US,5,20210927,171000,7,7,6.9068,6.91,1500,0
LBPS.US,5,20210927,173000,7,7,7,7,500,0
LBPS.US,5,20210927,174000,7,7.1,7,7.05,895,0
LBPS.US,5,20210927,180500,7,7,7,7,1000,0
LBPS.US,5,20210927,181000,7.05,7.05,6.9,6.9,400,0
LBPS.US,5,20210927,181500,6.9,6.9,6.9,6.9,100,0
LBPS.US,5,20210927,182000,6.95,6.95,6.95,6.95,200,0
LBPS.US,5,20210927,182500,6.95,7,6.95,7,2974,0
LBPS.US,5,20210927,183000,7.08,7.08,6.91,6.91,2137,0
LBPS.US,5,20210927,184000,6.9,6.91,6.9,6.91,200,0
LBPS.US,5,20210927,184500,6.91,6.91,6.91,6.91,200,0
LBPS.US,5,20210927,185000,6.91,6.91,6.91,6.91,200,0
LBPS.US,5,20210927,185500,6.9,6.9,6.88,6.88,813,0
LBPS.US,5,20210927,190500,6.88,6.88,6.82,6.82,200,0
LBPS.US,5,20210927,191500,6.84,6.84,6.84,6.84,200,0
LBPS.US,5,20210927,192000,6.84,6.84,6.84,6.84,100,0
LBPS.US,5,20210927,192500,6.84,6.84,6.84,6.84,200,0
LBPS.US,5,20210927,193000,6.84,6.84,6.84,6.84,100,0
LBPS.US,5,20210927,193500,6.84,6.84,6.84,6.84,100,0
LBPS.US,5,20210927,194000,6.895,6.895,6.84,6.84,250,0
LBPS.US,5,20210927,194500,6.84,6.84,6.84,6.84,100,0
LBPS.US,5,20210927,195000,6.8,6.82,6.76,6.76,2641,0
LBPS.US,5,20210927,195500,6.77,6.77,6.77,6.77,100,0
LBPS.US,5,20210927,200000,6.77,6.77,6.77,6.77,100,0
LBPS.US,5,20210927,200500,6.77,6.8,6.77,6.8,300,0
LBPS.US,5,20210927,201000,6.77,6.77,6.77,6.77,100,0
LBPS.US,5,20210927,201500,6.77,6.77,6.77,6.77,100,0
LBPS.US,5,20210927,202000,6.8,6.8,6.8,6.8,100,0
LBPS.US,5,20210927,202500,6.8,6.8,6.77,6.77,200,0
LBPS.US,5,20210927,203000,6.77,6.77,6.77,6.77,100,0
LBPS.US,5,20210927,203500,6.77,6.77,6.77,6.77,100,0
LBPS.US,5,20210927,204000,6.77,6.78,6.77,6.78,200,0
LBPS.US,5,20210927,204500,6.77,6.77,6.77,6.77,100,0
LBPS.US,5,20210927,205000,6.92,6.92,6.77,6.77,500,0
LBPS.US,5,20210927,205500,6.78,6.78,6.78,6.78,100,0
LBPS.US,5,20210927,210000,6.85,6.85,6.78,6.78,550,0
LBPS.US,5,20210927,210500,6.78,6.78,6.78,6.78,200,0
LBPS.US,5,20210927,211000,6.78,6.78,6.78,6.78,200,0
LBPS.US,5,20210927,211500,6.78,6.78,6.78,6.78,200,0
LBPS.US,5,20210927,212000,6.78,6.78,6.78,6.78,300,0
LBPS.US,5,20210927,212500,6.78,6.78,6.78,6.78,500,0
LBPS.US,5,20210927,213000,6.83,6.83,6.79,6.79,200,0
LBPS.US,5,20210927,213500,6.79,6.92,6.78,6.78,600,0
LBPS.US,5,20210927,214000,6.78,6.78,6.78,6.78,200,0
LBPS.US,5,20210927,214500,6.78,6.92,6.78,6.78,1400,0
LBPS.US,5,20210927,215000,6.78,6.78,6.75,6.75,200,0
LBPS.US,5,20210927,215500,6.76,6.76,6.75,6.75,1000,0
LBPS.US,5,20210928,153000,6.85,6.9,6.85,6.9,706,0
LBPS.US,5,20210928,155000,6.87,6.87,6.87,6.87,171,0
LBPS.US,5,20210928,155500,6.87,6.87,6.87,6.87,500,0
LBPS.US,5,20210928,160000,6.82,6.82,6.82,6.82,100,0
LBPS.US,5,20210928,160500,6.82,6.82,6.8,6.8,300,0
LBPS.US,5,20210928,161000,6.76,6.76,6.76,6.76,200,0
LBPS.US,5,20210928,161500,6.76,6.8125,6.76,6.8125,400,0
LBPS.US,5,20210928,162000,6.77,6.77,6.77,6.77,100,0
LBPS.US,5,20210928,162500,6.77,6.77,6.77,6.77,300,0
LBPS.US,5,20210928,163000,6.77,6.77,6.77,6.77,400,0
LBPS.US,5,20210928,163500,6.77,6.77,6.77,6.77,400,0
LBPS.US,5,20210928,164000,6.76,6.76,6.76,6.76,200,0
LBPS.US,5,20210928,164500,6.75,6.75,6.75,6.75,794,0
LBPS.US,5,20210928,165000,6.76,6.76,6.76,6.76,400,0
LBPS.US,5,20210928,165500,6.76,6.76,6.76,6.76,400,0
LBPS.US,5,20210928,170000,6.77,6.77,6.76,6.76,400,0
LBPS.US,5,20210928,170500,6.76,6.76,6.76,6.76,300,0
LBPS.US,5,20210928,171000,6.76,6.76,6.76,6.76,400,0
LBPS.US,5,20210928,171500,6.77,6.8181,6.77,6.77,645,0
LBPS.US,5,20210928,172000,6.79,6.79,6.79,6.79,200,0
LBPS.US,5,20210928,172500,6.79,6.79,6.79,6.79,100,0
LBPS.US,5,20210928,173000,6.7,6.7,6.7,6.7,404,0
LBPS.US,5,20210928,173500,6.63,6.8599,6.61,6.61,300,0
LBPS.US,5,20210928,174000,6.62,6.62,6.62,6.62,100,0
LBPS.US,5,20210928,174500,6.62,6.62,6.62,6.62,100,0
LBPS.US,5,20210928,175000,6.63,6.63,6.61,6.61,200,0
LBPS.US,5,20210928,175500,6.63,6.63,6.63,6.63,100,0
LBPS.US,5,20210928,180000,6.61,6.61,6.61,6.61,100,0
LBPS.US,5,20210928,180500,6.61,6.61,6.61,6.61,200,0
LBPS.US,5,20210928,181000,6.64,6.64,6.64,6.64,100,0
LBPS.US,5,20210928,181500,6.65,6.65,6.65,6.65,100,0
LBPS.US,5,20210928,182000,6.65,6.65,6.65,6.65,100,0
LBPS.US,5,20210928,182500,6.65,6.65,6.65,6.65,100,0
LBPS.US,5,20210928,183000,6.65,6.65,6.65,6.65,100,0
LBPS.US,5,20210928,183500,6.65,6.65,6.65,6.65,100,0
LBPS.US,5,20210928,184000,6.65,6.65,6.65,6.65,100,0
LBPS.US,5,20210928,184500,6.65,6.65,6.65,6.65,100,0
LBPS.US,5,20210928,185000,6.65,6.65,6.65,6.65,100,0
LBPS.US,5,20210928,185500,6.65,6.65,6.65,6.65,100,0
LBPS.US,5,20210928,190000,6.65,6.65,6.65,6.65,100,0
LBPS.US,5,20210928,190500,6.65,6.65,6.65,6.65,100,0
LBPS.US,5,20210928,191000,6.65,6.65,6.65,6.65,100,0
LBPS.US,5,20210928,191500,6.65,6.65,6.65,6.65,100,0
LBPS.US,5,20210928,192000,6.65,6.65,6.65,6.65,100,0
LBPS.US,5,20210928,192500,6.65,6.65,6.65,6.65,100,0
LBPS.US,5,20210928,193500,6.6,6.6,6.6,6.6,100,0
LBPS.US,5,20210928,194500,6.64,6.64,6.64,6.64,100,0
LBPS.US,5,20210928,195000,6.65,6.65,6.65,6.65,100,0
LBPS.US,5,20210928,195500,6.65,6.65,6.65,6.65,100,0
LBPS.US,5,20210928,200000,6.65,6.65,6.65,6.65,100,0
LBPS.US,5,20210928,200500,6.65,6.65,6.65,6.65,100,0
LBPS.US,5,20210928,201000,6.64,6.64,6.64,6.64,100,0
LBPS.US,5,20210928,201500,6.8599,6.8599,6.8599,6.8599,1000,0
LBPS.US,5,20210928,202000,6.65,6.65,6.65,6.65,100,0
LBPS.US,5,20210928,202500,6.65,6.65,6.65,6.65,100,0
LBPS.US,5,20210928,203000,6.65,6.65,6.65,6.65,200,0
LBPS.US,5,20210928,203500,6.65,6.65,6.65,6.65,100,0
LBPS.US,5,20210928,204000,6.65,6.65,6.65,6.65,100,0
LBPS.US,5,20210928,204500,6.65,6.65,6.65,6.65,100,0
LBPS.US,5,20210928,205000,6.66,6.66,6.66,6.66,100,0
LBPS.US,5,20210928,205500,6.65,6.65,6.65,6.65,200,0
LBPS.US,5,20210928,210000,6.65,6.65,6.65,6.65,100,0
LBPS.US,5,20210928,210500,6.65,6.65,6.65,6.65,100,0
LBPS.US,5,20210928,211000,6.65,6.65,6.65,6.65,200,0
LBPS.US,5,20210928,211500,6.65,6.65,6.65,6.65,100,0
LBPS.US,5,20210928,212000,6.66,6.66,6.66,6.66,100,0
LBPS.US,5,20210928,212500,6.65,6.65,6.65,6.65,200,0
LBPS.US,5,20210928,213000,6.63,6.63,6.63,6.63,100,0
LBPS.US,5,20210928,213500,6.6,6.6,6.6,6.6,100,0
LBPS.US,5,20210928,214000,6.6,6.6,6.6,6.6,100,0
LBPS.US,5,20210928,214500,6.6,6.73,6.6,6.73,576,0
LBPS.US,5,20210928,215000,6.61,6.63,6.61,6.63,200,0
LBPS.US,5,20210928,215500,6.61,6.61,6.6,6.6,500,0
LBPS.US,5,20210929,154000,6.55,6.65,6.51,6.51,2645,0
LBPS.US,5,20210929,155000,6.47,6.5,6.47,6.485,1353,0
LBPS.US,5,20210929,160500,6.4629,6.4629,6.44,6.44,200,0
LBPS.US,5,20210929,161000,6.44,6.44,6.39,6.4,3500,0
LBPS.US,5,20210929,161500,6.4,6.4,6.3976,6.3976,200,0
LBPS.US,5,20210929,163000,6.455,6.455,6.455,6.455,200,0
LBPS.US,5,20210929,163500,6.44,6.44,6.4,6.4,600,0
LBPS.US,5,20210929,164000,6.39,6.39,6.375,6.375,200,0
LBPS.US,5,20210929,164500,6.4,6.4,6.4,6.4,800,0
LBPS.US,5,20210929,165000,6.36,6.36,6.36,6.36,329,0
LBPS.US,5,20210929,170000,6.3963,6.4,6.37,6.37,11203,0
LBPS.US,5,20210929,170500,6.4599,6.4599,6.4599,6.4599,200,0
LBPS.US,5,20210929,180000,6.48,6.49,6.48,6.49,1000,0
LBPS.US,5,20210929,184000,6.445,6.445,6.445,6.445,208,0
LBPS.US,5,20210929,191000,6.445,6.445,6.4,6.4,11500,0
LBPS.US,5,20210929,191500,6.4,6.4,6.4,6.4,300,0
LBPS.US,5,20210929,214500,6.48,6.49,6.48,6.49,2200,0
LBPS.US,5,20210929,215000,6.4,6.4,6.3,6.3,3048,0
LBPS.US,5,20210929,215500,6.3135,6.32,6.31,6.31,1887,0
LBPS.US,5,20210930,153000,6.11,6.11,6.11,6.11,479,0
LBPS.US,5,20210930,153500,6.2658,6.2658,6.2158,6.2158,225,0
LBPS.US,5,20210930,154000,6.12,6.12,6.1,6.1,700,0
LBPS.US,5,20210930,154500,6.195,6.195,6.1,6.1,495,0
LBPS.US,5,20210930,170000,6.2,6.23,6.18,6.18,900,0
LBPS.US,5,20210930,171500,6.18,6.18,6.18,6.18,100,0
LBPS.US,5,20210930,172500,6.34,6.36,6.34,6.36,887,0
LBPS.US,5,20210930,174500,6.205,6.205,6.2,6.205,4400,0
LBPS.US,5,20210930,182500,6.15,6.15,6.15,6.15,100,0
LBPS.US,5,20210930,184000,6.15,6.16,6.12,6.15,2050,0
LBPS.US,5,20210930,190500,6.12,6.29,6.12,6.215,4100,0
LBPS.US,5,20210930,191000,6.16,6.16,6.16,6.16,205,0
LBPS.US,5,20210930,191500,6.23,6.23,6.15,6.175,2247,0
LBPS.US,5,20210930,192000,6.22,6.22,6.22,6.22,1300,0
LBPS.US,5,20210930,195000,6.16,6.165,6.15,6.155,1000,0
LBPS.US,5,20210930,200000,6.16,6.16,6.16,6.16,800,0
LBPS.US,5,20210930,200500,6.16,6.16,6.16,6.16,800,0
LBPS.US,5,20210930,201000,6.19,6.19,6.19,6.19,150,0
LBPS.US,5,20210930,203000,6.16,6.16,6.16,6.16,200,0
LBPS.US,5,20210930,204000,6.16,6.18,6.16,6.18,5205,0
LBPS.US,5,20210930,204500,6.2,6.2,6.2,6.2,200,0
LBPS.US,5,20210930,205000,6.225,6.225,6.2,6.2,1000,0
LBPS.US,5,20210930,210000,6.2,6.2,6.2,6.2,400,0
LBPS.US,5,20210930,210500,6.2,6.2,6.2,6.2,300,0
LBPS.US,5,20210930,211000,6.2,6.2,6.2,6.2,600,0
LBPS.US,5,20210930,211500,6.2,6.2,6.16,6.16,900,0
LBPS.US,5,20210930,212000,6.16,6.16,6.16,6.16,300,0
LBPS.US,5,20210930,212500,6.16,6.16,6.16,6.16,100,0
LBPS.US,5,20210930,213000,6.16,6.16,6.16,6.16,400,0
LBPS.US,5,20210930,213500,6.16,6.16,6.16,6.16,500,0
LBPS.US,5,20210930,214000,6.16,6.16,6.16,6.16,300,0
LBPS.US,5,20210930,214500,6.16,6.16,6.16,6.16,500,0
LBPS.US,5,20210930,215000,6.16,6.17,6.16,6.17,400,0
LBPS.US,5,20210930,215500,6.17,6.17,6.16,6.16,700,0
LBPS.US,5,20211001,153000,6.1,6.1,6.1,6.1,2254,0
LBPS.US,5,20211001,153500,6.125,6.125,6.125,6.125,800,0
LBPS.US,5,20211001,154500,6.09,6.1,6.075,6.075,4100,0
LBPS.US,5,20211001,155500,6.122,6.122,6.122,6.122,1500,0
LBPS.US,5,20211001,160500,6.09,6.15,6.09,6.15,1417,0
LBPS.US,5,20211001,162500,6.15,6.16,6.15,6.16,900,0
LBPS.US,5,20211001,172500,6.13,6.13,6.13,6.13,100,0
LBPS.US,5,20211001,175000,6.1,6.1,6.1,6.1,500,0
LBPS.US,5,20211001,201000,6.2264,6.2264,6.2264,6.2264,200,0
LBPS.US,5,20211001,201500,6.2001,6.2001,6.2001,6.2001,500,0
LBPS.US,5,20211001,202500,6.2,6.2,6.2,6.2,1000,0
LBPS.US,5,20211001,203500,6.2,6.2,6.2,6.2,800,0
LBPS.US,5,20211001,204000,6.1162,6.1162,6.1162,6.1162,450,0
LBPS.US,5,20211001,214500,6.2196,6.2196,6.2196,6.2196,435,0
LBPS.US,5,20211004,153000,6.49,6.7363,6.49,6.56,3687,0
LBPS.US,5,20211004,154000,6.74,6.74,6.61,6.675,1851,0
LBPS.US,5,20211004,154500,6.73,6.73,6.62,6.62,3618,0
LBPS.US,5,20211004,155000,6.6,6.64,6.6,6.6,585,0
LBPS.US,5,20211004,155500,6.61,6.61,6.56,6.57,1964,0
LBPS.US,5,20211004,160000,6.68,6.68,6.68,6.68,300,0
LBPS.US,5,20211004,160500,6.68,6.69,6.61,6.62,1300,0
LBPS.US,5,20211004,161000,6.74,6.75,6.64,6.66,4700,0
LBPS.US,5,20211004,161500,6.66,6.71,6.66,6.71,907,0
LBPS.US,5,20211004,162000,6.7,6.7,6.7,6.7,200,0
LBPS.US,5,20211004,162500,6.76,6.76,6.76,6.76,200,0
LBPS.US,5,20211004,163000,6.7583,6.8398,6.745,6.8398,1776,0
LBPS.US,5,20211004,163500,6.805,6.805,6.7955,6.7955,300,0
LBPS.US,5,20211004,164500,6.825,6.825,6.825,6.825,250,0
LBPS.US,5,20211004,165500,6.84,6.845,6.84,6.84,700,0
LBPS.US,5,20211004,170000,6.86,6.86,6.85,6.86,900,0
LBPS.US,5,20211004,170500,6.84,6.8999,6.84,6.8999,1099,0
LBPS.US,5,20211004,172000,6.85,6.8707,6.85,6.8707,300,0
LBPS.US,5,20211004,173000,6.65,6.65,6.65,6.65,100,0
LBPS.US,5,20211004,174500,6.77,6.77,6.75,6.76,960,0
LBPS.US,5,20211004,175000,6.76,6.76,6.76,6.76,500,0
LBPS.US,5,20211004,181000,6.85,6.85,6.73,6.73,1450,0
LBPS.US,5,20211004,201000,6.7429,6.7429,6.7429,6.7429,100,0
LBPS.US,5,20211004,203000,6.7944,6.7944,6.7944,6.7944,400,0
LBPS.US,5,20211004,205000,6.81,6.81,6.81,6.81,100,0
LBPS.US,5,20211004,210000,6.785,6.785,6.785,6.785,300,0
LBPS.US,5,20211004,214000,6.78,6.78,6.78,6.78,350,0
LBPS.US,5,20211004,215000,6.75,6.75,6.75,6.75,100,0
LBPS.US,5,20211004,215500,6.75,6.83,6.75,6.83,4105,0
LBPS.US,5,20211005,153000,6.72,6.72,6.68,6.7,2309,0
LBPS.US,5,20211005,163500,6.58,6.58,6.58,6.58,151,0
LBPS.US,5,20211005,164000,6.71,6.71,6.71,6.71,877,0
LBPS.US,5,20211005,181500,6.71,6.71,6.71,6.71,146,0
LBPS.US,5,20211005,182000,6.71,6.71,6.71,6.71,118,0
LBPS.US,5,20211005,205000,6.675,6.675,6.675,6.675,200,0
LBPS.US,5,20211005,215500,6.7,6.74,6.7,6.74,400,0
LBPS.US,5,20211006,153000,6.42,6.42,6.42,6.42,450,0
LBPS.US,5,20211006,154000,6.42,6.42,6.41,6.42,500,0
LBPS.US,5,20211006,154500,6.3,6.301,6.3,6.301,300,0
LBPS.US,5,20211006,164500,6.3,6.3,6.3,6.3,100,0
LBPS.US,5,20211006,171000,6.43,6.43,6.43,6.43,100,0
LBPS.US,5,20211006,172500,6.2655,6.2655,6.2655,6.2655,100,0
LBPS.US,5,20211006,193000,6.39,6.39,6.39,6.39,100,0
LBPS.US,5,20211006,210000,6.4,6.5,6.4,6.5,2100,0
LBPS.US,5,20211007,153000,6.44,6.44,6.44,6.44,106,0
LBPS.US,5,20211007,204000,6.3021,6.3021,6.3021,6.3021,500,0
LBPS.US,5,20211007,215500,6.56,6.56,6.56,6.56,106,0
LBPS.US,5,20211008,153000,7.2,7.2009,7.2,7.2,10431,0
LBPS.US,5,20211008,153500,7.2,7.2012,7.2,7.2,4580,0
LBPS.US,5,20211008,154500,7.11,7.14,7.08,7.14,2350,0
LBPS.US,5,20211008,155500,7.123,7.15,7.123,7.15,2270,0
LBPS.US,5,20211008,161000,7.1169,7.1169,7.1169,7.1169,2000,0
LBPS.US,5,20211008,161500,7.0988,7.11,7.0988,7.11,300,0
LBPS.US,5,20211008,162000,7.075,7.075,7.075,7.075,100,0
LBPS.US,5,20211008,163000,7.05,7.05,7.05,7.05,125,0
LBPS.US,5,20211008,164000,7.05,7.05,7.05,7.05,500,0
LBPS.US,5,20211008,164500,7,7.01,7,7,2265,0
LBPS.US,5,20211008,165000,6.95,6.95,6.95,6.95,285,0
LBPS.US,5,20211008,174000,6.9571,6.9571,6.9571,6.9571,160,0
LBPS.US,5,20211008,182500,6.96,6.96,6.96,6.96,200,0
LBPS.US,5,20211008,184000,6.99,7,6.99,7,750,0
LBPS.US,5,20211008,185000,7,7,7,7,860,0
LBPS.US,5,20211008,190000,7,7,7,7,1000,0
LBPS.US,5,20211008,191500,7,7,7,7,500,0
LBPS.US,5,20211008,192000,6.9964,6.9964,6.9964,6.9964,500,0
LBPS.US,5,20211008,193000,7,7,7,7,100,0
LBPS.US,5,20211008,203000,7,7,7,7,400,0
LBPS.US,5,20211008,203500,6.985,6.985,6.9701,6.9701,400,0
LBPS.US,5,20211008,205000,7,7,7,7,200,0
LBPS.US,5,20211008,205500,6.9793,6.9793,6.9793,6.9793,200,0
LBPS.US,5,20211008,212000,7,7,6.99,6.99,2045,0
LBPS.US,5,20211008,212500,6.98,7.015,6.9,6.9,7232,0
LBPS.US,5,20211008,214500,6.93,6.95,6.93,6.94,800,0
LBPS.US,5,20211008,215500,6.94,7.07,6.94,7.07,5514,0
LBPS.US,5,20211011,153000,6.87,6.87,6.87,6.87,856,0
LBPS.US,5,20211011,155500,6.88,6.88,6.88,6.88,500,0
LBPS.US,5,20211011,170500,6.8539,6.8539,6.8539,6.8539,2000,0
LBPS.US,5,20211011,180000,6.7818,6.7818,6.7818,6.7818,270,0
LBPS.US,5,20211011,183000,6.7814,6.7814,6.7814,6.7814,282,0
LBPS.US,5,20211011,192500,6.78,6.78,6.78,6.78,400,0
LBPS.US,5,20211011,214500,6.8,6.8,6.8,6.8,200,0
LBPS.US,5,20211011,215500,6.9181,6.9181,6.79,6.79,563,0
LBPS.US,5,20211012,160000,6.8,6.8,6.8,6.8,200,0
LBPS.US,5,20211012,170500,6.64,6.65,6.51,6.51,1136,0
LBPS.US,5,20211012,171500,6.6777,6.6777,6.6777,6.6777,120,0
LBPS.US,5,20211012,172500,6.66,6.66,6.66,6.66,200,0
LBPS.US,5,20211012,185000,6.5,6.5,6.5,6.5,196,0
LBPS.US,5,20211012,185500,6.65,6.65,6.6,6.6,200,0
LBPS.US,5,20211012,190500,6.6676,6.6676,6.6676,6.6676,200,0
LBPS.US,5,20211012,192000,6.53,6.53,6.53,6.53,198,0
LBPS.US,5,20211012,194500,6.63,6.64,6.63,6.64,300,0
LBPS.US,5,20211012,195500,6.58,6.58,6.58,6.58,100,0
LBPS.US,5,20211012,203000,6.5544,6.5544,6.5544,6.5544,500,0
LBPS.US,5,20211012,204000,6.6,6.6,6.6,6.6,150,0
LBPS.US,5,20211012,212000,6.59,6.6,6.59,6.6,300,0
LBPS.US,5,20211012,213000,6.6,6.6,6.59,6.6,721,0
LBPS.US,5,20211012,214500,6.685,6.69,6.685,6.69,200,0
LBPS.US,5,20211012,215500,6.55,6.55,6.55,6.55,200,0
LBPS.US,5,20211013,153000,6.54,6.54,6.54,6.54,1216,0
LBPS.US,5,20211013,160000,6.76,6.76,6.76,6.76,100,0
LBPS.US,5,20211013,174000,6.59,6.59,6.4161,6.4161,240,0
LBPS.US,5,20211013,174500,6.6,6.6,6.6,6.6,400,0
LBPS.US,5,20211013,180000,6.5833,6.6,6.5833,6.6,500,0
LBPS.US,5,20211013,191000,6.59,6.599,6.59,6.599,200,0
LBPS.US,5,20211013,192000,6.599,6.599,6.599,6.599,100,0
LBPS.US,5,20211013,192500,6.6,6.6,6.58,6.58,400,0
LBPS.US,5,20211013,193000,6.6,6.6,6.58,6.59,500,0
LBPS.US,5,20211013,194000,6.6,6.6,6.6,6.6,200,0
LBPS.US,5,20211013,212500,6.5806,6.5806,6.5806,6.5806,350,0
LBPS.US,5,20211013,215500,6.69,6.69,6.69,6.69,250,0
LBPS.US,5,20211014,161500,6.93,6.93,6.93,6.93,144,0
LBPS.US,5,20211014,162000,7.0075,7.0075,7.0075,7.0075,200,0
LBPS.US,5,20211014,164500,7.02,7.02,7.02,7.02,700,0
LBPS.US,5,20211014,174500,6.85,6.85,6.85,6.85,127,0
LBPS.US,5,20211014,175500,6.9499,6.9499,6.9499,6.9499,100,0
LBPS.US,5,20211014,180000,6.75,6.75,6.75,6.75,134,0
LBPS.US,5,20211014,183000,7,7,7,7,100,0
LBPS.US,5,20211014,204000,6.8829,6.8829,6.8829,6.8829,100,0
LBPS.US,5,20211014,210500,6.8861,6.8861,6.8861,6.8861,223,0
LBPS.US,5,20211014,211000,6.8852,6.8852,6.8852,6.8852,140,0
LBPS.US,5,20211014,215500,6.8863,6.9,6.8863,6.9,440,0
LBPS.US,5,20211015,153000,7.315,7.315,7.315,7.315,120,0
LBPS.US,5,20211015,154000,7.36,7.37,7.36,7.37,600,0
LBPS.US,5,20211015,155000,7.34,7.34,7.26,7.26,1882,0
LBPS.US,5,20211015,161500,7.37,7.45,7.37,7.4281,1900,0
LBPS.US,5,20211015,164000,7.4162,7.4162,7.4162,7.4162,100,0
LBPS.US,5,20211015,171500,7.42,7.43,7.42,7.43,600,0
LBPS.US,5,20211015,173000,7.4373,7.4373,7.4373,7.4373,300,0
LBPS.US,5,20211015,174000,7.39,7.39,7.39,7.39,100,0
LBPS.US,5,20211015,182000,7.405,7.405,7.39,7.402,1851,0
LBPS.US,5,20211015,184500,7.4023,7.4023,7.4023,7.4023,500,0
LBPS.US,5,20211015,211000,7.39,7.39,7.39,7.39,100,0
LBPS.US,5,20211015,213000,7.4498,7.4498,7.4498,7.4498,763,0
LBPS.US,5,20211015,215500,7.45,7.5,7.45,7.5,320,0
LBPS.US,5,20211018,153000,6.98,6.98,6.98,6.98,287,0
LBPS.US,5,20211018,155500,7.0001,7.0001,7.0001,7.0001,875,0
LBPS.US,5,20211018,160500,7.1342,7.1342,7.1342,7.1342,100,0
LBPS.US,5,20211018,164500,7.155,7.155,7.155,7.155,1650,0
LBPS.US,5,20211018,165000,7.155,7.155,7.155,7.155,250,0
LBPS.US,5,20211018,172500,7.1,7.1,7.1,7.1,100,0
LBPS.US,5,20211018,174000,7.1,7.1,7.1,7.1,200,0
LBPS.US,5,20211018,175000,7.07,7.07,7.07,7.07,300,0
LBPS.US,5,20211018,184000,7.085,7.085,7.085,7.085,100,0
LBPS.US,5,20211018,185000,7.08,7.1,7.08,7.0899,2306,0
LBPS.US,5,20211018,192500,7.1,7.1,7.1,7.1,900,0
LBPS.US,5,20211018,200000,7.14,7.14,7.14,7.14,100,0
LBPS.US,5,20211018,205000,7.14,7.14,7.14,7.14,2000,0
LBPS.US,5,20211018,210000,7.14,7.14,7.14,7.14,700,0
LBPS.US,5,20211018,215500,7.15,7.15,7.15,7.15,250,0
LBPS.US,5,20211019,153500,7.21,7.21,7.21,7.21,600,0
LBPS.US,5,20211019,164000,7.28,7.28,7.24,7.24,400,0
LBPS.US,5,20211019,165500,7.28,7.29,7.28,7.29,600,0
LBPS.US,5,20211019,170000,7.3,7.3,7.3,7.3,300,0
LBPS.US,5,20211019,171500,7.261,7.261,7.261,7.261,200,0
LBPS.US,5,20211019,194000,7.17,7.2,7.17,7.2,600,0
LBPS.US,5,20211019,203000,7.19,7.19,7.19,7.19,400,0
LBPS.US,5,20211019,205500,7.1882,7.1882,7.1882,7.1882,200,0
LBPS.US,5,20211019,210500,7.17,7.17,7.17,7.17,200,0
LBPS.US,5,20211019,211500,7.19,7.19,7.19,7.19,200,0
LBPS.US,5,20211019,212000,7.2,7.2,7.2,7.2,5919,0
LBPS.US,5,20211019,215500,7.2,7.2,7.2,7.2,238,0
LBPS.US,5,20211020,153000,7.5,7.5,7.38,7.38,8303,0
LBPS.US,5,20211020,153500,7.44,7.44,7.35,7.35,300,0
LBPS.US,5,20211020,154000,7.42,7.45,7.42,7.45,650,0
LBPS.US,5,20211020,155000,7.39,7.39,7.39,7.39,200,0
LBPS.US,5,20211020,155500,7.44,7.44,7.4,7.4,200,0
LBPS.US,5,20211020,160500,7.39,7.39,7.39,7.39,300,0
LBPS.US,5,20211020,161000,7.39,7.39,7.32,7.32,1500,0
LBPS.US,5,20211020,162000,7.38,7.38,7.38,7.38,300,0
LBPS.US,5,20211020,163000,7.35,7.35,7.34,7.34,393,0
LBPS.US,5,20211020,164000,7.32,7.32,7.32,7.32,200,0
LBPS.US,5,20211020,164500,7.41,7.41,7.41,7.41,510,0
LBPS.US,5,20211020,165000,7.36,7.42,7.36,7.42,700,0
LBPS.US,5,20211020,165500,7.42,7.43,7.39,7.39,700,0
LBPS.US,5,20211020,171000,7.45,7.46,7.44,7.46,1020,0
LBPS.US,5,20211020,171500,7.47,7.47,7.47,7.47,270,0
LBPS.US,5,20211020,172500,7.45,7.45,7.45,7.45,100,0
LBPS.US,5,20211020,175000,7.38,7.38,7.38,7.38,400,0
LBPS.US,5,20211020,180000,7.38,7.38,7.38,7.38,100,0
LBPS.US,5,20211020,180500,7.38,7.38,7.38,7.38,100,0
LBPS.US,5,20211020,204500,7.11,7.11,7.11,7.11,100,0
LBPS.US,5,20211020,205000,7.11,7.11,7.11,7.11,100,0
LBPS.US,5,20211020,210000,7.11,7.11,7.11,7.11,100,0
LBPS.US,5,20211020,210500,7.11,7.11,7.11,7.11,100,0
LBPS.US,5,20211020,211000,7.11,7.11,7.11,7.11,100,0
LBPS.US,5,20211020,215000,7.38,7.38,7.36,7.3795,2150,0
LBPS.US,5,20211020,215500,7.36,7.5,7.36,7.5,701,0
LBPS.US,5,20211021,153000,7.45,7.45,7.2244,7.2244,506,0
LBPS.US,5,20211021,161000,7.213,7.213,7.213,7.213,190,0
LBPS.US,5,20211021,163000,7.27,7.27,7.27,7.27,100,0
LBPS.US,5,20211021,164000,7.22,7.22,7.22,7.22,100,0
LBPS.US,5,20211021,165000,7.23,7.23,7.21,7.21,400,0
LBPS.US,5,20211021,170500,7.21,7.21,7.2,7.2,200,0
LBPS.US,5,20211021,172000,7.2,7.2,7.2,7.2,200,0
LBPS.US,5,20211021,172500,7.16,7.16,7.16,7.16,100,0
LBPS.US,5,20211021,173000,7.16,7.16,7.16,7.16,200,0
LBPS.US,5,20211021,175500,7.25,7.25,7.25,7.25,100,0
LBPS.US,5,20211021,211000,7.2,7.2,7.2,7.2,100,0
LBPS.US,5,20211022,153500,7.1582,7.1582,7.1582,7.1582,235,0
LBPS.US,5,20211022,170000,7.1376,7.1376,7.1,7.1,2000,0
LBPS.US,5,20211022,175500,7.09,7.1,7.09,7.099,500,0
LBPS.US,5,20211022,193000,7.22,7.22,7.22,7.22,100,0
LBPS.US,5,20211022,193500,7.21,7.21,7.21,7.21,100,0
LBPS.US,5,20211022,194500,7.22,7.22,7.22,7.22,707,0
LBPS.US,5,20211022,195500,7.255,7.28,7.25,7.25,400,0
LBPS.US,5,20211022,200000,7.25,7.25,7.25,7.25,282,0
LBPS.US,5,20211022,203500,7.2507,7.2507,7.2507,7.2507,300,0
LBPS.US,5,20211022,204000,7.2799,7.2799,7.2799,7.2799,139,0
LBPS.US,5,20211022,205000,7.28,7.3,7.28,7.3,1500,0
LBPS.US,5,20211022,210500,7.31,7.31,7.31,7.31,600,0
LBPS.US,5,20211022,215500,7.42,7.42,7.42,7.42,100,0
LBPS.US,5,20211025,153000,7.2,7.2,7.2,7.2,2329,0
LBPS.US,5,20211025,163000,7.3,7.35,7.3,7.32,700,0
LBPS.US,5,20211025,171500,7.0801,7.0801,7.0801,7.0801,110,0
LBPS.US,5,20211025,173000,7.145,7.145,7.145,7.145,2200,0
LBPS.US,5,20211025,192000,7.1,7.16,7.1,7.16,475,0
LBPS.US,5,20211025,215500,7.25,7.25,7.25,7.25,100,0
LBPS.US,5,20211026,153000,6.98,6.9818,6.98,6.9818,1153,0
LBPS.US,5,20211026,153500,6.9818,6.9818,6.9818,6.9818,1000,0
LBPS.US,5,20211026,160500,6.91,6.91,6.91,6.91,100,0
LBPS.US,5,20211026,164500,6.9307,6.9307,6.9307,6.9307,188,0
LBPS.US,5,20211026,165500,6.94,6.94,6.94,6.94,700,0
LBPS.US,5,20211026,171500,6.93,6.93,6.93,6.93,500,0
LBPS.US,5,20211026,180000,6.7902,6.7902,6.7902,6.7902,600,0
LBPS.US,5,20211026,193500,6.8801,6.8801,6.8801,6.8801,100,0
LBPS.US,5,20211026,203000,6.9,6.9,6.8802,6.8802,945,0
LBPS.US,5,20211026,210000,6.88,6.881,6.88,6.881,882,0
LBPS.US,5,20211026,210500,6.85,6.85,6.85,6.85,100,0
LBPS.US,5,20211026,212000,6.7572,6.7572,6.7572,6.7572,555,0
LBPS.US,5,20211026,213500,6.76,6.85,6.76,6.83,875,0
LBPS.US,5,20211026,214000,6.83,6.83,6.83,6.83,140,0
LBPS.US,5,20211026,214500,6.79,6.85,6.7816,6.85,4577,0
LBPS.US,5,20211026,215500,6.87,6.87,6.78,6.78,221,0
LBPS.US,5,20211027,153000,7.1,7.1,7.1,7.1,173,0
LBPS.US,5,20211027,163500,6.9601,6.9601,6.9601,6.9601,100,0
LBPS.US,5,20211027,170000,6.97,6.97,6.97,6.97,300,0
LBPS.US,5,20211027,171500,6.97,6.97,6.97,6.97,1893,0
LBPS.US,5,20211027,174000,6.87,6.89,6.87,6.89,200,0
LBPS.US,5,20211027,193500,6.99,6.99,6.98,6.98,300,0
LBPS.US,5,20211027,194000,6.98,6.98,6.98,6.98,300,0
LBPS.US,5,20211027,200000,6.98,6.98,6.98,6.98,900,0
LBPS.US,5,20211028,155500,6.75,6.75,6.73,6.73,1100,0
LBPS.US,5,20211028,161500,6.7,6.7,6.7,6.7,753,0
LBPS.US,5,20211028,174000,6.5001,6.55,6.5001,6.53,5532,0
LBPS.US,5,20211028,174500,6.665,6.665,6.665,6.665,100,0
LBPS.US,5,20211028,182500,6.575,6.575,6.5101,6.558,5000,0
LBPS.US,5,20211028,184000,6.6234,6.6234,6.5338,6.5608,1347,0
LBPS.US,5,20211028,213000,6.5501,6.61,6.5501,6.61,1064,0
LBPS.US,5,20211028,214000,6.7693,6.7693,6.7693,6.7693,199,0
LBPS.US,5,20211028,214500,6.769,6.769,6.769,6.769,605,0
LBPS.US,5,20211028,215000,6.82,6.82,6.82,6.82,150,0
LBPS.US,5,20211028,215500,6.57,6.57,6.57,6.57,100,0
LBPS.US,5,20211029,153000,6.8,6.8,6.8,6.8,2936,0
LBPS.US,5,20211029,161500,6.79,6.79,6.79,6.79,100,0
LBPS.US,5,20211029,162000,6.9143,6.9143,6.9143,6.9143,580,0
LBPS.US,5,20211029,163500,6.6517,6.69,6.65,6.69,900,0
LBPS.US,5,20211029,164000,6.63,6.63,6.63,6.63,200,0
LBPS.US,5,20211029,164500,6.62,6.63,6.59,6.59,1308,0
LBPS.US,5,20211029,193000,6.5001,6.5001,6.5001,6.5001,282,0
LBPS.US,5,20211029,215000,6.6752,6.6752,6.6752,6.6752,180,0
LBPS.US,5,20211029,215500,6.53,6.53,6.53,6.53,100,0
LBPS.US,5,20211101,143000,6.55,6.55,6.55,6.55,299,0
LBPS.US,5,20211101,154500,6.7921,6.7921,6.7921,6.7921,145,0
LBPS.US,5,20211101,163000,6.5878,6.5878,6.5878,6.5878,580,0
LBPS.US,5,20211101,200500,6.628,6.628,6.628,6.628,192,0
LBPS.US,5,20211101,203000,6.75,6.75,6.75,6.75,200,0
LBPS.US,5,20211101,205500,6.764,6.79,6.7,6.7,1070,0
LBPS.US,5,20211102,143000,6.66,6.67,6.66,6.67,900,0
LBPS.US,5,20211102,144500,6.64,6.64,6.64,6.64,300,0
LBPS.US,5,20211102,153000,6.685,6.75,6.685,6.705,600,0
LBPS.US,5,20211102,171500,6.63,6.63,6.6,6.6,797,0
LBPS.US,5,20211102,182500,6.44,6.44,6.44,6.44,200,0
LBPS.US,5,20211103,151000,6.53,6.54,6.53,6.54,300,0
LBPS.US,5,20211103,160000,6.53,6.54,6.53,6.54,496,0
LBPS.US,5,20211103,171000,6.56,6.59,6.56,6.57,3300,0
LBPS.US,5,20211103,171500,6.61,6.88,6.61,6.83,4265,0
LBPS.US,5,20211103,172000,6.87,7,6.87,6.89,2125,0
LBPS.US,5,20211103,172500,6.92,7.11,6.92,7.11,5710,0
LBPS.US,5,20211103,173000,7.27,7.27,7.266,7.27,1300,0
LBPS.US,5,20211103,174500,7.27,7.27,7.21,7.21,400,0
LBPS.US,5,20211103,175000,7.12,7.12,7.12,7.12,626,0
LBPS.US,5,20211103,184000,7.18,7.2,7.18,7.2,764,0
LBPS.US,5,20211103,184500,7.19,7.19,7.19,7.19,100,0
LBPS.US,5,20211103,205000,7.025,7.025,7.02,7.02,2000,0
LBPS.US,5,20211103,205500,7.01,7.01,7.01,7.01,100,0
LBPS.US,5,20211104,151000,7.02,7.02,7.02,7.02,800,0
LBPS.US,5,20211104,151500,7.02,7.02,7.02,7.02,100,0
LBPS.US,5,20211104,152500,7.02,7.02,7,7.01,950,0
LBPS.US,5,20211104,153000,6.87,6.87,6.87,6.87,400,0
LBPS.US,5,20211104,160000,6.8,6.8,6.8,6.8,100,0
LBPS.US,5,20211104,165000,6.99,7,6.99,7,770,0
LBPS.US,5,20211104,165500,7.14,7.14,7.14,7.14,100,0
LBPS.US,5,20211104,205500,6.85,6.85,6.85,6.85,200,0
LBPS.US,5,20211105,143000,7.48,7.48,7.48,7.48,1500,0
LBPS.US,5,20211105,143500,7.48,7.5,7.48,7.5,8300,0
LBPS.US,5,20211105,144000,7.505,7.85,7.505,7.85,3800,0
LBPS.US,5,20211105,144500,7.7,7.75,7.6,7.6,3999,0
LBPS.US,5,20211105,145000,7.65,7.65,7.65,7.65,100,0
LBPS.US,5,20211105,145500,7.8,7.82,7.8,7.8,800,0
LBPS.US,5,20211105,150000,7.9316,7.9316,7.9316,7.9316,254,0
LBPS.US,5,20211105,151000,7.865,7.96,7.8,7.81,11434,0
LBPS.US,5,20211105,151500,7.95,8,7.95,7.9535,2484,0
LBPS.US,5,20211105,152000,7.9404,7.9404,7.9404,7.9404,150,0
LBPS.US,5,20211105,153000,8,8.266,8,8.266,3799,0
LBPS.US,5,20211105,153500,8.266,8.29,8.2656,8.2656,800,0
LBPS.US,5,20211105,154500,8.29,8.29,8.2,8.2,1100,0
LBPS.US,5,20211105,160000,7.9911,8.08,7.9911,8.08,1212,0
LBPS.US,5,20211105,161000,8.105,8.17,8.105,8.17,300,0
LBPS.US,5,20211105,161500,8.2,8.2,8.2,8.2,100,0
LBPS.US,5,20211105,163500,8.165,8.165,8.165,8.165,100,0
LBPS.US,5,20211105,165500,8.135,8.2,8.135,8.2,1600,0
LBPS.US,5,20211105,170000,8.25,8.25,8.25,8.25,100,0
LBPS.US,5,20211105,170500,8.3,8.3,8.3,8.3,100,0
LBPS.US,5,20211105,171000,8.62,8.62,8.335,8.49,970,0
LBPS.US,5,20211105,173000,8.8,8.8,8.8,8.8,100,0
LBPS.US,5,20211105,173500,8.355,8.8335,8.355,8.8335,2000,0
LBPS.US,5,20211105,174000,8.8,8.9384,8.8,8.8,3192,0
LBPS.US,5,20211105,174500,8.79,8.82,8.64,8.64,3131,0
LBPS.US,5,20211105,175000,8.6572,8.73,8.6218,8.6218,2588,0
LBPS.US,5,20211105,175500,8.685,8.7723,8.64,8.7723,600,0
LBPS.US,5,20211105,180000,8.69,8.7524,8.69,8.7524,735,0
LBPS.US,5,20211105,180500,8.73,8.7424,8.73,8.74,1175,0
LBPS.US,5,20211105,181000,8.6804,8.7,8.6804,8.7,700,0
LBPS.US,5,20211105,181500,8.695,8.695,8.695,8.695,100,0
LBPS.US,5,20211105,183000,8.7399,8.7399,8.7399,8.7399,500,0
LBPS.US,5,20211105,184000,8.69,8.76,8.69,8.76,750,0
LBPS.US,5,20211105,184500,8.685,8.75,8.6001,8.6001,1900,0
LBPS.US,5,20211105,185000,8.6,8.63,8.6,8.61,1243,0
LBPS.US,5,20211105,190000,8.7346,8.75,8.685,8.7359,705,0
LBPS.US,5,20211105,190500,8.75,8.82,8.75,8.82,4389,0
LBPS.US,5,20211105,191000,8.83,9.39,8.83,9.1038,17633,0
LBPS.US,5,20211105,191500,9.2,9.6004,9,9.5025,16365,0
LBPS.US,5,20211105,192000,9.15,9.5,9.15,9.2907,7774,0
LBPS.US,5,20211105,192500,9.12,9.2999,9.02,9.2759,13022,0
LBPS.US,5,20211105,193000,9.11,9.2498,8.9503,8.9503,5368,0
LBPS.US,5,20211105,194000,9.085,9.22,8.95,8.95,1849,0
LBPS.US,5,20211105,194500,9.01,9.01,9.01,9.01,342,0
LBPS.US,5,20211105,195000,9.1813,9.1813,8.6024,8.6876,6134,0
LBPS.US,5,20211105,195500,8.67,8.775,8.62,8.775,6894,0
LBPS.US,5,20211105,200000,8.795,8.8,8.79,8.8,400,0
LBPS.US,5,20211105,200500,8.8,8.8,8.78,8.79,600,0
LBPS.US,5,20211105,201000,8.8,8.8,8.8,8.8,111,0
LBPS.US,5,20211105,201500,8.8,8.8,8.57,8.57,2985,0
LBPS.US,5,20211105,202000,8.58,8.8,8.57,8.65,1986,0
LBPS.US,5,20211105,202500,8.72,8.72,8.72,8.72,100,0
LBPS.US,5,20211105,203000,8.72,8.72,8.72,8.72,100,0
LBPS.US,5,20211105,203500,8.64,8.72,8.64,8.64,1116,0
LBPS.US,5,20211105,204000,8.63,8.66,8.57,8.66,600,0
LBPS.US,5,20211105,204500,8.57,8.65,8.57,8.58,904,0
LBPS.US,5,20211105,205000,8.675,8.675,8.675,8.675,100,0
LBPS.US,5,20211105,205500,8.72,8.76,8.5,8.5,1160,0
LBPS.US,5,20211108,153000,9.45,9.65,9.45,9.59,4468,0
LBPS.US,5,20211108,153500,9.48,9.48,9.48,9.48,100,0
LBPS.US,5,20211108,154500,9.45,9.55,9.45,9.5474,1850,0
LBPS.US,5,20211108,155000,9.55,9.55,9.45,9.495,2490,0
LBPS.US,5,20211108,160000,9.54,9.54,9.44,9.44,750,0
LBPS.US,5,20211108,160500,9.49,9.49,9.49,9.49,100,0
LBPS.US,5,20211108,161000,9.49,9.49,9.28,9.31,3406,0
LBPS.US,5,20211108,161500,9.31,9.31,9.02,9.02,1625,0
LBPS.US,5,20211108,162000,9.05,9.05,8.9201,8.9201,1225,0
LBPS.US,5,20211108,162500,8.7961,8.7961,8.7961,8.7961,100,0
LBPS.US,5,20211108,163000,8.76,8.97,8.75,8.97,1100,0
LBPS.US,5,20211108,164000,9.16,9.18,9.16,9.18,1600,0
LBPS.US,5,20211108,164500,9.18,9.18,9.17,9.18,930,0
LBPS.US,5,20211108,165000,9.18,9.18,9.18,9.18,250,0
LBPS.US,5,20211108,165500,9.08,9.08,8.9902,8.9902,547,0
LBPS.US,5,20211108,170000,8.9,8.9,8.9,8.9,527,0
LBPS.US,5,20211108,170500,8.8583,8.8583,8.8583,8.8583,527,0
LBPS.US,5,20211108,171500,9.03,9.03,9.03,9.03,500,0
LBPS.US,5,20211108,172000,8.75,8.75,8.64,8.64,734,0
LBPS.US,5,20211108,172500,8.78,8.78,8.51,8.52,2152,0
LBPS.US,5,20211108,173000,7.79,8.41,7.79,8.41,600,0
LBPS.US,5,20211108,175000,8.72,8.72,8.72,8.72,290,0
LBPS.US,5,20211108,180000,8.88,8.88,8.88,8.88,100,0
LBPS.US,5,20211108,180500,8.52,8.52,8.52,8.52,100,0
LBPS.US,5,20211108,181500,8.52,8.52,8.42,8.46,900,0
LBPS.US,5,20211108,182500,8.35,8.35,8.35,8.35,100,0
LBPS.US,5,20211108,183000,8.45,8.45,8.45,8.45,200,0
LBPS.US,5,20211108,184500,8.45,8.45,8.45,8.45,300,0
LBPS.US,5,20211108,185000,8.45,8.47,8.45,8.46,1179,0
LBPS.US,5,20211108,185500,8.49,8.52,8.49,8.52,1306,0
LBPS.US,5,20211108,190000,8.52,8.52,8.52,8.52,1268,0
LBPS.US,5,20211108,191000,8.5129,8.5129,8.47,8.48,300,0
LBPS.US,5,20211108,192000,8.47,8.47,8.46,8.46,1170,0
LBPS.US,5,20211108,192500,8.46,8.5,8.46,8.5,976,0
LBPS.US,5,20211108,194000,8.48,8.48,8.48,8.48,100,0
LBPS.US,5,20211108,201000,8.5199,8.5199,8.5199,8.5199,100,0
LBPS.US,5,20211108,201500,8.47,8.47,8.46,8.46,2771,0
LBPS.US,5,20211108,210500,8.5033,8.5033,8.5033,8.5033,161,0
LBPS.US,5,20211108,211500,8.5,8.5,8.5,8.5,429,0
LBPS.US,5,20211108,212500,8.5,8.5,8.5,8.5,100,0
LBPS.US,5,20211108,213000,8.5189,8.5189,8.5189,8.5189,460,0
LBPS.US,5,20211108,214500,8.52,8.56,8.5199,8.56,1862,0
LBPS.US,5,20211108,215000,8.55,8.55,8.55,8.55,142,0
LBPS.US,5,20211108,215500,8.34,8.56,8.33,8.56,1417,0
LBPS.US,5,20211109,153000,8.92,8.92,8.92,8.92,206,0
LBPS.US,5,20211109,153500,8.765,8.765,8.765,8.765,108,0
LBPS.US,5,20211109,160500,8.6704,8.6704,8.6704,8.6704,100,0
LBPS.US,5,20211109,161000,8.7,8.7,8.7,8.7,1000,0
LBPS.US,5,20211109,162500,8.56,8.6907,8.56,8.6907,220,0
LBPS.US,5,20211109,165000,8.6,8.6,8.6,8.6,115,0
LBPS.US,5,20211109,170000,8.52,8.52,8.5,8.5,1300,0
LBPS.US,5,20211109,170500,8.55,8.6,8.55,8.6,400,0
LBPS.US,5,20211109,183500,8.57,8.57,8.46,8.46,200,0
LBPS.US,5,20211109,184000,8.5,8.5,8.499,8.499,200,0
LBPS.US,5,20211109,195500,8.45,8.45,8.45,8.45,100,0
LBPS.US,5,20211109,201000,8.4673,8.4673,8.4673,8.4673,145,0
LBPS.US,5,20211109,204500,8.59,8.62,8.5548,8.5548,1373,0
LBPS.US,5,20211109,213000,8.51,8.67,8.49,8.5421,1600,0
LBPS.US,5,20211109,215500,8.58,8.67,8.58,8.67,200,0
LBPS.US,5,20211110,155500,8.53,8.57,8.53,8.57,500,0
LBPS.US,5,20211110,171500,8.47,8.47,8.47,8.47,100,0
LBPS.US,5,20211110,174500,8.41,8.41,8.41,8.41,100,0
LBPS.US,5,20211110,182000,8.38,8.38,8.38,8.38,100,0
LBPS.US,5,20211110,190000,8.22,8.22,8.01,8.13,360,0
LBPS.US,5,20211110,190500,8.06,8.06,8.06,8.06,100,0
LBPS.US,5,20211110,191500,8.22,8.22,8.22,8.22,300,0
LBPS.US,5,20211110,192000,8.0475,8.0475,8.0475,8.0475,675,0
LBPS.US,5,20211110,193000,8.4147,8.4147,8.39,8.39,293,0
LBPS.US,5,20211110,200500,8.35,8.35,8.0837,8.0837,200,0
LBPS.US,5,20211110,202500,8.34,8.37,8.34,8.37,300,0
LBPS.US,5,20211110,203000,8.37,8.37,8.37,8.37,109,0
LBPS.US,5,20211110,211000,8.37,8.37,8.37,8.37,400,0
LBPS.US,5,20211110,215000,8.43,8.43,8.43,8.43,179,0
LBPS.US,5,20211110,215500,8.43,8.43,8.43,8.43,200,0
LBPS.US,5,20211111,154000,8.39,8.39,8.39,8.39,100,0
LBPS.US,5,20211111,155500,8.232,8.232,8.232,8.232,110,0
LBPS.US,5,20211111,160000,8.41,8.41,8.41,8.41,147,0
LBPS.US,5,20211111,161000,8.39,8.41,8.39,8.41,300,0
LBPS.US,5,20211111,161500,8.44,8.44,8.44,8.44,100,0
LBPS.US,5,20211111,162500,8.17,8.2,8.01,8.2,6259,0
LBPS.US,5,20211111,165500,8.26,8.26,8.25,8.25,200,0
LBPS.US,5,20211111,215500,8.445,8.5,8.39,8.5,400,0
