<TICKER>,<PER>,<DATE>,<TIME>,<OPEN>,<HIGH>,<LOW>,<CLOSE>,<VOL>,<OPENINT>
MACQ.US,5,20210922,153000,9.81,9.81,9.8001,9.8001,337,0
MACQ.US,5,20210922,212500,9.8401,9.8401,9.8401,9.8401,200,0
MACQ.US,5,20210922,213000,9.8577,9.8577,9.8577,9.8577,300,0
MACQ.US,5,20210922,214000,9.84,9.86,9.84,9.86,1136,0
MACQ.US,5,20210922,214500,9.8423,9.8423,9.8423,9.8423,100,0
MACQ.US,5,20210923,153500,9.86,9.86,9.86,9.86,200,0
MACQ.US,5,20210923,154000,9.86,9.87,9.86,9.87,28800,0
MACQ.US,5,20210923,155000,9.87,9.87,9.87,9.87,700,0
MACQ.US,5,20210923,160000,9.86,9.87,9.86,9.87,1935,0
MACQ.US,5,20210923,175000,9.86,9.87,9.86,9.87,1200,0
MACQ.US,5,20210923,195000,9.87,9.87,9.87,9.87,100,0
MACQ.US,5,20210923,214000,9.86,9.88,9.86,9.86,813,0
MACQ.US,5,20210923,214500,9.86,9.86,9.86,9.86,500,0
MACQ.US,5,20210923,215000,9.86,9.86,9.86,9.86,400,0
MACQ.US,5,20210923,215500,9.86,9.87,9.86,9.87,500,0
MACQ.US,5,20210924,170500,9.88,9.88,9.87,9.87,600,0
MACQ.US,5,20210924,192000,9.86,9.865,9.86,9.86,8824,0
MACQ.US,5,20210924,193000,9.86,9.87,9.86,9.86,3687,0
MACQ.US,5,20210924,194500,9.87,9.87,9.87,9.87,100,0
MACQ.US,5,20210924,201000,9.86,9.87,9.86,9.86,6640,0
MACQ.US,5,20210924,202000,9.87,9.87,9.87,9.87,1200,0
MACQ.US,5,20210924,204000,9.87,9.87,9.87,9.87,600,0
MACQ.US,5,20210924,215000,9.86,9.87,9.85,9.86,14591,0
MACQ.US,5,20210924,215500,9.865,9.87,9.85,9.87,3400,0
MACQ.US,5,20210927,164500,9.86,9.86,9.86,9.86,100,0
MACQ.US,5,20210927,174000,9.87,9.88,9.87,9.87,29587,0
MACQ.US,5,20210927,175000,9.8677,9.87,9.8677,9.87,2900,0
MACQ.US,5,20210927,202000,9.86,9.87,9.86,9.87,2778,0
MACQ.US,5,20210927,203000,9.87,9.87,9.87,9.87,100,0
MACQ.US,5,20210927,211000,9.86,9.86,9.86,9.86,455,0
MACQ.US,5,20210927,215500,9.87,9.87,9.87,9.87,200,0
MACQ.US,5,20210928,153000,9.87,9.87,9.87,9.87,111,0
MACQ.US,5,20210928,162500,9.87,9.87,9.87,9.87,100,0
MACQ.US,5,20210928,174000,9.87,9.88,9.86,9.86,5992,0
MACQ.US,5,20210928,175000,9.88,9.88,9.88,9.88,100,0
MACQ.US,5,20210928,181500,9.875,9.875,9.875,9.875,500,0
MACQ.US,5,20210928,182000,9.87,9.87,9.87,9.87,500,0
MACQ.US,5,20210928,193000,9.86,9.87,9.86,9.86,12200,0
MACQ.US,5,20210928,194000,9.87,9.87,9.87,9.87,800,0
MACQ.US,5,20210928,200500,9.865,9.87,9.86,9.865,9300,0
MACQ.US,5,20210928,201500,9.87,9.87,9.87,9.87,700,0
MACQ.US,5,20210928,204500,9.865,9.865,9.865,9.865,6200,0
MACQ.US,5,20210929,153000,9.87,9.87,9.86,9.86,218,0
MACQ.US,5,20210929,153500,9.865,9.88,9.86,9.88,51601,0
MACQ.US,5,20210929,154000,9.87,9.88,9.87,9.87,13797,0
MACQ.US,5,20210929,160500,9.875,9.875,9.875,9.875,100,0
MACQ.US,5,20210929,161500,9.87,9.87,9.87,9.87,300,0
MACQ.US,5,20210929,162000,9.87,9.87,9.87,9.87,100,0
MACQ.US,5,20210929,164000,9.87,9.87,9.87,9.87,2700,0
MACQ.US,5,20210929,164500,9.86,9.86,9.86,9.86,550,0
MACQ.US,5,20210929,165000,9.87,9.87,9.87,9.87,100,0
MACQ.US,5,20210929,170000,9.865,9.87,9.865,9.865,76000,0
MACQ.US,5,20210929,170500,9.87,9.875,9.865,9.87,183379,0
MACQ.US,5,20210929,171000,9.875,9.875,9.875,9.875,400,0
MACQ.US,5,20210929,171500,9.875,9.875,9.875,9.875,600,0
MACQ.US,5,20210929,172000,9.87,9.875,9.87,9.875,500,0
MACQ.US,5,20210929,172500,9.875,9.88,9.87,9.88,41019,0
MACQ.US,5,20210929,173500,9.875,9.875,9.87,9.875,54280,0
MACQ.US,5,20210929,174000,9.88,9.88,9.88,9.88,6755,0
MACQ.US,5,20210929,174500,9.88,9.88,9.88,9.88,100,0
MACQ.US,5,20210929,175500,9.87,9.88,9.87,9.87,12100,0
MACQ.US,5,20210929,185500,9.88,9.88,9.88,9.88,100,0
MACQ.US,5,20210929,193000,9.87,9.875,9.87,9.87,26348,0
MACQ.US,5,20210929,194000,9.88,9.88,9.88,9.88,800,0
MACQ.US,5,20210929,211000,9.8718,9.8718,9.8718,9.8718,100,0
MACQ.US,5,20210929,215000,9.87,9.87,9.87,9.87,100,0
MACQ.US,5,20210929,215500,9.88,9.88,9.88,9.88,116,0
MACQ.US,5,20210930,153000,9.87,9.87,9.87,9.87,100,0
MACQ.US,5,20210930,200000,9.875,9.875,9.875,9.875,10876,0
MACQ.US,5,20210930,200500,9.8852,9.8852,9.88,9.88,900,0
MACQ.US,5,20210930,201500,9.8711,9.8711,9.87,9.87,200,0
MACQ.US,5,20210930,205000,9.88,9.88,9.88,9.88,100,0
MACQ.US,5,20210930,210000,9.87,9.87,9.87,9.87,800,0
MACQ.US,5,20210930,211000,9.8697,9.8697,9.8697,9.8697,100,0
MACQ.US,5,20210930,211500,9.86,9.86,9.86,9.86,100,0
MACQ.US,5,20210930,212000,9.865,9.87,9.86,9.86,2050,0
MACQ.US,5,20210930,212500,9.87,9.87,9.87,9.87,100,0
MACQ.US,5,20210930,213000,9.86,9.865,9.86,9.86,2000,0
MACQ.US,5,20210930,213500,9.86,9.87,9.86,9.86,2800,0
MACQ.US,5,20210930,215000,9.87,9.87,9.87,9.87,100,0
MACQ.US,5,20210930,215500,9.86,9.87,9.86,9.87,4560,0
MACQ.US,5,20211001,153000,9.87,9.9,9.87,9.88,100558,0
MACQ.US,5,20211001,153500,9.87,9.89,9.87,9.88,28800,0
MACQ.US,5,20211001,154500,9.88,9.88,9.88,9.88,200,0
MACQ.US,5,20211001,162000,9.88,9.88,9.88,9.88,842,0
MACQ.US,5,20211001,163500,9.8874,9.8874,9.8874,9.8874,100,0
MACQ.US,5,20211001,174500,9.88,9.88,9.88,9.88,100,0
MACQ.US,5,20211001,175000,9.88,9.88,9.88,9.88,200,0
MACQ.US,5,20211001,175500,9.88,9.88,9.88,9.88,100,0
MACQ.US,5,20211001,180000,9.88,9.88,9.88,9.88,100,0
MACQ.US,5,20211001,180500,9.88,9.88,9.88,9.88,100,0
MACQ.US,5,20211001,181000,9.88,9.88,9.88,9.88,100,0
MACQ.US,5,20211001,181500,9.88,9.88,9.8701,9.8701,200,0
MACQ.US,5,20211001,182000,9.88,9.88,9.88,9.88,100,0
MACQ.US,5,20211001,194000,9.89,9.89,9.89,9.89,100,0
MACQ.US,5,20211001,200500,9.87,9.87,9.87,9.87,1164,0
MACQ.US,5,20211001,201000,9.87,9.88,9.87,9.8725,20633,0
MACQ.US,5,20211001,201500,9.88,9.8899,9.88,9.8899,800,0
MACQ.US,5,20211001,202000,9.88,9.88,9.88,9.88,300,0
MACQ.US,5,20211004,153000,9.87,9.88,9.87,9.88,4218,0
MACQ.US,5,20211004,163000,9.8732,9.8732,9.8732,9.8732,100,0
MACQ.US,5,20211004,165000,9.88,9.88,9.87,9.87,150100,0
MACQ.US,5,20211004,180000,9.87,9.88,9.86,9.86,370498,0
MACQ.US,5,20211004,180500,9.87,9.88,9.87,9.88,2500,0
MACQ.US,5,20211004,184000,9.8577,9.8577,9.8577,9.8577,100,0
MACQ.US,5,20211004,185500,9.87,9.87,9.87,9.87,25000,0
MACQ.US,5,20211004,200500,9.87,9.87,9.87,9.87,300000,0
MACQ.US,5,20211004,204000,9.87,9.87,9.8505,9.8505,4000,0
MACQ.US,5,20211005,160500,9.88,9.88,9.88,9.88,2985,0
MACQ.US,5,20211005,161500,9.89,9.89,9.88,9.88,400,0
MACQ.US,5,20211005,162000,9.88,9.88,9.88,9.88,200,0
MACQ.US,5,20211005,162500,9.89,9.89,9.89,9.89,100,0
MACQ.US,5,20211005,214500,9.88,9.88,9.88,9.88,100,0
MACQ.US,5,20211006,153000,9.87,9.89,9.87,9.88,2499,0
MACQ.US,5,20211006,163500,9.88,9.88,9.88,9.88,18300,0
MACQ.US,5,20211006,164500,9.88,9.88,9.88,9.88,267,0
MACQ.US,5,20211006,170500,9.875,9.88,9.875,9.88,27500,0
MACQ.US,5,20211006,171000,9.88,9.88,9.88,9.88,4200,0
MACQ.US,5,20211006,171500,9.885,9.885,9.88,9.88,24000,0
MACQ.US,5,20211006,174000,9.871,9.8799,9.871,9.8799,865,0
MACQ.US,5,20211006,180000,9.88,9.88,9.88,9.88,200,0
MACQ.US,5,20211006,185000,9.8708,9.8708,9.8708,9.8708,125,0
MACQ.US,5,20211006,193500,9.88,9.88,9.88,9.88,7143,0
MACQ.US,5,20211006,194500,9.87,9.88,9.87,9.88,1047,0
MACQ.US,5,20211006,211000,9.88,9.88,9.88,9.88,2000,0
MACQ.US,5,20211006,214000,9.879,9.879,9.87,9.87,200,0
MACQ.US,5,20211007,153500,9.89,9.89,9.89,9.89,2040,0
MACQ.US,5,20211007,160500,9.88,9.88,9.88,9.88,100,0
MACQ.US,5,20211007,175500,9.885,9.885,9.885,9.885,100,0
MACQ.US,5,20211007,184000,9.885,9.89,9.88,9.88,2837,0
MACQ.US,5,20211007,192000,9.88,9.88,9.88,9.88,1200,0
MACQ.US,5,20211007,200000,9.877,9.877,9.877,9.877,1000,0
MACQ.US,5,20211007,200500,9.875,9.875,9.875,9.875,100,0
MACQ.US,5,20211007,212500,9.87,9.875,9.87,9.875,2047,0
MACQ.US,5,20211007,215500,9.88,9.88,9.88,9.88,100,0
MACQ.US,5,20211008,153000,9.87,9.87,9.87,9.87,531,0
MACQ.US,5,20211008,154000,9.89,9.89,9.89,9.89,400,0
MACQ.US,5,20211008,215000,9.87,9.87,9.87,9.87,300,0
MACQ.US,5,20211011,153000,9.89,9.89,9.89,9.89,100,0
MACQ.US,5,20211011,162000,9.88,9.89,9.88,9.89,34670,0
MACQ.US,5,20211011,185500,9.88,9.89,9.88,9.885,15700,0
MACQ.US,5,20211011,190500,9.885,9.885,9.885,9.885,300,0
MACQ.US,5,20211011,205500,9.8801,9.8801,9.8801,9.8801,300,0
MACQ.US,5,20211011,211000,9.89,9.89,9.89,9.89,100,0
MACQ.US,5,20211011,213000,9.88,9.88,9.88,9.88,100,0
MACQ.US,5,20211011,213500,9.88,9.88,9.88,9.88,200,0
MACQ.US,5,20211011,215500,9.885,9.885,9.885,9.885,100,0
MACQ.US,5,20211012,153000,9.9,9.9,9.89,9.89,206,0
MACQ.US,5,20211012,174000,9.89,9.89,9.89,9.89,3000,0
MACQ.US,5,20211012,184500,9.88,9.88,9.88,9.88,200,0
MACQ.US,5,20211012,185000,9.88,9.89,9.88,9.88,700,0
MACQ.US,5,20211012,185500,9.88,9.89,9.88,9.88,700,0
MACQ.US,5,20211012,190000,9.88,9.88,9.88,9.88,500,0
MACQ.US,5,20211012,190500,9.88,9.89,9.88,9.88,600,0
MACQ.US,5,20211012,191000,9.88,9.89,9.88,9.89,500,0
MACQ.US,5,20211012,191500,9.88,9.88,9.88,9.88,100,0
MACQ.US,5,20211012,193500,9.885,9.885,9.885,9.885,600,0
MACQ.US,5,20211012,194000,9.88,9.885,9.88,9.88,700,0
MACQ.US,5,20211012,194500,9.88,9.885,9.88,9.88,600,0
MACQ.US,5,20211012,195000,9.88,9.885,9.88,9.885,922,0
MACQ.US,5,20211012,195500,9.88,9.885,9.88,9.885,750,0
MACQ.US,5,20211012,200000,9.88,9.885,9.88,9.885,700,0
MACQ.US,5,20211012,200500,9.89,9.89,9.88,9.88,400,0
MACQ.US,5,20211012,201000,9.88,9.885,9.88,9.885,500,0
MACQ.US,5,20211012,201500,9.88,9.88,9.88,9.88,500,0
MACQ.US,5,20211012,202000,9.88,9.885,9.88,9.88,500,0
MACQ.US,5,20211012,202500,9.88,9.88,9.88,9.88,500,0
MACQ.US,5,20211012,203000,9.88,9.885,9.88,9.885,2200,0
MACQ.US,5,20211012,211500,9.88,9.88,9.88,9.88,300,0
MACQ.US,5,20211012,212000,9.88,9.885,9.88,9.88,4538,0
MACQ.US,5,20211012,213000,9.88,9.885,9.88,9.885,400,0
MACQ.US,5,20211012,214500,9.87,9.885,9.87,9.885,4516,0
MACQ.US,5,20211012,215000,9.88,9.885,9.85,9.88,5524,0
MACQ.US,5,20211012,215500,9.88,9.88,9.88,9.88,100,0
MACQ.US,5,20211013,153000,9.88,9.88,9.88,9.88,102,0
MACQ.US,5,20211013,160500,9.89,9.89,9.88,9.89,28200,0
MACQ.US,5,20211013,162000,9.89,9.89,9.89,9.89,1000,0
MACQ.US,5,20211013,163000,9.88,9.88,9.88,9.88,400,0
MACQ.US,5,20211013,164000,9.89,9.895,9.89,9.89,2097,0
MACQ.US,5,20211013,170000,9.89,9.89,9.89,9.89,385,0
MACQ.US,5,20211013,174000,9.89,9.89,9.89,9.89,100,0
MACQ.US,5,20211013,184500,9.89,9.9,9.89,9.9,44887,0
MACQ.US,5,20211013,185000,9.895,9.895,9.89,9.89,42145,0
MACQ.US,5,20211013,194500,9.88,9.885,9.88,9.885,7400,0
MACQ.US,5,20211013,201500,9.89,9.9,9.89,9.895,115581,0
MACQ.US,5,20211013,202000,9.895,9.895,9.89,9.895,5162,0
MACQ.US,5,20211013,204000,9.89,9.89,9.89,9.89,48400,0
MACQ.US,5,20211013,204500,9.895,9.895,9.89,9.895,61638,0
MACQ.US,5,20211014,153000,9.93,9.93,9.905,9.91,2349,0
MACQ.US,5,20211014,153500,9.9,9.9,9.9,9.9,700,0
MACQ.US,5,20211014,154000,9.9,9.9,9.9,9.9,100,0
MACQ.US,5,20211014,154500,9.88,9.9,9.88,9.9,21856,0
MACQ.US,5,20211014,160500,9.89,9.9,9.89,9.9,600,0
MACQ.US,5,20211014,162000,9.9,9.9,9.9,9.9,200,0
MACQ.US,5,20211014,163000,9.9,9.9,9.9,9.9,100,0
MACQ.US,5,20211014,165000,9.895,9.895,9.895,9.895,100,0
MACQ.US,5,20211014,171000,9.8932,9.9,9.8932,9.9,300,0
MACQ.US,5,20211014,182500,9.895,9.895,9.895,9.895,200,0
MACQ.US,5,20211014,192000,9.89,9.89,9.89,9.89,100,0
MACQ.US,5,20211014,192500,9.89,9.89,9.89,9.89,100,0
MACQ.US,5,20211014,193000,9.89,9.89,9.89,9.89,100,0
MACQ.US,5,20211014,193500,9.89,9.89,9.89,9.89,200,0
MACQ.US,5,20211014,194000,9.89,9.89,9.89,9.89,100,0
MACQ.US,5,20211014,194500,9.89,9.895,9.89,9.895,200,0
MACQ.US,5,20211014,195000,9.89,9.89,9.89,9.89,100,0
MACQ.US,5,20211014,195500,9.89,9.895,9.89,9.895,200,0
MACQ.US,5,20211014,200000,9.89,9.895,9.89,9.895,300,0
MACQ.US,5,20211014,200500,9.895,9.895,9.895,9.895,200,0
MACQ.US,5,20211014,201000,9.89,9.9,9.89,9.895,400,0
MACQ.US,5,20211014,201500,9.895,9.895,9.895,9.895,200,0
MACQ.US,5,20211014,202000,9.895,9.895,9.895,9.895,200,0
MACQ.US,5,20211014,202500,9.895,9.895,9.89,9.895,500,0
MACQ.US,5,20211014,203000,9.895,9.895,9.89,9.89,300,0
MACQ.US,5,20211014,204000,9.895,9.9,9.89,9.9,4400,0
MACQ.US,5,20211014,213000,9.895,9.9,9.895,9.9,900,0
MACQ.US,5,20211014,214500,9.895,9.895,9.895,9.895,500,0
MACQ.US,5,20211014,215500,9.89,9.89,9.89,9.89,2676,0
MACQ.US,5,20211015,153000,9.92,9.92,9.92,9.92,228,0
MACQ.US,5,20211015,163000,9.89,9.9,9.89,9.9,2089,0
MACQ.US,5,20211015,165000,9.9,9.9,9.9,9.9,160,0
MACQ.US,5,20211015,170000,9.9,9.9,9.9,9.9,100,0
MACQ.US,5,20211015,170500,9.9,9.9,9.9,9.9,100,0
MACQ.US,5,20211015,172500,9.9,9.9,9.9,9.9,100,0
MACQ.US,5,20211015,174000,9.9,9.9,9.9,9.9,200,0
MACQ.US,5,20211015,174500,9.9,9.9,9.9,9.9,210,0
MACQ.US,5,20211015,180000,9.9,9.9,9.9,9.9,200,0
MACQ.US,5,20211015,181500,9.895,9.9,9.895,9.9,600,0
MACQ.US,5,20211015,184500,9.9,9.9,9.9,9.9,850,0
MACQ.US,5,20211015,185000,9.9,9.9,9.9,9.9,190,0
MACQ.US,5,20211015,185500,9.9,9.9,9.9,9.9,370,0
MACQ.US,5,20211015,190000,9.9,9.9,9.9,9.9,300,0
MACQ.US,5,20211015,190500,9.9,9.9,9.9,9.9,590,0
MACQ.US,5,20211015,191000,9.9,9.9,9.9,9.9,420,0
MACQ.US,5,20211015,192000,9.9,9.9,9.9,9.9,654,0
MACQ.US,5,20211015,195000,9.9,9.9,9.9,9.9,200,0
MACQ.US,5,20211015,195500,9.9,9.9,9.9,9.9,200,0
MACQ.US,5,20211015,200000,9.9,9.9,9.9,9.9,200,0
MACQ.US,5,20211015,200500,9.8999,9.9,9.895,9.9,420,0
MACQ.US,5,20211015,201000,9.9,9.9,9.9,9.9,500,0
MACQ.US,5,20211015,202000,9.9,9.9,9.9,9.9,500,0
MACQ.US,5,20211015,202500,9.9,9.9,9.9,9.9,300,0
MACQ.US,5,20211015,203000,9.9,9.9,9.9,9.9,1800,0
MACQ.US,5,20211015,214500,9.895,9.895,9.895,9.895,100,0
MACQ.US,5,20211015,215000,9.9,9.9,9.89,9.9,5405,0
MACQ.US,5,20211018,153000,9.92,9.92,9.92,9.92,102,0
MACQ.US,5,20211018,153500,9.9,9.9,9.89,9.89,600,0
MACQ.US,5,20211018,163500,9.9,9.9,9.895,9.9,600,0
MACQ.US,5,20211018,172500,9.895,9.895,9.895,9.895,600,0
MACQ.US,5,20211018,173000,9.895,9.9,9.895,9.895,300,0
MACQ.US,5,20211018,173500,9.895,9.895,9.895,9.895,300,0
MACQ.US,5,20211018,174000,9.895,9.895,9.895,9.895,200,0
MACQ.US,5,20211018,174500,9.895,9.895,9.895,9.895,300,0
MACQ.US,5,20211018,175000,9.895,9.9,9.895,9.895,400,0
MACQ.US,5,20211018,175500,9.895,9.895,9.895,9.895,200,0
MACQ.US,5,20211018,180000,9.895,9.895,9.895,9.895,100,0
MACQ.US,5,20211018,180500,9.895,9.895,9.895,9.895,300,0
MACQ.US,5,20211018,191500,9.895,9.895,9.895,9.895,200,0
MACQ.US,5,20211018,192000,9.89,9.895,9.89,9.895,200,0
MACQ.US,5,20211018,192500,9.89,9.89,9.89,9.89,200,0
MACQ.US,5,20211018,193000,9.89,9.89,9.89,9.89,200,0
MACQ.US,5,20211018,193500,9.89,9.9,9.89,9.895,500,0
MACQ.US,5,20211018,194000,9.89,9.89,9.89,9.89,200,0
MACQ.US,5,20211018,194500,9.89,9.89,9.89,9.89,300,0
MACQ.US,5,20211018,195000,9.89,9.895,9.89,9.895,400,0
MACQ.US,5,20211018,195500,9.89,9.895,9.89,9.895,200,0
MACQ.US,5,20211018,200000,9.89,9.89,9.89,9.89,200,0
MACQ.US,5,20211018,200500,9.89,9.895,9.89,9.895,400,0
MACQ.US,5,20211018,201000,9.89,9.89,9.89,9.89,200,0
MACQ.US,5,20211018,201500,9.89,9.89,9.89,9.89,200,0
MACQ.US,5,20211018,202000,9.89,9.89,9.89,9.89,300,0
MACQ.US,5,20211018,202500,9.89,9.895,9.89,9.89,300,0
MACQ.US,5,20211018,203000,9.89,9.895,9.89,9.895,200,0
MACQ.US,5,20211018,203500,9.89,9.895,9.89,9.895,600,0
MACQ.US,5,20211018,205000,9.89,9.89,9.89,9.89,300,0
MACQ.US,5,20211018,205500,9.89,9.895,9.89,9.895,200,0
MACQ.US,5,20211018,210000,9.89,9.895,9.89,9.895,500,0
MACQ.US,5,20211018,210500,9.89,9.9,9.89,9.895,553,0
MACQ.US,5,20211018,211000,9.89,9.89,9.89,9.89,200,0
MACQ.US,5,20211018,211500,9.89,9.89,9.89,9.89,300,0
MACQ.US,5,20211018,212000,9.89,9.895,9.89,9.895,400,0
MACQ.US,5,20211018,212500,9.89,9.89,9.89,9.89,500,0
MACQ.US,5,20211018,213000,9.89,9.895,9.89,9.89,400,0
MACQ.US,5,20211018,213500,9.89,9.895,9.89,9.895,2200,0
MACQ.US,5,20211018,214000,9.895,9.895,9.895,9.895,102,0
MACQ.US,5,20211018,215000,9.89,9.9,9.89,9.895,1150,0
MACQ.US,5,20211018,215500,9.895,9.9,9.89,9.9,6304,0
MACQ.US,5,20211019,153500,9.9057,9.91,9.8992,9.8992,1105,0
MACQ.US,5,20211019,154000,9.8999,9.8999,9.8999,9.8999,100,0
MACQ.US,5,20211019,155000,9.9,9.9,9.9,9.9,100,0
MACQ.US,5,20211019,161000,9.8992,9.9,9.8992,9.9,2200,0
MACQ.US,5,20211019,163000,9.9,9.9,9.8998,9.9,3808,0
MACQ.US,5,20211019,165000,9.9,9.9,9.9,9.9,100,0
MACQ.US,5,20211019,171000,9.9,9.9,9.89,9.9,4797,0
MACQ.US,5,20211019,172000,9.9,9.9,9.9,9.9,100,0
MACQ.US,5,20211019,180000,9.9,9.9,9.8963,9.8963,200,0
MACQ.US,5,20211019,183000,9.8919,9.9,9.8919,9.9,600,0
MACQ.US,5,20211019,211000,9.895,9.895,9.895,9.895,496,0
MACQ.US,5,20211019,214500,9.9,9.9,9.9,9.9,234,0
MACQ.US,5,20211019,215500,9.895,9.895,9.895,9.895,341,0
MACQ.US,5,20211020,153000,9.89,9.89,9.89,9.89,133,0
MACQ.US,5,20211020,153500,9.9,9.9,9.9,9.9,100,0
MACQ.US,5,20211020,164500,9.8999,9.8999,9.8999,9.8999,1000,0
MACQ.US,5,20211020,184500,9.8999,9.8999,9.8999,9.8999,100,0
MACQ.US,5,20211020,185500,9.89,9.89,9.89,9.89,900,0
MACQ.US,5,20211021,163000,9.8984,9.8984,9.8984,9.8984,500,0
MACQ.US,5,20211021,164000,9.89,9.89,9.89,9.89,1000,0
MACQ.US,5,20211021,170000,9.9,9.9,9.8982,9.9,2000,0
MACQ.US,5,20211021,181000,9.8958,9.8958,9.8958,9.8958,500,0
MACQ.US,5,20211021,183500,9.89,9.89,9.89,9.89,23990,0
MACQ.US,5,20211021,205000,9.89,9.895,9.89,9.895,2700,0
MACQ.US,5,20211021,205500,9.89,9.895,9.89,9.89,4700,0
MACQ.US,5,20211021,210000,9.89,9.8975,9.89,9.89,4100,0
MACQ.US,5,20211021,210500,9.8999,9.8999,9.89,9.89,10600,0
MACQ.US,5,20211021,211000,9.895,9.895,9.89,9.89,5700,0
MACQ.US,5,20211021,211500,9.89,9.895,9.89,9.89,4980,0
MACQ.US,5,20211021,212000,9.89,9.895,9.89,9.895,9111,0
MACQ.US,5,20211021,212500,9.89,9.895,9.89,9.89,22592,0
MACQ.US,5,20211021,213000,9.89,9.89,9.89,9.89,146,0
MACQ.US,5,20211021,213500,9.89,9.89,9.89,9.89,400,0
MACQ.US,5,20211021,214500,9.89,9.89,9.89,9.89,100,0
MACQ.US,5,20211021,215000,9.88,9.9,9.87,9.885,65000,0
MACQ.US,5,20211021,215500,9.885,9.885,9.87,9.88,30307,0
MACQ.US,5,20211022,162000,9.8981,9.8981,9.8981,9.8981,200,0
MACQ.US,5,20211022,163500,9.89,9.89,9.87,9.87,31734,0
MACQ.US,5,20211022,165000,9.87,9.88,9.87,9.88,56900,0
MACQ.US,5,20211022,182500,9.8709,9.8709,9.8709,9.8709,250,0
MACQ.US,5,20211022,184000,9.88,9.88,9.88,9.88,7477,0
MACQ.US,5,20211022,184500,9.88,9.88,9.88,9.88,732,0
MACQ.US,5,20211022,185000,9.88,9.88,9.88,9.88,2200,0
MACQ.US,5,20211022,191000,9.88,9.88,9.88,9.88,4000,0
MACQ.US,5,20211022,192000,9.88,9.88,9.87,9.88,8099,0
MACQ.US,5,20211022,192500,9.88,9.94,9.8798,9.93,124763,0
MACQ.US,5,20211022,193000,9.91,10.2499,9.89,10.15,347677,0
MACQ.US,5,20211022,193500,10.1481,10.1481,10,10.1,248422,0
MACQ.US,5,20211022,194000,10.0999,10.13,10,10.01,284256,0
MACQ.US,5,20211022,194500,10.03,10.03,9.88,9.965,232807,0
MACQ.US,5,20211022,195000,9.98,10.06,9.93,10.035,466832,0
MACQ.US,5,20211022,195500,10.03,10.04,9.91,9.9558,324548,0
MACQ.US,5,20211022,200000,9.95,10.05,9.91,9.96,200120,0
MACQ.US,5,20211022,200500,9.9564,9.99,9.94,9.9501,66089,0
MACQ.US,5,20211022,201000,9.9555,9.9555,9.89,9.9,174410,0
MACQ.US,5,20211022,201500,9.9,9.91,9.87,9.88,89048,0
MACQ.US,5,20211022,202000,9.885,9.9,9.88,9.89,24360,0
MACQ.US,5,20211022,202500,9.9,9.9,9.89,9.89,10285,0
MACQ.US,5,20211022,203000,9.89,9.8999,9.89,9.8955,8300,0
MACQ.US,5,20211022,203500,9.89,9.9,9.8701,9.875,33355,0
MACQ.US,5,20211022,204000,9.875,9.88,9.86,9.86,14305,0
MACQ.US,5,20211022,204500,9.86,9.88,9.86,9.87,11880,0
MACQ.US,5,20211022,205000,9.875,9.875,9.87,9.87,3108,0
MACQ.US,5,20211022,205500,9.875,9.8999,9.87,9.8821,3018,0
MACQ.US,5,20211022,210000,9.88,9.89,9.88,9.885,12200,0
MACQ.US,5,20211022,210500,9.885,9.887,9.88,9.8801,11299,0
MACQ.US,5,20211022,211000,9.88,9.89,9.88,9.88,3436,0
MACQ.US,5,20211022,211500,9.88,9.89,9.88,9.89,1197,0
MACQ.US,5,20211022,212000,9.89,9.89,9.88,9.88,972,0
MACQ.US,5,20211022,212500,9.88,9.88,9.8773,9.88,21255,0
MACQ.US,5,20211022,213000,9.8885,9.8885,9.88,9.88,5150,0
MACQ.US,5,20211022,213500,9.88,9.88,9.87,9.875,10034,0
MACQ.US,5,20211022,214000,9.875,9.88,9.8701,9.875,8944,0
MACQ.US,5,20211022,214500,9.875,9.875,9.875,9.875,7100,0
MACQ.US,5,20211022,215000,9.875,9.93,9.87,9.885,29341,0
MACQ.US,5,20211022,215500,9.89,9.9,9.87,9.9,37273,0
MACQ.US,5,20211025,153000,9.91,9.9183,9.9,9.9046,18172,0
MACQ.US,5,20211025,153500,9.9,9.9054,9.87,9.89,25325,0
MACQ.US,5,20211025,154000,9.87,9.92,9.87,9.91,12877,0
MACQ.US,5,20211025,154500,9.9,9.91,9.89,9.89,4812,0
MACQ.US,5,20211025,155000,9.88,9.89,9.88,9.89,5957,0
MACQ.US,5,20211025,155500,9.89,9.91,9.89,9.89,1300,0
MACQ.US,5,20211025,160000,9.89,9.8901,9.89,9.8901,920,0
MACQ.US,5,20211025,160500,9.89,9.9,9.88,9.9,3395,0
MACQ.US,5,20211025,161000,9.88,9.88,9.88,9.88,1236,0
MACQ.US,5,20211025,161500,9.88,9.8978,9.88,9.88,1950,0
MACQ.US,5,20211025,162000,9.88,9.8905,9.88,9.88,3711,0
MACQ.US,5,20211025,162500,9.885,9.89,9.88,9.89,4242,0
MACQ.US,5,20211025,163000,9.89,9.8995,9.89,9.8906,1800,0
MACQ.US,5,20211025,163500,9.89,9.89,9.89,9.89,300,0
MACQ.US,5,20211025,164000,9.898,9.898,9.8824,9.89,3690,0
MACQ.US,5,20211025,164500,9.9,9.9,9.8917,9.9,1800,0
MACQ.US,5,20211025,165000,9.89,9.89,9.89,9.89,300,0
MACQ.US,5,20211025,165500,9.89,9.89,9.89,9.89,200,0
MACQ.US,5,20211025,170000,9.89,9.89,9.89,9.89,1006,0
MACQ.US,5,20211025,170500,9.8905,9.895,9.89,9.89,2804,0
MACQ.US,5,20211025,172000,9.8913,9.8913,9.8913,9.8913,300,0
MACQ.US,5,20211025,172500,9.89,9.89,9.89,9.89,4144,0
MACQ.US,5,20211025,173500,9.8905,9.8905,9.89,9.89,2000,0
MACQ.US,5,20211025,174000,9.8901,9.8901,9.8901,9.8901,202,0
MACQ.US,5,20211025,175000,9.9,9.9,9.89,9.9,2500,0
MACQ.US,5,20211025,175500,9.89,9.9,9.89,9.898,1780,0
MACQ.US,5,20211025,180500,9.89,9.89,9.89,9.89,160,0
MACQ.US,5,20211025,181000,9.895,9.895,9.89,9.895,2423,0
MACQ.US,5,20211025,181500,9.8917,9.8917,9.8917,9.8917,1000,0
MACQ.US,5,20211025,182000,9.89,9.9,9.89,9.89,6500,0
MACQ.US,5,20211025,182500,9.9,9.9,9.9,9.9,1700,0
MACQ.US,5,20211025,183000,9.9,9.9,9.895,9.9,1000,0
MACQ.US,5,20211025,184000,9.895,9.895,9.89,9.89,200,0
MACQ.US,5,20211025,184500,9.89,9.89,9.89,9.89,100,0
MACQ.US,5,20211025,185000,9.89,9.8988,9.89,9.8988,251,0
MACQ.US,5,20211025,185500,9.89,9.89,9.89,9.89,1000,0
MACQ.US,5,20211025,190000,9.89,9.89,9.89,9.89,101,0
MACQ.US,5,20211025,191000,9.8901,9.8901,9.89,9.89,400,0
MACQ.US,5,20211025,191500,9.9,9.9,9.895,9.9,151658,0
MACQ.US,5,20211025,192000,9.895,9.9,9.89,9.9,1600,0
MACQ.US,5,20211025,193000,9.895,9.9,9.8945,9.895,3752,0
MACQ.US,5,20211025,195000,9.895,9.895,9.89,9.895,500,0
MACQ.US,5,20211025,202500,9.89,9.89,9.89,9.89,500,0
MACQ.US,5,20211025,203500,9.89,9.89,9.89,9.89,300,0
MACQ.US,5,20211025,204000,9.895,9.895,9.895,9.895,1100,0
MACQ.US,5,20211025,204500,9.895,9.895,9.89,9.895,1502,0
MACQ.US,5,20211025,205000,9.895,9.895,9.895,9.895,200,0
MACQ.US,5,20211025,205500,9.8928,9.895,9.8928,9.895,600,0
MACQ.US,5,20211025,210000,9.895,9.895,9.895,9.895,300,0
MACQ.US,5,20211025,210500,9.89,9.895,9.89,9.895,338,0
MACQ.US,5,20211025,211000,9.8995,9.8995,9.8995,9.8995,100,0
MACQ.US,5,20211025,211500,9.89,9.89,9.89,9.89,506,0
MACQ.US,5,20211025,212000,9.895,9.895,9.89,9.895,4100,0
MACQ.US,5,20211025,212500,9.895,9.895,9.8901,9.895,700,0
MACQ.US,5,20211025,213000,9.9,9.92,9.8977,9.92,29309,0
MACQ.US,5,20211025,213500,9.92,9.93,9.92,9.92,5800,0
MACQ.US,5,20211025,214000,9.92,9.92,9.92,9.92,9700,0
MACQ.US,5,20211025,214500,9.92,9.92,9.9195,9.92,1349,0
MACQ.US,5,20211025,215000,9.915,9.915,9.91,9.9102,2400,0
MACQ.US,5,20211025,215500,9.915,9.92,9.915,9.92,2588,0
MACQ.US,5,20211026,153000,9.92,9.94,9.92,9.93,61732,0
MACQ.US,5,20211026,153500,9.9399,9.9399,9.925,9.925,1100,0
MACQ.US,5,20211026,154000,9.92,9.93,9.91,9.9249,4516,0
MACQ.US,5,20211026,160000,9.92,9.92,9.92,9.92,1200,0
MACQ.US,5,20211026,160500,9.9001,9.91,9.9001,9.91,2100,0
MACQ.US,5,20211026,161500,9.9,9.91,9.9,9.91,400,0
MACQ.US,5,20211026,162000,9.9001,9.91,9.9001,9.91,4989,0
MACQ.US,5,20211026,162500,9.92,9.92,9.92,9.92,100,0
MACQ.US,5,20211026,163500,9.925,9.925,9.925,9.925,100,0
MACQ.US,5,20211026,165000,9.921,9.921,9.921,9.921,100,0
MACQ.US,5,20211026,165500,9.921,9.921,9.921,9.921,350,0
MACQ.US,5,20211026,170000,9.92,9.93,9.92,9.93,978,0
MACQ.US,5,20211026,170500,9.93,9.93,9.93,9.93,200,0
MACQ.US,5,20211026,171000,9.92,9.92,9.92,9.92,200,0
MACQ.US,5,20211026,171500,9.92,9.92,9.92,9.92,200,0
MACQ.US,5,20211026,172000,9.92,9.92,9.915,9.92,1100,0
MACQ.US,5,20211026,172500,9.91,9.915,9.91,9.91,300,0
MACQ.US,5,20211026,173000,9.91,9.92,9.9059,9.91,1440,0
MACQ.US,5,20211026,173500,9.91,9.92,9.905,9.915,7300,0
MACQ.US,5,20211026,174000,9.91,9.91,9.91,9.91,100,0
MACQ.US,5,20211026,174500,9.91,9.9131,9.91,9.91,800,0
MACQ.US,5,20211026,175000,9.91,9.91,9.91,9.91,200,0
MACQ.US,5,20211026,175500,9.91,9.91,9.9036,9.9036,300,0
MACQ.US,5,20211026,181000,9.91,9.91,9.91,9.91,100,0
MACQ.US,5,20211026,183500,9.91,9.91,9.91,9.91,2000,0
MACQ.US,5,20211026,184500,9.9001,9.91,9.9,9.9001,2422,0
MACQ.US,5,20211026,185000,9.91,9.92,9.91,9.91,1100,0
MACQ.US,5,20211026,185500,9.91,9.91,9.91,9.91,1000,0
MACQ.US,5,20211026,190500,9.91,9.9199,9.91,9.9199,3052,0
MACQ.US,5,20211026,191500,9.91,9.91,9.91,9.91,169,0
MACQ.US,5,20211026,192000,9.92,9.92,9.9,9.9,1100,0
MACQ.US,5,20211026,192500,9.92,9.92,9.92,9.92,100,0
MACQ.US,5,20211026,194000,9.91,9.91,9.91,9.91,2500,0
MACQ.US,5,20211026,194500,9.91,9.91,9.91,9.91,101,0
MACQ.US,5,20211026,195000,9.9001,9.9011,9.9,9.9,485,0
MACQ.US,5,20211026,195500,9.92,9.92,9.92,9.92,100,0
MACQ.US,5,20211026,200000,9.91,9.91,9.91,9.91,100,0
MACQ.US,5,20211026,201000,9.91,9.91,9.91,9.91,500,0
MACQ.US,5,20211026,201500,9.915,9.915,9.915,9.915,100,0
MACQ.US,5,20211026,204500,9.915,9.92,9.915,9.92,6546,0
MACQ.US,5,20211026,205000,9.92,9.93,9.92,9.925,6311,0
MACQ.US,5,20211026,205500,9.9,9.92,9.9,9.92,1963,0
MACQ.US,5,20211026,212000,9.92,9.92,9.92,9.92,2200,0
MACQ.US,5,20211026,213500,9.925,9.925,9.925,9.925,100,0
MACQ.US,5,20211026,214000,9.92,9.92,9.92,9.92,8791,0
MACQ.US,5,20211026,214500,9.925,9.925,9.925,9.925,100,0
MACQ.US,5,20211026,215000,9.925,9.925,9.92,9.92,20395,0
MACQ.US,5,20211026,215500,9.93,9.93,9.92,9.92,2197,0
MACQ.US,5,20211027,153000,9.89,9.9396,9.89,9.9396,5335,0
MACQ.US,5,20211027,153500,9.9123,9.915,9.9123,9.915,500,0
MACQ.US,5,20211027,154000,9.905,9.905,9.905,9.905,500,0
MACQ.US,5,20211027,154500,9.9001,9.91,9.9001,9.91,300,0
MACQ.US,5,20211027,155000,9.9099,9.9105,9.9099,9.9105,201,0
MACQ.US,5,20211027,160000,9.9026,9.9026,9.9026,9.9026,1000,0
MACQ.US,5,20211027,161500,9.9,9.9,9.9,9.9,1000,0
MACQ.US,5,20211027,162000,9.9,9.9039,9.9,9.9039,693,0
MACQ.US,5,20211027,163000,9.9085,9.9085,9.9085,9.9085,100,0
MACQ.US,5,20211027,172000,9.9044,9.92,9.9044,9.92,500,0
MACQ.US,5,20211027,173500,9.915,9.915,9.915,9.915,700,0
MACQ.US,5,20211027,182000,9.915,9.915,9.9101,9.9101,200,0
MACQ.US,5,20211027,184000,9.91,9.91,9.91,9.91,100,0
MACQ.US,5,20211027,195500,9.9101,9.9101,9.9101,9.9101,1000,0
MACQ.US,5,20211027,202000,9.9104,9.9104,9.9104,9.9104,100,0
MACQ.US,5,20211027,202500,9.9199,9.9199,9.9199,9.9199,1000,0
MACQ.US,5,20211027,205000,9.91,9.91,9.91,9.91,1000,0
MACQ.US,5,20211027,205500,9.91,9.92,9.91,9.92,1100,0
MACQ.US,5,20211027,210500,9.91,9.91,9.91,9.91,1200,0
MACQ.US,5,20211027,212000,9.9101,9.9101,9.9101,9.9101,100,0
MACQ.US,5,20211027,215000,9.915,9.92,9.915,9.92,600,0
MACQ.US,5,20211027,215500,9.9199,9.9199,9.91,9.91,788,0
MACQ.US,5,20211028,153000,9.92,9.92,9.91,9.91,2300,0
MACQ.US,5,20211028,153500,9.91,9.92,9.91,9.92,2100,0
MACQ.US,5,20211028,154000,9.9122,9.92,9.91,9.92,1500,0
MACQ.US,5,20211028,154500,9.91,9.92,9.91,9.92,1500,0
MACQ.US,5,20211028,155000,9.92,9.92,9.92,9.92,1300,0
MACQ.US,5,20211028,155500,9.92,9.92,9.9,9.91,21799,0
MACQ.US,5,20211028,160000,9.91,9.91,9.91,9.91,1200,0
MACQ.US,5,20211028,160500,9.91,9.93,9.91,9.92,900,0
MACQ.US,5,20211028,161000,9.92,9.93,9.91,9.92,1300,0
MACQ.US,5,20211028,161500,9.92,9.92,9.92,9.92,2600,0
MACQ.US,5,20211028,162000,9.92,9.92,9.92,9.92,1000,0
MACQ.US,5,20211028,162500,9.92,9.93,9.92,9.92,1000,0
MACQ.US,5,20211028,163000,9.92,9.92,9.92,9.92,1000,0
MACQ.US,5,20211028,163500,9.92,9.92,9.92,9.92,1000,0
MACQ.US,5,20211028,164000,9.92,9.92,9.92,9.92,1000,0
MACQ.US,5,20211028,164500,9.92,9.92,9.9107,9.92,1900,0
MACQ.US,5,20211028,165000,9.92,9.92,9.92,9.92,900,0
MACQ.US,5,20211028,165500,9.92,9.92,9.91,9.91,1800,0
MACQ.US,5,20211028,170000,9.92,9.92,9.92,9.92,900,0
MACQ.US,5,20211028,170500,9.92,9.92,9.9117,9.92,1400,0
MACQ.US,5,20211028,171000,9.92,9.92,9.92,9.92,800,0
MACQ.US,5,20211028,171500,9.92,9.92,9.92,9.92,800,0
MACQ.US,5,20211028,172000,9.92,9.92,9.91,9.92,1150,0
MACQ.US,5,20211028,172500,9.92,9.92,9.92,9.92,800,0
MACQ.US,5,20211028,173000,9.92,9.92,9.91,9.92,800,0
MACQ.US,5,20211028,173500,9.92,9.92,9.915,9.915,3000,0
MACQ.US,5,20211028,174000,9.915,9.915,9.915,9.915,700,0
MACQ.US,5,20211028,174500,9.915,9.915,9.91,9.91,1000,0
MACQ.US,5,20211028,175000,9.91,9.91,9.91,9.91,700,0
MACQ.US,5,20211028,175500,9.91,9.91,9.91,9.91,600,0
MACQ.US,5,20211028,180000,9.91,9.915,9.91,9.915,300,0
MACQ.US,5,20211028,180500,9.915,9.915,9.91,9.915,800,0
MACQ.US,5,20211028,181000,9.915,9.915,9.91,9.915,600,0
MACQ.US,5,20211028,181500,9.915,9.915,9.91,9.915,700,0
MACQ.US,5,20211028,182000,9.91,9.915,9.91,9.915,600,0
MACQ.US,5,20211028,182500,9.915,9.915,9.91,9.91,900,0
MACQ.US,5,20211028,183000,9.91,9.915,9.91,9.915,400,0
MACQ.US,5,20211028,183500,9.915,9.915,9.915,9.915,500,0
MACQ.US,5,20211028,184000,9.915,9.915,9.915,9.915,600,0
MACQ.US,5,20211028,184500,9.915,9.915,9.915,9.915,500,0
MACQ.US,5,20211028,185000,9.915,9.915,9.91,9.91,800,0
MACQ.US,5,20211028,185500,9.91,9.91,9.91,9.91,1005,0
MACQ.US,5,20211028,190000,9.91,9.915,9.91,9.915,300,0
MACQ.US,5,20211028,190500,9.915,9.92,9.91,9.915,1000,0
MACQ.US,5,20211028,191000,9.915,9.915,9.915,9.915,600,0
MACQ.US,5,20211028,191500,9.915,9.915,9.91,9.91,800,0
MACQ.US,5,20211028,192000,9.915,9.915,9.91,9.91,500,0
MACQ.US,5,20211028,192500,9.915,9.915,9.915,9.915,400,0
MACQ.US,5,20211028,193000,9.915,9.915,9.915,9.915,600,0
MACQ.US,5,20211028,193500,9.915,9.915,9.915,9.915,500,0
MACQ.US,5,20211028,194000,9.91,9.915,9.91,9.915,600,0
MACQ.US,5,20211028,194500,9.915,9.915,9.91,9.91,1296,0
MACQ.US,5,20211028,195000,9.915,9.915,9.915,9.915,600,0
MACQ.US,5,20211028,195500,9.915,9.915,9.91,9.91,1198,0
MACQ.US,5,20211028,200000,9.915,9.915,9.915,9.915,600,0
MACQ.US,5,20211028,200500,9.915,9.915,9.915,9.915,700,0
MACQ.US,5,20211028,201000,9.915,9.915,9.915,9.915,700,0
MACQ.US,5,20211028,201500,9.915,9.915,9.915,9.915,600,0
MACQ.US,5,20211028,202000,9.91,9.915,9.91,9.915,700,0
MACQ.US,5,20211028,202500,9.915,9.915,9.91,9.91,1200,0
MACQ.US,5,20211028,203000,9.915,9.915,9.91,9.915,600,0
MACQ.US,5,20211028,203500,9.915,9.915,9.915,9.915,600,0
MACQ.US,5,20211028,204000,9.915,9.915,9.915,9.915,700,0
MACQ.US,5,20211028,204500,9.915,9.915,9.915,9.915,700,0
MACQ.US,5,20211028,205000,9.915,9.915,9.915,9.915,700,0
MACQ.US,5,20211028,205500,9.915,9.915,9.91,9.91,1384,0
MACQ.US,5,20211028,210000,9.91,9.91,9.91,9.91,1151,0
MACQ.US,5,20211028,210500,9.91,9.92,9.91,9.91,800,0
MACQ.US,5,20211028,211000,9.91,9.91,9.91,9.91,1100,0
MACQ.US,5,20211028,211500,9.91,9.915,9.91,9.91,1700,0
MACQ.US,5,20211028,212000,9.91,9.91,9.91,9.91,800,0
MACQ.US,5,20211028,212500,9.91,9.91,9.91,9.91,1100,0
MACQ.US,5,20211028,213000,9.91,9.91,9.91,9.91,1100,0
MACQ.US,5,20211028,213500,9.91,9.91,9.91,9.91,1200,0
MACQ.US,5,20211028,214000,9.91,9.91,9.91,9.91,1500,0
MACQ.US,5,20211028,214500,9.91,9.92,9.91,9.91,1800,0
MACQ.US,5,20211028,215000,9.91,9.92,9.91,9.91,2200,0
MACQ.US,5,20211028,215500,9.92,9.92,9.91,9.91,4074,0
MACQ.US,5,20211029,153000,9.9158,9.9158,9.9158,9.9158,100,0
MACQ.US,5,20211029,153500,9.92,9.92,9.91,9.91,3266,0
MACQ.US,5,20211029,154000,9.9188,9.9188,9.9188,9.9188,100,0
MACQ.US,5,20211029,155500,9.915,9.915,9.915,9.915,100,0
MACQ.US,5,20211029,162000,9.92,9.92,9.92,9.92,100,0
MACQ.US,5,20211029,164500,9.91,9.91,9.91,9.91,100,0
MACQ.US,5,20211029,165500,9.91,9.92,9.91,9.92,1100,0
MACQ.US,5,20211029,170000,9.915,9.915,9.915,9.915,500,0
MACQ.US,5,20211029,172000,9.919,9.919,9.919,9.919,250,0
MACQ.US,5,20211029,174500,9.915,9.915,9.915,9.915,100,0
MACQ.US,5,20211029,175000,9.915,9.915,9.915,9.915,100,0
MACQ.US,5,20211029,191000,9.91,9.93,9.91,9.93,64389,0
MACQ.US,5,20211029,195500,9.92,9.93,9.92,9.92,700,0
MACQ.US,5,20211029,201000,9.92,9.92,9.92,9.92,500,0
MACQ.US,5,20211029,201500,9.93,9.93,9.93,9.93,100,0
MACQ.US,5,20211029,202000,9.93,9.93,9.92,9.93,800,0
MACQ.US,5,20211029,202500,9.93,9.93,9.93,9.93,300,0
MACQ.US,5,20211029,203000,9.93,9.93,9.93,9.93,200,0
MACQ.US,5,20211029,203500,9.93,9.93,9.93,9.93,300,0
MACQ.US,5,20211029,204000,9.93,9.93,9.93,9.93,300,0
MACQ.US,5,20211029,204500,9.93,9.93,9.93,9.93,300,0
MACQ.US,5,20211029,205000,9.93,9.93,9.93,9.93,300,0
MACQ.US,5,20211029,205500,9.93,9.93,9.93,9.93,300,0
MACQ.US,5,20211029,210000,9.93,9.93,9.92,9.93,600,0
MACQ.US,5,20211029,210500,9.93,9.93,9.93,9.93,300,0
MACQ.US,5,20211029,211000,9.93,9.93,9.93,9.93,300,0
MACQ.US,5,20211029,211500,9.93,9.93,9.93,9.93,100,0
MACQ.US,5,20211029,212000,9.93,9.93,9.93,9.93,200,0
MACQ.US,5,20211029,212500,9.93,9.93,9.93,9.93,300,0
MACQ.US,5,20211029,213000,9.93,9.93,9.93,9.93,300,0
MACQ.US,5,20211029,213500,9.93,9.93,9.93,9.93,200,0
MACQ.US,5,20211029,214000,9.93,9.93,9.93,9.93,300,0
MACQ.US,5,20211029,214500,9.93,9.93,9.93,9.93,100,0
MACQ.US,5,20211029,215000,9.93,9.93,9.93,9.93,300,0
MACQ.US,5,20211029,215500,9.93,9.93,9.92,9.93,5800,0
MACQ.US,5,20211101,143000,9.94,9.94,9.94,9.94,328,0
MACQ.US,5,20211101,143500,9.94,9.94,9.94,9.94,100,0
MACQ.US,5,20211101,144500,9.94,9.94,9.94,9.94,100,0
MACQ.US,5,20211101,145500,9.94,9.95,9.94,9.95,1097,0
MACQ.US,5,20211101,150000,9.94,9.94,9.94,9.94,2200,0
MACQ.US,5,20211101,150500,9.95,9.95,9.95,9.95,100,0
MACQ.US,5,20211101,151500,9.95,9.95,9.95,9.95,100,0
MACQ.US,5,20211101,152500,9.95,9.95,9.95,9.95,100,0
MACQ.US,5,20211101,153500,9.95,9.95,9.95,9.95,100,0
MACQ.US,5,20211101,154500,9.95,9.95,9.9499,9.9499,280,0
MACQ.US,5,20211101,155500,9.95,9.95,9.94,9.94,734,0
MACQ.US,5,20211101,161000,9.94,9.94,9.94,9.94,100,0
MACQ.US,5,20211101,162000,9.94,9.94,9.94,9.94,100,0
MACQ.US,5,20211101,162500,9.921,9.9292,9.921,9.9292,200,0
MACQ.US,5,20211101,163000,9.94,9.94,9.94,9.94,100,0
MACQ.US,5,20211101,165000,9.94,9.94,9.94,9.94,100,0
MACQ.US,5,20211101,165500,9.94,9.94,9.94,9.94,100,0
MACQ.US,5,20211101,170500,9.94,9.94,9.94,9.94,100,0
MACQ.US,5,20211101,171500,9.9466,9.9466,9.94,9.94,600,0
MACQ.US,5,20211101,172500,9.94,9.94,9.94,9.94,100,0
MACQ.US,5,20211101,173500,9.94,9.94,9.92,9.92,12434,0
MACQ.US,5,20211101,174000,9.91,9.92,9.91,9.92,7691,0
MACQ.US,5,20211101,175000,9.94,9.94,9.94,9.94,100,0
MACQ.US,5,20211101,180000,9.94,9.94,9.94,9.94,100,0
MACQ.US,5,20211101,181000,9.94,9.94,9.94,9.94,100,0
MACQ.US,5,20211101,182000,9.94,9.94,9.94,9.94,200,0
MACQ.US,5,20211101,183000,9.94,9.94,9.94,9.94,100,0
MACQ.US,5,20211101,184000,9.94,9.94,9.94,9.94,100,0
MACQ.US,5,20211101,185000,9.94,9.94,9.94,9.94,100,0
MACQ.US,5,20211101,191000,9.94,9.94,9.94,9.94,100,0
MACQ.US,5,20211101,193000,9.93,9.94,9.93,9.94,200,0
MACQ.US,5,20211101,203500,9.94,9.94,9.94,9.94,200,0
MACQ.US,5,20211101,205500,9.92,9.92,9.92,9.92,2284,0
MACQ.US,5,20211102,144500,9.9321,9.9321,9.9321,9.9321,100,0
MACQ.US,5,20211102,145500,9.94,9.94,9.94,9.94,100,0
MACQ.US,5,20211102,151000,9.93,9.93,9.93,9.93,100,0
MACQ.US,5,20211102,151500,9.9301,9.9301,9.93,9.93,400,0
MACQ.US,5,20211102,152500,9.93,9.93,9.93,9.93,100,0
MACQ.US,5,20211102,153500,9.95,9.95,9.93,9.93,1310,0
MACQ.US,5,20211102,154000,9.93,9.934,9.93,9.934,1000,0
MACQ.US,5,20211102,155000,9.93,9.93,9.93,9.93,100,0
MACQ.US,5,20211102,160500,9.93,9.93,9.93,9.93,100,0
MACQ.US,5,20211102,162000,9.93,9.93,9.93,9.93,100,0
MACQ.US,5,20211102,162500,9.9301,9.9301,9.93,9.93,2000,0
MACQ.US,5,20211102,163500,9.94,9.94,9.94,9.94,100,0
MACQ.US,5,20211102,164500,9.94,9.94,9.94,9.94,100,0
MACQ.US,5,20211102,165000,9.95,9.95,9.95,9.95,300,0
MACQ.US,5,20211102,165500,9.95,9.95,9.93,9.94,600,0
MACQ.US,5,20211102,170000,9.95,9.95,9.93,9.9489,1300,0
MACQ.US,5,20211102,171500,9.945,9.945,9.945,9.945,100,0
MACQ.US,5,20211102,172000,9.94,9.945,9.94,9.94,4300,0
MACQ.US,5,20211102,181000,9.93,9.93,9.93,9.93,100,0
MACQ.US,5,20211102,182500,9.93,9.93,9.93,9.93,100,0
MACQ.US,5,20211102,183000,9.9341,9.94,9.93,9.93,25700,0
MACQ.US,5,20211102,184000,9.935,9.935,9.935,9.935,100,0
MACQ.US,5,20211102,184500,9.9305,9.9305,9.9305,9.9305,150,0
MACQ.US,5,20211102,185500,9.92,9.92,9.92,9.92,160,0
MACQ.US,5,20211102,190500,9.92,9.92,9.92,9.92,100,0
MACQ.US,5,20211102,192000,9.92,9.92,9.92,9.92,100,0
MACQ.US,5,20211102,193500,9.92,9.92,9.92,9.92,100,0
MACQ.US,5,20211102,195000,9.92,9.92,9.92,9.92,400,0
MACQ.US,5,20211102,200000,9.92,9.92,9.92,9.92,100,0
MACQ.US,5,20211102,201500,9.925,9.925,9.925,9.925,100,0
MACQ.US,5,20211102,203000,9.92,9.9299,9.92,9.9299,465,0
MACQ.US,5,20211102,204000,9.9205,9.9205,9.9205,9.9205,299,0
MACQ.US,5,20211102,205500,9.94,9.94,9.94,9.94,114,0
MACQ.US,5,20211103,143000,9.93,9.93,9.922,9.922,328,0
MACQ.US,5,20211103,151000,9.94,9.94,9.94,9.94,300,0
MACQ.US,5,20211103,151500,9.93,9.93,9.93,9.93,8300,0
MACQ.US,5,20211103,152000,9.94,9.94,9.93,9.93,4000,0
MACQ.US,5,20211103,153500,9.93,9.93,9.93,9.93,400,0
MACQ.US,5,20211103,154000,9.94,9.94,9.94,9.94,100,0
MACQ.US,5,20211103,162500,9.94,9.94,9.94,9.94,100,0
MACQ.US,5,20211103,175000,9.93,9.93,9.93,9.93,100,0
MACQ.US,5,20211103,182500,9.935,9.935,9.935,9.935,500,0
MACQ.US,5,20211103,191000,9.93,9.93,9.93,9.93,200,0
MACQ.US,5,20211103,191500,9.9301,9.9301,9.9301,9.9301,200,0
MACQ.US,5,20211103,200500,9.93,9.93,9.93,9.93,239,0
MACQ.US,5,20211103,202000,9.94,9.94,9.94,9.94,100,0
MACQ.US,5,20211103,205500,9.94,9.94,9.94,9.94,108,0
MACQ.US,5,20211104,143000,9.92,9.92,9.92,9.92,5298,0
MACQ.US,5,20211104,144000,9.925,9.925,9.925,9.925,100,0
MACQ.US,5,20211104,144500,9.925,9.925,9.925,9.925,300,0
MACQ.US,5,20211104,150000,9.93,9.93,9.93,9.93,10210,0
MACQ.US,5,20211104,152500,9.939,9.939,9.939,9.939,800,0
MACQ.US,5,20211104,153500,9.94,9.94,9.94,9.94,100,0
MACQ.US,5,20211104,160000,9.94,9.94,9.94,9.94,100,0
MACQ.US,5,20211104,172000,9.94,9.94,9.94,9.94,100,0
MACQ.US,5,20211104,191500,9.93,9.93,9.93,9.93,22010,0
MACQ.US,5,20211104,193500,9.93,9.93,9.93,9.93,1470,0
MACQ.US,5,20211104,194000,9.935,9.935,9.935,9.935,100,0
MACQ.US,5,20211104,195500,9.93,9.93,9.93,9.93,100,0
MACQ.US,5,20211104,201500,9.935,9.935,9.935,9.935,100,0
MACQ.US,5,20211104,202500,9.93,9.93,9.93,9.93,100,0
MACQ.US,5,20211104,203000,9.93,9.93,9.93,9.93,1949,0
MACQ.US,5,20211104,203500,9.935,9.935,9.93,9.93,2091,0
MACQ.US,5,20211104,204500,9.93,9.93,9.93,9.93,100,0
MACQ.US,5,20211104,205000,9.93,9.93,9.93,9.93,200,0
MACQ.US,5,20211104,205500,9.93,9.93,9.93,9.93,400,0
MACQ.US,5,20211105,143000,9.93,9.93,9.92,9.92,11414,0
MACQ.US,5,20211105,152000,9.93,9.93,9.93,9.93,10000,0
MACQ.US,5,20211105,153000,9.93,9.93,9.93,9.93,100,0
MACQ.US,5,20211105,161000,9.93,9.93,9.93,9.93,100,0
MACQ.US,5,20211105,171500,9.93,9.93,9.93,9.93,100,0
MACQ.US,5,20211105,174000,9.9244,9.9244,9.9244,9.9244,789,0
MACQ.US,5,20211105,180000,9.925,9.925,9.92,9.92,1000,0
MACQ.US,5,20211105,180500,9.92,9.92,9.92,9.92,100,0
MACQ.US,5,20211105,181500,9.92,9.92,9.92,9.92,526,0
MACQ.US,5,20211105,182500,9.92,9.92,9.92,9.92,526,0
MACQ.US,5,20211105,183000,9.92,9.92,9.92,9.92,526,0
MACQ.US,5,20211105,183500,9.92,9.92,9.92,9.92,527,0
MACQ.US,5,20211105,184000,9.92,9.92,9.92,9.92,526,0
MACQ.US,5,20211105,184500,9.92,9.92,9.92,9.92,527,0
MACQ.US,5,20211105,185000,9.92,9.92,9.92,9.92,527,0
MACQ.US,5,20211105,185500,9.92,9.92,9.92,9.92,527,0
MACQ.US,5,20211105,190500,9.92,9.92,9.92,9.92,526,0
MACQ.US,5,20211105,191000,9.92,9.92,9.92,9.92,527,0
MACQ.US,5,20211105,191500,9.92,9.92,9.92,9.92,526,0
MACQ.US,5,20211105,192000,9.92,9.92,9.92,9.92,527,0
MACQ.US,5,20211105,192500,9.92,9.92,9.92,9.92,526,0
MACQ.US,5,20211105,193000,9.92,9.92,9.92,9.92,527,0
MACQ.US,5,20211105,193500,9.93,9.93,9.92,9.92,726,0
MACQ.US,5,20211105,194000,9.92,9.92,9.92,9.92,527,0
MACQ.US,5,20211105,194500,9.92,9.92,9.92,9.92,527,0
MACQ.US,5,20211105,195500,9.92,9.92,9.92,9.92,526,0
MACQ.US,5,20211105,200000,9.92,9.92,9.92,9.92,527,0
MACQ.US,5,20211105,200500,9.92,9.92,9.92,9.92,525,0
MACQ.US,5,20211105,201000,9.92,9.92,9.92,9.92,527,0
MACQ.US,5,20211105,202000,9.92,9.925,9.92,9.92,5964,0
MACQ.US,5,20211105,202500,9.92,9.92,9.92,9.92,600,0
MACQ.US,5,20211105,204000,9.93,9.93,9.91,9.91,2689,0
MACQ.US,5,20211105,205000,9.93,9.93,9.93,9.93,100,0
MACQ.US,5,20211105,205500,9.91,9.91,9.91,9.91,467,0
MACQ.US,5,20211108,153000,9.98,9.98,9.94,9.94,123596,0
MACQ.US,5,20211108,161000,9.93,9.93,9.93,9.93,100,0
MACQ.US,5,20211108,162500,9.93,9.93,9.93,9.93,1779,0
MACQ.US,5,20211108,163000,9.93,9.93,9.93,9.93,9921,0
MACQ.US,5,20211108,172000,9.9399,9.9399,9.9399,9.9399,101,0
MACQ.US,5,20211108,182500,9.92,9.92,9.91,9.92,419,0
MACQ.US,5,20211108,183500,9.9101,9.94,9.9101,9.94,850,0
MACQ.US,5,20211108,193000,9.9399,9.9399,9.9399,9.9399,1000,0
MACQ.US,5,20211108,203500,9.94,9.94,9.94,9.94,500,0
MACQ.US,5,20211109,153000,9.97,9.97,9.97,9.97,4711,0
MACQ.US,5,20211109,154500,9.94,9.94,9.94,9.94,200,0
MACQ.US,5,20211109,155000,9.92,9.93,9.92,9.92,123140,0
MACQ.US,5,20211109,160000,9.935,9.935,9.935,9.935,200,0
MACQ.US,5,20211109,160500,9.935,9.935,9.935,9.935,200,0
MACQ.US,5,20211109,161000,9.935,9.935,9.935,9.935,100,0
MACQ.US,5,20211109,161500,9.935,9.935,9.935,9.935,100,0
MACQ.US,5,20211109,162000,9.92,9.93,9.92,9.93,700,0
MACQ.US,5,20211109,162500,9.93,9.93,9.93,9.93,100,0
MACQ.US,5,20211109,163000,9.93,9.93,9.93,9.93,100,0
MACQ.US,5,20211109,163500,9.93,9.93,9.93,9.93,100,0
MACQ.US,5,20211109,164500,9.93,9.93,9.93,9.93,200,0
MACQ.US,5,20211109,165500,9.93,9.93,9.93,9.93,100,0
MACQ.US,5,20211109,170500,9.93,9.93,9.93,9.93,1000,0
MACQ.US,5,20211109,171000,9.93,9.93,9.93,9.93,100,0
MACQ.US,5,20211109,172000,9.92,9.92,9.92,9.92,100,0
MACQ.US,5,20211109,173000,9.92,9.92,9.92,9.92,100,0
MACQ.US,5,20211109,175500,9.925,9.925,9.925,9.925,100,0
MACQ.US,5,20211109,181500,9.925,9.925,9.925,9.925,100,0
MACQ.US,5,20211109,183500,9.925,9.925,9.925,9.925,100,0
MACQ.US,5,20211109,185500,9.92,9.92,9.91,9.92,3594,0
MACQ.US,5,20211109,190000,9.92,9.92,9.92,9.92,300,0
MACQ.US,5,20211109,193000,9.92,9.92,9.92,9.92,100,0
MACQ.US,5,20211109,194000,9.93,9.93,9.93,9.93,25000,0
MACQ.US,5,20211109,194500,9.92,9.92,9.92,9.92,100,0
MACQ.US,5,20211109,200000,9.92,9.92,9.92,9.92,100,0
MACQ.US,5,20211109,202000,9.9299,9.9299,9.9299,9.9299,325,0
MACQ.US,5,20211109,203000,9.92,9.92,9.92,9.92,100,0
MACQ.US,5,20211109,205000,9.92,9.92,9.92,9.92,100,0
MACQ.US,5,20211109,210000,9.92,9.92,9.92,9.92,600,0
MACQ.US,5,20211109,211500,9.92,9.92,9.92,9.92,100,0
MACQ.US,5,20211109,213000,9.92,9.92,9.92,9.92,100,0
MACQ.US,5,20211109,213500,9.92,9.92,9.92,9.92,100,0
MACQ.US,5,20211109,215000,9.92,9.92,9.92,9.92,1000,0
MACQ.US,5,20211110,153500,9.92,9.92,9.92,9.92,6300,0
MACQ.US,5,20211110,154000,9.93,9.93,9.93,9.93,200,0
MACQ.US,5,20211110,154500,9.9299,9.9299,9.9299,9.9299,310,0
MACQ.US,5,20211110,155000,9.925,9.925,9.925,9.925,250000,0
MACQ.US,5,20211110,155500,9.92,9.9288,9.92,9.9288,83820,0
MACQ.US,5,20211110,160500,9.92,9.93,9.92,9.93,8006,0
MACQ.US,5,20211110,165000,9.929,9.929,9.929,9.929,800,0
MACQ.US,5,20211110,170000,9.925,9.925,9.92,9.92,14297,0
MACQ.US,5,20211110,172000,9.91,9.93,9.91,9.93,10783,0
MACQ.US,5,20211110,175000,9.925,9.93,9.925,9.93,1099,0
MACQ.US,5,20211110,203500,9.93,9.93,9.9201,9.9201,2200,0
MACQ.US,5,20211110,205500,9.92,9.92,9.92,9.92,400,0
MACQ.US,5,20211110,210000,9.92,9.92,9.92,9.92,700,0
MACQ.US,5,20211110,210500,9.92,9.925,9.92,9.92,934,0
MACQ.US,5,20211110,212000,9.925,9.925,9.925,9.925,300,0
MACQ.US,5,20211110,214500,9.92,9.925,9.92,9.92,2557,0
MACQ.US,5,20211111,154500,9.92,9.92,9.92,9.92,2000,0
MACQ.US,5,20211111,161500,9.92,9.92,9.92,9.92,100,0
MACQ.US,5,20211111,163500,9.92,9.92,9.92,9.92,100,0
MACQ.US,5,20211111,164000,9.92,9.92,9.92,9.92,100,0
MACQ.US,5,20211111,170500,9.92,9.92,9.92,9.92,100,0
MACQ.US,5,20211111,172000,9.92,9.92,9.92,9.92,200,0
MACQ.US,5,20211111,185500,9.93,9.93,9.93,9.93,100,0
MACQ.US,5,20211111,211000,9.93,9.93,9.93,9.93,400,0
MACQ.US,5,20211111,213500,9.929,9.929,9.929,9.929,500,0
