<TICKER>,<PER>,<DATE>,<TIME>,<OPEN>,<HIGH>,<LOW>,<CLOSE>,<VOL>,<OPENINT>
MITT_C.US,5,20210922,182000,25.23,25.23,25.23,25.23,100,0
MITT_C.US,5,20210922,190000,25.01,25.01,25.01,25.01,1000,0
MITT_C.US,5,20210922,204500,25.13,25.13,25.13,25.13,1000,0
MITT_C.US,5,20210922,213000,25.22,25.22,25.22,25.22,942,0
MITT_C.US,5,20210922,215500,25.22,25.22,25.19,25.19,390,0
MITT_C.US,5,20210923,162000,25.0744,25.0744,25.023,25.023,1000,0
MITT_C.US,5,20210923,180500,25.0795,25.0795,25.0795,25.0795,155,0
MITT_C.US,5,20210923,191500,25.0937,25.0937,25.0937,25.0937,125,0
MITT_C.US,5,20210923,210500,25.1426,25.1426,25.1426,25.1426,100,0
MITT_C.US,5,20210923,215500,25.03,25.03,25.03,25.03,100,0
MITT_C.US,5,20210924,153500,25.05,25.0926,25.03,25.0926,1344,0
MITT_C.US,5,20210924,184000,25.165,25.165,25.165,25.165,878,0
MITT_C.US,5,20210924,191000,25.14,25.14,25.14,25.14,800,0
MITT_C.US,5,20210924,191500,25.13,25.162,25.13,25.162,600,0
MITT_C.US,5,20210924,200000,25.0907,25.13,25.0907,25.13,600,0
MITT_C.US,5,20210924,201000,25.0901,25.0901,25.0901,25.0901,645,0
MITT_C.US,5,20210924,201500,25.0901,25.0901,25.0901,25.0901,775,0
MITT_C.US,5,20210924,202000,25.13,25.13,25.13,25.13,200,0
MITT_C.US,5,20210924,203000,25.1505,25.1505,25.15,25.15,1816,0
MITT_C.US,5,20210924,203500,25.09,25.0901,25.0677,25.09,1702,0
MITT_C.US,5,20210924,204500,25.0748,25.09,25.0748,25.09,1780,0
MITT_C.US,5,20210924,210000,25.09,25.09,25.07,25.09,1830,0
MITT_C.US,5,20210924,210500,25.05,25.09,25.05,25.05,1100,0
MITT_C.US,5,20210924,211000,25.09,25.09,25.0734,25.0734,356,0
MITT_C.US,5,20210924,212000,25.09,25.09,25.09,25.09,1100,0
MITT_C.US,5,20210924,212500,25.09,25.09,25.09,25.09,1136,0
MITT_C.US,5,20210924,214000,25.09,25.09,25.09,25.09,1400,0
MITT_C.US,5,20210924,214500,25.17,25.17,25.17,25.17,285,0
MITT_C.US,5,20210924,215000,25.1,25.15,25.1,25.15,4565,0
MITT_C.US,5,20210924,215500,25.15,25.15,25.15,25.15,100,0
MITT_C.US,5,20210927,153000,25.15,25.15,25.15,25.15,141,0
MITT_C.US,5,20210927,160000,25.08,25.08,25.08,25.08,100,0
MITT_C.US,5,20210927,160500,25.1141,25.12,25.09,25.09,952,0
MITT_C.US,5,20210927,161000,25.09,25.17,25.09,25.17,3337,0
MITT_C.US,5,20210927,161500,25.115,25.115,25.115,25.115,200,0
MITT_C.US,5,20210927,162000,25.17,25.17,25.17,25.17,204,0
MITT_C.US,5,20210927,162500,25.24,25.24,25.24,25.24,200,0
MITT_C.US,5,20210927,165000,25.24,25.24,25.155,25.155,500,0
MITT_C.US,5,20210927,170000,25.1625,25.236,25.1625,25.236,2300,0
MITT_C.US,5,20210927,173500,25.236,25.236,25.236,25.236,500,0
MITT_C.US,5,20210927,180500,25.25,25.25,25.25,25.25,500,0
MITT_C.US,5,20210927,181500,25.236,25.236,25.236,25.236,250,0
MITT_C.US,5,20210927,182500,25.22,25.225,25.2068,25.225,800,0
MITT_C.US,5,20210927,183000,25.2,25.228,25.2,25.228,1100,0
MITT_C.US,5,20210927,184500,25.23,25.23,25.23,25.23,500,0
MITT_C.US,5,20210927,185500,25.195,25.2025,25.16,25.2025,2878,0
MITT_C.US,5,20210927,190000,25.22,25.23,25.195,25.23,1725,0
MITT_C.US,5,20210927,192500,25.23,25.23,25.23,25.23,350,0
MITT_C.US,5,20210927,194000,25.22,25.22,25.22,25.22,400,0
MITT_C.US,5,20210927,201000,25.23,25.23,25.23,25.23,300,0
MITT_C.US,5,20210927,201500,25.225,25.225,25.225,25.225,100,0
MITT_C.US,5,20210927,202000,25.22,25.22,25.2092,25.2092,600,0
MITT_C.US,5,20210927,210000,25.21,25.21,25.2085,25.2085,1100,0
MITT_C.US,5,20210927,211000,25.1836,25.2017,25.18,25.19,3000,0
MITT_C.US,5,20210927,211500,25.215,25.215,25.215,25.215,350,0
MITT_C.US,5,20210927,212000,25.215,25.215,25.211,25.211,850,0
MITT_C.US,5,20210927,212500,25.23,25.23,25.204,25.22,4300,0
MITT_C.US,5,20210927,213000,25.22,25.22,25.22,25.22,2000,0
MITT_C.US,5,20210927,213500,25.22,25.23,25.2092,25.23,4000,0
MITT_C.US,5,20210927,214000,25.21,25.21,25.21,25.21,322,0
MITT_C.US,5,20210927,215000,25.2001,25.2001,25.2,25.2,356,0
MITT_C.US,5,20210927,215500,25.2,25.2162,25.2,25.21,2000,0
MITT_C.US,5,20210928,153500,25.06,25.06,25.06,25.06,200,0
MITT_C.US,5,20210928,154000,25.06,25.06,25.06,25.06,200,0
MITT_C.US,5,20210928,155000,25.06,25.06,25.06,25.06,100,0
MITT_C.US,5,20210928,155500,25.07,25.07,25.07,25.07,600,0
MITT_C.US,5,20210928,161000,25.05,25.05,25.05,25.05,400,0
MITT_C.US,5,20210928,163000,25.005,25.005,25,25,7154,0
MITT_C.US,5,20210928,164000,25,25,25,25,350,0
MITT_C.US,5,20210928,164500,25,25.035,25,25.035,2500,0
MITT_C.US,5,20210928,165000,25.035,25.035,25.035,25.035,2000,0
MITT_C.US,5,20210928,165500,25.035,25.045,25.035,25.045,2400,0
MITT_C.US,5,20210928,170000,25.045,25.045,25.045,25.045,2800,0
MITT_C.US,5,20210928,170500,25.045,25.045,25.045,25.045,300,0
MITT_C.US,5,20210928,171500,25,25,25,25,300,0
MITT_C.US,5,20210928,173000,25.045,25.045,25.045,25.045,130,0
MITT_C.US,5,20210928,174000,25,25,25,25,300,0
MITT_C.US,5,20210928,175500,25.045,25.045,25.045,25.045,300,0
MITT_C.US,5,20210928,180000,25,25,25,25,500,0
MITT_C.US,5,20210928,180500,25.045,25.045,25.045,25.045,300,0
MITT_C.US,5,20210928,182000,25.045,25.045,25.045,25.045,100,0
MITT_C.US,5,20210928,183500,25.045,25.045,25.045,25.045,300,0
MITT_C.US,5,20210928,191000,25.02,25.02,25.02,25.02,600,0
MITT_C.US,5,20210928,195000,25.02,25.02,25.02,25.02,699,0
MITT_C.US,5,20210928,195500,25.02,25.02,25.02,25.02,800,0
MITT_C.US,5,20210928,200500,25.02,25.02,25.02,25.02,1000,0
MITT_C.US,5,20210928,203000,24.99,24.99,24.99,24.99,151,0
MITT_C.US,5,20210928,205500,24.985,25.03,24.985,25.03,1500,0
MITT_C.US,5,20210928,210000,25.01,25.01,25.01,25.01,500,0
MITT_C.US,5,20210928,213000,25.01,25.01,24.97,24.97,1600,0
MITT_C.US,5,20210928,213500,25.01,25.01,25.01,25.01,1000,0
MITT_C.US,5,20210928,214500,25.01,25.01,25.01,25.01,500,0
MITT_C.US,5,20210928,215000,25.01,25.01,25.01,25.01,1000,0
MITT_C.US,5,20210928,215500,25.01,25.01,24.97,24.97,2404,0
MITT_C.US,5,20210929,153000,24.9748,25.05,24.9748,25,1750,0
MITT_C.US,5,20210929,153500,24.97,25.0489,24.97,25.032,1100,0
MITT_C.US,5,20210929,154000,25.04,25.04,25,25,600,0
MITT_C.US,5,20210929,154500,25.032,25.032,24.985,25.032,700,0
MITT_C.US,5,20210929,155000,24.985,24.985,24.985,24.985,500,0
MITT_C.US,5,20210929,155500,25.02,25.02,24.985,24.985,600,0
MITT_C.US,5,20210929,160000,25,25.01,25,25,488,0
MITT_C.US,5,20210929,160500,25.015,25.015,25.015,25.015,1500,0
MITT_C.US,5,20210929,161000,25.015,25.015,25.015,25.015,1000,0
MITT_C.US,5,20210929,163000,25.01,25.01,24.99,24.99,1184,0
MITT_C.US,5,20210929,164500,25.005,25.005,25.005,25.005,500,0
MITT_C.US,5,20210929,165500,25.005,25.005,25.005,25.005,1500,0
MITT_C.US,5,20210929,170000,24.965,24.965,24.965,24.965,100,0
MITT_C.US,5,20210929,170500,25,25,25,25,300,0
MITT_C.US,5,20210929,171000,25,25,25,25,396,0
MITT_C.US,5,20210929,171500,24.99,24.99,24.99,24.99,200,0
MITT_C.US,5,20210929,172000,25.02,25.02,25.02,25.02,500,0
MITT_C.US,5,20210929,172500,25.0272,25.05,25.0272,25.05,1200,0
MITT_C.US,5,20210929,173000,25.005,25.01,25,25,3400,0
MITT_C.US,5,20210929,174500,25.095,25.095,25.095,25.095,500,0
MITT_C.US,5,20210929,180500,25,25,25,25,100,0
MITT_C.US,5,20210929,181000,24.99,25,24.99,25,300,0
MITT_C.US,5,20210929,181500,25,25,25,25,100,0
MITT_C.US,5,20210929,191500,24.99,24.99,24.99,24.99,700,0
MITT_C.US,5,20210929,192000,24.99,24.99,24.99,24.99,300,0
MITT_C.US,5,20210929,192500,24.99,24.99,24.99,24.99,500,0
MITT_C.US,5,20210929,193500,25,25,24.99,25,700,0
MITT_C.US,5,20210929,203000,25,25,25,25,400,0
MITT_C.US,5,20210929,205500,25.09,25.09,25.09,25.09,1090,0
MITT_C.US,5,20210929,211000,25.08,25.08,25.08,25.08,276,0
MITT_C.US,5,20210929,212000,25.08,25.08,25.08,25.08,350,0
MITT_C.US,5,20210929,212500,25.08,25.08,24.99,24.99,1900,0
MITT_C.US,5,20210929,214000,25.08,25.08,25,25.08,2700,0
MITT_C.US,5,20210929,214500,25.08,25.08,25.08,25.08,1500,0
MITT_C.US,5,20210929,215000,25,25.08,25,25.08,2900,0
MITT_C.US,5,20210929,215500,25.08,25.08,24.99,24.99,2958,0
MITT_C.US,5,20210930,153000,25.01,25.01,25.01,25.01,500,0
MITT_C.US,5,20210930,153500,25.01,25.01,25.01,25.01,500,0
MITT_C.US,5,20210930,154000,25.01,25.01,25.01,25.01,500,0
MITT_C.US,5,20210930,161500,25.01,25.01,25.01,25.01,1000,0
MITT_C.US,5,20210930,162000,25.01,25.01,25.01,25.01,500,0
MITT_C.US,5,20210930,163500,24.98,24.98,24.97,24.9752,799,0
MITT_C.US,5,20210930,164000,24.9826,24.9826,24.9826,24.9826,100,0
MITT_C.US,5,20210930,165000,25,25,24.9816,25,800,0
MITT_C.US,5,20210930,165500,24.97,24.97,24.97,24.97,299,0
MITT_C.US,5,20210930,171000,24.97,24.97,24.96,24.96,1201,0
MITT_C.US,5,20210930,171500,24.99,25,24.99,24.99,1700,0
MITT_C.US,5,20210930,172000,24.9999,25,24.99,25,4650,0
MITT_C.US,5,20210930,172500,25,25,25,25,500,0
MITT_C.US,5,20210930,173000,24.99,24.99,24.99,24.99,300,0
MITT_C.US,5,20210930,173500,24.944,24.944,24.9208,24.944,4500,0
MITT_C.US,5,20210930,201500,24.93,24.93,24.93,24.93,276,0
MITT_C.US,5,20210930,203000,24.99,25,24.96,25,1200,0
MITT_C.US,5,20210930,204000,25,25,25,25,500,0
MITT_C.US,5,20210930,205000,25,25,25,25,450,0
MITT_C.US,5,20210930,205500,25,25,25,25,500,0
MITT_C.US,5,20210930,210000,25,25.04,24.985,25.04,1215,0
MITT_C.US,5,20210930,215500,25.05,25.05,25.05,25.05,100,0
MITT_C.US,5,20211001,155500,24.985,25.05,24.985,25.05,1600,0
MITT_C.US,5,20211001,173500,25,25.01,25,25,2000,0
MITT_C.US,5,20211001,192000,25,25,25,25,200,0
MITT_C.US,5,20211001,193500,25,25,25,25,20000,0
MITT_C.US,5,20211001,201500,25.045,25.045,25.045,25.045,500,0
MITT_C.US,5,20211001,203500,25.03,25.03,25.03,25.03,500,0
MITT_C.US,5,20211001,204000,25.03,25.03,25.03,25.03,1000,0
MITT_C.US,5,20211001,204500,25.03,25.03,25.03,25.03,1000,0
MITT_C.US,5,20211001,205000,25,25.03,25,25.03,1335,0
MITT_C.US,5,20211001,205500,25.03,25.03,25.03,25.03,1000,0
MITT_C.US,5,20211001,211500,25.03,25.03,25.03,25.03,500,0
MITT_C.US,5,20211001,212500,25.03,25.03,25.03,25.03,500,0
MITT_C.US,5,20211001,213000,25.03,25.03,25.03,25.03,1000,0
MITT_C.US,5,20211001,213500,25.03,25.03,25.03,25.03,1000,0
MITT_C.US,5,20211001,214000,25.03,25.03,25.03,25.03,1500,0
MITT_C.US,5,20211001,214500,25.03,25.14,25.03,25.14,1386,0
MITT_C.US,5,20211001,215000,25.14,25.14,25.03,25.03,2268,0
MITT_C.US,5,20211001,215500,25.03,25.03,25.03,25.03,2781,0
MITT_C.US,5,20211004,154000,25,25.01,25,25,2400,0
MITT_C.US,5,20211004,154500,25,25,25,25,100,0
MITT_C.US,5,20211004,155000,25,25,25,25,1100,0
MITT_C.US,5,20211004,160000,24.93,24.93,24.92,24.92,1500,0
MITT_C.US,5,20211004,161000,25.14,25.14,25.14,25.14,226,0
MITT_C.US,5,20211004,164000,25.14,25.14,25.14,25.14,1000,0
MITT_C.US,5,20211004,165000,24.9769,24.9769,24.9769,24.9769,150,0
MITT_C.US,5,20211004,170500,25.03,25.03,25.03,25.03,100,0
MITT_C.US,5,20211004,171500,25.03,25.03,25.03,25.03,300,0
MITT_C.US,5,20211004,180000,25,25,25,25,630,0
MITT_C.US,5,20211004,184000,25.03,25.03,25.03,25.03,2500,0
MITT_C.US,5,20211004,190500,24.95,24.95,24.93,24.93,1285,0
MITT_C.US,5,20211004,192500,25.0125,25.0125,25.0125,25.0125,299,0
MITT_C.US,5,20211004,202000,25.0087,25.0087,25.0087,25.0087,900,0
MITT_C.US,5,20211004,210500,24.99,25,24.99,25,2000,0
MITT_C.US,5,20211004,211000,24.95,24.95,24.95,24.95,546,0
MITT_C.US,5,20211004,212000,25,25,24.99,24.9999,2385,0
MITT_C.US,5,20211004,212500,24.9785,24.9785,24.9785,24.9785,100,0
MITT_C.US,5,20211004,213500,24.963,24.963,24.963,24.963,500,0
MITT_C.US,5,20211004,214000,25,25,24.965,24.965,1241,0
MITT_C.US,5,20211005,161000,25,25,25,25,383,0
MITT_C.US,5,20211005,161500,25,25,24.9668,24.9668,200,0
MITT_C.US,5,20211005,162000,24.999,25,24.999,25,900,0
MITT_C.US,5,20211005,165000,25,25,25,25,200,0
MITT_C.US,5,20211005,191000,25,25,25,25,200,0
MITT_C.US,5,20211005,192500,25.0316,25.0316,25.0316,25.0316,200,0
MITT_C.US,5,20211005,193000,25,25,25,25,200,0
MITT_C.US,5,20211005,193500,25.0316,25.0316,25.0316,25.0316,200,0
MITT_C.US,5,20211005,194500,25.01,25.01,25.01,25.01,2000,0
MITT_C.US,5,20211005,203500,25.015,25.0354,25.015,25.0354,700,0
MITT_C.US,5,20211005,205500,25.015,25.015,25.015,25.015,700,0
MITT_C.US,5,20211005,212500,25,25,25,25,228,0
MITT_C.US,5,20211006,161000,25.05,25.05,25.05,25.05,131,0
MITT_C.US,5,20211006,164500,25.04,25.04,25,25,300,0
MITT_C.US,5,20211006,170500,24.92,24.92,24.92,24.92,200,0
MITT_C.US,5,20211006,173500,25,25,25,25,2175,0
MITT_C.US,5,20211006,175500,25,25,24.965,24.965,2400,0
MITT_C.US,5,20211006,182000,25,25,25,25,500,0
MITT_C.US,5,20211006,184000,25,25,25,25,500,0
MITT_C.US,5,20211006,192000,24.9998,25,24.9998,25,1580,0
MITT_C.US,5,20211006,200000,24.9999,25,24.9999,25,600,0
MITT_C.US,5,20211006,202500,24.99,25,24.99,25,300,0
MITT_C.US,5,20211006,204500,24.986,24.986,24.986,24.986,1000,0
MITT_C.US,5,20211006,205500,24.975,24.975,24.92,24.92,5420,0
MITT_C.US,5,20211006,213000,24.9,24.9,24.9,24.9,400,0
MITT_C.US,5,20211006,214000,24.94,24.9432,24.94,24.9432,600,0
MITT_C.US,5,20211006,214500,24.98,24.988,24.98,24.988,200,0
MITT_C.US,5,20211006,215000,24.99,25,24.9419,25,3334,0
MITT_C.US,5,20211006,215500,25,25,25,25,300,0
MITT_C.US,5,20211007,153500,24.9509,24.9509,24.9509,24.9509,100,0
MITT_C.US,5,20211007,162000,24.905,24.905,24.905,24.905,100,0
MITT_C.US,5,20211007,181000,24.99,24.99,24.99,24.99,200,0
MITT_C.US,5,20211007,184000,24.954,24.954,24.954,24.954,1000,0
MITT_C.US,5,20211007,185000,25,25,24.9354,24.9354,400,0
MITT_C.US,5,20211007,195500,24.9519,24.9519,24.9519,24.9519,206,0
MITT_C.US,5,20211007,202000,25,25,24.9997,25,1800,0
MITT_C.US,5,20211007,213000,24.9997,25,24.9997,25,2000,0
MITT_C.US,5,20211008,154000,25,25,25,25,250,0
MITT_C.US,5,20211008,160000,25,25,25,25,150,0
MITT_C.US,5,20211008,173000,24.997,25,24.997,25,380,0
MITT_C.US,5,20211008,190000,25,25,25,25,100,0
MITT_C.US,5,20211008,215500,25,25,25,25,100,0
MITT_C.US,5,20211011,163500,24.94,24.94,24.94,24.94,100,0
MITT_C.US,5,20211011,173500,24.9,24.9,24.8698,24.8698,1000,0
MITT_C.US,5,20211011,181500,25,25,25,25,725,0
MITT_C.US,5,20211011,210500,24.95,24.95,24.95,24.95,200,0
MITT_C.US,5,20211012,154000,25,25,24.9626,25,1800,0
MITT_C.US,5,20211012,154500,24.9626,25,24.955,25,2700,0
MITT_C.US,5,20211012,161000,24.9792,25,24.975,24.975,1450,0
MITT_C.US,5,20211012,163000,25,25,25,25,300,0
MITT_C.US,5,20211012,163500,24.975,24.975,24.975,24.975,7000,0
MITT_C.US,5,20211012,164000,24.975,24.975,24.975,24.975,3000,0
MITT_C.US,5,20211012,164500,25,25.025,25,25.025,980,0
MITT_C.US,5,20211012,165500,25.025,25.025,25,25,3900,0
MITT_C.US,5,20211012,170000,25,25,25,25,445,0
MITT_C.US,5,20211012,170500,25,25,24.9601,24.98,2634,0
MITT_C.US,5,20211012,172000,24.9834,25,24.98,25,1100,0
MITT_C.US,5,20211012,172500,25,25,25,25,100,0
MITT_C.US,5,20211012,175000,25,25,24.9958,25,1100,0
MITT_C.US,5,20211012,180500,25,25,25,25,600,0
MITT_C.US,5,20211012,182000,25,25,24.9958,25,2000,0
MITT_C.US,5,20211012,182500,25,25,25,25,480,0
MITT_C.US,5,20211012,184500,25,25,25,25,420,0
MITT_C.US,5,20211012,185500,25,25,25,25,400,0
MITT_C.US,5,20211012,194000,25,25,25,25,523,0
MITT_C.US,5,20211012,194500,24.995,25,24.9785,24.9785,1284,0
MITT_C.US,5,20211012,195000,24.99,25,24.99,25,858,0
MITT_C.US,5,20211012,200000,25,25,24.975,25,2900,0
MITT_C.US,5,20211012,200500,25,25,24.9792,25,1000,0
MITT_C.US,5,20211012,201000,25,25,25,25,500,0
MITT_C.US,5,20211012,201500,25,25,25,25,2073,0
MITT_C.US,5,20211012,202000,25,25,25,25,1940,0
MITT_C.US,5,20211012,203000,25,25,25,25,240,0
MITT_C.US,5,20211012,210000,24.975,25,24.975,25,1914,0
MITT_C.US,5,20211012,213500,24.9997,25,24.9997,25,1050,0
MITT_C.US,5,20211012,214500,25,25,25,25,1400,0
MITT_C.US,5,20211012,215000,25,25,24.95,25,4125,0
MITT_C.US,5,20211012,215500,24.99,25,24.981,25,4750,0
MITT_C.US,5,20211013,153000,25,25,25,25,200,0
MITT_C.US,5,20211013,153500,25,25,25,25,500,0
MITT_C.US,5,20211013,160500,25,25,24.9995,24.9995,1960,0
MITT_C.US,5,20211013,161500,25,25,24.975,25,1300,0
MITT_C.US,5,20211013,162000,24.9792,25,24.9792,25,1200,0
MITT_C.US,5,20211013,163500,25,25,25,25,1000,0
MITT_C.US,5,20211013,164500,25,25,25,25,500,0
MITT_C.US,5,20211013,165000,24.975,25,24.975,25,1500,0
MITT_C.US,5,20211013,170000,25,25,25,25,2500,0
MITT_C.US,5,20211013,171500,25,25,24.9792,25,1600,0
MITT_C.US,5,20211013,173500,24.9886,24.9886,24.9886,24.9886,500,0
MITT_C.US,5,20211013,174000,25,25,24.9875,25,3000,0
MITT_C.US,5,20211013,174500,24.9875,25,24.9875,25,3100,0
MITT_C.US,5,20211013,175000,25,25,25,25,1000,0
MITT_C.US,5,20211013,180500,25,25,25,25,550,0
MITT_C.US,5,20211013,181500,25,25.065,25,25.065,3025,0
MITT_C.US,5,20211013,184500,25,25,25,25,400,0
MITT_C.US,5,20211013,185000,25,25,24.99,25,2100,0
MITT_C.US,5,20211013,185500,25,25,25,25,100,0
MITT_C.US,5,20211013,190000,25.065,25.065,25,25,1171,0
MITT_C.US,5,20211013,190500,25.065,25.065,25.065,25.065,950,0
MITT_C.US,5,20211013,191000,25.065,25.065,25,25,550,0
MITT_C.US,5,20211013,191500,25,25.14,25,25,2150,0
MITT_C.US,5,20211013,192000,25,25.045,25,25,1200,0
MITT_C.US,5,20211013,192500,25.045,25.045,25.045,25.045,350,0
MITT_C.US,5,20211013,193500,25.04,25.04,25,25,800,0
MITT_C.US,5,20211013,194000,25.04,25.04,25,25,1420,0
MITT_C.US,5,20211013,200000,25.04,25.04,25,25,400,0
MITT_C.US,5,20211013,200500,25,25,25,25,300,0
MITT_C.US,5,20211013,202500,25,25,25,25,100,0
MITT_C.US,5,20211013,210000,25,25,25,25,2600,0
MITT_C.US,5,20211013,210500,24.99,25,24.979,25,4214,0
MITT_C.US,5,20211013,211000,25,25,24.91,24.95,5520,0
MITT_C.US,5,20211013,213000,24.94,24.94,24.8898,24.94,600,0
MITT_C.US,5,20211013,215500,24.94,24.94,24.94,24.94,100,0
MITT_C.US,5,20211014,162000,25,25,24.99,24.99,5286,0
MITT_C.US,5,20211014,171500,24.9919,24.9919,24.9919,24.9919,295,0
MITT_C.US,5,20211014,182500,24.99,24.99,24.99,24.99,400,0
MITT_C.US,5,20211014,185500,25,25.01,25,25.01,4000,0
MITT_C.US,5,20211014,190500,24.99,24.9901,24.99,24.9901,200,0
MITT_C.US,5,20211014,194000,25,25.01,24.98,25.01,794,0
MITT_C.US,5,20211014,200500,24.99,24.99,24.99,24.99,600,0
MITT_C.US,5,20211014,202500,24.96,24.96,24.96,24.96,181,0
MITT_C.US,5,20211014,205000,25,25,24.995,25,800,0
MITT_C.US,5,20211014,210000,25,25,24.995,25,1100,0
MITT_C.US,5,20211014,214500,24.99,24.99,24.99,24.99,100,0
MITT_C.US,5,20211014,215500,24.99,24.99,24.99,24.99,100,0
MITT_C.US,5,20211015,153000,25,25,25,25,360,0
MITT_C.US,5,20211015,161000,25,25,25,25,175,0
MITT_C.US,5,20211015,163500,24.905,24.905,24.905,24.905,100,0
MITT_C.US,5,20211015,175000,24.96,24.96,24.96,24.96,800,0
MITT_C.US,5,20211015,180000,25,25,25,25,364,0
MITT_C.US,5,20211015,180500,25,25,25,25,100,0
MITT_C.US,5,20211015,192500,25,25,25,25,903,0
MITT_C.US,5,20211015,194000,25,25,25,25,100,0
MITT_C.US,5,20211015,195500,25,25,24.9854,25,700,0
MITT_C.US,5,20211015,200500,24.9997,25,24.9997,25,340,0
MITT_C.US,5,20211015,202000,25,25,25,25,100,0
MITT_C.US,5,20211015,203500,25,25,25,25,100,0
MITT_C.US,5,20211015,204500,25,25,25,25,100,0
MITT_C.US,5,20211015,210000,25,25,25,25,100,0
MITT_C.US,5,20211015,210500,25,25,25,25,974,0
MITT_C.US,5,20211015,212000,25,25,25,25,100,0
MITT_C.US,5,20211015,212500,24.99,24.99,24.99,24.99,100,0
MITT_C.US,5,20211015,213000,25,25,25,25,100,0
MITT_C.US,5,20211015,214000,25,25,25,25,100,0
MITT_C.US,5,20211018,153000,25,25,25,25,400,0
MITT_C.US,5,20211018,153500,24.9999,25,24.9999,25,200,0
MITT_C.US,5,20211018,154500,25,25,24.955,24.99,500,0
MITT_C.US,5,20211018,161000,24.98,24.98,24.98,24.98,100,0
MITT_C.US,5,20211018,165500,24.97,24.97,24.97,24.97,200,0
MITT_C.US,5,20211018,183000,24.99,24.99,24.99,24.99,120,0
MITT_C.US,5,20211018,184500,24.9895,24.99,24.9895,24.99,200,0
MITT_C.US,5,20211018,193000,24.9601,24.9601,24.9601,24.9601,262,0
MITT_C.US,5,20211018,201000,24.99,24.99,24.99,24.99,375,0
MITT_C.US,5,20211018,204500,24.99,24.99,24.99,24.99,200,0
MITT_C.US,5,20211018,205000,24.99,24.99,24.99,24.99,500,0
MITT_C.US,5,20211018,210000,24.99,24.99,24.99,24.99,100,0
MITT_C.US,5,20211018,214000,24.975,24.975,24.975,24.975,425,0
MITT_C.US,5,20211018,214500,24.975,24.975,24.975,24.975,575,0
MITT_C.US,5,20211018,215500,24.99,24.99,24.99,24.99,800,0
MITT_C.US,5,20211019,164000,24.98,24.98,24.98,24.98,200,0
MITT_C.US,5,20211019,173000,24.98,24.98,24.9799,24.9799,500,0
MITT_C.US,5,20211019,174500,24.98,24.98,24.965,24.965,350,0
MITT_C.US,5,20211019,180500,24.97,24.98,24.97,24.98,500,0
MITT_C.US,5,20211019,181500,24.95,24.95,24.95,24.95,750,0
MITT_C.US,5,20211019,190000,24.97,24.97,24.97,24.97,100,0
MITT_C.US,5,20211019,190500,24.9799,24.9799,24.9799,24.9799,100,0
MITT_C.US,5,20211019,210000,24.97,24.98,24.95,24.97,1400,0
MITT_C.US,5,20211019,210500,24.965,24.9711,24.965,24.9711,500,0
MITT_C.US,5,20211019,211500,24.97,24.97,24.97,24.97,300,0
MITT_C.US,5,20211019,213500,24.97,24.97,24.97,24.97,1000,0
MITT_C.US,5,20211019,214500,24.965,24.97,24.965,24.97,1500,0
MITT_C.US,5,20211019,215500,24.975,24.975,24.95,24.97,1358,0
MITT_C.US,5,20211020,154500,24.9572,24.9572,24.9572,24.9572,100,0
MITT_C.US,5,20211020,161000,24.97,24.97,24.97,24.97,100,0
MITT_C.US,5,20211020,162500,24.97,24.97,24.97,24.97,143,0
MITT_C.US,5,20211020,163000,24.97,24.975,24.97,24.975,600,0
MITT_C.US,5,20211020,163500,24.96,24.96,24.96,24.96,200,0
MITT_C.US,5,20211020,165000,24.98,24.98,24.98,24.98,1000,0
MITT_C.US,5,20211020,173000,24.965,24.965,24.965,24.965,250,0
MITT_C.US,5,20211020,175500,24.97,24.97,24.97,24.97,400,0
MITT_C.US,5,20211020,180000,24.98,24.98,24.97,24.97,1460,0
MITT_C.US,5,20211020,180500,24.95,24.9503,24.95,24.9503,600,0
MITT_C.US,5,20211020,181500,24.97,24.98,24.97,24.98,200,0
MITT_C.US,5,20211020,182000,24.975,24.98,24.97,24.98,1200,0
MITT_C.US,5,20211020,184500,24.97,24.97,24.97,24.97,200,0
MITT_C.US,5,20211020,191500,24.97,24.98,24.97,24.98,600,0
MITT_C.US,5,20211020,192000,24.97,24.98,24.97,24.98,300,0
MITT_C.US,5,20211020,193000,24.95,24.95,24.95,24.95,639,0
MITT_C.US,5,20211020,195500,24.965,24.965,24.965,24.965,110,0
MITT_C.US,5,20211020,202000,24.97,24.97,24.97,24.97,100,0
MITT_C.US,5,20211020,211000,24.97,24.98,24.96,24.96,1361,0
MITT_C.US,5,20211020,213500,24.97,24.978,24.97,24.97,400,0
MITT_C.US,5,20211020,215500,24.95,24.95,24.95,24.95,4000,0
MITT_C.US,5,20211021,160000,25.0754,25.0754,25.0754,25.0754,100,0
MITT_C.US,5,20211021,161500,25.02,25.02,25,25,700,0
MITT_C.US,5,20211021,171500,24.97,24.98,24.97,24.97,1478,0
MITT_C.US,5,20211021,180000,24.93,24.93,24.93,24.93,100,0
MITT_C.US,5,20211021,191500,24.9519,24.9519,24.9519,24.9519,801,0
MITT_C.US,5,20211021,210000,24.96,24.96,24.96,24.96,200,0
MITT_C.US,5,20211021,211000,24.9555,24.9555,24.9555,24.9555,100,0
MITT_C.US,5,20211021,212000,24.96,24.96,24.96,24.96,1000,0
MITT_C.US,5,20211021,214500,24.955,24.955,24.95,24.95,300,0
MITT_C.US,5,20211021,215000,24.94,24.96,24.94,24.95,2464,0
MITT_C.US,5,20211021,215500,24.96,24.96,24.96,24.96,201,0
MITT_C.US,5,20211022,153500,24.96,24.96,24.96,24.96,300,0
MITT_C.US,5,20211022,170500,24.99,25,24.99,24.9995,2553,0
MITT_C.US,5,20211022,171000,24.9999,24.9999,24.99,24.99,1100,0
MITT_C.US,5,20211022,172000,24.995,24.995,24.995,24.995,100,0
MITT_C.US,5,20211022,173000,24.995,25,24.995,24.995,1450,0
MITT_C.US,5,20211022,181000,24.99,24.99,24.99,24.99,1495,0
MITT_C.US,5,20211022,184000,25,25,24.9999,24.9999,600,0
MITT_C.US,5,20211022,185000,25,25,25,25,515,0
MITT_C.US,5,20211022,193000,25,25,25,25,140,0
MITT_C.US,5,20211022,203000,25,25.05,25,25,858,0
MITT_C.US,5,20211022,204500,25.09,25.09,25.09,25.09,100,0
MITT_C.US,5,20211022,205000,25,25.005,24.99,24.99,1069,0
MITT_C.US,5,20211022,205500,25.0011,25.0011,25.0011,25.0011,2850,0
MITT_C.US,5,20211022,210000,25.08,25.1,25.0433,25.1,1966,0
MITT_C.US,5,20211022,212500,25.045,25.067,25.045,25.067,2000,0
MITT_C.US,5,20211022,215500,25.1,25.1,25.09,25.1,669,0
MITT_C.US,5,20211025,160000,25.015,25.015,25.015,25.015,200,0
MITT_C.US,5,20211025,163500,25.03,25.05,25.03,25.03,44165,0
MITT_C.US,5,20211025,164000,25.05,25.05,25,25,44300,0
MITT_C.US,5,20211025,164500,25.09,25.14,25,25.14,133562,0
MITT_C.US,5,20211025,165000,25.135,25.135,25.135,25.135,500,0
MITT_C.US,5,20211025,165500,25.135,25.135,25.135,25.135,100,0
MITT_C.US,5,20211025,171000,25.1,25.1,25.1,25.1,46006,0
MITT_C.US,5,20211025,171500,25.135,25.135,25.135,25.135,300,0
MITT_C.US,5,20211025,174000,25.135,25.135,25.135,25.135,100,0
MITT_C.US,5,20211025,205000,25.13,25.1422,25.13,25.1422,1100,0
MITT_C.US,5,20211025,210000,25.1364,25.1364,25.1364,25.1364,100,0
MITT_C.US,5,20211025,211500,25.1505,25.1505,25.1505,25.1505,100,0
MITT_C.US,5,20211025,214500,25.15,25.15,25.14,25.14,540,0
MITT_C.US,5,20211025,215500,25.14,25.14,25.14,25.14,100,0
MITT_C.US,5,20211026,174500,25.1559,25.1559,25.1559,25.1559,165,0
MITT_C.US,5,20211026,185500,25.17,25.17,25.17,25.17,450,0
MITT_C.US,5,20211026,193500,25.095,25.095,25.095,25.095,100,0
MITT_C.US,5,20211026,200500,25.17,25.17,25.17,25.17,100,0
MITT_C.US,5,20211026,201500,25.085,25.085,25.085,25.085,100,0
MITT_C.US,5,20211026,202000,25.08,25.08,25.08,25.08,400,0
MITT_C.US,5,20211026,214000,25.18,25.18,25.18,25.18,150,0
MITT_C.US,5,20211026,215500,25.22,25.22,25.22,25.22,404,0
MITT_C.US,5,20211027,172500,25.22,25.25,25.22,25.25,850,0
MITT_C.US,5,20211027,180000,25.25,25.25,25.25,25.25,400,0
MITT_C.US,5,20211027,181000,25.2142,25.2142,25.2142,25.2142,1000,0
MITT_C.US,5,20211027,182500,25.25,25.25,25.25,25.25,200,0
MITT_C.US,5,20211027,185000,25.25,25.25,25.2209,25.2209,2500,0
MITT_C.US,5,20211027,185500,25.25,25.25,25.25,25.25,300,0
MITT_C.US,5,20211027,192000,25.25,25.25,25.2209,25.25,2347,0
MITT_C.US,5,20211027,192500,25.27,25.27,25.27,25.27,191,0
MITT_C.US,5,20211027,193000,25.27,25.27,25.27,25.27,295,0
MITT_C.US,5,20211027,193500,25.25,25.255,25.25,25.255,500,0
MITT_C.US,5,20211027,194000,25.33,25.33,25.33,25.33,300,0
MITT_C.US,5,20211027,195000,25.33,25.33,25.33,25.33,200,0
MITT_C.US,5,20211027,201000,25.35,25.35,25.3085,25.35,900,0
MITT_C.US,5,20211027,202000,25.35,25.35,25.35,25.35,300,0
MITT_C.US,5,20211027,203500,25.3,25.3,25.3,25.3,300,0
MITT_C.US,5,20211027,204000,25.29,25.29,25.29,25.29,200,0
MITT_C.US,5,20211027,204500,25.3299,25.33,25.3299,25.33,900,0
MITT_C.US,5,20211027,205500,25.33,25.35,25.33,25.35,1200,0
MITT_C.US,5,20211027,210000,25.35,25.35,25.35,25.35,400,0
MITT_C.US,5,20211027,210500,25.349,25.35,25.349,25.35,600,0
MITT_C.US,5,20211027,214000,25.35,25.35,25.35,25.35,400,0
MITT_C.US,5,20211027,214500,25.31,25.35,25.31,25.35,644,0
MITT_C.US,5,20211028,164500,25.35,25.486,25.3085,25.486,2678,0
MITT_C.US,5,20211028,181000,25.44,25.44,25.44,25.44,200,0
MITT_C.US,5,20211028,192000,25.4,25.4,25.3668,25.3941,1000,0
MITT_C.US,5,20211028,202500,25.45,25.45,25.45,25.45,200,0
MITT_C.US,5,20211028,205500,25.45,25.45,25.4224,25.4224,1100,0
MITT_C.US,5,20211028,210000,25.43,25.45,25.4103,25.45,2646,0
MITT_C.US,5,20211028,212000,25.41,25.41,25.41,25.41,1000,0
MITT_C.US,5,20211028,215000,25.43,25.43,25.43,25.43,100,0
MITT_C.US,5,20211028,215500,25.45,25.45,25.45,25.45,100,0
MITT_C.US,5,20211029,155000,25.41,25.41,25.41,25.41,400,0
MITT_C.US,5,20211029,155500,25.4101,25.4101,25.41,25.41,1100,0
MITT_C.US,5,20211029,161000,25.443,25.443,25.443,25.443,500,0
MITT_C.US,5,20211029,183500,25.475,25.475,25.47,25.47,2200,0
MITT_C.US,5,20211029,190500,25.47,25.47,25.47,25.47,200,0
MITT_C.US,5,20211029,192000,25.475,25.475,25.47,25.475,1400,0
MITT_C.US,5,20211029,192500,25.47,25.48,25.47,25.47,1400,0
MITT_C.US,5,20211029,213500,25.41,25.41,25.25,25.25,3200,0
MITT_C.US,5,20211029,214500,25.365,25.48,25.365,25.47,3356,0
MITT_C.US,5,20211029,215500,25.425,25.47,25.38,25.45,2606,0
MITT_C.US,5,20211101,180000,25.4,25.4,25.4,25.4,400,0
MITT_C.US,5,20211101,182000,25.425,25.425,25.425,25.425,300,0
MITT_C.US,5,20211101,182500,25.47,25.47,25.4377,25.47,1000,0
MITT_C.US,5,20211101,193000,25.4,25.4,25.4,25.4,400,0
MITT_C.US,5,20211101,195000,25.375,25.4,25.375,25.4,900,0
MITT_C.US,5,20211102,144500,25.54,25.54,25.54,25.54,185,0
MITT_C.US,5,20211102,162000,25.49,25.49,25.49,25.49,200,0
MITT_C.US,5,20211102,171500,25.44,25.44,25.44,25.44,300,0
MITT_C.US,5,20211102,172000,25.44,25.45,25.44,25.45,400,0
MITT_C.US,5,20211102,174500,25.48,25.5,25.46,25.5,400,0
MITT_C.US,5,20211102,175500,25.5,25.5,25.5,25.5,300,0
MITT_C.US,5,20211102,181000,25.5,25.5,25.5,25.5,1000,0
MITT_C.US,5,20211102,185000,25.48,25.48,25.48,25.48,100,0
MITT_C.US,5,20211102,185500,25.48,25.48,25.48,25.48,100,0
MITT_C.US,5,20211102,191500,25.475,25.475,25.475,25.475,200,0
MITT_C.US,5,20211102,193500,25.5,25.5,25.5,25.5,100,0
MITT_C.US,5,20211102,195000,25.5,25.5,25.5,25.5,895,0
MITT_C.US,5,20211102,195500,25.51,25.51,25.51,25.51,200,0
MITT_C.US,5,20211102,200000,25.51,25.51,25.51,25.51,100,0
MITT_C.US,5,20211102,203000,25.52,25.52,25.52,25.52,200,0
MITT_C.US,5,20211103,145500,25.55,25.55,25.55,25.55,100,0
MITT_C.US,5,20211103,203000,25.5141,25.5141,25.5141,25.5141,250,0
MITT_C.US,5,20211104,143500,25.55,25.55,25.55,25.55,100,0
MITT_C.US,5,20211104,144000,25.55,25.55,25.55,25.55,600,0
MITT_C.US,5,20211104,151000,25.55,25.55,25.55,25.55,490,0
MITT_C.US,5,20211104,172500,25.5262,25.5262,25.5262,25.5262,500,0
MITT_C.US,5,20211104,173000,25.57,25.57,25.57,25.57,2100,0
MITT_C.US,5,20211104,193500,25.57,25.57,25.57,25.57,2900,0
MITT_C.US,5,20211104,194500,25.6,25.65,25.6,25.65,1200,0
MITT_C.US,5,20211104,195000,25.565,25.565,25.565,25.565,175,0
MITT_C.US,5,20211105,144000,25.635,25.635,25.635,25.635,1000,0
MITT_C.US,5,20211105,144500,25.6201,25.6201,25.59,25.59,200,0
MITT_C.US,5,20211105,145500,25.5899,25.6602,25.5899,25.6602,450,0
MITT_C.US,5,20211105,173500,25.66,25.67,25.66,25.67,300,0
MITT_C.US,5,20211105,202500,25.56,25.56,25.56,25.56,200,0
MITT_C.US,5,20211105,204000,25.5863,25.67,25.56,25.67,900,0
MITT_C.US,5,20211105,204500,25.65,25.65,25.56,25.56,600,0
MITT_C.US,5,20211108,160500,25.525,25.525,25.525,25.525,100,0
MITT_C.US,5,20211108,171500,25.5128,25.5128,25.5101,25.5101,1100,0
MITT_C.US,5,20211108,174500,25.555,25.555,25.555,25.555,1000,0
MITT_C.US,5,20211108,175000,25.51,25.5115,25.51,25.5115,1000,0
MITT_C.US,5,20211108,204500,25.45,25.45,25.45,25.45,565,0
MITT_C.US,5,20211108,205000,25.45,25.45,25.355,25.355,575,0
MITT_C.US,5,20211108,210500,25.4,25.4,25.4,25.4,100,0
MITT_C.US,5,20211108,211500,25.3999,25.3999,25.373,25.3999,2000,0
MITT_C.US,5,20211108,212000,25.4,25.4,25.3698,25.3698,2000,0
MITT_C.US,5,20211109,180500,25.475,25.475,25.475,25.475,150,0
MITT_C.US,5,20211109,191500,25.525,25.55,25.525,25.55,1000,0
MITT_C.US,5,20211109,193500,25.5001,25.5015,25.5,25.5015,300,0
MITT_C.US,5,20211109,202500,25.5,25.5,25.5,25.5,100,0
MITT_C.US,5,20211109,210500,25.43,25.43,25.42,25.42,1200,0
MITT_C.US,5,20211109,214000,25.42,25.42,25.42,25.42,800,0
MITT_C.US,5,20211109,214500,25.42,25.42,25.41,25.41,300,0
MITT_C.US,5,20211109,215000,25.44,25.55,25.44,25.55,419,0
MITT_C.US,5,20211110,153000,25.5,25.5,25.5,25.5,200,0
MITT_C.US,5,20211110,154000,25.5,25.5,25.5,25.5,900,0
MITT_C.US,5,20211110,171000,25.45,25.55,25.4488,25.55,5110,0
MITT_C.US,5,20211110,171500,25.4638,25.5275,25.4638,25.487,3000,0
MITT_C.US,5,20211110,172000,25.4907,25.505,25.46,25.4901,4200,0
MITT_C.US,5,20211110,172500,25.45,25.45,25.41,25.41,1200,0
MITT_C.US,5,20211110,173000,25.45,25.45,25.44,25.4497,1400,0
MITT_C.US,5,20211110,173500,25.55,25.55,25.55,25.55,200,0
MITT_C.US,5,20211110,174000,25.5137,25.5137,25.45,25.4768,2400,0
MITT_C.US,5,20211110,174500,25.4773,25.4773,25.45,25.4508,2100,0
MITT_C.US,5,20211110,175500,25.45,25.45,25.45,25.45,600,0
MITT_C.US,5,20211110,180000,25.4,25.4,25.37,25.37,301,0
MITT_C.US,5,20211110,181000,25.3769,25.3769,25.37,25.3767,1394,0
MITT_C.US,5,20211110,181500,25.335,25.335,25.335,25.335,100,0
MITT_C.US,5,20211110,182500,25.33,25.33,25.3,25.3,1000,0
MITT_C.US,5,20211110,183000,25.36,25.37,25.36,25.37,400,0
MITT_C.US,5,20211110,183500,25.333,25.37,25.333,25.37,2000,0
MITT_C.US,5,20211110,185000,25.3,25.3,25.3,25.3,200,0
MITT_C.US,5,20211110,185500,25.335,25.37,25.335,25.3434,1800,0
MITT_C.US,5,20211110,190000,25.3325,25.39,25.3325,25.39,1740,0
MITT_C.US,5,20211110,191500,25.4,25.4,25.39,25.39,300,0
MITT_C.US,5,20211110,192500,25.39,25.4175,25.39,25.4175,3000,0
MITT_C.US,5,20211110,193000,25.3801,25.3803,25.38,25.3803,2000,0
MITT_C.US,5,20211110,194000,25.37,25.37,25.37,25.37,150,0
MITT_C.US,5,20211110,194500,25.365,25.365,25.365,25.365,200,0
MITT_C.US,5,20211110,203500,25.36,25.36,25.36,25.36,496,0
MITT_C.US,5,20211110,211500,25.41,25.47,25.41,25.47,1000,0
MITT_C.US,5,20211111,174500,25.47,25.4767,25.4,25.4007,1700,0
MITT_C.US,5,20211111,200500,25.4,25.4,25.4,25.4,100,0
MITT_C.US,5,20211111,205500,25.456,25.49,25.4319,25.49,2200,0
MITT_C.US,5,20211111,210500,25.4,25.49,25.4,25.49,900,0
MITT_C.US,5,20211111,212500,25.412,25.412,25.412,25.412,197,0
MITT_C.US,5,20211111,215500,25.46,25.48,25.46,25.48,200,0
