<TICKER>,<PER>,<DATE>,<TIME>,<OPEN>,<HIGH>,<LOW>,<CLOSE>,<VOL>,<OPENINT>
MPLN-WS.US,5,20210922,154500,1.2198,1.2198,1.2198,1.2198,200,0
MPLN-WS.US,5,20210922,160500,1.23,1.23,1.23,1.23,100,0
MPLN-WS.US,5,20210922,161000,1.23,1.23,1.23,1.23,300,0
MPLN-WS.US,5,20210922,161500,1.23,1.24,1.23,1.24,597,0
MPLN-WS.US,5,20210922,162000,1.24,1.24,1.24,1.24,100,0
MPLN-WS.US,5,20210922,162500,1.23,1.23,1.23,1.23,300,0
MPLN-WS.US,5,20210922,163000,1.22,1.22,1.22,1.22,200,0
MPLN-WS.US,5,20210922,170500,1.25,1.25,1.25,1.25,100,0
MPLN-WS.US,5,20210922,194500,1.26,1.26,1.26,1.26,1000,0
MPLN-WS.US,5,20210922,195000,1.26,1.26,1.26,1.26,1600,0
MPLN-WS.US,5,20210922,200500,1.26,1.26,1.26,1.26,400,0
MPLN-WS.US,5,20210922,213500,1.25,1.25,1.25,1.25,100,0
MPLN-WS.US,5,20210922,214000,1.25,1.26,1.25,1.26,600,0
MPLN-WS.US,5,20210923,153000,1.26,1.26,1.26,1.26,100,0
MPLN-WS.US,5,20210923,154500,1.27,1.27,1.27,1.27,800,0
MPLN-WS.US,5,20210923,155000,1.29,1.3,1.27,1.27,10119,0
MPLN-WS.US,5,20210923,160500,1.27,1.27,1.27,1.27,500,0
MPLN-WS.US,5,20210923,161000,1.26,1.26,1.26,1.26,100,0
MPLN-WS.US,5,20210923,164000,1.26,1.3,1.26,1.26,25100,0
MPLN-WS.US,5,20210923,164500,1.26,1.26,1.2532,1.26,700,0
MPLN-WS.US,5,20210923,165000,1.26,1.26,1.26,1.26,600,0
MPLN-WS.US,5,20210923,165500,1.26,1.26,1.26,1.26,500,0
MPLN-WS.US,5,20210923,170000,1.26,1.26,1.26,1.26,500,0
MPLN-WS.US,5,20210923,170500,1.26,1.26,1.26,1.26,500,0
MPLN-WS.US,5,20210923,171000,1.26,1.26,1.26,1.26,400,0
MPLN-WS.US,5,20210923,194500,1.26,1.29,1.26,1.27,27300,0
MPLN-WS.US,5,20210923,195000,1.27,1.27,1.26,1.26,800,0
MPLN-WS.US,5,20210923,195500,1.25,1.25,1.25,1.25,200,0
MPLN-WS.US,5,20210923,200000,1.26,1.29,1.26,1.29,28100,0
MPLN-WS.US,5,20210923,200500,1.27,1.295,1.27,1.27,85700,0
MPLN-WS.US,5,20210923,201000,1.27,1.27,1.27,1.27,600,0
MPLN-WS.US,5,20210923,201500,1.27,1.27,1.27,1.27,700,0
MPLN-WS.US,5,20210923,202000,1.27,1.27,1.27,1.27,700,0
MPLN-WS.US,5,20210923,202500,1.27,1.27,1.27,1.27,700,0
MPLN-WS.US,5,20210923,203000,1.27,1.27,1.27,1.27,700,0
MPLN-WS.US,5,20210923,203500,1.27,1.27,1.27,1.27,800,0
MPLN-WS.US,5,20210923,204000,1.27,1.28,1.27,1.27,1900,0
MPLN-WS.US,5,20210923,204500,1.27,1.28,1.27,1.27,1000,0
MPLN-WS.US,5,20210923,205500,1.28,1.28,1.28,1.28,200,0
MPLN-WS.US,5,20210923,210500,1.29,1.29,1.29,1.29,285,0
MPLN-WS.US,5,20210923,211000,1.29,1.29,1.29,1.29,200,0
MPLN-WS.US,5,20210923,215500,1.29,1.31,1.29,1.31,4192,0
MPLN-WS.US,5,20210924,160000,1.33,1.33,1.33,1.33,950,0
MPLN-WS.US,5,20210924,172000,1.2996,1.2996,1.285,1.2984,2500,0
MPLN-WS.US,5,20210924,200500,1.3,1.3,1.3,1.3,200,0
MPLN-WS.US,5,20210924,210500,1.27,1.27,1.27,1.27,300,0
MPLN-WS.US,5,20210927,163000,1.29,1.33,1.29,1.33,16600,0
MPLN-WS.US,5,20210927,165000,1.32,1.34,1.32,1.34,1400,0
MPLN-WS.US,5,20210927,185500,1.3,1.3,1.3,1.3,500,0
MPLN-WS.US,5,20210927,201000,1.2701,1.2701,1.2701,1.2701,500,0
MPLN-WS.US,5,20210927,201500,1.27,1.2701,1.27,1.2701,500,0
MPLN-WS.US,5,20210927,202000,1.3,1.31,1.3,1.31,6900,0
MPLN-WS.US,5,20210927,215000,1.27,1.27,1.27,1.27,400,0
MPLN-WS.US,5,20210928,162000,1.21,1.21,1.2032,1.2032,2570,0
MPLN-WS.US,5,20210928,163000,1.25,1.25,1.25,1.25,1420,0
MPLN-WS.US,5,20210928,165000,1.22,1.22,1.21,1.21,300,0
MPLN-WS.US,5,20210928,171500,1.17,1.17,1.16,1.16,1206,0
MPLN-WS.US,5,20210928,172000,1.22,1.22,1.17,1.18,19400,0
MPLN-WS.US,5,20210928,172500,1.18,1.18,1.18,1.18,200,0
MPLN-WS.US,5,20210928,192000,1.18,1.18,1.18,1.18,700,0
MPLN-WS.US,5,20210928,203500,1.15,1.185,1.15,1.15,2190,0
MPLN-WS.US,5,20210928,204000,1.15,1.17,1.14,1.17,1090,0
MPLN-WS.US,5,20210928,204500,1.16,1.23,1.16,1.2,26288,0
MPLN-WS.US,5,20210928,205000,1.17,1.21,1.16,1.21,1400,0
MPLN-WS.US,5,20210928,205500,1.21,1.21,1.21,1.21,1500,0
MPLN-WS.US,5,20210928,210000,1.21,1.21,1.21,1.21,900,0
MPLN-WS.US,5,20210928,210500,1.21,1.21,1.21,1.21,800,0
MPLN-WS.US,5,20210928,211000,1.22,1.22,1.22,1.22,100,0
MPLN-WS.US,5,20210928,212500,1.21,1.21,1.21,1.21,1700,0
MPLN-WS.US,5,20210928,213000,1.21,1.21,1.21,1.21,1600,0
MPLN-WS.US,5,20210928,213500,1.21,1.21,1.21,1.21,1200,0
MPLN-WS.US,5,20210928,214000,1.21,1.21,1.2,1.2,2900,0
MPLN-WS.US,5,20210928,214500,1.2,1.2,1.19,1.19,5700,0
MPLN-WS.US,5,20210928,215500,1.2,1.2,1.2,1.2,3500,0
MPLN-WS.US,5,20210929,154500,1.15,1.15,1.15,1.15,400,0
MPLN-WS.US,5,20210929,155000,1.21,1.24,1.21,1.24,1200,0
MPLN-WS.US,5,20210929,162500,1.22,1.22,1.22,1.22,200,0
MPLN-WS.US,5,20210929,181000,1.17,1.17,1.17,1.17,100,0
MPLN-WS.US,5,20210929,181500,1.22,1.22,1.16,1.18,4538,0
MPLN-WS.US,5,20210929,183500,1.15,1.15,1.15,1.15,100,0
MPLN-WS.US,5,20210929,184500,1.16,1.16,1.16,1.16,2600,0
MPLN-WS.US,5,20210929,201000,1.18,1.18,1.18,1.18,2300,0
MPLN-WS.US,5,20210929,202000,1.16,1.16,1.16,1.16,200,0
MPLN-WS.US,5,20210929,202500,1.16,1.16,1.16,1.16,2800,0
MPLN-WS.US,5,20210929,205500,1.15,1.15,1.15,1.15,1000,0
MPLN-WS.US,5,20210929,214000,1.14,1.14,1.14,1.14,1242,0
MPLN-WS.US,5,20210929,214500,1.11,1.16,1.11,1.16,25834,0
MPLN-WS.US,5,20210929,215000,1.16,1.16,1.16,1.16,16661,0
MPLN-WS.US,5,20210929,215500,1.16,1.16,1.15,1.15,300,0
MPLN-WS.US,5,20210930,153000,1.12,1.12,1.1,1.1,3798,0
MPLN-WS.US,5,20210930,153500,1.1,1.12,1.1,1.12,1111,0
MPLN-WS.US,5,20210930,174000,1.1201,1.1201,1.1201,1.1201,1500,0
MPLN-WS.US,5,20210930,174500,1.12,1.125,1.12,1.12,1879,0
MPLN-WS.US,5,20210930,183000,1.09,1.09,1.09,1.09,400,0
MPLN-WS.US,5,20210930,184500,1.11,1.11,1.11,1.11,600,0
MPLN-WS.US,5,20210930,185000,1.11,1.12,1.11,1.11,4659,0
MPLN-WS.US,5,20210930,185500,1.13,1.13,1.13,1.13,100,0
MPLN-WS.US,5,20210930,191000,1.15,1.15,1.15,1.15,600,0
MPLN-WS.US,5,20210930,204500,1.15,1.16,1.15,1.15,1300,0
MPLN-WS.US,5,20210930,205000,1.15,1.15,1.15,1.15,2200,0
MPLN-WS.US,5,20210930,211000,1.17,1.19,1.17,1.19,3170,0
MPLN-WS.US,5,20210930,212000,1.16,1.16,1.14,1.14,13120,0
MPLN-WS.US,5,20210930,212500,1.19,1.19,1.19,1.19,25836,0
MPLN-WS.US,5,20211001,153000,1.13,1.14,1.13,1.14,1467,0
MPLN-WS.US,5,20211001,153500,1.19,1.19,1.19,1.19,200,0
MPLN-WS.US,5,20211001,154000,1.18,1.18,1.12,1.12,3435,0
MPLN-WS.US,5,20211001,162000,1.12,1.12,1.115,1.115,1500,0
MPLN-WS.US,5,20211001,162500,1.1,1.1,1.1,1.1,508,0
MPLN-WS.US,5,20211001,163000,1.1,1.1,1.1,1.1,358,0
MPLN-WS.US,5,20211001,165000,1.13,1.13,1.13,1.13,500,0
MPLN-WS.US,5,20211001,171000,1.1,1.14,1.1,1.14,8930,0
MPLN-WS.US,5,20211001,192500,1.15,1.19,1.15,1.19,1483,0
MPLN-WS.US,5,20211001,200500,1.1401,1.141,1.14,1.141,3200,0
MPLN-WS.US,5,20211001,201000,1.1301,1.19,1.1301,1.19,3152,0
MPLN-WS.US,5,20211001,214500,1.17,1.17,1.17,1.17,1989,0
MPLN-WS.US,5,20211001,215000,1.17,1.17,1.17,1.17,2351,0
MPLN-WS.US,5,20211004,154000,1.19,1.19,1.19,1.19,500,0
MPLN-WS.US,5,20211004,154500,1.18,1.18,1.18,1.18,151,0
MPLN-WS.US,5,20211004,155000,1.17,1.17,1.17,1.17,200,0
MPLN-WS.US,5,20211004,160000,1.18,1.21,1.18,1.21,5183,0
MPLN-WS.US,5,20211004,161000,1.14,1.14,1.13,1.13,1894,0
MPLN-WS.US,5,20211004,161500,1.13,1.13,1.13,1.13,600,0
MPLN-WS.US,5,20211004,162000,1.13,1.13,1.13,1.13,400,0
MPLN-WS.US,5,20211004,163000,1.13,1.13,1.12,1.13,2916,0
MPLN-WS.US,5,20211004,163500,1.13,1.13,1.11,1.11,1600,0
MPLN-WS.US,5,20211004,164000,1.11,1.11,1.11,1.11,10967,0
MPLN-WS.US,5,20211004,165000,1.11,1.11,1.11,1.11,400,0
MPLN-WS.US,5,20211004,171000,1.13,1.13,1.13,1.13,332,0
MPLN-WS.US,5,20211004,183500,1.12,1.12,1.12,1.12,100,0
MPLN-WS.US,5,20211004,203500,1.11,1.11,1.11,1.11,200,0
MPLN-WS.US,5,20211004,212500,1.07,1.07,1.07,1.07,25000,0
MPLN-WS.US,5,20211004,214500,1.07,1.07,1.07,1.07,200,0
MPLN-WS.US,5,20211004,215000,1.06,1.06,1.06,1.06,100,0
MPLN-WS.US,5,20211004,215500,1.04,1.09,1.04,1.07,50400,0
MPLN-WS.US,5,20211005,161500,1.07,1.07,1.07,1.07,500,0
MPLN-WS.US,5,20211005,170500,1.04,1.06,1.035,1.035,3300,0
MPLN-WS.US,5,20211005,172000,1.01,1.01,1.01,1.01,300,0
MPLN-WS.US,5,20211005,172500,1.01,1.03,1.01,1.03,890,0
MPLN-WS.US,5,20211005,174000,1,1,1,1,500,0
MPLN-WS.US,5,20211005,184500,0.9972,1,0.9972,1,1300,0
MPLN-WS.US,5,20211005,185000,0.982,0.982,0.95,0.95,39908,0
MPLN-WS.US,5,20211005,190000,0.992,1.01,0.992,1.01,10730,0
MPLN-WS.US,5,20211005,195500,0.9757,1.01,0.9728,0.9856,17772,0
MPLN-WS.US,5,20211005,200000,0.9828,0.9828,0.9772,0.9772,700,0
MPLN-WS.US,5,20211005,200500,0.9772,0.9772,0.9772,0.9772,800,0
MPLN-WS.US,5,20211005,201000,0.98,0.98,0.98,0.98,700,0
MPLN-WS.US,5,20211005,201500,0.98,0.98,0.9772,0.9772,800,0
MPLN-WS.US,5,20211005,202000,0.9772,0.9772,0.9772,0.9772,800,0
MPLN-WS.US,5,20211005,202500,0.9772,0.9772,0.9772,0.9772,700,0
MPLN-WS.US,5,20211005,203000,0.9772,1.01,0.97,0.97,3760,0
MPLN-WS.US,5,20211005,203500,0.992,1.01,0.9801,0.9921,179000,0
MPLN-WS.US,5,20211005,204000,0.9817,1.02,0.96,1.02,61360,0
MPLN-WS.US,5,20211005,204500,1.02,1.05,1.01,1.05,12223,0
MPLN-WS.US,5,20211005,205000,1.05,1.05,1.05,1.05,1625,0
MPLN-WS.US,5,20211005,205500,1.03,1.03,1.03,1.03,30100,0
MPLN-WS.US,5,20211005,210500,1.04,1.04,1.04,1.04,100,0
MPLN-WS.US,5,20211005,213500,1.03,1.05,1.03,1.05,1300,0
MPLN-WS.US,5,20211005,214000,1.03,1.05,1.03,1.03,9300,0
MPLN-WS.US,5,20211005,214500,1.02,1.04,1.01,1.02,8400,0
MPLN-WS.US,5,20211005,215000,1.02,1.03,1.01,1.01,7250,0
MPLN-WS.US,5,20211005,215500,1.03,1.03,1.01,1.01,34663,0
MPLN-WS.US,5,20211006,162500,1.0099,1.0099,1.0099,1.0099,1000,0
MPLN-WS.US,5,20211006,203000,0.999,1.005,0.999,1,10246,0
MPLN-WS.US,5,20211006,211000,1,1,1,1,1000,0
MPLN-WS.US,5,20211007,161500,0.99,0.99,0.99,0.99,600,0
MPLN-WS.US,5,20211007,162500,0.99,0.99,0.99,0.99,100,0
MPLN-WS.US,5,20211007,163000,0.99,1,0.99,0.99,51000,0
MPLN-WS.US,5,20211007,163500,1,1,1,1,6000,0
MPLN-WS.US,5,20211007,171000,1.05,1.06,1.02,1.06,1100,0
MPLN-WS.US,5,20211007,174500,1.06,1.06,1.04,1.04,5500,0
MPLN-WS.US,5,20211007,181500,1.04,1.04,1.03,1.03,9100,0
MPLN-WS.US,5,20211007,190000,1.03,1.03,1.03,1.03,200,0
MPLN-WS.US,5,20211007,202000,1,1,1,1,8310,0
MPLN-WS.US,5,20211007,213500,0.9701,0.9701,0.9701,0.9701,400,0
MPLN-WS.US,5,20211007,214000,1,1,0.97,0.97,501,0
MPLN-WS.US,5,20211007,214500,0.9514,1,0.9514,1,19097,0
MPLN-WS.US,5,20211007,215000,1,1,0.96,0.96,3377,0
MPLN-WS.US,5,20211007,215500,0.9741,0.9822,0.97,0.9822,2500,0
MPLN-WS.US,5,20211008,153000,0.9799,0.98,0.9799,0.98,207,0
MPLN-WS.US,5,20211008,160000,0.9661,0.9701,0.9661,0.9701,750,0
MPLN-WS.US,5,20211008,160500,0.97,0.97,0.97,0.97,300,0
MPLN-WS.US,5,20211008,161000,0.9704,0.9704,0.9704,0.9704,200,0
MPLN-WS.US,5,20211008,161500,0.97,0.97,0.97,0.97,300,0
MPLN-WS.US,5,20211008,162000,0.97,0.97,0.97,0.97,100,0
MPLN-WS.US,5,20211008,171000,0.975,0.975,0.9301,0.9676,18681,0
MPLN-WS.US,5,20211008,171500,0.9501,0.9501,0.9401,0.9401,1500,0
MPLN-WS.US,5,20211008,172000,0.9501,1.01,0.9402,0.9402,5300,0
MPLN-WS.US,5,20211008,172500,0.983,0.9871,0.948,0.9871,2100,0
MPLN-WS.US,5,20211008,173000,0.98,0.9871,0.98,0.98,1600,0
MPLN-WS.US,5,20211008,173500,0.99,0.99,0.95,0.968,8199,0
MPLN-WS.US,5,20211008,174000,0.9797,0.98,0.96,0.96,15200,0
MPLN-WS.US,5,20211008,174500,0.9745,0.98,0.96,0.961,13400,0
MPLN-WS.US,5,20211008,175000,0.961,0.98,0.96,0.96,15700,0
MPLN-WS.US,5,20211008,175500,0.9743,0.9799,0.96,0.9737,7600,0
MPLN-WS.US,5,20211008,180000,0.98,1,0.9445,0.961,17677,0
MPLN-WS.US,5,20211008,180500,0.973,0.98,0.9512,0.9512,11600,0
MPLN-WS.US,5,20211008,181000,0.973,0.9777,0.952,0.9612,14600,0
MPLN-WS.US,5,20211008,181500,0.9742,0.9786,0.9514,0.9616,13100,0
MPLN-WS.US,5,20211008,182000,0.9617,0.9741,0.9512,0.9612,16600,0
MPLN-WS.US,5,20211008,182500,0.9612,0.9769,0.9532,0.9613,34700,0
MPLN-WS.US,5,20211008,183000,0.9613,0.9724,0.9612,0.9612,26100,0
MPLN-WS.US,5,20211008,183500,0.96,0.96,0.9101,0.9105,8570,0
MPLN-WS.US,5,20211008,184000,0.9191,0.9191,0.9156,0.9156,1200,0
MPLN-WS.US,5,20211008,184500,0.9499,0.9499,0.9121,0.9488,8500,0
MPLN-WS.US,5,20211008,185000,0.9498,0.96,0.9367,0.9373,20199,0
MPLN-WS.US,5,20211008,185500,0.9594,0.96,0.9401,0.9499,15500,0
MPLN-WS.US,5,20211008,190000,0.9597,0.9598,0.9401,0.9591,14900,0
MPLN-WS.US,5,20211008,190500,0.9422,0.9591,0.9397,0.94,13300,0
MPLN-WS.US,5,20211008,191000,0.952,0.9563,0.94,0.9414,20900,0
MPLN-WS.US,5,20211008,191500,0.9412,0.9412,0.9109,0.9275,2100,0
MPLN-WS.US,5,20211008,192000,0.9275,0.9659,0.9229,0.9241,9100,0
MPLN-WS.US,5,20211008,192500,0.9579,0.965,0.928,0.9304,11398,0
MPLN-WS.US,5,20211008,193000,0.931,0.9533,0.9111,0.9298,11297,0
MPLN-WS.US,5,20211008,193500,0.9125,0.93,0.9111,0.912,19601,0
MPLN-WS.US,5,20211008,194000,0.9285,0.959,0.9146,0.915,15200,0
MPLN-WS.US,5,20211008,194500,0.9366,0.949,0.9166,0.9256,12619,0
MPLN-WS.US,5,20211008,195000,0.93,0.9648,0.9261,0.9302,8196,0
MPLN-WS.US,5,20211008,195500,0.9577,0.9622,0.9332,0.9352,6813,0
MPLN-WS.US,5,20211008,200000,0.9588,0.9699,0.9588,0.9699,10105,0
MPLN-WS.US,5,20211008,200500,0.9648,0.9699,0.9648,0.9699,1500,0
MPLN-WS.US,5,20211008,201000,0.9674,0.9899,0.9674,0.98,12099,0
MPLN-WS.US,5,20211008,201500,0.9674,0.98,0.9674,0.97,11100,0
MPLN-WS.US,5,20211008,202000,0.97,1,0.97,0.9779,24109,0
MPLN-WS.US,5,20211008,202500,0.9778,0.999,0.9778,0.9804,10600,0
MPLN-WS.US,5,20211008,203000,0.9804,0.999,0.9778,0.9831,13700,0
MPLN-WS.US,5,20211008,203500,0.983,0.9994,0.98,0.996,12000,0
MPLN-WS.US,5,20211008,204000,0.983,0.991,0.9804,0.983,7500,0
MPLN-WS.US,5,20211008,204500,0.983,0.9995,0.983,0.983,11100,0
MPLN-WS.US,5,20211008,205000,0.9856,1,0.9831,0.9831,16300,0
MPLN-WS.US,5,20211008,205500,0.9856,0.999,0.9856,0.9856,7800,0
MPLN-WS.US,5,20211008,210000,0.9841,0.9856,0.983,0.9856,2000,0
MPLN-WS.US,5,20211008,210500,0.9856,0.9882,0.9856,0.9882,2700,0
MPLN-WS.US,5,20211008,211000,0.9882,0.9999,0.9882,0.9882,2500,0
MPLN-WS.US,5,20211008,211500,0.9882,0.9882,0.9882,0.9882,100,0
MPLN-WS.US,5,20211008,212000,0.9882,1,0.9882,0.9882,21948,0
MPLN-WS.US,5,20211008,212500,0.9882,0.9997,0.9882,0.9882,17400,0
MPLN-WS.US,5,20211008,213000,0.99,0.9995,0.988,0.9882,19501,0
MPLN-WS.US,5,20211008,213500,0.9993,0.9998,0.9882,0.999,19800,0
MPLN-WS.US,5,20211008,214000,0.999,0.9995,0.9908,0.9908,12500,0
MPLN-WS.US,5,20211008,214500,0.9993,1,0.9908,1,4940,0
MPLN-WS.US,5,20211008,215000,1,1,0.9759,1,10500,0
MPLN-WS.US,5,20211008,215500,1.01,1.03,1,1.02,27567,0
MPLN-WS.US,5,20211011,153000,0.9481,0.9559,0.9481,0.9559,852,0
MPLN-WS.US,5,20211011,154000,1,1,0.9758,0.9928,1502,0
MPLN-WS.US,5,20211011,154500,0.99,0.99,0.99,0.99,200,0
MPLN-WS.US,5,20211011,155500,0.985,0.985,0.98,0.9824,400,0
MPLN-WS.US,5,20211011,160500,0.9824,0.9824,0.9824,0.9824,100,0
MPLN-WS.US,5,20211011,161000,0.9824,0.9899,0.9824,0.9899,200,0
MPLN-WS.US,5,20211011,163500,0.9798,0.9798,0.9798,0.9798,151,0
MPLN-WS.US,5,20211011,203500,0.95,0.95,0.95,0.95,500,0
MPLN-WS.US,5,20211011,211500,0.972499,0.9726,0.972499,0.9725,300,0
MPLN-WS.US,5,20211011,214500,0.95,0.9726,0.95,0.9726,1205,0
MPLN-WS.US,5,20211012,153000,0.8901,1,0.8901,0.905,900,0
MPLN-WS.US,5,20211012,153500,0.9378,0.9399,0.9173,0.9274,1784,0
MPLN-WS.US,5,20211012,155000,0.9199,0.9199,0.9199,0.9199,900,0
MPLN-WS.US,5,20211012,155500,0.9274,0.9274,0.9274,0.9274,280,0
MPLN-WS.US,5,20211012,164500,0.9274,0.9274,0.9274,0.9274,10000,0
MPLN-WS.US,5,20211012,173500,0.9274,0.9299,0.9274,0.929463,5030,0
MPLN-WS.US,5,20211012,175000,0.9798,0.98,0.9798,0.98,500,0
MPLN-WS.US,5,20211012,203000,0.9599,0.96,0.9598,0.9598,1000,0
MPLN-WS.US,5,20211012,204000,0.96,0.96,0.9481,0.9481,325,0
MPLN-WS.US,5,20211012,204500,0.9362,0.9362,0.92,0.92,8500,0
MPLN-WS.US,5,20211012,205000,0.9498,0.96,0.9498,0.96,8000,0
MPLN-WS.US,5,20211012,205500,0.96,0.9786,0.96,0.9747,2700,0
MPLN-WS.US,5,20211012,211000,0.95,0.9576,0.95,0.9576,2600,0
MPLN-WS.US,5,20211012,215500,0.9799,0.98,0.9798,0.98,1300,0
MPLN-WS.US,5,20211013,153000,0.89,0.98,0.89,0.8997,2681,0
MPLN-WS.US,5,20211013,153500,0.9496,0.98,0.91,0.93,2085,0
MPLN-WS.US,5,20211013,154500,0.9676,0.9676,0.96,0.96,420,0
MPLN-WS.US,5,20211013,155000,0.9662,0.99,0.9662,0.99,1763,0
MPLN-WS.US,5,20211013,155500,0.99,1,0.99,1,1000,0
MPLN-WS.US,5,20211013,160000,1.01,1.01,1.01,1.01,1500,0
MPLN-WS.US,5,20211013,160500,1.02,1.02,1.02,1.02,800,0
MPLN-WS.US,5,20211013,163500,1.02,1.02,0.99,0.99,9500,0
MPLN-WS.US,5,20211013,164000,0.99,0.99,0.95,0.95,34900,0
MPLN-WS.US,5,20211013,165000,0.94,0.94,0.93,0.93,900,0
MPLN-WS.US,5,20211013,165500,0.99,0.99,0.9401,0.9402,1600,0
MPLN-WS.US,5,20211013,170000,0.9403,0.9403,0.9402,0.9402,500,0
MPLN-WS.US,5,20211013,170500,0.9457,0.9799,0.9312,0.9799,6500,0
MPLN-WS.US,5,20211013,171000,0.94,0.94,0.94,0.94,200,0
MPLN-WS.US,5,20211013,171500,0.94,0.94,0.94,0.94,200,0
MPLN-WS.US,5,20211013,180000,0.9611,0.971,0.9611,0.971,500,0
MPLN-WS.US,5,20211013,182000,0.9706,0.981,0.9706,0.976298,4400,0
MPLN-WS.US,5,20211013,184500,0.9811,0.9811,0.9811,0.9811,200,0
MPLN-WS.US,5,20211013,200000,1.02,1.02,1.02,1.02,186,0
MPLN-WS.US,5,20211013,202500,0.97,0.98,0.9402,0.97,600,0
MPLN-WS.US,5,20211013,203000,0.9662,0.9728,0.9401,0.9728,1191,0
MPLN-WS.US,5,20211013,203500,0.94,0.94,0.9313,0.9313,600,0
MPLN-WS.US,5,20211013,204000,0.9313,0.9657,0.93,0.958,2176,0
MPLN-WS.US,5,20211013,204500,0.9308,0.9674,0.9308,0.95,1411,0
MPLN-WS.US,5,20211013,210000,0.955,0.955,0.9322,0.9322,639,0
MPLN-WS.US,5,20211013,210500,0.9499,0.9499,0.9333,0.9348,2294,0
MPLN-WS.US,5,20211013,211000,0.9399,0.9399,0.93,0.9302,1996,0
MPLN-WS.US,5,20211013,211500,0.9301,0.9399,0.93,0.93,1569,0
MPLN-WS.US,5,20211013,212000,0.93995,0.9474,0.93995,0.9474,346,0
MPLN-WS.US,5,20211013,212500,0.9499,0.9499,0.9499,0.9499,695,0
MPLN-WS.US,5,20211013,213000,0.9699,0.9699,0.9699,0.9699,365,0
MPLN-WS.US,5,20211013,213500,0.9799,0.9799,0.9799,0.9799,219,0
MPLN-WS.US,5,20211013,214000,0.9798,0.9798,0.9798,0.9798,511,0
MPLN-WS.US,5,20211013,214500,0.9798,0.9798,0.9798,0.9798,438,0
MPLN-WS.US,5,20211013,215000,0.9799,0.9799,0.9799,0.9799,284,0
MPLN-WS.US,5,20211014,161000,0.9601,0.9601,0.9601,0.9601,1300,0
MPLN-WS.US,5,20211014,162500,0.9994,0.9994,0.96,0.9794,5432,0
MPLN-WS.US,5,20211014,170500,0.9569,0.9569,0.9569,0.9569,286,0
MPLN-WS.US,5,20211014,171000,0.9502,0.9502,0.9502,0.9502,300,0
MPLN-WS.US,5,20211014,172000,0.95,0.95,0.95,0.95,600,0
MPLN-WS.US,5,20211014,180500,0.94,0.94,0.94,0.94,600,0
MPLN-WS.US,5,20211014,185500,0.94,0.94,0.94,0.94,500,0
MPLN-WS.US,5,20211014,214000,0.9998,0.9998,0.9998,0.9998,100,0
MPLN-WS.US,5,20211014,214500,0.9999,0.9999,0.9999,0.9999,100,0
MPLN-WS.US,5,20211014,215500,0.9101,0.9101,0.9101,0.9101,200,0
MPLN-WS.US,5,20211015,155500,0.9899,0.9899,0.8901,0.9199,2430,0
MPLN-WS.US,5,20211015,160000,0.9699,1,0.94,0.94,2300,0
MPLN-WS.US,5,20211015,160500,0.99,0.99,0.9402,0.9402,2400,0
MPLN-WS.US,5,20211015,161000,0.9897,0.99,0.9404,0.9404,1700,0
MPLN-WS.US,5,20211015,161500,0.99,1,0.941,1,2600,0
MPLN-WS.US,5,20211015,162000,0.99,0.99,0.9502,0.9523,1700,0
MPLN-WS.US,5,20211015,162500,0.99,1,0.9523,0.9548,3600,0
MPLN-WS.US,5,20211015,163000,0.9543,0.9562,0.9502,0.9509,5092,0
MPLN-WS.US,5,20211015,163500,0.9709,0.9853,0.96,0.97,5468,0
MPLN-WS.US,5,20211015,164500,0.9651,0.9651,0.9651,0.9651,600,0
MPLN-WS.US,5,20211015,165000,0.9797,0.99,0.9651,0.99,1612,0
MPLN-WS.US,5,20211015,165500,0.98,1,0.9614,0.9616,6430,0
MPLN-WS.US,5,20211015,170000,0.9616,0.9698,0.9616,0.9695,3919,0
MPLN-WS.US,5,20211015,170500,0.9695,0.9698,0.94,0.94,3320,0
MPLN-WS.US,5,20211015,171500,0.96,0.97,0.9366,0.94,1341,0
MPLN-WS.US,5,20211015,172000,0.97,0.97,0.9371,0.9558,10346,0
MPLN-WS.US,5,20211015,172500,0.9574,0.9675,0.9539,0.962,12206,0
MPLN-WS.US,5,20211015,173000,0.962,0.962,0.9539,0.9539,773,0
MPLN-WS.US,5,20211015,173500,0.9401,0.9626,0.9401,0.9551,4975,0
MPLN-WS.US,5,20211015,174000,0.9551,0.9551,0.9401,0.9402,7875,0
MPLN-WS.US,5,20211015,174500,0.9402,0.9402,0.9401,0.9401,2164,0
MPLN-WS.US,5,20211015,180500,0.9369,0.9369,0.9369,0.9369,800,0
MPLN-WS.US,5,20211015,181000,0.93,0.93,0.93,0.93,173,0
MPLN-WS.US,5,20211015,181500,0.9497,0.9503,0.9497,0.9503,15116,0
MPLN-WS.US,5,20211015,182000,0.9503,0.9503,0.9203,0.9203,5328,0
MPLN-WS.US,5,20211015,182500,0.92,0.9229,0.92,0.92,746,0
MPLN-WS.US,5,20211015,183000,0.94,0.94,0.92,0.92,3611,0
MPLN-WS.US,5,20211015,183500,0.9213,0.9269,0.9195,0.9195,2465,0
MPLN-WS.US,5,20211015,184500,0.92,0.92,0.92,0.92,200,0
MPLN-WS.US,5,20211015,190500,0.9397,0.94,0.9001,0.9251,2380,0
MPLN-WS.US,5,20211015,191000,0.9251,0.9499,0.9251,0.9252,9695,0
MPLN-WS.US,5,20211015,191500,0.9252,0.9252,0.9252,0.9252,8431,0
MPLN-WS.US,5,20211015,192000,0.9252,0.9288,0.9252,0.9288,9199,0
MPLN-WS.US,5,20211015,195500,0.9188,0.9398,0.9099,0.9102,2943,0
MPLN-WS.US,5,20211015,200000,0.9397,0.9697,0.9001,0.9113,2903,0
MPLN-WS.US,5,20211015,200500,0.9674,0.98,0.9208,0.9208,5568,0
MPLN-WS.US,5,20211015,201000,0.97,0.9798,0.9303,0.9303,1568,0
MPLN-WS.US,5,20211015,201500,0.9699,0.98,0.9315,0.9437,7772,0
MPLN-WS.US,5,20211015,202000,0.9625,0.9742,0.9625,0.9742,2336,0
MPLN-WS.US,5,20211015,202500,0.9799,0.99,0.9743,0.9743,2800,0
MPLN-WS.US,5,20211015,203000,0.97,0.9949,0.9449,0.9703,6562,0
MPLN-WS.US,5,20211015,203500,0.9717,0.9717,0.97,0.97,5900,0
MPLN-WS.US,5,20211015,204000,0.9848,0.9949,0.9848,0.9897,4133,0
MPLN-WS.US,5,20211015,211500,1.0099,1.0099,0.9901,0.9901,200,0
MPLN-WS.US,5,20211015,212000,1,1,0.9997,0.9997,3200,0
MPLN-WS.US,5,20211015,212500,0.9997,0.9997,0.9997,0.9997,1000,0
MPLN-WS.US,5,20211015,213000,1.0048,1.0048,0.9997,0.9997,2600,0
MPLN-WS.US,5,20211015,215000,1.0048,1.0048,0.9501,0.9501,8600,0
MPLN-WS.US,5,20211018,153000,0.9111,0.9111,0.8557,0.91,2475,0
MPLN-WS.US,5,20211018,153500,0.92,0.9222,0.92,0.9222,2409,0
MPLN-WS.US,5,20211018,154000,0.93,0.93,0.92,0.92,6522,0
MPLN-WS.US,5,20211018,154500,0.9201,0.949899,0.92,0.92,8676,0
MPLN-WS.US,5,20211018,155000,0.92,0.92,0.92,0.92,4520,0
MPLN-WS.US,5,20211018,155500,0.92,0.92,0.92,0.92,3637,0
MPLN-WS.US,5,20211018,160500,0.9201,0.9201,0.92,0.92,8477,0
MPLN-WS.US,5,20211018,163500,0.9193,0.92,0.9193,0.92,700,0
MPLN-WS.US,5,20211018,164000,0.92,0.9499,0.92,0.9499,573,0
MPLN-WS.US,5,20211018,164500,0.92,0.92,0.9066,0.9066,900,0
MPLN-WS.US,5,20211018,165500,0.92,0.9499,0.92,0.92,973,0
MPLN-WS.US,5,20211018,170000,0.9202,0.9348,0.92,0.92,5168,0
MPLN-WS.US,5,20211018,170500,0.92,0.92,0.92,0.92,5057,0
MPLN-WS.US,5,20211018,171000,0.92,0.92,0.92,0.92,4547,0
MPLN-WS.US,5,20211018,174000,0.9301,0.9301,0.9301,0.9301,100,0
MPLN-WS.US,5,20211018,174500,0.9301,0.9301,0.9301,0.9301,300,0
MPLN-WS.US,5,20211018,180000,0.9479,0.949,0.9479,0.949,600,0
MPLN-WS.US,5,20211018,180500,0.925,0.925,0.925,0.925,400,0
MPLN-WS.US,5,20211018,181000,0.9389,0.9396,0.9389,0.9396,446,0
MPLN-WS.US,5,20211018,182000,0.94,0.94,0.92,0.92,19471,0
MPLN-WS.US,5,20211018,182500,0.92,0.92,0.92,0.92,100,0
MPLN-WS.US,5,20211018,185000,0.9389,0.94,0.9389,0.94,5342,0
MPLN-WS.US,5,20211018,190500,0.94,0.945,0.94,0.945,1741,0
MPLN-WS.US,5,20211018,192000,0.945,0.945,0.945,0.945,1500,0
MPLN-WS.US,5,20211018,193500,0.9487,0.95,0.9487,0.95,1100,0
MPLN-WS.US,5,20211018,195000,0.9401,0.9401,0.9401,0.9401,300,0
MPLN-WS.US,5,20211018,205500,0.9599,0.96,0.9599,0.96,566,0
MPLN-WS.US,5,20211018,210000,0.96,0.96,0.96,0.96,781,0
MPLN-WS.US,5,20211018,210500,0.97,0.97,0.97,0.97,1000,0
MPLN-WS.US,5,20211018,211000,0.98,0.9999,0.98,0.9999,600,0
MPLN-WS.US,5,20211018,211500,0.9988,0.9988,0.9501,0.9988,1132,0
MPLN-WS.US,5,20211018,212000,0.9988,0.9988,0.9986,0.9986,815,0
MPLN-WS.US,5,20211018,212500,0.998,0.9999,0.9968,0.9968,1373,0
MPLN-WS.US,5,20211018,213000,0.9999,0.9999,0.9601,0.9999,2649,0
MPLN-WS.US,5,20211018,213500,0.9999,0.9999,0.9999,0.9999,1198,0
MPLN-WS.US,5,20211018,214000,0.9999,0.9999,0.9999,0.9999,1066,0
MPLN-WS.US,5,20211018,214500,0.9999,0.9999,0.9608,0.97,2949,0
MPLN-WS.US,5,20211018,215000,0.97,0.9985,0.97,0.9922,1464,0
MPLN-WS.US,5,20211018,215500,0.97,0.99,0.96,0.96,1398,0
MPLN-WS.US,5,20211019,153000,0.96,0.96,0.9316,0.9316,1300,0
MPLN-WS.US,5,20211019,154000,0.996,0.996,0.996,0.996,200,0
MPLN-WS.US,5,20211019,163000,0.966201,0.966201,0.9661,0.9661,800,0
MPLN-WS.US,5,20211019,163500,0.9661,0.9661,0.9661,0.9661,100,0
MPLN-WS.US,5,20211019,170500,1.01,1.01,1.01,1.01,200,0
MPLN-WS.US,5,20211019,174500,1.06,1.0602,1.01,1.0602,7276,0
MPLN-WS.US,5,20211019,181000,1.03,1.04,1,1,1100,0
MPLN-WS.US,5,20211019,181500,1.07,1.07,1.01,1.07,2573,0
MPLN-WS.US,5,20211019,183500,1.02,1.06,1,1.06,11018,0
MPLN-WS.US,5,20211019,184500,1.07,1.07,1.07,1.07,500,0
MPLN-WS.US,5,20211019,194500,1.07,1.07,1.06,1.06,200,0
MPLN-WS.US,5,20211020,155500,1.09,1.09,1.04,1.04,510,0
MPLN-WS.US,5,20211020,160500,1.08,1.09,1.08,1.09,518,0
MPLN-WS.US,5,20211020,162000,1.1,1.1,1.1,1.1,400,0
MPLN-WS.US,5,20211020,184000,1.12,1.12,1.12,1.12,400,0
MPLN-WS.US,5,20211020,193500,1.09,1.09,1.08,1.08,600,0
MPLN-WS.US,5,20211020,200500,1.07,1.07,1.07,1.07,100,0
MPLN-WS.US,5,20211021,153500,1.1,1.11,1.06,1.1,1272,0
MPLN-WS.US,5,20211021,174500,1.0618,1.0618,1.06,1.06,3600,0
MPLN-WS.US,5,20211021,180500,1.06,1.06,1.06,1.06,100,0
MPLN-WS.US,5,20211021,181000,1.06,1.0602,1.06,1.0602,300,0
MPLN-WS.US,5,20211021,193000,1.05,1.05,1.05,1.05,400,0
MPLN-WS.US,5,20211021,193500,1.05,1.05,0.98,1.05,10370,0
MPLN-WS.US,5,20211021,194000,1.05,1.05,1.04,1.04,700,0
MPLN-WS.US,5,20211021,194500,1.05,1.05,1.05,1.05,400,0
MPLN-WS.US,5,20211021,195000,1.05,1.05,1.02,1.05,500,0
MPLN-WS.US,5,20211021,195500,1.04,1.04,1.04,1.04,200,0
MPLN-WS.US,5,20211021,200000,1.05,1.05,1.05,1.05,200,0
MPLN-WS.US,5,20211021,201000,1.07,1.07,1.07,1.07,273,0
MPLN-WS.US,5,20211021,204000,1.04,1.04,1.02,1.04,1491,0
MPLN-WS.US,5,20211021,204500,1.04,1.04,1.04,1.04,200,0
MPLN-WS.US,5,20211021,205500,1.04,1.04,1.02,1.04,3190,0
MPLN-WS.US,5,20211021,210000,1.04,1.04,1.04,1.04,160,0
MPLN-WS.US,5,20211021,210500,1.07,1.07,1.02,1.02,3130,0
MPLN-WS.US,5,20211021,211500,1.06,1.06,1.02,1.06,1800,0
MPLN-WS.US,5,20211021,212000,1.06,1.06,1.01,1.05,20204,0
MPLN-WS.US,5,20211021,212500,1.05,1.05,1.05,1.05,600,0
MPLN-WS.US,5,20211021,213000,1.05,1.05,1.03,1.05,896,0
MPLN-WS.US,5,20211021,215500,1.06,1.06,1.06,1.06,200,0
MPLN-WS.US,5,20211022,155000,1.07,1.11,1.03,1.11,1022,0
MPLN-WS.US,5,20211022,155500,1.09,1.09,1.09,1.09,100,0
MPLN-WS.US,5,20211022,160000,1.11,1.11,1.11,1.11,100,0
MPLN-WS.US,5,20211022,160500,1.08,1.09,1.07,1.09,1210,0
MPLN-WS.US,5,20211022,161500,1.09,1.0902,1.09,1.0902,200,0
MPLN-WS.US,5,20211022,162500,1.1,1.1,1.1,1.1,200,0
MPLN-WS.US,5,20211022,204000,1.05,1.05,1.02,1.05,3018,0
MPLN-WS.US,5,20211022,205000,1.0499,1.0499,1.0499,1.0499,100,0
MPLN-WS.US,5,20211025,153000,1.0099,1.01,1,1.01,4245,0
MPLN-WS.US,5,20211025,175500,0.9866,0.9866,0.98,0.98,390,0
MPLN-WS.US,5,20211025,181000,1,1.02,0.98,0.9988,11349,0
MPLN-WS.US,5,20211025,191000,1.01,1.01,1,1,810,0
MPLN-WS.US,5,20211025,193000,1.03,1.03,1.0297,1.0297,810,0
MPLN-WS.US,5,20211025,203000,1.045,1.045,1.045,1.045,100,0
MPLN-WS.US,5,20211025,205000,1.0201,1.0201,1.02,1.02,380,0
MPLN-WS.US,5,20211025,210500,1.02,1.02,1.02,1.02,730,0
MPLN-WS.US,5,20211025,211000,1.01,1.04,1.01,1.04,4000,0
MPLN-WS.US,5,20211025,212500,1.05,1.05,1.05,1.05,466,0
MPLN-WS.US,5,20211026,153500,1.01,1.02,0.96,1.02,1391,0
MPLN-WS.US,5,20211026,154000,1.03,1.05,1,1.05,3694,0
MPLN-WS.US,5,20211026,154500,1.01,1.01,1.01,1.01,100,0
MPLN-WS.US,5,20211026,155500,1.03,1.03,1.03,1.03,400,0
MPLN-WS.US,5,20211026,160000,1.03,1.03,0.99,1.03,1780,0
MPLN-WS.US,5,20211026,162000,1.03,1.03,1.03,1.03,200,0
MPLN-WS.US,5,20211026,190500,0.9944,1,0.96,1,3297,0
MPLN-WS.US,5,20211026,214500,0.9524,0.9524,0.95,0.95,410,0
MPLN-WS.US,5,20211026,215000,0.98,0.9896,0.95,0.95,10690,0
MPLN-WS.US,5,20211026,215500,0.9276,0.9276,0.9276,0.9276,300,0
MPLN-WS.US,5,20211027,153000,0.96,0.988,0.9303,0.9303,10646,0
MPLN-WS.US,5,20211027,153500,0.93,0.93,0.9253,0.93,4906,0
MPLN-WS.US,5,20211027,154000,0.9255,0.9255,0.9132,0.9132,400,0
MPLN-WS.US,5,20211027,154500,0.9299,0.9299,0.9299,0.9299,100,0
MPLN-WS.US,5,20211027,155000,0.9132,0.9132,0.9132,0.9132,100,0
MPLN-WS.US,5,20211027,161000,0.9001,0.9001,0.9001,0.9001,100,0
MPLN-WS.US,5,20211027,161500,0.8868,0.89,0.8868,0.89,600,0
MPLN-WS.US,5,20211027,164000,0.8916,0.8916,0.8916,0.8916,200,0
MPLN-WS.US,5,20211027,172500,0.88,0.88,0.88,0.88,110,0
MPLN-WS.US,5,20211027,173000,0.88,0.88,0.8628,0.8652,2696,0
MPLN-WS.US,5,20211027,173500,0.88,0.88,0.85,0.85,4650,0
MPLN-WS.US,5,20211027,174000,0.88,0.88,0.88,0.88,794,0
MPLN-WS.US,5,20211027,175500,0.88,0.88,0.852,0.8526,3981,0
MPLN-WS.US,5,20211027,180000,0.8799,0.88,0.853,0.88,4007,0
MPLN-WS.US,5,20211027,180500,0.8799,0.88,0.86,0.88,5138,0
MPLN-WS.US,5,20211027,181500,0.88,0.88,0.8701,0.88,3753,0
MPLN-WS.US,5,20211027,182000,0.88,0.88,0.85,0.88,3652,0
MPLN-WS.US,5,20211027,184500,0.8899,0.8998,0.8601,0.8998,6761,0
MPLN-WS.US,5,20211027,185000,0.89,0.8999,0.89,0.89,1945,0
MPLN-WS.US,5,20211027,193500,0.8988,0.9,0.89,0.89,3133,0
MPLN-WS.US,5,20211027,194500,0.89,0.89,0.8847,0.8889,7858,0
MPLN-WS.US,5,20211027,195000,0.8889,0.89,0.8747,0.8757,9166,0
MPLN-WS.US,5,20211027,195500,0.89,0.89,0.8751,0.8751,3216,0
MPLN-WS.US,5,20211027,200000,0.89,0.89,0.8753,0.8753,1900,0
MPLN-WS.US,5,20211027,200500,0.8899,0.89,0.8756,0.8756,2718,0
MPLN-WS.US,5,20211027,203000,0.89,0.89,0.89,0.89,300,0
MPLN-WS.US,5,20211027,203500,0.886201,0.89,0.8751,0.8755,38890,0
MPLN-WS.US,5,20211027,204000,0.89,0.89,0.8751,0.89,6590,0
MPLN-WS.US,5,20211027,204500,0.876,0.885,0.8611,0.87,13310,0
MPLN-WS.US,5,20211027,205000,0.8849,0.89,0.8849,0.89,1497,0
MPLN-WS.US,5,20211027,205500,0.875,0.8751,0.875,0.8751,2010,0
MPLN-WS.US,5,20211027,210500,0.887451,0.887451,0.875101,0.8755,5500,0
MPLN-WS.US,5,20211027,211000,0.8812,0.89,0.875,0.8766,9153,0
MPLN-WS.US,5,20211027,211500,0.89,0.89,0.89,0.89,600,0
MPLN-WS.US,5,20211027,214000,0.887451,0.89,0.875,0.89,22882,0
MPLN-WS.US,5,20211027,215500,0.89,0.89,0.8766,0.89,4152,0
MPLN-WS.US,5,20211028,153000,0.8911,0.8911,0.78,0.85,9693,0
MPLN-WS.US,5,20211028,153500,0.85,0.88,0.85,0.85,9291,0
MPLN-WS.US,5,20211028,154500,0.8899,0.89,0.86,0.89,10508,0
MPLN-WS.US,5,20211028,165000,0.89,0.8901,0.89,0.8901,200,0
MPLN-WS.US,5,20211028,172000,0.9049,0.9049,0.9,0.9,5600,0
MPLN-WS.US,5,20211028,172500,0.9003,0.91,0.9003,0.91,1800,0
MPLN-WS.US,5,20211028,175000,0.90505,0.90505,0.90505,0.90505,1100,0
MPLN-WS.US,5,20211028,190000,0.9101,0.9101,0.9,0.9,1300,0
MPLN-WS.US,5,20211028,191000,0.9101,0.9101,0.9101,0.9101,300,0
MPLN-WS.US,5,20211028,194000,0.9003,0.9003,0.89,0.89,5600,0
MPLN-WS.US,5,20211028,194500,0.89,0.89,0.86,0.89,6000,0
MPLN-WS.US,5,20211028,211000,0.8999,0.9,0.8999,0.9,303,0
MPLN-WS.US,5,20211029,153000,0.82,0.9,0.82,0.9,9161,0
MPLN-WS.US,5,20211029,153500,0.9,0.9,0.8612,0.9,7990,0
MPLN-WS.US,5,20211029,154000,0.9199,0.9399,0.9199,0.9399,993,0
MPLN-WS.US,5,20211029,171000,0.939799,0.939799,0.92,0.92,2795,0
MPLN-WS.US,5,20211029,171500,0.9201,0.9201,0.920078,0.920078,800,0
MPLN-WS.US,5,20211029,204000,0.9201,0.9201,0.8621,0.8621,7718,0
MPLN-WS.US,5,20211029,204500,0.8602,0.8931,0.845,0.845,20678,0
MPLN-WS.US,5,20211029,205000,0.8324,0.89,0.8324,0.845,26900,0
MPLN-WS.US,5,20211029,205500,0.8449,0.87,0.843,0.843,18200,0
MPLN-WS.US,5,20211029,210000,0.8592,0.8994,0.8592,0.8994,11400,0
MPLN-WS.US,5,20211029,210500,0.8987,0.8987,0.8987,0.8987,1000,0
MPLN-WS.US,5,20211029,212500,0.9061,0.91,0.9061,0.91,1888,0
MPLN-WS.US,5,20211101,143000,0.8602,1.09,0.8254,0.86,7282,0
MPLN-WS.US,5,20211101,143500,0.8602,0.91,0.8602,0.9,7154,0
MPLN-WS.US,5,20211101,144000,0.9399,0.9399,0.9399,0.9399,692,0
MPLN-WS.US,5,20211101,145000,0.91,0.91,0.91,0.91,200,0
MPLN-WS.US,5,20211101,145500,0.9399,0.9399,0.9399,0.9399,211,0
MPLN-WS.US,5,20211101,150500,0.94,0.94,0.94,0.94,4518,0
MPLN-WS.US,5,20211101,152000,0.9251,0.94,0.9251,0.932525,3882,0
MPLN-WS.US,5,20211101,153000,0.9699,0.9699,0.9699,0.9699,100,0
MPLN-WS.US,5,20211101,155500,0.9688,0.9688,0.9688,0.9688,100,0
MPLN-WS.US,5,20211101,160000,0.9351,0.9707,0.9276,0.9357,7804,0
MPLN-WS.US,5,20211101,160500,0.9358,0.96,0.9322,0.9364,18369,0
MPLN-WS.US,5,20211101,161000,0.9351,0.96,0.9219,0.9302,22700,0
MPLN-WS.US,5,20211101,161500,0.93,0.9318,0.9278,0.9301,5900,0
MPLN-WS.US,5,20211101,162500,0.9566,0.9566,0.9566,0.9566,100,0
MPLN-WS.US,5,20211101,163000,0.9448,0.9448,0.9448,0.9448,900,0
MPLN-WS.US,5,20211101,163500,0.9439,0.9448,0.9439,0.9448,1000,0
MPLN-WS.US,5,20211101,164500,0.9565,0.9566,0.9565,0.9566,1200,0
MPLN-WS.US,5,20211101,165500,0.9599,0.96,0.9599,0.96,873,0
MPLN-WS.US,5,20211101,172000,0.9565,0.9565,0.9565,0.9565,100,0
MPLN-WS.US,5,20211101,173500,0.9552,0.9599,0.9491,0.9491,1445,0
MPLN-WS.US,5,20211101,174500,0.96,0.96,0.96,0.96,500,0
MPLN-WS.US,5,20211101,180000,0.9765,0.9765,0.9665,0.9665,500,0
MPLN-WS.US,5,20211101,184500,0.95,0.9502,0.92,0.93,24750,0
MPLN-WS.US,5,20211101,185000,0.93,0.93,0.9298,0.93,7000,0
MPLN-WS.US,5,20211101,185500,0.93,0.93,0.93,0.93,4400,0
MPLN-WS.US,5,20211101,190000,0.93,0.93,0.9299,0.93,8500,0
MPLN-WS.US,5,20211101,190500,0.93,0.93,0.9299,0.93,6800,0
MPLN-WS.US,5,20211101,191000,0.9299,0.93,0.9299,0.93,9400,0
MPLN-WS.US,5,20211101,191500,0.93,0.93,0.9298,0.9298,13200,0
MPLN-WS.US,5,20211101,192500,0.9299,0.93,0.9298,0.92985,3800,0
MPLN-WS.US,5,20211101,193000,0.9257,0.93,0.9257,0.93,7200,0
MPLN-WS.US,5,20211101,193500,0.93,0.9399,0.9257,0.9257,24100,0
MPLN-WS.US,5,20211101,194000,0.9257,0.9257,0.9257,0.9257,800,0
MPLN-WS.US,5,20211101,195000,0.9258,0.930001,0.9258,0.930001,6600,0
MPLN-WS.US,5,20211101,195500,0.9413,0.9499,0.9413,0.9499,7800,0
MPLN-WS.US,5,20211101,200000,0.9401,0.9401,0.9303,0.9304,1100,0
MPLN-WS.US,5,20211101,201500,0.9303,0.9303,0.9301,0.9301,2300,0
MPLN-WS.US,5,20211101,202500,0.9122,0.945,0.9043,0.9201,31300,0
MPLN-WS.US,5,20211101,203000,0.9022,0.9022,0.9022,0.9022,800,0
MPLN-WS.US,5,20211101,203500,0.9232,0.9765,0.91,0.9764,31999,0
MPLN-WS.US,5,20211101,204000,0.9899,1.01,0.9899,1.01,7300,0
MPLN-WS.US,5,20211102,143000,0.86,0.86,0.84,0.84,300,0
MPLN-WS.US,5,20211102,143500,0.84,0.96,0.84,0.96,16730,0
MPLN-WS.US,5,20211102,144000,0.96,0.9888,0.96,0.988,3708,0
MPLN-WS.US,5,20211102,144500,0.9886,1,0.9886,1,2000,0
MPLN-WS.US,5,20211102,145000,0.9885,1.01,0.9885,1.01,2500,0
MPLN-WS.US,5,20211102,145500,1.01,1.01,1.01,1.01,1700,0
MPLN-WS.US,5,20211102,150000,1.01,1.01,1,1,1700,0
MPLN-WS.US,5,20211102,150500,0.99,0.99,0.99,0.99,1200,0
MPLN-WS.US,5,20211102,151000,0.99,0.99,0.99,0.99,200,0
MPLN-WS.US,5,20211102,152000,1,1.01,1,1.01,1300,0
MPLN-WS.US,5,20211102,152500,1,1.01,1,1.01,1500,0
MPLN-WS.US,5,20211102,153000,1,1.01,1,1.01,3057,0
MPLN-WS.US,5,20211102,154500,1.01,1.01,1.01,1.01,500,0
MPLN-WS.US,5,20211102,161500,1.01,1.0198,1.01,1.0194,2200,0
MPLN-WS.US,5,20211102,164000,1,1,0.95,0.95,55282,0
MPLN-WS.US,5,20211102,164500,0.95,1,0.95,1,27126,0
MPLN-WS.US,5,20211102,170000,1.01,1.01,1,1.005,2000,0
MPLN-WS.US,5,20211102,170500,1.005,1.005,1.005,1.005,300,0
MPLN-WS.US,5,20211102,171000,1.005,1.01,1.005,1.01,400,0
MPLN-WS.US,5,20211102,182000,1,1,1,1,7100,0
MPLN-WS.US,5,20211102,184000,1,1,0.99,0.99,40900,0
MPLN-WS.US,5,20211102,184500,0.9901,0.9901,0.99,0.99,4718,0
MPLN-WS.US,5,20211102,185000,0.99,0.99,0.99,0.99,3100,0
MPLN-WS.US,5,20211102,185500,0.99,0.99,0.99,0.99,3300,0
MPLN-WS.US,5,20211102,190000,0.99,0.99,0.99,0.99,6900,0
MPLN-WS.US,5,20211102,190500,0.99,1.01,0.99,1.01,6200,0
MPLN-WS.US,5,20211102,191000,1.01,1.01,1.01,1.01,3800,0
MPLN-WS.US,5,20211102,191500,1.01,1.01,1.01,1.01,400,0
MPLN-WS.US,5,20211102,192000,1.01,1.01,1.01,1.01,7900,0
MPLN-WS.US,5,20211102,192500,1.01,1.01,1.01,1.01,8100,0
MPLN-WS.US,5,20211102,193000,1.01,1.01,1.01,1.01,4100,0
MPLN-WS.US,5,20211102,193500,1.01,1.01,1.01,1.01,4200,0
MPLN-WS.US,5,20211102,194000,1,1,0.99,1,8400,0
MPLN-WS.US,5,20211102,194500,1,1.01,1,1.01,4200,0
MPLN-WS.US,5,20211102,195000,1,1.01,1,1.01,8200,0
MPLN-WS.US,5,20211102,195500,1.01,1.01,1.01,1.01,4000,0
MPLN-WS.US,5,20211102,200000,1,1.01,1,1.01,7800,0
MPLN-WS.US,5,20211102,200500,1,1.01,0.9901,1.01,8400,0
MPLN-WS.US,5,20211102,201000,0.9913,1.01,0.9913,1.01,3500,0
MPLN-WS.US,5,20211102,201500,0.9606,1.01,0.9606,1.01,6700,0
MPLN-WS.US,5,20211102,202000,1.01,1.01,1.01,1.01,9100,0
MPLN-WS.US,5,20211102,202500,1.01,1.01,0.9853,1.01,7050,0
MPLN-WS.US,5,20211102,203000,1.01,1.01,1.01,1.01,3800,0
MPLN-WS.US,5,20211102,203500,1.01,1.01,1.01,1.01,6800,0
MPLN-WS.US,5,20211102,204000,1,1.01,1,1.01,7786,0
MPLN-WS.US,5,20211102,204500,1.01,1.01,1.01,1.01,7000,0
MPLN-WS.US,5,20211102,205000,1.01,1.01,1.01,1.01,7600,0
MPLN-WS.US,5,20211102,205500,1.01,1.01,1.0001,1.01,7800,0
MPLN-WS.US,5,20211103,143500,1.13,1.24,1.1,1.15,3517,0
MPLN-WS.US,5,20211103,144000,1.11,1.15,1.1,1.11,19400,0
MPLN-WS.US,5,20211103,144500,1.09,1.14,1.08,1.1,23200,0
MPLN-WS.US,5,20211103,145000,1.11,1.11,1.07,1.07,10300,0
MPLN-WS.US,5,20211103,150000,1.1,1.12,1.1,1.12,1600,0
MPLN-WS.US,5,20211103,150500,1.12,1.12,1.1002,1.105,2800,0
MPLN-WS.US,5,20211103,151000,1.11,1.11,1.11,1.11,1400,0
MPLN-WS.US,5,20211103,151500,1.11,1.11,1.11,1.11,2510,0
MPLN-WS.US,5,20211103,152000,1.11,1.11,1.095,1.095,3990,0
MPLN-WS.US,5,20211103,152500,1.1,1.1,1.1,1.1,2476,0
MPLN-WS.US,5,20211103,153000,1.12,1.14,1.12,1.14,1859,0
MPLN-WS.US,5,20211103,153500,1.13,1.16,1.13,1.16,1500,0
MPLN-WS.US,5,20211103,154000,1.16,1.16,1.16,1.16,100,0
MPLN-WS.US,5,20211103,154500,1.16,1.16,1.16,1.16,100,0
MPLN-WS.US,5,20211103,155000,1.16,1.16,1.16,1.16,200,0
MPLN-WS.US,5,20211103,155500,1.16,1.16,1.16,1.16,200,0
MPLN-WS.US,5,20211103,160000,1.1599,1.1599,1.1599,1.1599,100,0
MPLN-WS.US,5,20211103,160500,1.16,1.16,1.16,1.16,200,0
MPLN-WS.US,5,20211103,161000,1.16,1.16,1.16,1.16,100,0
MPLN-WS.US,5,20211103,161500,1.16,1.16,1.15,1.15,300,0
MPLN-WS.US,5,20211103,162000,1.16,1.16,1.16,1.16,200,0
MPLN-WS.US,5,20211103,163000,1.16,1.16,1.16,1.16,200,0
MPLN-WS.US,5,20211103,163500,1.16,1.17,1.16,1.17,2000,0
MPLN-WS.US,5,20211103,164000,1.18,1.18,1.18,1.18,100,0
MPLN-WS.US,5,20211103,164500,1.18,1.18,1.18,1.18,100,0
MPLN-WS.US,5,20211103,165000,1.18,1.18,1.18,1.18,200,0
MPLN-WS.US,5,20211103,165500,1.1701,1.18,1.1701,1.18,1100,0
MPLN-WS.US,5,20211103,170000,1.18,1.18,1.18,1.18,100,0
MPLN-WS.US,5,20211103,170500,1.18,1.18,1.18,1.18,100,0
MPLN-WS.US,5,20211103,171000,1.18,1.18,1.18,1.18,100,0
MPLN-WS.US,5,20211103,171500,1.18,1.18,1.18,1.18,100,0
MPLN-WS.US,5,20211103,172000,1.18,1.18,1.18,1.18,100,0
MPLN-WS.US,5,20211103,172500,1.18,1.18,1.18,1.18,100,0
MPLN-WS.US,5,20211103,173000,1.18,1.18,1.175,1.175,800,0
MPLN-WS.US,5,20211103,173500,1.175,1.175,1.175,1.175,100,0
MPLN-WS.US,5,20211103,174000,1.175,1.175,1.175,1.175,100,0
MPLN-WS.US,5,20211103,174500,1.175,1.175,1.175,1.175,100,0
MPLN-WS.US,5,20211103,175000,1.175,1.175,1.175,1.175,100,0
MPLN-WS.US,5,20211103,175500,1.175,1.175,1.175,1.175,100,0
MPLN-WS.US,5,20211103,183500,1.17,1.17,1.17,1.17,262,0
MPLN-WS.US,5,20211103,184000,1.175,1.175,1.175,1.175,100,0
MPLN-WS.US,5,20211103,185000,1.175,1.175,1.175,1.175,200,0
MPLN-WS.US,5,20211103,185500,1.175,1.175,1.175,1.175,100,0
MPLN-WS.US,5,20211103,190000,1.175,1.175,1.175,1.175,100,0
MPLN-WS.US,5,20211103,190500,1.175,1.175,1.175,1.175,300,0
MPLN-WS.US,5,20211103,191500,1.175,1.18,1.175,1.18,200,0
MPLN-WS.US,5,20211103,192000,1.18,1.18,1.18,1.18,200,0
MPLN-WS.US,5,20211103,192500,1.18,1.18,1.18,1.18,200,0
MPLN-WS.US,5,20211103,193000,1.175,1.19,1.175,1.19,2010,0
MPLN-WS.US,5,20211103,193500,1.19,1.19,1.19,1.19,200,0
MPLN-WS.US,5,20211103,194000,1.19,1.19,1.19,1.19,100,0
MPLN-WS.US,5,20211103,194500,1.19,1.19,1.18,1.18,703,0
MPLN-WS.US,5,20211103,195000,1.1801,1.19,1.18,1.19,500,0
MPLN-WS.US,5,20211103,195500,1.19,1.19,1.19,1.19,100,0
MPLN-WS.US,5,20211103,200000,1.19,1.19,1.19,1.19,200,0
MPLN-WS.US,5,20211103,200500,1.19,1.19,1.19,1.19,200,0
MPLN-WS.US,5,20211103,201000,1.19,1.19,1.19,1.19,100,0
MPLN-WS.US,5,20211103,201500,1.19,1.19,1.18,1.19,3187,0
MPLN-WS.US,5,20211103,202000,1.18,1.2,1.18,1.2,2869,0
MPLN-WS.US,5,20211103,202500,1.18,1.18,1.17,1.17,700,0
MPLN-WS.US,5,20211103,203000,1.1749,1.19,1.17,1.17,1300,0
MPLN-WS.US,5,20211103,203500,1.19,1.19,1.17,1.17,338,0
MPLN-WS.US,5,20211103,204000,1.18,1.19,1.17,1.17,500,0
MPLN-WS.US,5,20211103,204500,1.19,1.19,1.19,1.19,100,0
MPLN-WS.US,5,20211103,205000,1.19,1.19,1.19,1.19,300,0
MPLN-WS.US,5,20211103,205500,1.19,1.19,1.19,1.19,1464,0
MPLN-WS.US,5,20211104,143000,1.14,1.14,1.14,1.14,200,0
MPLN-WS.US,5,20211104,154000,1.14,1.14,1.14,1.14,5000,0
MPLN-WS.US,5,20211104,160500,1.15,1.15,1.15,1.15,700,0
MPLN-WS.US,5,20211104,174500,1.13,1.13,1.12,1.12,2100,0
MPLN-WS.US,5,20211104,181500,1.1,1.1,1.1,1.1,1000,0
MPLN-WS.US,5,20211104,190000,1.1,1.1,1.1,1.1,700,0
MPLN-WS.US,5,20211104,190500,1.13,1.13,1.11,1.11,14361,0
MPLN-WS.US,5,20211104,191000,1.12,1.13,1.11,1.12,15300,0
MPLN-WS.US,5,20211104,191500,1.12,1.14,1.11,1.11,21400,0
MPLN-WS.US,5,20211104,192000,1.13,1.13,1.11,1.11,23800,0
MPLN-WS.US,5,20211104,192500,1.11,1.11,1.11,1.11,4900,0
MPLN-WS.US,5,20211104,193000,1.13,1.13,1.11,1.13,13400,0
MPLN-WS.US,5,20211104,193500,1.12,1.15,1.12,1.145,11260,0
MPLN-WS.US,5,20211104,194000,1.15,1.15,1.15,1.15,500,0
MPLN-WS.US,5,20211104,204500,1.12,1.15,1.1,1.12,52046,0
MPLN-WS.US,5,20211104,205000,1.12,1.14,1.1,1.14,18292,0
MPLN-WS.US,5,20211104,205500,1.15,1.15,1.15,1.15,500,0
MPLN-WS.US,5,20211105,143000,1.09,1.17,1.09,1.17,2100,0
MPLN-WS.US,5,20211105,153000,1.17,1.17,1.072,1.1,25175,0
MPLN-WS.US,5,20211105,153500,1.1,1.1094,1.08,1.09,1900,0
MPLN-WS.US,5,20211105,154000,1.09,1.09,1.04,1.05,1600,0
MPLN-WS.US,5,20211105,154500,1.08,1.08,1.08,1.08,300,0
MPLN-WS.US,5,20211105,155000,1.1,1.11,1.1,1.11,1600,0
MPLN-WS.US,5,20211105,160000,1.11,1.14,1.11,1.14,3400,0
MPLN-WS.US,5,20211105,161000,1.14,1.14,1.14,1.14,2200,0
MPLN-WS.US,5,20211105,162000,1.15,1.15,1.15,1.15,1642,0
MPLN-WS.US,5,20211105,163000,1.1,1.1,1.04,1.04,4009,0
MPLN-WS.US,5,20211105,163500,1.05,1.05,0.9801,1.02,5700,0
MPLN-WS.US,5,20211105,164000,1.05,1.08,0.9801,1.01,15260,0
MPLN-WS.US,5,20211105,165000,1,1.04,1,1.04,800,0
MPLN-WS.US,5,20211105,165500,1.05,1.05,1.05,1.05,960,0
MPLN-WS.US,5,20211105,170000,1.03,1.04,1.03,1.04,1300,0
MPLN-WS.US,5,20211105,170500,1.04,1.04,1.04,1.04,200,0
MPLN-WS.US,5,20211105,172500,1.04,1.04,1.04,1.04,850,0
MPLN-WS.US,5,20211105,174500,1.04,1.04,1.04,1.04,1900,0
MPLN-WS.US,5,20211105,175000,1.03,1.03,1.03,1.03,2000,0
MPLN-WS.US,5,20211105,175500,1.04,1.04,1.04,1.04,4200,0
MPLN-WS.US,5,20211105,180500,1.02,1.02,0.99,0.99,9420,0
MPLN-WS.US,5,20211105,181000,0.99,0.99,0.9501,0.9501,5100,0
MPLN-WS.US,5,20211105,182000,0.9993,1,0.9993,1,1000,0
MPLN-WS.US,5,20211105,182500,0.9999,1,0.9999,1,2900,0
MPLN-WS.US,5,20211105,183500,1.02,1.02,1.01,1.01,3000,0
MPLN-WS.US,5,20211105,184000,1,1,0.9701,0.99,17100,0
MPLN-WS.US,5,20211105,185500,1.01,1.01,1.01,1.01,1800,0
MPLN-WS.US,5,20211105,190000,0.99,1.03,0.99,1.03,2005,0
MPLN-WS.US,5,20211105,190500,1.02,1.03,1.0103,1.0103,2800,0
MPLN-WS.US,5,20211105,191000,1.03,1.03,1.0003,1.0003,6400,0
MPLN-WS.US,5,20211105,191500,1,1.02,1,1.0003,3296,0
MPLN-WS.US,5,20211105,192000,1.02,1.03,0.9707,0.9711,10130,0
MPLN-WS.US,5,20211105,192500,0.9712,0.9714,0.96,0.96,7800,0
MPLN-WS.US,5,20211105,193000,0.9514,0.9514,0.9,0.9,17614,0
MPLN-WS.US,5,20211105,193500,0.89,0.9363,0.89,0.9153,2024,0
MPLN-WS.US,5,20211105,194000,0.9053,0.9053,0.9053,0.9053,900,0
MPLN-WS.US,5,20211105,194500,0.9054,0.9101,0.9054,0.9068,900,0
MPLN-WS.US,5,20211105,195000,0.9078,0.9357,0.9078,0.9103,7662,0
MPLN-WS.US,5,20211105,195500,0.9104,0.9104,0.9003,0.909,4400,0
MPLN-WS.US,5,20211105,200000,0.909,0.909,0.9001,0.9001,1200,0
MPLN-WS.US,5,20211105,200500,0.8903,0.8903,0.8903,0.8903,600,0
MPLN-WS.US,5,20211105,201000,0.91,0.9102,0.8922,0.8922,1200,0
MPLN-WS.US,5,20211105,201500,0.92,0.9211,0.9051,0.91,3000,0
MPLN-WS.US,5,20211105,202000,0.9153,0.9499,0.9153,0.9499,3600,0
MPLN-WS.US,5,20211105,202500,0.947,0.947,0.909,0.909,3000,0
MPLN-WS.US,5,20211105,203000,0.9002,0.92,0.9,0.9,6400,0
MPLN-WS.US,5,20211105,203500,0.91,0.919899,0.891,0.891,6450,0
MPLN-WS.US,5,20211105,204000,0.8657,0.9,0.8657,0.9,2600,0
MPLN-WS.US,5,20211105,204500,0.92,0.92,0.92,0.92,1300,0
MPLN-WS.US,5,20211105,205000,0.9201,0.93,0.9101,0.9101,3000,0
MPLN-WS.US,5,20211105,205500,0.9299,0.93,0.91485,0.91485,2400,0
MPLN-WS.US,5,20211108,153000,0.91,0.93,0.91,0.93,421,0
MPLN-WS.US,5,20211108,153500,0.9698,0.99,0.9698,0.99,3015,0
MPLN-WS.US,5,20211108,163000,0.9581,0.9581,0.9581,0.9581,500,0
MPLN-WS.US,5,20211108,164000,0.95,0.95,0.95,0.95,1000,0
MPLN-WS.US,5,20211108,170000,0.9302,0.9302,0.93,0.93,6300,0
MPLN-WS.US,5,20211108,181500,0.9799,0.9799,0.9799,0.9799,1001,0
MPLN-WS.US,5,20211108,184000,0.93,0.9301,0.93,0.9301,980,0
MPLN-WS.US,5,20211108,195500,0.9011,0.9011,0.9,0.9,7589,0
MPLN-WS.US,5,20211108,200000,0.8951,0.8951,0.895,0.895,2200,0
MPLN-WS.US,5,20211108,202500,0.925,0.9499,0.8899,0.8902,1000,0
MPLN-WS.US,5,20211108,203000,0.9468,0.9468,0.8831,0.8831,12300,0
MPLN-WS.US,5,20211108,203500,0.8837,0.8837,0.8832,0.8832,1400,0
MPLN-WS.US,5,20211108,204000,0.9397,0.9397,0.8843,0.8843,5894,0
MPLN-WS.US,5,20211108,204500,0.923,0.933,0.923,0.9325,3000,0
MPLN-WS.US,5,20211108,205000,0.9325,0.9429,0.9325,0.9429,2880,0
MPLN-WS.US,5,20211108,205500,0.9429,0.95,0.9429,0.95,2604,0
MPLN-WS.US,5,20211108,210000,0.95,0.95,0.94,0.9499,2534,0
MPLN-WS.US,5,20211108,211500,0.9303,0.9303,0.9303,0.9303,3568,0
MPLN-WS.US,5,20211108,212000,0.9303,0.9304,0.93,0.93,6429,0
MPLN-WS.US,5,20211108,212500,0.93,0.93,0.9238,0.9238,5496,0
MPLN-WS.US,5,20211108,213000,0.9238,0.9238,0.9235,0.9235,6836,0
MPLN-WS.US,5,20211108,213500,0.92,0.9278,0.92,0.92,4912,0
MPLN-WS.US,5,20211108,214000,0.95,0.95,0.94,0.94,2300,0
MPLN-WS.US,5,20211109,154500,0.92,0.92,0.92,0.92,100,0
MPLN-WS.US,5,20211109,155000,0.92,0.92,0.92,0.92,2048,0
MPLN-WS.US,5,20211109,155500,0.92,0.92,0.92,0.92,905,0
MPLN-WS.US,5,20211109,171000,0.92,0.92,0.92,0.92,2700,0
MPLN-WS.US,5,20211109,174000,0.9012,0.9012,0.9,0.9,3696,0
MPLN-WS.US,5,20211109,175500,0.9,0.9,0.9,0.9,4610,0
MPLN-WS.US,5,20211109,183000,0.9271,0.9271,0.9271,0.9271,679,0
MPLN-WS.US,5,20211109,185000,0.9,0.9002,0.8953,0.8953,3200,0
MPLN-WS.US,5,20211109,185500,0.8979,0.9,0.8979,0.9,500,0
MPLN-WS.US,5,20211109,193500,0.9,0.9,0.9,0.9,7100,0
MPLN-WS.US,5,20211109,194000,0.8993,0.9,0.8993,0.9,2800,0
MPLN-WS.US,5,20211109,194500,0.9,0.9,0.899301,0.899301,5600,0
MPLN-WS.US,5,20211109,195000,0.8916,0.8916,0.8916,0.8916,100,0
MPLN-WS.US,5,20211109,202500,0.8916,0.903101,0.8916,0.903101,1700,0
MPLN-WS.US,5,20211109,205500,0.88,0.88,0.88,0.88,1014,0
MPLN-WS.US,5,20211109,210000,0.9,0.9,0.9,0.9,2300,0
MPLN-WS.US,5,20211109,210500,0.9,0.9,0.9,0.9,200,0
MPLN-WS.US,5,20211109,212000,0.8973,0.8973,0.8973,0.8973,1000,0
MPLN-WS.US,5,20211109,212500,0.8973,0.8973,0.8973,0.8973,1000,0
MPLN-WS.US,5,20211110,153000,0.9,0.9,0.9,0.9,120,0
MPLN-WS.US,5,20211110,153500,0.9438,0.9438,0.9438,0.9438,100,0
MPLN-WS.US,5,20211110,154500,0.94395,0.9479,0.94,0.94,8500,0
MPLN-WS.US,5,20211110,155000,0.9479,0.9479,0.9479,0.9479,100,0
MPLN-WS.US,5,20211110,160500,0.94,0.94,0.94,0.94,5000,0
MPLN-WS.US,5,20211110,162000,0.93,0.93,0.93,0.93,100,0
MPLN-WS.US,5,20211110,164000,0.94,0.94,0.94,0.94,473,0
MPLN-WS.US,5,20211110,164500,0.941,0.9445,0.941,0.9445,200,0
MPLN-WS.US,5,20211110,165000,0.94,0.944,0.94,0.944,3949,0
MPLN-WS.US,5,20211110,165500,0.94,0.9421,0.94,0.9421,1451,0
MPLN-WS.US,5,20211110,170000,0.94,0.94,0.94,0.94,1149,0
MPLN-WS.US,5,20211110,171500,0.9341,0.94,0.93,0.94,4841,0
MPLN-WS.US,5,20211110,172500,0.925051,0.9277,0.9,0.90015,3280,0
MPLN-WS.US,5,20211110,173000,0.9,0.9,0.9,0.9,2500,0
MPLN-WS.US,5,20211110,174000,0.9,0.9,0.8988,0.8988,3900,0
MPLN-WS.US,5,20211110,174500,0.92,0.93,0.8998,0.93,14700,0
MPLN-WS.US,5,20211110,175000,0.93,0.93,0.93,0.93,2600,0
MPLN-WS.US,5,20211110,175500,0.9349,0.9349,0.9349,0.9349,100,0
MPLN-WS.US,5,20211110,180500,0.9297,0.9297,0.9297,0.9297,1200,0
MPLN-WS.US,5,20211110,181000,0.9295,0.93,0.9001,0.93,4000,0
MPLN-WS.US,5,20211110,200500,0.9288,0.94,0.9288,0.94,2700,0
MPLN-WS.US,5,20211110,204500,0.929,0.929,0.9288,0.929,4200,0
MPLN-WS.US,5,20211110,205000,0.929,0.9404,0.929,0.9404,1900,0
MPLN-WS.US,5,20211110,214000,0.9399,0.9399,0.9381,0.9381,2200,0
MPLN-WS.US,5,20211110,215500,0.9424,0.9424,0.94,0.94,74527,0
MPLN-WS.US,5,20211111,160500,0.930122,0.930122,0.930122,0.930122,400,0
MPLN-WS.US,5,20211111,161000,0.9001,0.9001,0.9001,0.9001,500,0
MPLN-WS.US,5,20211111,161500,0.97,0.97,0.94,0.94,201,0
MPLN-WS.US,5,20211111,165500,0.94,0.94,0.94,0.94,100,0
MPLN-WS.US,5,20211111,170000,0.9879,0.9979,0.9879,0.9979,270,0
MPLN-WS.US,5,20211111,173500,0.9424,0.9424,0.94,0.9424,600,0
MPLN-WS.US,5,20211111,191000,0.9799,0.9799,0.9799,0.9799,105,0
MPLN-WS.US,5,20211111,205500,0.95,0.95,0.95,0.95,1000,0
MPLN-WS.US,5,20211111,211500,0.98,0.98,0.98,0.98,199,0
