<TICKER>,<PER>,<DATE>,<TIME>,<OPEN>,<HIGH>,<LOW>,<CLOSE>,<VOL>,<OPENINT>
NGCAW.US,5,20210922,161500,1.7001,1.7001,1.7,1.7,4300,0
NGCAW.US,5,20210922,163500,1.7299,1.73,1.7,1.7,3300,0
NGCAW.US,5,20210922,165500,1.715,1.715,1.715,1.715,300,0
NGCAW.US,5,20210922,170000,1.706,1.73,1.706,1.73,700,0
NGCAW.US,5,20210922,170500,1.7,1.7,1.7,1.7,100,0
NGCAW.US,5,20210922,171500,1.73,1.74,1.7,1.7,3126,0
NGCAW.US,5,20210922,173500,1.71,1.71,1.71,1.71,100,0
NGCAW.US,5,20210922,174500,1.7274,1.7274,1.7274,1.7274,287,0
NGCAW.US,5,20210922,180000,1.7001,1.7001,1.7001,1.7001,1000,0
NGCAW.US,5,20210922,181500,1.7043,1.7043,1.7,1.7,730,0
NGCAW.US,5,20210922,183500,1.7,1.7,1.7,1.7,400,0
NGCAW.US,5,20210922,184000,1.7001,1.7001,1.7001,1.7001,100,0
NGCAW.US,5,20210922,190000,1.7201,1.7201,1.7201,1.7201,165,0
NGCAW.US,5,20210922,191500,1.71,1.71,1.7,1.7,2970,0
NGCAW.US,5,20210922,194000,1.7236,1.7236,1.7236,1.7236,100,0
NGCAW.US,5,20210922,195500,1.7,1.7,1.7,1.7,448,0
NGCAW.US,5,20210922,200500,1.7,1.7,1.7,1.7,3756,0
NGCAW.US,5,20210922,201000,1.7,1.7,1.7,1.7,194,0
NGCAW.US,5,20210922,201500,1.7,1.7,1.7,1.7,269,0
NGCAW.US,5,20210922,202000,1.7,1.7,1.7,1.7,214,0
NGCAW.US,5,20210922,202500,1.7,1.7,1.7,1.7,560,0
NGCAW.US,5,20210922,203000,1.7,1.7,1.7,1.7,100,0
NGCAW.US,5,20210922,211500,1.7,1.7,1.7,1.7,519,0
NGCAW.US,5,20210922,212000,1.7,1.7,1.67,1.67,2454,0
NGCAW.US,5,20210922,213000,1.7,1.7,1.7,1.7,100,0
NGCAW.US,5,20210922,215000,1.69,1.69,1.68,1.68,3200,0
NGCAW.US,5,20210922,215500,1.685,1.69,1.685,1.69,225,0
NGCAW.US,5,20210923,153000,1.67,1.67,1.67,1.67,100,0
NGCAW.US,5,20210923,154000,1.68,1.68,1.67,1.67,6500,0
NGCAW.US,5,20210923,154500,1.67,1.67,1.65,1.65,7932,0
NGCAW.US,5,20210923,165000,1.7,1.7,1.7,1.7,400,0
NGCAW.US,5,20210923,165500,1.7226,1.7226,1.7226,1.7226,100,0
NGCAW.US,5,20210923,172000,1.69,1.69,1.69,1.69,200,0
NGCAW.US,5,20210923,172500,1.69,1.69,1.69,1.69,4786,0
NGCAW.US,5,20210923,174500,1.69,1.69,1.69,1.69,100,0
NGCAW.US,5,20210923,175000,1.66,1.66,1.66,1.66,200,0
NGCAW.US,5,20210923,180000,1.67,1.67,1.67,1.67,100,0
NGCAW.US,5,20210923,180500,1.68,1.69,1.67,1.69,2092,0
NGCAW.US,5,20210923,181000,1.675,1.75,1.67,1.705,20786,0
NGCAW.US,5,20210923,192000,1.715,1.72,1.715,1.72,465,0
NGCAW.US,5,20210923,203500,1.7399,1.7399,1.7399,1.7399,200,0
NGCAW.US,5,20210923,215500,1.69,1.69,1.69,1.69,2590,0
NGCAW.US,5,20210924,153000,1.75,1.7544,1.75,1.75,2194,0
NGCAW.US,5,20210924,153500,1.68,1.68,1.68,1.68,200,0
NGCAW.US,5,20210924,155000,1.77,1.78,1.7343,1.78,300,0
NGCAW.US,5,20210924,160000,1.7132,1.7132,1.7132,1.7132,100,0
NGCAW.US,5,20210924,160500,1.79,1.79,1.79,1.79,377,0
NGCAW.US,5,20210924,162500,1.75,1.75,1.75,1.75,795,0
NGCAW.US,5,20210924,165000,1.75,1.75,1.75,1.75,205,0
NGCAW.US,5,20210924,165500,1.7756,1.8,1.75,1.75,3722,0
NGCAW.US,5,20210924,171000,1.79,1.79,1.79,1.79,650,0
NGCAW.US,5,20210924,172000,1.79,1.79,1.79,1.79,260,0
NGCAW.US,5,20210924,172500,1.8,1.8,1.8,1.8,1200,0
NGCAW.US,5,20210924,173000,1.75,1.75,1.75,1.75,500,0
NGCAW.US,5,20210924,173500,1.7745,1.7745,1.7745,1.7745,500,0
NGCAW.US,5,20210924,174500,1.7745,1.8,1.7745,1.8,1450,0
NGCAW.US,5,20210924,175000,1.8,1.8,1.8,1.8,100,0
NGCAW.US,5,20210924,184500,1.775,1.775,1.775,1.775,300,0
NGCAW.US,5,20210924,185500,1.775,1.775,1.775,1.775,150,0
NGCAW.US,5,20210924,191000,1.765,1.7753,1.765,1.7753,200,0
NGCAW.US,5,20210924,200000,1.779,1.78,1.779,1.78,200,0
NGCAW.US,5,20210924,200500,1.75,1.76,1.75,1.75,1535,0
NGCAW.US,5,20210924,203500,1.71,1.71,1.7,1.7,4250,0
NGCAW.US,5,20210924,212000,1.7699,1.7699,1.7699,1.7699,697,0
NGCAW.US,5,20210924,212500,1.7654,1.77,1.7654,1.77,784,0
NGCAW.US,5,20210924,213500,1.77,1.77,1.77,1.77,100,0
NGCAW.US,5,20210927,155500,1.71,1.7143,1.71,1.7143,1200,0
NGCAW.US,5,20210927,160000,1.7,1.7,1.7,1.7,100,0
NGCAW.US,5,20210927,161000,1.75,1.75,1.75,1.75,407,0
NGCAW.US,5,20210927,162000,1.7,1.7301,1.7,1.73,8700,0
NGCAW.US,5,20210927,163000,1.7499,1.7507,1.74,1.7507,3500,0
NGCAW.US,5,20210927,171500,1.7999,1.82,1.75,1.82,9333,0
NGCAW.US,5,20210927,175000,1.76,1.76,1.75,1.75,200,0
NGCAW.US,5,20210927,180000,1.7501,1.7501,1.7501,1.7501,500,0
NGCAW.US,5,20210927,183000,1.7544,1.7544,1.75,1.75,500,0
NGCAW.US,5,20210927,184000,1.765,1.765,1.765,1.765,250,0
NGCAW.US,5,20210927,185000,1.77,1.8,1.765,1.765,17644,0
NGCAW.US,5,20210927,190000,1.78,1.78,1.75,1.75,2983,0
NGCAW.US,5,20210927,195500,1.7613,1.7613,1.7613,1.7613,200,0
NGCAW.US,5,20210927,203000,1.7601,1.7601,1.76,1.76,300,0
NGCAW.US,5,20210927,205000,1.76,1.76,1.76,1.76,200,0
NGCAW.US,5,20210927,210000,1.79,1.79,1.79,1.79,400,0
NGCAW.US,5,20210927,210500,1.8099,1.81,1.785,1.8092,16104,0
NGCAW.US,5,20210927,212500,1.83,1.83,1.83,1.83,112,0
NGCAW.US,5,20210927,214500,1.83,1.83,1.83,1.83,100,0
NGCAW.US,5,20210927,215000,1.81,1.84,1.81,1.84,948,0
NGCAW.US,5,20210927,215500,1.815,1.84,1.815,1.8355,300,0
NGCAW.US,5,20210928,154500,1.76,1.76,1.76,1.76,2704,0
NGCAW.US,5,20210928,155000,1.7501,1.7501,1.7501,1.7501,500,0
NGCAW.US,5,20210928,155500,1.75,1.76,1.75,1.76,9895,0
NGCAW.US,5,20210928,161500,1.77,1.82,1.77,1.82,1300,0
NGCAW.US,5,20210928,162000,1.83,1.85,1.83,1.85,4445,0
NGCAW.US,5,20210928,162500,1.86,1.87,1.85,1.8699,6085,0
NGCAW.US,5,20210928,163000,1.8608,1.8608,1.79,1.79,2100,0
NGCAW.US,5,20210928,164500,1.86,1.86,1.86,1.86,100,0
NGCAW.US,5,20210928,170000,1.84,1.84,1.84,1.84,100,0
NGCAW.US,5,20210928,170500,1.8001,1.8001,1.8001,1.8001,250,0
NGCAW.US,5,20210928,171500,1.805,1.805,1.8,1.8,1400,0
NGCAW.US,5,20210928,172000,1.79,1.79,1.79,1.79,500,0
NGCAW.US,5,20210928,183500,1.7901,1.7901,1.7901,1.7901,7700,0
NGCAW.US,5,20210928,185000,1.83,1.83,1.83,1.83,200,0
NGCAW.US,5,20210928,185500,1.84,1.84,1.84,1.84,1000,0
NGCAW.US,5,20210928,191500,1.79,1.8,1.79,1.79,4610,0
NGCAW.US,5,20210928,194000,1.8,1.8,1.79,1.79,747,0
NGCAW.US,5,20210928,194500,1.8,1.8,1.8,1.8,100,0
NGCAW.US,5,20210928,200500,1.79,1.79,1.75,1.7544,9044,0
NGCAW.US,5,20210928,201000,1.75,1.75,1.75,1.75,23019,0
NGCAW.US,5,20210928,202500,1.78,1.78,1.78,1.78,100,0
NGCAW.US,5,20210928,211500,1.73,1.73,1.73,1.73,300,0
NGCAW.US,5,20210928,215000,1.75,1.75,1.75,1.75,100,0
NGCAW.US,5,20210928,215500,1.75,1.78,1.73,1.78,2935,0
NGCAW.US,5,20210929,153500,1.8495,1.8495,1.8495,1.8495,100,0
NGCAW.US,5,20210929,154000,1.85,1.85,1.85,1.85,656,0
NGCAW.US,5,20210929,155500,1.78,1.78,1.78,1.78,150,0
NGCAW.US,5,20210929,162500,1.8,1.81,1.8,1.81,222,0
NGCAW.US,5,20210929,163500,1.78,1.78,1.73,1.73,7400,0
NGCAW.US,5,20210929,164500,1.73,1.73,1.72,1.72,2745,0
NGCAW.US,5,20210929,184500,1.77,1.77,1.77,1.77,100,0
NGCAW.US,5,20210929,185500,1.75,1.75,1.75,1.75,100,0
NGCAW.US,5,20210929,195500,1.7501,1.7501,1.7501,1.7501,499,0
NGCAW.US,5,20210929,202000,1.75,1.75,1.75,1.75,2100,0
NGCAW.US,5,20210929,202500,1.75,1.751,1.72,1.72,7768,0
NGCAW.US,5,20210929,210000,1.72,1.72,1.72,1.72,122,0
NGCAW.US,5,20210929,212500,1.75,1.75,1.75,1.75,1000,0
NGCAW.US,5,20210929,214000,1.72,1.72,1.72,1.72,100,0
NGCAW.US,5,20210929,215000,1.72,1.72,1.72,1.72,200,0
NGCAW.US,5,20210929,215500,1.72,1.72,1.72,1.72,100,0
NGCAW.US,5,20210930,153000,1.74,1.74,1.71,1.71,3101,0
NGCAW.US,5,20210930,153500,1.71,1.71,1.71,1.71,2201,0
NGCAW.US,5,20210930,154000,1.7101,1.7101,1.7101,1.7101,3000,0
NGCAW.US,5,20210930,160500,1.71,1.71,1.68,1.68,5246,0
NGCAW.US,5,20210930,161000,1.6815,1.6815,1.6815,1.6815,250,0
NGCAW.US,5,20210930,162000,1.7,1.7,1.7,1.7,382,0
NGCAW.US,5,20210930,163000,1.76,1.76,1.76,1.76,100,0
NGCAW.US,5,20210930,164500,1.6999,1.6999,1.6999,1.6999,115,0
NGCAW.US,5,20210930,170500,1.68,1.68,1.65,1.66,5043,0
NGCAW.US,5,20210930,173000,1.675,1.675,1.675,1.675,300,0
NGCAW.US,5,20210930,175500,1.66,1.66,1.66,1.66,600,0
NGCAW.US,5,20210930,181500,1.675,1.675,1.675,1.675,100,0
NGCAW.US,5,20210930,183000,1.67,1.67,1.66,1.66,5000,0
NGCAW.US,5,20210930,184500,1.6712,1.675,1.6712,1.675,400,0
NGCAW.US,5,20210930,191500,1.66,1.67,1.66,1.67,255,0
NGCAW.US,5,20210930,200000,1.66,1.66,1.66,1.66,500,0
NGCAW.US,5,20210930,200500,1.66,1.66,1.66,1.66,250,0
NGCAW.US,5,20210930,202000,1.66,1.6603,1.66,1.6603,1100,0
NGCAW.US,5,20210930,205000,1.66,1.66,1.66,1.66,100,0
NGCAW.US,5,20210930,205500,1.667,1.667,1.667,1.667,1000,0
NGCAW.US,5,20210930,210000,1.66,1.6622,1.65,1.65,8319,0
NGCAW.US,5,20210930,210500,1.65,1.65,1.63,1.63,1430,0
NGCAW.US,5,20210930,211500,1.67,1.67,1.67,1.67,100,0
NGCAW.US,5,20210930,212000,1.67,1.68,1.63,1.63,2858,0
NGCAW.US,5,20210930,213000,1.6799,1.6799,1.6799,1.6799,595,0
NGCAW.US,5,20210930,213500,1.66,1.68,1.66,1.6799,800,0
NGCAW.US,5,20210930,214000,1.68,1.68,1.68,1.68,130,0
NGCAW.US,5,20210930,215500,1.68,1.68,1.68,1.68,331,0
NGCAW.US,5,20211001,161500,1.6501,1.6501,1.6501,1.6501,278,0
NGCAW.US,5,20211001,162000,1.6605,1.6605,1.6605,1.6605,1000,0
NGCAW.US,5,20211001,173000,1.67,1.6756,1.66,1.66,1065,0
NGCAW.US,5,20211001,174500,1.6601,1.67,1.6601,1.67,300,0
NGCAW.US,5,20211001,184000,1.66,1.66,1.64,1.64,1398,0
NGCAW.US,5,20211001,184500,1.64,1.64,1.64,1.64,100,0
NGCAW.US,5,20211001,202000,1.6598,1.6598,1.64,1.64,2100,0
NGCAW.US,5,20211001,214500,1.665,1.665,1.665,1.665,100,0
NGCAW.US,5,20211001,215500,1.6797,1.6797,1.6797,1.6797,358,0
NGCAW.US,5,20211004,153000,1.62,1.65,1.62,1.65,2604,0
NGCAW.US,5,20211004,153500,1.65,1.65,1.65,1.65,150,0
NGCAW.US,5,20211004,155000,1.6401,1.6401,1.6401,1.6401,5000,0
NGCAW.US,5,20211004,155500,1.64,1.6401,1.62,1.62,4245,0
NGCAW.US,5,20211004,160000,1.6,1.6,1.58,1.58,1072,0
NGCAW.US,5,20211004,161000,1.6,1.6,1.6,1.6,100,0
NGCAW.US,5,20211004,161500,1.59,1.5903,1.57,1.57,1824,0
NGCAW.US,5,20211004,170000,1.56,1.6,1.56,1.5739,4946,0
NGCAW.US,5,20211004,170500,1.62,1.64,1.61,1.64,3144,0
NGCAW.US,5,20211004,172500,1.65,1.71,1.65,1.65,4900,0
NGCAW.US,5,20211004,173500,1.65,1.65,1.65,1.65,200,0
NGCAW.US,5,20211004,184500,1.68,1.68,1.66,1.66,2211,0
NGCAW.US,5,20211004,185500,1.6401,1.6408,1.64,1.6408,14798,0
NGCAW.US,5,20211004,193500,1.65,1.65,1.65,1.65,500,0
NGCAW.US,5,20211004,194000,1.63,1.631,1.63,1.631,4800,0
NGCAW.US,5,20211004,194500,1.655,1.655,1.655,1.655,100,0
NGCAW.US,5,20211004,195500,1.63,1.63,1.63,1.63,550,0
NGCAW.US,5,20211004,200500,1.63,1.63,1.63,1.63,125,0
NGCAW.US,5,20211004,204000,1.645,1.645,1.645,1.645,980,0
NGCAW.US,5,20211004,210000,1.645,1.645,1.645,1.645,1000,0
NGCAW.US,5,20211004,211000,1.645,1.645,1.645,1.645,1999,0
NGCAW.US,5,20211004,213500,1.64,1.64,1.64,1.64,500,0
NGCAW.US,5,20211004,214500,1.6425,1.645,1.64,1.645,2000,0
NGCAW.US,5,20211004,215000,1.64,1.64,1.64,1.64,300,0
NGCAW.US,5,20211004,215500,1.6445,1.6445,1.6445,1.6445,1000,0
NGCAW.US,5,20211005,154000,1.63,1.63,1.63,1.63,300,0
NGCAW.US,5,20211005,160000,1.6301,1.6301,1.6301,1.6301,100,0
NGCAW.US,5,20211005,160500,1.6301,1.6301,1.6301,1.6301,100,0
NGCAW.US,5,20211005,164500,1.63,1.644,1.63,1.644,9400,0
NGCAW.US,5,20211005,170500,1.64,1.65,1.64,1.6498,2833,0
NGCAW.US,5,20211005,174000,1.65,1.65,1.65,1.65,600,0
NGCAW.US,5,20211005,174500,1.66,1.66,1.66,1.66,500,0
NGCAW.US,5,20211005,175500,1.65,1.65,1.65,1.65,100,0
NGCAW.US,5,20211005,180000,1.65,1.65,1.65,1.65,1500,0
NGCAW.US,5,20211005,190000,1.655,1.655,1.655,1.655,1219,0
NGCAW.US,5,20211005,195000,1.65,1.65,1.65,1.65,300,0
NGCAW.US,5,20211005,200500,1.64,1.6401,1.64,1.6401,2100,0
NGCAW.US,5,20211005,201000,1.65,1.65,1.65,1.65,200,0
NGCAW.US,5,20211005,213000,1.6699,1.6699,1.6699,1.6699,1089,0
NGCAW.US,5,20211005,214000,1.63,1.63,1.63,1.63,6100,0
NGCAW.US,5,20211005,215500,1.62,1.62,1.61,1.61,1504,0
NGCAW.US,5,20211006,153000,1.624,1.624,1.624,1.624,1000,0
NGCAW.US,5,20211006,153500,1.61,1.63,1.6,1.63,5500,0
NGCAW.US,5,20211006,154500,1.63,1.63,1.615,1.615,8872,0
NGCAW.US,5,20211006,155000,1.64,1.64,1.63,1.63,16400,0
NGCAW.US,5,20211006,163000,1.63,1.63,1.63,1.63,100,0
NGCAW.US,5,20211006,164500,1.63,1.65,1.63,1.65,4329,0
NGCAW.US,5,20211006,170000,1.64,1.64,1.64,1.64,500,0
NGCAW.US,5,20211006,170500,1.6899,1.6899,1.6899,1.6899,2000,0
NGCAW.US,5,20211006,171000,1.64,1.64,1.64,1.64,500,0
NGCAW.US,5,20211006,172000,1.64,1.64,1.64,1.64,500,0
NGCAW.US,5,20211006,173000,1.64,1.64,1.64,1.64,498,0
NGCAW.US,5,20211006,174000,1.65,1.65,1.65,1.65,500,0
NGCAW.US,5,20211006,174500,1.67,1.67,1.67,1.67,100,0
NGCAW.US,5,20211006,175000,1.65,1.65,1.65,1.65,501,0
NGCAW.US,5,20211006,180000,1.66,1.667,1.65,1.65,1500,0
NGCAW.US,5,20211006,181000,1.65,1.65,1.65,1.65,788,0
NGCAW.US,5,20211006,182500,1.64,1.64,1.64,1.64,500,0
NGCAW.US,5,20211006,183500,1.64,1.64,1.64,1.64,500,0
NGCAW.US,5,20211006,184500,1.64,1.64,1.64,1.64,501,0
NGCAW.US,5,20211006,190000,1.64,1.64,1.63,1.63,5461,0
NGCAW.US,5,20211006,190500,1.63,1.63,1.63,1.63,15331,0
NGCAW.US,5,20211006,202500,1.63,1.63,1.63,1.63,3290,0
NGCAW.US,5,20211006,203000,1.625,1.63,1.625,1.63,400,0
NGCAW.US,5,20211006,205000,1.6299,1.6299,1.625,1.625,2500,0
NGCAW.US,5,20211006,210000,1.62,1.62,1.62,1.62,600,0
NGCAW.US,5,20211006,211000,1.62,1.6217,1.585,1.585,1651,0
NGCAW.US,5,20211006,212500,1.63,1.63,1.63,1.63,1036,0
NGCAW.US,5,20211006,213000,1.62,1.62,1.62,1.62,153,0
NGCAW.US,5,20211006,215000,1.62,1.62,1.62,1.62,1500,0
NGCAW.US,5,20211006,215500,1.625,1.625,1.625,1.625,100,0
NGCAW.US,5,20211007,154500,1.67,1.67,1.67,1.67,650,0
NGCAW.US,5,20211007,155000,1.68,1.68,1.64,1.64,900,0
NGCAW.US,5,20211007,160000,1.68,1.68,1.68,1.68,500,0
NGCAW.US,5,20211007,162000,1.665,1.68,1.65,1.68,4610,0
NGCAW.US,5,20211007,162500,1.66,1.66,1.66,1.66,100,0
NGCAW.US,5,20211007,164500,1.68,1.7098,1.65,1.65,5361,0
NGCAW.US,5,20211007,165000,1.68,1.68,1.68,1.68,1047,0
NGCAW.US,5,20211007,165500,1.7,1.7,1.7,1.7,500,0
NGCAW.US,5,20211007,175500,1.66,1.66,1.66,1.66,100,0
NGCAW.US,5,20211007,184000,1.67,1.6701,1.66,1.66,1200,0
NGCAW.US,5,20211007,184500,1.67,1.6884,1.65,1.65,1100,0
NGCAW.US,5,20211007,204000,1.68,1.68,1.68,1.68,100,0
NGCAW.US,5,20211007,204500,1.681,1.681,1.6801,1.6801,2400,0
NGCAW.US,5,20211007,210000,1.6801,1.6801,1.6801,1.6801,100,0
NGCAW.US,5,20211007,211000,1.68,1.69,1.67,1.6701,2198,0
NGCAW.US,5,20211007,213000,1.66,1.66,1.66,1.66,150,0
NGCAW.US,5,20211007,215000,1.69,1.69,1.675,1.675,1490,0
NGCAW.US,5,20211007,215500,1.66,1.66,1.66,1.66,100,0
NGCAW.US,5,20211008,153000,1.7,1.7,1.7,1.7,270,0
NGCAW.US,5,20211008,160000,1.66,1.66,1.66,1.66,2000,0
NGCAW.US,5,20211008,161500,1.66,1.66,1.66,1.66,100,0
NGCAW.US,5,20211008,181500,1.6801,1.6801,1.6801,1.6801,2000,0
NGCAW.US,5,20211008,185500,1.695,1.695,1.695,1.695,111,0
NGCAW.US,5,20211008,191000,1.6901,1.6901,1.68,1.68,10600,0
NGCAW.US,5,20211008,191500,1.68,1.68,1.68,1.68,5250,0
NGCAW.US,5,20211008,194500,1.68,1.68,1.67,1.67,1929,0
NGCAW.US,5,20211008,195000,1.67,1.67,1.62,1.62,1440,0
NGCAW.US,5,20211008,200500,1.64,1.645,1.64,1.64,1362,0
NGCAW.US,5,20211008,214000,1.6308,1.6308,1.6308,1.6308,201,0
NGCAW.US,5,20211008,214500,1.63,1.63,1.63,1.63,300,0
NGCAW.US,5,20211008,215000,1.63,1.63,1.63,1.63,100,0
NGCAW.US,5,20211008,215500,1.6399,1.6399,1.63,1.63,350,0
NGCAW.US,5,20211011,153000,1.6701,1.6701,1.6701,1.6701,100,0
NGCAW.US,5,20211011,163500,1.7049,1.7049,1.7049,1.7049,1445,0
NGCAW.US,5,20211011,174500,1.65,1.65,1.62,1.62,10792,0
NGCAW.US,5,20211011,185500,1.68,1.68,1.68,1.68,200,0
NGCAW.US,5,20211011,194000,1.62,1.62,1.62,1.62,1480,0
NGCAW.US,5,20211011,202500,1.7,1.7,1.7,1.7,747,0
NGCAW.US,5,20211011,205000,1.63,1.63,1.62,1.62,3907,0
NGCAW.US,5,20211011,212000,1.62,1.63,1.62,1.63,5125,0
NGCAW.US,5,20211011,212500,1.62,1.62,1.62,1.62,1500,0
NGCAW.US,5,20211011,213000,1.6201,1.6201,1.6201,1.6201,100,0
NGCAW.US,5,20211012,153000,1.62,1.62,1.62,1.62,180,0
NGCAW.US,5,20211012,154000,1.66,1.66,1.66,1.66,500,0
NGCAW.US,5,20211012,170000,1.65,1.65,1.65,1.65,1000,0
NGCAW.US,5,20211012,170500,1.63,1.63,1.625,1.625,4140,0
NGCAW.US,5,20211012,171000,1.62,1.62,1.62,1.62,200,0
NGCAW.US,5,20211012,184000,1.62,1.62,1.62,1.62,100,0
NGCAW.US,5,20211012,191000,1.63,1.63,1.63,1.63,1000,0
NGCAW.US,5,20211012,200500,1.63,1.63,1.63,1.63,100,0
NGCAW.US,5,20211012,212500,1.6478,1.6478,1.6478,1.6478,225,0
NGCAW.US,5,20211012,213000,1.64,1.64,1.64,1.64,1000,0
NGCAW.US,5,20211012,214500,1.6899,1.6899,1.6899,1.6899,1000,0
NGCAW.US,5,20211013,165000,1.645,1.645,1.645,1.645,2000,0
NGCAW.US,5,20211013,165500,1.63,1.63,1.63,1.63,100,0
NGCAW.US,5,20211013,174500,1.6368,1.6368,1.6368,1.6368,163,0
NGCAW.US,5,20211013,180000,1.63,1.63,1.63,1.63,500,0
NGCAW.US,5,20211013,182500,1.65,1.65,1.65,1.65,200,0
NGCAW.US,5,20211013,200500,1.64,1.65,1.64,1.65,1090,0
NGCAW.US,5,20211013,215000,1.6386,1.6386,1.6386,1.6386,606,0
NGCAW.US,5,20211013,215500,1.64,1.64,1.64,1.64,100,0
NGCAW.US,5,20211014,154500,1.64,1.64,1.64,1.64,117,0
NGCAW.US,5,20211014,163000,1.65,1.6541,1.63,1.63,2000,0
NGCAW.US,5,20211014,163500,1.63,1.63,1.63,1.63,1142,0
NGCAW.US,5,20211014,171000,1.64,1.64,1.64,1.64,100,0
NGCAW.US,5,20211014,175000,1.63,1.63,1.63,1.63,100,0
NGCAW.US,5,20211014,181000,1.6301,1.6301,1.6301,1.6301,650,0
NGCAW.US,5,20211014,184500,1.6599,1.6599,1.6599,1.6599,400,0
NGCAW.US,5,20211014,190500,1.63,1.63,1.63,1.63,4875,0
NGCAW.US,5,20211014,191000,1.6301,1.6301,1.6301,1.6301,150,0
NGCAW.US,5,20211014,193500,1.64,1.64,1.63,1.63,4300,0
NGCAW.US,5,20211014,194000,1.63,1.63,1.6,1.6,6673,0
NGCAW.US,5,20211014,194500,1.615,1.62,1.615,1.615,800,0
NGCAW.US,5,20211014,201000,1.615,1.615,1.615,1.615,300,0
NGCAW.US,5,20211014,203000,1.615,1.6198,1.615,1.615,1407,0
NGCAW.US,5,20211014,210000,1.615,1.62,1.615,1.62,600,0
NGCAW.US,5,20211014,213500,1.6199,1.6199,1.6199,1.6199,4000,0
NGCAW.US,5,20211014,215500,1.615,1.62,1.61,1.61,3443,0
NGCAW.US,5,20211015,153000,1.61,1.61,1.61,1.61,100,0
NGCAW.US,5,20211015,153500,1.6,1.61,1.6,1.61,4099,0
NGCAW.US,5,20211015,154000,1.6085,1.61,1.6085,1.61,4000,0
NGCAW.US,5,20211015,154500,1.61,1.61,1.61,1.61,15545,0
NGCAW.US,5,20211015,155000,1.625,1.625,1.625,1.625,4400,0
NGCAW.US,5,20211015,160500,1.6101,1.6101,1.6101,1.6101,200,0
NGCAW.US,5,20211015,163000,1.64,1.78,1.64,1.78,19797,0
NGCAW.US,5,20211015,164000,1.7599,1.76,1.7599,1.76,1406,0
NGCAW.US,5,20211015,165500,1.72,1.72,1.72,1.72,995,0
NGCAW.US,5,20211015,171500,1.7,1.7,1.7,1.7,11933,0
NGCAW.US,5,20211015,172000,1.67,1.67,1.66,1.6641,1000,0
NGCAW.US,5,20211015,172500,1.68,1.68,1.68,1.68,200,0
NGCAW.US,5,20211015,180500,1.695,1.7,1.695,1.7,3812,0
NGCAW.US,5,20211015,181000,1.72,1.75,1.72,1.75,4050,0
NGCAW.US,5,20211015,181500,1.7599,1.7599,1.7599,1.7599,1000,0
NGCAW.US,5,20211015,183000,1.69,1.69,1.67,1.67,1900,0
NGCAW.US,5,20211015,184000,1.7,1.7,1.7,1.7,2997,0
NGCAW.US,5,20211015,185500,1.7144,1.7144,1.7144,1.7144,3100,0
NGCAW.US,5,20211015,190500,1.7,1.71,1.7,1.71,3911,0
NGCAW.US,5,20211015,191500,1.7,1.7001,1.7,1.7001,8000,0
NGCAW.US,5,20211015,192500,1.7,1.7018,1.7,1.7018,19042,0
NGCAW.US,5,20211015,193000,1.7,1.7,1.7,1.7,18124,0
NGCAW.US,5,20211015,195500,1.69,1.6901,1.69,1.69,20000,0
NGCAW.US,5,20211015,200000,1.66,1.675,1.65,1.675,9990,0
NGCAW.US,5,20211015,200500,1.675,1.675,1.675,1.675,750,0
NGCAW.US,5,20211015,211500,1.6799,1.6799,1.6799,1.6799,500,0
NGCAW.US,5,20211015,212000,1.66,1.66,1.66,1.66,381,0
NGCAW.US,5,20211015,215500,1.68,1.68,1.68,1.68,200,0
NGCAW.US,5,20211018,153000,1.63,1.63,1.63,1.63,150,0
NGCAW.US,5,20211018,155000,1.64,1.64,1.62,1.62,730,0
NGCAW.US,5,20211018,155500,1.685,1.685,1.685,1.685,1000,0
NGCAW.US,5,20211018,161500,1.67,1.67,1.67,1.67,500,0
NGCAW.US,5,20211018,182000,1.6512,1.6512,1.6512,1.6512,1250,0
NGCAW.US,5,20211018,183000,1.65,1.65,1.65,1.65,840,0
NGCAW.US,5,20211018,213000,1.655,1.66,1.655,1.66,607,0
NGCAW.US,5,20211018,214000,1.65,1.65,1.65,1.65,980,0
NGCAW.US,5,20211019,153000,1.66,1.66,1.66,1.66,1000,0
NGCAW.US,5,20211019,161500,1.6501,1.6501,1.6501,1.6501,100,0
NGCAW.US,5,20211019,181000,1.69,1.705,1.69,1.705,3700,0
NGCAW.US,5,20211019,185000,1.695,1.695,1.695,1.695,100,0
NGCAW.US,5,20211019,192500,1.69,1.69,1.69,1.69,1000,0
NGCAW.US,5,20211019,210500,1.6764,1.6764,1.6764,1.6764,4499,0
NGCAW.US,5,20211019,215500,1.69,1.71,1.69,1.71,2236,0
NGCAW.US,5,20211020,153500,1.7,1.7,1.7,1.7,190,0
NGCAW.US,5,20211020,160000,1.66,1.66,1.65,1.6501,1200,0
NGCAW.US,5,20211020,164000,1.65,1.65,1.65,1.65,989,0
NGCAW.US,5,20211020,165000,1.64,1.6476,1.64,1.6476,1100,0
NGCAW.US,5,20211020,165500,1.65,1.69,1.62,1.62,8991,0
NGCAW.US,5,20211020,170000,1.62,1.62,1.62,1.62,100,0
NGCAW.US,5,20211020,170500,1.65,1.65,1.645,1.65,2700,0
NGCAW.US,5,20211020,172500,1.645,1.65,1.645,1.6499,1000,0
NGCAW.US,5,20211020,174000,1.64,1.6401,1.63,1.63,7016,0
NGCAW.US,5,20211020,175000,1.635,1.635,1.635,1.635,100,0
NGCAW.US,5,20211020,184500,1.635,1.64,1.63,1.63,1592,0
NGCAW.US,5,20211020,185000,1.63,1.63,1.63,1.63,400,0
NGCAW.US,5,20211020,193500,1.64,1.64,1.64,1.64,100,0
NGCAW.US,5,20211020,194500,1.6373,1.6373,1.6373,1.6373,2000,0
NGCAW.US,5,20211020,202000,1.64,1.64,1.64,1.64,100,0
NGCAW.US,5,20211020,204000,1.645,1.645,1.645,1.645,200,0
NGCAW.US,5,20211020,204500,1.6437,1.6437,1.6437,1.6437,120,0
NGCAW.US,5,20211020,212000,1.645,1.645,1.63,1.63,850,0
NGCAW.US,5,20211020,213500,1.63,1.63,1.59,1.6,16357,0
NGCAW.US,5,20211020,214000,1.6,1.6,1.6,1.6,458,0
NGCAW.US,5,20211020,214500,1.6299,1.6299,1.6299,1.6299,306,0
NGCAW.US,5,20211021,153000,1.65,1.7,1.65,1.7,4670,0
NGCAW.US,5,20211021,154000,1.65,1.65,1.61,1.6201,76835,0
NGCAW.US,5,20211021,154500,1.65,1.65,1.65,1.65,17954,0
NGCAW.US,5,20211021,155000,1.6999,1.6999,1.6999,1.6999,2775,0
NGCAW.US,5,20211021,161000,1.64,1.655,1.63,1.655,3000,0
NGCAW.US,5,20211021,164000,1.645,1.645,1.645,1.645,200,0
NGCAW.US,5,20211021,174000,1.63,1.63,1.62,1.62,1500,0
NGCAW.US,5,20211021,174500,1.62,1.62,1.61,1.61,5330,0
NGCAW.US,5,20211021,180500,1.625,1.625,1.625,1.625,1537,0
NGCAW.US,5,20211021,181000,1.64,1.64,1.61,1.61,1307,0
NGCAW.US,5,20211021,181500,1.61,1.61,1.61,1.61,1000,0
NGCAW.US,5,20211021,191000,1.61,1.61,1.6,1.61,3400,0
NGCAW.US,5,20211021,191500,1.6013,1.6013,1.6013,1.6013,2000,0
NGCAW.US,5,20211021,192500,1.63,1.64,1.6175,1.63,15900,0
NGCAW.US,5,20211021,193500,1.6298,1.6298,1.61,1.61,2671,0
NGCAW.US,5,20211021,194000,1.6,1.6,1.6,1.6,7900,0
NGCAW.US,5,20211021,200500,1.6,1.6,1.56,1.58,7552,0
NGCAW.US,5,20211021,201000,1.5909,1.5909,1.58,1.58,565,0
NGCAW.US,5,20211021,202000,1.5807,1.5807,1.5807,1.5807,3000,0
NGCAW.US,5,20211021,210000,1.58,1.5986,1.58,1.5986,3104,0
NGCAW.US,5,20211021,210500,1.57,1.57,1.5501,1.5501,5924,0
NGCAW.US,5,20211021,211500,1.58,1.61,1.58,1.61,10100,0
NGCAW.US,5,20211021,215000,1.595,1.595,1.595,1.595,465,0
NGCAW.US,5,20211021,215500,1.595,1.595,1.595,1.595,100,0
NGCAW.US,5,20211022,153000,1.57,1.6898,1.56,1.56,2612,0
NGCAW.US,5,20211022,160000,1.58,1.58,1.5701,1.5701,3100,0
NGCAW.US,5,20211022,160500,1.58,1.58,1.58,1.58,300,0
NGCAW.US,5,20211022,162000,1.58,1.58,1.58,1.58,4043,0
NGCAW.US,5,20211022,162500,1.58,1.58,1.56,1.56,5927,0
NGCAW.US,5,20211022,165000,1.59,1.59,1.59,1.59,100,0
NGCAW.US,5,20211022,171000,1.58,1.58,1.58,1.58,2300,0
NGCAW.US,5,20211022,171500,1.57,1.585,1.57,1.585,3680,0
NGCAW.US,5,20211022,172500,1.5701,1.585,1.5701,1.585,5000,0
NGCAW.US,5,20211022,173500,1.59,1.59,1.57,1.57,5376,0
NGCAW.US,5,20211022,175000,1.57,1.57,1.55,1.55,11700,0
NGCAW.US,5,20211022,183500,1.55,1.55,1.47,1.47,6783,0
NGCAW.US,5,20211022,184000,1.49,1.545,1.49,1.545,1710,0
NGCAW.US,5,20211022,184500,1.54,1.54,1.47,1.47,3050,0
NGCAW.US,5,20211022,185000,1.54,1.54,1.53,1.53,1200,0
NGCAW.US,5,20211022,190500,1.5196,1.5196,1.5196,1.5196,100,0
NGCAW.US,5,20211022,191000,1.515,1.515,1.515,1.515,284,0
NGCAW.US,5,20211022,192500,1.515,1.52,1.515,1.5199,1000,0
NGCAW.US,5,20211022,193500,1.53,1.54,1.53,1.54,1500,0
NGCAW.US,5,20211022,194500,1.57,1.57,1.57,1.57,125,0
NGCAW.US,5,20211022,195000,1.54,1.54,1.54,1.54,200,0
NGCAW.US,5,20211022,195500,1.5401,1.5401,1.54,1.54,200,0
NGCAW.US,5,20211022,201000,1.57,1.57,1.57,1.57,1690,0
NGCAW.US,5,20211022,202500,1.5699,1.57,1.5699,1.5699,2000,0
NGCAW.US,5,20211022,203000,1.555,1.57,1.555,1.57,5500,0
NGCAW.US,5,20211022,203500,1.58,1.63,1.56,1.61,34800,0
NGCAW.US,5,20211022,204000,1.6198,1.6198,1.5301,1.54,14932,0
NGCAW.US,5,20211022,204500,1.58,1.58,1.58,1.58,3402,0
NGCAW.US,5,20211022,205000,1.54,1.54,1.54,1.54,800,0
NGCAW.US,5,20211022,205500,1.56,1.56,1.56,1.56,1500,0
NGCAW.US,5,20211022,210500,1.575,1.5995,1.575,1.5995,3480,0
NGCAW.US,5,20211022,211000,1.575,1.6,1.57,1.5856,2783,0
NGCAW.US,5,20211022,211500,1.6,1.6,1.6,1.6,800,0
NGCAW.US,5,20211022,213000,1.6,1.6,1.6,1.6,2000,0
NGCAW.US,5,20211022,214000,1.58,1.58,1.58,1.58,100,0
NGCAW.US,5,20211022,215500,1.575,1.575,1.575,1.575,100,0
NGCAW.US,5,20211025,153000,1.6,1.67,1.6,1.67,1100,0
NGCAW.US,5,20211025,155000,1.64,1.64,1.64,1.64,200,0
NGCAW.US,5,20211025,160000,1.6399,1.6399,1.6399,1.6399,609,0
NGCAW.US,5,20211025,160500,1.6,1.61,1.55,1.55,2372,0
NGCAW.US,5,20211025,161000,1.51,1.51,1.51,1.51,2740,0
NGCAW.US,5,20211025,162000,1.58,1.6,1.58,1.6,500,0
NGCAW.US,5,20211025,163000,1.61,1.61,1.6,1.6098,2000,0
NGCAW.US,5,20211025,164000,1.55,1.55,1.53,1.53,1000,0
NGCAW.US,5,20211025,165000,1.58,1.59,1.58,1.59,424,0
NGCAW.US,5,20211025,171000,1.62,1.62,1.62,1.62,100,0
NGCAW.US,5,20211025,171500,1.61,1.61,1.5975,1.5975,798,0
NGCAW.US,5,20211025,172000,1.57,1.5701,1.53,1.53,4000,0
NGCAW.US,5,20211025,172500,1.575,1.59,1.575,1.59,500,0
NGCAW.US,5,20211025,180000,1.5663,1.5663,1.5663,1.5663,1000,0
NGCAW.US,5,20211025,181500,1.58,1.58,1.58,1.58,100,0
NGCAW.US,5,20211025,182000,1.58,1.58,1.5795,1.5795,1700,0
NGCAW.US,5,20211025,183000,1.56,1.56,1.56,1.56,100,0
NGCAW.US,5,20211025,184000,1.5401,1.61,1.5401,1.61,5400,0
NGCAW.US,5,20211025,184500,1.6,1.6,1.6,1.6,100,0
NGCAW.US,5,20211025,185000,1.6,1.6,1.59,1.6,3747,0
NGCAW.US,5,20211025,191500,1.58,1.6,1.58,1.5998,955,0
NGCAW.US,5,20211025,192000,1.6,1.6,1.59,1.595,1000,0
NGCAW.US,5,20211025,192500,1.62,1.62,1.6,1.6,5400,0
NGCAW.US,5,20211025,193000,1.6,1.6,1.6,1.6,2000,0
NGCAW.US,5,20211025,194500,1.6,1.6,1.6,1.6,2000,0
NGCAW.US,5,20211025,195000,1.6099,1.6099,1.6099,1.6099,1000,0
NGCAW.US,5,20211025,195500,1.6,1.6099,1.59,1.6,22800,0
NGCAW.US,5,20211025,200000,1.6,1.6,1.6,1.6,8000,0
NGCAW.US,5,20211025,200500,1.6,1.6099,1.6,1.6099,6200,0
NGCAW.US,5,20211025,201500,1.596,1.604,1.596,1.604,1100,0
NGCAW.US,5,20211025,202500,1.6,1.6,1.6,1.6,900,0
NGCAW.US,5,20211025,205500,1.61,1.61,1.6,1.61,10000,0
NGCAW.US,5,20211025,210000,1.61,1.6102,1.59,1.59,21119,0
NGCAW.US,5,20211025,211000,1.59,1.5901,1.58,1.58,2100,0
NGCAW.US,5,20211025,212500,1.5801,1.5801,1.5801,1.5801,884,0
NGCAW.US,5,20211025,213000,1.5801,1.5801,1.5801,1.5801,3000,0
NGCAW.US,5,20211025,214000,1.5895,1.5895,1.5895,1.5895,460,0
NGCAW.US,5,20211025,214500,1.5801,1.5801,1.58,1.58,3300,0
NGCAW.US,5,20211025,215000,1.6,1.6002,1.58,1.58,8100,0
NGCAW.US,5,20211025,215500,1.58,1.58,1.55,1.565,5905,0
NGCAW.US,5,20211026,153000,1.63,1.75,1.63,1.75,8051,0
NGCAW.US,5,20211026,153500,1.7399,1.7399,1.7,1.7,601,0
NGCAW.US,5,20211026,154000,1.69,1.7,1.68,1.68,30366,0
NGCAW.US,5,20211026,154500,1.66,1.66,1.66,1.66,500,0
NGCAW.US,5,20211026,155000,1.66,1.71,1.65,1.69,10999,0
NGCAW.US,5,20211026,155500,1.67,1.7,1.66,1.69,10900,0
NGCAW.US,5,20211026,160000,1.69,1.7692,1.69,1.71,25029,0
NGCAW.US,5,20211026,160500,1.71,1.71,1.7,1.7,3400,0
NGCAW.US,5,20211026,161000,1.705,1.7186,1.7,1.715,4432,0
NGCAW.US,5,20211026,161500,1.715,1.72,1.6795,1.6795,7250,0
NGCAW.US,5,20211026,162000,1.68,1.695,1.68,1.68,3088,0
NGCAW.US,5,20211026,162500,1.68,1.72,1.6579,1.72,7692,0
NGCAW.US,5,20211026,163000,1.69,1.705,1.69,1.705,200,0
NGCAW.US,5,20211026,163500,1.705,1.72,1.705,1.705,9400,0
NGCAW.US,5,20211026,164000,1.705,1.705,1.69,1.705,1900,0
NGCAW.US,5,20211026,164500,1.72,1.72,1.705,1.705,900,0
NGCAW.US,5,20211026,165000,1.72,1.72,1.69,1.6965,1300,0
NGCAW.US,5,20211026,165500,1.72,1.72,1.71,1.71,700,0
NGCAW.US,5,20211026,170000,1.72,1.73,1.72,1.73,310,0
NGCAW.US,5,20211026,170500,1.73,1.75,1.72,1.72,5985,0
NGCAW.US,5,20211026,171000,1.73,1.74,1.73,1.74,580,0
NGCAW.US,5,20211026,171500,1.74,1.74,1.71,1.725,4480,0
NGCAW.US,5,20211026,172000,1.74,1.744,1.7398,1.74,3060,0
NGCAW.US,5,20211026,172500,1.75,1.77,1.75,1.75,5854,0
NGCAW.US,5,20211026,173000,1.75,1.75,1.75,1.75,1600,0
NGCAW.US,5,20211026,173500,1.73,1.73,1.73,1.73,100,0
NGCAW.US,5,20211026,174000,1.73,1.73,1.7,1.7,900,0
NGCAW.US,5,20211026,174500,1.73,1.73,1.73,1.73,400,0
NGCAW.US,5,20211026,175500,1.73,1.73,1.73,1.73,400,0
NGCAW.US,5,20211026,180000,1.71,1.71,1.7,1.7,8600,0
NGCAW.US,5,20211026,180500,1.72,1.73,1.72,1.73,1300,0
NGCAW.US,5,20211026,181000,1.73,1.73,1.73,1.73,300,0
NGCAW.US,5,20211026,181500,1.73,1.73,1.73,1.73,2700,0
NGCAW.US,5,20211026,182000,1.7299,1.73,1.71,1.72,6266,0
NGCAW.US,5,20211026,182500,1.73,1.73,1.73,1.73,200,0
NGCAW.US,5,20211026,183500,1.75,1.7599,1.75,1.7599,2600,0
NGCAW.US,5,20211026,184000,1.7599,1.7599,1.75,1.75,3800,0
NGCAW.US,5,20211026,184500,1.75,1.75,1.75,1.75,300,0
NGCAW.US,5,20211026,185000,1.75,1.75,1.75,1.75,1100,0
NGCAW.US,5,20211026,185500,1.75,1.75,1.7,1.75,10300,0
NGCAW.US,5,20211026,190000,1.75,1.75,1.75,1.75,1000,0
NGCAW.US,5,20211026,190500,1.74,1.74,1.72,1.72,1100,0
NGCAW.US,5,20211026,191000,1.75,1.75,1.75,1.75,575,0
NGCAW.US,5,20211026,191500,1.72,1.73,1.72,1.72,1000,0
NGCAW.US,5,20211026,192500,1.75,1.75,1.72,1.72,400,0
NGCAW.US,5,20211026,193000,1.75,1.75,1.75,1.75,1075,0
NGCAW.US,5,20211026,193500,1.75,1.75,1.75,1.75,800,0
NGCAW.US,5,20211026,194000,1.73,1.75,1.73,1.75,300,0
NGCAW.US,5,20211026,195500,1.755,1.755,1.75,1.75,1142,0
NGCAW.US,5,20211026,200500,1.755,1.7598,1.75,1.75,3600,0
NGCAW.US,5,20211026,201000,1.76,1.76,1.75,1.76,16991,0
NGCAW.US,5,20211026,201500,1.77,1.77,1.77,1.77,2000,0
NGCAW.US,5,20211026,202000,1.765,1.765,1.75,1.75,5645,0
NGCAW.US,5,20211026,202500,1.75,1.7523,1.75,1.7523,2100,0
NGCAW.US,5,20211026,203500,1.75,1.77,1.75,1.77,2500,0
NGCAW.US,5,20211026,204000,1.77,1.77,1.77,1.77,500,0
NGCAW.US,5,20211026,204500,1.77,1.77,1.75,1.75,900,0
NGCAW.US,5,20211026,205000,1.77,1.77,1.76,1.77,1200,0
NGCAW.US,5,20211026,205500,1.77,1.78,1.75,1.78,6015,0
NGCAW.US,5,20211026,210500,1.75,1.77,1.75,1.75,2100,0
NGCAW.US,5,20211026,211000,1.76,1.77,1.74,1.74,4400,0
NGCAW.US,5,20211026,211500,1.75,1.77,1.72,1.77,6400,0
NGCAW.US,5,20211026,212000,1.77,1.77,1.7201,1.77,900,0
NGCAW.US,5,20211026,212500,1.75,1.77,1.75,1.75,1600,0
NGCAW.US,5,20211026,213000,1.75,1.77,1.75,1.77,1000,0
NGCAW.US,5,20211026,214000,1.77,1.77,1.72,1.75,4320,0
NGCAW.US,5,20211026,214500,1.7499,1.765,1.69,1.7504,44805,0
NGCAW.US,5,20211026,215500,1.76,1.78,1.71,1.77,12561,0
NGCAW.US,5,20211027,153000,1.88,1.88,1.755,1.755,8925,0
NGCAW.US,5,20211027,153500,1.755,1.755,1.755,1.755,200,0
NGCAW.US,5,20211027,154500,1.75,1.75,1.74,1.74,2970,0
NGCAW.US,5,20211027,161500,1.745,1.745,1.745,1.745,195,0
NGCAW.US,5,20211027,163000,1.74,1.74,1.74,1.74,555,0
NGCAW.US,5,20211027,164000,1.74,1.745,1.74,1.745,4000,0
NGCAW.US,5,20211027,171500,1.745,1.745,1.73,1.73,1000,0
NGCAW.US,5,20211027,173000,1.73,1.73,1.73,1.73,2000,0
NGCAW.US,5,20211027,173500,1.745,1.745,1.745,1.745,1000,0
NGCAW.US,5,20211027,174500,1.75,1.75,1.75,1.75,4195,0
NGCAW.US,5,20211027,175000,1.755,1.76,1.75,1.76,7255,0
NGCAW.US,5,20211027,180000,1.76,1.76,1.76,1.76,100,0
NGCAW.US,5,20211027,181000,1.76,1.76,1.76,1.76,27109,0
NGCAW.US,5,20211027,183500,1.76,1.76,1.76,1.76,200,0
NGCAW.US,5,20211027,184000,1.7699,1.7699,1.7699,1.7699,1398,0
NGCAW.US,5,20211027,190500,1.77,1.77,1.76,1.76,2100,0
NGCAW.US,5,20211027,191000,1.79,1.79,1.775,1.775,9058,0
NGCAW.US,5,20211027,193000,1.79,1.79,1.79,1.79,419,0
NGCAW.US,5,20211027,193500,1.81,1.81,1.81,1.81,1553,0
NGCAW.US,5,20211027,195000,1.81,1.81,1.8,1.8,700,0
NGCAW.US,5,20211027,201000,1.78,1.78,1.76,1.76,2100,0
NGCAW.US,5,20211027,212000,1.7745,1.7745,1.7745,1.7745,500,0
NGCAW.US,5,20211027,212500,1.79,1.82,1.79,1.82,1175,0
NGCAW.US,5,20211027,215000,1.78,1.78,1.78,1.78,200,0
NGCAW.US,5,20211027,215500,1.78,1.805,1.68,1.69,33646,0
NGCAW.US,5,20211028,153000,1.86,1.86,1.86,1.86,300,0
NGCAW.US,5,20211028,153500,1.72,1.7505,1.72,1.7505,200,0
NGCAW.US,5,20211028,155000,1.75,1.75,1.7457,1.7457,2652,0
NGCAW.US,5,20211028,160500,1.755,1.755,1.755,1.755,1000,0
NGCAW.US,5,20211028,163000,1.79,1.79,1.762,1.762,1600,0
NGCAW.US,5,20211028,170000,1.77,1.79,1.77,1.79,3100,0
NGCAW.US,5,20211028,173000,1.79,1.79,1.79,1.79,400,0
NGCAW.US,5,20211028,173500,1.8,1.81,1.8,1.81,2256,0
NGCAW.US,5,20211028,174500,1.78,1.78,1.78,1.78,313,0
NGCAW.US,5,20211028,175500,1.81,1.87,1.81,1.87,15900,0
NGCAW.US,5,20211028,183000,1.8199,1.82,1.75,1.75,2000,0
NGCAW.US,5,20211028,183500,1.785,1.785,1.785,1.785,1500,0
NGCAW.US,5,20211028,184500,1.78,1.785,1.78,1.785,300,0
NGCAW.US,5,20211028,190500,1.7604,1.7604,1.76,1.7604,6813,0
NGCAW.US,5,20211028,191500,1.78,1.78,1.78,1.78,200,0
NGCAW.US,5,20211028,192000,1.79,1.79,1.79,1.79,1000,0
NGCAW.US,5,20211028,192500,1.79,1.79,1.78,1.78,3400,0
NGCAW.US,5,20211028,195500,1.78,1.78,1.78,1.78,200,0
NGCAW.US,5,20211028,202000,1.75,1.75,1.75,1.75,1000,0
NGCAW.US,5,20211028,205000,1.81,1.81,1.81,1.81,500,0
NGCAW.US,5,20211028,210500,1.799,1.799,1.799,1.799,200,0
NGCAW.US,5,20211028,213000,1.7622,1.7622,1.7622,1.7622,100,0
NGCAW.US,5,20211028,213500,1.76,1.77,1.76,1.77,1000,0
NGCAW.US,5,20211028,215500,1.77,1.77,1.75,1.77,17385,0
NGCAW.US,5,20211029,153000,1.8399,1.8399,1.8399,1.8399,1000,0
NGCAW.US,5,20211029,154000,1.785,1.785,1.785,1.785,500,0
NGCAW.US,5,20211029,163500,1.81,1.81,1.79,1.79,500,0
NGCAW.US,5,20211029,164500,1.75,1.82,1.75,1.82,6685,0
NGCAW.US,5,20211029,170500,1.7501,1.8,1.75,1.8,3999,0
NGCAW.US,5,20211029,172000,1.77,1.79,1.77,1.77,1550,0
NGCAW.US,5,20211029,173500,1.7948,1.7948,1.79,1.79,520,0
NGCAW.US,5,20211029,181500,1.8098,1.8098,1.8098,1.8098,500,0
NGCAW.US,5,20211029,182000,1.81,1.81,1.81,1.81,200,0
NGCAW.US,5,20211029,183000,1.8099,1.8099,1.8099,1.8099,1000,0
NGCAW.US,5,20211029,183500,1.8099,1.8099,1.8099,1.8099,200,0
NGCAW.US,5,20211029,184500,1.81,1.81,1.81,1.81,250,0
NGCAW.US,5,20211029,185500,1.81,1.85,1.81,1.85,9900,0
NGCAW.US,5,20211029,190000,1.83,1.85,1.82,1.85,15800,0
NGCAW.US,5,20211029,191000,1.825,1.85,1.825,1.83,8000,0
NGCAW.US,5,20211029,192000,1.8463,1.8463,1.83,1.83,2030,0
NGCAW.US,5,20211029,192500,1.81,1.81,1.81,1.81,500,0
NGCAW.US,5,20211029,201000,1.83,1.85,1.83,1.85,3100,0
NGCAW.US,5,20211029,201500,1.8494,1.85,1.83,1.8499,4700,0
NGCAW.US,5,20211029,202000,1.84,1.84,1.84,1.84,500,0
NGCAW.US,5,20211029,202500,1.8499,1.8499,1.8,1.82,5057,0
NGCAW.US,5,20211029,203000,1.82,1.82,1.82,1.82,100,0
NGCAW.US,5,20211029,203500,1.82,1.845,1.82,1.84,9100,0
NGCAW.US,5,20211029,204500,1.825,1.8499,1.825,1.8499,7000,0
NGCAW.US,5,20211029,205000,1.84,1.85,1.825,1.825,9068,0
NGCAW.US,5,20211029,205500,1.83,1.85,1.8255,1.8455,600,0
NGCAW.US,5,20211029,210000,1.825,1.825,1.825,1.825,200,0
NGCAW.US,5,20211029,211000,1.83,1.83,1.83,1.83,221,0
NGCAW.US,5,20211029,211500,1.8001,1.825,1.8,1.8,37700,0
NGCAW.US,5,20211029,213000,1.85,1.85,1.825,1.825,590,0
NGCAW.US,5,20211029,213500,1.84,1.85,1.83,1.8444,5022,0
NGCAW.US,5,20211029,214000,1.84,1.84,1.8271,1.8271,5999,0
NGCAW.US,5,20211029,215500,1.817,1.817,1.8,1.8,1248,0
NGCAW.US,5,20211101,143000,1.9,2,1.9,2,13262,0
NGCAW.US,5,20211101,143500,2,2.3,1.99,2.3,32475,0
NGCAW.US,5,20211101,144000,2.4,2.64,2.15,2.3,30881,0
NGCAW.US,5,20211101,144500,2.3,2.5,2.22,2.23,67678,0
NGCAW.US,5,20211101,145000,2.35,2.35,2.23,2.23,1904,0
NGCAW.US,5,20211101,145500,2.3343,2.34,2.23,2.303,5970,0
NGCAW.US,5,20211101,150500,2.26,2.26,2.23,2.2301,1100,0
NGCAW.US,5,20211101,151000,2.2701,2.2707,2.25,2.25,2337,0
NGCAW.US,5,20211101,151500,2.25,2.25,2.25,2.25,100,0
NGCAW.US,5,20211101,152500,2.2943,2.3,2.2943,2.3,208,0
NGCAW.US,5,20211101,153000,2.2854,2.29,2.2854,2.29,1800,0
NGCAW.US,5,20211101,153500,2.28,2.28,2.25,2.25,1075,0
NGCAW.US,5,20211101,154000,2.199,2.199,2.199,2.199,100,0
NGCAW.US,5,20211101,154500,2.16,2.16,2.16,2.16,500,0
NGCAW.US,5,20211101,155000,2.15,2.175,2.15,2.175,4450,0
NGCAW.US,5,20211101,155500,2.2,2.2,2.1995,2.1995,5145,0
NGCAW.US,5,20211101,160500,2.2,2.2,2.2,2.2,100,0
NGCAW.US,5,20211101,161000,2.19,2.25,2.18,2.25,3300,0
NGCAW.US,5,20211101,161500,2.18,2.18,2.15,2.15,3195,0
NGCAW.US,5,20211101,163500,2.135,2.15,2.135,2.1477,801,0
NGCAW.US,5,20211101,164000,2.1401,2.1401,2.1401,2.1401,500,0
NGCAW.US,5,20211101,164500,2.15,2.15,2.15,2.15,300,0
NGCAW.US,5,20211101,165000,2.14,2.1899,2.14,2.14,4812,0
NGCAW.US,5,20211101,165500,2.17,2.17,2.14,2.14,600,0
NGCAW.US,5,20211101,170500,2.15,2.15,2.14,2.15,600,0
NGCAW.US,5,20211101,171000,2.15,2.17,2.15,2.17,1797,0
NGCAW.US,5,20211101,171500,2.18,2.19,2.18,2.19,500,0
NGCAW.US,5,20211101,172000,2.24,2.29,2.23,2.29,5400,0
NGCAW.US,5,20211101,172500,2.27,2.3,2.25,2.275,10916,0
NGCAW.US,5,20211101,174000,2.2644,2.27,2.2644,2.27,200,0
NGCAW.US,5,20211101,175000,2.27,2.27,2.2692,2.2692,2000,0
NGCAW.US,5,20211101,175500,2.23,2.23,2.23,2.23,500,0
NGCAW.US,5,20211101,180500,2.2101,2.2201,2.2101,2.22,1100,0
NGCAW.US,5,20211101,181000,2.245,2.245,2.245,2.245,100,0
NGCAW.US,5,20211101,181500,2.245,2.245,2.22,2.245,750,0
NGCAW.US,5,20211101,183500,2.2699,2.2699,2.245,2.245,1760,0
NGCAW.US,5,20211101,184500,2.22,2.22,2.22,2.22,1500,0
NGCAW.US,5,20211101,185500,2.2255,2.2255,2.22,2.22,500,0
NGCAW.US,5,20211101,191000,2.21,2.2107,2.21,2.2107,1932,0
NGCAW.US,5,20211101,194000,2.2,2.2,2.2,2.2,300,0
NGCAW.US,5,20211101,194500,2.1901,2.1901,2.17,2.185,3750,0
NGCAW.US,5,20211101,195500,2.2,2.2,2.2,2.2,1000,0
NGCAW.US,5,20211101,201000,2.2,2.21,2.2,2.2,4913,0
NGCAW.US,5,20211101,202000,2.195,2.195,2.195,2.195,100,0
NGCAW.US,5,20211101,202500,2.2,2.21,2.2,2.21,4671,0
NGCAW.US,5,20211101,203000,2.195,2.195,2.18,2.18,1099,0
NGCAW.US,5,20211101,204000,2.21,2.21,2.195,2.195,475,0
NGCAW.US,5,20211101,205000,2.17,2.17,2.17,2.17,1000,0
NGCAW.US,5,20211101,205500,2.17,2.2,2.16,2.2,5143,0
NGCAW.US,5,20211102,143000,2.27,2.3,2.25,2.3,4637,0
NGCAW.US,5,20211102,143500,2.255,2.255,2.24,2.25,1175,0
NGCAW.US,5,20211102,144000,2.21,2.21,2.21,2.21,1257,0
NGCAW.US,5,20211102,144500,2.25,2.25,2.14,2.19,2744,0
NGCAW.US,5,20211102,145000,2.2,2.2,2.2,2.2,538,0
NGCAW.US,5,20211102,145500,2.2,2.2,2.2,2.2,841,0
NGCAW.US,5,20211102,150500,2.1401,2.1401,2.1401,2.1401,300,0
NGCAW.US,5,20211102,152000,2.17,2.17,2.158,2.17,1200,0
NGCAW.US,5,20211102,152500,2.1554,2.1554,2.15,2.15,5816,0
NGCAW.US,5,20211102,154000,2.175,2.175,2.14,2.14,5613,0
NGCAW.US,5,20211102,154500,2.1501,2.1501,2.1,2.1,9954,0
NGCAW.US,5,20211102,155000,2.1101,2.12,2.1,2.1,10000,0
NGCAW.US,5,20211102,155500,2.145,2.15,2.145,2.15,1442,0
NGCAW.US,5,20211102,160000,2.1504,2.1535,2.15,2.15,2000,0
NGCAW.US,5,20211102,163000,2.165,2.1795,2.165,2.1795,900,0
NGCAW.US,5,20211102,170000,2.1501,2.1501,2.1501,2.1501,1000,0
NGCAW.US,5,20211102,170500,2.175,2.175,2.175,2.175,1000,0
NGCAW.US,5,20211102,172500,2.18,2.18,2.18,2.18,256,0
NGCAW.US,5,20211102,174000,2.175,2.175,2.175,2.175,1000,0
NGCAW.US,5,20211102,182000,2.18,2.18,2.18,2.18,115,0
NGCAW.US,5,20211102,184500,2.18,2.19,2.18,2.19,1100,0
NGCAW.US,5,20211102,191000,2.19,2.2,2.19,2.2,2649,0
NGCAW.US,5,20211102,191500,2.18,2.18,2.18,2.18,105,0
NGCAW.US,5,20211102,195000,2.185,2.185,2.185,2.185,551,0
NGCAW.US,5,20211102,201500,2.18,2.18,2.18,2.18,100,0
NGCAW.US,5,20211102,204500,2.17,2.17,2.15,2.15,1517,0
NGCAW.US,5,20211103,143000,2.0601,2.0601,2.0601,2.0601,7199,0
NGCAW.US,5,20211103,144000,2.2,2.2,2.2,2.2,220,0
NGCAW.US,5,20211103,145000,2.1815,2.1815,2.15,2.15,3128,0
NGCAW.US,5,20211103,145500,2.15,2.15,2.15,2.15,300,0
NGCAW.US,5,20211103,152000,2.15,2.15,2.15,2.15,200,0
NGCAW.US,5,20211103,152500,2.12,2.13,2.1,2.13,2700,0
NGCAW.US,5,20211103,153000,2.1,2.1319,2.1,2.11,3111,0
NGCAW.US,5,20211103,153500,2.142,2.15,2.142,2.15,1100,0
NGCAW.US,5,20211103,154000,2.1,2.1,2.1,2.1,112,0
NGCAW.US,5,20211103,155000,2.129,2.15,2.129,2.15,694,0
NGCAW.US,5,20211103,161500,2.1499,2.1499,2.1499,2.1499,1539,0
NGCAW.US,5,20211103,162000,2.1205,2.1205,2.1205,2.1205,1770,0
NGCAW.US,5,20211103,163000,2.12,2.1499,2.12,2.1499,350,0
NGCAW.US,5,20211103,172500,2.135,2.15,2.12,2.12,7154,0
NGCAW.US,5,20211103,175500,2.12,2.12,2.12,2.12,1000,0
NGCAW.US,5,20211103,180000,2.1201,2.1201,2.12,2.12,3700,0
NGCAW.US,5,20211103,181000,2.12,2.12,2.12,2.12,2000,0
NGCAW.US,5,20211103,182000,2.12,2.12,2.12,2.12,515,0
NGCAW.US,5,20211103,184000,2.12,2.12,2.12,2.12,2300,0
NGCAW.US,5,20211103,191000,2.1377,2.1377,2.1377,2.1377,100,0
NGCAW.US,5,20211103,191500,2.1247,2.1247,2.1247,2.1247,119,0
NGCAW.US,5,20211103,192000,2.1,2.1001,2.1,2.1001,3874,0
NGCAW.US,5,20211103,200000,2.13,2.13,2.13,2.13,2300,0
NGCAW.US,5,20211103,202500,2.1,2.1,2.1,2.1,1000,0
NGCAW.US,5,20211103,204500,2.1,2.1,2.08,2.0875,524,0
NGCAW.US,5,20211103,205000,2.1,2.1,2.1,2.1,415,0
NGCAW.US,5,20211104,143000,2.23,2.23,2.22,2.22,1100,0
NGCAW.US,5,20211104,143500,2.21,2.22,2.21,2.21,500,0
NGCAW.US,5,20211104,145000,2.17,2.17,2.17,2.17,100,0
NGCAW.US,5,20211104,151500,2.16,2.16,2.16,2.16,200,0
NGCAW.US,5,20211104,152500,2.1507,2.1507,2.13,2.15,7750,0
NGCAW.US,5,20211104,153500,2.13,2.13,2.1,2.1,827,0
NGCAW.US,5,20211104,154000,2.08,2.1,2.08,2.1,613,0
NGCAW.US,5,20211104,161500,2.0799,2.1,2.0799,2.08,4605,0
NGCAW.US,5,20211104,162000,2.0799,2.08,2.0799,2.08,2000,0
NGCAW.US,5,20211104,163500,2.06,2.074,2.01,2.056,6880,0
NGCAW.US,5,20211104,164000,2.0599,2.0599,2.0599,2.0599,1000,0
NGCAW.US,5,20211104,170500,2.0788,2.0788,2.0788,2.0788,100,0
NGCAW.US,5,20211104,173500,2.03,2.03,1.99,1.99,18496,0
NGCAW.US,5,20211104,175000,2.02,2.03,2.02,2.03,2100,0
NGCAW.US,5,20211104,175500,2,2,1.97,1.97,2125,0
NGCAW.US,5,20211104,180000,1.96,1.96,1.96,1.96,7125,0
NGCAW.US,5,20211104,181000,1.98,1.98,1.98,1.98,200,0
NGCAW.US,5,20211104,181500,2,2,2,2,1000,0
NGCAW.US,5,20211104,182000,1.98,2,1.98,2,2500,0
NGCAW.US,5,20211104,184000,1.985,1.985,1.985,1.985,100,0
NGCAW.US,5,20211104,184500,1.985,2,1.985,2,2500,0
NGCAW.US,5,20211104,185000,2,2,2,2,500,0
NGCAW.US,5,20211104,190500,1.9846,1.9846,1.9846,1.9846,506,0
NGCAW.US,5,20211104,191500,1.9909,1.9909,1.9909,1.9909,200,0
NGCAW.US,5,20211104,192000,2,2,1.995,2,2050,0
NGCAW.US,5,20211104,192500,1.9999,1.9999,1.98,1.98,598,0
NGCAW.US,5,20211104,193000,1.9799,1.9799,1.9799,1.9799,1000,0
NGCAW.US,5,20211104,194500,1.9799,1.98,1.9796,1.9797,3299,0
NGCAW.US,5,20211104,200500,1.97,1.97,1.97,1.97,100,0
NGCAW.US,5,20211104,202000,1.9996,1.9996,1.9996,1.9996,500,0
NGCAW.US,5,20211104,202500,1.97,1.97,1.9658,1.9658,260,0
NGCAW.US,5,20211104,203500,1.96,1.96,1.93,1.93,1216,0
NGCAW.US,5,20211104,204000,1.99,1.99,1.96,1.96,5400,0
NGCAW.US,5,20211105,143000,2.21,2.21,2.21,2.21,1000,0
NGCAW.US,5,20211105,143500,2.08,2.1,2.075,2.0895,2872,0
NGCAW.US,5,20211105,144000,2.065,2.065,2.065,2.065,450,0
NGCAW.US,5,20211105,144500,2.075,2.075,2.05,2.05,9200,0
NGCAW.US,5,20211105,145000,2.0699,2.0699,2.05,2.05,5150,0
NGCAW.US,5,20211105,145500,2.045,2.05,2.04,2.04,9000,0
NGCAW.US,5,20211105,150000,2.05,2.05,2.0464,2.05,1250,0
NGCAW.US,5,20211105,150500,2.05,2.05,2.05,2.05,100,0
NGCAW.US,5,20211105,151000,2.043,2.05,2.043,2.05,439,0
NGCAW.US,5,20211105,151500,2.05,2.05,2.045,2.045,3400,0
NGCAW.US,5,20211105,152000,2.045,2.05,2.045,2.05,3500,0
NGCAW.US,5,20211105,152500,2.0499,2.0499,2.03,2.04,2600,0
NGCAW.US,5,20211105,153000,2.03,2.03,2.01,2.01,1150,0
NGCAW.US,5,20211105,153500,2.01,2.01,2.01,2.01,1000,0
NGCAW.US,5,20211105,154000,2.005,2.005,1.9899,1.9899,1646,0
NGCAW.US,5,20211105,154500,1.99,1.99,1.9892,1.99,5095,0
NGCAW.US,5,20211105,155000,1.98,1.98,1.9798,1.9798,800,0
NGCAW.US,5,20211105,162000,1.985,1.985,1.95,1.95,4520,0
NGCAW.US,5,20211105,162500,1.94,1.965,1.94,1.965,806,0
NGCAW.US,5,20211105,163500,1.965,1.965,1.965,1.965,109,0
NGCAW.US,5,20211105,164500,1.98,1.98,1.98,1.98,300,0
NGCAW.US,5,20211105,165000,1.97,1.97,1.94,1.94,2500,0
NGCAW.US,5,20211105,165500,1.962,1.962,1.962,1.962,200,0
NGCAW.US,5,20211105,171500,1.965,1.965,1.965,1.965,1000,0
NGCAW.US,5,20211105,172000,1.95,1.965,1.94,1.955,4786,0
NGCAW.US,5,20211105,173000,1.955,1.955,1.955,1.955,300,0
NGCAW.US,5,20211105,173500,1.955,1.955,1.94,1.95,2300,0
NGCAW.US,5,20211105,175000,1.9334,1.9334,1.9334,1.9334,176,0
NGCAW.US,5,20211105,175500,1.94,1.94,1.94,1.94,954,0
NGCAW.US,5,20211105,182000,1.94,1.94,1.93,1.9301,1300,0
NGCAW.US,5,20211105,183000,1.9498,1.9498,1.9498,1.9498,350,0
NGCAW.US,5,20211105,183500,1.94,1.95,1.93,1.93,14488,0
NGCAW.US,5,20211105,184500,1.93,1.93,1.93,1.93,4452,0
NGCAW.US,5,20211105,190500,1.94,1.95,1.94,1.95,10419,0
NGCAW.US,5,20211105,192000,1.9899,1.9899,1.9899,1.9899,2000,0
NGCAW.US,5,20211105,193500,1.9889,1.9889,1.9889,1.9889,1000,0
NGCAW.US,5,20211105,195000,1.98,1.98,1.98,1.98,200,0
NGCAW.US,5,20211105,200000,1.975,1.975,1.975,1.975,1700,0
NGCAW.US,5,20211105,203500,1.975,1.975,1.975,1.975,100,0
NGCAW.US,5,20211105,204000,1.99,2.01,1.97,2.01,4414,0
NGCAW.US,5,20211105,204500,2.01,2.11,2.01,2.1,22061,0
NGCAW.US,5,20211105,205000,2.1017,2.1017,2.1017,2.1017,144,0
NGCAW.US,5,20211108,153000,2.12,2.12,2.12,2.12,300,0
NGCAW.US,5,20211108,154000,2.11,2.12,2.11,2.12,2800,0
NGCAW.US,5,20211108,154500,2.05,2.065,2.0499,2.065,1290,0
NGCAW.US,5,20211108,155000,2.02,2.11,2.01,2.0101,3417,0
NGCAW.US,5,20211108,155500,2.0201,2.0201,2.0201,2.0201,100,0
NGCAW.US,5,20211108,160000,2.0663,2.0663,2.0663,2.0663,500,0
NGCAW.US,5,20211108,160500,2.11,2.11,2.07,2.07,500,0
NGCAW.US,5,20211108,161000,2.07,2.07,2.07,2.07,100,0
NGCAW.US,5,20211108,161500,2.07,2.07,2.07,2.07,500,0
NGCAW.US,5,20211108,163500,2.0309,2.075,2.0309,2.075,1100,0
NGCAW.US,5,20211108,165000,2.11,2.12,2.11,2.11,3774,0
NGCAW.US,5,20211108,171000,2.07,2.12,2.07,2.095,868,0
NGCAW.US,5,20211108,175500,2.095,2.095,2.095,2.095,100,0
NGCAW.US,5,20211108,182000,2.0999,2.0999,2.0999,2.0999,2500,0
NGCAW.US,5,20211108,184000,2.08,2.08,2.03,2.03,3800,0
NGCAW.US,5,20211108,184500,2.1,2.1,2.1,2.1,1000,0
NGCAW.US,5,20211108,190000,2.075,2.08,2.075,2.0799,400,0
NGCAW.US,5,20211108,190500,2.08,2.08,2.08,2.08,200,0
NGCAW.US,5,20211108,191000,2.05,2.05,2.05,2.05,100,0
NGCAW.US,5,20211108,192000,2.08,2.08,2.0755,2.0755,1354,0
NGCAW.US,5,20211108,192500,2.08,2.08,2.05,2.075,700,0
NGCAW.US,5,20211108,195000,2.06,2.06,2.03,2.03,2600,0
NGCAW.US,5,20211108,200000,2.04,2.04,2.02,2.02,793,0
NGCAW.US,5,20211108,200500,2.05,2.05,2.05,2.05,100,0
NGCAW.US,5,20211108,201000,2.07,2.07,2.065,2.065,399,0
NGCAW.US,5,20211108,204500,2.06,2.08,2.05,2.08,1200,0
NGCAW.US,5,20211108,210000,2.08,2.08,2.08,2.08,498,0
NGCAW.US,5,20211108,210500,2.0501,2.0501,2.05,2.05,12800,0
NGCAW.US,5,20211108,213000,2.1,2.1,2.1,2.1,602,0
NGCAW.US,5,20211108,214000,2.08,2.08,2.08,2.08,100,0
NGCAW.US,5,20211108,214500,2.0885,2.0885,2.0885,2.0885,100,0
NGCAW.US,5,20211109,153000,2.19,2.19,2.19,2.19,100,0
NGCAW.US,5,20211109,153500,2.1,2.1,2.1,2.1,250,0
NGCAW.US,5,20211109,154500,2.05,2.05,2.04,2.04,1900,0
NGCAW.US,5,20211109,155000,2.0528,2.0528,2.0528,2.0528,1000,0
NGCAW.US,5,20211109,162500,2.0641,2.0641,2.0641,2.0641,500,0
NGCAW.US,5,20211109,163000,2.08,2.24,2.07,2.23,32611,0
NGCAW.US,5,20211109,163500,2.175,2.175,2.1201,2.1201,6700,0
NGCAW.US,5,20211109,164500,2.19,2.2,2.19,2.2,890,0
NGCAW.US,5,20211109,165000,2.11,2.11,2.1,2.1,7159,0
NGCAW.US,5,20211109,170500,2.12,2.12,2.1167,2.1167,5100,0
NGCAW.US,5,20211109,171000,2.1101,2.1101,2.1101,2.1101,762,0
NGCAW.US,5,20211109,171500,2.11,2.11,2.11,2.11,1625,0
NGCAW.US,5,20211109,172000,2.09,2.09,2.09,2.09,100,0
NGCAW.US,5,20211109,174500,2.1,2.1,2.1,2.1,400,0
NGCAW.US,5,20211109,180000,2.08,2.085,2.08,2.085,684,0
NGCAW.US,5,20211109,181000,2.09,2.09,2.07,2.07,3391,0
NGCAW.US,5,20211109,181500,2.08,2.08,2.08,2.08,200,0
NGCAW.US,5,20211109,182000,2.07,2.07,2.07,2.07,491,0
NGCAW.US,5,20211109,185000,2.07,2.07,2.06,2.06,1200,0
NGCAW.US,5,20211109,185500,2.065,2.065,2.065,2.065,658,0
NGCAW.US,5,20211109,190000,2.0799,2.08,2.0792,2.0792,6780,0
NGCAW.US,5,20211109,190500,2.0792,2.0792,2.05,2.05,792,0
NGCAW.US,5,20211109,192500,2.09,2.09,2.08,2.08,1970,0
NGCAW.US,5,20211109,193500,2.07,2.07,2.07,2.07,286,0
NGCAW.US,5,20211109,201500,2.08,2.08,2.08,2.08,2503,0
NGCAW.US,5,20211109,203000,2.085,2.085,2.08,2.08,1100,0
NGCAW.US,5,20211109,203500,2.0745,2.08,2.0745,2.0799,3000,0
NGCAW.US,5,20211109,204000,2.0779,2.0779,2.0779,2.0779,1000,0
NGCAW.US,5,20211109,204500,2.0745,2.1,2.0745,2.1,12582,0
NGCAW.US,5,20211109,212500,2.1201,2.1201,2.1201,2.1201,8619,0
NGCAW.US,5,20211109,213000,2.15,2.15,2.15,2.15,2808,0
NGCAW.US,5,20211109,214000,2.1104,2.1104,2.1104,2.1104,500,0
NGCAW.US,5,20211109,214500,2.15,2.2052,2.15,2.2052,10988,0
NGCAW.US,5,20211109,215500,2.1457,2.1508,2.1457,2.1508,1100,0
NGCAW.US,5,20211110,153000,2.1,2.1,2.1,2.1,500,0
NGCAW.US,5,20211110,154000,2.08,2.1394,2.07,2.1,2500,0
NGCAW.US,5,20211110,154500,2.11,2.11,2.11,2.11,584,0
NGCAW.US,5,20211110,155000,2.0852,2.0852,2.08,2.08,222,0
NGCAW.US,5,20211110,160500,2.0965,2.0965,2.08,2.08,1100,0
NGCAW.US,5,20211110,161000,2.08,2.08,2.07,2.0702,2346,0
NGCAW.US,5,20211110,161500,2.07,2.07,2.05,2.05,1025,0
NGCAW.US,5,20211110,162000,2.1,2.1,2.1,2.1,2403,0
NGCAW.US,5,20211110,163500,2.12,2.12,2.12,2.12,111,0
NGCAW.US,5,20211110,164000,2.12,2.12,2.12,2.12,146,0
NGCAW.US,5,20211110,171500,2.1571,2.1571,2.1571,2.1571,220,0
NGCAW.US,5,20211110,172000,2.17,2.17,2.17,2.17,500,0
NGCAW.US,5,20211110,174500,2.21,2.21,2.21,2.21,190,0
NGCAW.US,5,20211110,175000,2.205,2.205,2.2,2.2,849,0
NGCAW.US,5,20211110,175500,2.17,2.17,2.17,2.17,240,0
NGCAW.US,5,20211110,181500,2.18,2.18,2.17,2.18,2940,0
NGCAW.US,5,20211110,182500,2.15,2.15,2.15,2.15,1000,0
NGCAW.US,5,20211110,190500,2.1215,2.1215,2.1215,2.1215,500,0
NGCAW.US,5,20211110,192000,2.11,2.11,2.1,2.1,2000,0
NGCAW.US,5,20211110,201500,2.11,2.11,2.11,2.11,1000,0
NGCAW.US,5,20211110,202000,2.1101,2.1101,2.11,2.11,486,0
NGCAW.US,5,20211110,202500,2.1101,2.1101,2.09,2.09,2500,0
NGCAW.US,5,20211110,203000,2.09,2.0901,2.01,2.01,37249,0
NGCAW.US,5,20211110,203500,2.0507,2.0507,2.0507,2.0507,1191,0
NGCAW.US,5,20211110,204000,2.05,2.05,1.99,1.99,12110,0
NGCAW.US,5,20211110,204500,2.0001,2.0004,2,2.0004,6969,0
NGCAW.US,5,20211110,205000,2.05,2.05,2.05,2.05,100,0
NGCAW.US,5,20211110,205500,2.05,2.05,1.985,1.9899,9931,0
NGCAW.US,5,20211110,210000,1.99,1.99,1.9796,1.9796,5064,0
NGCAW.US,5,20211110,210500,1.99,1.99,1.98,1.99,19439,0
NGCAW.US,5,20211110,213000,2.03,2.03,2.03,2.03,100,0
NGCAW.US,5,20211110,213500,2.01,2.01,1.99,2.01,1200,0
NGCAW.US,5,20211110,214000,2.0024,2.0024,2.0024,2.0024,300,0
NGCAW.US,5,20211110,215000,1.99,2.051,1.99,2.051,2726,0
NGCAW.US,5,20211111,153000,2.05,2.05,2.05,2.05,699,0
NGCAW.US,5,20211111,155500,2.0104,2.0104,2.0104,2.0104,999,0
NGCAW.US,5,20211111,161000,2.05,2.05,2.03,2.03,1000,0
NGCAW.US,5,20211111,161500,2.03,2.03,2.03,2.03,1500,0
NGCAW.US,5,20211111,162000,2.05,2.05,2.05,2.05,100,0
NGCAW.US,5,20211111,164000,2.01,2.01,2.01,2.01,355,0
NGCAW.US,5,20211111,171000,2.0454,2.0454,2.0448,2.0448,2000,0
NGCAW.US,5,20211111,171500,2.04,2.0462,2.04,2.0451,5900,0
NGCAW.US,5,20211111,172000,2.0462,2.05,2.0462,2.0499,3000,0
NGCAW.US,5,20211111,173000,2.05,2.05,2.05,2.05,141,0
NGCAW.US,5,20211111,182500,2.1,2.1,2.1,2.1,200,0
NGCAW.US,5,20211111,183000,2.1,2.1,2.1,2.1,1447,0
NGCAW.US,5,20211111,190000,2.0829,2.0829,2.0829,2.0829,2500,0
NGCAW.US,5,20211111,190500,2.09,2.1,2.09,2.1,1500,0
NGCAW.US,5,20211111,193000,2.08,2.08,2.08,2.08,100,0
NGCAW.US,5,20211111,194500,2.0587,2.0587,2.0587,2.0587,200,0
NGCAW.US,5,20211111,205500,2.1,2.1,2.1,2.1,1000,0
NGCAW.US,5,20211111,212000,2.1,2.1,2.1,2.1,4414,0
NGCAW.US,5,20211111,212500,2.06,2.06,2.06,2.06,200,0
NGCAW.US,5,20211111,215500,2.1,2.11,2.1,2.11,1000,0
