<TICKER>,<PER>,<DATE>,<TIME>,<OPEN>,<HIGH>,<LOW>,<CLOSE>,<VOL>,<OPENINT>
NWLI.US,5,20210922,170500,206.77,206.77,206.77,206.77,110,0
NWLI.US,5,20210922,174000,206.87,206.87,206.87,206.87,100,0
NWLI.US,5,20210922,200000,206,206.015,206,206,378,0
NWLI.US,5,20210922,201000,206.96,207.99,206.96,207.99,350,0
NWLI.US,5,20210922,214000,208.055,209.09,208.055,209.09,200,0
NWLI.US,5,20210922,215000,206.73,209.423,206.73,209.423,200,0
NWLI.US,5,20210922,215500,208.02,208.02,206.33,207.27,1222,0
NWLI.US,5,20210923,155000,207.001,207.03,206.855,206.855,300,0
NWLI.US,5,20210923,175500,209.71,209.94,209.71,209.94,200,0
NWLI.US,5,20210923,182500,210.05,210.05,210.05,210.05,100,0
NWLI.US,5,20210923,183000,209.93,209.93,209.93,209.93,116,0
NWLI.US,5,20210923,193500,210,210,210,210,500,0
NWLI.US,5,20210923,204000,208.083,208.083,208.083,208.083,150,0
NWLI.US,5,20210923,213000,213.33,213.33,213.33,213.33,100,0
NWLI.US,5,20210923,215500,211.76,212.69,210.9,210.9,1348,0
NWLI.US,5,20210924,163000,213,213,213,213,300,0
NWLI.US,5,20210924,164000,214.95,214.95,214.95,214.95,100,0
NWLI.US,5,20210924,164500,216.61,216.61,216.61,216.61,200,0
NWLI.US,5,20210924,193000,214.88,215.12,214.88,215,312,0
NWLI.US,5,20210924,193500,214,214,214,214,476,0
NWLI.US,5,20210924,194000,215,215.45,214.96,214.97,500,0
NWLI.US,5,20210924,195000,215.64,215.64,215.64,215.64,100,0
NWLI.US,5,20210924,204000,215,215,215,215,300,0
NWLI.US,5,20210924,212000,214.85,214.85,214.45,214.45,300,0
NWLI.US,5,20210924,214000,214.13,214.13,214.13,214.13,100,0
NWLI.US,5,20210924,215000,215.72,215.72,214.162,214.162,350,0
NWLI.US,5,20210924,215500,215.699,215.699,213.26,214.5,1246,0
NWLI.US,5,20210927,153000,215.01,215.01,215.01,215.01,150,0
NWLI.US,5,20210927,160500,217.5,217.5,217.5,217.5,100,0
NWLI.US,5,20210927,161500,218.115,218.115,218.115,218.115,100,0
NWLI.US,5,20210927,163500,217.49,217.49,217.49,217.49,100,0
NWLI.US,5,20210927,164000,218,219,218,219,582,0
NWLI.US,5,20210927,164500,222.25,222.25,217.565,217.565,300,0
NWLI.US,5,20210927,193500,218.5,218.5,218.5,218.5,212,0
NWLI.US,5,20210927,204500,218.5,218.5,218.5,218.5,800,0
NWLI.US,5,20210927,215500,218.94,218.94,217.84,218.38,1253,0
NWLI.US,5,20210928,153000,220.45,220.45,220.45,220.45,316,0
NWLI.US,5,20210928,155500,218.32,218.32,218.32,218.32,100,0
NWLI.US,5,20210928,161500,218,218,217.865,217.94,410,0
NWLI.US,5,20210928,163000,216.98,216.98,216.98,216.98,100,0
NWLI.US,5,20210928,163500,217.84,217.84,217.79,217.79,200,0
NWLI.US,5,20210928,164000,217.625,217.625,217.625,217.625,138,0
NWLI.US,5,20210928,171000,217.63,217.63,217.63,217.63,200,0
NWLI.US,5,20210928,181000,219.58,219.58,219.58,219.58,200,0
NWLI.US,5,20210928,190500,218.813,218.813,218.813,218.813,288,0
NWLI.US,5,20210928,193500,216.955,216.955,216.955,216.955,100,0
NWLI.US,5,20210928,194500,217.304,217.304,217.304,217.304,200,0
NWLI.US,5,20210928,202000,217.19,217.19,217.19,217.19,100,0
NWLI.US,5,20210928,204000,217.03,217.9,217.03,217.9,200,0
NWLI.US,5,20210928,210500,219,219,219,219,100,0
NWLI.US,5,20210928,212500,218.55,218.55,218.55,218.55,100,0
NWLI.US,5,20210928,214000,217.53,217.53,217.53,217.53,100,0
NWLI.US,5,20210928,215000,216.95,217,216.95,217,200,0
NWLI.US,5,20210928,215500,216.36,217.3,216.36,217.3,1216,0
NWLI.US,5,20210929,153000,216.48,216.48,216.48,216.48,111,0
NWLI.US,5,20210929,170000,215,215,215,215,325,0
NWLI.US,5,20210929,201000,216.87,216.87,216.87,216.87,100,0
NWLI.US,5,20210929,213000,217.1,217.1,217.1,217.1,100,0
NWLI.US,5,20210929,214500,215.72,215.72,215.36,215.52,400,0
NWLI.US,5,20210929,215500,216.34,216.34,216.16,216.16,894,0
NWLI.US,5,20210930,200500,214.23,214.23,214.23,214.23,100,0
NWLI.US,5,20210930,202000,215.2,215.2,215.2,215.2,100,0
NWLI.US,5,20210930,204500,213,213.425,213,213.425,300,0
NWLI.US,5,20210930,205500,212.86,212.86,212.86,212.86,109,0
NWLI.US,5,20210930,210500,212.89,212.89,212.89,212.89,144,0
NWLI.US,5,20210930,211500,212.19,212.19,212.19,212.19,100,0
NWLI.US,5,20210930,215000,212.11,212.11,211.505,211.505,510,0
NWLI.US,5,20210930,215500,210.7,210.7,210.59,210.59,1165,0
NWLI.US,5,20211001,153000,211.24,211.24,211.24,211.24,121,0
NWLI.US,5,20211001,175000,210.4,210.55,210.4,210.55,300,0
NWLI.US,5,20211001,181500,212.54,212.54,212.54,212.54,100,0
NWLI.US,5,20211001,194500,212.07,212.07,212.07,212.07,100,0
NWLI.US,5,20211001,215500,214.56,214.68,213.39,213.39,894,0
NWLI.US,5,20211004,213000,213.57,213.66,213.57,213.66,200,0
NWLI.US,5,20211004,214000,212.28,212.544,212.28,212.544,229,0
NWLI.US,5,20211004,215500,211.76,211.76,211.76,211.76,647,0
NWLI.US,5,20211005,203500,215.77,215.77,215.77,215.77,100,0
NWLI.US,5,20211005,211500,215.65,215.65,215.65,215.65,105,0
NWLI.US,5,20211005,213000,215.59,215.6,215.59,215.6,200,0
NWLI.US,5,20211005,213500,215.165,215.165,215.165,215.165,100,0
NWLI.US,5,20211005,214500,215.1,215.1,215.1,215.1,200,0
NWLI.US,5,20211005,215500,215.74,215.74,214.51,215.49,809,0
NWLI.US,5,20211006,195000,212.83,212.83,212.83,212.83,200,0
NWLI.US,5,20211006,200000,212.43,212.43,212.43,212.43,100,0
NWLI.US,5,20211006,210000,213.82,213.82,213.82,213.82,100,0
NWLI.US,5,20211006,211000,214.74,214.74,214.74,214.74,100,0
NWLI.US,5,20211006,215500,213.41,213.41,213.36,213.36,527,0
NWLI.US,5,20211007,165000,214.455,214.455,214.455,214.455,100,0
NWLI.US,5,20211007,170000,215.207,215.207,215.207,215.207,100,0
NWLI.US,5,20211007,170500,215.191,216,215.015,216,801,0
NWLI.US,5,20211007,171000,216,216,215.99,216,500,0
NWLI.US,5,20211007,172000,215.97,215.97,215.97,215.97,100,0
NWLI.US,5,20211007,174000,218.9,218.9,218.9,218.9,100,0
NWLI.US,5,20211007,180500,218.27,218.27,218.1,218.1,300,0
NWLI.US,5,20211007,184000,217.98,217.98,217.98,217.98,100,0
NWLI.US,5,20211007,194500,217,217,217,217,100,0
NWLI.US,5,20211007,200500,215.95,216,215.95,216,200,0
NWLI.US,5,20211007,205000,215.01,215.01,215.01,215.01,100,0
NWLI.US,5,20211007,212000,215.49,215.5,215.49,215.5,300,0
NWLI.US,5,20211007,214000,215.1,215.5,215.1,215.5,200,0
NWLI.US,5,20211007,215500,214.74,215.44,213.63,214.72,1051,0
NWLI.US,5,20211008,164500,213.19,213.19,213.19,213.19,100,0
NWLI.US,5,20211008,175000,210.12,210.12,210.12,210.12,100,0
NWLI.US,5,20211008,182500,211.1,211.1,211.1,211.1,100,0
NWLI.US,5,20211008,192000,213.775,213.775,213.775,213.775,100,0
NWLI.US,5,20211008,215500,213.34,213.34,211.5,211.5,773,0
NWLI.US,5,20211011,153500,210.3,210.3,210.3,210.3,100,0
NWLI.US,5,20211011,163500,211.5,211.5,211.5,211.5,100,0
NWLI.US,5,20211011,184500,211.49,211.49,211.49,211.49,200,0
NWLI.US,5,20211011,190000,210.8,210.8,210,210,271,0
NWLI.US,5,20211011,215000,208.5,208.5,208.5,208.5,200,0
NWLI.US,5,20211011,215500,208.55,208.55,208.55,208.55,373,0
NWLI.US,5,20211012,214500,209.93,209.93,209.93,209.93,250,0
NWLI.US,5,20211012,215500,208.66,208.66,208.4,208.4,837,0
NWLI.US,5,20211013,172000,209.277,209.277,209.277,209.277,200,0
NWLI.US,5,20211013,173500,208.75,208.75,208.75,208.75,540,0
NWLI.US,5,20211013,183500,206.11,206.11,206.11,206.11,100,0
NWLI.US,5,20211013,205000,207.675,207.675,207.675,207.675,100,0
NWLI.US,5,20211013,210500,208.83,209.44,208.83,209.44,202,0
NWLI.US,5,20211013,213000,209.75,209.75,209.75,209.75,200,0
NWLI.US,5,20211013,215500,207.99,207.99,207.99,207.99,814,0
NWLI.US,5,20211014,155000,210.206,210.206,210.206,210.206,120,0
NWLI.US,5,20211014,160000,211.889,211.889,211.889,211.889,200,0
NWLI.US,5,20211014,162000,210.191,210.191,210.191,210.191,150,0
NWLI.US,5,20211014,173500,211.456,212.89,211.456,211.61,313,0
NWLI.US,5,20211014,205500,211.5,211.5,211.5,211.5,100,0
NWLI.US,5,20211014,215500,211.78,213.08,211.78,211.9,1494,0
NWLI.US,5,20211015,153000,215.33,215.33,215.33,215.33,465,0
NWLI.US,5,20211015,154000,215,215,215,215,500,0
NWLI.US,5,20211015,173000,212.805,212.805,212.805,212.805,100,0
NWLI.US,5,20211015,210500,215.5,215.5,215.5,215.5,159,0
NWLI.US,5,20211015,211000,213.61,213.61,213.61,213.61,100,0
NWLI.US,5,20211015,215000,213.97,213.97,213.97,213.97,100,0
NWLI.US,5,20211015,215500,211.5,211.5,211.5,211.5,2361,0
NWLI.US,5,20211018,155000,218.56,218.56,218.56,218.56,100,0
NWLI.US,5,20211018,161500,213.75,213.75,213.75,213.75,100,0
NWLI.US,5,20211018,164000,214.25,214.25,212.54,212.54,530,0
NWLI.US,5,20211018,173500,215,215,214.5,214.5,739,0
NWLI.US,5,20211018,175000,213.8,213.8,213.8,213.8,100,0
NWLI.US,5,20211018,183000,214.07,214.07,214.07,214.07,100,0
NWLI.US,5,20211018,190500,215.19,215.19,215.19,215.19,100,0
NWLI.US,5,20211018,191500,214.07,214.07,214.07,214.07,100,0
NWLI.US,5,20211018,194000,214.875,214.875,214.875,214.875,100,0
NWLI.US,5,20211018,200000,214,214,214,214,100,0
NWLI.US,5,20211018,203000,213.87,213.87,213.87,213.87,100,0
NWLI.US,5,20211018,211000,213.26,213.26,213.26,213.26,100,0
NWLI.US,5,20211018,211500,213.03,213.03,213.03,213.03,100,0
NWLI.US,5,20211018,215500,211.13,212.39,210.32,212.39,851,0
NWLI.US,5,20211019,153000,213.5,214.78,213.5,214.75,421,0
NWLI.US,5,20211019,153500,213.5,213.5,213.5,213.5,398,0
NWLI.US,5,20211019,163000,210.69,210.69,210.69,210.69,100,0
NWLI.US,5,20211019,170500,213.14,213.14,213.14,213.14,150,0
NWLI.US,5,20211019,183000,212.975,212.975,212.975,212.975,100,0
NWLI.US,5,20211019,195000,213.01,213.01,213.01,213.01,100,0
NWLI.US,5,20211019,203000,212.8,212.8,212.8,212.8,100,0
NWLI.US,5,20211019,211500,212.68,214.44,212.68,214.44,200,0
NWLI.US,5,20211019,215500,215.21,215.4,215,215,636,0
NWLI.US,5,20211020,161000,215,215,215,215,347,0
NWLI.US,5,20211020,161500,215.615,215.81,215,215,443,0
NWLI.US,5,20211020,162000,215.43,215.43,215.43,215.43,100,0
NWLI.US,5,20211020,162500,214.95,214.95,214.92,214.92,200,0
NWLI.US,5,20211020,163000,216.14,216.14,216,216,200,0
NWLI.US,5,20211020,165000,217,217,217,217,100,0
NWLI.US,5,20211020,174000,218.3,218.3,218.3,218.3,191,0
NWLI.US,5,20211020,183000,220.15,220.15,220.15,220.15,200,0
NWLI.US,5,20211020,185500,221.6,221.6,221.525,221.565,300,0
NWLI.US,5,20211020,191000,222.98,222.98,222.98,222.98,100,0
NWLI.US,5,20211020,192000,221.88,221.88,221.88,221.88,100,0
NWLI.US,5,20211020,194500,221.5,221.5,221.5,221.5,500,0
NWLI.US,5,20211020,203500,223,223,223,223,262,0
NWLI.US,5,20211020,210500,224,224,223.643,223.643,207,0
NWLI.US,5,20211020,211000,223.64,223.64,223.64,223.64,120,0
NWLI.US,5,20211020,212000,223.75,223.75,223.75,223.75,100,0
NWLI.US,5,20211020,215500,223.6,224.5,223.6,224.5,1059,0
NWLI.US,5,20211021,153000,223,223,223,223,239,0
NWLI.US,5,20211021,153500,225,225,225,225,200,0
NWLI.US,5,20211021,162000,227.25,227.48,225,225.095,600,0
NWLI.US,5,20211021,164000,224.19,224.19,224.19,224.19,100,0
NWLI.US,5,20211021,174000,224,224,224,224,100,0
NWLI.US,5,20211021,180000,224.08,224.08,224,224,200,0
NWLI.US,5,20211021,205500,219.51,219.51,219.51,219.51,100,0
NWLI.US,5,20211021,213000,221,221,221,221,126,0
NWLI.US,5,20211021,214500,221,221,221,221,200,0
NWLI.US,5,20211021,215500,220.63,220.63,220.63,220.63,488,0
NWLI.US,5,20211022,162000,224.48,224.48,224.48,224.48,100,0
NWLI.US,5,20211022,215500,219.39,219.49,219.39,219.49,553,0
NWLI.US,5,20211025,180500,220.321,220.321,220.321,220.321,311,0
NWLI.US,5,20211025,190500,225.29,225.29,225.29,225.29,100,0
NWLI.US,5,20211025,200000,221.66,221.66,221.66,221.66,500,0
NWLI.US,5,20211025,203500,222.49,223,222.49,223,300,0
NWLI.US,5,20211025,210000,223.5,223.98,223.5,223.98,300,0
NWLI.US,5,20211025,215500,220.14,223.5,220.14,223.5,670,0
NWLI.US,5,20211026,185000,220.05,220.05,220.05,220.05,100,0
NWLI.US,5,20211026,191000,221.94,222.07,221.94,222.07,200,0
NWLI.US,5,20211026,191500,220.15,220.15,220.15,220.15,100,0
NWLI.US,5,20211026,192000,220.05,220.15,220.05,220.15,200,0
NWLI.US,5,20211026,215500,218.5,218.5,218.5,218.5,1186,0
NWLI.US,5,20211027,173500,218.946,218.946,218.946,218.946,150,0
NWLI.US,5,20211027,211000,219.58,219.58,219.58,219.58,300,0
NWLI.US,5,20211027,215500,215.5,215.5,215.5,215.5,854,0
NWLI.US,5,20211028,184500,223.346,223.346,223.346,223.346,125,0
NWLI.US,5,20211028,205500,218,218.41,218,218.41,300,0
NWLI.US,5,20211028,212500,216.8,216.8,216.8,216.8,300,0
NWLI.US,5,20211028,215500,216.55,217.5,216.55,217.5,751,0
NWLI.US,5,20211029,172500,217.7,217.7,217.7,217.7,100,0
NWLI.US,5,20211029,204000,217.895,217.895,217.895,217.895,100,0
NWLI.US,5,20211029,205500,217.45,217.45,217.45,217.45,100,0
NWLI.US,5,20211029,215000,217.446,217.446,217.446,217.446,100,0
NWLI.US,5,20211029,215500,215.01,215.01,215.01,215.01,1866,0
NWLI.US,5,20211101,150000,215.06,215.06,215.06,215.06,100,0
NWLI.US,5,20211101,170000,215.05,215.05,215.05,215.05,100,0
NWLI.US,5,20211101,193000,214.349,214.349,214.33,214.33,200,0
NWLI.US,5,20211101,205000,215.37,215.37,214.02,215.23,300,0
NWLI.US,5,20211101,205500,214.29,214.29,214.13,214.2,1239,0
NWLI.US,5,20211102,150500,211.58,212.84,211.56,211.56,600,0
NWLI.US,5,20211102,183500,215,215,215,215,100,0
NWLI.US,5,20211102,184000,215.75,215.75,215.75,215.75,100,0
NWLI.US,5,20211102,200000,215.5,215.5,215.5,215.5,100,0
NWLI.US,5,20211102,205500,216.99,216.99,216.99,216.99,526,0
NWLI.US,5,20211103,143000,216.7,216.7,216.7,216.7,223,0
NWLI.US,5,20211103,161000,217.69,219.48,217.69,219.48,200,0
NWLI.US,5,20211103,171500,219.49,219.49,219.49,219.49,100,0
NWLI.US,5,20211103,172500,222.36,222.36,222.36,222.36,100,0
NWLI.US,5,20211103,191500,221.01,221.01,221.01,221.01,100,0
NWLI.US,5,20211103,193500,219.67,219.67,219.67,219.67,150,0
NWLI.US,5,20211103,202000,220.63,220.63,220.63,220.63,100,0
NWLI.US,5,20211103,205000,220.65,221.46,220.65,221.46,200,0
NWLI.US,5,20211103,205500,220.75,220.75,220.75,220.75,926,0
NWLI.US,5,20211104,161500,217.97,217.98,216.74,216.74,300,0
NWLI.US,5,20211104,180500,217.77,217.78,217.5,217.5,388,0
NWLI.US,5,20211104,192000,216.95,216.95,216.95,216.95,100,0
NWLI.US,5,20211104,205500,217.8,218.32,216.05,216.81,490,0
NWLI.US,5,20211105,143000,218,218,218,218,150,0
NWLI.US,5,20211105,164000,218.51,218.51,218.51,218.51,100,0
NWLI.US,5,20211105,165000,220.305,220.305,220.305,220.305,750,0
NWLI.US,5,20211105,175000,221.45,221.45,221.45,221.45,103,0
NWLI.US,5,20211105,192500,222.37,222.37,221.8,221.8,400,0
NWLI.US,5,20211105,203500,220.5,221.89,220.5,221.89,200,0
NWLI.US,5,20211105,205500,221.44,221.44,221.44,221.44,1114,0
NWLI.US,5,20211108,160000,222.99,223.05,222.99,223.05,600,0
NWLI.US,5,20211108,164500,223,223,223,223,101,0
NWLI.US,5,20211108,181000,224,224,224,224,100,0
NWLI.US,5,20211108,181500,222.81,222.891,222.6,222.6,500,0
NWLI.US,5,20211108,182500,223.9,223.9,223.9,223.9,1110,0
NWLI.US,5,20211108,184000,224.5,224.5,224.5,224.5,206,0
NWLI.US,5,20211108,185000,226,226.02,226,226,900,0
NWLI.US,5,20211108,185500,228,228,228,228,100,0
NWLI.US,5,20211108,190000,228,228,228,228,400,0
NWLI.US,5,20211108,191000,226.978,226.978,226.978,226.978,100,0
NWLI.US,5,20211108,192000,227.47,227.47,227.47,227.47,250,0
NWLI.US,5,20211108,192500,226.221,226.221,226.221,226.221,224,0
NWLI.US,5,20211108,194000,228.2,230,228,230,300,0
NWLI.US,5,20211108,195000,232.99,232.99,231.49,231.49,649,0
NWLI.US,5,20211108,195500,231.4,231.4,231.4,231.4,124,0
NWLI.US,5,20211108,204500,231,231,231,231,212,0
NWLI.US,5,20211108,212000,232.3,232.4,232.3,232.4,300,0
NWLI.US,5,20211108,215000,232.5,232.5,232.5,232.5,100,0
NWLI.US,5,20211108,215500,234.67,234.67,232.7,232.7,497,0
NWLI.US,5,20211109,163000,229.9,229.9,229.9,229.9,100,0
NWLI.US,5,20211109,164000,231.45,231.45,231.45,231.45,100,0
NWLI.US,5,20211109,182000,229.96,230.01,229.96,230.01,200,0
NWLI.US,5,20211109,185000,229.885,229.989,229.885,229.989,200,0
NWLI.US,5,20211109,190000,232,233.5,232,233.5,400,0
NWLI.US,5,20211109,194000,233,233,233,233,100,0
NWLI.US,5,20211109,200500,230,230,230,230,100,0
NWLI.US,5,20211109,214500,232.3,232.3,232.3,232.3,100,0
NWLI.US,5,20211109,215000,231.014,231.014,231.014,231.014,100,0
NWLI.US,5,20211109,215500,230.26,230.26,230.26,230.26,574,0
NWLI.US,5,20211110,154500,230.477,230.477,230.477,230.477,200,0
NWLI.US,5,20211110,155000,231.09,232.1,230.03,232.1,400,0
NWLI.US,5,20211110,161500,230.488,230.488,230.488,230.488,100,0
NWLI.US,5,20211110,171500,232.5,232.5,232.5,232.5,120,0
NWLI.US,5,20211110,193500,230,230,230,230,150,0
NWLI.US,5,20211110,215000,226.56,226.56,226.56,226.56,350,0
NWLI.US,5,20211110,215500,226,227.5,226,227.5,730,0
NWLI.US,5,20211111,154000,226.92,228.71,226.92,228.71,300,0
NWLI.US,5,20211111,155500,230.21,230.67,230.21,230.67,202,0
NWLI.US,5,20211111,160000,230.7,230.7,230.7,230.7,100,0
NWLI.US,5,20211111,160500,227,229,227,229,518,0
NWLI.US,5,20211111,163500,232.536,232.536,232.536,232.536,171,0
NWLI.US,5,20211111,165000,230.875,230.875,230.875,230.875,100,0
NWLI.US,5,20211111,165500,230.23,230.23,230.23,230.23,100,0
NWLI.US,5,20211111,183500,231.5,231.5,231.5,231.5,100,0
NWLI.US,5,20211111,192000,231.2,231.2,231.05,231.05,200,0
NWLI.US,5,20211111,192500,232.18,232.18,232.18,232.18,200,0
NWLI.US,5,20211111,193500,234,234,234,234,102,0
NWLI.US,5,20211111,194000,234.8,234.8,234.39,234.39,200,0
NWLI.US,5,20211111,194500,235,235,235,235,100,0
NWLI.US,5,20211111,201000,236.01,236.01,236.01,236.01,100,0
NWLI.US,5,20211111,204500,235.1,235.1,233.63,233.69,1176,0
NWLI.US,5,20211111,205000,234.9,235,234.9,235,200,0
NWLI.US,5,20211111,215000,234.018,234.018,233.98,233.98,250,0
NWLI.US,5,20211111,215500,235.15,235.15,235.15,235.15,398,0
