<TICKER>,<PER>,<DATE>,<TIME>,<OPEN>,<HIGH>,<LOW>,<CLOSE>,<VOL>,<OPENINT>
PCSA.US,5,20210922,154500,7.2499,7.2499,7.0301,7.0301,3700,0
PCSA.US,5,20210922,160500,7.15,7.18,7.15,7.18,540,0
PCSA.US,5,20210922,161000,7.18,7.18,7.18,7.18,709,0
PCSA.US,5,20210922,163500,7.0101,7.0101,7.0101,7.0101,200,0
PCSA.US,5,20210922,164000,7.11,7.11,7.05,7.075,6188,0
PCSA.US,5,20210922,165000,7.05,7.0527,7.01,7.01,702,0
PCSA.US,5,20210922,165500,7.0627,7.0627,7.0627,7.0627,220,0
PCSA.US,5,20210922,170000,7.0699,7.0699,7.0699,7.0699,283,0
PCSA.US,5,20210922,170500,7,7,7,7,500,0
PCSA.US,5,20210922,171000,7.07,7.07,7.07,7.07,1000,0
PCSA.US,5,20210922,171500,7.0061,7.07,7.0061,7.07,1150,0
PCSA.US,5,20210922,172500,7.07,7.07,7.07,7.07,300,0
PCSA.US,5,20210922,173500,7.1,7.1,7.1,7.1,300,0
PCSA.US,5,20210922,174500,7.15,7.16,7.15,7.16,200,0
PCSA.US,5,20210922,175000,7.4699,7.4699,7.4699,7.4699,3861,0
PCSA.US,5,20210922,175500,7.27,7.27,7.26,7.26,400,0
PCSA.US,5,20210922,180000,7.35,7.35,7.35,7.35,300,0
PCSA.US,5,20210922,181000,7.235,7.235,7.1,7.15,400,0
PCSA.US,5,20210922,182000,7.2154,7.2154,7.1,7.1,450,0
PCSA.US,5,20210922,185000,7.15,7.15,7.15,7.15,100,0
PCSA.US,5,20210922,185500,7.0966,7.0966,7.0966,7.0966,1500,0
PCSA.US,5,20210922,190500,7.08,7.08,7.07,7.07,400,0
PCSA.US,5,20210922,191500,7.1527,7.1527,7.1527,7.1527,200,0
PCSA.US,5,20210922,192500,7.1685,7.17,7.16,7.1699,2600,0
PCSA.US,5,20210922,193000,7.21,7.26,7.1605,7.1605,2000,0
PCSA.US,5,20210922,194000,7.2315,7.2315,7.2315,7.2315,330,0
PCSA.US,5,20210922,194500,7.34,7.437,7.26,7.35,2800,0
PCSA.US,5,20210922,195000,7.4699,7.4699,7.4699,7.4699,500,0
PCSA.US,5,20210922,195500,7.4399,7.4399,7.4399,7.4399,335,0
PCSA.US,5,20210922,200500,7.33,7.34,7.32,7.32,600,0
PCSA.US,5,20210922,201500,7.36,7.36,7.2,7.36,2642,0
PCSA.US,5,20210922,203500,7.34,7.4,7.34,7.4,2627,0
PCSA.US,5,20210922,210000,7.37,7.38,7.245,7.37,1700,0
PCSA.US,5,20210922,212000,7.36,7.36,7.36,7.36,100,0
PCSA.US,5,20210922,213000,7.4,7.4,7.4,7.4,300,0
PCSA.US,5,20210922,214000,7.44,7.49,7.44,7.49,746,0
PCSA.US,5,20210922,214500,7.4,7.49,7.4,7.49,700,0
PCSA.US,5,20210922,215500,7.49,7.49,7.49,7.49,100,0
PCSA.US,5,20210923,153000,7.53,7.53,7.53,7.53,100,0
PCSA.US,5,20210923,154000,7.53,7.53,7.53,7.53,663,0
PCSA.US,5,20210923,160500,7.51,7.55,7.5065,7.55,4075,0
PCSA.US,5,20210923,163500,7.54,7.54,7.54,7.54,200,0
PCSA.US,5,20210923,165000,7.7,7.7399,7.7,7.7399,350,0
PCSA.US,5,20210923,170000,7.5,7.5,7.5,7.5,240,0
PCSA.US,5,20210923,174000,7.4,7.4,7.4,7.4,800,0
PCSA.US,5,20210923,175000,7.5001,7.5001,7.5001,7.5001,200,0
PCSA.US,5,20210923,180000,7.62,7.62,7.62,7.62,100,0
PCSA.US,5,20210923,181500,7.5668,7.5668,7.5668,7.5668,200,0
PCSA.US,5,20210923,183500,7.6,7.6,7.6,7.6,700,0
PCSA.US,5,20210923,184000,7.575,7.575,7.575,7.575,100,0
PCSA.US,5,20210923,184500,7.55,7.55,7.55,7.55,700,0
PCSA.US,5,20210923,185000,7.55,7.55,7.55,7.55,409,0
PCSA.US,5,20210923,185500,7.51,7.51,7.51,7.51,1000,0
PCSA.US,5,20210923,190000,7.62,7.62,7.62,7.62,100,0
PCSA.US,5,20210923,190500,7.61,7.61,7.61,7.61,1000,0
PCSA.US,5,20210923,191000,7.61,7.76,7.61,7.62,7880,0
PCSA.US,5,20210923,191500,7.705,7.8,7.61,7.7799,1978,0
PCSA.US,5,20210923,192500,7.6424,7.6424,7.6424,7.6424,400,0
PCSA.US,5,20210923,193000,7.7999,8.03,7.7775,8.03,12492,0
PCSA.US,5,20210923,193500,8,8.05,7.9,7.995,3197,0
PCSA.US,5,20210923,194000,7.85,8.14,7.85,7.86,5510,0
PCSA.US,5,20210923,194500,8.0076,8.14,7.86,8.14,1730,0
PCSA.US,5,20210923,195000,8.1399,8.1399,8.0301,8.0659,3500,0
PCSA.US,5,20210923,195500,8.0965,8.101,8.0965,8.101,2100,0
PCSA.US,5,20210923,200000,8.075,8.15,8.0144,8.0144,5300,0
PCSA.US,5,20210923,200500,8.13,8.18,8.1,8.1,2455,0
PCSA.US,5,20210923,201500,8.13,8.2,8.0698,8.07,6200,0
PCSA.US,5,20210923,202000,8.0085,8.0085,8.0085,8.0085,250,0
PCSA.US,5,20210923,202500,8.0571,8.0571,8.0571,8.0571,438,0
PCSA.US,5,20210923,204000,8.0589,8.0589,8.0589,8.0589,192,0
PCSA.US,5,20210923,204500,8.0255,8.0255,8,8,1750,0
PCSA.US,5,20210923,205000,7.95,8,7.95,7.95,1219,0
PCSA.US,5,20210923,210500,8.0296,8.0296,8.0296,8.0296,125,0
PCSA.US,5,20210923,211000,7.91,7.91,7.91,7.91,249,0
PCSA.US,5,20210923,211500,7.965,8.01,7.965,8.01,400,0
PCSA.US,5,20210923,212500,8,8,8,8,200,0
PCSA.US,5,20210923,213000,7.98,7.98,7.98,7.98,100,0
PCSA.US,5,20210923,214000,7.9362,7.99,7.9,7.9,3700,0
PCSA.US,5,20210923,214500,7.8481,7.875,7.83,7.8475,4300,0
PCSA.US,5,20210923,215000,7.753,7.7777,7.753,7.7777,1264,0
PCSA.US,5,20210923,215500,7.7224,7.89,7.72,7.79,4344,0
PCSA.US,5,20210924,153000,7.71,7.8407,7.71,7.735,1639,0
PCSA.US,5,20210924,153500,7.75,7.75,7.75,7.75,300,0
PCSA.US,5,20210924,154500,7.75,7.75,7.75,7.75,1000,0
PCSA.US,5,20210924,155000,7.645,7.645,7.645,7.645,300,0
PCSA.US,5,20210924,160500,7.47,7.4701,7.47,7.4701,670,0
PCSA.US,5,20210924,162000,7.65,7.65,7.65,7.65,1000,0
PCSA.US,5,20210924,164000,7.5,7.66,7.5,7.65,2650,0
PCSA.US,5,20210924,164500,7.66,7.7403,7.66,7.7403,1485,0
PCSA.US,5,20210924,165000,7.8,7.8,7.8,7.8,378,0
PCSA.US,5,20210924,165500,7.734,7.8,7.646,7.8,3100,0
PCSA.US,5,20210924,170000,7.7516,7.7516,7.65,7.65,2330,0
PCSA.US,5,20210924,170500,7.8,7.8,7.8,7.8,317,0
PCSA.US,5,20210924,171500,7.89,7.89,7.89,7.89,599,0
PCSA.US,5,20210924,175500,7.5101,7.5101,7.5101,7.5101,250,0
PCSA.US,5,20210924,182000,7.7,7.7,7.7,7.7,100,0
PCSA.US,5,20210924,185000,7.7732,7.7732,7.7732,7.7732,1000,0
PCSA.US,5,20210924,185500,7.7732,7.7732,7.7732,7.7732,1000,0
PCSA.US,5,20210924,190000,7.81,7.81,7.81,7.81,900,0
PCSA.US,5,20210924,192500,7.84,7.9,7.84,7.9,1899,0
PCSA.US,5,20210924,193000,7.95,7.95,7.9499,7.9499,600,0
PCSA.US,5,20210924,194500,7.9399,7.9899,7.91,7.9293,10341,0
PCSA.US,5,20210924,195500,7.9899,8.1799,7.9899,8.0013,12460,0
PCSA.US,5,20210924,200000,7.9901,8.12,7.9901,8.07,1200,0
PCSA.US,5,20210924,201000,8.1189,8.1189,8.1,8.1,500,0
PCSA.US,5,20210924,210000,8.045,8.09,8.045,8.09,700,0
PCSA.US,5,20210924,210500,8.09,8.2,8.0882,8.2,4332,0
PCSA.US,5,20210924,211500,8.05,8.1,8,8.1,5961,0
PCSA.US,5,20210924,214000,8.07,8.07,8.07,8.07,100,0
PCSA.US,5,20210924,215500,7.9,7.9,7.9,7.9,153,0
PCSA.US,5,20210927,153000,8,8.0899,8,8.0899,2280,0
PCSA.US,5,20210927,153500,8.0899,8.09,8.0439,8.09,7024,0
PCSA.US,5,20210927,154000,8.15,8.15,8.0657,8.0657,5000,0
PCSA.US,5,20210927,154500,8.09,8.1266,8.04,8.04,1950,0
PCSA.US,5,20210927,155000,8.1302,8.1399,7.83,7.83,10475,0
PCSA.US,5,20210927,155500,7.9257,8.03,7.66,7.935,2640,0
PCSA.US,5,20210927,160000,8.09,8.1,7.95,8.1,450,0
PCSA.US,5,20210927,160500,8.09,8.09,8.09,8.09,437,0
PCSA.US,5,20210927,161500,8.055,8.14,8.0376,8.14,1496,0
PCSA.US,5,20210927,162000,8.0812,8.2,8.075,8.1999,3450,0
PCSA.US,5,20210927,162500,8.13,8.1924,8.0883,8.1924,3700,0
PCSA.US,5,20210927,163000,8.155,8.1999,8.1101,8.1999,3600,0
PCSA.US,5,20210927,163500,8.2,8.2399,8.2,8.2399,1100,0
PCSA.US,5,20210927,164000,8.1311,8.1311,8.1311,8.1311,300,0
PCSA.US,5,20210927,164500,8.13,8.13,8.13,8.13,100,0
PCSA.US,5,20210927,165500,8.2069,8.2069,8.17,8.2038,1720,0
PCSA.US,5,20210927,170000,8.17,8.17,8.17,8.17,170,0
PCSA.US,5,20210927,171500,8.18,8.3,8.18,8.2301,6148,0
PCSA.US,5,20210927,172000,8.265,8.3,8.265,8.265,1830,0
PCSA.US,5,20210927,172500,8.3699,8.3699,8.3699,8.3699,300,0
PCSA.US,5,20210927,173000,8.3492,8.37,8.3492,8.37,1145,0
PCSA.US,5,20210927,174000,8.3301,8.3301,8.33,8.33,1600,0
PCSA.US,5,20210927,174500,8.2621,8.2621,8.2621,8.2621,151,0
PCSA.US,5,20210927,181500,8.265,8.265,8.22,8.22,2056,0
PCSA.US,5,20210927,183000,8.24,8.2519,8.23,8.2302,1155,0
PCSA.US,5,20210927,183500,8.22,8.2203,8.2018,8.2018,1500,0
PCSA.US,5,20210927,184000,8.2933,8.2933,8.2933,8.2933,300,0
PCSA.US,5,20210927,190500,8.2357,8.2357,8.2357,8.2357,116,0
PCSA.US,5,20210927,191500,8.23,8.2999,8.23,8.2999,300,0
PCSA.US,5,20210927,192500,8.2381,8.2381,8.23,8.23,300,0
PCSA.US,5,20210927,193000,8.2624,8.2624,8.2624,8.2624,500,0
PCSA.US,5,20210927,194000,8.2915,8.2915,8.2915,8.2915,100,0
PCSA.US,5,20210927,194500,8.23,8.299,8.23,8.2709,500,0
PCSA.US,5,20210927,195500,8.265,8.265,8.265,8.265,100,0
PCSA.US,5,20210927,201000,8.25,8.25,8.25,8.25,100,0
PCSA.US,5,20210927,201500,8.25,8.25,8.25,8.25,235,0
PCSA.US,5,20210927,210000,8.25,8.25,8.25,8.25,249,0
PCSA.US,5,20210927,211000,8.2264,8.2264,8.22,8.22,370,0
PCSA.US,5,20210927,212000,8.2899,8.2899,8.2899,8.2899,300,0
PCSA.US,5,20210927,213000,8.2599,8.2599,8.2,8.25,3300,0
PCSA.US,5,20210927,213500,8.2,8.26,8.2,8.25,1200,0
PCSA.US,5,20210927,214000,8.225,8.29,8.225,8.28,900,0
PCSA.US,5,20210927,215500,8.22,8.3,8.21,8.26,1008,0
PCSA.US,5,20210928,153000,8.17,8.2763,8.17,8.2644,1306,0
PCSA.US,5,20210928,153500,8.2474,8.2474,8.2474,8.2474,1400,0
PCSA.US,5,20210928,154500,8.2708,8.2708,8.09,8.09,4217,0
PCSA.US,5,20210928,155500,8.13,8.16,7.9501,7.9501,1489,0
PCSA.US,5,20210928,161000,7.7801,7.8,7.7801,7.8,1659,0
PCSA.US,5,20210928,161500,8.2102,8.2102,8.2102,8.2102,250,0
PCSA.US,5,20210928,163000,8.21,8.21,8.21,8.21,1300,0
PCSA.US,5,20210928,170500,8.21,8.21,8.21,8.21,200,0
PCSA.US,5,20210928,172000,7.9,7.9,7.9,7.9,500,0
PCSA.US,5,20210928,182000,8.23,8.23,8.16,8.16,300,0
PCSA.US,5,20210928,185000,8.01,8.01,8.01,8.01,500,0
PCSA.US,5,20210928,185500,8.01,8.01,8.01,8.01,190,0
PCSA.US,5,20210928,191000,8.23,8.23,8.21,8.21,10100,0
PCSA.US,5,20210928,193500,8.0101,8.0101,8.0101,8.0101,1000,0
PCSA.US,5,20210928,202000,8.09,8.09,8.09,8.09,100,0
PCSA.US,5,20210928,204000,8.13,8.13,8.13,8.13,199,0
PCSA.US,5,20210928,204500,8.23,8.23,8.23,8.23,1000,0
PCSA.US,5,20210928,205000,8.19,8.19,8.05,8.05,800,0
PCSA.US,5,20210928,205500,8.1231,8.1231,8.1231,8.1231,900,0
PCSA.US,5,20210928,210500,8.1709,8.18,8.09,8.18,1709,0
PCSA.US,5,20210928,211000,8.13,8.1839,8.13,8.1448,2015,0
PCSA.US,5,20210928,212000,8.2,8.3,8.195,8.3,3142,0
PCSA.US,5,20210928,213500,8.2903,8.2903,8.2903,8.2903,722,0
PCSA.US,5,20210928,214500,8.2274,8.2274,8.2274,8.2274,500,0
PCSA.US,5,20210928,215500,8.255,8.29,8.255,8.26,817,0
PCSA.US,5,20210929,153000,8.24,8.2799,8.24,8.2799,1634,0
PCSA.US,5,20210929,160500,8.13,8.13,8.13,8.13,1000,0
PCSA.US,5,20210929,161000,8.2,8.25,8.2,8.25,250,0
PCSA.US,5,20210929,161500,8.0205,8.0205,8.0205,8.0205,500,0
PCSA.US,5,20210929,164000,8.1899,8.1899,8.1899,8.1899,800,0
PCSA.US,5,20210929,164500,8.1101,8.1101,8.1101,8.1101,1000,0
PCSA.US,5,20210929,165000,8.11,8.11,7.7858,7.7858,2475,0
PCSA.US,5,20210929,170000,8.182,8.182,8.182,8.182,100,0
PCSA.US,5,20210929,171000,8.15,8.15,8.15,8.15,500,0
PCSA.US,5,20210929,171500,8.155,8.2,8.155,8.2,750,0
PCSA.US,5,20210929,174000,8.06,8.06,8.03,8.03,2000,0
PCSA.US,5,20210929,174500,7.9903,7.9903,7.9903,7.9903,1500,0
PCSA.US,5,20210929,181000,8.05,8.05,7.99,7.99,1668,0
PCSA.US,5,20210929,182000,7.96,7.96,7.85,7.8668,2100,0
PCSA.US,5,20210929,182500,7.9,7.9,7.9,7.9,100,0
PCSA.US,5,20210929,184000,7.8899,7.8899,7.84,7.84,826,0
PCSA.US,5,20210929,185000,7.85,7.89,7.83,7.89,3139,0
PCSA.US,5,20210929,190000,7.8458,7.8458,7.7901,7.7973,2100,0
PCSA.US,5,20210929,190500,7.89,7.89,7.8,7.8,1000,0
PCSA.US,5,20210929,191000,7.82,7.82,7.8,7.82,1300,0
PCSA.US,5,20210929,192000,7.8799,7.8799,7.86,7.86,3000,0
PCSA.US,5,20210929,192500,7.88,7.99,7.8796,7.99,6950,0
PCSA.US,5,20210929,193000,8.085,8.1799,8.085,8.1799,550,0
PCSA.US,5,20210929,193500,7.9901,7.9901,7.9901,7.9901,500,0
PCSA.US,5,20210929,194500,8.1556,8.1556,8.1556,8.1556,300,0
PCSA.US,5,20210929,204000,8.14,8.14,8.14,8.14,531,0
PCSA.US,5,20210929,205000,8.14,8.185,8.14,8.185,300,0
PCSA.US,5,20210929,211000,8.17,8.17,8.17,8.17,500,0
PCSA.US,5,20210929,211500,8.19,8.19,8.19,8.19,100,0
PCSA.US,5,20210929,213000,8.1648,8.1899,8.1648,8.1899,1000,0
PCSA.US,5,20210929,213500,8.13,8.15,8.12,8.15,700,0
PCSA.US,5,20210929,214500,8.1001,8.1457,8.1001,8.1457,1000,0
PCSA.US,5,20210929,215000,8.1613,8.17,8.1101,8.169,4857,0
PCSA.US,5,20210929,215500,8.1101,8.21,8.1101,8.12,5936,0
PCSA.US,5,20210930,153000,8.24,8.24,8.24,8.24,300,0
PCSA.US,5,20210930,154500,8.15,8.15,8.15,8.15,200,0
PCSA.US,5,20210930,155000,8.21,8.2101,8.21,8.2101,200,0
PCSA.US,5,20210930,155500,8.31,8.4,8.31,8.32,400,0
PCSA.US,5,20210930,160500,8.41,8.4499,8.3164,8.3164,2000,0
PCSA.US,5,20210930,161500,8.355,8.355,8.355,8.355,100,0
PCSA.US,5,20210930,163000,8.39,8.39,8.21,8.25,1108,0
PCSA.US,5,20210930,170000,8.1926,8.2199,8.1926,8.1968,701,0
PCSA.US,5,20210930,173500,8.08,8.08,8.08,8.08,300,0
PCSA.US,5,20210930,174500,8.1585,8.1585,8.1585,8.1585,618,0
PCSA.US,5,20210930,175500,8.115,8.115,8.115,8.115,421,0
PCSA.US,5,20210930,180500,8.1799,8.1799,8.1799,8.1799,500,0
PCSA.US,5,20210930,182000,7.9782,8.1606,7.9782,8.0143,1350,0
PCSA.US,5,20210930,191000,8.16,8.17,8.16,8.17,200,0
PCSA.US,5,20210930,192500,8.0911,8.0911,8.0911,8.0911,240,0
PCSA.US,5,20210930,193500,8.18,8.2755,8.18,8.2755,1566,0
PCSA.US,5,20210930,194000,8.29,8.29,8.29,8.29,770,0
PCSA.US,5,20210930,200000,8.16,8.18,8.16,8.18,314,0
PCSA.US,5,20210930,201000,8.35,8.35,8.35,8.35,100,0
PCSA.US,5,20210930,202500,8.33,8.35,8.1501,8.1501,3300,0
PCSA.US,5,20210930,204000,8.29,8.29,8.29,8.29,100,0
PCSA.US,5,20210930,205000,8.3206,8.3206,8.3206,8.3206,500,0
PCSA.US,5,20210930,205500,8.32,8.35,8.32,8.35,704,0
PCSA.US,5,20210930,210000,8.4384,8.44,8.4384,8.44,500,0
PCSA.US,5,20210930,210500,8.5,8.55,8.4982,8.515,8697,0
PCSA.US,5,20210930,211000,8.6,8.76,8.5201,8.7319,2500,0
PCSA.US,5,20210930,211500,8.83,8.83,8.6633,8.6633,2300,0
PCSA.US,5,20210930,212000,8.73,8.85,8.73,8.7537,1800,0
PCSA.US,5,20210930,212500,8.75,8.79,8.7485,8.79,2489,0
PCSA.US,5,20210930,213000,8.745,8.82,8.67,8.67,1362,0
PCSA.US,5,20210930,213500,8.66,8.66,8.65,8.65,400,0
PCSA.US,5,20210930,214000,8.58,8.58,8.57,8.57,200,0
PCSA.US,5,20210930,214500,8.57,8.67,8.57,8.67,500,0
PCSA.US,5,20210930,215000,8.57,8.63,8.48,8.48,550,0
PCSA.US,5,20210930,215500,8.49,8.64,8.474,8.57,2056,0
PCSA.US,5,20211001,153000,8.56,8.56,8.56,8.56,124,0
PCSA.US,5,20211001,153500,8.9907,8.9907,8.9907,8.9907,100,0
PCSA.US,5,20211001,154000,8.48,8.49,8.48,8.49,200,0
PCSA.US,5,20211001,154500,8.5059,8.5059,8.5059,8.5059,500,0
PCSA.US,5,20211001,155500,8.64,8.64,8.64,8.64,300,0
PCSA.US,5,20211001,161000,8.47,8.5,8.47,8.48,400,0
PCSA.US,5,20211001,161500,8.4801,8.4801,8.4801,8.4801,200,0
PCSA.US,5,20211001,165500,8.47,8.51,8.47,8.48,600,0
PCSA.US,5,20211001,171000,8.49,8.49,8.49,8.49,100,0
PCSA.US,5,20211001,171500,8.47,8.47,8.47,8.47,200,0
PCSA.US,5,20211001,172000,8.25,8.25,8.25,8.25,500,0
PCSA.US,5,20211001,172500,8.25,8.42,8.25,8.36,600,0
PCSA.US,5,20211001,174000,8.26,8.26,8.26,8.26,100,0
PCSA.US,5,20211001,175500,8.4,8.4,8.4,8.4,400,0
PCSA.US,5,20211001,180000,8.365,8.365,8.365,8.365,175,0
PCSA.US,5,20211001,180500,8.37,8.37,8.25,8.25,700,0
PCSA.US,5,20211001,181500,8.39,8.39,8.39,8.39,500,0
PCSA.US,5,20211001,182000,8.39,8.39,8.39,8.39,1050,0
PCSA.US,5,20211001,183000,8.42,8.42,8.42,8.42,410,0
PCSA.US,5,20211001,183500,8.42,8.42,8.42,8.42,100,0
PCSA.US,5,20211001,184500,8.38,8.38,8.38,8.38,100,0
PCSA.US,5,20211001,192000,8.37,8.37,8.37,8.37,300,0
PCSA.US,5,20211001,193000,8.37,8.37,8.37,8.37,100,0
PCSA.US,5,20211001,194000,8.37,8.37,8.37,8.37,600,0
PCSA.US,5,20211001,201500,8.48,8.49,8.46,8.46,300,0
PCSA.US,5,20211001,203000,8.505,8.505,8.39,8.4,2015,0
PCSA.US,5,20211001,203500,8.38,8.38,8.37,8.37,400,0
PCSA.US,5,20211001,204000,8.5399,8.5399,8.37,8.37,600,0
PCSA.US,5,20211001,205000,8.5399,8.5399,8.5399,8.5399,200,0
PCSA.US,5,20211001,205500,8.38,8.38,8.38,8.38,100,0
PCSA.US,5,20211001,210000,8.5259,8.5259,8.5259,8.5259,200,0
PCSA.US,5,20211001,210500,8.37,8.48,8.37,8.38,710,0
PCSA.US,5,20211001,211000,8.47,8.47,8.46,8.46,874,0
PCSA.US,5,20211001,211500,8.48,8.48,8.38,8.38,1600,0
PCSA.US,5,20211001,212500,8.49,8.49,8.45,8.45,1151,0
PCSA.US,5,20211001,213000,8.43,8.49,8.43,8.49,845,0
PCSA.US,5,20211001,213500,8.495,8.495,8.495,8.495,200,0
PCSA.US,5,20211001,214500,8.44,8.49,8.43,8.49,6859,0
PCSA.US,5,20211001,215000,8.49,8.5,8.47,8.5,1198,0
PCSA.US,5,20211001,215500,8.505,8.5499,8.38,8.42,10035,0
PCSA.US,5,20211004,153000,8.45,8.45,8.45,8.45,381,0
PCSA.US,5,20211004,154500,8.5,8.537,8.5,8.537,600,0
PCSA.US,5,20211004,155000,8.54,8.54,8.54,8.54,323,0
PCSA.US,5,20211004,155500,8.6,8.6,8.45,8.45,600,0
PCSA.US,5,20211004,160000,8.47,8.47,8.47,8.47,100,0
PCSA.US,5,20211004,162000,8.45,8.45,8.2201,8.2201,912,0
PCSA.US,5,20211004,163500,8.1131,8.1131,8.1131,8.1131,812,0
PCSA.US,5,20211004,174000,8.2,8.2,7.92,7.96,6600,0
PCSA.US,5,20211004,181000,7.98,8.0834,7.96,8.0834,1300,0
PCSA.US,5,20211004,181500,8.1,8.1,8.1,8.1,200,0
PCSA.US,5,20211004,184500,8.15,8.15,8.15,8.15,500,0
PCSA.US,5,20211004,185500,8.1,8.1,8.1,8.1,350,0
PCSA.US,5,20211004,191000,8.0747,8.0747,8.05,8.05,1700,0
PCSA.US,5,20211004,191500,8.1999,8.1999,8.1999,8.1999,100,0
PCSA.US,5,20211004,192500,8.07,8.07,8.07,8.07,200,0
PCSA.US,5,20211004,201000,7.96,8.0354,7.87,8,2831,0
PCSA.US,5,20211004,213500,8.0125,8.055,8.01,8.055,700,0
PCSA.US,5,20211004,214000,8.01,8.02,8,8,1561,0
PCSA.US,5,20211004,215000,7.99,8,7.92,7.93,3438,0
PCSA.US,5,20211004,215500,7.935,8.0699,7.8701,7.95,8468,0
PCSA.US,5,20211005,153000,8.03,8.03,8.03,8.03,116,0
PCSA.US,5,20211005,154000,7.885,7.885,7.885,7.885,500,0
PCSA.US,5,20211005,160000,7.88,7.88,7.88,7.88,350,0
PCSA.US,5,20211005,161000,8.035,8.035,8.035,8.035,500,0
PCSA.US,5,20211005,163500,7.9775,7.9775,7.9775,7.9775,800,0
PCSA.US,5,20211005,165000,7.9,7.9,7.9,7.9,150,0
PCSA.US,5,20211005,165500,7.89,7.89,7.89,7.89,200,0
PCSA.US,5,20211005,170000,8.03,8.04,7.965,7.965,2900,0
PCSA.US,5,20211005,170500,8.04,8.05,8.04,8.04,550,0
PCSA.US,5,20211005,175000,7.9,7.9,7.9,7.9,100,0
PCSA.US,5,20211005,175500,7.89,7.89,7.81,7.81,3006,0
PCSA.US,5,20211005,181000,7.9319,8.0199,7.9319,8.0199,2000,0
PCSA.US,5,20211005,181500,7.9127,7.9127,7.9127,7.9127,400,0
PCSA.US,5,20211005,182500,7.95,7.95,7.95,7.95,500,0
PCSA.US,5,20211005,185000,7.8953,7.91,7.89,7.9,1225,0
PCSA.US,5,20211005,185500,7.9001,7.945,7.9,7.9,799,0
PCSA.US,5,20211005,191000,7.89,7.89,7.89,7.89,200,0
PCSA.US,5,20211005,191500,7.84,7.84,7.75,7.75,4803,0
PCSA.US,5,20211005,193000,7.7847,7.7847,7.7847,7.7847,1000,0
PCSA.US,5,20211005,194500,7.81,7.81,7.62,7.6727,7346,0
PCSA.US,5,20211005,202000,7.61,7.61,7.61,7.61,300,0
PCSA.US,5,20211005,204000,7.61,7.7199,7.61,7.66,9422,0
PCSA.US,5,20211005,204500,7.66,7.8599,7.66,7.79,6400,0
PCSA.US,5,20211005,205000,7.81,7.9831,7.81,7.9831,4000,0
PCSA.US,5,20211005,215500,7.81,7.88,7.81,7.88,1695,0
PCSA.US,5,20211006,154500,7.78,7.78,7.7533,7.7533,599,0
PCSA.US,5,20211006,155000,7.81,7.84,7.81,7.84,900,0
PCSA.US,5,20211006,165500,7.6501,7.85,7.6501,7.84,825,0
PCSA.US,5,20211006,170500,7.9,7.95,7.9,7.95,1665,0
PCSA.US,5,20211006,171000,7.85,7.85,7.85,7.85,100,0
PCSA.US,5,20211006,172000,7.85,7.85,7.85,7.85,100,0
PCSA.US,5,20211006,181000,7.9,7.9,7.9,7.9,1260,0
PCSA.US,5,20211006,190500,7.86,7.86,7.85,7.86,1427,0
PCSA.US,5,20211006,201000,7.81,7.81,7.81,7.81,100,0
PCSA.US,5,20211006,203000,7.8437,7.8437,7.8414,7.8414,300,0
PCSA.US,5,20211006,203500,7.8101,7.8101,7.8101,7.8101,300,0
PCSA.US,5,20211006,204500,7.85,7.85,7.85,7.85,300,0
PCSA.US,5,20211006,205000,7.8112,7.8112,7.8112,7.8112,670,0
PCSA.US,5,20211006,210500,7.8,7.8,7.8,7.8,600,0
PCSA.US,5,20211006,212500,7.7501,7.7501,7.75,7.75,1048,0
PCSA.US,5,20211006,213000,7.79,7.79,7.75,7.75,1500,0
PCSA.US,5,20211006,215000,7.81,7.83,7.81,7.83,542,0
PCSA.US,5,20211006,215500,7.8328,7.9,7.81,7.81,1679,0
PCSA.US,5,20211007,153000,7.93,7.93,7.93,7.93,126,0
PCSA.US,5,20211007,163000,7.8,7.82,7.8,7.82,400,0
PCSA.US,5,20211007,165000,7.6993,7.6993,7.6993,7.6993,300,0
PCSA.US,5,20211007,173500,7.9486,7.9486,7.9486,7.9486,5000,0
PCSA.US,5,20211007,174000,7.74,7.78,7.72,7.72,1902,0
PCSA.US,5,20211007,174500,7.7099,7.73,7.7099,7.73,1600,0
PCSA.US,5,20211007,175000,7.73,7.73,7.73,7.73,1743,0
PCSA.US,5,20211007,180500,7.83,7.9,7.83,7.87,2700,0
PCSA.US,5,20211007,181000,7.95,7.95,7.95,7.95,1000,0
PCSA.US,5,20211007,181500,7.9687,8.4799,7.94,8.1,80544,0
PCSA.US,5,20211007,182000,8.1,8.12,7.87,7.87,39971,0
PCSA.US,5,20211007,182500,7.86,7.94,7.8201,7.88,3300,0
PCSA.US,5,20211007,183000,7.88,7.88,7.87,7.87,2553,0
PCSA.US,5,20211007,183500,7.87,7.87,7.61,7.72,14097,0
PCSA.US,5,20211007,184000,7.6326,7.7485,7.57,7.6762,9600,0
PCSA.US,5,20211007,184500,7.6089,7.73,7.6089,7.7168,800,0
PCSA.US,5,20211007,185000,7.685,7.685,7.62,7.62,200,0
PCSA.US,5,20211007,185500,7.685,7.685,7.685,7.685,250,0
PCSA.US,5,20211007,190000,7.62,7.75,7.62,7.7,2238,0
PCSA.US,5,20211007,190500,7.7,7.75,7.7,7.7,2300,0
PCSA.US,5,20211007,191000,7.72,7.72,7.665,7.7,2056,0
PCSA.US,5,20211007,192000,7.7042,7.7226,7.67,7.705,2847,0
PCSA.US,5,20211007,193000,7.725,7.81,7.725,7.81,2405,0
PCSA.US,5,20211007,193500,7.83,7.83,7.8,7.8,782,0
PCSA.US,5,20211007,194000,7.7999,7.7999,7.75,7.75,2100,0
PCSA.US,5,20211007,194500,7.7,7.7591,7.64,7.7591,2400,0
PCSA.US,5,20211007,195000,7.715,7.8,7.715,7.79,2450,0
PCSA.US,5,20211007,195500,7.7865,7.7865,7.64,7.7609,1750,0
PCSA.US,5,20211007,200000,7.78,7.78,7.78,7.78,100,0
PCSA.US,5,20211007,200500,7.76,7.829,7.76,7.829,2100,0
PCSA.US,5,20211007,201000,7.79,7.79,7.7,7.7,4120,0
PCSA.US,5,20211007,201500,7.82,7.82,7.7,7.7,300,0
PCSA.US,5,20211007,203500,7.7043,7.7043,7.7043,7.7043,1000,0
PCSA.US,5,20211007,204000,7.71,8,7.7,7.99,8671,0
PCSA.US,5,20211007,204500,7.955,8.2,7.955,8.2,14883,0
PCSA.US,5,20211007,205000,8.18,8.18,8.18,8.18,333,0
PCSA.US,5,20211007,205500,8.13,8.13,8.05,8.115,2600,0
PCSA.US,5,20211007,210000,8.06,8.06,7.97,7.97,1795,0
PCSA.US,5,20211007,210500,7.9201,7.9209,7.8501,7.8501,7137,0
PCSA.US,5,20211007,211000,7.8601,7.87,7.77,7.7894,10048,0
PCSA.US,5,20211007,211500,7.9172,7.9172,7.9172,7.9172,100,0
PCSA.US,5,20211007,212000,7.8,7.92,7.8,7.8474,600,0
PCSA.US,5,20211007,212500,7.92,7.92,7.85,7.85,500,0
PCSA.US,5,20211007,213000,7.8082,7.81,7.7,7.8,4517,0
PCSA.US,5,20211007,213500,7.8,7.8,7.8,7.8,100,0
PCSA.US,5,20211007,214500,7.76,7.89,7.76,7.89,200,0
PCSA.US,5,20211007,215500,7.74,7.85,7.67,7.85,6440,0
PCSA.US,5,20211008,153000,7.78,7.78,7.78,7.78,114,0
PCSA.US,5,20211008,153500,7.8498,7.8498,7.8326,7.8326,2870,0
PCSA.US,5,20211008,154500,7.8277,7.8277,7.8277,7.8277,100,0
PCSA.US,5,20211008,160000,7.71,7.71,7.7,7.7,578,0
PCSA.US,5,20211008,160500,7.748,7.78,7.748,7.78,489,0
PCSA.US,5,20211008,165500,7.7627,7.7627,7.7627,7.7627,100,0
PCSA.US,5,20211008,170500,7.77,7.77,7.77,7.77,380,0
PCSA.US,5,20211008,171000,7.77,7.81,7.77,7.81,3597,0
PCSA.US,5,20211008,171500,7.83,7.83,7.83,7.83,200,0
PCSA.US,5,20211008,172500,7.83,7.83,7.83,7.83,444,0
PCSA.US,5,20211008,174500,7.8056,7.8056,7.8056,7.8056,300,0
PCSA.US,5,20211008,175500,7.8,7.8,7.8,7.8,100,0
PCSA.US,5,20211008,183500,7.8097,7.8097,7.8097,7.8097,1000,0
PCSA.US,5,20211008,190000,7.9899,7.9899,7.9899,7.9899,250,0
PCSA.US,5,20211008,200000,7.8064,7.8064,7.8064,7.8064,100,0
PCSA.US,5,20211008,201500,7.86,7.86,7.86,7.86,600,0
PCSA.US,5,20211008,203500,7.895,7.895,7.895,7.895,170,0
PCSA.US,5,20211008,204500,7.89,7.9,7.8,7.83,800,0
PCSA.US,5,20211008,205000,7.78,7.78,7.7,7.725,670,0
PCSA.US,5,20211008,212500,7.74,7.74,7.74,7.74,400,0
PCSA.US,5,20211008,213000,7.705,7.72,7.65,7.72,2166,0
PCSA.US,5,20211008,214000,7.6101,7.6101,7.6101,7.6101,500,0
PCSA.US,5,20211008,214500,7.62,7.63,7.61,7.63,800,0
PCSA.US,5,20211008,215500,7.7,7.7,7.7,7.7,119,0
PCSA.US,5,20211011,153500,7.8,7.95,7.8,7.95,200,0
PCSA.US,5,20211011,154000,7.865,7.865,7.865,7.865,1000,0
PCSA.US,5,20211011,154500,7.81,7.81,7.81,7.81,100,0
PCSA.US,5,20211011,160000,7.9,7.9,7.9,7.9,4000,0
PCSA.US,5,20211011,161500,7.9,7.9,7.9,7.9,1904,0
PCSA.US,5,20211011,164000,7.9,7.9,7.9,7.9,1000,0
PCSA.US,5,20211011,171500,7.9352,7.9352,7.9352,7.9352,700,0
PCSA.US,5,20211011,172000,7.875,7.9326,7.875,7.9326,4000,0
PCSA.US,5,20211011,172500,7.928,7.9397,7.875,7.8758,1100,0
PCSA.US,5,20211011,173000,7.865,7.9103,7.81,7.873,2500,0
PCSA.US,5,20211011,173500,7.86,7.9135,7.86,7.86,1800,0
PCSA.US,5,20211011,175000,7.88,7.88,7.88,7.88,127,0
PCSA.US,5,20211011,182500,7.9,7.9,7.9,7.9,1840,0
PCSA.US,5,20211011,183500,7.875,7.875,7.875,7.875,1000,0
PCSA.US,5,20211011,193500,7.84,7.84,7.8055,7.8055,3087,0
PCSA.US,5,20211011,194500,7.8413,7.8413,7.8,7.81,2300,0
PCSA.US,5,20211011,200500,7.8048,7.8048,7.8048,7.8048,1000,0
PCSA.US,5,20211011,203500,7.83,7.83,7.81,7.81,1000,0
PCSA.US,5,20211011,213000,7.85,7.85,7.85,7.85,7500,0
PCSA.US,5,20211011,215500,7.8101,7.89,7.8,7.89,7500,0
PCSA.US,5,20211012,153000,8,8.095,8,8.095,3724,0
PCSA.US,5,20211012,153500,8.05,8.05,8.05,8.05,2094,0
PCSA.US,5,20211012,154000,8.055,8.06,8.055,8.06,790,0
PCSA.US,5,20211012,154500,8.0807,8.0807,8.0737,8.0737,2000,0
PCSA.US,5,20211012,155000,8.07,8.25,8.0595,8.2394,12300,0
PCSA.US,5,20211012,155500,8.05,8.2499,8.05,8.1355,4831,0
PCSA.US,5,20211012,160000,8.2,8.2,8.0667,8.0667,550,0
PCSA.US,5,20211012,160500,8.18,8.2499,8.1677,8.1677,850,0
PCSA.US,5,20211012,161000,8.1416,8.25,8.06,8.1183,6125,0
PCSA.US,5,20211012,161500,8.0601,8.22,8.0601,8.0748,900,0
PCSA.US,5,20211012,162000,8.105,8.105,7.7501,7.7501,11988,0
PCSA.US,5,20211012,162500,7.7585,7.7585,7.7501,7.7501,3000,0
PCSA.US,5,20211012,163000,7.7541,7.9899,7.7501,7.9899,6500,0
PCSA.US,5,20211012,163500,7.76,7.76,7.76,7.76,250,0
PCSA.US,5,20211012,165000,8,8,8,8,125,0
PCSA.US,5,20211012,174000,7.9616,7.9616,7.9616,7.9616,100,0
PCSA.US,5,20211012,183000,7.9,7.9456,7.9,7.9456,2668,0
PCSA.US,5,20211012,185000,7.9399,7.9399,7.9399,7.9399,100,0
PCSA.US,5,20211012,190000,7.9299,7.9299,7.87,7.87,900,0
PCSA.US,5,20211012,194500,7.8851,7.8851,7.8851,7.8851,1000,0
PCSA.US,5,20211012,200000,8,8,8,8,300,0
PCSA.US,5,20211012,210000,8.0801,8.0801,8.0801,8.0801,4810,0
PCSA.US,5,20211012,214500,8.184,8.1989,8.167,8.1989,3750,0
PCSA.US,5,20211012,215000,8.18,8.18,8.13,8.13,532,0
PCSA.US,5,20211012,215500,8.18,8.19,8.14,8.19,1207,0
PCSA.US,5,20211013,153000,8.24,8.24,7.9167,7.9167,498,0
PCSA.US,5,20211013,153500,8.1429,8.15,8.1429,8.15,6000,0
PCSA.US,5,20211013,154500,8,8,8,8,400,0
PCSA.US,5,20211013,155500,8.055,8.055,8.055,8.055,100,0
PCSA.US,5,20211013,161000,7.92,7.92,7.92,7.92,100,0
PCSA.US,5,20211013,162500,8.055,8.055,8.055,8.055,300,0
PCSA.US,5,20211013,163000,8.1,8.1,8.1,8.1,1000,0
PCSA.US,5,20211013,163500,8.0382,8.1,8.0382,8.1,600,0
PCSA.US,5,20211013,164000,8.0487,8.0487,8.0487,8.0487,500,0
PCSA.US,5,20211013,164500,8.08,8.1,8.08,8.0999,570,0
PCSA.US,5,20211013,165500,8.09,8.09,8.09,8.09,125,0
PCSA.US,5,20211013,170500,8.0787,8.0787,8.0787,8.0787,135,0
PCSA.US,5,20211013,180000,8.08,8.08,8.08,8.08,200,0
PCSA.US,5,20211013,180500,8.1,8.1,8.0977,8.0977,800,0
PCSA.US,5,20211013,183000,7.9701,7.9701,7.9701,7.9701,670,0
PCSA.US,5,20211013,184500,8,8,8,8,1120,0
PCSA.US,5,20211013,190000,8,8,8,8,200,0
PCSA.US,5,20211013,190500,8,8,7.98,7.98,900,0
PCSA.US,5,20211013,193000,7.984,7.984,7.984,7.984,400,0
PCSA.US,5,20211013,194500,8,8,7.9947,7.9947,3538,0
PCSA.US,5,20211013,214000,8.1,8.1,8.1,8.1,1000,0
PCSA.US,5,20211013,215000,8.145,8.15,8.145,8.15,400,0
PCSA.US,5,20211013,215500,8.08,8.15,8.06,8.15,656,0
PCSA.US,5,20211014,153000,8,8,8,8,2544,0
PCSA.US,5,20211014,153500,7.99,8,7.99,8,487,0
PCSA.US,5,20211014,154000,8,8,7.9999,8,4547,0
PCSA.US,5,20211014,160500,8.17,8.17,8.01,8.01,3500,0
PCSA.US,5,20211014,161000,8.04,8.04,7.96,7.97,2365,0
PCSA.US,5,20211014,162000,7.9359,7.9359,7.9359,7.9359,500,0
PCSA.US,5,20211014,162500,7.9,7.9,7.9,7.9,100,0
PCSA.US,5,20211014,165500,7.93,7.99,7.93,7.94,726,0
PCSA.US,5,20211014,170000,7.91,7.91,7.91,7.91,355,0
PCSA.US,5,20211014,170500,7.9003,7.9003,7.9003,7.9003,700,0
PCSA.US,5,20211014,171000,7.902,7.902,7.902,7.902,500,0
PCSA.US,5,20211014,171500,7.9045,7.9045,7.9045,7.9045,350,0
PCSA.US,5,20211014,172000,7.9,7.9,7.8,7.8528,1936,0
PCSA.US,5,20211014,172500,7.835,7.8712,7.8335,7.8335,1400,0
PCSA.US,5,20211014,173000,7.8525,7.8525,7.7742,7.79,2990,0
PCSA.US,5,20211014,173500,7.7482,7.8,7.7482,7.8,3141,0
PCSA.US,5,20211014,174500,7.8,7.8,7.8,7.8,1928,0
PCSA.US,5,20211014,175000,7.7601,7.7999,7.7601,7.7999,1000,0
PCSA.US,5,20211014,180500,7.77,7.77,7.77,7.77,100,0
PCSA.US,5,20211014,181000,7.79,7.8,7.79,7.793,7496,0
PCSA.US,5,20211014,182000,7.7701,7.7701,7.7701,7.7701,1400,0
PCSA.US,5,20211014,183000,7.87,7.87,7.87,7.87,1000,0
PCSA.US,5,20211014,183500,7.8,7.8,7.772,7.8,6885,0
PCSA.US,5,20211014,184000,7.85,7.85,7.85,7.85,990,0
PCSA.US,5,20211014,184500,7.78,7.78,7.7,7.7519,3200,0
PCSA.US,5,20211014,185000,7.755,7.8,7.7527,7.7527,1000,0
PCSA.US,5,20211014,190500,7.7746,7.8,7.7746,7.8,750,0
PCSA.US,5,20211014,192000,7.701,7.701,7.701,7.701,1120,0
PCSA.US,5,20211014,192500,7.7405,7.78,7.7405,7.78,1200,0
PCSA.US,5,20211014,193000,7.8,7.8,7.799,7.799,200,0
PCSA.US,5,20211014,194000,7.75,7.75,7.75,7.75,300,0
PCSA.US,5,20211014,194500,7.7499,7.7499,7.725,7.725,1000,0
PCSA.US,5,20211014,200500,7.725,7.725,7.725,7.725,100,0
PCSA.US,5,20211014,201000,7.73,7.73,7.73,7.73,150,0
PCSA.US,5,20211014,202000,7.725,7.725,7.7,7.7,2213,0
PCSA.US,5,20211014,202500,7.675,7.6952,7.655,7.6624,1000,0
PCSA.US,5,20211014,203500,7.655,7.7,7.655,7.7,940,0
PCSA.US,5,20211014,204000,7.655,7.7,7.655,7.7,1679,0
PCSA.US,5,20211014,205000,7.7348,7.8315,7.7348,7.8315,1100,0
PCSA.US,5,20211014,210500,7.7358,7.7358,7.7358,7.7358,200,0
PCSA.US,5,20211014,211000,7.78,7.7899,7.78,7.7899,3918,0
PCSA.US,5,20211014,212000,7.775,7.775,7.775,7.775,100,0
PCSA.US,5,20211014,212500,7.775,7.775,7.75,7.75,850,0
PCSA.US,5,20211014,214500,7.71,7.72,7.708,7.708,750,0
PCSA.US,5,20211014,215000,7.69,7.69,7.64,7.64,740,0
PCSA.US,5,20211014,215500,7.66,7.69,7.64,7.69,968,0
PCSA.US,5,20211015,153500,7.75,7.75,7.75,7.75,100,0
PCSA.US,5,20211015,154000,7.7,7.7,7.7,7.7,931,0
PCSA.US,5,20211015,160000,7.7186,7.7186,7.6796,7.685,1700,0
PCSA.US,5,20211015,161000,7.68,7.68,7.68,7.68,200,0
PCSA.US,5,20211015,161500,7.69,7.75,7.6792,7.6792,2259,0
PCSA.US,5,20211015,163000,7.6501,7.7,7.6501,7.7,700,0
PCSA.US,5,20211015,163500,7.7,7.7,7.6501,7.68,3086,0
PCSA.US,5,20211015,164000,7.685,7.69,7.685,7.69,200,0
PCSA.US,5,20211015,165500,7.672,7.672,7.66,7.66,350,0
PCSA.US,5,20211015,170500,7.6699,7.7,7.6699,7.6912,598,0
PCSA.US,5,20211015,171000,7.7,7.7,7.6912,7.6912,1201,0
PCSA.US,5,20211015,171500,7.7,7.7,7.7,7.7,100,0
PCSA.US,5,20211015,174000,7.7,7.73,7.6912,7.711,4782,0
PCSA.US,5,20211015,184500,7.7101,7.7101,7.7101,7.7101,1100,0
PCSA.US,5,20211015,202000,7.765,7.765,7.765,7.765,2000,0
PCSA.US,5,20211015,203500,7.78,7.79,7.78,7.79,627,0
PCSA.US,5,20211015,205000,7.8,7.8,7.8,7.8,1000,0
PCSA.US,5,20211015,214000,7.8,7.8,7.8,7.8,456,0
PCSA.US,5,20211015,215000,7.864,7.91,7.84,7.91,2720,0
PCSA.US,5,20211015,215500,7.9,7.91,7.84,7.84,495,0
PCSA.US,5,20211018,161000,7.8,7.8,7.8,7.8,300,0
PCSA.US,5,20211018,162000,7.95,7.95,7.95,7.95,2000,0
PCSA.US,5,20211018,170000,8.01,8.0399,8.01,8.0399,400,0
PCSA.US,5,20211018,171500,7.97,7.97,7.88,7.88,500,0
PCSA.US,5,20211018,172000,7.86,7.86,7.86,7.86,100,0
PCSA.US,5,20211018,172500,7.81,7.82,7.7543,7.7543,1946,0
PCSA.US,5,20211018,173000,7.75,7.7709,7.745,7.7619,1890,0
PCSA.US,5,20211018,180500,7.77,7.77,7.7068,7.7068,620,0
PCSA.US,5,20211018,184000,7.735,7.735,7.7,7.7,2500,0
PCSA.US,5,20211018,185000,7.68,7.7,7.6,7.7,2749,0
PCSA.US,5,20211018,190000,7.61,7.61,7.4968,7.4968,2426,0
PCSA.US,5,20211018,191000,7.5,7.5,7.5,7.5,711,0
PCSA.US,5,20211018,191500,7.5599,7.5599,7.4,7.4,10918,0
PCSA.US,5,20211018,192000,7.42,7.42,7.05,7.2,11846,0
PCSA.US,5,20211018,192500,7.2925,7.2925,7.2925,7.2925,350,0
PCSA.US,5,20211018,193000,7.25,7.275,7.07,7.275,4189,0
PCSA.US,5,20211018,193500,7.28,7.3928,7.25,7.3928,800,0
PCSA.US,5,20211018,194000,7.4048,7.43,7.4048,7.43,890,0
PCSA.US,5,20211018,194500,7.42,7.42,7.42,7.42,100,0
PCSA.US,5,20211018,195000,7.49,7.51,7.4738,7.4738,1550,0
PCSA.US,5,20211018,202500,7.4546,7.4546,7.4546,7.4546,700,0
PCSA.US,5,20211018,204000,7.4301,7.4301,7.4301,7.4301,100,0
PCSA.US,5,20211018,205500,7.42,7.42,7.42,7.42,100,0
PCSA.US,5,20211018,210500,7.273,7.273,7.273,7.273,2000,0
PCSA.US,5,20211018,211000,7.4,7.4,7.4,7.4,125,0
PCSA.US,5,20211018,212000,7.2911,7.2911,7.2911,7.2911,1000,0
PCSA.US,5,20211018,212500,7.29,7.29,7.29,7.29,100,0
PCSA.US,5,20211018,213000,7.4324,7.4324,7.4323,7.4323,200,0
PCSA.US,5,20211018,213500,7.47,7.47,7.47,7.47,200,0
PCSA.US,5,20211018,214000,7.4,7.4634,7.4,7.44,1149,0
PCSA.US,5,20211018,215000,7.45,7.46,7.45,7.45,802,0
PCSA.US,5,20211018,215500,7.405,7.42,7.33,7.42,3038,0
PCSA.US,5,20211019,153000,7.44,7.44,7.44,7.44,106,0
PCSA.US,5,20211019,153500,7.44,7.44,7.44,7.44,229,0
PCSA.US,5,20211019,154000,7.222,7.265,7.01,7.01,9632,0
PCSA.US,5,20211019,155000,7.11,7.125,7.07,7.125,450,0
PCSA.US,5,20211019,155500,7.08,7.1,7.08,7.08,1500,0
PCSA.US,5,20211019,160000,7.0601,7.22,7,7.22,11763,0
PCSA.US,5,20211019,160500,7.22,7.23,7.22,7.23,600,0
PCSA.US,5,20211019,164000,7.15,7.15,7.15,7.15,100,0
PCSA.US,5,20211019,164500,7.2,7.2,7.2,7.2,132,0
PCSA.US,5,20211019,170000,7.166,7.166,7.131,7.131,2000,0
PCSA.US,5,20211019,172000,7.18,7.18,7.18,7.18,167,0
PCSA.US,5,20211019,173500,7.1733,7.1733,7.1733,7.1733,168,0
PCSA.US,5,20211019,174500,7.11,7.1558,7.05,7.05,1870,0
PCSA.US,5,20211019,184000,7.13,7.16,7.13,7.16,500,0
PCSA.US,5,20211019,184500,7.13,7.13,7.1,7.1,200,0
PCSA.US,5,20211019,194000,7.1,7.1,7.09,7.09,400,0
PCSA.US,5,20211019,194500,7.06,7.06,7.05,7.05,206,0
PCSA.US,5,20211019,195500,7.05,7.05,7.05,7.05,200,0
PCSA.US,5,20211019,200000,7.01,7.01,7.01,7.01,1980,0
PCSA.US,5,20211019,200500,7.0625,7.0625,7.05,7.05,2100,0
PCSA.US,5,20211019,201000,7.01,7.05,7.01,7.01,1000,0
PCSA.US,5,20211019,202000,7.0626,7.0626,7.02,7.02,1265,0
PCSA.US,5,20211019,202500,7.045,7.045,7.01,7.01,500,0
PCSA.US,5,20211019,203000,7.0638,7.0638,7.0638,7.0638,150,0
PCSA.US,5,20211019,203500,7.08,7.1,7.01,7.01,8062,0
PCSA.US,5,20211019,205500,7.09,7.1,7.09,7.1,1400,0
PCSA.US,5,20211019,210000,7.0208,7.0208,7.0208,7.0208,210,0
PCSA.US,5,20211019,212000,7.07,7.0998,7.07,7.0998,400,0
PCSA.US,5,20211019,212500,7.0763,7.0763,7.0763,7.0763,500,0
PCSA.US,5,20211019,214000,7.05,7.05,7,7,529,0
PCSA.US,5,20211019,215000,7.025,7.025,6.97,6.97,2283,0
PCSA.US,5,20211019,215500,7,7.02,6.92,6.92,950,0
PCSA.US,5,20211020,153000,7,7,7,7,154,0
PCSA.US,5,20211020,153500,7.1497,7.15,7.1497,7.15,2200,0
PCSA.US,5,20211020,154500,7.05,7.05,7.05,7.05,1874,0
PCSA.US,5,20211020,155500,7.01,7.01,7,7,1187,0
PCSA.US,5,20211020,160000,6.991,6.991,6.975,6.975,500,0
PCSA.US,5,20211020,162000,7,7,7,7,300,0
PCSA.US,5,20211020,162500,6.9551,6.9551,6.9551,6.9551,300,0
PCSA.US,5,20211020,163000,6.95,7,6.95,6.96,2372,0
PCSA.US,5,20211020,164500,7,7.025,7,7.025,602,0
PCSA.US,5,20211020,173500,7.025,7.025,7.0015,7.0015,2500,0
PCSA.US,5,20211020,174000,7,7,7,7,300,0
PCSA.US,5,20211020,180000,7,7.05,6.99,6.99,700,0
PCSA.US,5,20211020,182000,7.03,7.03,7.03,7.03,120,0
PCSA.US,5,20211020,183500,6.9926,6.9926,6.9926,6.9926,1000,0
PCSA.US,5,20211020,184000,7.03,7.0499,7.03,7.042,1300,0
PCSA.US,5,20211020,185000,7,7,7,7,500,0
PCSA.US,5,20211020,185500,7,7,6.9,6.9,5971,0
PCSA.US,5,20211020,190000,6.925,6.925,6.925,6.925,176,0
PCSA.US,5,20211020,203500,6.9899,7,6.9899,7,805,0
PCSA.US,5,20211020,204500,7.015,7.015,7.015,7.015,100,0
PCSA.US,5,20211020,211500,7.03,7.04,7,7,3345,0
PCSA.US,5,20211020,215500,6.98,6.98,6.94,6.98,620,0
PCSA.US,5,20211021,161500,7.055,7.055,7.055,7.055,100,0
PCSA.US,5,20211021,162500,7.0499,7.0499,7.0499,7.0499,308,0
PCSA.US,5,20211021,163000,6.99,6.99,6.95,6.95,760,0
PCSA.US,5,20211021,163500,6.9419,6.9419,6.9419,6.9419,500,0
PCSA.US,5,20211021,164000,6.92,6.92,6.84,6.84,2709,0
PCSA.US,5,20211021,164500,6.855,6.87,6.721,6.78,1850,0
PCSA.US,5,20211021,165000,6.8,6.8,6.8,6.8,490,0
PCSA.US,5,20211021,165500,6.8,6.8,6.8,6.8,993,0
PCSA.US,5,20211021,171500,6.775,6.775,6.775,6.775,500,0
PCSA.US,5,20211021,172500,6.75,6.75,6.75,6.75,500,0
PCSA.US,5,20211021,173000,6.71,6.7999,6.7,6.7999,2420,0
PCSA.US,5,20211021,174000,6.74,6.74,6.73,6.73,800,0
PCSA.US,5,20211021,174500,6.7238,6.7368,6.72,6.7368,2000,0
PCSA.US,5,20211021,175000,6.72,6.7203,6.7197,6.7197,1500,0
PCSA.US,5,20211021,175500,6.72,6.72,6.7181,6.7181,1000,0
PCSA.US,5,20211021,180000,6.72,6.72,6.7181,6.72,2000,0
PCSA.US,5,20211021,180500,6.72,6.72,6.72,6.72,190,0
PCSA.US,5,20211021,181000,6.72,6.785,6.72,6.785,2066,0
PCSA.US,5,20211021,181500,6.8131,6.8131,6.8131,6.8131,250,0
PCSA.US,5,20211021,182000,6.785,6.785,6.785,6.785,610,0
PCSA.US,5,20211021,182500,6.7977,6.7977,6.7977,6.7977,400,0
PCSA.US,5,20211021,184000,6.7984,6.7984,6.7984,6.7984,250,0
PCSA.US,5,20211021,184500,6.8001,6.8001,6.8001,6.8001,500,0
PCSA.US,5,20211021,193500,6.85,6.85,6.85,6.85,390,0
PCSA.US,5,20211021,202500,6.885,6.885,6.8,6.8,3170,0
PCSA.US,5,20211021,211000,6.798,6.8,6.798,6.8,408,0
PCSA.US,5,20211021,211500,6.8,6.8,6.74,6.77,1298,0
PCSA.US,5,20211021,212000,6.79,6.79,6.74,6.74,398,0
PCSA.US,5,20211021,212500,6.85,6.85,6.77,6.77,316,0
PCSA.US,5,20211021,213000,6.76,6.76,6.7,6.7,900,0
PCSA.US,5,20211021,213500,6.719,6.719,6.719,6.719,3700,0
PCSA.US,5,20211021,214500,6.685,6.69,6.65,6.69,1174,0
PCSA.US,5,20211021,215500,6.7043,6.71,6.7043,6.71,1339,0
PCSA.US,5,20211022,153000,6.67,6.67,6.67,6.67,180,0
PCSA.US,5,20211022,154000,6.6169,6.6169,6.6169,6.6169,250,0
PCSA.US,5,20211022,154500,6.6064,6.6064,6.6064,6.6064,100,0
PCSA.US,5,20211022,155000,6.59,6.705,6.59,6.705,1515,0
PCSA.US,5,20211022,162500,6.8,6.8,6.8,6.8,250,0
PCSA.US,5,20211022,173000,6.61,6.6336,6.609,6.6114,1000,0
PCSA.US,5,20211022,174500,6.535,6.56,6.51,6.56,406,0
PCSA.US,5,20211022,181500,6.56,6.5696,6.56,6.5696,400,0
PCSA.US,5,20211022,182500,6.55,6.55,6.55,6.55,500,0
PCSA.US,5,20211022,184000,6.6,6.7511,6.5751,6.655,1200,0
PCSA.US,5,20211022,185000,6.755,6.9262,6.755,6.9262,300,0
PCSA.US,5,20211022,185500,6.7826,6.7826,6.745,6.745,200,0
PCSA.US,5,20211022,190000,6.745,6.9244,6.745,6.924,400,0
PCSA.US,5,20211022,191000,6.785,6.9192,6.785,6.9192,300,0
PCSA.US,5,20211022,192000,6.94,6.94,6.94,6.94,100,0
PCSA.US,5,20211022,193500,6.785,6.9188,6.785,6.9188,200,0
PCSA.US,5,20211022,200000,6.7264,6.7264,6.7264,6.7264,250,0
PCSA.US,5,20211022,203000,6.785,6.785,6.785,6.785,100,0
PCSA.US,5,20211022,204000,6.68,6.68,6.68,6.68,100,0
PCSA.US,5,20211022,215500,6.7301,6.91,6.7301,6.89,1355,0
PCSA.US,5,20211025,153000,6.82,6.8208,6.32,6.8208,4267,0
PCSA.US,5,20211025,153500,6.4455,6.4455,6.4455,6.4455,101,0
PCSA.US,5,20211025,154000,6.545,6.545,6.44,6.5239,625,0
PCSA.US,5,20211025,154500,6.52,6.6,6.52,6.53,3276,0
PCSA.US,5,20211025,155000,6.7,6.75,6.7,6.75,1000,0
PCSA.US,5,20211025,163500,6.6435,6.6435,6.6435,6.6435,300,0
PCSA.US,5,20211025,170500,6.625,6.625,6.625,6.625,946,0
PCSA.US,5,20211025,175500,6.625,6.625,6.625,6.625,200,0
PCSA.US,5,20211025,181000,6.7301,6.7301,6.7301,6.7301,288,0
PCSA.US,5,20211025,183000,6.6821,6.6821,6.6821,6.6821,107,0
PCSA.US,5,20211025,184500,6.852,6.852,6.852,6.852,100,0
PCSA.US,5,20211025,185500,6.82,6.9576,6.82,6.9576,750,0
PCSA.US,5,20211025,192500,6.7169,6.7169,6.7169,6.7169,250,0
PCSA.US,5,20211025,193500,6.7709,6.7709,6.7709,6.7709,150,0
PCSA.US,5,20211025,195000,6.7234,6.7234,6.7234,6.7234,620,0
PCSA.US,5,20211025,195500,6.91,6.91,6.91,6.91,400,0
PCSA.US,5,20211025,205000,6.8,6.8,6.8,6.8,1000,0
PCSA.US,5,20211025,205500,6.85,6.93,6.85,6.93,1746,0
PCSA.US,5,20211025,211500,6.98,7,6.98,7,6521,0
PCSA.US,5,20211025,214000,7.2867,7.2867,7.2331,7.2331,1359,0
PCSA.US,5,20211025,214500,7.22,7.23,7.22,7.23,350,0
PCSA.US,5,20211025,215500,7.19,7.19,7.1,7.1,686,0
PCSA.US,5,20211026,153500,7.11,7.11,7.11,7.11,100,0
PCSA.US,5,20211026,163000,7.11,7.11,7.09,7.09,625,0
PCSA.US,5,20211026,164000,7,7.05,7,7.045,1450,0
PCSA.US,5,20211026,175500,7.0145,7.0145,7.0145,7.0145,500,0
PCSA.US,5,20211026,182500,7.0402,7.0402,7.0402,7.0402,200,0
PCSA.US,5,20211026,183500,7.0001,7.0001,7.0001,7.0001,1000,0
PCSA.US,5,20211026,194500,7.04,7.04,7.04,7.04,286,0
PCSA.US,5,20211026,204000,7.0035,7.03,7.0035,7.03,1000,0
PCSA.US,5,20211026,204500,7.0051,7.0051,7.0051,7.0051,300,0
PCSA.US,5,20211026,205000,7.0041,7.0041,7.0041,7.0041,500,0
PCSA.US,5,20211026,205500,7.035,7.035,7.035,7.035,300,0
PCSA.US,5,20211026,212000,7.0052,7.0052,7.0052,7.0052,300,0
PCSA.US,5,20211026,213000,7.0054,7.0054,7.0054,7.0054,278,0
PCSA.US,5,20211026,214000,7.04,7.07,7.04,7.07,884,0
PCSA.US,5,20211026,214500,7.05,7.05,7.05,7.05,100,0
PCSA.US,5,20211026,215000,7.02,7.02,7.02,7.02,100,0
PCSA.US,5,20211026,215500,7.04,7.09,7.01,7.06,1089,0
PCSA.US,5,20211027,155500,7.0101,7.0101,7.0101,7.0101,5000,0
PCSA.US,5,20211027,160000,7.02,7.02,7.01,7.01,1435,0
PCSA.US,5,20211027,161000,7,7,7,7,1409,0
PCSA.US,5,20211027,171500,6.7802,6.7802,6.7802,6.7802,1820,0
PCSA.US,5,20211027,173000,6.89,6.89,6.89,6.89,150,0
PCSA.US,5,20211027,175000,6.89,6.89,6.6807,6.6807,1500,0
PCSA.US,5,20211027,180000,7.01,7.01,7.01,7.01,146,0
PCSA.US,5,20211027,182500,7.03,7.03,7.03,7.03,222,0
PCSA.US,5,20211027,194000,6.85,6.85,6.7891,6.7891,200,0
PCSA.US,5,20211027,195000,6.84,6.84,6.84,6.84,100,0
PCSA.US,5,20211027,200000,6.83,6.83,6.83,6.83,1000,0
PCSA.US,5,20211027,200500,6.8217,6.8217,6.8217,6.8217,200,0
PCSA.US,5,20211027,201500,6.83,6.83,6.78,6.78,2000,0
PCSA.US,5,20211027,203000,6.78,6.78,6.78,6.78,500,0
PCSA.US,5,20211027,204000,6.84,6.84,6.84,6.84,100,0
PCSA.US,5,20211027,212000,6.81,6.81,6.81,6.81,2000,0
PCSA.US,5,20211027,214000,6.83,6.84,6.77,6.77,1600,0
PCSA.US,5,20211027,214500,6.8,6.8,6.8,6.8,200,0
PCSA.US,5,20211027,215000,6.775,6.775,6.775,6.775,100,0
PCSA.US,5,20211027,215500,6.775,6.775,6.71,6.77,962,0
PCSA.US,5,20211028,153000,6.825,6.825,6.825,6.825,1000,0
PCSA.US,5,20211028,153500,6.82,6.82,6.82,6.82,500,0
PCSA.US,5,20211028,155500,6.825,6.825,6.825,6.825,200,0
PCSA.US,5,20211028,172500,6.8199,6.8199,6.8199,6.8199,293,0
PCSA.US,5,20211028,181500,6.8199,6.8199,6.8199,6.8199,100,0
PCSA.US,5,20211028,182000,6.8,6.8,6.8,6.8,975,0
PCSA.US,5,20211028,182500,6.8,6.81,6.8,6.8,941,0
PCSA.US,5,20211028,184000,6.82,6.82,6.82,6.82,450,0
PCSA.US,5,20211028,185000,6.82,6.87,6.82,6.87,1275,0
PCSA.US,5,20211028,191500,6.9479,6.9479,6.9479,6.9479,1000,0
PCSA.US,5,20211028,194000,6.87,6.87,6.82,6.83,800,0
PCSA.US,5,20211028,194500,6.8189,6.83,6.8189,6.82,1194,0
PCSA.US,5,20211028,195000,6.82,6.875,6.7112,6.815,4146,0
PCSA.US,5,20211028,195500,6.815,6.815,6.815,6.815,400,0
PCSA.US,5,20211028,202000,6.7301,6.7301,6.7301,6.7301,1000,0
PCSA.US,5,20211028,204500,6.83,6.83,6.83,6.83,400,0
PCSA.US,5,20211028,215000,6.915,6.92,6.91,6.91,700,0
PCSA.US,5,20211028,215500,6.86,6.86,6.86,6.86,100,0
PCSA.US,5,20211029,153000,6.93,6.93,6.93,6.93,575,0
PCSA.US,5,20211029,154000,6.9807,6.9807,6.9807,6.9807,200,0
PCSA.US,5,20211029,160500,6.89,6.89,6.89,6.89,160,0
PCSA.US,5,20211029,163000,6.82,6.82,6.82,6.82,200,0
PCSA.US,5,20211029,171500,6.7583,6.7583,6.7583,6.7583,545,0
PCSA.US,5,20211029,173000,6.81,6.81,6.6968,6.6968,1205,0
PCSA.US,5,20211029,173500,6.71,6.75,6.61,6.75,3603,0
PCSA.US,5,20211029,174000,6.63,6.63,6.63,6.63,500,0
PCSA.US,5,20211029,180500,6.64,6.64,6.64,6.64,150,0
PCSA.US,5,20211029,185000,6.6601,6.6601,6.6601,6.6601,1500,0
PCSA.US,5,20211029,193000,6.8623,6.8623,6.8623,6.8623,147,0
PCSA.US,5,20211029,193500,6.84,6.84,6.84,6.84,2800,0
PCSA.US,5,20211029,195000,6.9799,6.9799,6.9799,6.9799,109,0
PCSA.US,5,20211029,212500,6.961,6.961,6.961,6.961,1000,0
PCSA.US,5,20211029,213000,6.85,6.85,6.85,6.85,300,0
PCSA.US,5,20211029,214500,6.955,6.955,6.95,6.95,300,0
PCSA.US,5,20211029,215500,6.74,6.92,6.74,6.92,1517,0
PCSA.US,5,20211101,145500,7.1683,7.1683,7.1683,7.1683,100,0
PCSA.US,5,20211101,163500,7.1699,7.1699,7.1699,7.1699,484,0
PCSA.US,5,20211101,164500,7.17,7.17,7.17,7.17,350,0
PCSA.US,5,20211101,165000,7.1282,7.1282,7.1282,7.1282,180,0
PCSA.US,5,20211101,165500,7.1,7.1,7.1,7.1,1475,0
PCSA.US,5,20211101,170500,7.089,7.1,7.0433,7.0433,2600,0
PCSA.US,5,20211101,171000,7.03,7.03,7.03,7.03,100,0
PCSA.US,5,20211101,172500,7.01,7.01,7.01,7.01,300,0
PCSA.US,5,20211101,173000,7.01,7.01,7.01,7.01,484,0
PCSA.US,5,20211101,174000,7.0999,7.0999,7.0999,7.0999,140,0
PCSA.US,5,20211101,174500,7.02,7.02,7.02,7.02,100,0
PCSA.US,5,20211101,181000,7.0999,7.0999,7.0999,7.0999,2000,0
PCSA.US,5,20211101,181500,7.065,7.065,7,7,2200,0
PCSA.US,5,20211101,182500,6.96,6.96,6.96,6.96,300,0
PCSA.US,5,20211101,183000,7.0899,7.0899,7.0899,7.0899,3000,0
PCSA.US,5,20211101,184000,7.0364,7.0364,7.0364,7.0364,4000,0
PCSA.US,5,20211101,184500,6.92,7.0898,6.92,7.0898,7100,0
PCSA.US,5,20211101,185000,7.085,7.085,7.085,7.085,1000,0
PCSA.US,5,20211101,190000,6.969,6.969,6.969,6.969,112,0
PCSA.US,5,20211101,191000,6.985,6.985,6.985,6.985,1000,0
PCSA.US,5,20211101,192000,6.9701,6.9701,6.9701,6.9701,130,0
PCSA.US,5,20211101,200500,7.04,7.05,7.03,7.05,700,0
PCSA.US,5,20211101,201000,7,7,7,7,100,0
PCSA.US,5,20211101,202000,7.05,7.05,7,7,1000,0
PCSA.US,5,20211101,204500,7.05,7.05,7.05,7.05,100,0
PCSA.US,5,20211101,205000,7.02,7.02,7.02,7.02,100,0
PCSA.US,5,20211101,205500,7.02,7.05,6.99,7.05,564,0
PCSA.US,5,20211102,143000,6.99,7.216,6.99,7.216,886,0
PCSA.US,5,20211102,144500,7.1282,7.1282,7.1282,7.1282,200,0
PCSA.US,5,20211102,161000,7.11,7.11,7.11,7.11,100,0
PCSA.US,5,20211102,164000,7.11,7.11,7.1,7.1,460,0
PCSA.US,5,20211102,165500,7.02,7.02,7.02,7.02,100,0
PCSA.US,5,20211102,191500,7.0999,7.0999,7.0799,7.0799,200,0
PCSA.US,5,20211102,195000,6.94,6.94,6.94,6.94,100,0
PCSA.US,5,20211102,195500,7.01,7.05,7.01,7.05,1200,0
PCSA.US,5,20211102,200500,7.09,7.1,7.09,7.1,2000,0
PCSA.US,5,20211102,201000,7.1399,7.1399,7.1399,7.1399,300,0
PCSA.US,5,20211102,202500,7.14,7.15,7.14,7.14,1600,0
PCSA.US,5,20211102,203000,7.17,7.175,7.16,7.175,1300,0
PCSA.US,5,20211102,204000,7.1718,7.1718,7.1718,7.1718,200,0
PCSA.US,5,20211102,204500,7.1536,7.1536,7.14,7.14,900,0
PCSA.US,5,20211102,205000,7.1719,7.1719,7.11,7.125,450,0
PCSA.US,5,20211102,205500,7.125,7.15,7.125,7.15,826,0
PCSA.US,5,20211103,143000,7.12,7.17,7.12,7.17,1073,0
PCSA.US,5,20211103,144500,7.14,7.14,7.14,7.14,348,0
PCSA.US,5,20211103,152000,7.18,7.18,7.18,7.18,200,0
PCSA.US,5,20211103,152500,7.22,7.25,7.22,7.25,1458,0
PCSA.US,5,20211103,153500,7.45,7.4505,7.45,7.4505,450,0
PCSA.US,5,20211103,155000,7.38,7.405,7.36,7.405,700,0
PCSA.US,5,20211103,160500,7.45,7.45,7.44,7.44,1371,0
PCSA.US,5,20211103,161000,7.425,7.425,7.425,7.425,100,0
PCSA.US,5,20211103,161500,7.4362,7.4535,7.4362,7.4535,600,0
PCSA.US,5,20211103,162000,7.46,7.494,7.41,7.494,800,0
PCSA.US,5,20211103,162500,7.45,7.5,7.45,7.5,4626,0
PCSA.US,5,20211103,163000,7.56,7.65,7.5275,7.65,4920,0
PCSA.US,5,20211103,163500,7.4601,7.4601,7.4601,7.4601,3300,0
PCSA.US,5,20211103,164000,7.51,7.72,7.51,7.72,1000,0
PCSA.US,5,20211103,164500,7.72,7.72,7.51,7.5405,1600,0
PCSA.US,5,20211103,170000,7.5,7.5,7.4589,7.4589,400,0
PCSA.US,5,20211103,170500,7.41,7.4981,7.41,7.455,1025,0
PCSA.US,5,20211103,171000,7.4805,7.4805,7.46,7.46,800,0
PCSA.US,5,20211103,172000,7.49,7.49,7.49,7.49,496,0
PCSA.US,5,20211103,172500,7.4943,7.4943,7.4943,7.4943,300,0
PCSA.US,5,20211103,173000,7.4166,7.4166,7.4166,7.4166,361,0
PCSA.US,5,20211103,173500,7.4101,7.4118,7.31,7.4118,4194,0
PCSA.US,5,20211103,174000,7.32,7.32,7.32,7.32,100,0
PCSA.US,5,20211103,174500,7.3426,7.4326,7.3426,7.4326,600,0
PCSA.US,5,20211103,175000,7.3958,7.3958,7.3958,7.3958,500,0
PCSA.US,5,20211103,175500,7.4,7.4,7.4,7.4,600,0
PCSA.US,5,20211103,180000,7.38,7.42,7.38,7.4,2497,0
PCSA.US,5,20211103,180500,7.4,7.4,7.4,7.4,997,0
PCSA.US,5,20211103,183000,7.38,7.39,7.38,7.38,400,0
PCSA.US,5,20211103,184000,7.36,7.36,7.3,7.3,850,0
PCSA.US,5,20211103,184500,7.275,7.34,7.275,7.34,200,0
PCSA.US,5,20211103,185500,7.22,7.22,7.21,7.21,800,0
PCSA.US,5,20211103,190000,7.26,7.26,7.26,7.26,256,0
PCSA.US,5,20211103,200500,7.35,7.35,7.3,7.3,299,0
PCSA.US,5,20211103,203500,7.3,7.4,7.3,7.34,1642,0
PCSA.US,5,20211103,204000,7.3,7.3,7.3,7.3,433,0
PCSA.US,5,20211103,204500,7.2973,7.3,7.28,7.3,651,0
PCSA.US,5,20211103,205000,7.2876,7.2876,7.28,7.28,920,0
PCSA.US,5,20211103,205500,7.22,7.22,7.22,7.22,100,0
PCSA.US,5,20211104,143000,7.3,8.13,7.3,8.13,2640,0
PCSA.US,5,20211104,143500,7.75,7.75,7.75,7.75,600,0
PCSA.US,5,20211104,144000,7.5,7.595,7.5,7.595,2500,0
PCSA.US,5,20211104,144500,7.7699,7.7699,7.585,7.585,3500,0
PCSA.US,5,20211104,145500,7.4753,7.495,7.4,7.495,4000,0
PCSA.US,5,20211104,150000,7.4001,7.4001,7.4,7.4,11500,0
PCSA.US,5,20211104,151500,7.32,7.38,7.32,7.38,300,0
PCSA.US,5,20211104,152000,7.26,7.26,7.25,7.25,5200,0
PCSA.US,5,20211104,152500,7.25,7.31,7.25,7.31,350,0
PCSA.US,5,20211104,153500,7.305,7.305,7.25,7.25,1552,0
PCSA.US,5,20211104,154000,7.25,7.25,7.25,7.25,500,0
PCSA.US,5,20211104,154500,7.27,7.305,7.27,7.305,800,0
PCSA.US,5,20211104,155000,7.305,7.305,7.305,7.305,1300,0
PCSA.US,5,20211104,160000,7.305,7.305,7.305,7.305,670,0
PCSA.US,5,20211104,162500,7.38,7.38,7.185,7.185,5588,0
PCSA.US,5,20211104,163500,7.185,7.185,7.185,7.185,190,0
PCSA.US,5,20211104,165000,7.2532,7.2532,7.2532,7.2532,100,0
PCSA.US,5,20211104,165500,7.15,7.15,7.15,7.15,1000,0
PCSA.US,5,20211104,170500,7.14,7.14,7.14,7.14,5000,0
PCSA.US,5,20211104,171000,7.095,7.095,7.095,7.095,500,0
PCSA.US,5,20211104,172000,7.14,7.14,7.14,7.14,803,0
PCSA.US,5,20211104,172500,7.18,7.19,7.18,7.19,200,0
PCSA.US,5,20211104,174000,7.2,7.2,7.2,7.2,700,0
PCSA.US,5,20211104,174500,7.2,7.2408,7.2,7.2408,2333,0
PCSA.US,5,20211104,175000,7.25,7.5799,7.25,7.48,70975,0
PCSA.US,5,20211104,175500,7.47,7.47,7,7.0735,52824,0
PCSA.US,5,20211104,180000,7.155,7.155,6.9136,7.06,8514,0
PCSA.US,5,20211104,180500,6.96,6.96,6.96,6.96,200,0
PCSA.US,5,20211104,181000,7.03,7.1,6.92,6.92,3118,0
PCSA.US,5,20211104,181500,6.98,6.9824,6.8401,6.8401,2775,0
PCSA.US,5,20211104,182000,6.98,7.1,6.79,7.05,3309,0
PCSA.US,5,20211104,182500,7.05,7.1,6.8,6.8393,8800,0
PCSA.US,5,20211104,183000,6.8393,6.9995,6.8201,6.9995,2150,0
PCSA.US,5,20211104,185000,7.04,7.04,7.04,7.04,100,0
PCSA.US,5,20211104,190500,6.99,7.04,6.99,7.03,400,0
PCSA.US,5,20211104,191000,7.05,7.29,6.9943,7.29,600,0
PCSA.US,5,20211104,193500,7.25,7.3299,7.25,7.25,3700,0
PCSA.US,5,20211104,194000,7.21,7.22,7.15,7.15,1284,0
PCSA.US,5,20211104,194500,7.3276,7.3276,7.3046,7.3046,490,0
PCSA.US,5,20211104,195000,7.33,7.33,7.33,7.33,150,0
PCSA.US,5,20211104,195500,7.3399,7.3399,7.225,7.225,900,0
PCSA.US,5,20211104,200000,7.2482,7.2999,7.2482,7.2873,9700,0
PCSA.US,5,20211104,200500,7.25,7.28,7.25,7.28,2306,0
PCSA.US,5,20211104,201000,7.23,7.255,7.23,7.255,800,0
PCSA.US,5,20211104,201500,7.25,7.27,7.25,7.27,200,0
PCSA.US,5,20211104,202000,7.25,7.27,7.25,7.27,400,0
PCSA.US,5,20211104,202500,7.275,7.275,7.275,7.275,150,0
PCSA.US,5,20211104,203000,7.3008,7.3289,7.275,7.3289,300,0
PCSA.US,5,20211104,203500,7.2761,7.2761,7.27,7.27,1000,0
PCSA.US,5,20211104,204000,7.29,7.31,7.28,7.31,565,0
PCSA.US,5,20211104,204500,7.26,7.35,7.2,7.35,2100,0
PCSA.US,5,20211104,205500,7.25,7.25,7.11,7.25,1211,0
PCSA.US,5,20211105,143000,7.23,7.23,7.15,7.21,4362,0
PCSA.US,5,20211105,143500,7.2054,7.2099,7.12,7.15,2800,0
PCSA.US,5,20211105,144000,6.945,7.1,6.79,7.08,3055,0
PCSA.US,5,20211105,144500,7.08,7.08,7.08,7.08,374,0
PCSA.US,5,20211105,145000,7.0534,7.1,7.03,7.03,2300,0
PCSA.US,5,20211105,145500,7.03,7.03,7.01,7.0102,3100,0
PCSA.US,5,20211105,150000,7,7.1,6.84,7.1,4150,0
PCSA.US,5,20211105,151000,7.0899,7.0899,7.0899,7.0899,200,0
PCSA.US,5,20211105,152500,7.0899,7.0899,7.0899,7.0899,300,0
PCSA.US,5,20211105,153000,6.88,6.985,6.88,6.985,1000,0
PCSA.US,5,20211105,153500,6.99,7.05,6.99,7.05,1200,0
PCSA.US,5,20211105,154000,7.05,7.06,7,7,2700,0
PCSA.US,5,20211105,154500,7.07,7.09,7.07,7.09,200,0
PCSA.US,5,20211105,155000,7.0739,7.0739,7.0308,7.0308,851,0
PCSA.US,5,20211105,155500,7.05,7.05,7.05,7.05,100,0
PCSA.US,5,20211105,160500,7.09,7.09,7.09,7.09,200,0
PCSA.US,5,20211105,161000,7.04,7.07,7.04,7.07,400,0
PCSA.US,5,20211105,161500,7.04,7.055,7.04,7.055,200,0
PCSA.US,5,20211105,162500,7.0458,7.0458,7.0458,7.0458,2500,0
PCSA.US,5,20211105,164500,7.04,7.041,7,7.041,1700,0
PCSA.US,5,20211105,170500,6.95,6.98,6.78,6.78,6279,0
PCSA.US,5,20211105,172000,6.8101,6.8101,6.8101,6.8101,2000,0
PCSA.US,5,20211105,172500,6.89,6.89,6.89,6.89,100,0
PCSA.US,5,20211105,173000,6.82,6.9396,6.8097,6.9396,2816,0
PCSA.US,5,20211105,173500,6.8,6.815,6.78,6.815,1980,0
PCSA.US,5,20211105,174000,6.76,6.76,6.66,6.66,1725,0
PCSA.US,5,20211105,174500,6.6949,6.86,6.6949,6.76,5000,0
PCSA.US,5,20211105,175000,6.7,6.7,6.5,6.5493,9520,0
PCSA.US,5,20211105,175500,6.6999,6.6999,6.505,6.505,947,0
PCSA.US,5,20211105,180000,6.505,6.5899,6.505,6.5899,1376,0
PCSA.US,5,20211105,180500,6.58,6.7496,6.55,6.7496,3942,0
PCSA.US,5,20211105,181000,6.84,6.84,6.79,6.79,600,0
PCSA.US,5,20211105,181500,6.89,6.89,6.89,6.89,453,0
PCSA.US,5,20211105,183500,6.9,6.9,6.9,6.9,527,0
PCSA.US,5,20211105,185000,6.862,6.862,6.83,6.83,780,0
PCSA.US,5,20211105,190000,6.835,6.835,6.835,6.835,367,0
PCSA.US,5,20211105,190500,6.84,6.9474,6.84,6.9474,924,0
PCSA.US,5,20211105,191000,6.84,6.84,6.84,6.84,2261,0
PCSA.US,5,20211105,192500,6.855,6.855,6.855,6.855,200,0
PCSA.US,5,20211105,200500,6.83,6.89,6.83,6.855,1100,0
PCSA.US,5,20211105,201000,6.8955,6.8955,6.8955,6.8955,1000,0
PCSA.US,5,20211105,201500,6.9,6.94,6.9,6.94,1596,0
PCSA.US,5,20211105,202000,6.94,6.9865,6.94,6.98,400,0
PCSA.US,5,20211105,204000,6.9,6.9,6.9,6.9,100,0
PCSA.US,5,20211105,204500,6.9,6.9,6.9,6.9,1000,0
PCSA.US,5,20211105,205500,6.95,7,6.95,6.95,1286,0
PCSA.US,5,20211108,153000,6.92,6.92,6.86,6.86,2817,0
PCSA.US,5,20211108,153500,6.87,6.95,6.87,6.95,500,0
PCSA.US,5,20211108,154500,7.0281,7.04,7.0142,7.0142,2100,0
PCSA.US,5,20211108,155000,7.02,7.02,7.02,7.02,200,0
PCSA.US,5,20211108,160000,6.98,7.03,6.98,7.0297,1100,0
PCSA.US,5,20211108,161500,7.08,7.1,7.08,7.1,2665,0
PCSA.US,5,20211108,162000,7.125,7.14,7.125,7.14,200,0
PCSA.US,5,20211108,163000,7.1508,7.1508,7.1508,7.1508,150,0
PCSA.US,5,20211108,163500,7.2298,7.2298,7.2298,7.2298,3015,0
PCSA.US,5,20211108,164000,7.226,7.226,7.226,7.226,555,0
PCSA.US,5,20211108,165000,7.2192,7.2192,7.2192,7.2192,222,0
PCSA.US,5,20211108,165500,7.1,7.139,7.09,7.09,4721,0
PCSA.US,5,20211108,171500,7.14,7.14,7.1,7.1,1323,0
PCSA.US,5,20211108,173500,7.0927,7.0927,7.0927,7.0927,704,0
PCSA.US,5,20211108,174000,7.05,7.07,7.05,7.07,1195,0
PCSA.US,5,20211108,181000,7.04,7.05,7.04,7.05,600,0
PCSA.US,5,20211108,183000,7,7.02,6.98,7.02,500,0
PCSA.US,5,20211108,184500,7.0199,7.0199,7.0199,7.0199,602,0
PCSA.US,5,20211108,185500,6.98,6.98,6.95,6.95,700,0
PCSA.US,5,20211108,190000,6.94,6.94,6.94,6.94,500,0
PCSA.US,5,20211108,190500,6.85,6.86,6.8,6.8,2000,0
PCSA.US,5,20211108,191000,6.75,6.8,6.625,6.8,3250,0
PCSA.US,5,20211108,192000,6.8638,6.8638,6.8638,6.8638,1000,0
PCSA.US,5,20211108,195000,6.89,6.9,6.85,6.855,2250,0
PCSA.US,5,20211108,201500,6.93,6.94,6.93,6.94,200,0
PCSA.US,5,20211108,202000,7.015,7.015,7.015,7.015,100,0
PCSA.US,5,20211108,202500,6.8901,6.9502,6.8901,6.9502,821,0
PCSA.US,5,20211108,204000,6.96,6.96,6.95,6.95,681,0
PCSA.US,5,20211108,210000,6.985,7.07,6.98,7.07,500,0
PCSA.US,5,20211108,210500,6.985,6.985,6.8904,6.8904,500,0
PCSA.US,5,20211108,212500,6.8901,6.8901,6.8901,6.8901,314,0
PCSA.US,5,20211108,214000,6.91,6.91,6.9,6.9001,500,0
PCSA.US,5,20211108,215500,6.89,6.89,6.89,6.89,967,0
PCSA.US,5,20211109,153000,6.85,6.85,6.79,6.79,1437,0
PCSA.US,5,20211109,153500,6.7628,6.7628,6.7628,6.7628,117,0
PCSA.US,5,20211109,160000,6.7682,6.7682,6.7682,6.7682,116,0
PCSA.US,5,20211109,161500,6.8,6.8,6.8,6.8,200,0
PCSA.US,5,20211109,163000,6.87,6.87,6.82,6.82,200,0
PCSA.US,5,20211109,174000,6.8658,6.87,6.86,6.86,1259,0
PCSA.US,5,20211109,180500,6.86,6.86,6.86,6.86,100,0
PCSA.US,5,20211109,184500,6.83,6.83,6.83,6.83,200,0
PCSA.US,5,20211109,190500,6.86,6.86,6.86,6.86,1000,0
PCSA.US,5,20211109,192000,6.86,6.86,6.75,6.75,5690,0
PCSA.US,5,20211109,192500,6.76,6.7915,6.75,6.7915,2900,0
PCSA.US,5,20211109,195500,6.7,6.7,6.7,6.7,105,0
PCSA.US,5,20211109,200000,6.6032,6.6032,6.6032,6.6032,413,0
PCSA.US,5,20211109,201000,6.675,6.695,6.675,6.68,500,0
PCSA.US,5,20211109,202500,6.62,6.62,6.62,6.62,100,0
PCSA.US,5,20211109,204000,6.685,6.77,6.685,6.685,500,0
PCSA.US,5,20211109,205000,6.7,6.7,6.7,6.7,100,0
PCSA.US,5,20211109,210000,6.78,6.78,6.74,6.74,1600,0
PCSA.US,5,20211109,211500,6.71,6.724,6.71,6.724,365,0
PCSA.US,5,20211109,212000,6.7799,6.78,6.7782,6.7782,4600,0
PCSA.US,5,20211109,212500,6.855,6.86,6.855,6.86,400,0
PCSA.US,5,20211109,215000,6.74,6.74,6.74,6.74,100,0
PCSA.US,5,20211109,215500,6.78,6.86,6.78,6.81,900,0
PCSA.US,5,20211110,160500,6.81,6.81,6.81,6.81,100,0
PCSA.US,5,20211110,161500,6.7,6.7,6.7,6.7,100,0
PCSA.US,5,20211110,162000,6.8311,6.8311,6.553,6.7269,2889,0
PCSA.US,5,20211110,162500,6.7,6.7269,6.7,6.7269,200,0
PCSA.US,5,20211110,163000,6.5501,6.5501,6.5501,6.5501,500,0
PCSA.US,5,20211110,163500,6.8447,6.8499,6.715,6.715,6034,0
PCSA.US,5,20211110,170500,6.7961,6.7961,6.7961,6.7961,700,0
PCSA.US,5,20211110,172000,6.7295,6.7295,6.7295,6.7295,208,0
PCSA.US,5,20211110,173000,6.64,6.71,6.62,6.71,2025,0
PCSA.US,5,20211110,173500,6.64,6.71,6.6203,6.71,1000,0
PCSA.US,5,20211110,181500,6.79,6.8,6.79,6.8,600,0
PCSA.US,5,20211110,183000,6.76,6.76,6.76,6.76,110,0
PCSA.US,5,20211110,183500,6.7601,6.7601,6.7601,6.7601,2000,0
PCSA.US,5,20211110,184500,6.79,6.8,6.79,6.8,2155,0
PCSA.US,5,20211110,192000,6.8139,6.8139,6.8139,6.8139,200,0
PCSA.US,5,20211110,193500,6.8149,6.8149,6.8149,6.8149,400,0
PCSA.US,5,20211110,201000,6.85,6.85,6.82,6.8201,1573,0
PCSA.US,5,20211110,202000,6.835,6.835,6.82,6.8201,300,0
PCSA.US,5,20211110,203500,6.82,6.82,6.82,6.82,100,0
PCSA.US,5,20211110,204000,6.82,6.84,6.82,6.84,200,0
PCSA.US,5,20211110,204500,6.8,6.8,6.8,6.8,100,0
PCSA.US,5,20211110,205000,6.82,6.82,6.82,6.82,200,0
PCSA.US,5,20211110,210000,6.81,6.81,6.8,6.808,500,0
PCSA.US,5,20211110,211000,6.84,6.85,6.8164,6.8164,3733,0
PCSA.US,5,20211110,211500,6.835,6.835,6.835,6.835,200,0
PCSA.US,5,20211110,212500,6.835,6.835,6.835,6.835,110,0
PCSA.US,5,20211110,213000,6.835,6.835,6.835,6.835,100,0
PCSA.US,5,20211110,214500,6.835,6.835,6.835,6.835,100,0
PCSA.US,5,20211110,215500,6.86,6.87,6.85,6.87,3333,0
PCSA.US,5,20211111,161000,6.7483,6.7483,6.7483,6.7483,200,0
PCSA.US,5,20211111,163500,6.75,6.75,6.73,6.75,1201,0
PCSA.US,5,20211111,165000,6.74,6.74,6.74,6.74,100,0
PCSA.US,5,20211111,165500,6.74,6.74,6.74,6.74,100,0
PCSA.US,5,20211111,171000,6.75,6.75,6.75,6.75,2472,0
PCSA.US,5,20211111,173500,6.74,6.74,6.74,6.74,400,0
PCSA.US,5,20211111,174000,6.7658,6.7827,6.7658,6.7827,400,0
PCSA.US,5,20211111,175500,6.8,6.8899,6.8,6.8899,2468,0
PCSA.US,5,20211111,191000,6.91,6.9929,6.91,6.9929,3045,0
PCSA.US,5,20211111,192500,6.85,6.86,6.84,6.84,850,0
PCSA.US,5,20211111,201500,6.96,6.96,6.96,6.96,300,0
PCSA.US,5,20211111,204000,6.99,6.99,6.945,6.945,600,0
PCSA.US,5,20211111,210000,6.9893,6.9893,6.9893,6.9893,100,0
PCSA.US,5,20211111,210500,6.9001,6.9001,6.9001,6.9001,750,0
PCSA.US,5,20211111,211000,6.9041,6.9041,6.9041,6.9041,500,0
PCSA.US,5,20211111,212500,6.9237,6.9237,6.9237,6.9237,200,0
PCSA.US,5,20211111,214500,6.91,7.01,6.91,6.985,1450,0
PCSA.US,5,20211111,215000,7.04,7.13,6.98,6.98,2815,0
PCSA.US,5,20211111,215500,6.9901,7.12,6.9901,7.12,1000,0
