<TICKER>,<PER>,<DATE>,<TIME>,<OPEN>,<HIGH>,<LOW>,<CLOSE>,<VOL>,<OPENINT>
PSB_X.US,5,20210922,175500,26.49,26.49,26.49,26.49,100,0
PSB_X.US,5,20210922,181500,26.5,26.5,26.46,26.46,300,0
PSB_X.US,5,20210922,184500,26.5376,26.5376,26.5376,26.5376,110,0
PSB_X.US,5,20210922,195000,26.4886,26.56,26.4886,26.56,285,0
PSB_X.US,5,20210922,200500,26.56,26.56,26.56,26.56,435,0
PSB_X.US,5,20210922,201000,26.6,26.6,26.6,26.6,365,0
PSB_X.US,5,20210922,201500,26.61,26.61,26.6,26.6,300,0
PSB_X.US,5,20210922,202000,26.58,26.59,26.56,26.56,2410,0
PSB_X.US,5,20210922,204500,26.56,26.59,26.56,26.56,2508,0
PSB_X.US,5,20210922,212500,26.5642,26.5642,26.5642,26.5642,100,0
PSB_X.US,5,20210922,213500,26.6,26.6,26.6,26.6,113,0
PSB_X.US,5,20210923,181500,26.568,26.568,26.568,26.568,100,0
PSB_X.US,5,20210923,194000,26.52,26.52,26.52,26.52,351,0
PSB_X.US,5,20210923,201500,26.42,26.42,26.42,26.42,182,0
PSB_X.US,5,20210923,210000,26.61,26.61,26.61,26.61,163,0
PSB_X.US,5,20210924,153000,26.6,26.6,26.6,26.6,117,0
PSB_X.US,5,20210924,164500,26.5384,26.5384,26.5384,26.5384,176,0
PSB_X.US,5,20210924,165000,26.4899,26.4899,26.4899,26.4899,121,0
PSB_X.US,5,20210924,172500,26.48,26.48,26.48,26.48,717,0
PSB_X.US,5,20210924,173500,26.55,26.55,26.54,26.55,635,0
PSB_X.US,5,20210924,182000,26.3725,26.3725,26.3725,26.3725,192,0
PSB_X.US,5,20210924,184000,26.37,26.37,26.36,26.37,870,0
PSB_X.US,5,20210924,184500,26.3719,26.3719,26.3719,26.3719,151,0
PSB_X.US,5,20210924,190500,26.442,26.46,26.442,26.46,379,0
PSB_X.US,5,20210924,215000,26.53,26.53,26.53,26.53,100,0
PSB_X.US,5,20210927,162000,26.4636,26.4636,26.4636,26.4636,164,0
PSB_X.US,5,20210927,181500,26.4799,26.4799,26.4799,26.4799,239,0
PSB_X.US,5,20210927,183000,26.455,26.455,26.455,26.455,104,0
PSB_X.US,5,20210927,194500,26.445,26.445,26.445,26.445,600,0
PSB_X.US,5,20210927,200000,26.4653,26.4653,26.44,26.44,240,0
PSB_X.US,5,20210927,201000,26.45,26.45,26.45,26.45,100,0
PSB_X.US,5,20210927,203500,26.4082,26.4082,26.4082,26.4082,125,0
PSB_X.US,5,20210927,211500,26.4196,26.4196,26.4196,26.4196,153,0
PSB_X.US,5,20210927,214500,26.4473,26.45,26.4473,26.45,200,0
PSB_X.US,5,20210928,154500,26.23,26.23,26.23,26.23,200,0
PSB_X.US,5,20210928,160000,26.23,26.23,26.23,26.23,100,0
PSB_X.US,5,20210928,163000,26.15,26.15,26.15,26.15,100,0
PSB_X.US,5,20210928,163500,26.109,26.109,26.109,26.109,178,0
PSB_X.US,5,20210928,172000,26.13,26.13,26.13,26.13,189,0
PSB_X.US,5,20210928,172500,26.1273,26.13,26.12,26.12,300,0
PSB_X.US,5,20210928,173000,26.15,26.15,26.15,26.15,300,0
PSB_X.US,5,20210928,173500,26.15,26.15,26.15,26.15,600,0
PSB_X.US,5,20210928,174500,26.22,26.23,26.22,26.23,417,0
PSB_X.US,5,20210928,191500,26.2383,26.2383,26.2383,26.2383,218,0
PSB_X.US,5,20210928,200500,26.1437,26.1437,26.1437,26.1437,200,0
PSB_X.US,5,20210928,201500,26.115,26.115,26.115,26.115,622,0
PSB_X.US,5,20210928,203500,26.165,26.165,26.165,26.165,319,0
PSB_X.US,5,20210928,215000,26.135,26.135,26.135,26.135,300,0
PSB_X.US,5,20210929,161000,26.15,26.15,26.15,26.15,800,0
PSB_X.US,5,20210929,161500,26.19,26.19,26.19,26.19,1140,0
PSB_X.US,5,20210929,162500,26.28,26.28,26.28,26.28,122,0
PSB_X.US,5,20210929,180000,26.2699,26.2699,26.2699,26.2699,353,0
PSB_X.US,5,20210929,185000,26.18,26.18,26.18,26.18,3588,0
PSB_X.US,5,20210929,191000,26.21,26.21,26.21,26.21,111,0
PSB_X.US,5,20210929,191500,26.23,26.23,26.21,26.21,200,0
PSB_X.US,5,20210929,213500,26.2,26.27,26.2,26.2,695,0
PSB_X.US,5,20210929,215500,26.36,26.4,26.36,26.4,861,0
PSB_X.US,5,20210930,153000,26.49,26.49,26.415,26.415,1597,0
PSB_X.US,5,20210930,162500,26.25,26.25,26.25,26.25,263,0
PSB_X.US,5,20210930,174500,26.33,26.33,26.33,26.33,100,0
PSB_X.US,5,20210930,180500,26.2558,26.2558,26.2558,26.2558,1000,0
PSB_X.US,5,20210930,181500,26.39,26.39,26.39,26.39,370,0
PSB_X.US,5,20210930,182000,26.3042,26.3042,26.3042,26.3042,102,0
PSB_X.US,5,20210930,183500,26.31,26.31,26.31,26.31,100,0
PSB_X.US,5,20210930,194500,26.2874,26.29,26.2874,26.29,295,0
PSB_X.US,5,20210930,200500,26.29,26.29,26.29,26.29,200,0
PSB_X.US,5,20210930,201000,26.2899,26.29,26.2899,26.29,749,0
PSB_X.US,5,20210930,202000,26.275,26.29,26.275,26.29,210,0
PSB_X.US,5,20210930,202500,26.28,26.28,26.275,26.275,200,0
PSB_X.US,5,20210930,203000,26.28,26.29,26.275,26.29,400,0
PSB_X.US,5,20210930,203500,26.29,26.29,26.29,26.29,200,0
PSB_X.US,5,20210930,204500,26.29,26.29,26.29,26.29,200,0
PSB_X.US,5,20210930,205000,26.29,26.29,26.29,26.29,100,0
PSB_X.US,5,20210930,205500,26.29,26.29,26.28,26.28,300,0
PSB_X.US,5,20210930,210500,26.29,26.36,26.29,26.36,5554,0
PSB_X.US,5,20210930,211000,26.46,26.46,26.46,26.46,200,0
PSB_X.US,5,20210930,211500,26.46,26.46,26.46,26.46,200,0
PSB_X.US,5,20210930,212000,26.46,26.46,26.46,26.46,125,0
PSB_X.US,5,20210930,212500,26.3625,26.46,26.3625,26.46,367,0
PSB_X.US,5,20210930,213000,26.46,26.46,26.29,26.29,4914,0
PSB_X.US,5,20210930,213500,26.29,26.29,26.29,26.29,100,0
PSB_X.US,5,20210930,214000,26.29,26.361,26.29,26.361,2300,0
PSB_X.US,5,20210930,214500,26.45,26.45,26.45,26.45,481,0
PSB_X.US,5,20210930,215000,26.45,26.45,26.45,26.45,1734,0
PSB_X.US,5,20210930,215500,26.45,26.46,26.375,26.46,9753,0
PSB_X.US,5,20211001,160000,26.4,26.4,26.4,26.4,127,0
PSB_X.US,5,20211001,161000,26.4,26.49,26.3118,26.49,2337,0
PSB_X.US,5,20211001,164500,26.4,26.4,26.4,26.4,1420,0
PSB_X.US,5,20211001,170000,26.4732,26.4732,26.4732,26.4732,163,0
PSB_X.US,5,20211001,181500,26.49,26.49,26.49,26.49,481,0
PSB_X.US,5,20211001,182500,26.36,26.4,26.36,26.4,400,0
PSB_X.US,5,20211001,183000,26.4378,26.4378,26.4378,26.4378,178,0
PSB_X.US,5,20211001,192000,26.415,26.415,26.415,26.415,1000,0
PSB_X.US,5,20211001,194500,26.4744,26.4744,26.4744,26.4744,111,0
PSB_X.US,5,20211001,205500,26.44,26.44,26.44,26.44,100,0
PSB_X.US,5,20211001,212000,26.34,26.34,26.34,26.34,155,0
PSB_X.US,5,20211001,213500,26.4425,26.4425,26.4425,26.4425,300,0
PSB_X.US,5,20211001,214000,26.445,26.445,26.445,26.445,400,0
PSB_X.US,5,20211001,214500,26.34,26.445,26.34,26.34,1168,0
PSB_X.US,5,20211004,155500,26.33,26.33,26.33,26.33,831,0
PSB_X.US,5,20211004,162000,26.25,26.27,26.25,26.27,1762,0
PSB_X.US,5,20211004,163500,26.1735,26.1735,26.1735,26.1735,400,0
PSB_X.US,5,20211004,164000,26.265,26.265,26.265,26.265,831,0
PSB_X.US,5,20211004,165000,26.1622,26.1622,26.1622,26.1622,234,0
PSB_X.US,5,20211004,165500,26.16,26.27,26.155,26.27,1655,0
PSB_X.US,5,20211004,171000,26.27,26.27,26.2368,26.27,800,0
PSB_X.US,5,20211004,171500,26.27,26.27,26.27,26.27,1192,0
PSB_X.US,5,20211004,194500,26.265,26.265,26.265,26.265,1035,0
PSB_X.US,5,20211004,195500,26.3409,26.3409,26.3409,26.3409,119,0
PSB_X.US,5,20211004,201000,26.24,26.265,26.24,26.265,708,0
PSB_X.US,5,20211004,210000,26.36,26.36,26.36,26.36,500,0
PSB_X.US,5,20211004,212000,26.245,26.245,26.245,26.245,382,0
PSB_X.US,5,20211004,215000,26.21,26.21,26.21,26.21,146,0
PSB_X.US,5,20211005,160000,26.235,26.235,26.235,26.235,400,0
PSB_X.US,5,20211005,161500,26.21,26.21,26.21,26.21,100,0
PSB_X.US,5,20211005,162000,26.21,26.21,26.21,26.21,1500,0
PSB_X.US,5,20211005,163000,26.17,26.19,26.14,26.14,1204,0
PSB_X.US,5,20211005,164000,26.14,26.14,26.14,26.14,438,0
PSB_X.US,5,20211005,164500,26.149,26.149,26.149,26.149,158,0
PSB_X.US,5,20211005,170000,26.125,26.125,26.125,26.125,100,0
PSB_X.US,5,20211005,170500,26.125,26.125,26.125,26.125,100,0
PSB_X.US,5,20211005,171000,26.1286,26.15,26.1286,26.15,767,0
PSB_X.US,5,20211005,171500,26.17,26.17,26.17,26.17,200,0
PSB_X.US,5,20211005,173500,26.1329,26.145,26.1329,26.145,200,0
PSB_X.US,5,20211005,184500,26.15,26.15,26.15,26.15,100,0
PSB_X.US,5,20211005,192500,26.15,26.15,26.15,26.15,128,0
PSB_X.US,5,20211005,193000,26.13,26.13,26.09,26.09,700,0
PSB_X.US,5,20211005,193500,26.05,26.1025,26.05,26.1025,389,0
PSB_X.US,5,20211005,194500,26.1288,26.1288,26.105,26.105,285,0
PSB_X.US,5,20211005,204500,26.16,26.16,26.15,26.16,4181,0
PSB_X.US,5,20211005,205000,26.1583,26.1583,26.1583,26.1583,158,0
PSB_X.US,5,20211005,211500,26.15,26.15,26.03,26.03,4839,0
PSB_X.US,5,20211005,213500,26.025,26.025,25.995,26.01,4538,0
PSB_X.US,5,20211005,215500,25.9575,25.9575,25.95,25.95,1000,0
PSB_X.US,5,20211006,160500,25.96,26.02,25.95,26.02,1701,0
PSB_X.US,5,20211006,161500,25.95,25.95,25.94,25.95,2244,0
PSB_X.US,5,20211006,163500,25.9493,25.9493,25.9393,25.94,1000,0
PSB_X.US,5,20211006,164000,25.94,25.94,25.94,25.94,4734,0
PSB_X.US,5,20211006,164500,25.96,25.97,25.96,25.97,1161,0
PSB_X.US,5,20211006,165000,26,26.01,26,26.01,2429,0
PSB_X.US,5,20211006,173500,25.95,25.96,25.94,25.96,3515,0
PSB_X.US,5,20211006,182500,25.97,25.97,25.955,25.955,1309,0
PSB_X.US,5,20211006,184000,25.98,25.98,25.98,25.98,4700,0
PSB_X.US,5,20211006,184500,25.98,25.98,25.98,25.98,3000,0
PSB_X.US,5,20211006,192000,25.98,25.98,25.98,25.98,246,0
PSB_X.US,5,20211006,194500,25.935,25.935,25.935,25.935,164,0
PSB_X.US,5,20211006,200500,25.901,25.901,25.901,25.901,100,0
PSB_X.US,5,20211006,202500,25.9522,25.9522,25.9522,25.9522,128,0
PSB_X.US,5,20211006,213500,25.935,25.935,25.935,25.935,694,0
PSB_X.US,5,20211006,215000,25.89,25.98,25.89,25.98,4200,0
PSB_X.US,5,20211006,215500,25.98,25.98,25.98,25.98,2608,0
PSB_X.US,5,20211007,160500,25.9015,25.9015,25.9015,25.9015,100,0
PSB_X.US,5,20211007,161000,25.9521,25.9521,25.9521,25.9521,1618,0
PSB_X.US,5,20211007,164000,25.9942,25.9942,25.9942,25.9942,167,0
PSB_X.US,5,20211007,165500,25.9,25.9,25.9,25.9,800,0
PSB_X.US,5,20211007,172500,26.04,26.05,25.91,25.98,8724,0
PSB_X.US,5,20211007,173000,25.969,25.969,25.969,25.969,147,0
PSB_X.US,5,20211007,182500,25.9996,25.9996,25.9996,25.9996,500,0
PSB_X.US,5,20211007,191000,25.92,26,25.9,26,1000,0
PSB_X.US,5,20211007,194500,25.92,26,25.92,26,700,0
PSB_X.US,5,20211007,203500,25.99,25.99,25.98,25.98,2400,0
PSB_X.US,5,20211007,204000,25.985,25.985,25.985,25.985,2900,0
PSB_X.US,5,20211007,211000,25.92,25.96,25.9,25.9,711,0
PSB_X.US,5,20211007,215500,25.93,25.93,25.93,25.93,100,0
PSB_X.US,5,20211008,161500,25.8501,25.8501,25.85,25.85,602,0
PSB_X.US,5,20211008,162000,25.94,25.94,25.94,25.94,500,0
PSB_X.US,5,20211008,162500,25.93,25.93,25.8517,25.8517,500,0
PSB_X.US,5,20211008,163000,25.93,25.93,25.93,25.93,500,0
PSB_X.US,5,20211008,164000,25.925,25.925,25.925,25.925,112,0
PSB_X.US,5,20211008,165500,25.92,25.93,25.92,25.925,561,0
PSB_X.US,5,20211008,170500,25.8846,25.925,25.85,25.85,472,0
PSB_X.US,5,20211008,172500,25.92,25.92,25.92,25.92,300,0
PSB_X.US,5,20211008,173500,25.85,25.85,25.85,25.85,100,0
PSB_X.US,5,20211008,180500,25.9,25.9,25.85,25.85,300,0
PSB_X.US,5,20211008,181500,25.95,25.95,25.95,25.95,125,0
PSB_X.US,5,20211008,184500,25.9,25.9,25.875,25.875,700,0
PSB_X.US,5,20211008,185000,25.875,25.875,25.875,25.875,200,0
PSB_X.US,5,20211008,192500,25.875,25.875,25.875,25.875,100,0
PSB_X.US,5,20211008,194000,25.8914,25.8914,25.8914,25.8914,103,0
PSB_X.US,5,20211008,195000,25.8928,25.9,25.8654,25.8654,383,0
PSB_X.US,5,20211008,202000,25.875,25.875,25.875,25.875,100,0
PSB_X.US,5,20211008,204500,25.8797,25.8797,25.8797,25.8797,209,0
PSB_X.US,5,20211008,205500,25.85,25.85,25.85,25.85,100,0
PSB_X.US,5,20211008,211000,25.865,25.865,25.865,25.865,163,0
PSB_X.US,5,20211008,211500,25.865,25.88,25.865,25.88,500,0
PSB_X.US,5,20211008,212500,25.88,25.88,25.88,25.88,600,0
PSB_X.US,5,20211008,213500,25.865,25.88,25.865,25.88,2072,0
PSB_X.US,5,20211008,215000,25.99,26,25.99,25.99,2200,0
PSB_X.US,5,20211011,163500,25.89,25.89,25.89,25.89,4800,0
PSB_X.US,5,20211011,164000,25.89,25.89,25.89,25.89,300,0
PSB_X.US,5,20211011,164500,25.76,25.76,25.76,25.76,128,0
PSB_X.US,5,20211011,170000,25.89,25.89,25.89,25.89,229,0
PSB_X.US,5,20211011,172500,25.885,25.89,25.885,25.885,600,0
PSB_X.US,5,20211011,173000,25.89,25.89,25.89,25.89,700,0
PSB_X.US,5,20211011,183000,25.83,25.8325,25.83,25.8325,200,0
PSB_X.US,5,20211011,191500,25.8794,25.8794,25.8794,25.8794,133,0
PSB_X.US,5,20211011,203500,25.8199,25.8199,25.8199,25.8199,120,0
PSB_X.US,5,20211011,210500,25.87,25.87,25.87,25.87,6156,0
PSB_X.US,5,20211011,214000,25.95,25.99,25.89,25.89,4100,0
PSB_X.US,5,20211011,215000,25.97,25.99,25.97,25.99,300,0
PSB_X.US,5,20211012,171000,25.929,25.929,25.929,25.929,100,0
PSB_X.US,5,20211012,192000,25.94,25.94,25.94,25.94,197,0
PSB_X.US,5,20211012,193500,25.959,25.96,25.959,25.96,3481,0
PSB_X.US,5,20211012,195000,26.03,26.03,26.03,26.03,100,0
PSB_X.US,5,20211012,213500,25.9881,25.9881,25.9881,25.9881,327,0
PSB_X.US,5,20211012,215500,26,26,26,26,139,0
PSB_X.US,5,20211013,155500,25.979,26.04,25.979,26.01,1500,0
PSB_X.US,5,20211013,161000,26.01,26.015,26.01,26.015,449,0
PSB_X.US,5,20211013,162000,26.03,26.03,26.03,26.03,100,0
PSB_X.US,5,20211013,163000,26.04,26.04,26.04,26.04,545,0
PSB_X.US,5,20211013,163500,26.03,26.03,26.01,26.01,300,0
PSB_X.US,5,20211013,165000,26.01,26.01,26.01,26.01,100,0
PSB_X.US,5,20211013,172500,26.01,26.01,26.01,26.01,100,0
PSB_X.US,5,20211013,175000,26.016,26.016,26.016,26.016,126,0
PSB_X.US,5,20211013,180000,26.04,26.04,26.02,26.02,525,0
PSB_X.US,5,20211013,180500,26.021,26.0221,26.021,26.0221,286,0
PSB_X.US,5,20211013,181000,26.04,26.04,26.04,26.04,196,0
PSB_X.US,5,20211013,183500,26.04,26.05,26.04,26.05,9400,0
PSB_X.US,5,20211013,184000,26.02,26.02,26.02,26.02,100,0
PSB_X.US,5,20211013,191500,26.04,26.11,26.04,26.05,415,0
PSB_X.US,5,20211013,193500,26.05,26.05,26.05,26.05,600,0
PSB_X.US,5,20211013,201500,26.0499,26.0499,26.0499,26.0499,239,0
PSB_X.US,5,20211013,203000,26.03,26.03,26.03,26.03,139,0
PSB_X.US,5,20211013,210500,26.05,26.05,26.05,26.05,100,0
PSB_X.US,5,20211013,211000,26.05,26.05,26.05,26.05,100,0
PSB_X.US,5,20211013,215500,26.03,26.03,25.98,25.98,1555,0
PSB_X.US,5,20211014,155000,26.0723,26.0723,26.0723,26.0723,185,0
PSB_X.US,5,20211014,172500,26.1,26.1,26.03,26.039,480,0
PSB_X.US,5,20211014,174000,26.05,26.05,26.05,26.05,100,0
PSB_X.US,5,20211014,192500,26.1,26.1,26.1,26.1,3284,0
PSB_X.US,5,20211014,195000,26.1,26.1,26.05,26.05,700,0
PSB_X.US,5,20211014,201000,26.09,26.1,26.05,26.1,3800,0
PSB_X.US,5,20211014,203000,26.0608,26.0608,26.0608,26.0608,100,0
PSB_X.US,5,20211014,204500,26.12,26.12,26.03,26.05,7700,0
PSB_X.US,5,20211014,205000,26.0768,26.0768,26.0768,26.0768,150,0
PSB_X.US,5,20211014,212500,26.12,26.12,26.1199,26.1199,432,0
PSB_X.US,5,20211014,214500,26.1027,26.12,26.1027,26.1194,600,0
PSB_X.US,5,20211014,215000,26.12,26.12,26.12,26.12,484,0
PSB_X.US,5,20211015,170500,26.08,26.08,26.06,26.06,293,0
PSB_X.US,5,20211015,171000,26.07,26.07,26.07,26.07,100,0
PSB_X.US,5,20211015,172000,26.05,26.05,26.05,26.05,255,0
PSB_X.US,5,20211015,173000,26.1151,26.1151,26.1151,26.1151,100,0
PSB_X.US,5,20211015,174500,26.08,26.09,26.068,26.068,300,0
PSB_X.US,5,20211015,175000,26.1091,26.1091,26.1091,26.1091,106,0
PSB_X.US,5,20211015,175500,26.12,26.12,26.12,26.12,185,0
PSB_X.US,5,20211015,180500,26.08,26.09,26.08,26.09,200,0
PSB_X.US,5,20211015,183000,26.08,26.08,26.08,26.08,3700,0
PSB_X.US,5,20211015,201000,26.12,26.12,26.12,26.12,1486,0
PSB_X.US,5,20211015,205000,26.08,26.08,26.08,26.08,2300,0
PSB_X.US,5,20211015,205500,26.14,26.14,26.14,26.14,125,0
PSB_X.US,5,20211015,212000,26.2047,26.2047,26.2047,26.2047,151,0
PSB_X.US,5,20211015,213000,26.21,26.21,26.21,26.21,100,0
PSB_X.US,5,20211015,213500,26.22,26.22,26.22,26.22,100,0
PSB_X.US,5,20211015,214000,26.22,26.22,26.22,26.22,200,0
PSB_X.US,5,20211015,214500,26.22,26.22,26.0616,26.0616,325,0
PSB_X.US,5,20211015,215000,26.22,26.35,26.18,26.35,4513,0
PSB_X.US,5,20211015,215500,26.35,26.59,26.33,26.59,36449,0
PSB_X.US,5,20211018,153000,26.49,26.49,26.49,26.49,548,0
PSB_X.US,5,20211018,175000,26.38,26.38,26.375,26.375,485,0
PSB_X.US,5,20211018,175500,26.3,26.375,26.26,26.305,1549,0
PSB_X.US,5,20211018,194500,26.34,26.34,26.34,26.34,100,0
PSB_X.US,5,20211018,195000,26.37,26.37,26.37,26.37,200,0
PSB_X.US,5,20211018,215500,26.51,26.51,26.51,26.51,292,0
PSB_X.US,5,20211019,165000,26.3056,26.3056,26.3056,26.3056,682,0
PSB_X.US,5,20211019,170000,26.35,26.35,26.35,26.35,100,0
PSB_X.US,5,20211019,171500,26.5469,26.5469,26.5469,26.5469,127,0
PSB_X.US,5,20211019,174000,26.53,26.55,26.5,26.55,2700,0
PSB_X.US,5,20211019,184500,26.48,26.55,26.28,26.28,1470,0
PSB_X.US,5,20211019,192500,26.28,26.31,26.28,26.28,3890,0
PSB_X.US,5,20211019,195500,26.51,26.51,26.51,26.51,100,0
PSB_X.US,5,20211020,160000,26.6,26.6,26.45,26.45,2658,0
PSB_X.US,5,20211020,161000,26.34,26.35,26.32,26.32,1173,0
PSB_X.US,5,20211020,174500,26.38,26.38,26.38,26.38,300,0
PSB_X.US,5,20211020,175000,26.38,26.38,26.38,26.38,500,0
PSB_X.US,5,20211020,180000,26.34,26.3409,26.31,26.31,856,0
PSB_X.US,5,20211020,180500,26.33,26.34,26.33,26.34,405,0
PSB_X.US,5,20211020,182000,26.34,26.34,26.34,26.34,232,0
PSB_X.US,5,20211020,185500,26.34,26.37,26.34,26.37,400,0
PSB_X.US,5,20211020,193000,26.3,26.3,26.2903,26.2903,783,0
PSB_X.US,5,20211020,201000,26.3576,26.3576,26.3576,26.3576,123,0
PSB_X.US,5,20211020,212000,26.38,26.38,26.38,26.38,100,0
PSB_X.US,5,20211020,212500,26.37,26.37,26.37,26.37,234,0
PSB_X.US,5,20211020,214500,26.3747,26.3747,26.3747,26.3747,146,0
PSB_X.US,5,20211020,215000,26.35,26.35,26.35,26.35,100,0
PSB_X.US,5,20211020,215500,26.36,26.36,26.3,26.3,1328,0
PSB_X.US,5,20211021,154500,26.5441,26.5441,26.5441,26.5441,352,0
PSB_X.US,5,20211021,160000,26.5195,26.5195,26.5195,26.5195,268,0
PSB_X.US,5,20211021,162500,26.425,26.425,26.425,26.425,1000,0
PSB_X.US,5,20211021,163000,26.36,26.36,26.32,26.3201,1349,0
PSB_X.US,5,20211021,171000,26.3776,26.3776,26.3776,26.3776,109,0
PSB_X.US,5,20211021,173000,26.3119,26.3119,26.3101,26.3101,1000,0
PSB_X.US,5,20211021,181000,26.32,26.32,26.3,26.3,300,0
PSB_X.US,5,20211021,191000,26.3869,26.3869,26.31,26.31,1000,0
PSB_X.US,5,20211021,191500,26.3,26.3,26.28,26.28,2976,0
PSB_X.US,5,20211021,192500,26.28,26.2979,26.28,26.285,761,0
PSB_X.US,5,20211021,193500,26.29,26.29,26.25,26.25,470,0
PSB_X.US,5,20211021,194000,26.29,26.29,26.29,26.29,131,0
PSB_X.US,5,20211021,215500,26.26,26.26,26.26,26.26,100,0
PSB_X.US,5,20211022,153000,26.29,26.29,26.29,26.29,133,0
PSB_X.US,5,20211022,161000,26.22,26.22,26.22,26.22,100,0
PSB_X.US,5,20211022,164500,26.255,26.255,26.255,26.255,183,0
PSB_X.US,5,20211022,171500,26.21,26.21,26.21,26.21,897,0
PSB_X.US,5,20211022,173500,26.21,26.21,26.21,26.21,292,0
PSB_X.US,5,20211022,174500,26.24,26.24,26.24,26.24,146,0
PSB_X.US,5,20211022,183500,26.2592,26.2592,26.2592,26.2592,283,0
PSB_X.US,5,20211022,213000,26.22,26.22,26.22,26.22,314,0
PSB_X.US,5,20211025,153000,26.14,26.14,26.14,26.14,589,0
PSB_X.US,5,20211025,162000,26.24,26.25,26.2,26.2,400,0
PSB_X.US,5,20211025,162500,26.249,26.29,26.22,26.29,1366,0
PSB_X.US,5,20211025,163000,26.16,26.23,26.15,26.23,300,0
PSB_X.US,5,20211025,164500,26.2884,26.2884,26.2884,26.2884,122,0
PSB_X.US,5,20211025,165500,26.21,26.21,26.21,26.21,246,0
PSB_X.US,5,20211025,170500,26.21,26.21,26.21,26.21,102,0
PSB_X.US,5,20211025,173500,26.2416,26.25,26.2416,26.25,3300,0
PSB_X.US,5,20211025,195500,26.38,26.38,26.38,26.38,143,0
PSB_X.US,5,20211025,203000,26.17,26.17,26.17,26.17,156,0
PSB_X.US,5,20211025,210500,26.19,26.19,26.19,26.19,500,0
PSB_X.US,5,20211025,215000,26.24,26.24,26.24,26.24,100,0
PSB_X.US,5,20211025,215500,26.25,26.25,26.25,26.25,100,0
PSB_X.US,5,20211026,153000,26.19,26.19,26.19,26.19,484,0
PSB_X.US,5,20211026,161500,26.19,26.19,26.19,26.19,100,0
PSB_X.US,5,20211026,164500,26.33,26.33,26.225,26.225,462,0
PSB_X.US,5,20211026,171000,26.225,26.225,26.22,26.22,200,0
PSB_X.US,5,20211026,181000,26.31,26.31,26.31,26.31,100,0
PSB_X.US,5,20211026,193500,26.33,26.33,26.33,26.33,148,0
PSB_X.US,5,20211026,194500,26.33,26.3301,26.33,26.3301,272,0
PSB_X.US,5,20211026,200000,26.3681,26.3681,26.3681,26.3681,623,0
PSB_X.US,5,20211026,202500,26.42,26.42,26.42,26.42,127,0
PSB_X.US,5,20211026,203500,26.2983,26.2983,26.2983,26.2983,500,0
PSB_X.US,5,20211026,212000,26.2915,26.2915,26.2915,26.2915,500,0
PSB_X.US,5,20211027,153000,26.41,26.41,26.41,26.41,237,0
PSB_X.US,5,20211027,160500,26.255,26.255,26.255,26.255,115,0
PSB_X.US,5,20211027,161500,26.255,26.255,26.255,26.255,100,0
PSB_X.US,5,20211027,173000,26.24,26.24,26.24,26.24,125,0
PSB_X.US,5,20211027,185000,26.28,26.28,26.28,26.28,185,0
PSB_X.US,5,20211027,185500,26.2821,26.2821,26.2821,26.2821,111,0
PSB_X.US,5,20211027,191000,26.28,26.28,26.28,26.28,319,0
PSB_X.US,5,20211027,195000,26.28,26.28,26.2747,26.28,371,0
PSB_X.US,5,20211027,204500,26.21,26.21,26.21,26.21,102,0
PSB_X.US,5,20211027,210500,26.2701,26.2701,26.2701,26.2701,401,0
PSB_X.US,5,20211027,215500,26.21,26.21,26.21,26.21,816,0
PSB_X.US,5,20211028,172500,26.3386,26.3386,26.3386,26.3386,120,0
PSB_X.US,5,20211028,203500,26.2624,26.2624,26.2624,26.2624,200,0
PSB_X.US,5,20211028,205000,26.27,26.27,26.27,26.27,100,0
PSB_X.US,5,20211028,211000,26.3207,26.3207,26.3207,26.3207,2000,0
PSB_X.US,5,20211028,215000,26.28,26.28,26.28,26.28,100,0
PSB_X.US,5,20211029,153000,26.19,26.19,26.19,26.19,105,0
PSB_X.US,5,20211029,160500,26.477,26.477,26.477,26.477,140,0
PSB_X.US,5,20211029,173000,26.44,26.49,26.41,26.49,3385,0
PSB_X.US,5,20211029,174000,26.2029,26.2029,26.2029,26.2029,390,0
PSB_X.US,5,20211029,184500,26.47,26.47,26.47,26.47,3385,0
PSB_X.US,5,20211029,194500,26.2544,26.2544,26.25,26.25,1004,0
PSB_X.US,5,20211029,200000,26.22,26.3,26.21,26.3,828,0
PSB_X.US,5,20211029,201000,26.2,26.2,26.2,26.2,158,0
PSB_X.US,5,20211029,203500,26.24,26.3,26.22,26.3,2200,0
PSB_X.US,5,20211029,204000,26.2,26.2,26.2,26.2,100,0
PSB_X.US,5,20211029,205000,26.24,26.31,26.22,26.31,411,0
PSB_X.US,5,20211029,205500,26.24,26.25,26.24,26.24,300,0
PSB_X.US,5,20211029,210000,26.22,26.22,26.22,26.22,200,0
PSB_X.US,5,20211029,210500,26.23,26.24,26.23,26.24,200,0
PSB_X.US,5,20211029,211000,26.25,26.25,26.21,26.21,800,0
PSB_X.US,5,20211029,212000,26.2,26.2,26.19,26.19,700,0
PSB_X.US,5,20211029,212500,26.19,26.19,26.19,26.19,400,0
PSB_X.US,5,20211029,213000,26.2205,26.2205,26.2,26.2,667,0
PSB_X.US,5,20211029,213500,26.21,26.21,26.2,26.2,478,0
PSB_X.US,5,20211029,214000,26.21,26.21,26.14,26.15,669,0
PSB_X.US,5,20211029,214500,26.16,26.16,26.14,26.14,984,0
PSB_X.US,5,20211029,215000,26.14,26.3,26.14,26.14,1578,0
PSB_X.US,5,20211029,215500,26.14,26.25,26.05,26.1,9930,0
PSB_X.US,5,20211101,143500,26.3133,26.3133,26.3133,26.3133,146,0
PSB_X.US,5,20211101,162000,26.19,26.19,26.19,26.19,126,0
PSB_X.US,5,20211101,172000,26.11,26.11,26.08,26.1,300,0
PSB_X.US,5,20211101,172500,26.1041,26.11,26.1041,26.11,312,0
PSB_X.US,5,20211101,173000,26.11,26.118,26.11,26.11,700,0
PSB_X.US,5,20211101,174500,26.09,26.09,26.07,26.08,3678,0
PSB_X.US,5,20211101,175000,26.08,26.08,26.0758,26.08,637,0
PSB_X.US,5,20211101,180500,26.051,26.22,26.051,26.22,4240,0
PSB_X.US,5,20211101,194000,26.2,26.2,26.2,26.2,100,0
PSB_X.US,5,20211101,195000,26.205,26.25,26.17,26.25,508,0
PSB_X.US,5,20211101,195500,26.19,26.19,26.18,26.18,240,0
PSB_X.US,5,20211101,200500,26.2,26.209,26.2,26.209,410,0
PSB_X.US,5,20211101,201500,26.25,26.25,26.25,26.25,100,0
PSB_X.US,5,20211101,203000,26.28,26.28,26.28,26.28,100,0
PSB_X.US,5,20211101,204500,26.17,26.17,26.17,26.17,105,0
PSB_X.US,5,20211101,205000,26.3,26.3,26.1953,26.1953,740,0
PSB_X.US,5,20211101,205500,26.2895,26.2895,26.2895,26.2895,600,0
PSB_X.US,5,20211102,143000,26.18,26.18,26.18,26.18,100,0
PSB_X.US,5,20211102,153000,26.14,26.14,26.14,26.14,100,0
PSB_X.US,5,20211102,162000,26.1867,26.1867,26.1867,26.1867,200,0
PSB_X.US,5,20211102,175500,26.225,26.225,26.225,26.225,192,0
PSB_X.US,5,20211102,191000,26.3031,26.3031,26.3031,26.3031,600,0
PSB_X.US,5,20211102,201000,26.2133,26.2133,26.2133,26.2133,192,0
PSB_X.US,5,20211102,205000,26.21,26.21,26.21,26.21,300,0
PSB_X.US,5,20211103,143000,26.13,26.13,26.13,26.13,137,0
PSB_X.US,5,20211103,151500,26.2209,26.2209,26.1733,26.1733,654,0
PSB_X.US,5,20211103,162500,26.2157,26.2157,26.2157,26.2157,187,0
PSB_X.US,5,20211103,165000,26.121,26.121,26.121,26.121,145,0
PSB_X.US,5,20211103,174000,26.1437,26.1437,26.1437,26.1437,111,0
PSB_X.US,5,20211103,183000,26.19,26.2248,26.19,26.2248,304,0
PSB_X.US,5,20211103,185000,26.19,26.19,26.19,26.19,353,0
PSB_X.US,5,20211103,190500,26.1548,26.2476,26.1548,26.2476,526,0
PSB_X.US,5,20211103,202000,26.25,26.25,26.25,26.25,194,0
PSB_X.US,5,20211103,202500,26.18,26.18,26.18,26.18,201,0
PSB_X.US,5,20211103,203000,26.2402,26.2402,26.2402,26.2402,100,0
PSB_X.US,5,20211103,204000,26.24,26.24,26.24,26.24,100,0
PSB_X.US,5,20211103,205000,26.19,26.199,26.18,26.18,619,0
PSB_X.US,5,20211104,143000,26.12,26.17,26.12,26.17,310,0
PSB_X.US,5,20211104,153000,26.17,26.17,26.17,26.17,200,0
PSB_X.US,5,20211104,155500,26.16,26.16,26.16,26.16,250,0
PSB_X.US,5,20211104,183000,26.1699,26.1699,26.1699,26.1699,1000,0
PSB_X.US,5,20211104,184500,26.1456,26.1456,26.14,26.14,680,0
PSB_X.US,5,20211104,185500,26.149,26.149,26.149,26.149,209,0
PSB_X.US,5,20211104,190000,26.1632,26.1632,26.1632,26.1632,365,0
PSB_X.US,5,20211104,191000,26.1679,26.1679,26.1679,26.1679,100,0
PSB_X.US,5,20211104,194500,26.1699,26.17,26.1699,26.17,254,0
PSB_X.US,5,20211104,200000,26.1501,26.1501,26.1501,26.1501,250,0
PSB_X.US,5,20211104,201500,26.15,26.15,26.15,26.15,123,0
PSB_X.US,5,20211104,202500,26.13,26.14,26.1106,26.1106,1779,0
PSB_X.US,5,20211104,205500,26.08,26.08,26.08,26.08,247,0
PSB_X.US,5,20211105,143000,26.06,26.06,26.06,26.06,684,0
PSB_X.US,5,20211105,150500,26.1239,26.1239,26.1239,26.1239,217,0
PSB_X.US,5,20211105,171500,26.095,26.095,26.095,26.095,161,0
PSB_X.US,5,20211105,181000,26.08,26.08,26.0701,26.0701,424,0
PSB_X.US,5,20211105,183000,26.1165,26.1165,26.1165,26.1165,300,0
PSB_X.US,5,20211105,191000,26.12,26.12,26.119,26.119,300,0
PSB_X.US,5,20211105,201000,26.23,26.23,26.23,26.23,300,0
PSB_X.US,5,20211105,202500,26.24,26.24,26.24,26.24,100,0
PSB_X.US,5,20211105,203000,26.22,26.22,26.22,26.22,134,0
PSB_X.US,5,20211105,203500,26.23,26.23,26.23,26.23,200,0
PSB_X.US,5,20211105,204000,26.23,26.255,26.22,26.22,387,0
PSB_X.US,5,20211105,205500,26.2653,26.2653,26.2653,26.2653,200,0
PSB_X.US,5,20211108,161500,26.2047,26.2047,26.2047,26.2047,131,0
PSB_X.US,5,20211108,162500,26.1201,26.1201,26.1201,26.1201,102,0
PSB_X.US,5,20211108,163000,26.17,26.17,26.17,26.17,133,0
PSB_X.US,5,20211108,170000,26.1866,26.1866,26.1866,26.1866,111,0
PSB_X.US,5,20211108,182000,26.1208,26.1208,26.1208,26.1208,400,0
PSB_X.US,5,20211108,190500,26.1401,26.1401,26.1401,26.1401,205,0
PSB_X.US,5,20211108,192000,26.1401,26.1413,26.1401,26.1413,569,0
PSB_X.US,5,20211108,195500,26.15,26.15,26.1492,26.15,2930,0
PSB_X.US,5,20211108,200000,26.129,26.129,26.129,26.129,251,0
PSB_X.US,5,20211108,205000,26.16,26.16,26.12,26.12,1719,0
PSB_X.US,5,20211108,211500,26.14,26.14,26.14,26.14,100,0
PSB_X.US,5,20211108,215500,26.2,26.2,26.2,26.2,114,0
PSB_X.US,5,20211109,163500,26.0502,26.06,26.0502,26.0502,300,0
PSB_X.US,5,20211109,182500,26.12,26.12,26.12,26.12,256,0
PSB_X.US,5,20211109,192000,26.0501,26.0501,26.0501,26.0501,121,0
PSB_X.US,5,20211109,200500,26.115,26.115,26.115,26.115,157,0
PSB_X.US,5,20211109,211500,26.0788,26.0788,26.0788,26.0788,146,0
PSB_X.US,5,20211109,214500,26.125,26.125,26.125,26.125,215,0
PSB_X.US,5,20211109,215000,26.08,26.08,26.08,26.08,100,0
PSB_X.US,5,20211109,215500,26.07,26.07,26.07,26.07,100,0
PSB_X.US,5,20211110,153500,26.0474,26.0474,26.0474,26.0474,105,0
PSB_X.US,5,20211110,160500,26.0233,26.0233,26.0233,26.0233,400,0
PSB_X.US,5,20211110,164000,26.13,26.13,26.13,26.13,157,0
PSB_X.US,5,20211110,180500,25.96,25.96,25.96,25.96,131,0
PSB_X.US,5,20211110,185500,25.94,25.94,25.94,25.94,100,0
PSB_X.US,5,20211110,190000,25.919,25.919,25.919,25.919,100,0
PSB_X.US,5,20211110,195500,25.94,25.94,25.94,25.94,100,0
PSB_X.US,5,20211110,200500,25.854,25.854,25.854,25.854,670,0
PSB_X.US,5,20211110,214500,25.87,25.87,25.87,25.87,124,0
PSB_X.US,5,20211110,215000,25.83,25.83,25.83,25.83,132,0
PSB_X.US,5,20211111,162500,25.85,25.86,25.84,25.84,542,0
PSB_X.US,5,20211111,163000,25.85,25.85,25.85,25.85,120,0
PSB_X.US,5,20211111,165000,25.84,25.84,25.84,25.84,400,0
PSB_X.US,5,20211111,170000,25.91,25.91,25.91,25.91,195,0
PSB_X.US,5,20211111,171000,25.83,25.83,25.83,25.83,100,0
PSB_X.US,5,20211111,173000,25.825,25.8897,25.825,25.8897,227,0
PSB_X.US,5,20211111,173500,25.7608,25.7608,25.7608,25.7608,208,0
PSB_X.US,5,20211111,175000,25.9099,25.9099,25.9099,25.9099,101,0
PSB_X.US,5,20211111,183000,25.88,25.88,25.8702,25.8702,200,0
PSB_X.US,5,20211111,184500,25.88,25.88,25.88,25.88,100,0
PSB_X.US,5,20211111,191000,25.7704,25.7704,25.7704,25.7704,204,0
PSB_X.US,5,20211111,195500,25.815,25.815,25.815,25.815,101,0
PSB_X.US,5,20211111,203000,25.87,25.87,25.87,25.87,100,0
PSB_X.US,5,20211111,203500,25.7763,25.7763,25.7763,25.7763,545,0
PSB_X.US,5,20211111,204000,25.8156,25.8156,25.8156,25.8156,223,0
PSB_X.US,5,20211111,205000,25.7786,25.7786,25.7786,25.7786,120,0
PSB_X.US,5,20211111,212000,25.77,25.77,25.77,25.77,100,0
PSB_X.US,5,20211111,213500,25.77,25.77,25.77,25.77,100,0
