<TICKER>,<PER>,<DATE>,<TIME>,<OPEN>,<HIGH>,<LOW>,<CLOSE>,<VOL>,<OPENINT>
PTLO.US,5,20211021,165500,26,26.95,26,26.185,2652165,0
PTLO.US,5,20211021,170000,26.22,27,25.72,26.73,1495550,0
PTLO.US,5,20211021,170500,26.74,27,26.23,26.52,724249,0
PTLO.US,5,20211021,171000,26.525,27.36,26.5107,27.25,807085,0
PTLO.US,5,20211021,171500,27.3,28.5,27.25,28.47,694978,0
PTLO.US,5,20211021,172000,28.484,29.9699,27.5801,28,750166,0
PTLO.US,5,20211021,172500,28,28.5,27.9,28.22,340373,0
PTLO.US,5,20211021,173000,28.2137,28.32,27.99,28.1,290330,0
PTLO.US,5,20211021,173500,28.05,28.75,28.03,28.42,303534,0
PTLO.US,5,20211021,174000,28.42,29.2,28.42,29.16,286015,0
PTLO.US,5,20211021,174500,29.2,29.25,28.65,28.96,269228,0
PTLO.US,5,20211021,175000,29,29.2,28.68,28.73,194142,0
PTLO.US,5,20211021,175500,28.72,28.99,28.47,28.8697,134216,0
PTLO.US,5,20211021,180000,28.825,29.35,28.74,29.16,105824,0
PTLO.US,5,20211021,180500,29.16,29.48,28.95,29.285,133452,0
PTLO.US,5,20211021,181000,29.29,29.35,28.72,28.7499,119898,0
PTLO.US,5,20211021,181500,28.725,29.25,28.715,29.2,122633,0
PTLO.US,5,20211021,182000,29.17,31,29.14,30.38,374596,0
PTLO.US,5,20211021,182500,30.38,31.08,30.36,30.93,222319,0
PTLO.US,5,20211021,183000,31,31.35,30.51,30.62,272854,0
PTLO.US,5,20211021,183500,30.605,30.8,30.1,30.15,177013,0
PTLO.US,5,20211021,184000,30.15,30.7,30.1,30.46,117130,0
PTLO.US,5,20211021,184500,30.52,30.52,29.95,30.06,129517,0
PTLO.US,5,20211021,185000,30.02,30.56,29.97,30.54,201174,0
PTLO.US,5,20211021,185500,30.5394,31.1,30.5,31.03,194312,0
PTLO.US,5,20211021,190000,31.03,31.28,30.67,30.67,122206,0
PTLO.US,5,20211021,190500,30.67,31.03,30.67,30.88,88365,0
PTLO.US,5,20211021,191000,30.85,30.9883,30.5,30.67,64294,0
PTLO.US,5,20211021,191500,30.745,31,30.5,30.9001,53097,0
PTLO.US,5,20211021,192000,30.92,31.01,30.8,30.92,55172,0
PTLO.US,5,20211021,192500,30.94,31.87,30.6572,31.1,157138,0
PTLO.US,5,20211021,193000,31.1,31.5,31.02,31.1385,110041,0
PTLO.US,5,20211021,193500,31.125,31.25,30.8001,31.055,102274,0
PTLO.US,5,20211021,194000,31.07,31.07,30.8,31.03,65803,0
PTLO.US,5,20211021,194500,31.01,31.1,30.79,30.935,60338,0
PTLO.US,5,20211021,195000,30.935,30.98,30,30.19,119965,0
PTLO.US,5,20211021,195500,30.25,30.45,29.97,30.0006,161381,0
PTLO.US,5,20211021,200000,30.025,30.2,29.52,29.52,86351,0
PTLO.US,5,20211021,200500,29.56,29.75,29.16,29.41,114045,0
PTLO.US,5,20211021,201000,29.455,29.75,29.38,29.675,70216,0
PTLO.US,5,20211021,201500,29.6899,29.99,29.36,29.85,68743,0
PTLO.US,5,20211021,202000,29.835,30,29.46,29.63,62660,0
PTLO.US,5,20211021,202500,29.67,29.84,29.55,29.66,69410,0
PTLO.US,5,20211021,203000,29.64,29.84,29.29,29.34,65765,0
PTLO.US,5,20211021,203500,29.32,29.67,29.02,29.45,66473,0
PTLO.US,5,20211021,204000,29.4999,30,29.45,29.605,60354,0
PTLO.US,5,20211021,204500,29.61,29.8,29.4699,29.7987,57508,0
PTLO.US,5,20211021,205000,29.71,29.8,29.42,29.5,50810,0
PTLO.US,5,20211021,205500,29.435,29.67,29.2525,29.495,61632,0
PTLO.US,5,20211021,210000,29.51,29.65,29.3,29.55,53874,0
PTLO.US,5,20211021,210500,29.55,29.94,29.55,29.82,57180,0
PTLO.US,5,20211021,211000,29.8,30.33,29.69,30.05,86875,0
PTLO.US,5,20211021,211500,30.04,30.45,29.85,30.12,109438,0
PTLO.US,5,20211021,212000,30.16,30.3699,29.69,29.71,74454,0
PTLO.US,5,20211021,212500,29.748,30.12,29.74,30,62800,0
PTLO.US,5,20211021,213000,29.99,30.36,29.91,30.1,104153,0
PTLO.US,5,20211021,213500,30.1,30.25,30.1,30.12,67623,0
PTLO.US,5,20211021,214000,30.12,30.33,29.97,30.1,129113,0
PTLO.US,5,20211021,214500,30.06,30.88,30.01,30.6475,149131,0
PTLO.US,5,20211021,215000,30.3806,30.5,29.71,29.84,198217,0
PTLO.US,5,20211021,215500,29.9,29.9,29.1,29.1,387127,0
PTLO.US,5,20211022,153000,36.16,36.16,32.1,34.3,557207,0
PTLO.US,5,20211022,153500,34.13,34.29,32.5,32.7571,217796,0
PTLO.US,5,20211022,154000,32.84,33.75,32.6,33.75,190069,0
PTLO.US,5,20211022,154500,33.62,34.1999,33.6154,33.76,134650,0
PTLO.US,5,20211022,155000,33.75,34.05,33.5,34.0499,99435,0
PTLO.US,5,20211022,155500,33.98,34.1299,33.66,34.0634,97277,0
PTLO.US,5,20211022,160000,34.04,34.1299,33.5501,33.712,105709,0
PTLO.US,5,20211022,160500,33.7295,34.5,33.51,34.445,199531,0
PTLO.US,5,20211022,161000,34.445,34.99,34.23,34.99,155361,0
PTLO.US,5,20211022,161500,34.985,35.47,34.9,35.1595,149656,0
PTLO.US,5,20211022,162000,35.22,39,35.09,38.2475,288784,0
PTLO.US,5,20211022,162500,38.1884,38.4799,35.6,35.62,249429,0
PTLO.US,5,20211022,163000,35.695,37.2477,35.51,36.15,174535,0
PTLO.US,5,20211022,163500,36.36,36.589,35.5,36.38,87132,0
PTLO.US,5,20211022,164000,36.4499,37,36.1,36.95,72354,0
PTLO.US,5,20211022,164500,37,38.02,36.99,37.698,140936,0
PTLO.US,5,20211022,165000,37.7,38,36.5,36.67,92054,0
PTLO.US,5,20211022,165500,36.715,37.96,36.58,37.94,77182,0
PTLO.US,5,20211022,170000,37.94,37.94,37.42,37.55,67624,0
PTLO.US,5,20211022,170500,37.51,37.85,37.42,37.42,105823,0
PTLO.US,5,20211022,171000,37.4999,37.4999,36.6,37.1989,63884,0
PTLO.US,5,20211022,171500,37.14,37.24,36.66,36.835,73670,0
PTLO.US,5,20211022,172000,36.81,36.88,36.3,36.61,66848,0
PTLO.US,5,20211022,172500,36.6545,36.7743,35,35.74,159664,0
PTLO.US,5,20211022,173000,35.62,36.83,35.5,36.52,76045,0
PTLO.US,5,20211022,173500,36.52,36.6188,36.25,36.4,64681,0
PTLO.US,5,20211022,174000,36.4,37.18,36.395,37.18,67960,0
PTLO.US,5,20211022,174500,37.125,37.18,36.86,36.9668,45324,0
PTLO.US,5,20211022,175000,36.9595,37.29,36.5,36.98,86134,0
PTLO.US,5,20211022,175500,36.9,37.7499,36.8233,37.62,68243,0
PTLO.US,5,20211022,180000,37.62,37.75,37.01,37.13,67917,0
PTLO.US,5,20211022,180500,37.11,37.5,37.02,37.4399,30846,0
PTLO.US,5,20211022,181000,37.35,37.75,37.08,37.65,44342,0
PTLO.US,5,20211022,181500,37.6,37.77,37.4001,37.6,54880,0
PTLO.US,5,20211022,182000,37.55,38.2,37.55,38,118460,0
PTLO.US,5,20211022,182500,37.9999,39.88,37.95,39.44,176240,0
PTLO.US,5,20211022,183000,39.41,39.5999,39.0241,39.312,68358,0
PTLO.US,5,20211022,183500,39.54,40.02,39.1006,39.8695,99861,0
PTLO.US,5,20211022,184000,39.87,40.02,39.61,39.85,84837,0
PTLO.US,5,20211022,184500,39.88,41.5,39.85,40.55,107511,0
PTLO.US,5,20211022,185000,40.69,41.71,40.05,41.525,83351,0
PTLO.US,5,20211022,185500,41.525,44.9999,41.35,43.59,282533,0
PTLO.US,5,20211022,190000,43.61,44.38,41.35,41.51,220739,0
PTLO.US,5,20211022,190500,42.9999,42.9999,41.13,41.585,118415,0
PTLO.US,5,20211022,191000,41.585,41.7665,40.63,40.855,120162,0
PTLO.US,5,20211022,191500,40.9999,41,38.13,39.4999,197900,0
PTLO.US,5,20211022,192000,39.48,40.4999,38.88,40.43,120947,0
PTLO.US,5,20211022,192500,40.3,40.5,39.5,39.8,77567,0
PTLO.US,5,20211022,193000,39.8,40.1,39.6495,39.99,41790,0
PTLO.US,5,20211022,193500,39.93,40,39,39.795,67617,0
PTLO.US,5,20211022,194000,39.92,41,39.4,40.8699,96236,0
PTLO.US,5,20211022,194500,40.21,41.7036,39.8366,41.7036,80886,0
PTLO.US,5,20211022,195000,41.57,41.9099,41.18,41.4725,67012,0
PTLO.US,5,20211022,195500,41.475,41.6,40.5001,41.03,24773,0
PTLO.US,5,20211022,200000,40.91,41.105,39.975,39.975,47679,0
PTLO.US,5,20211022,200500,39.935,40.5,39.85,40.255,31168,0
PTLO.US,5,20211022,201000,40.255,40.38,39.69,39.6901,28965,0
PTLO.US,5,20211022,201500,39.74,40,38.98,38.98,43551,0
PTLO.US,5,20211022,202000,38.935,38.9999,38.51,38.695,46082,0
PTLO.US,5,20211022,202500,38.6554,38.7881,37,37.875,166802,0
PTLO.US,5,20211022,203000,37.75,39.3065,37.61,38.325,75213,0
PTLO.US,5,20211022,203500,38.3866,38.69,37.8,38.4,55674,0
PTLO.US,5,20211022,204000,38.1,38.6999,37.3,37.56,42342,0
PTLO.US,5,20211022,204500,37.523,37.8999,37.32,37.87,48524,0
PTLO.US,5,20211022,205000,37.825,37.9999,37.3,37.66,36088,0
PTLO.US,5,20211022,205500,37.5,37.7,36.36,36.5,59537,0
PTLO.US,5,20211022,210000,36.455,37.55,36.01,37.375,95556,0
PTLO.US,5,20211022,210500,37.42,37.5,36.75,37.087,38526,0
PTLO.US,5,20211022,211000,37.125,37.388,36.75,37.0955,52277,0
PTLO.US,5,20211022,211500,37.095,38.5,37,37.79,79636,0
PTLO.US,5,20211022,212000,37.8,38.1799,37.53,38,35371,0
PTLO.US,5,20211022,212500,37.99,39,37.99,38.9237,64912,0
PTLO.US,5,20211022,213000,38.948,39.91,38.948,39.575,53951,0
PTLO.US,5,20211022,213500,39.8499,39.8499,38.4501,39.15,52781,0
PTLO.US,5,20211022,214000,39.15,39.84,39,39.22,42944,0
PTLO.US,5,20211022,214500,39.4028,39.5,38.1,38.34,57914,0
PTLO.US,5,20211022,215000,38.34,39.5,37.61,38.45,82696,0
PTLO.US,5,20211022,215500,38.6,38.75,37,37.43,154696,0
PTLO.US,5,20211025,153000,43.48,44.53,41.5701,43.6824,507284,0
PTLO.US,5,20211025,153500,43.305,44.5,40.6001,41.698,226223,0
PTLO.US,5,20211025,154000,41.7475,41.8566,39.3,39.36,147008,0
PTLO.US,5,20211025,154500,39.3899,41.18,38.64,40.12,125998,0
PTLO.US,5,20211025,155000,40.1603,41.75,40.15,40.95,95924,0
PTLO.US,5,20211025,155500,40.95,41.2,40.3,40.735,38065,0
PTLO.US,5,20211025,160000,40.5514,40.9699,39.8,40.93,49975,0
PTLO.US,5,20211025,160500,40.95,41.88,40.75,40.92,79688,0
PTLO.US,5,20211025,161000,40.98,41.85,40.98,41.79,58644,0
PTLO.US,5,20211025,161500,41.79,42.6,41.6,42.02,80628,0
PTLO.US,5,20211025,162000,41.94,42.692,41.74,41.85,75022,0
PTLO.US,5,20211025,162500,41.74,41.764,41.04,41.27,53681,0
PTLO.US,5,20211025,163000,41.2001,41.3,40.38,40.95,65339,0
PTLO.US,5,20211025,163500,40.97,41.01,40.12,40.6,43771,0
PTLO.US,5,20211025,164000,40.5912,40.9888,40,40.88,54441,0
PTLO.US,5,20211025,164500,40.87,41,40.06,40.29,44254,0
PTLO.US,5,20211025,165000,40.4899,41.18,40.31,40.83,37468,0
PTLO.US,5,20211025,165500,40.948,41.05,40.78,40.78,35808,0
PTLO.US,5,20211025,170000,40.79,41.35,40.7301,41.2048,34081,0
PTLO.US,5,20211025,170500,41.07,41.5,40.72,41.4,40942,0
PTLO.US,5,20211025,171000,41.4,41.58,41,41.3,61247,0
PTLO.US,5,20211025,171500,41.3,41.95,41.2,41.95,40263,0
PTLO.US,5,20211025,172000,41.7701,42,41.39,41.66,58259,0
PTLO.US,5,20211025,172500,41.73,42.05,40.8812,41.87,55418,0
PTLO.US,5,20211025,173000,41.9299,43,41.81,42.79,28464,0
PTLO.US,5,20211025,173500,42.75,43.5,42.6001,43.3118,53220,0
PTLO.US,5,20211025,174000,43.24,43.4,42.61,43.105,51912,0
PTLO.US,5,20211025,174500,43.0928,43.35,42.7376,43.19,32357,0
PTLO.US,5,20211025,175000,43.095,43.99,43.0945,43.6066,155813,0
PTLO.US,5,20211025,175500,43.5755,43.8499,43.01,43.2143,55002,0
PTLO.US,5,20211025,180000,43.18,43.2603,42.6575,42.956,34565,0
PTLO.US,5,20211025,180500,42.89,43.04,42.23,42.7105,47623,0
PTLO.US,5,20211025,181000,42.91,43.1,42.73,42.73,24813,0
PTLO.US,5,20211025,181500,42.73,42.9873,42.41,42.74,26406,0
PTLO.US,5,20211025,182000,42.85,43.1,42.5831,42.98,22485,0
PTLO.US,5,20211025,182500,42.9748,43.05,42.935,43,22401,0
PTLO.US,5,20211025,183000,43,43.09,42.83,43.045,19865,0
PTLO.US,5,20211025,183500,43,43.3521,42.88,43.0019,50172,0
PTLO.US,5,20211025,184000,42.95,43.0844,42.93,43.0193,17397,0
PTLO.US,5,20211025,184500,43.0399,43.49,42.9193,43.175,30570,0
PTLO.US,5,20211025,185000,43.1477,43.72,43.1477,43.3255,41829,0
PTLO.US,5,20211025,185500,43.22,43.68,43.12,43.68,24374,0
PTLO.US,5,20211025,190000,43.5165,44.51,43.5165,44.5,153287,0
PTLO.US,5,20211025,190500,44.49,45.4099,44.2801,45.4099,129464,0
PTLO.US,5,20211025,191000,45.25,45.48,44.5,44.7,75798,0
PTLO.US,5,20211025,191500,44.7,46,43.9,44.774,84552,0
PTLO.US,5,20211025,192000,44.845,44.9399,44.0191,44.125,39654,0
PTLO.US,5,20211025,192500,44.095,44.8351,44.0001,44.64,30641,0
PTLO.US,5,20211025,193000,44.64,44.945,44.64,44.655,27259,0
PTLO.US,5,20211025,193500,44.655,44.7399,43.64,43.93,48676,0
PTLO.US,5,20211025,194000,44,44.3755,43.7676,43.7676,36215,0
PTLO.US,5,20211025,194500,43.9764,44.3699,43.77,44.2199,27403,0
PTLO.US,5,20211025,195000,44.04,44.1946,43.95,44,21507,0
PTLO.US,5,20211025,195500,44.0304,44.09,43.65,43.65,38035,0
PTLO.US,5,20211025,200000,43.65,43.685,43.25,43.315,47415,0
PTLO.US,5,20211025,200500,43.275,43.3799,42.25,42.7,61949,0
PTLO.US,5,20211025,201000,42.7,42.8,42.1501,42.315,56343,0
PTLO.US,5,20211025,201500,42.47,42.54,41.5,41.74,50415,0
PTLO.US,5,20211025,202000,41.6667,42.2883,41.6,41.6,42525,0
PTLO.US,5,20211025,202500,41.9101,42.14,41.2601,42.06,48009,0
PTLO.US,5,20211025,203000,42.07,42.26,41.72,41.76,30625,0
PTLO.US,5,20211025,203500,41.92,42.74,41.87,42.43,48534,0
PTLO.US,5,20211025,204000,42.54,43.337,42.35,43.285,51459,0
PTLO.US,5,20211025,204500,43.285,43.34,42.45,42.5,43824,0
PTLO.US,5,20211025,205000,42.505,42.7399,42.35,42.586,37055,0
PTLO.US,5,20211025,205500,42.55,42.6099,42.41,42.54,23519,0
PTLO.US,5,20211025,210000,42.54,42.795,42.24,42.795,34405,0
PTLO.US,5,20211025,210500,42.795,43.21,42.32,43.105,32004,0
PTLO.US,5,20211025,211000,43.2672,43.2672,42.49,43.09,18212,0
PTLO.US,5,20211025,211500,43,43.185,42.8,42.8119,48942,0
PTLO.US,5,20211025,212000,43,43,42.35,42.42,23140,0
PTLO.US,5,20211025,212500,42.395,42.5,42.2401,42.31,40359,0
PTLO.US,5,20211025,213000,42.31,42.4395,41.96,42.35,41207,0
PTLO.US,5,20211025,213500,42.445,42.5,42.14,42.42,16099,0
PTLO.US,5,20211025,214000,42.445,42.59,42.33,42.52,19125,0
PTLO.US,5,20211025,214500,42.5195,42.59,42.06,42.06,34994,0
PTLO.US,5,20211025,215000,42.075,42.214,41.9,42.08,65352,0
PTLO.US,5,20211025,215500,42.08,42.2478,42,42.01,94757,0
PTLO.US,5,20211026,153000,43.5,44,42.7538,42.7538,191884,0
PTLO.US,5,20211026,153500,42.81,43.2899,42.5,42.8741,54076,0
PTLO.US,5,20211026,154000,42.895,43.35,42.53,43.22,43968,0
PTLO.US,5,20211026,154500,43.15,45.1699,43.0227,44.78,102097,0
PTLO.US,5,20211026,155000,44.728,45.17,44.0277,44.6226,82682,0
PTLO.US,5,20211026,155500,44.59,45,44,44.5695,35609,0
PTLO.US,5,20211026,160000,44.66,44.66,44.0301,44.619,18901,0
PTLO.US,5,20211026,160500,44.63,44.9,44.05,44.2885,59982,0
PTLO.US,5,20211026,161000,44.0211,44.2199,43.2452,43.52,55831,0
PTLO.US,5,20211026,161500,43.605,44.135,43.5401,44.085,34566,0
PTLO.US,5,20211026,162000,44.105,44.2409,43.5,44.065,33034,0
PTLO.US,5,20211026,162500,44.13,44.75,44.06,44.75,22273,0
PTLO.US,5,20211026,163000,44.66,45.05,44.45,44.45,40524,0
PTLO.US,5,20211026,163500,44.5,46,44.5,45.9671,79149,0
PTLO.US,5,20211026,164000,46,46,44.88,45.38,73890,0
PTLO.US,5,20211026,164500,45.39,45.39,44.87,44.88,25612,0
PTLO.US,5,20211026,165000,44.9544,44.9544,44.25,44.53,49040,0
PTLO.US,5,20211026,165500,44.54,44.92,44.42,44.75,31633,0
PTLO.US,5,20211026,170000,44.8,44.8,44.21,44.21,18332,0
PTLO.US,5,20211026,170500,44.25,44.2699,43.5062,43.81,50054,0
PTLO.US,5,20211026,171000,43.94,44.12,43.35,43.44,38672,0
PTLO.US,5,20211026,171500,43.38,44.23,43.37,43.887,40358,0
PTLO.US,5,20211026,172000,43.8905,43.8905,43.35,43.72,36255,0
PTLO.US,5,20211026,172500,43.84,44.1439,43.695,43.705,18501,0
PTLO.US,5,20211026,173000,43.79,44.1775,43.3,43.3,18737,0
PTLO.US,5,20211026,173500,43.38,43.8975,43.25,43.85,19009,0
PTLO.US,5,20211026,174000,43.785,44.5,43.785,44.34,32512,0
PTLO.US,5,20211026,174500,44.28,44.47,43.87,44.39,18426,0
PTLO.US,5,20211026,175000,44.4989,44.4989,44,44,20346,0
PTLO.US,5,20211026,175500,44.04,44.73,44.02,44.6096,18156,0
PTLO.US,5,20211026,180000,44.53,44.53,44.2592,44.52,12547,0
PTLO.US,5,20211026,180500,44.55,44.74,44.45,44.506,20007,0
PTLO.US,5,20211026,181000,44.4952,44.6399,44.2,44.55,18192,0
PTLO.US,5,20211026,181500,44.55,44.75,44.45,44.5386,18734,0
PTLO.US,5,20211026,182000,44.55,44.55,44.33,44.33,21538,0
PTLO.US,5,20211026,182500,44.31,44.4658,44.1102,44.1102,20803,0
PTLO.US,5,20211026,183000,44.12,44.23,43.69,43.7499,21192,0
PTLO.US,5,20211026,183500,43.7,44,43.5,43.5193,15148,0
PTLO.US,5,20211026,184000,43.52,43.83,43.35,43.665,31500,0
PTLO.US,5,20211026,184500,43.8168,43.84,43.25,43.26,19582,0
PTLO.US,5,20211026,185000,43.25,43.2501,42.05,42.17,88355,0
PTLO.US,5,20211026,185500,42.14,42.14,41,41.07,97303,0
PTLO.US,5,20211026,190000,41.05,42.45,40.5001,42.4101,79379,0
PTLO.US,5,20211026,190500,42.49,42.7915,41.95,42.01,23601,0
PTLO.US,5,20211026,191000,42.2699,42.4553,42.112,42.4553,11257,0
PTLO.US,5,20211026,191500,42.415,43,42.415,42.57,19713,0
PTLO.US,5,20211026,192000,42.6994,42.99,42.56,42.65,13002,0
PTLO.US,5,20211026,192500,42.63,42.74,42.1992,42.25,20837,0
PTLO.US,5,20211026,193000,42.3,42.3,42.0265,42.2294,12017,0
PTLO.US,5,20211026,193500,42.3,43.25,42.3,43.12,9641,0
PTLO.US,5,20211026,194000,43.2021,43.426,42.85,42.85,14583,0
PTLO.US,5,20211026,194500,42.8501,43,42.7301,42.91,12624,0
PTLO.US,5,20211026,195000,43,43,42.84,42.91,5325,0
PTLO.US,5,20211026,195500,42.8701,43,42.8701,43,12458,0
PTLO.US,5,20211026,200000,42.975,43,42.97,42.985,2325,0
PTLO.US,5,20211026,200500,42.985,43,42.51,42.7299,22313,0
PTLO.US,5,20211026,201000,42.5784,42.8894,42.56,42.88,8505,0
PTLO.US,5,20211026,201500,42.805,43,42.7201,42.95,7752,0
PTLO.US,5,20211026,202000,43,43,42.7,42.7366,10536,0
PTLO.US,5,20211026,202500,42.71,42.84,42.56,42.73,9366,0
PTLO.US,5,20211026,203000,42.72,43,42.6,42.963,12173,0
PTLO.US,5,20211026,203500,42.91,43,42.84,42.95,11935,0
PTLO.US,5,20211026,204000,42.9726,43,42.84,42.9399,12967,0
PTLO.US,5,20211026,204500,42.79,42.941,42.75,42.913,5775,0
PTLO.US,5,20211026,205000,42.9222,43,42.9222,42.982,6770,0
PTLO.US,5,20211026,205500,42.96,42.96,42.74,42.77,8650,0
PTLO.US,5,20211026,210000,42.66,42.8,42.61,42.667,8478,0
PTLO.US,5,20211026,210500,42.665,42.75,42.25,42.4545,21391,0
PTLO.US,5,20211026,211000,42.3754,42.75,42.3754,42.555,9768,0
PTLO.US,5,20211026,211500,42.5855,42.5855,42.28,42.36,13552,0
PTLO.US,5,20211026,212000,42.4172,42.95,42.37,42.83,13183,0
PTLO.US,5,20211026,212500,42.835,42.974,42.74,42.974,8280,0
PTLO.US,5,20211026,213000,42.7632,42.96,42.76,42.86,7786,0
PTLO.US,5,20211026,213500,42.86,42.96,42.78,42.79,12877,0
PTLO.US,5,20211026,214000,42.78,42.8864,42.58,42.59,8053,0
PTLO.US,5,20211026,214500,42.59,42.86,42.59,42.86,11669,0
PTLO.US,5,20211026,215000,42.86,43.2688,42.86,43.04,62052,0
PTLO.US,5,20211026,215500,43.14,43.14,41.9,41.99,155667,0
PTLO.US,5,20211027,153000,42.14,42.44,38,38.555,207325,0
PTLO.US,5,20211027,153500,38.25,39.9,37.55,39.515,153574,0
PTLO.US,5,20211027,154000,39.3701,40.15,39.06,39.6689,60177,0
PTLO.US,5,20211027,154500,39.9,40.25,39.61,39.61,47059,0
PTLO.US,5,20211027,155000,39.9579,39.9999,38.75,39.1299,37572,0
PTLO.US,5,20211027,155500,38.98,39.5,38.7001,39.44,34864,0
PTLO.US,5,20211027,160000,39.4,39.4999,38.65,38.81,35378,0
PTLO.US,5,20211027,160500,38.81,39.02,38.3612,38.3612,43180,0
PTLO.US,5,20211027,161000,38.4482,38.46,37.8,38.45,67358,0
PTLO.US,5,20211027,161500,38.45,38.95,38.22,38.66,29359,0
PTLO.US,5,20211027,162000,38.585,38.97,38.585,38.7799,24373,0
PTLO.US,5,20211027,162500,38.725,39.49,38.67,39.49,23204,0
PTLO.US,5,20211027,163000,39.4,39.45,38.84,39.19,16997,0
PTLO.US,5,20211027,163500,39.065,39.38,38.9801,39.31,16526,0
PTLO.US,5,20211027,164000,39.315,39.5,39.02,39.265,12562,0
PTLO.US,5,20211027,164500,39.265,39.47,39.23,39.29,15521,0
PTLO.US,5,20211027,165000,39.29,39.67,39.1701,39.575,20050,0
PTLO.US,5,20211027,165500,39.6,39.67,38.725,38.8,32305,0
PTLO.US,5,20211027,170000,38.8,38.99,38.6,38.99,16190,0
PTLO.US,5,20211027,170500,38.9745,39.1899,38.9101,39.0116,6036,0
PTLO.US,5,20211027,171000,39.135,39.5,39.08,39.445,6480,0
PTLO.US,5,20211027,171500,39.5239,39.6,39.2501,39.399,13259,0
PTLO.US,5,20211027,172000,39.4,39.9,39.2501,39.85,24708,0
PTLO.US,5,20211027,172500,39.8,40.05,39.68,40,23138,0
PTLO.US,5,20211027,173000,40,40.24,39.89,39.973,21916,0
PTLO.US,5,20211027,173500,39.985,40.2,39.82,40.065,16957,0
PTLO.US,5,20211027,174000,40.2,40.24,39.75,39.8795,12385,0
PTLO.US,5,20211027,174500,39.8834,39.98,39.77,39.935,4761,0
PTLO.US,5,20211027,175000,39.87,39.89,39.61,39.61,8327,0
PTLO.US,5,20211027,175500,39.775,40.2199,39.7,39.81,7451,0
PTLO.US,5,20211027,180000,39.93,40.2,39.82,40.01,9506,0
PTLO.US,5,20211027,180500,40.0395,40.1622,39.98,40.12,12236,0
PTLO.US,5,20211027,181000,40.12,40.1499,40.01,40.117,10703,0
PTLO.US,5,20211027,181500,40.0999,40.4,40.0464,40.24,11053,0
PTLO.US,5,20211027,182000,40.245,40.88,40.0201,40.29,30611,0
PTLO.US,5,20211027,182500,40.36,40.62,40.06,40.2,16659,0
PTLO.US,5,20211027,183000,40.34,40.5399,40.34,40.425,7352,0
PTLO.US,5,20211027,183500,40.425,40.44,40.35,40.3959,9620,0
PTLO.US,5,20211027,184000,40.405,40.5,40.351,40.46,4223,0
PTLO.US,5,20211027,184500,40.48,40.7,40.36,40.5699,10801,0
PTLO.US,5,20211027,185000,40.52,40.525,40.13,40.22,22482,0
PTLO.US,5,20211027,185500,40.16,40.367,40.1301,40.367,4706,0
PTLO.US,5,20211027,190000,40.49,40.83,40.45,40.6606,16630,0
PTLO.US,5,20211027,190500,40.705,40.955,40.6694,40.955,7423,0
PTLO.US,5,20211027,191000,40.96,41.49,40.895,41.42,15142,0
PTLO.US,5,20211027,191500,41.48,41.48,41.001,41.09,13561,0
PTLO.US,5,20211027,192000,41.17,41.32,41.06,41.215,14739,0
PTLO.US,5,20211027,192500,41.21,41.28,41.1257,41.25,9189,0
PTLO.US,5,20211027,193000,41.235,41.24,40.81,40.885,7782,0
PTLO.US,5,20211027,193500,40.8362,41.415,40.8362,41.305,7636,0
PTLO.US,5,20211027,194000,41.305,41.41,41.2201,41.32,3925,0
PTLO.US,5,20211027,194500,41.315,41.315,41.17,41.1701,4098,0
PTLO.US,5,20211027,195000,41.17,41.43,41.0001,41.235,11960,0
PTLO.US,5,20211027,195500,41.234,41.234,40.75,41,8990,0
PTLO.US,5,20211027,200000,40.98,41.05,40.9032,40.9505,8808,0
PTLO.US,5,20211027,200500,40.93,41,40.9001,40.935,4125,0
PTLO.US,5,20211027,201000,40.9,41.01,40.89,40.99,4578,0
PTLO.US,5,20211027,201500,40.89,41,40.89,40.915,7273,0
PTLO.US,5,20211027,202000,40.915,40.935,40.59,40.83,14915,0
PTLO.US,5,20211027,202500,40.7166,40.7436,40.64,40.6705,3359,0
PTLO.US,5,20211027,203000,40.676,40.6941,40.375,40.45,10675,0
PTLO.US,5,20211027,203500,40.4444,40.52,40.35,40.475,7668,0
PTLO.US,5,20211027,204000,40.35,40.48,40.35,40.48,1050,0
PTLO.US,5,20211027,204500,40.5,40.71,40.4252,40.645,7196,0
PTLO.US,5,20211027,205000,40.72,41,40.7199,40.8725,10519,0
PTLO.US,5,20211027,205500,40.795,40.869,40.47,40.4788,7436,0
PTLO.US,5,20211027,210000,40.49,40.49,40.26,40.3535,7379,0
PTLO.US,5,20211027,210500,40.385,40.46,40.36,40.3795,4019,0
PTLO.US,5,20211027,211000,40.375,40.3755,40.08,40.1134,8630,0
PTLO.US,5,20211027,211500,40.1,40.2,40,40.155,7930,0
PTLO.US,5,20211027,212000,40.157,40.2274,40.09,40.135,6027,0
PTLO.US,5,20211027,212500,40.135,40.16,40.04,40.105,8226,0
PTLO.US,5,20211027,213000,40.105,40.16,40.05,40.11,8434,0
PTLO.US,5,20211027,213500,40.095,40.11,39.82,39.875,15080,0
PTLO.US,5,20211027,214000,39.95,40.36,39.9,40.35,17589,0
PTLO.US,5,20211027,214500,40.34,40.34,39.88,39.91,15851,0
PTLO.US,5,20211027,215000,39.92,40.5,39.89,40.5,70462,0
PTLO.US,5,20211027,215500,40.465,40.465,40,40.31,1421897,0
PTLO.US,5,20211028,153000,39.8,40,39.4689,39.93,50260,0
PTLO.US,5,20211028,153500,39.85,40,39.73,39.7999,22601,0
PTLO.US,5,20211028,154000,39.52,39.5553,38.95,39.0574,29992,0
PTLO.US,5,20211028,154500,38.95,39.04,38.5375,38.99,40394,0
PTLO.US,5,20211028,155000,38.9899,39.82,38.8501,39.65,24667,0
PTLO.US,5,20211028,155500,39.5217,39.68,39.2506,39.2506,19556,0
PTLO.US,5,20211028,160000,39.315,39.6999,39.2501,39.6999,7655,0
PTLO.US,5,20211028,160500,39.75,39.81,39.6098,39.74,10604,0
PTLO.US,5,20211028,161000,39.74,39.9,39.6509,39.9,6143,0
PTLO.US,5,20211028,161500,39.85,39.91,39.65,39.65,18632,0
PTLO.US,5,20211028,162000,39.88,39.91,39.6501,39.7706,16030,0
PTLO.US,5,20211028,162500,39.7091,39.9,39.3,39.3133,33583,0
PTLO.US,5,20211028,163000,39.355,39.704,39.01,39.704,9285,0
PTLO.US,5,20211028,163500,39.6988,39.74,39.5,39.74,1669,0
PTLO.US,5,20211028,164000,39.7,39.7344,39.5087,39.6947,4836,0
PTLO.US,5,20211028,164500,39.6013,39.87,39.5901,39.8128,9519,0
PTLO.US,5,20211028,165000,39.726,39.8,39.45,39.535,12970,0
PTLO.US,5,20211028,165500,39.5245,39.8747,39.51,39.7,9673,0
PTLO.US,5,20211028,170000,39.62,39.8,39.55,39.7621,7266,0
PTLO.US,5,20211028,170500,39.67,39.79,39.6,39.6,2615,0
PTLO.US,5,20211028,171000,39.73,39.73,39.559,39.575,1400,0
PTLO.US,5,20211028,171500,39.55,39.5999,39.16,39.16,11383,0
PTLO.US,5,20211028,172000,39.225,39.5,39.1797,39.39,6163,0
PTLO.US,5,20211028,172500,39.35,39.64,39.35,39.4504,10019,0
PTLO.US,5,20211028,173000,39.45,39.45,38.81,38.89,40809,0
PTLO.US,5,20211028,173500,38.885,39.1599,38.885,38.955,16557,0
PTLO.US,5,20211028,174000,38.99,39.24,38.6101,38.6101,25659,0
PTLO.US,5,20211028,174500,38.6772,38.844,38.35,38.445,44293,0
PTLO.US,5,20211028,175000,38.4898,38.49,38.3502,38.37,33656,0
PTLO.US,5,20211028,175500,38.37,38.37,37.5601,37.5601,86327,0
PTLO.US,5,20211028,180000,37.58,37.8514,37.081,37.6985,54565,0
PTLO.US,5,20211028,180500,37.6,37.7,37.4001,37.68,35594,0
PTLO.US,5,20211028,181000,37.85,38.48,37.775,38.255,20562,0
PTLO.US,5,20211028,181500,38.2983,38.9799,38.1209,38.9,16376,0
PTLO.US,5,20211028,182000,38.9195,38.9195,38.74,38.7701,12589,0
PTLO.US,5,20211028,182500,38.79,39,38.772,38.96,13518,0
PTLO.US,5,20211028,183000,38.945,38.96,38.51,38.6678,10409,0
PTLO.US,5,20211028,183500,38.6001,38.95,38.6,38.94,8502,0
PTLO.US,5,20211028,184000,38.9385,38.94,38.845,38.8959,3604,0
PTLO.US,5,20211028,184500,38.895,39,38.895,38.9889,4042,0
PTLO.US,5,20211028,185000,38.99,39.18,38.95,38.975,19049,0
PTLO.US,5,20211028,185500,38.975,39.21,38.95,39.055,15282,0
PTLO.US,5,20211028,190000,39.055,39.11,39.01,39.11,4185,0
PTLO.US,5,20211028,190500,39.0685,39.19,39,39.115,13430,0
PTLO.US,5,20211028,191000,39.18,39.3,39.11,39.225,10935,0
PTLO.US,5,20211028,191500,39.25,39.55,39.25,39.465,20792,0
PTLO.US,5,20211028,192000,39.4783,39.62,39.29,39.35,11941,0
PTLO.US,5,20211028,192500,39.3228,39.34,39.001,39.02,12101,0
PTLO.US,5,20211028,193000,39.04,39.25,38.95,38.955,10555,0
PTLO.US,5,20211028,193500,38.96,39.03,38.8307,39.03,9497,0
PTLO.US,5,20211028,194000,38.9975,39.29,38.9138,39.001,7407,0
PTLO.US,5,20211028,194500,39.0871,39.1,38.68,38.68,6977,0
PTLO.US,5,20211028,195000,38.642,38.9,38.6,38.71,6479,0
PTLO.US,5,20211028,195500,38.775,39.1628,38.7403,38.915,9782,0
PTLO.US,5,20211028,200000,38.9586,39.08,38.91,38.911,3245,0
PTLO.US,5,20211028,200500,39.02,39.0287,38.635,38.635,3606,0
PTLO.US,5,20211028,201000,38.64,38.8682,38.6,38.7,6676,0
PTLO.US,5,20211028,201500,38.7025,38.99,38.7,38.87,2949,0
PTLO.US,5,20211028,202000,38.8676,38.97,38.7657,38.79,4618,0
PTLO.US,5,20211028,202500,38.7804,38.7859,38.5,38.75,10099,0
PTLO.US,5,20211028,203000,38.715,38.89,38.5501,38.5501,8832,0
PTLO.US,5,20211028,203500,38.65,38.95,38.571,38.895,9213,0
PTLO.US,5,20211028,204000,38.87,38.92,38.8575,38.92,2500,0
PTLO.US,5,20211028,204500,38.895,38.93,38.725,38.79,4017,0
PTLO.US,5,20211028,205000,38.78,38.79,38.6601,38.6806,3511,0
PTLO.US,5,20211028,205500,38.67,38.7156,38.56,38.62,5444,0
PTLO.US,5,20211028,210000,38.62,38.645,38.275,38.275,9607,0
PTLO.US,5,20211028,210500,38.26,38.5,38.26,38.39,5415,0
PTLO.US,5,20211028,211000,38.37,38.45,38.34,38.3801,8686,0
PTLO.US,5,20211028,211500,38.39,38.51,38.39,38.5,4407,0
PTLO.US,5,20211028,212000,38.4175,38.57,38.205,38.205,7583,0
PTLO.US,5,20211028,212500,38.19,38.4,38.19,38.301,13933,0
PTLO.US,5,20211028,213000,38.3542,38.3875,38.18,38.18,10004,0
PTLO.US,5,20211028,213500,38.15,38.15,37.77,38.075,38275,0
PTLO.US,5,20211028,214000,38.01,38.075,37.59,37.5986,12809,0
PTLO.US,5,20211028,214500,37.59,38.18,37.58,37.9011,16151,0
PTLO.US,5,20211028,215000,37.97,38.0481,37.75,37.75,18985,0
PTLO.US,5,20211028,215500,37.75,37.76,37.25,37.31,70264,0
PTLO.US,5,20211029,153000,37.24,39.39,37.24,38.82,63007,0
PTLO.US,5,20211029,153500,38.67,38.88,37.96,38.3553,47018,0
PTLO.US,5,20211029,154000,38.75,39.25,38.2501,38.6,25723,0
PTLO.US,5,20211029,154500,38.565,38.8198,38.09,38.1,14866,0
PTLO.US,5,20211029,155000,38.175,38.2484,37.9301,38.075,6821,0
PTLO.US,5,20211029,155500,38.21,38.4286,38.1,38.29,7743,0
PTLO.US,5,20211029,160000,38.3,38.59,38.2439,38.58,3375,0
PTLO.US,5,20211029,160500,38.56,38.6682,38.4291,38.6488,5737,0
PTLO.US,5,20211029,161000,38.55,38.87,38.41,38.56,18243,0
PTLO.US,5,20211029,161500,38.6499,38.807,38.4511,38.6105,9977,0
PTLO.US,5,20211029,162000,38.53,38.6,38.2354,38.419,15351,0
PTLO.US,5,20211029,162500,38.32,38.6,38.1501,38.23,15416,0
PTLO.US,5,20211029,163000,38.58,38.58,38.2,38.2123,7903,0
PTLO.US,5,20211029,163500,38.23,38.2499,38.07,38.22,10252,0
PTLO.US,5,20211029,164000,38.21,38.4,38.19,38.2673,10645,0
PTLO.US,5,20211029,164500,38.33,38.4595,38.33,38.4148,4605,0
PTLO.US,5,20211029,165000,38.46,38.585,38.4329,38.48,5681,0
PTLO.US,5,20211029,165500,38.69,38.7098,38.585,38.7098,7248,0
PTLO.US,5,20211029,170000,38.77,38.83,38.635,38.79,6304,0
PTLO.US,5,20211029,170500,38.76,38.8,38.6574,38.79,3375,0
PTLO.US,5,20211029,171000,38.8263,39.1,38.8001,39.068,16676,0
PTLO.US,5,20211029,171500,38.99,39.2,38.8855,39,14009,0
PTLO.US,5,20211029,172000,38.9,38.9488,38.5401,38.6149,6884,0
PTLO.US,5,20211029,172500,38.5,38.5,38.25,38.37,3397,0
PTLO.US,5,20211029,173000,38.2866,38.32,38.01,38.32,10380,0
PTLO.US,5,20211029,173500,38.3725,38.3725,38.02,38.02,3659,0
PTLO.US,5,20211029,174000,38.07,38.32,38.04,38.125,2389,0
PTLO.US,5,20211029,174500,38.1553,38.33,38,38,10820,0
PTLO.US,5,20211029,175000,38,38.12,37.8,37.81,7742,0
PTLO.US,5,20211029,175500,37.77,37.9899,37.685,37.72,14995,0
PTLO.US,5,20211029,180000,37.72,37.7723,37.6,37.6,13126,0
PTLO.US,5,20211029,180500,37.5966,37.71,37.41,37.4606,23631,0
PTLO.US,5,20211029,181000,37.45,37.45,37.11,37.18,23953,0
PTLO.US,5,20211029,181500,37.29,37.4399,37.18,37.2,10247,0
PTLO.US,5,20211029,182000,37.2,37.2,36,36.24,148081,0
PTLO.US,5,20211029,182500,36.155,36.2,35.5,35.855,45606,0
PTLO.US,5,20211029,183000,35.86,35.99,35.5,35.9294,33637,0
PTLO.US,5,20211029,183500,35.9,36.4765,35.816,36.225,33710,0
PTLO.US,5,20211029,184000,36.2873,36.2899,35.92,36.1,17382,0
PTLO.US,5,20211029,184500,36.1163,36.8,36.11,36.312,25286,0
PTLO.US,5,20211029,185000,36.2905,36.6999,36.28,36.4634,15535,0
PTLO.US,5,20211029,185500,36.5881,36.67,36.35,36.5826,21600,0
PTLO.US,5,20211029,190000,36.41,36.6,36.35,36.48,10341,0
PTLO.US,5,20211029,190500,36.47,36.65,36.26,36.47,23784,0
PTLO.US,5,20211029,191000,36.48,36.5,36.22,36.3441,14862,0
PTLO.US,5,20211029,191500,36.365,36.78,36.365,36.7545,13052,0
PTLO.US,5,20211029,192000,36.7607,37.1054,36.73,37.0791,12413,0
PTLO.US,5,20211029,192500,36.975,36.975,36.17,36.6672,49553,0
PTLO.US,5,20211029,193000,36.41,36.7999,36.41,36.7999,16705,0
PTLO.US,5,20211029,193500,36.68,37.0299,36.5,37.0299,23900,0
PTLO.US,5,20211029,194000,36.8812,36.9999,36.74,36.8783,2234,0
PTLO.US,5,20211029,194500,36.9,37,36.85,36.915,2500,0
PTLO.US,5,20211029,195000,36.9984,37,36.89,36.89,3626,0
PTLO.US,5,20211029,195500,36.945,36.99,36.86,36.86,3002,0
PTLO.US,5,20211029,200000,36.8911,36.99,36.7,36.97,5719,0
PTLO.US,5,20211029,200500,36.9,37,36.9,36.94,5202,0
PTLO.US,5,20211029,201000,36.94,37,36.94,37,4501,0
PTLO.US,5,20211029,201500,37,37.26,36.985,37.2599,25376,0
PTLO.US,5,20211029,202000,37.26,37.7476,37.205,37.73,17737,0
PTLO.US,5,20211029,202500,37.75,37.75,37.36,37.52,7029,0
PTLO.US,5,20211029,203000,37.62,37.95,37.515,37.915,10047,0
PTLO.US,5,20211029,203500,37.915,37.98,37.77,37.77,1901,0
PTLO.US,5,20211029,204000,37.98,37.99,37.8,37.875,4325,0
PTLO.US,5,20211029,204500,37.8758,37.94,37.7,37.89,6517,0
PTLO.US,5,20211029,205000,37.88,37.97,37.66,37.8484,10781,0
PTLO.US,5,20211029,205500,37.87,37.9601,37.87,37.895,5515,0
PTLO.US,5,20211029,210000,37.8101,37.95,37.74,37.84,6350,0
PTLO.US,5,20211029,210500,37.835,37.875,37.7,37.825,3062,0
PTLO.US,5,20211029,211000,37.78,38,37.78,37.97,11130,0
PTLO.US,5,20211029,211500,38.01,38.08,37.78,38.08,8810,0
PTLO.US,5,20211029,212000,37.92,38.0429,37.28,37.28,36377,0
PTLO.US,5,20211029,212500,37.4018,37.8,37.4001,37.7326,4605,0
PTLO.US,5,20211029,213000,37.7,37.8,37.52,37.52,6781,0
PTLO.US,5,20211029,213500,37.63,38.03,37.61,38.03,4431,0
PTLO.US,5,20211029,214000,38.06,38.35,37.87,38.33,24739,0
PTLO.US,5,20211029,214500,38.1601,38.33,37.9,38,11900,0
PTLO.US,5,20211029,215000,38,38.22,37.89,38.17,7790,0
PTLO.US,5,20211029,215500,38.19,38.29,37.48,38,118904,0
PTLO.US,5,20211101,143000,38.6219,38.73,38.1,38.5,38961,0
PTLO.US,5,20211101,143500,38.425,38.4478,38.02,38.1191,13633,0
PTLO.US,5,20211101,144000,38.01,38.04,37.6,37.694,18367,0
PTLO.US,5,20211101,144500,37.865,37.9,37.65,37.65,9238,0
PTLO.US,5,20211101,145000,37.78,37.99,37.3007,37.6,20813,0
PTLO.US,5,20211101,145500,37.31,37.46,36.9,37,33966,0
PTLO.US,5,20211101,150000,37.075,37.8099,36.9006,37.645,33873,0
PTLO.US,5,20211101,150500,37.5233,37.7662,37.4,37.62,20120,0
PTLO.US,5,20211101,151000,37.56,37.8999,37.56,37.8488,14643,0
PTLO.US,5,20211101,151500,37.85,37.98,37.69,37.7695,4281,0
PTLO.US,5,20211101,152000,37.8877,38,37.71,37.71,7660,0
PTLO.US,5,20211101,152500,37.76,37.99,37.76,37.93,4000,0
PTLO.US,5,20211101,153000,37.93,38,37.7242,37.95,11572,0
PTLO.US,5,20211101,153500,37.8698,38.37,37.8698,38.37,6794,0
PTLO.US,5,20211101,154000,38.38,39.28,38.19,39.28,50376,0
PTLO.US,5,20211101,154500,39.28,39.28,38.75,38.89,18946,0
PTLO.US,5,20211101,155000,38.79,38.812,38.3,38.4,9615,0
PTLO.US,5,20211101,155500,38.44,38.885,38.44,38.77,18288,0
PTLO.US,5,20211101,160000,38.62,38.79,38.1397,38.24,20885,0
PTLO.US,5,20211101,160500,38.245,38.57,38,38.4612,18637,0
PTLO.US,5,20211101,161000,38.5,38.6,38.04,38.2,14497,0
PTLO.US,5,20211101,161500,38.15,38.8,38.1,38.8,18727,0
PTLO.US,5,20211101,162000,38.53,38.78,38.45,38.6811,5198,0
PTLO.US,5,20211101,162500,38.53,38.7699,38.53,38.75,5886,0
PTLO.US,5,20211101,163000,38.705,38.8,38.705,38.79,3020,0
PTLO.US,5,20211101,163500,38.8399,38.85,38.755,38.795,9320,0
PTLO.US,5,20211101,164000,38.8,38.85,38.7,38.779,17414,0
PTLO.US,5,20211101,164500,38.8,38.85,38.75,38.75,3656,0
PTLO.US,5,20211101,165000,38.765,38.797,38.48,38.48,19680,0
PTLO.US,5,20211101,165500,38.5743,38.75,38.43,38.625,18514,0
PTLO.US,5,20211101,170000,38.52,38.7063,38.31,38.64,7778,0
PTLO.US,5,20211101,170500,38.7857,38.7857,38.64,38.64,7315,0
PTLO.US,5,20211101,171000,38.63,38.85,38.63,38.8,7013,0
PTLO.US,5,20211101,171500,38.8473,38.85,38.64,38.64,13619,0
PTLO.US,5,20211101,172000,38.725,38.85,38.5,38.5869,15779,0
PTLO.US,5,20211101,172500,38.68,38.77,38.6582,38.77,3396,0
PTLO.US,5,20211101,173000,38.7846,38.88,38.7,38.77,3882,0
PTLO.US,5,20211101,173500,38.825,39,38.825,38.91,4114,0
PTLO.US,5,20211101,174000,39,39.2537,38.8966,38.9,30173,0
PTLO.US,5,20211101,174500,38.91,39.21,38.86,39,29332,0
PTLO.US,5,20211101,175000,39.0259,39.24,39.01,39.2262,10377,0
PTLO.US,5,20211101,175500,39.17,40.23,39.1225,40.2,39661,0
PTLO.US,5,20211101,180000,40.175,40.99,40.175,40.7,28691,0
PTLO.US,5,20211101,180500,40.65,40.95,40.59,40.765,14725,0
PTLO.US,5,20211101,181000,40.735,40.79,39.74,39.8,32942,0
PTLO.US,5,20211101,181500,39.9921,40.06,39.8,39.91,7687,0
PTLO.US,5,20211101,182000,39.8001,40.2499,39.8001,40.15,8424,0
PTLO.US,5,20211101,182500,40.2,40.38,39.84,40.0074,5845,0
PTLO.US,5,20211101,183000,39.955,39.99,39.8267,39.915,5465,0
PTLO.US,5,20211101,183500,39.904,40,39.8698,39.925,3637,0
PTLO.US,5,20211101,184000,39.9399,40.0499,39.89,40.045,1600,0
PTLO.US,5,20211101,184500,40.11,40.51,40.05,40.15,11510,0
PTLO.US,5,20211101,185000,39.99,40.21,39.67,39.79,6303,0
PTLO.US,5,20211101,185500,39.67,39.8443,39.5,39.8,15570,0
PTLO.US,5,20211101,190000,39.708,39.9733,39.6,39.6,4490,0
PTLO.US,5,20211101,190500,39.6,39.783,39.6,39.6,3209,0
PTLO.US,5,20211101,191000,39.61,39.65,39.48,39.49,3127,0
PTLO.US,5,20211101,191500,39.5,39.78,39.4,39.4001,16391,0
PTLO.US,5,20211101,192000,39.41,39.5459,39.41,39.52,3638,0
PTLO.US,5,20211101,192500,39.46,39.66,39.45,39.63,5598,0
PTLO.US,5,20211101,193000,39.7,39.79,39.49,39.73,6540,0
PTLO.US,5,20211101,193500,39.79,40.18,39.79,40.0253,13736,0
PTLO.US,5,20211101,194000,40.1899,40.2103,39.9401,40.2,7317,0
PTLO.US,5,20211101,194500,40.2,40.4,40.11,40.31,13173,0
PTLO.US,5,20211101,195000,40.274,40.4,40.27,40.4,3899,0
PTLO.US,5,20211101,195500,40.46,40.5886,40.4364,40.5516,5926,0
PTLO.US,5,20211101,200000,40.5996,40.785,40.52,40.73,9561,0
PTLO.US,5,20211101,200500,40.75,41.17,40.685,40.875,19292,0
PTLO.US,5,20211101,201000,40.885,41.17,40.8,40.8,13988,0
PTLO.US,5,20211101,201500,40.935,41.39,40.884,41.14,24821,0
PTLO.US,5,20211101,202000,41.15,41.3585,41,41.0355,13164,0
PTLO.US,5,20211101,202500,41,41,40.585,40.595,20345,0
PTLO.US,5,20211101,203000,40.605,40.78,40.4361,40.61,6383,0
PTLO.US,5,20211101,203500,40.678,40.89,40.62,40.89,3730,0
PTLO.US,5,20211101,204000,40.83,40.86,40.52,40.77,7063,0
PTLO.US,5,20211101,204500,40.77,40.8399,40.59,40.68,11758,0
PTLO.US,5,20211101,205000,40.68,41.152,40.68,41.14,18729,0
PTLO.US,5,20211101,205500,41.2,41.7802,41.2,41.76,51701,0
PTLO.US,5,20211102,143000,41.8,42,40.17,40.9457,54623,0
PTLO.US,5,20211102,143500,40.745,41.4026,40.63,41.1048,9568,0
PTLO.US,5,20211102,144000,41.0377,41.8,41.0377,41.645,11637,0
PTLO.US,5,20211102,144500,41.645,42.7,41.61,42.57,54680,0
PTLO.US,5,20211102,145000,42.0579,42.67,42.0579,42.28,32954,0
PTLO.US,5,20211102,145500,42.15,42.3,41.63,42.0462,21715,0
PTLO.US,5,20211102,150000,42.296,42.35,42,42.02,11464,0
PTLO.US,5,20211102,150500,42.05,42.2383,41.8,41.8201,12900,0
PTLO.US,5,20211102,151000,41.83,42.2,41.7704,41.92,8069,0
PTLO.US,5,20211102,151500,42.1763,42.51,42,42.42,12828,0
PTLO.US,5,20211102,152000,42.4301,42.4301,42.02,42.02,3308,0
PTLO.US,5,20211102,152500,41.975,41.975,41.82,41.9,2150,0
PTLO.US,5,20211102,153000,41.9702,42.44,41.82,42.3,7620,0
PTLO.US,5,20211102,153500,42.3095,43.45,42.3095,43.3,52531,0
PTLO.US,5,20211102,154000,43.31,44.3143,43.3,44,46301,0
PTLO.US,5,20211102,154500,44.04,44.8,44,44.6393,39768,0
PTLO.US,5,20211102,155000,44.7,45,44.56,44.7,23119,0
PTLO.US,5,20211102,155500,44.685,44.685,43.5801,44,26825,0
PTLO.US,5,20211102,160000,44,44.3,43.7313,43.7313,8411,0
PTLO.US,5,20211102,160500,43.5834,43.87,43,43.4381,13896,0
PTLO.US,5,20211102,161000,43.4796,44,43.36,43.9,12136,0
PTLO.US,5,20211102,161500,43.7526,43.97,43.495,43.495,6531,0
PTLO.US,5,20211102,162000,43.495,43.5687,43.3501,43.55,5956,0
PTLO.US,5,20211102,162500,43.75,43.78,43.4,43.5,4880,0
PTLO.US,5,20211102,163000,43.4466,43.5,43.08,43.165,9221,0
PTLO.US,5,20211102,163500,43.23,43.68,43,43.2411,9654,0
PTLO.US,5,20211102,164000,43.11,43.51,43.03,43.45,10428,0
PTLO.US,5,20211102,164500,43.3,44,43.2,43.55,35008,0
PTLO.US,5,20211102,165000,43.55,43.9699,43.4,43.9579,21901,0
PTLO.US,5,20211102,165500,43.86,43.99,43.61,43.99,19100,0
PTLO.US,5,20211102,170000,43.64,44.11,43.62,44.11,11303,0
PTLO.US,5,20211102,170500,44.13,44.98,44.0201,44.625,25228,0
PTLO.US,5,20211102,171000,44.745,45,44.66,44.945,10707,0
PTLO.US,5,20211102,171500,44.96,45.88,44.94,45.605,63118,0
PTLO.US,5,20211102,172000,45.46,45.6005,44.68,44.77,37434,0
PTLO.US,5,20211102,172500,44.77,44.8525,44.12,44.42,19132,0
PTLO.US,5,20211102,173000,44.4384,44.4384,44.3,44.36,9661,0
PTLO.US,5,20211102,173500,44.395,44.395,44.0601,44.14,12525,0
PTLO.US,5,20211102,174000,44.285,44.29,43.64,43.7592,22726,0
PTLO.US,5,20211102,174500,43.817,44.0055,43.7,43.9718,4187,0
PTLO.US,5,20211102,175000,43.9499,43.9499,43.68,43.75,3474,0
PTLO.US,5,20211102,175500,43.9,44.2,43.9,44.2,4752,0
PTLO.US,5,20211102,180000,44.14,44.14,43.7,43.8,16720,0
PTLO.US,5,20211102,180500,43.81,43.925,43.2485,43.2485,9096,0
PTLO.US,5,20211102,181000,43.41,43.41,43.11,43.25,7598,0
PTLO.US,5,20211102,181500,43.2001,43.56,43.19,43.54,18360,0
PTLO.US,5,20211102,182000,43.51,43.56,43.12,43.325,14100,0
PTLO.US,5,20211102,182500,43.325,43.325,42.61,42.61,11539,0
PTLO.US,5,20211102,183000,42.9989,42.9989,42.35,42.3925,13675,0
PTLO.US,5,20211102,183500,42.3,43.01,42.3,42.98,4384,0
PTLO.US,5,20211102,184000,42.98,43.2598,42.8743,43.195,2873,0
PTLO.US,5,20211102,184500,43.3,43.49,43.107,43.33,4459,0
PTLO.US,5,20211102,185000,43.045,43.36,42.91,42.91,4885,0
PTLO.US,5,20211102,185500,42.91,43.1494,42.8,42.8,3163,0
PTLO.US,5,20211102,190000,42.7291,43.25,42.7291,42.9,8486,0
PTLO.US,5,20211102,190500,42.93,42.95,42.64,42.795,21060,0
PTLO.US,5,20211102,191000,42.84,42.95,42.3,42.3,11581,0
PTLO.US,5,20211102,191500,42.3,42.8248,42.2501,42.8248,2170,0
PTLO.US,5,20211102,192000,42.7756,42.8,42.2432,42.6,10124,0
PTLO.US,5,20211102,192500,42.6,42.83,42.6,42.7678,11940,0
PTLO.US,5,20211102,193000,42.83,42.83,42.65,42.7,3812,0
PTLO.US,5,20211102,193500,42.7,42.89,42.6167,42.72,11772,0
PTLO.US,5,20211102,194000,42.77,43.02,42.5692,43.02,6978,0
PTLO.US,5,20211102,194500,43.025,43.23,42.7841,43.005,5722,0
PTLO.US,5,20211102,195000,43.01,43.6,43.01,43.345,13988,0
PTLO.US,5,20211102,195500,43.39,43.4856,43.155,43.4856,4002,0
PTLO.US,5,20211102,200000,43.43,43.75,43.43,43.74,6409,0
PTLO.US,5,20211102,200500,43.7,43.85,43.56,43.74,3581,0
PTLO.US,5,20211102,201000,43.71,43.88,43.61,43.745,4113,0
PTLO.US,5,20211102,201500,43.88,43.88,43.4,43.505,4768,0
PTLO.US,5,20211102,202000,43.32,43.32,42.91,43.02,10819,0
PTLO.US,5,20211102,202500,43.08,43.267,42.92,43,9505,0
PTLO.US,5,20211102,203000,43.17,43.25,43.02,43.16,14834,0
PTLO.US,5,20211102,203500,43.16,43.25,42.5,42.95,49874,0
PTLO.US,5,20211102,204000,42.8886,42.89,42.5506,42.562,9616,0
PTLO.US,5,20211102,204500,42.63,42.75,42.55,42.555,2689,0
PTLO.US,5,20211102,205000,42.6748,42.75,42.61,42.7,9800,0
PTLO.US,5,20211102,205500,42.68,42.7788,42.45,42.59,65616,0
PTLO.US,5,20211103,143000,42.66,43.49,42.59,43,23315,0
PTLO.US,5,20211103,143500,43.07,43.389,42.46,42.61,20902,0
PTLO.US,5,20211103,144000,42.6,42.7678,42.4751,42.7019,6376,0
PTLO.US,5,20211103,144500,42.73,43,42.725,42.98,7896,0
PTLO.US,5,20211103,145000,43,43.3224,42.87,43.3224,12208,0
PTLO.US,5,20211103,145500,43.24,43.89,43.1,43.24,29325,0
PTLO.US,5,20211103,150000,43.175,43.8397,43.175,43.68,16073,0
PTLO.US,5,20211103,150500,43.68,43.99,43.59,43.65,12120,0
PTLO.US,5,20211103,151000,43.67,44.4899,43.63,44.025,21538,0
PTLO.US,5,20211103,151500,43.92,44.65,43.9,44.175,17971,0
PTLO.US,5,20211103,152000,44.11,44.54,44.0001,44.255,20838,0
PTLO.US,5,20211103,152500,44.42,44.7,44.06,44.1141,21937,0
PTLO.US,5,20211103,153000,44.11,44.24,43.5,43.6848,9416,0
PTLO.US,5,20211103,153500,43.9,44.1,43.8269,43.83,6150,0
PTLO.US,5,20211103,154000,43.71,43.8264,43.41,43.7,10469,0
PTLO.US,5,20211103,154500,43.89,43.9861,43.715,43.858,7622,0
PTLO.US,5,20211103,155000,43.71,44,43.6,43.925,10385,0
PTLO.US,5,20211103,155500,43.95,44.1,43.69,43.92,12659,0
PTLO.US,5,20211103,160000,43.8672,43.8709,43.65,43.87,6442,0
PTLO.US,5,20211103,160500,43.7762,43.93,43.75,43.9,2460,0
PTLO.US,5,20211103,161000,43.885,44,43.87,43.9,5530,0
PTLO.US,5,20211103,161500,43.9483,43.9483,43.75,43.795,2340,0
PTLO.US,5,20211103,162000,43.85,43.9012,43.815,43.9,4297,0
PTLO.US,5,20211103,162500,43.84,43.9,43.75,43.88,4558,0
PTLO.US,5,20211103,163000,43.8899,43.8899,43.71,43.75,1856,0
PTLO.US,5,20211103,163500,43.77,43.77,43.29,43.505,13536,0
PTLO.US,5,20211103,164000,43.52,43.8399,43.52,43.63,2285,0
PTLO.US,5,20211103,164500,43.6029,43.67,43.5101,43.67,905,0
PTLO.US,5,20211103,165000,43.6005,43.6005,43.355,43.51,6705,0
PTLO.US,5,20211103,165500,43.5899,43.5899,43.47,43.52,2780,0
PTLO.US,5,20211103,170000,43.41,43.4682,43.31,43.335,1981,0
PTLO.US,5,20211103,170500,43.25,43.375,43.21,43.37,3362,0
PTLO.US,5,20211103,171000,43.375,43.3886,43.33,43.33,1000,0
PTLO.US,5,20211103,171500,43.315,43.315,43.05,43.05,8418,0
PTLO.US,5,20211103,172000,43.09,43.2695,43.01,43.26,5615,0
PTLO.US,5,20211103,172500,43.255,43.375,43.09,43.1009,5649,0
PTLO.US,5,20211103,173000,43.145,43.2695,43.14,43.14,2025,0
PTLO.US,5,20211103,173500,43.205,43.28,42.91,42.95,11018,0
PTLO.US,5,20211103,174000,42.93,43.05,42.9,42.985,5222,0
PTLO.US,5,20211103,174500,43.0075,43.0075,42.88,42.95,5062,0
PTLO.US,5,20211103,175000,42.88,42.97,42.85,42.97,2473,0
PTLO.US,5,20211103,175500,42.82,42.875,42.81,42.875,1666,0
PTLO.US,5,20211103,180000,42.915,42.9427,42.84,42.84,3296,0
PTLO.US,5,20211103,180500,42.8,43.14,42.58,42.88,19796,0
PTLO.US,5,20211103,181000,42.91,43,42.8,42.85,10380,0
PTLO.US,5,20211103,181500,42.875,42.9675,42.7501,42.8673,5901,0
PTLO.US,5,20211103,182000,42.81,42.81,42.798,42.798,750,0
PTLO.US,5,20211103,182500,42.85,43.03,42.76,43,10678,0
PTLO.US,5,20211103,183000,43,43,42.52,42.575,17288,0
PTLO.US,5,20211103,183500,42.5801,42.71,42.5801,42.71,9858,0
PTLO.US,5,20211103,184000,42.63,42.665,42.3146,42.37,8365,0
PTLO.US,5,20211103,184500,42.425,42.425,41.83,41.9,20608,0
PTLO.US,5,20211103,185000,41.94,42.07,41.94,42.05,2881,0
PTLO.US,5,20211103,185500,41.9966,42.055,41.93,42,2115,0
PTLO.US,5,20211103,190000,42.05,42.4654,41.99,42.3,8523,0
PTLO.US,5,20211103,190500,42.3,42.5,42.3,42.47,11735,0
PTLO.US,5,20211103,191000,42.4,42.59,42.39,42.59,9261,0
PTLO.US,5,20211103,191500,42.64,43.1549,42.64,43.1549,5179,0
PTLO.US,5,20211103,192000,43.04,43.16,42.75,42.855,3935,0
PTLO.US,5,20211103,192500,42.85,43.02,42.85,43.02,1907,0
PTLO.US,5,20211103,193000,42.985,43.05,42.96,42.96,3659,0
PTLO.US,5,20211103,193500,42.87,43,42.8,42.965,8887,0
PTLO.US,5,20211103,194000,43.03,43.09,42.95,43.09,1209,0
PTLO.US,5,20211103,194500,43.0253,43.11,42.91,43.03,3715,0
PTLO.US,5,20211103,195000,43,43.04,42.913,42.93,6277,0
PTLO.US,5,20211103,195500,42.96,42.97,42.825,42.9,2220,0
PTLO.US,5,20211103,200000,42.89,42.89,42.75,42.85,3733,0
PTLO.US,5,20211103,200500,42.8,42.8,42.51,42.7083,5760,0
PTLO.US,5,20211103,201000,42.51,42.6034,42.5,42.515,3549,0
PTLO.US,5,20211103,201500,42.51,42.91,42.5,42.91,7132,0
PTLO.US,5,20211103,202000,42.9803,42.9803,42.635,42.71,1626,0
PTLO.US,5,20211103,202500,42.8,42.84,42.715,42.715,5676,0
PTLO.US,5,20211103,203000,42.7999,42.92,42.645,42.895,4327,0
PTLO.US,5,20211103,203500,42.9585,42.965,42.875,42.91,2183,0
PTLO.US,5,20211103,204000,42.92,43,42.7501,42.91,5499,0
PTLO.US,5,20211103,204500,42.99,42.9981,42.8,42.855,2900,0
PTLO.US,5,20211103,205000,42.79,42.855,42.52,42.695,3395,0
PTLO.US,5,20211103,205500,42.735,42.9,42.7,42.73,35962,0
PTLO.US,5,20211104,143000,43,43.479,42.8,43.295,39879,0
PTLO.US,5,20211104,143500,43.217,43.49,42.75,42.75,22345,0
PTLO.US,5,20211104,144000,43.27,43.295,43,43.19,6824,0
PTLO.US,5,20211104,144500,43.291,43.291,42.7727,42.85,7986,0
PTLO.US,5,20211104,145000,42.9,42.98,42.75,42.8424,3955,0
PTLO.US,5,20211104,145500,42.76,43.2,42.75,43.1742,7986,0
PTLO.US,5,20211104,150000,43.2001,43.2001,42.915,43.01,4569,0
PTLO.US,5,20211104,150500,42.9,43,42.85,43,2969,0
PTLO.US,5,20211104,151000,42.84,43.12,42.84,43.015,6999,0
PTLO.US,5,20211104,151500,42.97,43.24,42.97,43.095,9091,0
PTLO.US,5,20211104,152000,43.2,43.4,43.09,43.175,12179,0
PTLO.US,5,20211104,152500,43.16,43.2,43.03,43.145,5523,0
PTLO.US,5,20211104,153000,43.1154,43.23,43.0095,43.15,6329,0
PTLO.US,5,20211104,153500,43.07,43.14,42.8,43,13095,0
PTLO.US,5,20211104,154000,42.97,43.2,42.9016,43.025,7633,0
PTLO.US,5,20211104,154500,43.025,43.1,42.9,43.03,6448,0
PTLO.US,5,20211104,155000,43.04,43.15,42.93,43.1,7510,0
PTLO.US,5,20211104,155500,43.04,43.2,42.81,43.19,19966,0
PTLO.US,5,20211104,160000,43.08,43.19,43,43.1,2408,0
PTLO.US,5,20211104,160500,43.015,43.1,42.9307,43.0911,2460,0
PTLO.US,5,20211104,161000,42.98,43,42.87,42.8993,3593,0
PTLO.US,5,20211104,161500,42.94,43.07,42.94,43.07,6021,0
PTLO.US,5,20211104,162000,43.07,43.1,42.91,42.99,4317,0
PTLO.US,5,20211104,162500,42.99,43.04,42.92,43,10276,0
PTLO.US,5,20211104,163000,43.05,43.091,43,43.0187,2543,0
PTLO.US,5,20211104,163500,43.05,43.33,42.95,42.9594,23622,0
PTLO.US,5,20211104,164000,42.96,43.2299,42.96,43,4692,0
PTLO.US,5,20211104,164500,42.9801,43.0868,42.95,42.95,2967,0
PTLO.US,5,20211104,165000,42.9915,43.21,42.97,43.07,3775,0
PTLO.US,5,20211104,165500,43.1,43.15,43,43.0353,8873,0
PTLO.US,5,20211104,170000,43.15,43.2121,43.02,43.04,4520,0
PTLO.US,5,20211104,170500,43.03,43.3599,43.03,43.3524,7037,0
PTLO.US,5,20211104,171000,43.285,43.29,43.165,43.29,2169,0
PTLO.US,5,20211104,171500,43.255,43.69,43.23,43.23,16737,0
PTLO.US,5,20211104,172000,43.23,43.4698,43.23,43.355,2693,0
PTLO.US,5,20211104,172500,43.34,43.68,43.28,43.65,4828,0
PTLO.US,5,20211104,173000,43.585,44.44,43.585,44,16269,0
PTLO.US,5,20211104,173500,44.1596,46.585,44.001,46.1999,134812,0
PTLO.US,5,20211104,174000,46.19,47.68,45.7801,47.68,152273,0
PTLO.US,5,20211104,174500,47.665,48,46.75,46.87,100371,0
PTLO.US,5,20211104,175000,46.93,46.96,46.2,46.445,45051,0
PTLO.US,5,20211104,175500,46.42,47.48,46.42,47.05,47690,0
PTLO.US,5,20211104,180000,47.02,47.19,46.69,47.19,18857,0
PTLO.US,5,20211104,180500,47.1,47.2,46.26,46.26,19564,0
PTLO.US,5,20211104,181000,46.2938,46.99,46.2701,46.99,9812,0
PTLO.US,5,20211104,181500,46.87,46.87,46.25,46.2501,10351,0
PTLO.US,5,20211104,182000,46.45,46.76,46.32,46.57,11611,0
PTLO.US,5,20211104,182500,46.63,47.39,46.63,47.3284,24104,0
PTLO.US,5,20211104,183000,47.4,48.1699,47.371,47.9499,45087,0
PTLO.US,5,20211104,183500,47.95,48.19,47.75,48,25428,0
PTLO.US,5,20211104,184000,48.01,48.8499,48.01,48.8342,30006,0
PTLO.US,5,20211104,184500,48.805,49.2,48.25,48.395,51277,0
PTLO.US,5,20211104,185000,48.345,48.67,48.15,48.265,9758,0
PTLO.US,5,20211104,185500,48.1704,48.48,47.75,47.75,24071,0
PTLO.US,5,20211104,190000,47.67,48.0899,47.65,47.9018,5370,0
PTLO.US,5,20211104,190500,47.929,48.2,47.8,47.895,10678,0
PTLO.US,5,20211104,191000,47.95,48.197,47.52,47.5301,15713,0
PTLO.US,5,20211104,191500,47.836,47.88,47.38,47.42,11254,0
PTLO.US,5,20211104,192000,47.325,47.74,47.2285,47.65,9357,0
PTLO.US,5,20211104,192500,47.65,47.7382,47.2,47.4,16772,0
PTLO.US,5,20211104,193000,47.2,47.64,47.17,47.64,19152,0
PTLO.US,5,20211104,193500,47.56,47.75,47.18,47.18,8230,0
PTLO.US,5,20211104,194000,47.37,47.568,47.32,47.32,4150,0
PTLO.US,5,20211104,194500,47.2901,47.55,47.11,47.255,11439,0
PTLO.US,5,20211104,195000,47.41,47.49,47.18,47.41,9803,0
PTLO.US,5,20211104,195500,47.386,47.55,47.386,47.4886,7246,0
PTLO.US,5,20211104,200000,47.315,47.75,47.2156,47.655,9988,0
PTLO.US,5,20211104,200500,47.75,48.2,47.6101,48,24806,0
PTLO.US,5,20211104,201000,47.99,48.44,47.9,48.3836,13656,0
PTLO.US,5,20211104,201500,48.42,49.35,48.24,49.2861,36398,0
PTLO.US,5,20211104,202000,49.39,50,49.24,49.65,44002,0
PTLO.US,5,20211104,202500,49.7411,49.89,49.101,49.69,25379,0
PTLO.US,5,20211104,203000,49.7793,50.728,49.57,49.845,55469,0
PTLO.US,5,20211104,203500,49.85,50.23,49.5,50.2,28325,0
PTLO.US,5,20211104,204000,50.205,50.205,49.53,49.7525,9333,0
PTLO.US,5,20211104,204500,49.7,50,49.5,49.755,28496,0
PTLO.US,5,20211104,205000,49.84,51.18,49.76,50.7,56349,0
PTLO.US,5,20211104,205500,51.2,51.72,51.05,51.39,125756,0
PTLO.US,5,20211105,143000,53.04,53.04,52.105,52.4,82788,0
PTLO.US,5,20211105,143500,52.4819,53.02,48.315,50.2,129740,0
PTLO.US,5,20211105,144000,50.259,50.57,49.51,49.6179,29203,0
PTLO.US,5,20211105,144500,49.71,52.62,49.71,50.175,59707,0
PTLO.US,5,20211105,145000,50.195,50.27,48.4,49.02,91170,0
PTLO.US,5,20211105,145500,49.02,49.02,46.87,47.17,156002,0
PTLO.US,5,20211105,150000,47.4628,47.73,46.25,46.6414,78489,0
PTLO.US,5,20211105,150500,46.6761,46.7899,46,46.5,105344,0
PTLO.US,5,20211105,151000,46.59,47.15,46.2,47.1,42236,0
PTLO.US,5,20211105,151500,46.935,47.17,45.05,45.675,111944,0
PTLO.US,5,20211105,152000,45.5,46.48,45.3201,46.43,57069,0
PTLO.US,5,20211105,152500,46.22,46.7,46.0941,46.68,28258,0
PTLO.US,5,20211105,153000,46.555,46.87,46.06,46.69,21437,0
PTLO.US,5,20211105,153500,46.94,47.09,46.58,46.9965,32749,0
PTLO.US,5,20211105,154000,46.99,47.38,46.65,46.65,33742,0
PTLO.US,5,20211105,154500,46.72,46.85,45.31,45.79,49537,0
PTLO.US,5,20211105,155000,45.7901,46.28,45.43,45.9278,28828,0
PTLO.US,5,20211105,155500,46.0699,46.0699,44.53,44.71,87040,0
PTLO.US,5,20211105,160000,44.6,44.8199,43.8,44.27,56333,0
PTLO.US,5,20211105,160500,44.34,45.0318,44.34,44.9695,34931,0
PTLO.US,5,20211105,161000,44.96,45.81,44.85,45.466,34559,0
PTLO.US,5,20211105,161500,45.38,46.1,45.38,45.8021,13387,0
PTLO.US,5,20211105,162000,45.785,46.15,45.6312,46.12,10360,0
PTLO.US,5,20211105,162500,46.15,46.1999,45.61,45.985,19485,0
PTLO.US,5,20211105,163000,46.0236,46.4657,45.87,46.15,11571,0
PTLO.US,5,20211105,163500,46.2334,46.2334,45.86,46.01,14781,0
PTLO.US,5,20211105,164000,46.01,46.2879,45.85,46.0808,6428,0
PTLO.US,5,20211105,164500,46.145,46.145,45.95,46.05,11357,0
PTLO.US,5,20211105,165000,46.05,46.05,45.7613,46.0057,9999,0
PTLO.US,5,20211105,165500,46.09,46.09,45.75,45.75,4476,0
PTLO.US,5,20211105,170000,45.753,45.91,45.63,45.91,12130,0
PTLO.US,5,20211105,170500,45.845,45.95,45.74,45.74,7524,0
PTLO.US,5,20211105,171000,45.875,45.9999,45.86,45.9348,6744,0
PTLO.US,5,20211105,171500,45.965,46.4,45.965,46.39,10820,0
PTLO.US,5,20211105,172000,46.4688,46.8,46.4475,46.66,15934,0
PTLO.US,5,20211105,172500,46.77,47.19,46.6065,47,34662,0
PTLO.US,5,20211105,173000,46.96,47.07,46.81,46.97,14126,0
PTLO.US,5,20211105,173500,46.99,47.2,46.85,47.19,12730,0
PTLO.US,5,20211105,174000,47.13,47.2199,46.58,46.775,9107,0
PTLO.US,5,20211105,174500,46.75,46.75,46.1266,46.59,10237,0
PTLO.US,5,20211105,175000,46.5,46.7799,46.4,46.69,9423,0
PTLO.US,5,20211105,175500,46.6853,46.75,46.61,46.75,3064,0
PTLO.US,5,20211105,180000,46.8,46.99,46.69,46.99,1975,0
PTLO.US,5,20211105,180500,46.89,46.95,46.75,46.765,7006,0
PTLO.US,5,20211105,181000,46.73,47.04,46.73,46.9896,12625,0
PTLO.US,5,20211105,181500,47.025,47.1,46.67,46.92,7174,0
PTLO.US,5,20211105,182000,46.968,47.1,46.84,46.99,18514,0
PTLO.US,5,20211105,182500,46.96,46.96,46.61,46.73,9042,0
PTLO.US,5,20211105,183000,46.725,46.725,46.435,46.52,5997,0
PTLO.US,5,20211105,183500,46.435,46.5,45.81,45.8191,11281,0
PTLO.US,5,20211105,184000,45.84,45.86,45.4553,45.4553,11325,0
PTLO.US,5,20211105,184500,45.42,45.5,45.2,45.37,9525,0
PTLO.US,5,20211105,185000,45.63,45.78,45.5,45.76,9805,0
PTLO.US,5,20211105,185500,45.78,46.1866,45.76,46.07,10736,0
PTLO.US,5,20211105,190000,46.065,46.39,46.065,46.27,4972,0
PTLO.US,5,20211105,190500,46.38,46.5,46.15,46.15,6961,0
PTLO.US,5,20211105,191000,46.21,46.93,46.21,46.93,9871,0
PTLO.US,5,20211105,191500,46.76,46.9284,46.33,46.56,4981,0
PTLO.US,5,20211105,192000,46.76,46.98,46.66,46.95,3596,0
PTLO.US,5,20211105,192500,46.9372,47.16,46.81,46.99,62609,0
PTLO.US,5,20211105,193000,46.915,47.1971,46.85,46.97,6453,0
PTLO.US,5,20211105,193500,47.065,47.1636,46.96,47.1636,5431,0
PTLO.US,5,20211105,194000,47.164,47.164,46.58,46.68,4155,0
PTLO.US,5,20211105,194500,46.72,46.76,46.24,46.33,6525,0
PTLO.US,5,20211105,195000,46.355,46.58,46.355,46.58,5636,0
PTLO.US,5,20211105,195500,46.58,46.58,46.35,46.38,4442,0
PTLO.US,5,20211105,200000,46.38,46.43,46.08,46.25,7697,0
PTLO.US,5,20211105,200500,46.32,46.54,46.32,46.54,2630,0
PTLO.US,5,20211105,201000,46.54,46.54,46.31,46.47,6004,0
PTLO.US,5,20211105,201500,46.33,46.48,46.21,46.475,5241,0
PTLO.US,5,20211105,202000,46.44,46.44,46.25,46.25,3814,0
PTLO.US,5,20211105,202500,46.29,46.4,46.285,46.375,5801,0
PTLO.US,5,20211105,203000,46.4,46.57,46.4,46.57,8887,0
PTLO.US,5,20211105,203500,46.552,46.8946,46.5,46.77,7964,0
PTLO.US,5,20211105,204000,46.84,46.9099,46.37,46.5,23508,0
PTLO.US,5,20211105,204500,46.595,46.79,46.52,46.69,5345,0
PTLO.US,5,20211105,205000,46.79,47.35,46.79,46.905,29595,0
PTLO.US,5,20211105,205500,46.96,47.01,46.8599,47,64727,0
PTLO.US,5,20211108,153000,47.6248,48.47,47.41,48.39,58244,0
PTLO.US,5,20211108,153500,48.28,48.28,47,47.29,32591,0
PTLO.US,5,20211108,154000,47.29,47.29,45.51,45.85,45982,0
PTLO.US,5,20211108,154500,45.721,46.4999,45.721,46.255,6417,0
PTLO.US,5,20211108,155000,46.22,46.22,45.54,46.095,15140,0
PTLO.US,5,20211108,155500,46.1,46.32,45.5,45.5,22063,0
PTLO.US,5,20211108,160000,45.545,45.56,45,45.345,38777,0
PTLO.US,5,20211108,160500,45.38,45.5971,45.1,45.35,10007,0
PTLO.US,5,20211108,161000,45.3025,45.3025,44.54,44.7921,42082,0
PTLO.US,5,20211108,161500,44.79,44.95,44.1,44.74,22690,0
PTLO.US,5,20211108,162000,44.71,45.6,44.71,45.6,12808,0
PTLO.US,5,20211108,162500,45.55,45.55,45.122,45.2,9654,0
PTLO.US,5,20211108,163000,45.33,45.33,45.055,45.18,4868,0
PTLO.US,5,20211108,163500,45.185,45.45,45.1401,45.45,5973,0
PTLO.US,5,20211108,164000,45.38,45.5,44.93,44.93,16061,0
PTLO.US,5,20211108,164500,44.8515,45.3699,44.7638,45.105,21450,0
PTLO.US,5,20211108,165000,45.105,45.59,45.105,45.42,6649,0
PTLO.US,5,20211108,165500,45.424,45.4899,45.25,45.3766,5450,0
PTLO.US,5,20211108,170000,45.335,45.56,45.2319,45.24,6441,0
PTLO.US,5,20211108,170500,45.23,45.34,45.05,45.15,30632,0
PTLO.US,5,20211108,171000,45.15,45.38,44.142,44.3325,33797,0
PTLO.US,5,20211108,171500,44.33,44.4548,44,44.45,21333,0
PTLO.US,5,20211108,172000,44.45,44.5,44.1,44.33,6027,0
PTLO.US,5,20211108,172500,44.3275,44.4,44.15,44.365,7327,0
PTLO.US,5,20211108,173000,44.37,44.676,44.15,44.56,7293,0
PTLO.US,5,20211108,173500,44.56,44.88,44.5142,44.81,11987,0
PTLO.US,5,20211108,174000,44.815,44.99,44.5,44.605,7311,0
PTLO.US,5,20211108,174500,44.605,44.96,44.5,44.75,2669,0
PTLO.US,5,20211108,175000,44.86,44.91,44.8051,44.8051,1050,0
PTLO.US,5,20211108,175500,44.9188,45.25,44.8944,45.18,8461,0
PTLO.US,5,20211108,180000,45.2499,45.2499,45,45.095,8254,0
PTLO.US,5,20211108,180500,45.095,45.32,45,45.08,11203,0
PTLO.US,5,20211108,181000,45.08,45.16,44.635,44.8,14401,0
PTLO.US,5,20211108,181500,45,45.0463,44.8001,44.886,3200,0
PTLO.US,5,20211108,182000,44.94,45,44.6671,44.6671,9958,0
PTLO.US,5,20211108,182500,44.7386,44.7386,44.35,44.35,7760,0
PTLO.US,5,20211108,183000,44.42,44.5,44.3663,44.45,5506,0
PTLO.US,5,20211108,183500,44.565,44.79,44.48,44.51,13670,0
PTLO.US,5,20211108,184000,44.5,44.56,44.281,44.435,12917,0
PTLO.US,5,20211108,184500,44.4,44.435,44.31,44.405,4256,0
PTLO.US,5,20211108,185000,44.5338,44.64,44.47,44.64,4500,0
PTLO.US,5,20211108,185500,44.5996,44.7368,44.465,44.465,2056,0
PTLO.US,5,20211108,190000,44.5,44.8,44.425,44.72,9858,0
PTLO.US,5,20211108,190500,44.685,44.87,44.5101,44.64,5227,0
PTLO.US,5,20211108,191000,44.625,44.625,44.41,44.485,3712,0
PTLO.US,5,20211108,191500,44.5154,44.565,44.4201,44.565,3017,0
PTLO.US,5,20211108,192000,44.57,44.7292,44.53,44.5475,1894,0
PTLO.US,5,20211108,192500,44.7546,44.95,44.74,44.74,2512,0
PTLO.US,5,20211108,193000,44.74,44.88,44.71,44.79,4336,0
PTLO.US,5,20211108,193500,44.88,44.99,44.861,44.9899,1150,0
PTLO.US,5,20211108,194000,44.945,45.1182,44.92,45.1182,6406,0
PTLO.US,5,20211108,194500,45.0563,45.408,45,45.3767,9742,0
PTLO.US,5,20211108,195000,45.41,45.55,45.3,45.5,25177,0
PTLO.US,5,20211108,195500,45.55,45.59,45.0853,45.1501,22309,0
PTLO.US,5,20211108,200000,45.275,45.4,45.05,45.0942,1993,0
PTLO.US,5,20211108,200500,44.9933,45.17,44.7001,44.71,5221,0
PTLO.US,5,20211108,201000,44.711,44.711,44.31,44.34,10619,0
PTLO.US,5,20211108,201500,44.6246,44.6246,44.35,44.5352,6923,0
PTLO.US,5,20211108,202000,44.62,44.62,44.3,44.3,3480,0
PTLO.US,5,20211108,202500,44.548,44.548,44.32,44.445,1883,0
PTLO.US,5,20211108,203000,44.54,44.85,44.4101,44.84,8392,0
PTLO.US,5,20211108,203500,45.0395,45.0395,44.36,44.45,6286,0
PTLO.US,5,20211108,204000,44.425,44.49,44.06,44.236,19455,0
PTLO.US,5,20211108,204500,44.1802,44.384,44,44.03,23532,0
PTLO.US,5,20211108,205000,44.045,44.24,44,44.24,9828,0
PTLO.US,5,20211108,205500,44.4,44.4294,44.2995,44.31,2650,0
PTLO.US,5,20211108,210000,44.38,44.64,44.38,44.64,1969,0
PTLO.US,5,20211108,210500,44.71,44.855,44.6376,44.78,6200,0
PTLO.US,5,20211108,211000,44.705,44.72,44.6239,44.6239,1400,0
PTLO.US,5,20211108,211500,44.7068,45.065,44.665,45.0322,6985,0
PTLO.US,5,20211108,212000,45.185,45.185,44.86,44.86,4511,0
PTLO.US,5,20211108,212500,44.84,45.05,44.7201,44.86,11850,0
PTLO.US,5,20211108,213000,44.78,45.095,44.78,44.92,8729,0
PTLO.US,5,20211108,213500,45.01,45.1,44.8201,44.88,4587,0
PTLO.US,5,20211108,214000,44.84,45.05,44.84,45.025,5196,0
PTLO.US,5,20211108,214500,45,45,44.73,44.9882,6532,0
PTLO.US,5,20211108,215000,44.98,45,44.85,44.93,24394,0
PTLO.US,5,20211108,215500,44.88,45,44.88,45,48173,0
PTLO.US,5,20211109,153000,44.12,45,44.12,44.7538,26342,0
PTLO.US,5,20211109,153500,44.75,44.75,44.14,44.1401,4968,0
PTLO.US,5,20211109,154000,44.2,44.4699,44.01,44.335,17140,0
PTLO.US,5,20211109,154500,44.2,44.285,42.61,42.9,65344,0
PTLO.US,5,20211109,155000,42.905,42.98,41.19,41.95,74952,0
PTLO.US,5,20211109,155500,41.97,42.4999,41.64,42.15,22196,0
PTLO.US,5,20211109,160000,42.2272,42.5,41.75,42.1512,10212,0
PTLO.US,5,20211109,160500,42.4122,42.4589,41.5,41.51,30341,0
PTLO.US,5,20211109,161000,41.5,42,40.81,41.3,61672,0
PTLO.US,5,20211109,161500,41.48,41.91,41,41.605,31253,0
PTLO.US,5,20211109,162000,41.65,41.99,41.605,41.815,13339,0
PTLO.US,5,20211109,162500,41.845,42.41,41.5,41.73,32562,0
PTLO.US,5,20211109,163000,41.55,41.82,40.39,40.71,58711,0
PTLO.US,5,20211109,163500,40.875,40.88,40.2,40.747,28175,0
PTLO.US,5,20211109,164000,40.45,40.89,40.25,40.4513,20320,0
PTLO.US,5,20211109,164500,40.375,41.33,40.375,41.2,27924,0
PTLO.US,5,20211109,165000,41.1662,41.1795,40.6,40.787,16789,0
PTLO.US,5,20211109,165500,40.8829,40.9488,40.585,40.66,12581,0
PTLO.US,5,20211109,170000,40.8,41,40.526,40.795,10888,0
PTLO.US,5,20211109,170500,40.805,40.85,40.51,40.6756,27345,0
PTLO.US,5,20211109,171000,40.705,41,40.705,40.895,5050,0
PTLO.US,5,20211109,171500,40.8112,41.332,40.71,41.1,10945,0
PTLO.US,5,20211109,172000,41.35,41.527,41.03,41.44,9602,0
PTLO.US,5,20211109,172500,41.5,41.67,41.2624,41.27,11827,0
PTLO.US,5,20211109,173000,41.38,41.5,41.26,41.4968,7581,0
PTLO.US,5,20211109,173500,41.355,41.5,41.2,41.5,4260,0
PTLO.US,5,20211109,174000,41.22,41.99,41.22,41.9367,11711,0
PTLO.US,5,20211109,174500,41.7812,41.9899,41.56,41.9019,5397,0
PTLO.US,5,20211109,175000,41.945,41.99,41.57,41.87,5665,0
PTLO.US,5,20211109,175500,41.765,41.765,41.66,41.68,2973,0
PTLO.US,5,20211109,180000,41.68,41.783,41.35,41.35,10074,0
PTLO.US,5,20211109,180500,41.2,41.242,40.92,40.9312,6835,0
PTLO.US,5,20211109,181000,40.9799,41.03,40.7,41.03,8551,0
PTLO.US,5,20211109,181500,41.01,42.25,40.9999,41.9893,78365,0
PTLO.US,5,20211109,182000,41.8579,42.43,41.61,42.325,16314,0
PTLO.US,5,20211109,182500,42.32,42.3479,42,42.05,6205,0
PTLO.US,5,20211109,183000,41.9255,42.5589,41.842,42.5589,6943,0
PTLO.US,5,20211109,183500,42.57,42.6,42.1801,42.428,15334,0
PTLO.US,5,20211109,184000,42.3148,42.56,42.12,42.32,5724,0
PTLO.US,5,20211109,184500,42.46,42.93,42.32,42.92,3995,0
PTLO.US,5,20211109,185000,42.91,43.25,42.7001,43.25,12032,0
PTLO.US,5,20211109,185500,43.34,43.85,43.01,43.01,19185,0
PTLO.US,5,20211109,190000,43.06,43.16,42.975,42.975,6108,0
PTLO.US,5,20211109,190500,42.96,43.55,42.96,43.55,2892,0
PTLO.US,5,20211109,191000,43.4162,43.75,43.4162,43.61,11693,0
PTLO.US,5,20211109,191500,43.58,43.5999,43.35,43.5022,13179,0
PTLO.US,5,20211109,192000,43.41,43.41,43.03,43.03,3200,0
PTLO.US,5,20211109,192500,43,43.34,43,43.0101,1687,0
PTLO.US,5,20211109,193000,43.18,43.57,43.1326,43.57,3417,0
PTLO.US,5,20211109,193500,43.6,43.75,43.56,43.75,8292,0
PTLO.US,5,20211109,194000,43.7,44.15,43.7,43.915,13319,0
PTLO.US,5,20211109,194500,43.9,43.9967,43.75,43.8295,6521,0
PTLO.US,5,20211109,195000,43.75,43.82,43.66,43.675,4433,0
PTLO.US,5,20211109,195500,43.68,43.8,43.6096,43.8,4080,0
PTLO.US,5,20211109,200000,44.08,44.44,43.87,44.43,8244,0
PTLO.US,5,20211109,200500,44.3,44.35,44.14,44.14,5985,0
PTLO.US,5,20211109,201000,44.14,44.15,43.96,43.99,5918,0
PTLO.US,5,20211109,201500,43.96,43.96,43.7416,43.89,6778,0
PTLO.US,5,20211109,202000,43.7515,44.16,43.7515,44.1,6248,0
PTLO.US,5,20211109,202500,44.16,44.2,43.94,44.1419,4092,0
PTLO.US,5,20211109,203000,44.32,44.32,43.89,43.9,3060,0
PTLO.US,5,20211109,203500,43.8901,44.18,43.89,44.12,1270,0
PTLO.US,5,20211109,204000,44.12,44.4,44.12,44.345,4260,0
PTLO.US,5,20211109,204500,44.4,44.5,44.3601,44.406,3066,0
PTLO.US,5,20211109,205000,44.43,44.43,44.36,44.43,2827,0
PTLO.US,5,20211109,205500,44.43,44.64,44.42,44.5,12720,0
PTLO.US,5,20211109,210000,44.6,44.93,44.6,44.9093,3398,0
PTLO.US,5,20211109,210500,44.85,44.93,44.18,44.41,7285,0
PTLO.US,5,20211109,211000,44.2,44.3,43.81,43.93,8866,0
PTLO.US,5,20211109,211500,44.0499,44.05,43.8908,44.05,2905,0
PTLO.US,5,20211109,212000,44.05,44.55,43.975,44.55,5741,0
PTLO.US,5,20211109,212500,44.475,44.475,44.17,44.18,5037,0
PTLO.US,5,20211109,213000,44.17,44.86,44.0718,44.7148,52977,0
PTLO.US,5,20211109,213500,44.66,44.75,44.44,44.73,18277,0
PTLO.US,5,20211109,214000,44.74,45.11,44.68,45.11,29003,0
PTLO.US,5,20211109,214500,45.12,45.2,44.5201,44.8,18232,0
PTLO.US,5,20211109,215000,44.87,45.12,44.87,44.9599,17319,0
PTLO.US,5,20211109,215500,44.965,45.17,44.88,45.09,35358,0
PTLO.US,5,20211110,153000,44.48,44.5,44.13,44.2,18475,0
PTLO.US,5,20211110,153500,44.49,44.5148,44.14,44.16,8505,0
PTLO.US,5,20211110,154000,44.17,44.23,43.6,43.6,9039,0
PTLO.US,5,20211110,154500,43.685,44.72,43.6,44.72,13642,0
PTLO.US,5,20211110,155000,44.5614,44.85,44.5353,44.5938,8984,0
PTLO.US,5,20211110,155500,44.6988,45.195,44.6672,45.1,8783,0
PTLO.US,5,20211110,160000,45.1,45.49,44.6,44.695,14170,0
PTLO.US,5,20211110,160500,44.7485,44.9499,44.64,44.76,4105,0
PTLO.US,5,20211110,161000,44.815,45.1699,44.76,44.76,4310,0
PTLO.US,5,20211110,161500,44.96,44.96,44.72,44.806,1669,0
PTLO.US,5,20211110,162000,44.6896,44.96,44.61,44.9557,1800,0
PTLO.US,5,20211110,162500,44.78,45.16,44.61,44.985,10503,0
PTLO.US,5,20211110,163000,45.02,45.14,44.88,45.14,1492,0
PTLO.US,5,20211110,163500,45.075,45.15,44.92,45.035,5266,0
PTLO.US,5,20211110,164000,44.9999,45,44.9204,44.955,3094,0
PTLO.US,5,20211110,164500,44.91,44.98,44.6001,44.66,8798,0
PTLO.US,5,20211110,165000,44.785,45.2,44.77,45.09,21002,0
PTLO.US,5,20211110,165500,45.095,45.19,44.67,44.93,11036,0
PTLO.US,5,20211110,170000,44.8525,45.36,44.8525,45.07,14838,0
PTLO.US,5,20211110,170500,45.085,45.27,45.0001,45.05,14680,0
PTLO.US,5,20211110,171000,45.105,45.275,45.005,45.12,5760,0
PTLO.US,5,20211110,171500,45.1,45.12,44.85,45.09,8571,0
PTLO.US,5,20211110,172000,45,45.09,44.75,44.85,3117,0
PTLO.US,5,20211110,172500,44.95,44.9999,44.85,44.88,2228,0
PTLO.US,5,20211110,173000,44.8135,44.95,44.8,44.86,2382,0
PTLO.US,5,20211110,173500,44.8,44.8738,44.73,44.85,3802,0
PTLO.US,5,20211110,174000,44.8722,44.9,44.311,44.68,10922,0
PTLO.US,5,20211110,174500,44.45,44.57,44.39,44.57,2252,0
PTLO.US,5,20211110,175000,44.39,44.41,44.23,44.3,1803,0
PTLO.US,5,20211110,175500,44.38,44.5153,44.31,44.4685,2134,0
PTLO.US,5,20211110,180000,44.41,44.5317,44.1,44.14,2295,0
PTLO.US,5,20211110,180500,44.21,44.29,44.1,44.17,6150,0
PTLO.US,5,20211110,181000,44.24,44.68,44.19,44.68,12480,0
PTLO.US,5,20211110,181500,44.5,44.5394,44.22,44.4,2282,0
PTLO.US,5,20211110,182000,44.3999,44.4,44.26,44.31,1400,0
PTLO.US,5,20211110,182500,44.3999,44.75,44.35,44.75,10157,0
PTLO.US,5,20211110,183000,44.75,44.8,44.61,44.71,5750,0
PTLO.US,5,20211110,183500,44.81,45.325,44.8,45.25,11898,0
PTLO.US,5,20211110,184000,45.17,45.25,44.75,44.9211,5301,0
PTLO.US,5,20211110,184500,44.762,44.9808,44.69,44.69,5988,0
PTLO.US,5,20211110,185000,44.8,44.8,44.71,44.71,800,0
PTLO.US,5,20211110,185500,44.8,44.8,44.6,44.6,311,0
PTLO.US,5,20211110,190000,44.75,44.75,44.6,44.62,2130,0
PTLO.US,5,20211110,190500,44.67,44.7399,44.4001,44.4001,5816,0
PTLO.US,5,20211110,191000,44.4,44.475,44.3001,44.475,1442,0
PTLO.US,5,20211110,191500,44.45,44.6,44.2,44.6,7766,0
PTLO.US,5,20211110,192000,44.46,44.5,44.37,44.37,1877,0
PTLO.US,5,20211110,192500,44.37,44.37,44.03,44.1685,10054,0
PTLO.US,5,20211110,193000,44.25,44.3767,44.25,44.3767,1200,0
PTLO.US,5,20211110,193500,44.3,44.49,44.3,44.415,1023,0
PTLO.US,5,20211110,194000,44.4,44.5,44.33,44.4999,2044,0
PTLO.US,5,20211110,194500,44.35,44.5,44.35,44.5,2826,0
PTLO.US,5,20211110,195000,44.46,44.99,44.45,44.99,7537,0
PTLO.US,5,20211110,195500,44.8166,44.93,44.45,44.45,14052,0
PTLO.US,5,20211110,200000,44.36,44.505,44.351,44.351,404,0
PTLO.US,5,20211110,200500,44.36,44.41,44.23,44.3018,2784,0
PTLO.US,5,20211110,201000,44.32,44.46,44.19,44.435,2597,0
PTLO.US,5,20211110,201500,44.5,44.59,44.3547,44.52,2876,0
PTLO.US,5,20211110,202000,44.52,44.52,44.35,44.375,2659,0
PTLO.US,5,20211110,202500,44.35,44.4483,44.09,44.14,3679,0
PTLO.US,5,20211110,203000,44.2754,44.34,44.14,44.32,8150,0
PTLO.US,5,20211110,203500,44.49,44.5,44.08,44.08,6314,0
PTLO.US,5,20211110,204000,44.06,44.2479,44,44.02,12383,0
PTLO.US,5,20211110,204500,44,44.38,43.9,44.085,7967,0
PTLO.US,5,20211110,205000,44.2,44.42,44.125,44.205,785,0
PTLO.US,5,20211110,205500,44.09,44.3399,43.99,43.99,5082,0
PTLO.US,5,20211110,210000,44.1459,44.2999,44.06,44.2,1234,0
PTLO.US,5,20211110,210500,44.02,44.2,43.92,43.92,4471,0
PTLO.US,5,20211110,211000,44.08,44.1999,44.05,44.1601,1969,0
PTLO.US,5,20211110,211500,44.15,44.1837,43.99,44.02,3664,0
PTLO.US,5,20211110,212000,44.2,44.2,44.055,44.0745,2200,0
PTLO.US,5,20211110,212500,44.11,44.1498,44.005,44.01,11363,0
PTLO.US,5,20211110,213000,44.06,44.5,44.045,44.3,4015,0
PTLO.US,5,20211110,213500,44.3325,44.335,44.08,44.08,4138,0
PTLO.US,5,20211110,214000,44.16,44.18,43.975,44,7783,0
PTLO.US,5,20211110,214500,44,44.1,43.95,44.03,6751,0
PTLO.US,5,20211110,215000,44.01,44.205,43.9007,43.97,6329,0
PTLO.US,5,20211110,215500,43.97,44.395,43.91,44.16,18273,0
PTLO.US,5,20211111,153000,44.44,44.8548,44.3,44.8548,12025,0
PTLO.US,5,20211111,153500,44.86,45,44.47,44.47,13652,0
PTLO.US,5,20211111,154000,44.5,44.65,44.2501,44.35,6541,0
PTLO.US,5,20211111,154500,44.34,44.57,44.2,44.3638,21955,0
PTLO.US,5,20211111,155000,44.45,45.01,44.36,45,14627,0
PTLO.US,5,20211111,155500,45.02,45.08,44.62,44.62,6047,0
PTLO.US,5,20211111,160000,44.65,44.9,44.4,44.79,22477,0
PTLO.US,5,20211111,160500,44.72,44.79,44.3,44.445,14323,0
PTLO.US,5,20211111,161000,44.4409,44.59,43.6,43.725,7537,0
PTLO.US,5,20211111,161500,43.61,44.1593,43.5,44.1593,5257,0
PTLO.US,5,20211111,162000,44,44.0131,43.6,43.6464,3100,0
PTLO.US,5,20211111,162500,43.628,43.8756,43.628,43.74,3912,0
PTLO.US,5,20211111,163000,43.87,44.0721,43.6,43.9,5641,0
PTLO.US,5,20211111,163500,43.79,44.2,43.7308,44.2,10141,0
PTLO.US,5,20211111,164000,44.29,44.47,44.225,44.265,11139,0
PTLO.US,5,20211111,164500,44.34,44.35,44.19,44.22,2457,0
PTLO.US,5,20211111,165000,44.06,44.41,43.98,44.41,12097,0
PTLO.US,5,20211111,165500,44.38,45,44.38,45,81174,0
PTLO.US,5,20211111,170000,44.92,44.92,44.55,44.5715,7588,0
PTLO.US,5,20211111,171000,44.713,44.83,44.5,44.83,2040,0
PTLO.US,5,20211111,171500,44.7,44.7,44.5,44.6643,1380,0
PTLO.US,5,20211111,172000,44.45,44.65,44.45,44.465,1572,0
PTLO.US,5,20211111,172500,44.4552,44.56,44.32,44.395,975,0
PTLO.US,5,20211111,173000,44.41,44.47,44.32,44.4166,3121,0
PTLO.US,5,20211111,173500,44.5,44.83,44.34,44.56,18564,0
PTLO.US,5,20211111,174000,44.675,44.95,44.56,44.95,1386,0
PTLO.US,5,20211111,174500,44.95,45.09,44.71,45.035,33020,0
PTLO.US,5,20211111,175000,45.1,45.43,44.79,44.94,27998,0
PTLO.US,5,20211111,175500,44.845,45.18,44.79,44.79,6383,0
PTLO.US,5,20211111,180000,44.88,44.91,44.471,44.55,34246,0
PTLO.US,5,20211111,180500,44.6,44.7,44.41,44.41,5614,0
PTLO.US,5,20211111,181000,44.32,44.725,44.32,44.725,2494,0
PTLO.US,5,20211111,181500,44.72,44.72,44.15,44.17,7086,0
PTLO.US,5,20211111,182000,44.05,44.05,43.7439,44.04,6923,0
PTLO.US,5,20211111,182500,43.81,44.12,43.81,44.09,6667,0
PTLO.US,5,20211111,183000,44.035,44.5,43.9237,44.03,22727,0
PTLO.US,5,20211111,183500,44.05,44.1274,43.8501,44.0773,2233,0
PTLO.US,5,20211111,184000,44.08,44.24,44,44,10184,0
PTLO.US,5,20211111,184500,44.105,44.41,44.105,44.41,1066,0
PTLO.US,5,20211111,185000,44.05,44.37,44.05,44.3,1400,0
PTLO.US,5,20211111,185500,44.27,44.37,44.23,44.25,8265,0
PTLO.US,5,20211111,190000,44.2,44.49,44.1,44.125,5400,0
PTLO.US,5,20211111,190500,44.25,44.425,44.2,44.34,5433,0
PTLO.US,5,20211111,191000,44.3,44.3,44.26,44.26,1000,0
PTLO.US,5,20211111,191500,44.25,44.65,44.25,44.5,1400,0
PTLO.US,5,20211111,192000,44.465,44.68,44.33,44.6,9159,0
PTLO.US,5,20211111,192500,44.55,44.65,44.39,44.44,1469,0
PTLO.US,5,20211111,193000,44.37,44.4214,44.2901,44.35,1840,0
PTLO.US,5,20211111,193500,44.45,44.45,44.05,44.3652,23372,0
PTLO.US,5,20211111,194000,44.18,44.54,44.18,44.221,4935,0
PTLO.US,5,20211111,194500,44.22,44.5221,44.22,44.32,1725,0
PTLO.US,5,20211111,195000,44.33,44.75,44.33,44.74,6620,0
PTLO.US,5,20211111,195500,44.6947,44.9,44.5001,44.7225,17029,0
PTLO.US,5,20211111,200000,44.8,44.93,44.7,44.735,4400,0
PTLO.US,5,20211111,200500,44.795,45.2835,44.7,45.2,34787,0
PTLO.US,5,20211111,201000,45.205,45.44,44.8526,45.21,19090,0
PTLO.US,5,20211111,201500,45.14,45.17,44.94,44.975,4440,0
PTLO.US,5,20211111,202000,44.9984,44.9984,44.696,44.735,3391,0
PTLO.US,5,20211111,202500,44.69,45.14,44.5147,45.045,5939,0
PTLO.US,5,20211111,203000,45.2059,45.23,44.97,45.07,3332,0
PTLO.US,5,20211111,203500,45.03,45.1,44.89,45.004,2692,0
PTLO.US,5,20211111,204000,45.065,45.16,45,45.01,8892,0
PTLO.US,5,20211111,204500,45.02,45.23,44.95,45,6438,0
PTLO.US,5,20211111,205000,44.8902,45.0251,44.8902,45.0251,1468,0
PTLO.US,5,20211111,205500,45.005,45.005,44.84,44.92,2088,0
PTLO.US,5,20211111,210000,44.91,45,44.82,44.97,1708,0
PTLO.US,5,20211111,210500,44.928,45.03,44.928,44.96,2200,0
PTLO.US,5,20211111,211000,44.94,45,44.81,44.81,1549,0
PTLO.US,5,20211111,211500,44.8,44.878,44.7,44.83,3199,0
PTLO.US,5,20211111,212000,44.95,45.08,44.86,45.08,4015,0
PTLO.US,5,20211111,212500,44.89,45.15,44.87,45.035,2746,0
PTLO.US,5,20211111,213000,45.03,45.1,45.02,45.055,1560,0
PTLO.US,5,20211111,213500,45.096,45.135,44.93,44.93,4426,0
PTLO.US,5,20211111,214000,44.9156,45.05,44.7,45.05,3793,0
PTLO.US,5,20211111,214500,44.935,45.05,44.68,45.045,10906,0
PTLO.US,5,20211111,215000,45.1,45.1816,45.06,45.11,9106,0
PTLO.US,5,20211111,215500,45.11,45.11,44.79,44.83,41731,0
