<TICKER>,<PER>,<DATE>,<TIME>,<OPEN>,<HIGH>,<LOW>,<CLOSE>,<VOL>,<OPENINT>
PVL.US,5,20210922,153000,1.84,1.84,1.8,1.8183,8280,0
PVL.US,5,20210922,153500,1.8185,1.83,1.8185,1.83,1600,0
PVL.US,5,20210922,154000,1.8314,1.8314,1.8314,1.8314,254,0
PVL.US,5,20210922,155000,1.8486,1.8499,1.8486,1.8499,1744,0
PVL.US,5,20210922,155500,1.8453,1.8497,1.8431,1.8433,3150,0
PVL.US,5,20210922,160000,1.8477,1.8477,1.8477,1.8477,1000,0
PVL.US,5,20210922,161000,1.8406,1.85,1.8406,1.85,2000,0
PVL.US,5,20210922,161500,1.8483,1.8483,1.8483,1.8483,100,0
PVL.US,5,20210922,162500,1.85,1.85,1.85,1.85,3000,0
PVL.US,5,20210922,164500,1.8481,1.8481,1.8481,1.8481,200,0
PVL.US,5,20210922,165000,1.85,1.85,1.85,1.85,828,0
PVL.US,5,20210922,170000,1.86,1.86,1.86,1.86,968,0
PVL.US,5,20210922,172000,1.875,1.875,1.875,1.875,140,0
PVL.US,5,20210922,174000,1.885,1.885,1.885,1.885,100,0
PVL.US,5,20210922,180000,1.8799,1.8799,1.8799,1.8799,600,0
PVL.US,5,20210922,180500,1.8797,1.8797,1.8797,1.8797,170,0
PVL.US,5,20210922,181500,1.8671,1.8671,1.8604,1.8604,2000,0
PVL.US,5,20210922,182500,1.88,1.88,1.8797,1.8797,850,0
PVL.US,5,20210922,184000,1.8858,1.8858,1.8858,1.8858,1100,0
PVL.US,5,20210922,190500,1.8841,1.8841,1.8841,1.8841,300,0
PVL.US,5,20210922,193000,1.9,1.9001,1.9,1.9001,3000,0
PVL.US,5,20210922,193500,1.88,1.88,1.85,1.85,5098,0
PVL.US,5,20210922,195000,1.8799,1.8799,1.8799,1.8799,100,0
PVL.US,5,20210922,201500,1.859,1.8799,1.859,1.8799,2100,0
PVL.US,5,20210922,202000,1.865,1.88,1.865,1.865,13833,0
PVL.US,5,20210922,204500,1.91,1.91,1.87,1.87,860,0
PVL.US,5,20210922,205500,1.8701,1.8701,1.8701,1.8701,110,0
PVL.US,5,20210922,210500,1.89,1.89,1.89,1.89,300,0
PVL.US,5,20210922,215500,1.88,1.88,1.88,1.88,100,0
PVL.US,5,20210923,160000,1.89,1.89,1.89,1.89,700,0
PVL.US,5,20210923,160500,1.89,1.89,1.88,1.88,640,0
PVL.US,5,20210923,162000,1.88,1.88,1.88,1.88,1197,0
PVL.US,5,20210923,163000,1.89,1.89,1.85,1.89,4935,0
PVL.US,5,20210923,165500,1.87,1.87,1.87,1.87,427,0
PVL.US,5,20210923,170000,1.88,1.88,1.88,1.88,1577,0
PVL.US,5,20210923,170500,1.8808,1.8808,1.8808,1.8808,310,0
PVL.US,5,20210923,171000,1.8899,1.8899,1.8899,1.8899,2000,0
PVL.US,5,20210923,172000,1.885,1.885,1.885,1.885,369,0
PVL.US,5,20210923,174500,1.88,1.88,1.88,1.88,1000,0
PVL.US,5,20210923,175500,1.88,1.8811,1.88,1.8811,1300,0
PVL.US,5,20210923,180000,1.8808,1.8808,1.8808,1.8808,900,0
PVL.US,5,20210923,180500,1.8899,1.8899,1.8899,1.8899,500,0
PVL.US,5,20210923,182500,1.8801,1.8802,1.88,1.8802,3570,0
PVL.US,5,20210923,190000,1.8888,1.8888,1.885,1.885,200,0
PVL.US,5,20210923,191000,1.8809,1.8856,1.8809,1.8856,418,0
PVL.US,5,20210923,191500,1.888,1.888,1.888,1.888,400,0
PVL.US,5,20210923,192000,1.885,1.885,1.88,1.88,545,0
PVL.US,5,20210923,193000,1.8891,1.8891,1.8891,1.8891,100,0
PVL.US,5,20210923,194000,1.8899,1.9,1.8899,1.8999,4600,0
PVL.US,5,20210923,200000,1.91,1.91,1.91,1.91,210,0
PVL.US,5,20210923,201000,1.9,1.9,1.9,1.9,250,0
PVL.US,5,20210923,202000,1.915,1.915,1.915,1.915,1000,0
PVL.US,5,20210923,204000,1.92,1.92,1.92,1.92,130,0
PVL.US,5,20210923,205000,1.9201,1.9201,1.9201,1.9201,500,0
PVL.US,5,20210923,210500,1.93,1.93,1.93,1.93,500,0
PVL.US,5,20210923,211000,1.9313,1.9313,1.9313,1.9313,1500,0
PVL.US,5,20210923,211500,1.9301,1.9364,1.9301,1.9364,5280,0
PVL.US,5,20210923,213000,1.936,1.936,1.936,1.936,2000,0
PVL.US,5,20210923,213500,1.93,1.93,1.93,1.93,602,0
PVL.US,5,20210923,214000,1.93,1.93,1.92,1.9299,17787,0
PVL.US,5,20210923,215000,1.91,1.91,1.91,1.91,100,0
PVL.US,5,20210924,153000,1.94,1.94,1.94,1.94,493,0
PVL.US,5,20210924,153500,1.9441,1.9441,1.9441,1.9441,1000,0
PVL.US,5,20210924,155000,1.9308,1.9399,1.9308,1.9399,11985,0
PVL.US,5,20210924,155500,1.94,1.94,1.91,1.925,2482,0
PVL.US,5,20210924,160500,1.9272,1.9272,1.9272,1.9272,300,0
PVL.US,5,20210924,164500,1.9101,1.9101,1.9101,1.9101,100,0
PVL.US,5,20210924,172500,1.91,1.9141,1.91,1.9141,2858,0
PVL.US,5,20210924,173500,1.89,1.89,1.89,1.89,1138,0
PVL.US,5,20210924,174000,1.92,1.92,1.92,1.92,180,0
PVL.US,5,20210924,182000,1.92,1.92,1.92,1.92,100,0
PVL.US,5,20210924,183500,1.9,1.9,1.9,1.9,500,0
PVL.US,5,20210924,184000,1.9,1.9,1.9,1.9,100,0
PVL.US,5,20210924,184500,1.8901,1.8901,1.8901,1.8901,1474,0
PVL.US,5,20210924,193000,1.9046,1.9046,1.9046,1.9046,1000,0
PVL.US,5,20210924,194500,1.91,1.91,1.89,1.89,2100,0
PVL.US,5,20210924,200000,1.9,1.9,1.9,1.9,3100,0
PVL.US,5,20210924,200500,1.9,1.9,1.9,1.9,500,0
PVL.US,5,20210924,204000,1.9099,1.9099,1.9099,1.9099,670,0
PVL.US,5,20210924,211000,1.9053,1.9053,1.9053,1.9053,1500,0
PVL.US,5,20210924,214000,1.91,1.91,1.91,1.91,200,0
PVL.US,5,20210924,214500,1.9,1.9,1.9,1.9,400,0
PVL.US,5,20210924,215500,1.91,1.91,1.91,1.91,100,0
PVL.US,5,20210927,153000,1.95,1.955,1.95,1.9502,12161,0
PVL.US,5,20210927,153500,1.95,1.9599,1.95,1.9599,12675,0
PVL.US,5,20210927,154000,1.95,1.96,1.95,1.96,12501,0
PVL.US,5,20210927,154500,1.97,1.97,1.9627,1.9627,14986,0
PVL.US,5,20210927,155000,1.97,1.97,1.97,1.97,200,0
PVL.US,5,20210927,160000,1.9625,1.9625,1.9625,1.9625,1006,0
PVL.US,5,20210927,160500,1.9657,1.9657,1.96,1.9601,1365,0
PVL.US,5,20210927,161500,1.9699,1.9699,1.9606,1.9606,968,0
PVL.US,5,20210927,162000,1.965,1.965,1.96,1.96,3461,0
PVL.US,5,20210927,162500,1.9649,1.9649,1.9649,1.9649,2000,0
PVL.US,5,20210927,164000,1.96,1.96,1.96,1.96,2730,0
PVL.US,5,20210927,164500,1.96,1.96,1.96,1.96,280,0
PVL.US,5,20210927,171000,1.965,1.97,1.965,1.9699,5800,0
PVL.US,5,20210927,173000,1.9619,1.9619,1.9619,1.9619,100,0
PVL.US,5,20210927,174000,1.97,1.97,1.96,1.97,2584,0
PVL.US,5,20210927,175500,1.965,1.965,1.965,1.965,200,0
PVL.US,5,20210927,181500,1.9601,1.9601,1.9601,1.9601,3000,0
PVL.US,5,20210927,182500,1.9601,1.9601,1.9601,1.9601,3900,0
PVL.US,5,20210927,185000,1.9638,1.9638,1.9638,1.9638,146,0
PVL.US,5,20210927,185500,1.9601,1.9601,1.9601,1.9601,250,0
PVL.US,5,20210927,193000,1.9606,1.9606,1.9606,1.9606,1704,0
PVL.US,5,20210927,200500,1.96,1.96,1.96,1.96,582,0
PVL.US,5,20210927,201000,1.965,1.965,1.95,1.95,4900,0
PVL.US,5,20210927,202500,1.97,1.97,1.97,1.97,200,0
PVL.US,5,20210927,203000,1.96,1.96,1.96,1.96,510,0
PVL.US,5,20210927,204000,1.95,1.95,1.95,1.95,2735,0
PVL.US,5,20210927,205000,1.9592,1.9599,1.9575,1.9599,700,0
PVL.US,5,20210927,210000,1.9551,1.9551,1.955,1.955,6000,0
PVL.US,5,20210927,210500,1.96,1.97,1.96,1.97,1401,0
PVL.US,5,20210927,211500,1.97,1.97,1.97,1.97,100,0
PVL.US,5,20210927,212000,1.9627,1.9627,1.96,1.96,1100,0
PVL.US,5,20210927,213500,1.9588,1.9588,1.9501,1.9501,711,0
PVL.US,5,20210927,214000,1.96,1.96,1.96,1.96,200,0
PVL.US,5,20210927,215000,1.9699,1.9699,1.9699,1.9699,300,0
PVL.US,5,20210927,215500,1.96,1.96,1.96,1.96,100,0
PVL.US,5,20210928,153000,1.93,1.95,1.93,1.9499,3203,0
PVL.US,5,20210928,153500,1.97,1.97,1.96,1.9699,5549,0
PVL.US,5,20210928,154000,1.9699,1.97,1.9666,1.9666,2232,0
PVL.US,5,20210928,154500,1.97,1.97,1.97,1.97,4543,0
PVL.US,5,20210928,155500,1.975,1.975,1.975,1.975,150,0
PVL.US,5,20210928,160000,1.975,1.975,1.975,1.975,174,0
PVL.US,5,20210928,160500,1.975,1.975,1.975,1.975,1675,0
PVL.US,5,20210928,161500,1.9715,1.9715,1.9715,1.9715,250,0
PVL.US,5,20210928,163000,1.98,1.98,1.98,1.98,950,0
PVL.US,5,20210928,163500,1.98,1.98,1.98,1.98,300,0
PVL.US,5,20210928,164000,1.9823,1.9823,1.9823,1.9823,200,0
PVL.US,5,20210928,165500,1.98,1.98,1.98,1.98,750,0
PVL.US,5,20210928,171500,1.98,1.98,1.9703,1.9703,302,0
PVL.US,5,20210928,172000,1.9762,1.9762,1.9762,1.9762,1226,0
PVL.US,5,20210928,173000,1.9822,1.9822,1.9822,1.9822,1000,0
PVL.US,5,20210928,173500,1.9723,1.9723,1.9723,1.9723,100,0
PVL.US,5,20210928,174000,1.98,1.98,1.98,1.98,750,0
PVL.US,5,20210928,175500,1.9726,1.9726,1.9726,1.9726,270,0
PVL.US,5,20210928,182500,1.99,1.99,1.99,1.99,125,0
PVL.US,5,20210928,183000,1.989,1.989,1.989,1.989,200,0
PVL.US,5,20210928,190000,1.9783,1.9783,1.9783,1.9783,100,0
PVL.US,5,20210928,190500,1.9711,1.9711,1.9711,1.9711,150,0
PVL.US,5,20210928,205000,1.9899,1.9899,1.9899,1.9899,1010,0
PVL.US,5,20210928,205500,1.9899,1.9899,1.98,1.98,663,0
PVL.US,5,20210928,210000,1.9864,1.9864,1.9864,1.9864,1000,0
PVL.US,5,20210928,211500,1.9899,1.9899,1.9899,1.9899,100,0
PVL.US,5,20210928,214500,1.98,1.99,1.98,1.985,3268,0
PVL.US,5,20210928,215000,1.985,1.985,1.98,1.98,806,0
PVL.US,5,20210928,215500,1.98,1.98,1.98,1.98,100,0
PVL.US,5,20210929,153000,1.98,1.98,1.98,1.98,1382,0
PVL.US,5,20210929,153500,1.9601,1.9601,1.9601,1.9601,1700,0
PVL.US,5,20210929,154000,1.97,1.989,1.97,1.989,5114,0
PVL.US,5,20210929,160500,1.98,1.98,1.98,1.98,100,0
PVL.US,5,20210929,161500,1.98,1.98,1.98,1.98,400,0
PVL.US,5,20210929,163500,1.9889,1.9889,1.9701,1.9811,2000,0
PVL.US,5,20210929,172000,1.9765,1.98,1.9765,1.98,812,0
PVL.US,5,20210929,181000,1.97,1.97,1.97,1.97,200,0
PVL.US,5,20210929,181500,1.98,1.98,1.9742,1.9742,2962,0
PVL.US,5,20210929,182500,1.9768,1.98,1.975,1.975,1200,0
PVL.US,5,20210929,183000,1.975,1.9799,1.975,1.9799,2400,0
PVL.US,5,20210929,184500,1.975,1.975,1.97,1.97,400,0
PVL.US,5,20210929,191000,1.97,1.971,1.97,1.971,818,0
PVL.US,5,20210929,191500,1.97,1.97,1.97,1.97,400,0
PVL.US,5,20210929,195500,1.9799,1.9799,1.9799,1.9799,700,0
PVL.US,5,20210929,200000,1.9799,1.98,1.9766,1.9766,1008,0
PVL.US,5,20210929,203500,1.98,1.98,1.975,1.975,2000,0
PVL.US,5,20210929,204000,1.971,1.971,1.971,1.971,1000,0
PVL.US,5,20210929,204500,1.97,1.97,1.97,1.97,200,0
PVL.US,5,20210929,205000,1.975,1.975,1.97,1.97,1100,0
PVL.US,5,20210929,205500,1.97,1.97,1.96,1.96,2733,0
PVL.US,5,20210929,210000,1.96,1.9763,1.96,1.96,1486,0
PVL.US,5,20210929,210500,1.96,1.96,1.96,1.96,1000,0
PVL.US,5,20210929,211000,1.96,1.96,1.96,1.96,1000,0
PVL.US,5,20210929,211500,1.96,1.96,1.96,1.96,800,0
PVL.US,5,20210929,212000,1.96,1.96,1.96,1.96,1332,0
PVL.US,5,20210929,212500,1.96,1.96,1.95,1.95,1100,0
PVL.US,5,20210929,213000,1.94,1.94,1.94,1.94,700,0
PVL.US,5,20210929,213500,1.94,1.955,1.94,1.955,1560,0
PVL.US,5,20210929,214000,1.94,1.9421,1.94,1.94,3540,0
PVL.US,5,20210929,214500,1.94,1.94,1.93,1.93,1400,0
PVL.US,5,20210929,215000,1.94,1.94,1.93,1.93,767,0
PVL.US,5,20210929,215500,1.93,1.95,1.93,1.95,1155,0
PVL.US,5,20210930,153000,1.96,1.96,1.9499,1.9499,920,0
PVL.US,5,20210930,161000,1.945,1.945,1.945,1.945,500,0
PVL.US,5,20210930,165500,1.9499,1.9499,1.9499,1.9499,400,0
PVL.US,5,20210930,172500,1.9444,1.9444,1.9444,1.9444,1000,0
PVL.US,5,20210930,174000,1.9449,1.9449,1.9449,1.9449,500,0
PVL.US,5,20210930,174500,1.9401,1.9401,1.94,1.9401,1100,0
PVL.US,5,20210930,180500,1.9388,1.9388,1.9388,1.9388,1030,0
PVL.US,5,20210930,181000,1.9343,1.94,1.9333,1.9385,2500,0
PVL.US,5,20210930,181500,1.9346,1.9346,1.9346,1.9346,500,0
PVL.US,5,20210930,184000,1.93,1.93,1.93,1.93,100,0
PVL.US,5,20210930,193500,1.92,1.92,1.92,1.92,365,0
PVL.US,5,20210930,194500,1.9298,1.9299,1.9298,1.9299,1500,0
PVL.US,5,20210930,200000,1.9201,1.9299,1.9201,1.9299,6700,0
PVL.US,5,20210930,201000,1.9219,1.9219,1.9219,1.9219,234,0
PVL.US,5,20210930,204000,1.9291,1.9291,1.9291,1.9291,123,0
PVL.US,5,20210930,210500,1.9286,1.9286,1.9286,1.9286,120,0
PVL.US,5,20210930,211500,1.9299,1.9299,1.9299,1.9299,500,0
PVL.US,5,20210930,214000,1.9286,1.9286,1.9286,1.9286,107,0
PVL.US,5,20210930,214500,1.9286,1.93,1.92,1.92,4972,0
PVL.US,5,20210930,215500,1.9201,1.925,1.92,1.92,2336,0
PVL.US,5,20211001,160000,1.9199,1.9199,1.9108,1.9108,563,0
PVL.US,5,20211001,160500,1.9107,1.915,1.91,1.915,1850,0
PVL.US,5,20211001,161000,1.9107,1.915,1.91,1.9101,2860,0
PVL.US,5,20211001,162000,1.909,1.9096,1.9018,1.9096,10200,0
PVL.US,5,20211001,163000,1.9011,1.905,1.9,1.9,3790,0
PVL.US,5,20211001,163500,1.91,1.91,1.91,1.91,100,0
PVL.US,5,20211001,164000,1.9006,1.9006,1.9006,1.9006,1400,0
PVL.US,5,20211001,164500,1.9001,1.9001,1.9001,1.9001,2700,0
PVL.US,5,20211001,165500,1.91,1.91,1.91,1.91,900,0
PVL.US,5,20211001,170500,1.91,1.91,1.9,1.9,2200,0
PVL.US,5,20211001,171000,1.9011,1.9011,1.9011,1.9011,1000,0
PVL.US,5,20211001,172000,1.9087,1.9087,1.9087,1.9087,191,0
PVL.US,5,20211001,183000,1.9187,1.9187,1.9187,1.9187,867,0
PVL.US,5,20211001,183500,1.91,1.91,1.91,1.91,100,0
PVL.US,5,20211001,184000,1.9199,1.9199,1.9199,1.9199,100,0
PVL.US,5,20211001,195000,1.92,1.92,1.92,1.92,150,0
PVL.US,5,20211001,204500,1.9109,1.9109,1.9109,1.9109,100,0
PVL.US,5,20211001,210000,1.91,1.91,1.91,1.91,2444,0
PVL.US,5,20211001,212000,1.9199,1.9199,1.9199,1.9199,1842,0
PVL.US,5,20211001,215000,1.9193,1.9193,1.9193,1.9193,1000,0
PVL.US,5,20211001,215500,1.91,1.91,1.91,1.91,200,0
PVL.US,5,20211004,153500,1.9182,1.92,1.915,1.9197,2000,0
PVL.US,5,20211004,154000,1.9255,1.95,1.9255,1.95,1900,0
PVL.US,5,20211004,154500,1.939,1.939,1.935,1.935,200,0
PVL.US,5,20211004,155000,1.94,1.9499,1.94,1.945,3638,0
PVL.US,5,20211004,160000,1.95,1.99,1.95,1.9702,19103,0
PVL.US,5,20211004,162000,1.9601,1.9601,1.9601,1.9601,1900,0
PVL.US,5,20211004,172000,1.9699,1.9699,1.9699,1.9699,200,0
PVL.US,5,20211004,172500,1.9692,1.9699,1.9692,1.9699,2000,0
PVL.US,5,20211004,173000,1.97,1.99,1.97,1.99,2550,0
PVL.US,5,20211004,174000,1.99,2,1.98,1.98,1167,0
PVL.US,5,20211004,175000,2,2,2,2,100,0
PVL.US,5,20211004,175500,2,2,1.99,1.9998,5450,0
PVL.US,5,20211004,180000,1.9999,1.9999,1.9999,1.9999,2000,0
PVL.US,5,20211004,181000,1.9981,1.9981,1.9981,1.9981,700,0
PVL.US,5,20211004,181500,1.986,1.986,1.986,1.986,125,0
PVL.US,5,20211004,191500,1.99,1.99,1.99,1.99,361,0
PVL.US,5,20211004,192000,1.9823,1.9823,1.9823,1.9823,100,0
PVL.US,5,20211004,192500,1.9883,1.9883,1.9883,1.9883,100,0
PVL.US,5,20211004,201500,1.9677,1.9677,1.9677,1.9677,800,0
PVL.US,5,20211004,202500,1.966,1.966,1.966,1.966,100,0
PVL.US,5,20211004,210500,1.966,1.966,1.966,1.966,1193,0
PVL.US,5,20211004,214000,1.96,1.96,1.96,1.96,5466,0
PVL.US,5,20211004,214500,1.95,1.964,1.95,1.955,8556,0
PVL.US,5,20211004,215500,1.97,1.97,1.95,1.96,407,0
PVL.US,5,20211005,153000,1.9793,1.9799,1.9793,1.9799,1200,0
PVL.US,5,20211005,153500,1.9799,1.98,1.97,1.97,3252,0
PVL.US,5,20211005,154500,1.97,2,1.97,1.9915,10534,0
PVL.US,5,20211005,155000,1.9934,2.01,1.9934,2.01,2050,0
PVL.US,5,20211005,155500,2.0099,2.0099,2.0099,2.0099,7500,0
PVL.US,5,20211005,160000,2.0099,2.0099,2.0099,2.0099,100,0
PVL.US,5,20211005,160500,1.98,1.98,1.98,1.98,100,0
PVL.US,5,20211005,161000,1.98,1.98,1.98,1.98,100,0
PVL.US,5,20211005,162000,1.98,2.0066,1.98,2.0066,1100,0
PVL.US,5,20211005,162500,1.98,1.98,1.98,1.98,100,0
PVL.US,5,20211005,163000,1.98,1.98,1.98,1.98,100,0
PVL.US,5,20211005,163500,1.998,1.998,1.98,1.98,200,0
PVL.US,5,20211005,164000,1.98,1.98,1.98,1.98,200,0
PVL.US,5,20211005,165000,1.98,1.98,1.98,1.98,100,0
PVL.US,5,20211005,165500,1.98,1.98,1.98,1.98,100,0
PVL.US,5,20211005,170500,1.99,1.99,1.9877,1.9877,785,0
PVL.US,5,20211005,172000,1.9802,1.9802,1.98,1.98,1734,0
PVL.US,5,20211005,173000,1.99,1.99,1.99,1.99,250,0
PVL.US,5,20211005,180500,1.99,1.995,1.99,1.995,2261,0
PVL.US,5,20211005,183000,2,2,1.99,1.99,6973,0
PVL.US,5,20211005,183500,1.995,1.995,1.995,1.995,1000,0
PVL.US,5,20211005,184000,1.9936,1.9936,1.9936,1.9936,990,0
PVL.US,5,20211005,190000,1.9993,1.9993,1.9993,1.9993,500,0
PVL.US,5,20211005,191000,1.9999,2,1.9999,1.9999,1000,0
PVL.US,5,20211005,191500,2.0001,2.0001,2.0001,2.0001,500,0
PVL.US,5,20211005,192000,2.0088,2.0088,2.0088,2.0088,100,0
PVL.US,5,20211005,194000,2,2,2,2,6000,0
PVL.US,5,20211005,195000,2.005,2.005,2.005,2.005,100,0
PVL.US,5,20211005,200500,2.0009,2.0009,2.0009,2.0009,160,0
PVL.US,5,20211005,201000,2.0001,2.005,2.0001,2.005,6000,0
PVL.US,5,20211005,202000,2.005,2.005,1.9999,1.9999,6493,0
PVL.US,5,20211005,203000,1.995,1.995,1.99,1.99,1100,0
PVL.US,5,20211005,203500,1.99,1.99,1.99,1.99,1000,0
PVL.US,5,20211005,213000,1.9988,2,1.9988,2,200,0
PVL.US,5,20211005,214000,1.9999,1.9999,1.9999,1.9999,500,0
PVL.US,5,20211005,214500,1.9991,2,1.9991,2,5000,0
PVL.US,5,20211005,215500,2,2,1.9987,1.9987,200,0
PVL.US,5,20211006,153000,2.01,2.01,1.9883,1.9883,1921,0
PVL.US,5,20211006,153500,2.0168,2.0168,2.0168,2.0168,933,0
PVL.US,5,20211006,154500,2.0199,2.0199,1.9902,1.9902,779,0
PVL.US,5,20211006,155000,1.995,1.995,1.9807,1.9807,250,0
PVL.US,5,20211006,155500,1.9801,1.9801,1.9801,1.9801,250,0
PVL.US,5,20211006,160000,1.9999,1.9999,1.9999,1.9999,2400,0
PVL.US,5,20211006,160500,2,2,2,2,100,0
PVL.US,5,20211006,164500,2.0092,2.0092,2.0092,2.0092,210,0
PVL.US,5,20211006,172000,2.0056,2.0056,2.0056,2.0056,100,0
PVL.US,5,20211006,173000,1.98,1.98,1.98,1.98,1000,0
PVL.US,5,20211006,173500,2.003,2.003,2.003,2.003,100,0
PVL.US,5,20211006,174500,2,2,2,2,100,0
PVL.US,5,20211006,175000,2,2,2,2,2322,0
PVL.US,5,20211006,180500,2.0061,2.01,2.0061,2.01,444,0
PVL.US,5,20211006,182000,2.01,2.01,2.01,2.01,403,0
PVL.US,5,20211006,183500,2.005,2.005,2.005,2.005,2659,0
PVL.US,5,20211006,185000,2.0005,2.0093,2.0005,2.0093,2339,0
PVL.US,5,20211006,190000,2.005,2.005,2.005,2.005,145,0
PVL.US,5,20211006,190500,2.0001,2.0001,2.0001,2.0001,190,0
PVL.US,5,20211006,192000,2.005,2.005,2.005,2.005,1200,0
PVL.US,5,20211006,192500,2.0095,2.0095,2.0095,2.0095,1500,0
PVL.US,5,20211006,200000,2.0099,2.0099,2.0099,2.0099,500,0
PVL.US,5,20211006,203500,2.0009,2.0009,2.0009,2.0009,100,0
PVL.US,5,20211006,210000,2.0001,2.005,2,2,31882,0
PVL.US,5,20211006,213000,2.005,2.005,2,2.005,5549,0
PVL.US,5,20211006,213500,2.005,2.005,2.005,2.005,300,0
PVL.US,5,20211006,214000,2.0041,2.0041,2.0041,2.0041,100,0
PVL.US,5,20211006,214500,2.005,2.005,2.005,2.005,100,0
PVL.US,5,20211007,153000,2.02,2.02,2,2,2104,0
PVL.US,5,20211007,165000,1.986,1.986,1.986,1.986,1000,0
PVL.US,5,20211007,171500,1.996,1.996,1.996,1.996,150,0
PVL.US,5,20211007,173000,1.9999,1.9999,1.9999,1.9999,584,0
PVL.US,5,20211007,175500,1.985,1.985,1.9828,1.9828,4800,0
PVL.US,5,20211007,180000,1.99,1.99,1.99,1.99,100,0
PVL.US,5,20211007,183500,2,2,2,2,100,0
PVL.US,5,20211007,184500,1.98,1.98,1.98,1.98,110,0
PVL.US,5,20211007,185500,1.9999,1.9999,1.9999,1.9999,100,0
PVL.US,5,20211007,190500,1.9981,1.9981,1.9981,1.9981,500,0
PVL.US,5,20211007,192500,1.99,2,1.99,2,2200,0
PVL.US,5,20211007,193000,1.99,2,1.99,2,2173,0
PVL.US,5,20211007,194000,2.0178,2.0178,2.0178,2.0178,100,0
PVL.US,5,20211007,194500,2.0184,2.0184,2.0184,2.0184,500,0
PVL.US,5,20211007,201000,2.01,2.01,2.01,2.01,2900,0
PVL.US,5,20211007,204000,2.005,2.005,2,2,4978,0
PVL.US,5,20211007,212000,2,2,2,2,1792,0
PVL.US,5,20211007,212500,1.9857,1.9857,1.9857,1.9857,131,0
PVL.US,5,20211007,214000,2,2,2,2,100,0
PVL.US,5,20211007,214500,2,2,2,2,100,0
PVL.US,5,20211007,215000,2,2,2,2,100,0
PVL.US,5,20211007,215500,2,2,2,2,400,0
PVL.US,5,20211008,153000,2.02,2.0289,2.0101,2.016,13974,0
PVL.US,5,20211008,153500,2.0283,2.0283,2.0283,2.0283,200,0
PVL.US,5,20211008,155500,2.019,2.02,2.015,2.02,2918,0
PVL.US,5,20211008,160500,2.0299,2.0299,2.0299,2.0299,1000,0
PVL.US,5,20211008,161000,2.0257,2.05,2.0257,2.03,3957,0
PVL.US,5,20211008,162000,2.0489,2.0489,2.03,2.03,1600,0
PVL.US,5,20211008,164500,2.05,2.05,2.03,2.04,3140,0
PVL.US,5,20211008,170000,2.04,2.04,2.03,2.03,1300,0
PVL.US,5,20211008,170500,2.025,2.04,2.0216,2.0216,2900,0
PVL.US,5,20211008,171000,2.03,2.03,2.03,2.03,100,0
PVL.US,5,20211008,173500,2.03,2.03,2.03,2.03,1000,0
PVL.US,5,20211008,174500,2.0201,2.03,2.0201,2.03,2200,0
PVL.US,5,20211008,181500,2.0201,2.03,2.0201,2.03,200,0
PVL.US,5,20211008,182000,2.0291,2.0291,2.0291,2.0291,100,0
PVL.US,5,20211008,183500,2.025,2.0263,2.0201,2.0263,350,0
PVL.US,5,20211008,190000,2.0291,2.0291,2.0291,2.0291,100,0
PVL.US,5,20211008,191500,2.025,2.027,2.025,2.027,4985,0
PVL.US,5,20211008,192000,2.03,2.04,2.03,2.04,300,0
PVL.US,5,20211008,193000,2.04,2.05,2.04,2.05,5318,0
PVL.US,5,20211008,194000,2.05,2.05,2.045,2.045,2200,0
PVL.US,5,20211008,194500,2.0491,2.05,2.045,2.05,300,0
PVL.US,5,20211008,195500,2.0499,2.05,2.045,2.05,400,0
PVL.US,5,20211008,200000,2.0442,2.05,2.0442,2.045,700,0
PVL.US,5,20211008,200500,2.0499,2.05,2.045,2.05,300,0
PVL.US,5,20211008,201000,2.05,2.05,2.045,2.05,950,0
PVL.US,5,20211008,202500,2.0405,2.05,2.0405,2.045,700,0
PVL.US,5,20211008,203000,2.0491,2.0491,2.04,2.045,721,0
PVL.US,5,20211008,204000,2.04,2.0482,2.04,2.0482,847,0
PVL.US,5,20211008,205000,2.05,2.05,2.05,2.05,3000,0
PVL.US,5,20211008,211500,2.05,2.05,2.045,2.05,2374,0
PVL.US,5,20211008,212000,2.05,2.05,2.04,2.04,4032,0
PVL.US,5,20211008,212500,2.043,2.043,2.043,2.043,300,0
PVL.US,5,20211008,213000,2.045,2.045,2.04,2.04,6680,0
PVL.US,5,20211008,214500,2.0381,2.04,2.0367,2.04,1300,0
PVL.US,5,20211008,215000,2.0386,2.04,2.0349,2.04,2706,0
PVL.US,5,20211008,215500,2.03,2.04,2.03,2.04,900,0
PVL.US,5,20211011,153000,2.05,2.05,2.045,2.05,9793,0
PVL.US,5,20211011,153500,2.045,2.05,2.04,2.05,6800,0
PVL.US,5,20211011,154000,2.0499,2.05,2.0409,2.0409,1200,0
PVL.US,5,20211011,154500,2.05,2.05,2.045,2.045,21400,0
PVL.US,5,20211011,155000,2.05,2.05,2.05,2.05,100,0
PVL.US,5,20211011,155500,2.045,2.045,2.045,2.045,975,0
PVL.US,5,20211011,161000,2.05,2.05,2.0449,2.0496,3100,0
PVL.US,5,20211011,162500,2.05,2.05,2.05,2.05,500,0
PVL.US,5,20211011,165000,2.05,2.05,2.05,2.05,500,0
PVL.US,5,20211011,165500,2.05,2.05,2.0485,2.0485,640,0
PVL.US,5,20211011,170500,2.0491,2.0491,2.0491,2.0491,100,0
PVL.US,5,20211011,171000,2.0499,2.0499,2.0499,2.0499,200,0
PVL.US,5,20211011,171500,2.0478,2.05,2.0478,2.05,1663,0
PVL.US,5,20211011,172000,2.0499,2.05,2.045,2.0466,1700,0
PVL.US,5,20211011,174000,2.045,2.045,2.0448,2.0448,200,0
PVL.US,5,20211011,180500,2.0499,2.0499,2.0499,2.0499,700,0
PVL.US,5,20211011,181000,2.0499,2.0499,2.0499,2.0499,6100,0
PVL.US,5,20211011,183000,2.05,2.05,2.05,2.05,600,0
PVL.US,5,20211011,183500,2.0491,2.0491,2.0491,2.0491,100,0
PVL.US,5,20211011,190500,2.045,2.045,2.045,2.045,100,0
PVL.US,5,20211011,192000,2.0494,2.0494,2.0494,2.0494,1000,0
PVL.US,5,20211011,193000,2.0499,2.0499,2.0499,2.0499,2000,0
PVL.US,5,20211011,195000,2.045,2.045,2.045,2.045,100,0
PVL.US,5,20211011,195500,2.045,2.045,2.045,2.045,500,0
PVL.US,5,20211011,200000,2.045,2.045,2.045,2.045,310,0
PVL.US,5,20211011,200500,2.05,2.05,2.04,2.04,3000,0
PVL.US,5,20211011,212000,2.05,2.05,2.05,2.05,200,0
PVL.US,5,20211011,212500,2.05,2.05,2.05,2.05,100,0
PVL.US,5,20211011,213000,2.05,2.05,2.05,2.05,200,0
PVL.US,5,20211011,213500,2.05,2.05,2.05,2.05,200,0
PVL.US,5,20211011,214000,2.05,2.05,2.05,2.05,100,0
PVL.US,5,20211011,214500,2.043,2.05,2.043,2.05,787,0
PVL.US,5,20211011,215000,2.05,2.05,2.05,2.05,1200,0
PVL.US,5,20211011,215500,2.05,2.05,2.05,2.05,700,0
PVL.US,5,20211012,153000,2.06,2.06,2.06,2.06,4424,0
PVL.US,5,20211012,153500,2.05,2.05,2.05,2.05,100,0
PVL.US,5,20211012,154000,2.0595,2.06,2.05,2.06,6391,0
PVL.US,5,20211012,162000,2.0537,2.0537,2.0537,2.0537,455,0
PVL.US,5,20211012,162500,2.06,2.06,2.06,2.06,1200,0
PVL.US,5,20211012,164500,2.06,2.06,2.06,2.06,4500,0
PVL.US,5,20211012,165000,2.06,2.06,2.06,2.06,5000,0
PVL.US,5,20211012,170000,2.06,2.06,2.05,2.05,6100,0
PVL.US,5,20211012,170500,2.06,2.06,2.06,2.06,200,0
PVL.US,5,20211012,171000,2.06,2.06,2.06,2.06,200,0
PVL.US,5,20211012,173000,2.059,2.06,2.059,2.06,200,0
PVL.US,5,20211012,174500,2.0501,2.06,2.05,2.06,6200,0
PVL.US,5,20211012,175000,2.055,2.06,2.0503,2.06,1500,0
PVL.US,5,20211012,175500,2.055,2.06,2.05,2.055,11332,0
PVL.US,5,20211012,180000,2.06,2.06,2.055,2.06,1200,0
PVL.US,5,20211012,180500,2.06,2.06,2.06,2.06,700,0
PVL.US,5,20211012,181000,2.06,2.06,2.06,2.06,100,0
PVL.US,5,20211012,182000,2.0589,2.06,2.0589,2.06,200,0
PVL.US,5,20211012,182500,2.055,2.06,2.055,2.06,4341,0
PVL.US,5,20211012,183000,2.06,2.06,2.06,2.06,400,0
PVL.US,5,20211012,184500,2.06,2.06,2.06,2.06,1113,0
PVL.US,5,20211012,185000,2.06,2.06,2.06,2.06,985,0
PVL.US,5,20211012,185500,2.06,2.06,2.06,2.06,100,0
PVL.US,5,20211012,190500,2.06,2.06,2.06,2.06,100,0
PVL.US,5,20211012,192000,2.05,2.05,2.05,2.05,200,0
PVL.US,5,20211012,192500,2.055,2.06,2.05,2.06,3529,0
PVL.US,5,20211012,194000,2.0599,2.07,2.0599,2.07,6914,0
PVL.US,5,20211012,194500,2.07,2.07,2.07,2.07,300,0
PVL.US,5,20211012,200000,2.05,2.05,2.05,2.05,500,0
PVL.US,5,20211012,200500,2.07,2.07,2.07,2.07,100,0
PVL.US,5,20211012,202000,2.066,2.07,2.066,2.07,600,0
PVL.US,5,20211012,203000,2.066,2.07,2.066,2.07,600,0
PVL.US,5,20211012,204000,2.06,2.07,2.06,2.07,2900,0
PVL.US,5,20211012,210000,2.07,2.07,2.07,2.07,100,0
PVL.US,5,20211012,210500,2.07,2.07,2.07,2.07,1089,0
PVL.US,5,20211012,212000,2.0631,2.07,2.0631,2.07,350,0
PVL.US,5,20211012,212500,2.0545,2.0545,2.0545,2.0545,200,0
PVL.US,5,20211012,213500,2.0597,2.07,2.0597,2.07,300,0
PVL.US,5,20211012,214000,2.0637,2.07,2.0637,2.07,600,0
PVL.US,5,20211012,214500,2.0699,2.07,2.0699,2.07,821,0
PVL.US,5,20211012,215500,2.07,2.07,2.07,2.07,300,0
PVL.US,5,20211013,153000,2.09,2.09,2.0807,2.0814,21962,0
PVL.US,5,20211013,153500,2.09,2.09,2.0837,2.09,1700,0
PVL.US,5,20211013,154000,2.09,2.09,2.09,2.09,600,0
PVL.US,5,20211013,154500,2.09,2.09,2.0875,2.09,813,0
PVL.US,5,20211013,155000,2.09,2.09,2.09,2.09,1229,0
PVL.US,5,20211013,155500,2.09,2.1,2.09,2.09,5450,0
PVL.US,5,20211013,160000,2.0899,2.09,2.085,2.09,7928,0
PVL.US,5,20211013,160500,2.09,2.09,2.0899,2.09,2200,0
PVL.US,5,20211013,161000,2.09,2.1,2.08,2.08,5900,0
PVL.US,5,20211013,161500,2.09,2.11,2.09,2.09,8373,0
PVL.US,5,20211013,162000,2.12,2.14,2.12,2.14,200,0
PVL.US,5,20211013,162500,2.14,2.14,2.14,2.14,300,0
PVL.US,5,20211013,163000,2.14,2.14,2.1399,2.14,400,0
PVL.US,5,20211013,163500,2.14,2.14,2.12,2.14,2700,0
PVL.US,5,20211013,164000,2.12,2.12,2.12,2.12,300,0
PVL.US,5,20211013,164500,2.1108,2.12,2.1108,2.12,1800,0
PVL.US,5,20211013,165000,2.12,2.12,2.12,2.12,300,0
PVL.US,5,20211013,165500,2.12,2.12,2.12,2.12,300,0
PVL.US,5,20211013,170000,2.12,2.12,2.1195,2.1195,300,0
PVL.US,5,20211013,170500,2.12,2.12,2.1154,2.1154,1000,0
PVL.US,5,20211013,171000,2.12,2.12,2.11,2.11,1549,0
PVL.US,5,20211013,171500,2.115,2.115,2.09,2.0972,3100,0
PVL.US,5,20211013,172000,2.1,2.1,2.09,2.09,1100,0
PVL.US,5,20211013,172500,2.1,2.1,2.1,2.1,100,0
PVL.US,5,20211013,173000,2.109,2.109,2.109,2.109,199,0
PVL.US,5,20211013,174500,2.11,2.11,2.11,2.11,100,0
PVL.US,5,20211013,175000,2.11,2.11,2.11,2.11,200,0
PVL.US,5,20211013,175500,2.11,2.11,2.11,2.11,200,0
PVL.US,5,20211013,180000,2.11,2.11,2.11,2.11,300,0
PVL.US,5,20211013,180500,2.11,2.11,2.1047,2.11,1015,0
PVL.US,5,20211013,181000,2.11,2.11,2.11,2.11,300,0
PVL.US,5,20211013,181500,2.1062,2.11,2.1061,2.1061,642,0
PVL.US,5,20211013,182000,2.11,2.11,2.11,2.11,1300,0
PVL.US,5,20211013,182500,2.11,2.11,2.11,2.11,100,0
PVL.US,5,20211013,183000,2.11,2.11,2.11,2.11,300,0
PVL.US,5,20211013,183500,2.11,2.11,2.11,2.11,100,0
PVL.US,5,20211013,184000,2.11,2.11,2.103,2.11,850,0
PVL.US,5,20211013,184500,2.11,2.11,2.11,2.11,100,0
PVL.US,5,20211013,185000,2.11,2.11,2.1,2.1,400,0
PVL.US,5,20211013,185500,2.11,2.11,2.1008,2.11,800,0
PVL.US,5,20211013,190000,2.11,2.11,2.11,2.11,100,0
PVL.US,5,20211013,190500,2.11,2.11,2.1053,2.1053,890,0
PVL.US,5,20211013,191500,2.11,2.11,2.11,2.11,100,0
PVL.US,5,20211013,192000,2.105,2.11,2.105,2.11,523,0
PVL.US,5,20211013,192500,2.11,2.11,2.105,2.11,820,0
PVL.US,5,20211013,193000,2.108,2.11,2.1044,2.11,1275,0
PVL.US,5,20211013,193500,2.11,2.11,2.11,2.11,200,0
PVL.US,5,20211013,194500,2.11,2.11,2.11,2.11,100,0
PVL.US,5,20211013,195000,2.107,2.11,2.107,2.11,600,0
PVL.US,5,20211013,195500,2.11,2.11,2.11,2.11,100,0
PVL.US,5,20211013,200500,2.101,2.11,2.101,2.11,700,0
PVL.US,5,20211013,201500,2.11,2.11,2.11,2.11,100,0
PVL.US,5,20211013,202000,2.1056,2.11,2.1056,2.11,900,0
PVL.US,5,20211013,202500,2.11,2.11,2.11,2.11,100,0
PVL.US,5,20211013,203000,2.11,2.11,2.1088,2.11,600,0
PVL.US,5,20211013,203500,2.11,2.11,2.11,2.11,2295,0
PVL.US,5,20211013,204000,2.11,2.11,2.11,2.11,200,0
PVL.US,5,20211013,205000,2.1069,2.11,2.1069,2.11,773,0
PVL.US,5,20211013,205500,2.11,2.11,2.1057,2.11,1038,0
PVL.US,5,20211013,210500,2.11,2.11,2.11,2.11,1150,0
PVL.US,5,20211013,211000,2.11,2.11,2.11,2.11,100,0
PVL.US,5,20211013,211500,2.11,2.12,2.11,2.11,3108,0
PVL.US,5,20211013,212000,2.0902,2.12,2.0902,2.1011,600,0
PVL.US,5,20211013,212500,2.12,2.12,2.12,2.12,100,0
PVL.US,5,20211013,213500,2.12,2.12,2.12,2.12,100,0
PVL.US,5,20211013,214500,2.1099,2.11,2.1099,2.11,2400,0
PVL.US,5,20211013,215000,2.12,2.12,2.12,2.12,100,0
PVL.US,5,20211013,215500,2.115,2.12,2.115,2.12,200,0
PVL.US,5,20211014,153000,2.14,2.14,2.135,2.14,2893,0
PVL.US,5,20211014,153500,2.125,2.14,2.125,2.14,3920,0
PVL.US,5,20211014,154000,2.14,2.14,2.14,2.14,200,0
PVL.US,5,20211014,155000,2.1387,2.14,2.1387,2.14,2383,0
PVL.US,5,20211014,155500,2.14,2.14,2.14,2.14,200,0
PVL.US,5,20211014,161000,2.13,2.13,2.12,2.13,3753,0
PVL.US,5,20211014,161500,2.14,2.14,2.14,2.14,200,0
PVL.US,5,20211014,162000,2.1382,2.14,2.1382,2.14,567,0
PVL.US,5,20211014,162500,2.13,2.13,2.13,2.13,240,0
PVL.US,5,20211014,163500,2.12,2.14,2.12,2.14,1518,0
PVL.US,5,20211014,164000,2.13,2.14,2.12,2.14,2816,0
PVL.US,5,20211014,164500,2.14,2.16,2.14,2.16,27966,0
PVL.US,5,20211014,165000,2.155,2.17,2.15,2.17,2140,0
PVL.US,5,20211014,165500,2.17,2.17,2.16,2.17,1500,0
PVL.US,5,20211014,170000,2.17,2.17,2.17,2.17,700,0
PVL.US,5,20211014,170500,2.17,2.17,2.1516,2.17,1100,0
PVL.US,5,20211014,171000,2.17,2.17,2.17,2.17,600,0
PVL.US,5,20211014,171500,2.17,2.17,2.16,2.17,2549,0
PVL.US,5,20211014,172000,2.1654,2.17,2.1654,2.17,1700,0
PVL.US,5,20211014,172500,2.17,2.17,2.165,2.17,4600,0
PVL.US,5,20211014,173000,2.17,2.17,2.165,2.17,1700,0
PVL.US,5,20211014,174500,2.165,2.17,2.16,2.16,2500,0
PVL.US,5,20211014,175000,2.17,2.17,2.1646,2.1646,2005,0
PVL.US,5,20211014,175500,2.17,2.17,2.16,2.17,3000,0
PVL.US,5,20211014,181500,2.17,2.17,2.1691,2.17,2800,0
PVL.US,5,20211014,182000,2.17,2.19,2.17,2.19,1400,0
PVL.US,5,20211014,183000,2.19,2.19,2.19,2.19,1200,0
PVL.US,5,20211014,183500,2.18,2.18,2.18,2.18,700,0
PVL.US,5,20211014,184000,2.17,2.18,2.17,2.18,800,0
PVL.US,5,20211014,185000,2.1781,2.2,2.17,2.2,8053,0
PVL.US,5,20211014,185500,2.2,2.21,2.2,2.21,900,0
PVL.US,5,20211014,190500,2.2,2.2,2.1901,2.2,10300,0
PVL.US,5,20211014,191000,2.21,2.21,2.21,2.21,900,0
PVL.US,5,20211014,191500,2.21,2.22,2.21,2.22,1411,0
PVL.US,5,20211014,192000,2.22,2.23,2.2144,2.23,7974,0
PVL.US,5,20211014,192500,2.23,2.23,2.223,2.23,5800,0
PVL.US,5,20211014,193000,2.23,2.23,2.2208,2.23,1939,0
PVL.US,5,20211014,193500,2.2208,2.2208,2.2208,2.2208,200,0
PVL.US,5,20211014,195000,2.2291,2.23,2.2291,2.23,200,0
PVL.US,5,20211014,200000,2.23,2.23,2.23,2.23,200,0
PVL.US,5,20211014,201000,2.2264,2.23,2.221,2.23,1753,0
PVL.US,5,20211014,202000,2.2275,2.23,2.2275,2.23,1200,0
PVL.US,5,20211014,203500,2.23,2.24,2.23,2.24,543,0
PVL.US,5,20211014,204500,2.2305,2.2305,2.2305,2.2305,1795,0
PVL.US,5,20211014,205000,2.24,2.24,2.24,2.24,300,0
PVL.US,5,20211014,211000,2.24,2.24,2.2377,2.24,788,0
PVL.US,5,20211014,211500,2.2392,2.2392,2.23,2.23,400,0
PVL.US,5,20211014,212000,2.23,2.24,2.23,2.24,11800,0
PVL.US,5,20211014,212500,2.24,2.24,2.24,2.24,700,0
PVL.US,5,20211014,213500,2.2365,2.24,2.2235,2.24,22194,0
PVL.US,5,20211014,214000,2.2216,2.24,2.2216,2.2399,3400,0
PVL.US,5,20211014,214500,2.2215,2.24,2.2215,2.2325,1149,0
PVL.US,5,20211014,215000,2.22,2.24,2.22,2.24,1645,0
PVL.US,5,20211014,215500,2.2201,2.24,2.2201,2.24,18983,0
PVL.US,5,20211015,153000,2.24,2.25,2.23,2.24,25550,0
PVL.US,5,20211015,153500,2.235,2.24,2.235,2.24,700,0
PVL.US,5,20211015,154000,2.24,2.24,2.23,2.24,810,0
PVL.US,5,20211015,154500,2.24,2.24,2.2332,2.24,700,0
PVL.US,5,20211015,155000,2.239,2.24,2.2301,2.24,1460,0
PVL.US,5,20211015,155500,2.24,2.24,2.235,2.235,4450,0
PVL.US,5,20211015,160000,2.24,2.24,2.2399,2.24,4350,0
PVL.US,5,20211015,160500,2.24,2.24,2.2307,2.24,1400,0
PVL.US,5,20211015,161000,2.24,2.24,2.2377,2.2377,1300,0
PVL.US,5,20211015,161500,2.24,2.24,2.24,2.24,300,0
PVL.US,5,20211015,162000,2.2399,2.24,2.2333,2.24,2186,0
PVL.US,5,20211015,162500,2.24,2.24,2.23,2.24,2952,0
PVL.US,5,20211015,163000,2.24,2.24,2.24,2.24,300,0
PVL.US,5,20211015,163500,2.24,2.24,2.24,2.24,3348,0
PVL.US,5,20211015,164000,2.24,2.24,2.24,2.24,400,0
PVL.US,5,20211015,164500,2.24,2.24,2.24,2.24,563,0
PVL.US,5,20211015,165000,2.2347,2.24,2.2347,2.24,1539,0
PVL.US,5,20211015,165500,2.24,2.24,2.2308,2.2308,268,0
PVL.US,5,20211015,172000,2.24,2.24,2.24,2.24,100,0
PVL.US,5,20211015,174000,2.24,2.24,2.24,2.24,3151,0
PVL.US,5,20211015,174500,2.24,2.26,2.24,2.26,2134,0
PVL.US,5,20211015,175000,2.26,2.26,2.26,2.26,400,0
PVL.US,5,20211015,181500,2.24,2.26,2.24,2.26,400,0
PVL.US,5,20211015,185000,2.26,2.27,2.2599,2.27,1620,0
PVL.US,5,20211015,185500,2.27,2.27,2.27,2.27,200,0
PVL.US,5,20211015,192000,2.26,2.27,2.26,2.27,700,0
PVL.US,5,20211015,192500,2.27,2.27,2.2699,2.27,339,0
PVL.US,5,20211015,193500,2.27,2.32,2.27,2.2901,14974,0
PVL.US,5,20211015,194000,2.32,2.33,2.32,2.33,1400,0
PVL.US,5,20211015,194500,2.33,2.34,2.32,2.3201,10614,0
PVL.US,5,20211015,195000,2.33,2.33,2.32,2.33,13906,0
PVL.US,5,20211015,195500,2.33,2.33,2.32,2.32,10522,0
PVL.US,5,20211015,200000,2.32,2.32,2.32,2.32,800,0
PVL.US,5,20211015,200500,2.32,2.32,2.31,2.32,2112,0
PVL.US,5,20211015,203000,2.32,2.32,2.32,2.32,100,0
PVL.US,5,20211015,204000,2.3,2.32,2.3,2.32,2193,0
PVL.US,5,20211015,204500,2.32,2.32,2.32,2.32,200,0
PVL.US,5,20211015,205000,2.305,2.31,2.305,2.31,300,0
PVL.US,5,20211015,210000,2.305,2.31,2.305,2.31,600,0
PVL.US,5,20211015,210500,2.3,2.31,2.3,2.31,2200,0
PVL.US,5,20211015,211000,2.31,2.31,2.31,2.31,100,0
PVL.US,5,20211015,211500,2.305,2.31,2.305,2.31,300,0
PVL.US,5,20211015,212000,2.31,2.31,2.3096,2.3096,1032,0
PVL.US,5,20211015,212500,2.3099,2.31,2.3099,2.31,203,0
PVL.US,5,20211015,213000,2.305,2.32,2.3,2.3,30160,0
PVL.US,5,20211015,213500,2.3,2.3,2.2901,2.3,1319,0
PVL.US,5,20211015,214000,2.305,2.305,2.29,2.3,11602,0
PVL.US,5,20211015,214500,2.3,2.3,2.3,2.3,100,0
PVL.US,5,20211015,215000,2.2901,2.3,2.2901,2.295,398,0
PVL.US,5,20211015,215500,2.2992,2.32,2.29,2.3,11189,0
PVL.US,5,20211018,153000,2.33,2.33,2.32,2.32,3879,0
PVL.US,5,20211018,153500,2.316,2.34,2.316,2.34,1570,0
PVL.US,5,20211018,154000,2.33,2.35,2.33,2.35,1400,0
PVL.US,5,20211018,154500,2.3476,2.3476,2.3323,2.3323,3788,0
PVL.US,5,20211018,155000,2.3252,2.3252,2.3252,2.3252,120,0
PVL.US,5,20211018,155500,2.3458,2.3458,2.3458,2.3458,500,0
PVL.US,5,20211018,160000,2.33,2.35,2.32,2.32,2370,0
PVL.US,5,20211018,160500,2.35,2.35,2.32,2.32,10900,0
PVL.US,5,20211018,161000,2.3203,2.3203,2.3203,2.3203,916,0
PVL.US,5,20211018,161500,2.3448,2.3448,2.326,2.326,2672,0
PVL.US,5,20211018,162000,2.32,2.3386,2.3193,2.32,8946,0
PVL.US,5,20211018,162500,2.3192,2.32,2.3192,2.32,5998,0
PVL.US,5,20211018,163000,2.32,2.32,2.31,2.32,15183,0
PVL.US,5,20211018,163500,2.32,2.37,2.315,2.33,60865,0
PVL.US,5,20211018,164000,2.36,2.37,2.36,2.36,2938,0
PVL.US,5,20211018,164500,2.36,2.3798,2.36,2.3798,3691,0
PVL.US,5,20211018,170000,2.35,2.37,2.35,2.37,355,0
PVL.US,5,20211018,171000,2.37,2.38,2.37,2.38,1419,0
PVL.US,5,20211018,171500,2.3701,2.3701,2.3701,2.3701,1000,0
PVL.US,5,20211018,172500,2.38,2.39,2.3799,2.38,5500,0
PVL.US,5,20211018,173500,2.385,2.39,2.385,2.39,3813,0
PVL.US,5,20211018,174000,2.3899,2.3899,2.3801,2.3801,2600,0
PVL.US,5,20211018,174500,2.385,2.39,2.385,2.39,4100,0
PVL.US,5,20211018,175500,2.385,2.385,2.385,2.385,600,0
PVL.US,5,20211018,180000,2.3801,2.3801,2.38,2.38,3900,0
PVL.US,5,20211018,183000,2.3807,2.3807,2.3807,2.3807,1288,0
PVL.US,5,20211018,184500,2.3801,2.3801,2.3801,2.3801,1500,0
PVL.US,5,20211018,191000,2.3801,2.3893,2.3801,2.385,3428,0
PVL.US,5,20211018,191500,2.39,2.39,2.39,2.39,498,0
PVL.US,5,20211018,192000,2.3899,2.3899,2.3899,2.3899,500,0
PVL.US,5,20211018,194500,2.39,2.39,2.3801,2.39,5305,0
PVL.US,5,20211018,195000,2.39,2.39,2.3801,2.3801,300,0
PVL.US,5,20211018,195500,2.39,2.39,2.39,2.39,1000,0
PVL.US,5,20211018,200500,2.38,2.38,2.38,2.38,7674,0
PVL.US,5,20211018,201000,2.385,2.385,2.37,2.37,10740,0
PVL.US,5,20211018,202500,2.3746,2.3746,2.3746,2.3746,100,0
PVL.US,5,20211018,203000,2.3797,2.3797,2.3797,2.3797,100,0
PVL.US,5,20211018,205000,2.375,2.375,2.375,2.375,500,0
PVL.US,5,20211018,205500,2.3701,2.3701,2.3701,2.3701,500,0
PVL.US,5,20211018,210000,2.38,2.38,2.38,2.38,100,0
PVL.US,5,20211018,210500,2.3731,2.38,2.3731,2.38,3472,0
PVL.US,5,20211018,211500,2.38,2.38,2.3699,2.3699,16810,0
PVL.US,5,20211018,212000,2.365,2.38,2.365,2.38,2400,0
PVL.US,5,20211018,212500,2.355,2.38,2.355,2.38,3200,0
PVL.US,5,20211018,213000,2.365,2.365,2.3599,2.36,1200,0
PVL.US,5,20211018,213500,2.36,2.36,2.3306,2.3498,11262,0
PVL.US,5,20211018,214000,2.34,2.36,2.34,2.36,20996,0
PVL.US,5,20211018,214500,2.355,2.38,2.355,2.38,1929,0
PVL.US,5,20211018,215000,2.38,2.38,2.38,2.38,1320,0
PVL.US,5,20211018,215500,2.38,2.39,2.36,2.39,3250,0
PVL.US,5,20211019,153000,2.39,2.39,2.36,2.39,21318,0
PVL.US,5,20211019,153500,2.36,2.39,2.36,2.39,25259,0
PVL.US,5,20211019,154000,2.36,2.39,2.35,2.35,37962,0
PVL.US,5,20211019,154500,2.3191,2.3795,2.3191,2.3795,4598,0
PVL.US,5,20211019,155000,2.35,2.38,2.33,2.3462,7622,0
PVL.US,5,20211019,160000,2.3301,2.331,2.33,2.33,6998,0
PVL.US,5,20211019,160500,2.33,2.33,2.32,2.32,1000,0
PVL.US,5,20211019,161000,2.32,2.32,2.3101,2.3101,1000,0
PVL.US,5,20211019,161500,2.31,2.3101,2.25,2.28,12211,0
PVL.US,5,20211019,162000,2.3,2.3,2.2,2.2,8049,0
PVL.US,5,20211019,162500,2.21,2.22,2.15,2.15,35216,0
PVL.US,5,20211019,163000,2.16,2.22,2.1598,2.22,17947,0
PVL.US,5,20211019,163500,2.1902,2.205,2.1902,2.205,3515,0
PVL.US,5,20211019,164000,2.2099,2.2099,2.2099,2.2099,2000,0
PVL.US,5,20211019,164500,2.2,2.2,2.15,2.15,5230,0
PVL.US,5,20211019,165000,2.16,2.2,2.16,2.1963,12060,0
PVL.US,5,20211019,165500,2.18,2.2,2.175,2.175,5278,0
PVL.US,5,20211019,170000,2.16,2.17,2.16,2.17,200,0
PVL.US,5,20211019,170500,2.2,2.2,2.1998,2.2,600,0
PVL.US,5,20211019,171500,2.2214,2.2214,2.2214,2.2214,200,0
PVL.US,5,20211019,172000,2.23,2.23,2.23,2.23,100,0
PVL.US,5,20211019,172500,2.2229,2.228,2.22,2.228,3350,0
PVL.US,5,20211019,173000,2.215,2.2276,2.206,2.22,5197,0
PVL.US,5,20211019,174000,2.2295,2.23,2.2282,2.23,2022,0
PVL.US,5,20211019,174500,2.225,2.225,2.225,2.225,200,0
PVL.US,5,20211019,175000,2.2293,2.2293,2.2293,2.2293,500,0
PVL.US,5,20211019,180000,2.23,2.23,2.23,2.23,2000,0
PVL.US,5,20211019,180500,2.2213,2.2213,2.2213,2.2213,5000,0
PVL.US,5,20211019,181000,2.2,2.23,2.2,2.23,10000,0
PVL.US,5,20211019,182000,2.2,2.215,2.2,2.215,1833,0
PVL.US,5,20211019,183000,2.22,2.22,2.2199,2.2199,500,0
PVL.US,5,20211019,183500,2.2287,2.2287,2.2287,2.2287,500,0
PVL.US,5,20211019,184500,2.2298,2.2298,2.2264,2.2264,1900,0
PVL.US,5,20211019,185000,2.2297,2.23,2.2297,2.23,996,0
PVL.US,5,20211019,191000,2.2499,2.2499,2.2499,2.2499,4000,0
PVL.US,5,20211019,192500,2.2438,2.2438,2.2438,2.2438,500,0
PVL.US,5,20211019,193000,2.249,2.27,2.2484,2.27,2600,0
PVL.US,5,20211019,193500,2.28,2.28,2.28,2.28,200,0
PVL.US,5,20211019,194000,2.2865,2.3,2.2865,2.3,5700,0
PVL.US,5,20211019,195000,2.32,2.35,2.32,2.35,1500,0
PVL.US,5,20211019,195500,2.38,2.39,2.32,2.39,13200,0
PVL.US,5,20211019,200000,2.3857,2.3857,2.3857,2.3857,1000,0
PVL.US,5,20211019,200500,2.376,2.376,2.37,2.3702,5000,0
PVL.US,5,20211019,201000,2.3799,2.3799,2.3799,2.3799,150,0
PVL.US,5,20211019,201500,2.37,2.37,2.3497,2.3497,5400,0
PVL.US,5,20211019,202000,2.34,2.34,2.34,2.34,212,0
PVL.US,5,20211019,203500,2.33,2.33,2.33,2.33,200,0
PVL.US,5,20211019,204000,2.3239,2.35,2.3239,2.33,3177,0
PVL.US,5,20211019,211000,2.315,2.33,2.315,2.33,750,0
PVL.US,5,20211019,211500,2.3002,2.33,2.3002,2.33,446,0
PVL.US,5,20211019,212000,2.326,2.326,2.326,2.326,100,0
PVL.US,5,20211019,213000,2.33,2.33,2.33,2.33,100,0
PVL.US,5,20211019,213500,2.33,2.33,2.33,2.33,100,0
PVL.US,5,20211019,215000,2.33,2.33,2.33,2.33,11600,0
PVL.US,5,20211019,215500,2.33,2.33,2.27,2.27,6043,0
PVL.US,5,20211020,153000,2.2702,2.2702,2.2702,2.2702,2500,0
PVL.US,5,20211020,153500,2.31,2.35,2.31,2.35,2551,0
PVL.US,5,20211020,154000,2.35,2.35,2.3,2.3027,4300,0
PVL.US,5,20211020,154500,2.32,2.32,2.32,2.32,200,0
PVL.US,5,20211020,155000,2.3001,2.32,2.3001,2.32,1809,0
PVL.US,5,20211020,155500,2.32,2.32,2.3,2.31,860,0
PVL.US,5,20211020,160000,2.31,2.31,2.31,2.31,100,0
PVL.US,5,20211020,160500,2.31,2.31,2.3,2.3002,945,0
PVL.US,5,20211020,161000,2.3098,2.3098,2.3,2.3,4100,0
PVL.US,5,20211020,161500,2.31,2.31,2.31,2.31,100,0
PVL.US,5,20211020,162000,2.31,2.31,2.31,2.31,399,0
PVL.US,5,20211020,162500,2.31,2.31,2.28,2.28,2500,0
PVL.US,5,20211020,163000,2.275,2.275,2.275,2.275,1000,0
PVL.US,5,20211020,163500,2.275,2.2799,2.275,2.2799,444,0
PVL.US,5,20211020,165500,2.28,2.28,2.28,2.28,100,0
PVL.US,5,20211020,170000,2.28,2.28,2.28,2.28,100,0
PVL.US,5,20211020,170500,2.28,2.28,2.28,2.28,100,0
PVL.US,5,20211020,171000,2.28,2.28,2.2799,2.28,2014,0
PVL.US,5,20211020,171500,2.28,2.28,2.28,2.28,100,0
PVL.US,5,20211020,172000,2.28,2.28,2.28,2.28,100,0
PVL.US,5,20211020,172500,2.28,2.28,2.28,2.28,100,0
PVL.US,5,20211020,173000,2.275,2.2792,2.2702,2.2702,1643,0
PVL.US,5,20211020,174000,2.275,2.275,2.27,2.27,498,0
PVL.US,5,20211020,175000,2.2725,2.275,2.27,2.27,500,0
PVL.US,5,20211020,175500,2.275,2.275,2.24,2.24,2483,0
PVL.US,5,20211020,180000,2.24,2.24,2.24,2.24,200,0
PVL.US,5,20211020,181000,2.2722,2.2722,2.2722,2.2722,140,0
PVL.US,5,20211020,181500,2.2554,2.2554,2.2554,2.2554,300,0
PVL.US,5,20211020,182500,2.2401,2.2401,2.2401,2.2401,100,0
PVL.US,5,20211020,183000,2.245,2.2499,2.24,2.2499,1000,0
PVL.US,5,20211020,184000,2.25,2.25,2.25,2.25,300,0
PVL.US,5,20211020,184500,2.25,2.25,2.2496,2.25,996,0
PVL.US,5,20211020,185000,2.27,2.27,2.27,2.27,100,0
PVL.US,5,20211020,185500,2.26,2.26,2.26,2.26,100,0
PVL.US,5,20211020,190000,2.26,2.265,2.2518,2.26,1000,0
PVL.US,5,20211020,190500,2.27,2.27,2.26,2.26,837,0
PVL.US,5,20211020,191000,2.26,2.26,2.25,2.25,1037,0
PVL.US,5,20211020,194000,2.25,2.25,2.25,2.25,200,0
PVL.US,5,20211020,194500,2.2501,2.255,2.2501,2.255,700,0
PVL.US,5,20211020,195500,2.26,2.26,2.26,2.26,100,0
PVL.US,5,20211020,200000,2.255,2.255,2.255,2.255,100,0
PVL.US,5,20211020,200500,2.255,2.255,2.25,2.2501,2500,0
PVL.US,5,20211020,201500,2.26,2.26,2.2407,2.2407,1370,0
PVL.US,5,20211020,203000,2.26,2.26,2.2586,2.2586,590,0
PVL.US,5,20211020,203500,2.2599,2.26,2.2599,2.26,2830,0
PVL.US,5,20211020,204500,2.26,2.26,2.26,2.26,100,0
PVL.US,5,20211020,205000,2.25,2.255,2.25,2.255,511,0
PVL.US,5,20211020,205500,2.2501,2.2599,2.25,2.2599,9999,0
PVL.US,5,20211020,210000,2.26,2.26,2.26,2.26,396,0
PVL.US,5,20211020,210500,2.2673,2.27,2.2643,2.2643,2100,0
PVL.US,5,20211020,211000,2.27,2.27,2.27,2.27,200,0
PVL.US,5,20211020,211500,2.2554,2.2799,2.2554,2.2799,505,0
PVL.US,5,20211020,212000,2.28,2.28,2.28,2.28,100,0
PVL.US,5,20211020,212500,2.273,2.28,2.273,2.28,1930,0
PVL.US,5,20211020,213000,2.28,2.28,2.28,2.28,100,0
PVL.US,5,20211020,213500,2.28,2.28,2.28,2.28,100,0
PVL.US,5,20211020,214000,2.28,2.31,2.28,2.31,9333,0
PVL.US,5,20211020,214500,2.31,2.31,2.295,2.31,5650,0
PVL.US,5,20211020,215000,2.31,2.31,2.3,2.31,1500,0
PVL.US,5,20211020,215500,2.305,2.32,2.2819,2.32,3760,0
PVL.US,5,20211021,153000,2.36,2.37,2.36,2.37,4855,0
PVL.US,5,20211021,153500,2.3611,2.38,2.3601,2.37,9345,0
PVL.US,5,20211021,154000,2.3786,2.3786,2.3786,2.3786,945,0
PVL.US,5,20211021,154500,2.37,2.38,2.36,2.36,5500,0
PVL.US,5,20211021,155000,2.3601,2.39,2.355,2.355,11535,0
PVL.US,5,20211021,155500,2.3465,2.35,2.34,2.35,1100,0
PVL.US,5,20211021,160000,2.35,2.35,2.35,2.35,100,0
PVL.US,5,20211021,160500,2.3493,2.3493,2.3423,2.3485,790,0
PVL.US,5,20211021,161000,2.3491,2.3491,2.3491,2.3491,100,0
PVL.US,5,20211021,161500,2.35,2.35,2.34,2.34,11789,0
PVL.US,5,20211021,162000,2.3499,2.35,2.3499,2.35,3200,0
PVL.US,5,20211021,162500,2.345,2.345,2.345,2.345,229,0
PVL.US,5,20211021,163000,2.3492,2.3492,2.3492,2.3492,100,0
PVL.US,5,20211021,163500,2.35,2.37,2.3499,2.37,2450,0
PVL.US,5,20211021,164000,2.37,2.37,2.37,2.37,2886,0
PVL.US,5,20211021,164500,2.3601,2.37,2.35,2.35,10304,0
PVL.US,5,20211021,165000,2.3497,2.35,2.3497,2.35,2100,0
PVL.US,5,20211021,165500,2.3401,2.35,2.3101,2.35,22218,0
PVL.US,5,20211021,170000,2.34,2.3452,2.34,2.3452,300,0
PVL.US,5,20211021,171500,2.3338,2.35,2.3338,2.3497,698,0
PVL.US,5,20211021,172500,2.34,2.3499,2.34,2.3499,933,0
PVL.US,5,20211021,173500,2.34,2.34,2.33,2.34,300,0
PVL.US,5,20211021,174500,2.3235,2.33,2.3235,2.33,2200,0
PVL.US,5,20211021,175000,2.32,2.32,2.32,2.32,100,0
PVL.US,5,20211021,180500,2.3201,2.33,2.32,2.32,4167,0
PVL.US,5,20211021,181000,2.3002,2.3002,2.3002,2.3002,213,0
PVL.US,5,20211021,181500,2.3,2.3,2.29,2.29,2000,0
PVL.US,5,20211021,182500,2.3099,2.32,2.29,2.32,9976,0
PVL.US,5,20211021,184000,2.29,2.32,2.29,2.29,2139,0
PVL.US,5,20211021,184500,2.31,2.31,2.31,2.31,100,0
PVL.US,5,20211021,185000,2.315,2.32,2.31,2.32,3436,0
PVL.US,5,20211021,190000,2.32,2.32,2.32,2.32,100,0
PVL.US,5,20211021,190500,2.3147,2.3147,2.3147,2.3147,1000,0
PVL.US,5,20211021,192000,2.319,2.32,2.319,2.32,640,0
PVL.US,5,20211021,192500,2.3185,2.32,2.3185,2.32,2100,0
PVL.US,5,20211021,195000,2.315,2.32,2.29,2.32,11762,0
PVL.US,5,20211021,195500,2.3,2.3,2.3,2.3,100,0
PVL.US,5,20211021,200000,2.3,2.31,2.29,2.29,2700,0
PVL.US,5,20211021,200500,2.3,2.31,2.3,2.31,1100,0
PVL.US,5,20211021,201000,2.31,2.31,2.31,2.31,200,0
PVL.US,5,20211021,202500,2.3083,2.3083,2.3083,2.3083,100,0
PVL.US,5,20211021,203500,2.31,2.31,2.31,2.31,2100,0
PVL.US,5,20211021,204000,2.31,2.31,2.3,2.3,1200,0
PVL.US,5,20211021,204500,2.3,2.31,2.3,2.3087,512,0
PVL.US,5,20211021,205000,2.29,2.3,2.27,2.28,9195,0
PVL.US,5,20211021,205500,2.275,2.28,2.27,2.27,1025,0
PVL.US,5,20211021,210000,2.2699,2.27,2.25,2.257,6130,0
PVL.US,5,20211021,210500,2.2599,2.26,2.2599,2.26,3380,0
PVL.US,5,20211021,211000,2.26,2.26,2.26,2.26,285,0
PVL.US,5,20211021,211500,2.26,2.26,2.26,2.26,1400,0
PVL.US,5,20211021,212000,2.2557,2.26,2.25,2.25,420,0
PVL.US,5,20211021,212500,2.26,2.26,2.26,2.26,1300,0
PVL.US,5,20211021,213500,2.25,2.25,2.25,2.25,3699,0
PVL.US,5,20211021,214000,2.28,2.28,2.28,2.28,200,0
PVL.US,5,20211021,214500,2.29,2.29,2.26,2.26,1079,0
PVL.US,5,20211021,215000,2.256,2.26,2.25,2.25,4284,0
PVL.US,5,20211021,215500,2.2499,2.26,2.24,2.25,11991,0
PVL.US,5,20211022,153000,2.3,2.3,2.3,2.3,355,0
PVL.US,5,20211022,153500,2.2968,2.3338,2.2777,2.2777,8462,0
PVL.US,5,20211022,154000,2.2716,2.31,2.2716,2.31,3488,0
PVL.US,5,20211022,154500,2.33,2.33,2.33,2.33,100,0
PVL.US,5,20211022,155000,2.282,2.32,2.272,2.32,800,0
PVL.US,5,20211022,155500,2.3,2.3,2.2702,2.3,8539,0
PVL.US,5,20211022,160000,2.285,2.285,2.27,2.2701,1624,0
PVL.US,5,20211022,160500,2.29,2.3,2.29,2.3,5100,0
PVL.US,5,20211022,161500,2.29,2.29,2.28,2.29,1700,0
PVL.US,5,20211022,162000,2.2883,2.29,2.2821,2.29,1800,0
PVL.US,5,20211022,162500,2.29,2.29,2.29,2.29,100,0
PVL.US,5,20211022,163000,2.29,2.29,2.29,2.29,100,0
PVL.US,5,20211022,163500,2.29,2.29,2.29,2.29,100,0
PVL.US,5,20211022,164000,2.284,2.2898,2.27,2.2707,1748,0
PVL.US,5,20211022,164500,2.27,2.29,2.27,2.29,300,0
PVL.US,5,20211022,165000,2.28,2.29,2.28,2.29,2100,0
PVL.US,5,20211022,165500,2.29,2.29,2.29,2.29,100,0
PVL.US,5,20211022,170000,2.29,2.29,2.29,2.29,100,0
PVL.US,5,20211022,170500,2.2714,2.29,2.2714,2.29,802,0
PVL.US,5,20211022,171000,2.29,2.29,2.29,2.29,100,0
PVL.US,5,20211022,172000,2.29,2.29,2.27,2.28,6201,0
PVL.US,5,20211022,173000,2.29,2.29,2.28,2.28,352,0
PVL.US,5,20211022,173500,2.29,2.29,2.29,2.29,100,0
PVL.US,5,20211022,174000,2.28,2.28,2.27,2.28,1701,0
PVL.US,5,20211022,175500,2.2525,2.2765,2.2525,2.2765,1500,0
PVL.US,5,20211022,181500,2.2601,2.29,2.2601,2.29,1600,0
PVL.US,5,20211022,182000,2.29,2.29,2.29,2.29,100,0
PVL.US,5,20211022,183000,2.29,2.29,2.29,2.29,100,0
PVL.US,5,20211022,183500,2.29,2.29,2.29,2.29,100,0
PVL.US,5,20211022,184500,2.29,2.29,2.29,2.29,100,0
PVL.US,5,20211022,185000,2.29,2.29,2.29,2.29,100,0
PVL.US,5,20211022,185500,2.28,2.28,2.28,2.28,100,0
PVL.US,5,20211022,190000,2.28,2.28,2.275,2.275,1100,0
PVL.US,5,20211022,190500,2.2801,2.29,2.2801,2.29,4100,0
PVL.US,5,20211022,191000,2.285,2.285,2.285,2.285,1844,0
PVL.US,5,20211022,191500,2.29,2.29,2.29,2.29,100,0
PVL.US,5,20211022,192000,2.29,2.3,2.29,2.29,2242,0
PVL.US,5,20211022,193000,2.3,2.3,2.3,2.3,100,0
PVL.US,5,20211022,193500,2.3,2.3,2.3,2.3,100,0
PVL.US,5,20211022,194500,2.2941,2.3,2.2941,2.3,200,0
PVL.US,5,20211022,195000,2.3,2.3,2.3,2.3,5500,0
PVL.US,5,20211022,200000,2.2949,2.2949,2.2949,2.2949,250,0
PVL.US,5,20211022,200500,2.295,2.295,2.295,2.295,659,0
PVL.US,5,20211022,201000,2.2949,2.2949,2.2949,2.2949,200,0
PVL.US,5,20211022,202000,2.3,2.3,2.3,2.3,100,0
PVL.US,5,20211022,202500,2.3,2.3,2.3,2.3,100,0
PVL.US,5,20211022,203000,2.3,2.3,2.295,2.295,950,0
PVL.US,5,20211022,204000,2.3,2.3,2.3,2.3,100,0
PVL.US,5,20211022,204500,2.3,2.3,2.3,2.3,100,0
PVL.US,5,20211022,205000,2.295,2.3,2.295,2.3,306,0
PVL.US,5,20211022,205500,2.3,2.3,2.28,2.28,7849,0
PVL.US,5,20211022,210500,2.29,2.2983,2.28,2.2983,1620,0
PVL.US,5,20211022,212000,2.3,2.3,2.3,2.3,100,0
PVL.US,5,20211022,212500,2.2954,2.3,2.2954,2.3,2600,0
PVL.US,5,20211022,213000,2.3,2.3,2.3,2.3,100,0
PVL.US,5,20211022,213500,2.3,2.3,2.3,2.3,100,0
PVL.US,5,20211022,214000,2.3,2.3,2.2979,2.3,300,0
PVL.US,5,20211022,214500,2.3,2.3,2.3,2.3,300,0
PVL.US,5,20211022,215000,2.3,2.3,2.29,2.3,3800,0
PVL.US,5,20211022,215500,2.3,2.3,2.2972,2.3,502,0
PVL.US,5,20211025,153000,2.37,2.37,2.37,2.37,2577,0
PVL.US,5,20211025,153500,2.3399,2.35,2.332,2.35,5110,0
PVL.US,5,20211025,154000,2.36,2.36,2.3203,2.3203,2200,0
PVL.US,5,20211025,155000,2.34,2.34,2.3232,2.34,600,0
PVL.US,5,20211025,155500,2.34,2.34,2.34,2.34,100,0
PVL.US,5,20211025,160000,2.34,2.34,2.3377,2.34,400,0
PVL.US,5,20211025,160500,2.3391,2.3391,2.3383,2.3383,260,0
PVL.US,5,20211025,161000,2.325,2.325,2.325,2.325,210,0
PVL.US,5,20211025,161500,2.33,2.33,2.33,2.33,150,0
PVL.US,5,20211025,162000,2.3202,2.325,2.32,2.3201,1100,0
PVL.US,5,20211025,163000,2.32,2.34,2.32,2.34,2333,0
PVL.US,5,20211025,163500,2.34,2.35,2.34,2.35,1800,0
PVL.US,5,20211025,164000,2.345,2.35,2.3401,2.35,1350,0
PVL.US,5,20211025,164500,2.3496,2.35,2.3496,2.35,375,0
PVL.US,5,20211025,165500,2.3495,2.35,2.3488,2.35,5400,0
PVL.US,5,20211025,170000,2.3499,2.3499,2.34,2.34,10532,0
PVL.US,5,20211025,170500,2.3437,2.3437,2.3437,2.3437,150,0
PVL.US,5,20211025,171000,2.345,2.3499,2.3401,2.3417,3510,0
PVL.US,5,20211025,171500,2.35,2.35,2.35,2.35,3999,0
PVL.US,5,20211025,173000,2.35,2.35,2.35,2.35,100,0
PVL.US,5,20211025,173500,2.35,2.35,2.35,2.35,100,0
PVL.US,5,20211025,174000,2.3401,2.35,2.3401,2.35,2100,0
PVL.US,5,20211025,174500,2.345,2.35,2.345,2.35,200,0
PVL.US,5,20211025,175500,2.35,2.35,2.35,2.35,100,0
PVL.US,5,20211025,180000,2.35,2.35,2.349,2.349,228,0
PVL.US,5,20211025,180500,2.345,2.35,2.345,2.35,691,0
PVL.US,5,20211025,181000,2.35,2.35,2.35,2.35,4437,0
PVL.US,5,20211025,181500,2.35,2.35,2.345,2.345,500,0
PVL.US,5,20211025,182000,2.35,2.35,2.35,2.35,100,0
PVL.US,5,20211025,182500,2.345,2.35,2.345,2.35,261,0
PVL.US,5,20211025,183000,2.35,2.35,2.35,2.35,2840,0
PVL.US,5,20211025,183500,2.35,2.35,2.345,2.35,1000,0
PVL.US,5,20211025,184000,2.345,2.345,2.345,2.345,500,0
PVL.US,5,20211025,184500,2.35,2.35,2.35,2.35,4798,0
PVL.US,5,20211025,185000,2.36,2.36,2.36,2.36,100,0
PVL.US,5,20211025,190000,2.36,2.36,2.36,2.36,100,0
PVL.US,5,20211025,190500,2.36,2.38,2.36,2.37,8535,0
PVL.US,5,20211025,191500,2.38,2.38,2.38,2.38,100,0
PVL.US,5,20211025,192000,2.37,2.37,2.37,2.37,200,0
PVL.US,5,20211025,193000,2.38,2.38,2.38,2.38,100,0
PVL.US,5,20211025,193500,2.3708,2.3708,2.3708,2.3708,500,0
PVL.US,5,20211025,194000,2.38,2.38,2.3601,2.37,9415,0
PVL.US,5,20211025,194500,2.3601,2.38,2.36,2.38,32485,0
PVL.US,5,20211025,195000,2.37,2.38,2.36,2.38,2780,0
PVL.US,5,20211025,200500,2.38,2.38,2.365,2.365,1102,0
PVL.US,5,20211025,201000,2.365,2.37,2.35,2.35,11357,0
PVL.US,5,20211025,201500,2.3425,2.3425,2.3425,2.3425,233,0
PVL.US,5,20211025,202500,2.3422,2.3422,2.3422,2.3422,100,0
PVL.US,5,20211025,204000,2.355,2.355,2.355,2.355,100,0
PVL.US,5,20211025,205000,2.3455,2.3455,2.3455,2.3455,260,0
PVL.US,5,20211025,210000,2.345,2.345,2.345,2.345,1000,0
PVL.US,5,20211025,211000,2.35,2.35,2.35,2.35,600,0
PVL.US,5,20211025,212000,2.341,2.341,2.341,2.341,700,0
PVL.US,5,20211025,212500,2.35,2.35,2.35,2.35,100,0
PVL.US,5,20211025,213000,2.35,2.35,2.34,2.34,1400,0
PVL.US,5,20211025,213500,2.3399,2.3399,2.3399,2.3399,200,0
PVL.US,5,20211025,214000,2.34,2.34,2.34,2.34,100,0
PVL.US,5,20211025,214500,2.34,2.34,2.3309,2.34,4285,0
PVL.US,5,20211025,215000,2.34,2.34,2.34,2.34,300,0
PVL.US,5,20211025,215500,2.34,2.34,2.335,2.34,940,0
PVL.US,5,20211026,153000,2.34,2.36,2.3337,2.36,7780,0
PVL.US,5,20211026,153500,2.34,2.34,2.34,2.34,300,0
PVL.US,5,20211026,154000,2.34,2.34,2.34,2.34,100,0
PVL.US,5,20211026,155000,2.3399,2.3399,2.3399,2.3399,100,0
PVL.US,5,20211026,160500,2.33,2.33,2.32,2.3219,2260,0
PVL.US,5,20211026,161500,2.33,2.34,2.32,2.34,4300,0
PVL.US,5,20211026,162000,2.3372,2.3372,2.3372,2.3372,100,0
PVL.US,5,20211026,164000,2.334,2.334,2.334,2.334,100,0
PVL.US,5,20211026,164500,2.335,2.34,2.3293,2.3293,5191,0
PVL.US,5,20211026,165000,2.33,2.34,2.32,2.34,930,0
PVL.US,5,20211026,170000,2.34,2.36,2.3399,2.3399,13658,0
PVL.US,5,20211026,170500,2.335,2.34,2.335,2.34,200,0
PVL.US,5,20211026,171000,2.34,2.34,2.34,2.34,100,0
PVL.US,5,20211026,171500,2.34,2.34,2.34,2.34,100,0
PVL.US,5,20211026,172000,2.34,2.34,2.335,2.34,300,0
PVL.US,5,20211026,172500,2.34,2.34,2.335,2.34,700,0
PVL.US,5,20211026,173000,2.335,2.335,2.335,2.335,100,0
PVL.US,5,20211026,173500,2.34,2.34,2.335,2.335,300,0
PVL.US,5,20211026,174000,2.34,2.34,2.34,2.34,100,0
PVL.US,5,20211026,174500,2.34,2.34,2.3318,2.3318,1100,0
PVL.US,5,20211026,175000,2.34,2.34,2.3357,2.3357,500,0
PVL.US,5,20211026,175500,2.34,2.34,2.34,2.34,200,0
PVL.US,5,20211026,180000,2.34,2.34,2.34,2.34,100,0
PVL.US,5,20211026,180500,2.3392,2.34,2.3361,2.34,2500,0
PVL.US,5,20211026,181000,2.3388,2.34,2.3388,2.34,300,0
PVL.US,5,20211026,181500,2.3301,2.34,2.3301,2.34,1100,0
PVL.US,5,20211026,182000,2.34,2.34,2.34,2.34,100,0
PVL.US,5,20211026,182500,2.3392,2.34,2.335,2.34,2200,0
PVL.US,5,20211026,183500,2.34,2.34,2.3311,2.335,738,0
PVL.US,5,20211026,184000,2.34,2.34,2.33,2.33,1600,0
PVL.US,5,20211026,184500,2.3291,2.3291,2.3291,2.3291,194,0
PVL.US,5,20211026,185500,2.3292,2.3292,2.3,2.3,9942,0
PVL.US,5,20211026,190000,2.3298,2.3298,2.3298,2.3298,4458,0
PVL.US,5,20211026,191500,2.32,2.32,2.32,2.32,1000,0
PVL.US,5,20211026,193000,2.3298,2.3298,2.3298,2.3298,1000,0
PVL.US,5,20211026,193500,2.33,2.33,2.3101,2.3101,300,0
PVL.US,5,20211026,194000,2.33,2.33,2.3289,2.3289,271,0
PVL.US,5,20211026,194500,2.33,2.33,2.33,2.33,200,0
PVL.US,5,20211026,195000,2.32,2.32,2.3,2.3,7325,0
PVL.US,5,20211026,195500,2.297,2.297,2.297,2.297,3000,0
PVL.US,5,20211026,201500,2.3,2.3,2.2983,2.2983,2000,0
PVL.US,5,20211026,202000,2.3,2.3,2.3,2.3,100,0
PVL.US,5,20211026,202500,2.3,2.3,2.3,2.3,100,0
PVL.US,5,20211026,203000,2.2995,2.3,2.29,2.29,2235,0
PVL.US,5,20211026,203500,2.3,2.3,2.3,2.3,100,0
PVL.US,5,20211026,204000,2.3,2.3,2.2999,2.3,3909,0
PVL.US,5,20211026,204500,2.2911,2.3,2.2911,2.3,700,0
PVL.US,5,20211026,205000,2.3,2.3,2.295,2.295,5778,0
PVL.US,5,20211026,205500,2.295,2.295,2.285,2.285,9633,0
PVL.US,5,20211026,211500,2.29,2.29,2.2899,2.2899,2700,0
PVL.US,5,20211026,212000,2.285,2.29,2.285,2.29,1028,0
PVL.US,5,20211026,212500,2.29,2.29,2.285,2.29,300,0
PVL.US,5,20211026,213000,2.29,2.29,2.29,2.29,400,0
PVL.US,5,20211026,213500,2.281,2.3,2.281,2.3,2105,0
PVL.US,5,20211026,214000,2.3,2.3,2.28,2.2812,3286,0
PVL.US,5,20211026,214500,2.3,2.3,2.2928,2.3,941,0
PVL.US,5,20211026,215000,2.3,2.3,2.3,2.3,400,0
PVL.US,5,20211026,215500,2.295,2.3,2.29,2.29,900,0
PVL.US,5,20211027,153000,2.29,2.308,2.29,2.308,649,0
PVL.US,5,20211027,154000,2.3182,2.32,2.3182,2.32,941,0
PVL.US,5,20211027,154500,2.3197,2.3197,2.3197,2.3197,340,0
PVL.US,5,20211027,160500,2.305,2.305,2.305,2.305,500,0
PVL.US,5,20211027,161500,2.305,2.305,2.3,2.3002,3432,0
PVL.US,5,20211027,162000,2.3,2.305,2.3,2.3,6134,0
PVL.US,5,20211027,163500,2.2701,2.2701,2.2701,2.2701,207,0
PVL.US,5,20211027,164000,2.285,2.285,2.285,2.285,200,0
PVL.US,5,20211027,165500,2.2999,2.2999,2.2999,2.2999,145,0
PVL.US,5,20211027,170000,2.2841,2.2841,2.2841,2.2841,250,0
PVL.US,5,20211027,170500,2.2883,2.2883,2.2883,2.2883,200,0
PVL.US,5,20211027,171000,2.27,2.27,2.25,2.2596,15999,0
PVL.US,5,20211027,171500,2.26,2.26,2.2599,2.2599,10000,0
PVL.US,5,20211027,172000,2.255,2.26,2.255,2.26,1130,0
PVL.US,5,20211027,172500,2.2585,2.26,2.2501,2.26,8399,0
PVL.US,5,20211027,175500,2.2698,2.2698,2.2698,2.2698,300,0
PVL.US,5,20211027,180500,2.27,2.27,2.2697,2.2698,7100,0
PVL.US,5,20211027,182500,2.265,2.265,2.26,2.26,2600,0
PVL.US,5,20211027,183000,2.25,2.25,2.25,2.25,1086,0
PVL.US,5,20211027,183500,2.259,2.26,2.259,2.26,1000,0
PVL.US,5,20211027,184500,2.25,2.26,2.25,2.26,460,0
PVL.US,5,20211027,185000,2.25,2.26,2.25,2.26,2899,0
PVL.US,5,20211027,185500,2.2599,2.2599,2.2599,2.2599,1000,0
PVL.US,5,20211027,190500,2.25,2.25,2.25,2.25,5000,0
PVL.US,5,20211027,191000,2.2599,2.2599,2.2599,2.2599,100,0
PVL.US,5,20211027,191500,2.25,2.26,2.25,2.26,3462,0
PVL.US,5,20211027,192000,2.28,2.28,2.28,2.28,100,0
PVL.US,5,20211027,194500,2.2801,2.285,2.2801,2.285,2000,0
PVL.US,5,20211027,195500,2.2801,2.2801,2.2801,2.2801,600,0
PVL.US,5,20211027,202000,2.2881,2.2881,2.2881,2.2881,500,0
PVL.US,5,20211027,203000,2.285,2.285,2.28,2.2801,13416,0
PVL.US,5,20211027,203500,2.285,2.285,2.28,2.2801,31605,0
PVL.US,5,20211027,204000,2.285,2.2891,2.28,2.2891,500,0
PVL.US,5,20211027,205000,2.29,2.29,2.29,2.29,4200,0
PVL.US,5,20211027,210500,2.285,2.285,2.285,2.285,134,0
PVL.US,5,20211027,211000,2.2891,2.2891,2.2891,2.2891,100,0
PVL.US,5,20211027,211500,2.28,2.28,2.28,2.28,771,0
PVL.US,5,20211027,212500,2.285,2.29,2.28,2.29,7300,0
PVL.US,5,20211027,213500,2.285,2.285,2.28,2.285,6901,0
PVL.US,5,20211027,214500,2.29,2.29,2.29,2.29,319,0
PVL.US,5,20211027,215000,2.29,2.29,2.28,2.2801,4432,0
PVL.US,5,20211027,215500,2.285,2.29,2.285,2.29,778,0
PVL.US,5,20211028,153000,2.28,2.28,2.28,2.28,1997,0
PVL.US,5,20211028,153500,2.28,2.28,2.27,2.27,16535,0
PVL.US,5,20211028,154500,2.251,2.251,2.251,2.251,100,0
PVL.US,5,20211028,155500,2.2501,2.265,2.2501,2.265,1220,0
PVL.US,5,20211028,160000,2.27,2.27,2.27,2.27,1000,0
PVL.US,5,20211028,160500,2.25,2.25,2.25,2.25,400,0
PVL.US,5,20211028,161000,2.2521,2.2521,2.2521,2.2521,100,0
PVL.US,5,20211028,161500,2.2505,2.2505,2.2505,2.2505,400,0
PVL.US,5,20211028,162000,2.2501,2.2501,2.2501,2.2501,1490,0
PVL.US,5,20211028,162500,2.26,2.26,2.25,2.25,9561,0
PVL.US,5,20211028,163500,2.257,2.257,2.25,2.25,700,0
PVL.US,5,20211028,164500,2.23,2.23,2.22,2.22,5697,0
PVL.US,5,20211028,165000,2.2407,2.2556,2.2407,2.2556,700,0
PVL.US,5,20211028,165500,2.2499,2.2499,2.2499,2.2499,2000,0
PVL.US,5,20211028,170000,2.2379,2.2379,2.2379,2.2379,200,0
PVL.US,5,20211028,170500,2.23,2.23,2.22,2.22,3118,0
PVL.US,5,20211028,171500,2.2202,2.2467,2.2202,2.2467,1500,0
PVL.US,5,20211028,173500,2.235,2.235,2.22,2.22,5627,0
PVL.US,5,20211028,174500,2.225,2.225,2.22,2.22,1524,0
PVL.US,5,20211028,175500,2.225,2.2291,2.225,2.225,667,0
PVL.US,5,20211028,180000,2.22,2.22,2.22,2.22,300,0
PVL.US,5,20211028,180500,2.22,2.22,2.22,2.22,200,0
PVL.US,5,20211028,181000,2.22,2.2218,2.22,2.22,607,0
PVL.US,5,20211028,181500,2.22,2.22,2.22,2.22,400,0
PVL.US,5,20211028,182000,2.22,2.225,2.22,2.22,1245,0
PVL.US,5,20211028,182500,2.22,2.22,2.22,2.22,400,0
PVL.US,5,20211028,183000,2.22,2.2292,2.22,2.22,850,0
PVL.US,5,20211028,183500,2.22,2.22,2.22,2.22,400,0
PVL.US,5,20211028,184000,2.22,2.22,2.22,2.22,300,0
PVL.US,5,20211028,184500,2.22,2.225,2.22,2.22,400,0
PVL.US,5,20211028,185000,2.22,2.2293,2.22,2.2293,1300,0
PVL.US,5,20211028,185500,2.22,2.225,2.22,2.22,475,0
PVL.US,5,20211028,190000,2.22,2.22,2.22,2.22,300,0
PVL.US,5,20211028,190500,2.22,2.22,2.22,2.22,300,0
PVL.US,5,20211028,191000,2.22,2.22,2.22,2.22,400,0
PVL.US,5,20211028,191500,2.22,2.22,2.22,2.22,300,0
PVL.US,5,20211028,192000,2.22,2.22,2.2,2.2,1600,0
PVL.US,5,20211028,192500,2.2,2.21,2.18,2.18,7883,0
PVL.US,5,20211028,193000,2.1995,2.1995,2.18,2.185,1300,0
PVL.US,5,20211028,193500,2.18,2.185,2.18,2.18,1140,0
PVL.US,5,20211028,194000,2.1899,2.1899,2.17,2.1818,5612,0
PVL.US,5,20211028,194500,2.17,2.18,2.17,2.17,1201,0
PVL.US,5,20211028,195000,2.17,2.175,2.17,2.17,550,0
PVL.US,5,20211028,195500,2.17,2.18,2.17,2.175,1800,0
PVL.US,5,20211028,200000,2.17,2.17,2.17,2.17,400,0
PVL.US,5,20211028,200500,2.175,2.175,2.17,2.17,550,0
PVL.US,5,20211028,201000,2.1799,2.1799,2.17,2.17,1220,0
PVL.US,5,20211028,201500,2.175,2.18,2.175,2.18,1590,0
PVL.US,5,20211028,202000,2.2099,2.2099,2.2099,2.2099,510,0
PVL.US,5,20211028,202500,2.2,2.2,2.2,2.2,100,0
PVL.US,5,20211028,203000,2.2,2.2,2.2,2.2,400,0
PVL.US,5,20211028,203500,2.21,2.21,2.19,2.2,1500,0
PVL.US,5,20211028,204000,2.2,2.2,2.2,2.2,400,0
PVL.US,5,20211028,204500,2.2,2.2,2.2,2.2,400,0
PVL.US,5,20211028,205000,2.2,2.2,2.2,2.2,400,0
PVL.US,5,20211028,205500,2.2,2.2,2.19,2.19,800,0
PVL.US,5,20211028,210000,2.17,2.17,2.17,2.17,402,0
PVL.US,5,20211028,210500,2.17,2.17,2.17,2.17,500,0
PVL.US,5,20211028,211000,2.18,2.18,2.18,2.18,400,0
PVL.US,5,20211028,211500,2.18,2.18,2.17,2.17,800,0
PVL.US,5,20211028,212000,2.17,2.17,2.17,2.17,4400,0
PVL.US,5,20211028,212500,2.18,2.19,2.18,2.18,1930,0
PVL.US,5,20211028,213000,2.17,2.17,2.17,2.17,500,0
PVL.US,5,20211028,213500,2.17,2.17,2.17,2.17,1000,0
PVL.US,5,20211028,214000,2.17,2.175,2.16,2.16,3000,0
PVL.US,5,20211028,214500,2.16,2.16,2.15,2.15,3539,0
PVL.US,5,20211028,215000,2.15,2.16,2.15,2.155,6292,0
PVL.US,5,20211028,215500,2.1516,2.18,2.15,2.18,12617,0
PVL.US,5,20211029,153000,2.18,2.18,2.18,2.18,1977,0
PVL.US,5,20211029,154000,2.189,2.189,2.189,2.189,100,0
PVL.US,5,20211029,155000,2.1712,2.1712,2.16,2.16,1300,0
PVL.US,5,20211029,155500,2.1526,2.16,2.14,2.16,10893,0
PVL.US,5,20211029,160000,2.16,2.17,2.16,2.17,200,0
PVL.US,5,20211029,160500,2.17,2.17,2.17,2.17,200,0
PVL.US,5,20211029,161000,2.17,2.17,2.17,2.17,200,0
PVL.US,5,20211029,161500,2.1649,2.17,2.1649,2.17,1000,0
PVL.US,5,20211029,162000,2.17,2.17,2.17,2.17,200,0
PVL.US,5,20211029,162500,2.17,2.17,2.14,2.14,5300,0
PVL.US,5,20211029,163500,2.16,2.16,2.16,2.16,200,0
PVL.US,5,20211029,164000,2.1543,2.16,2.1543,2.16,400,0
PVL.US,5,20211029,164500,2.17,2.17,2.17,2.17,200,0
PVL.US,5,20211029,165000,2.17,2.17,2.17,2.17,100,0
PVL.US,5,20211029,165500,2.17,2.17,2.1534,2.1534,200,0
PVL.US,5,20211029,170000,2.16,2.16,2.155,2.16,900,0
PVL.US,5,20211029,170500,2.16,2.17,2.16,2.17,3300,0
PVL.US,5,20211029,171000,2.17,2.19,2.165,2.165,446,0
PVL.US,5,20211029,171500,2.1643,2.19,2.1643,2.19,350,0
PVL.US,5,20211029,172000,2.18,2.18,2.18,2.18,200,0
PVL.US,5,20211029,172500,2.18,2.18,2.18,2.18,100,0
PVL.US,5,20211029,173000,2.18,2.18,2.18,2.18,100,0
PVL.US,5,20211029,173500,2.18,2.18,2.18,2.18,100,0
PVL.US,5,20211029,174000,2.1786,2.18,2.1786,2.18,600,0
PVL.US,5,20211029,180000,2.17,2.18,2.17,2.18,2300,0
PVL.US,5,20211029,180500,2.18,2.18,2.18,2.18,330,0
PVL.US,5,20211029,181500,2.1665,2.18,2.1665,2.18,603,0
PVL.US,5,20211029,183500,2.1797,2.1797,2.1797,2.1797,200,0
PVL.US,5,20211029,190500,2.1782,2.18,2.1782,2.18,600,0
PVL.US,5,20211029,191000,2.16,2.16,2.16,2.16,160,0
PVL.US,5,20211029,192000,2.1699,2.18,2.1699,2.18,1200,0
PVL.US,5,20211029,195500,2.1799,2.1799,2.1799,2.1799,100,0
PVL.US,5,20211029,201000,2.175,2.18,2.16,2.18,24792,0
PVL.US,5,20211029,201500,2.18,2.18,2.18,2.18,100,0
PVL.US,5,20211029,202000,2.18,2.18,2.18,2.18,100,0
PVL.US,5,20211029,202500,2.1721,2.18,2.1721,2.18,261,0
PVL.US,5,20211029,203000,2.18,2.18,2.18,2.18,100,0
PVL.US,5,20211029,203500,2.18,2.18,2.18,2.18,100,0
PVL.US,5,20211029,204000,2.18,2.18,2.17,2.17,560,0
PVL.US,5,20211029,204500,2.1641,2.18,2.1641,2.18,1100,0
PVL.US,5,20211029,205000,2.18,2.18,2.18,2.18,200,0
PVL.US,5,20211029,205500,2.19,2.19,2.19,2.19,100,0
PVL.US,5,20211029,210000,2.18,2.18,2.18,2.18,100,0
PVL.US,5,20211029,210500,2.18,2.19,2.18,2.19,200,0
PVL.US,5,20211029,211000,2.19,2.19,2.19,2.19,100,0
PVL.US,5,20211029,211500,2.19,2.19,2.19,2.19,200,0
PVL.US,5,20211029,212000,2.19,2.19,2.19,2.19,200,0
PVL.US,5,20211029,212500,2.1875,2.19,2.1875,2.19,300,0
PVL.US,5,20211029,213000,2.19,2.19,2.1873,2.19,300,0
PVL.US,5,20211029,214000,2.1982,2.2,2.1982,2.2,200,0
PVL.US,5,20211029,214500,2.1967,2.1967,2.1967,2.1967,100,0
PVL.US,5,20211029,215000,2.195,2.195,2.195,2.195,149,0
PVL.US,5,20211029,215500,2.1999,2.2,2.19,2.19,3694,0
PVL.US,5,20211101,143000,2.19,2.19,2.1894,2.1894,2496,0
PVL.US,5,20211101,143500,2.17,2.17,2.17,2.17,729,0
PVL.US,5,20211101,144000,2.1718,2.18,2.1701,2.18,2540,0
PVL.US,5,20211101,144500,2.18,2.18,2.1702,2.1799,4924,0
PVL.US,5,20211101,145500,2.17,2.1706,2.17,2.1706,1184,0
PVL.US,5,20211101,150000,2.174,2.174,2.16,2.1602,1498,0
PVL.US,5,20211101,152500,2.1606,2.1606,2.1606,2.1606,355,0
PVL.US,5,20211101,154500,2.1799,2.1799,2.1793,2.1793,2000,0
PVL.US,5,20211101,161500,2.18,2.18,2.175,2.175,3000,0
PVL.US,5,20211101,163000,2.175,2.175,2.1731,2.1731,1500,0
PVL.US,5,20211101,163500,2.175,2.175,2.175,2.175,600,0
PVL.US,5,20211101,164000,2.1741,2.1741,2.173,2.173,1400,0
PVL.US,5,20211101,164500,2.1732,2.175,2.17,2.175,1800,0
PVL.US,5,20211101,165000,2.1741,2.1793,2.1737,2.1793,625,0
PVL.US,5,20211101,165500,2.1709,2.177,2.17,2.177,400,0
PVL.US,5,20211101,170000,2.1709,2.175,2.17,2.17,300,0
PVL.US,5,20211101,170500,2.17,2.177,2.17,2.17,300,0
PVL.US,5,20211101,171000,2.1709,2.175,2.1709,2.1749,400,0
PVL.US,5,20211101,171500,2.175,2.175,2.1717,2.1717,200,0
PVL.US,5,20211101,172000,2.1797,2.1797,2.1797,2.1797,300,0
PVL.US,5,20211101,172500,2.18,2.18,2.18,2.18,300,0
PVL.US,5,20211101,173000,2.18,2.18,2.1799,2.1799,245,0
PVL.US,5,20211101,174500,2.175,2.175,2.175,2.175,900,0
PVL.US,5,20211101,175000,2.1751,2.1751,2.17,2.17,200,0
PVL.US,5,20211101,175500,2.1713,2.1713,2.17,2.17,200,0
PVL.US,5,20211101,180000,2.175,2.175,2.17,2.1701,2701,0
PVL.US,5,20211101,180500,2.175,2.175,2.17,2.17,200,0
PVL.US,5,20211101,181000,2.1701,2.175,2.1701,2.1737,320,0
PVL.US,5,20211101,181500,2.17,2.1737,2.17,2.1737,200,0
PVL.US,5,20211101,182000,2.1701,2.1701,2.17,2.17,300,0
PVL.US,5,20211101,182500,2.17,2.17,2.16,2.16,5997,0
PVL.US,5,20211101,183000,2.1623,2.1623,2.16,2.16,1300,0
PVL.US,5,20211101,183500,2.16,2.1601,2.16,2.1601,200,0
PVL.US,5,20211101,184000,2.16,2.1601,2.16,2.1601,200,0
PVL.US,5,20211101,184500,2.18,2.18,2.18,2.18,20000,0
PVL.US,5,20211101,191000,2.17,2.17,2.17,2.17,10500,0
PVL.US,5,20211101,192000,2.1606,2.1606,2.15,2.1525,600,0
PVL.US,5,20211101,192500,2.1525,2.1606,2.15,2.15,600,0
PVL.US,5,20211101,193000,2.1525,2.16,2.1501,2.1501,575,0
PVL.US,5,20211101,194500,2.1662,2.1662,2.1662,2.1662,1382,0
PVL.US,5,20211101,195000,2.16,2.16,2.1584,2.16,1157,0
PVL.US,5,20211101,202500,2.16,2.16,2.16,2.16,100,0
PVL.US,5,20211101,203500,2.16,2.16,2.16,2.16,303,0
PVL.US,5,20211101,205500,2.18,2.18,2.16,2.16,10406,0
PVL.US,5,20211102,143000,2.21,2.219,2.21,2.219,3947,0
PVL.US,5,20211102,144500,2.22,2.24,2.22,2.24,2214,0
PVL.US,5,20211102,145000,2.22,2.22,2.22,2.22,5100,0
PVL.US,5,20211102,145500,2.22,2.22,2.22,2.22,686,0
PVL.US,5,20211102,150500,2.2175,2.2175,2.2175,2.2175,200,0
PVL.US,5,20211102,152000,2.215,2.215,2.2101,2.2101,940,0
PVL.US,5,20211102,153000,2.22,2.22,2.22,2.22,312,0
PVL.US,5,20211102,153500,2.2108,2.2108,2.2108,2.2108,1000,0
PVL.US,5,20211102,154500,2.21,2.21,2.21,2.21,538,0
PVL.US,5,20211102,160000,2.2195,2.2195,2.2195,2.2195,900,0
PVL.US,5,20211102,160500,2.215,2.215,2.21,2.21,1513,0
PVL.US,5,20211102,164000,2.2059,2.2059,2.2059,2.2059,550,0
PVL.US,5,20211102,170500,2.2,2.21,2.19,2.21,12849,0
PVL.US,5,20211102,184000,2.2,2.2,2.2,2.2,2400,0
PVL.US,5,20211102,184500,2.1901,2.1901,2.1901,2.1901,500,0
PVL.US,5,20211102,194500,2.2,2.2,2.2,2.2,400,0
PVL.US,5,20211102,195000,2.19,2.19,2.19,2.19,400,0
PVL.US,5,20211102,201500,2.1834,2.1834,2.1834,2.1834,204,0
PVL.US,5,20211102,204500,2.18,2.1822,2.18,2.1822,2108,0
PVL.US,5,20211102,205500,2.18,2.18,2.16,2.17,2552,0
PVL.US,5,20211103,143000,2.15,2.15,2.14,2.14,10539,0
PVL.US,5,20211103,143500,2.1478,2.1478,2.14,2.14,1609,0
PVL.US,5,20211103,144000,2.1497,2.1497,2.14,2.142,565,0
PVL.US,5,20211103,144500,2.1499,2.1499,2.14,2.14,1200,0
PVL.US,5,20211103,145000,2.14,2.14,2.14,2.14,700,0
PVL.US,5,20211103,145500,2.14,2.14,2.14,2.14,200,0
PVL.US,5,20211103,150500,2.1499,2.1499,2.1499,2.1499,1452,0
PVL.US,5,20211103,152000,2.145,2.145,2.145,2.145,760,0
PVL.US,5,20211103,152500,2.15,2.16,2.15,2.16,3991,0
PVL.US,5,20211103,154000,2.143,2.143,2.143,2.143,285,0
PVL.US,5,20211103,160500,2.1514,2.1514,2.1514,2.1514,100,0
PVL.US,5,20211103,162500,2.1505,2.1505,2.1505,2.1505,3000,0
PVL.US,5,20211103,163500,2.1501,2.1501,2.1501,2.1501,3000,0
PVL.US,5,20211103,171500,2.15,2.155,2.15,2.155,5100,0
PVL.US,5,20211103,172500,2.155,2.155,2.155,2.155,100,0
PVL.US,5,20211103,173000,2.1599,2.1599,2.1599,2.1599,3054,0
PVL.US,5,20211103,173500,2.1599,2.16,2.1599,2.16,340,0
PVL.US,5,20211103,174500,2.16,2.16,2.16,2.16,100,0
PVL.US,5,20211103,180000,2.16,2.16,2.16,2.16,130,0
PVL.US,5,20211103,181000,2.1599,2.1599,2.1599,2.1599,200,0
PVL.US,5,20211103,182000,2.1502,2.1502,2.1502,2.1502,3057,0
PVL.US,5,20211103,191500,2.16,2.16,2.15,2.15,1140,0
PVL.US,5,20211103,193500,2.15,2.15,2.14,2.14,6236,0
PVL.US,5,20211103,204500,2.1486,2.1493,2.1486,2.1493,655,0
PVL.US,5,20211103,205000,2.15,2.16,2.14,2.14,24698,0
PVL.US,5,20211103,205500,2.1401,2.1401,2.14,2.14,3600,0
PVL.US,5,20211104,143000,2.19,2.19,2.19,2.19,881,0
PVL.US,5,20211104,143500,2.2,2.2099,2.2,2.2099,3702,0
PVL.US,5,20211104,144000,2.2,2.25,2.2,2.2086,9306,0
PVL.US,5,20211104,144500,2.201,2.22,2.201,2.215,6197,0
PVL.US,5,20211104,145000,2.22,2.22,2.2002,2.2145,7500,0
PVL.US,5,20211104,145500,2.2197,2.22,2.21,2.21,3500,0
PVL.US,5,20211104,150000,2.22,2.24,2.21,2.24,26654,0
PVL.US,5,20211104,150500,2.24,2.3,2.2371,2.2678,20502,0
PVL.US,5,20211104,151000,2.26,2.28,2.25,2.25,8200,0
PVL.US,5,20211104,151500,2.246,2.254,2.24,2.2453,6863,0
PVL.US,5,20211104,152000,2.24,2.25,2.24,2.25,8148,0
PVL.US,5,20211104,152500,2.2447,2.26,2.22,2.227,5848,0
PVL.US,5,20211104,153500,2.195,2.195,2.18,2.19,18633,0
PVL.US,5,20211104,154000,2.1816,2.205,2.18,2.181,8469,0
PVL.US,5,20211104,154500,2.17,2.17,2.15,2.15,14624,0
PVL.US,5,20211104,160500,2.1799,2.1799,2.1799,2.1799,5000,0
PVL.US,5,20211104,162000,2.17,2.17,2.17,2.17,100,0
PVL.US,5,20211104,164500,2.17,2.17,2.17,2.17,2605,0
PVL.US,5,20211104,165500,2.15,2.15,2.15,2.15,900,0
PVL.US,5,20211104,170500,2.16,2.16,2.16,2.16,130,0
PVL.US,5,20211104,172500,2.1699,2.1699,2.1699,2.1699,700,0
PVL.US,5,20211104,173000,2.1584,2.17,2.1584,2.17,2100,0
PVL.US,5,20211104,173500,2.1699,2.1699,2.1699,2.1699,500,0
PVL.US,5,20211104,181000,2.16,2.16,2.16,2.16,100,0
PVL.US,5,20211104,183000,2.15,2.15,2.15,2.15,1076,0
PVL.US,5,20211104,190500,2.16,2.16,2.16,2.16,500,0
PVL.US,5,20211104,191500,2.15,2.15,2.15,2.15,1197,0
PVL.US,5,20211104,192500,2.155,2.155,2.155,2.155,3119,0
PVL.US,5,20211104,193000,2.155,2.16,2.155,2.16,500,0
PVL.US,5,20211104,193500,2.155,2.1573,2.155,2.1573,390,0
PVL.US,5,20211104,195000,2.1631,2.1631,2.1631,2.1631,200,0
PVL.US,5,20211104,195500,2.16,2.16,2.16,2.16,1180,0
PVL.US,5,20211104,200000,2.165,2.165,2.165,2.165,1185,0
PVL.US,5,20211104,201000,2.165,2.17,2.16,2.17,26788,0
PVL.US,5,20211104,201500,2.165,2.165,2.165,2.165,100,0
PVL.US,5,20211104,204000,2.17,2.17,2.17,2.17,700,0
PVL.US,5,20211104,204500,2.1799,2.1799,2.16,2.16,2313,0
PVL.US,5,20211104,205500,2.165,2.17,2.16,2.16,1149,0
PVL.US,5,20211105,143000,2.17,2.17,2.17,2.17,1213,0
PVL.US,5,20211105,145000,2.2139,2.2139,2.195,2.195,800,0
PVL.US,5,20211105,150500,2.18,2.18,2.18,2.18,100,0
PVL.US,5,20211105,151500,2.17,2.1701,2.17,2.17,3543,0
PVL.US,5,20211105,154000,2.1769,2.1769,2.1718,2.1718,215,0
PVL.US,5,20211105,155500,2.1719,2.1799,2.1719,2.1799,1235,0
PVL.US,5,20211105,160500,2.17,2.17,2.17,2.17,3381,0
PVL.US,5,20211105,161000,2.1665,2.17,2.1665,2.17,4670,0
PVL.US,5,20211105,163000,2.17,2.18,2.17,2.18,5080,0
PVL.US,5,20211105,163500,2.18,2.19,2.18,2.18,3718,0
PVL.US,5,20211105,164000,2.19,2.19,2.19,2.19,2497,0
PVL.US,5,20211105,164500,2.19,2.19,2.19,2.19,1715,0
PVL.US,5,20211105,165500,2.1931,2.1931,2.1931,2.1931,2050,0
PVL.US,5,20211105,170000,2.17,2.185,2.17,2.185,550,0
PVL.US,5,20211105,170500,2.17,2.17,2.17,2.17,3000,0
PVL.US,5,20211105,173000,2.17,2.1704,2.17,2.1704,1580,0
PVL.US,5,20211105,180500,2.1893,2.1893,2.1893,2.1893,800,0
PVL.US,5,20211105,181500,2.19,2.19,2.189,2.189,943,0
PVL.US,5,20211105,193500,2.1817,2.1817,2.18,2.18,202,0
PVL.US,5,20211105,194500,2.1899,2.1899,2.1899,2.1899,225,0
PVL.US,5,20211105,195000,2.1889,2.1889,2.1889,2.1889,2000,0
PVL.US,5,20211105,202000,2.19,2.19,2.19,2.19,100,0
PVL.US,5,20211105,203000,2.1701,2.1701,2.1701,2.1701,1560,0
PVL.US,5,20211105,204000,2.18,2.18,2.1714,2.1714,545,0
PVL.US,5,20211105,204500,2.17,2.18,2.17,2.18,500,0
PVL.US,5,20211105,205000,2.17,2.18,2.17,2.18,1300,0
PVL.US,5,20211105,205500,2.18,2.18,2.17,2.17,220,0
PVL.US,5,20211108,153000,2.17,2.17,2.17,2.17,1750,0
PVL.US,5,20211108,153500,2.2,2.2004,2.2,2.2004,2990,0
PVL.US,5,20211108,155500,2.2,2.2,2.2,2.2,1165,0
PVL.US,5,20211108,160000,2.21,2.21,2.21,2.21,335,0
PVL.US,5,20211108,160500,2.2067,2.2191,2.2067,2.2182,2625,0
PVL.US,5,20211108,162000,2.21,2.21,2.19,2.19,34152,0
PVL.US,5,20211108,162500,2.1964,2.1964,2.195,2.195,200,0
PVL.US,5,20211108,163000,2.1814,2.1814,2.1814,2.1814,537,0
PVL.US,5,20211108,164000,2.185,2.185,2.185,2.185,140,0
PVL.US,5,20211108,165000,2.2,2.2,2.2,2.2,5000,0
PVL.US,5,20211108,170500,2.1999,2.1999,2.1999,2.1999,500,0
PVL.US,5,20211108,174500,2.1723,2.1723,2.1723,2.1723,1032,0
PVL.US,5,20211108,175500,2.17,2.17,2.17,2.17,400,0
PVL.US,5,20211108,180000,2.185,2.185,2.185,2.185,1099,0
PVL.US,5,20211108,181000,2.19,2.19,2.19,2.19,1350,0
PVL.US,5,20211108,182500,2.1999,2.1999,2.1999,2.1999,120,0
PVL.US,5,20211108,183500,2.19,2.19,2.19,2.19,150,0
PVL.US,5,20211108,185500,2.195,2.195,2.195,2.195,909,0
PVL.US,5,20211108,190500,2.195,2.195,2.195,2.195,5000,0
PVL.US,5,20211108,191500,2.19,2.1902,2.19,2.19,3083,0
PVL.US,5,20211108,193000,2.1999,2.1999,2.1973,2.1973,400,0
PVL.US,5,20211108,193500,2.1811,2.1811,2.1811,2.1811,1070,0
PVL.US,5,20211108,201500,2.18,2.18,2.18,2.18,300,0
PVL.US,5,20211108,203000,2.182,2.182,2.182,2.182,400,0
PVL.US,5,20211108,204000,2.1801,2.1801,2.1801,2.1801,1000,0
PVL.US,5,20211108,211000,2.1975,2.1975,2.19,2.19,400,0
PVL.US,5,20211108,213000,2.18,2.185,2.18,2.185,3900,0
PVL.US,5,20211108,214500,2.19,2.19,2.19,2.19,2000,0
PVL.US,5,20211108,215000,2.18,2.18,2.18,2.18,226,0
PVL.US,5,20211108,215500,2.18,2.18,2.18,2.18,300,0
PVL.US,5,20211109,153000,2.18,2.18,2.1799,2.1799,2143,0
PVL.US,5,20211109,153500,2.175,2.175,2.175,2.175,500,0
PVL.US,5,20211109,154000,2.172,2.172,2.172,2.172,100,0
PVL.US,5,20211109,160000,2.1704,2.1704,2.1704,2.1704,100,0
PVL.US,5,20211109,160500,2.177,2.1799,2.177,2.1799,2000,0
PVL.US,5,20211109,161000,2.175,2.18,2.175,2.18,25086,0
PVL.US,5,20211109,164500,2.1999,2.1999,2.1831,2.1831,5645,0
PVL.US,5,20211109,172000,2.18,2.18,2.18,2.18,300,0
PVL.US,5,20211109,172500,2.18,2.18,2.18,2.18,900,0
PVL.US,5,20211109,173500,2.18,2.18,2.18,2.18,1799,0
PVL.US,5,20211109,174000,2.186,2.22,2.186,2.22,9194,0
PVL.US,5,20211109,174500,2.2,2.21,2.2,2.21,6400,0
PVL.US,5,20211109,175000,2.22,2.22,2.205,2.22,2800,0
PVL.US,5,20211109,175500,2.2095,2.23,2.202,2.23,10413,0
PVL.US,5,20211109,180000,2.21,2.23,2.19,2.2293,6201,0
PVL.US,5,20211109,180500,2.23,2.23,2.21,2.23,21812,0
PVL.US,5,20211109,181000,2.21,2.229,2.197,2.229,3700,0
PVL.US,5,20211109,182500,2.2196,2.23,2.205,2.21,6830,0
PVL.US,5,20211109,183000,2.24,2.24,2.21,2.21,3795,0
PVL.US,5,20211109,183500,2.24,2.25,2.24,2.25,729,0
PVL.US,5,20211109,184500,2.19,2.19,2.19,2.19,100,0
PVL.US,5,20211109,185500,2.25,2.25,2.225,2.225,200,0
PVL.US,5,20211109,190000,2.25,2.25,2.2499,2.2499,200,0
PVL.US,5,20211109,190500,2.2401,2.2401,2.2401,2.2401,100,0
PVL.US,5,20211109,191500,2.24,2.24,2.23,2.23,11100,0
PVL.US,5,20211109,192000,2.24,2.24,2.24,2.24,207,0
PVL.US,5,20211109,192500,2.215,2.215,2.215,2.215,3000,0
PVL.US,5,20211109,194500,2.2,2.2,2.2,2.2,1200,0
PVL.US,5,20211109,195500,2.2,2.2,2.1875,2.1875,1000,0
PVL.US,5,20211109,200500,2.2,2.2,2.2,2.2,3994,0
PVL.US,5,20211109,201000,2.2204,2.2204,2.22,2.22,1100,0
PVL.US,5,20211109,204000,2.22,2.23,2.2198,2.2198,5822,0
PVL.US,5,20211109,204500,2.215,2.215,2.215,2.215,103,0
PVL.US,5,20211109,205000,2.215,2.23,2.215,2.23,13675,0
PVL.US,5,20211109,205500,2.23,2.23,2.2265,2.23,3300,0
PVL.US,5,20211109,211000,2.23,2.23,2.2297,2.23,3700,0
PVL.US,5,20211109,212000,2.2256,2.2256,2.2256,2.2256,2500,0
PVL.US,5,20211109,213000,2.23,2.23,2.22,2.22,1709,0
PVL.US,5,20211109,214000,2.22,2.23,2.22,2.22,1700,0
PVL.US,5,20211109,215000,2.21,2.21,2.21,2.21,600,0
PVL.US,5,20211109,215500,2.23,2.25,2.22,2.22,6486,0
PVL.US,5,20211110,153000,2.25,2.25,2.25,2.25,1061,0
PVL.US,5,20211110,153500,2.25,2.25,2.25,2.25,651,0
PVL.US,5,20211110,154000,2.26,2.28,2.26,2.27,8715,0
PVL.US,5,20211110,154500,2.28,2.28,2.28,2.28,2299,0
PVL.US,5,20211110,155000,2.29,2.3,2.29,2.3,4150,0
PVL.US,5,20211110,155500,2.2801,2.29,2.2801,2.2805,2000,0
PVL.US,5,20211110,160000,2.2824,2.2824,2.2824,2.2824,1000,0
PVL.US,5,20211110,160500,2.2817,2.29,2.2817,2.283,5000,0
PVL.US,5,20211110,161000,2.29,2.29,2.28,2.28,2000,0
PVL.US,5,20211110,161500,2.2801,2.2801,2.27,2.27,7620,0
PVL.US,5,20211110,162000,2.27,2.273,2.27,2.273,400,0
PVL.US,5,20211110,162500,2.2324,2.25,2.2324,2.25,517,0
PVL.US,5,20211110,163000,2.28,2.28,2.28,2.28,900,0
PVL.US,5,20211110,164000,2.265,2.265,2.2515,2.2515,2999,0
PVL.US,5,20211110,164500,2.265,2.265,2.265,2.265,100,0
PVL.US,5,20211110,165000,2.25,2.25,2.25,2.25,2800,0
PVL.US,5,20211110,165500,2.25,2.27,2.25,2.27,980,0
PVL.US,5,20211110,170500,2.2255,2.2255,2.2255,2.2255,200,0
PVL.US,5,20211110,172500,2.2591,2.2591,2.2465,2.2465,3000,0
PVL.US,5,20211110,173000,2.25,2.255,2.2499,2.255,1300,0
PVL.US,5,20211110,174000,2.2628,2.2628,2.2628,2.2628,1000,0
PVL.US,5,20211110,174500,2.27,2.27,2.255,2.255,4948,0
PVL.US,5,20211110,175000,2.255,2.2697,2.255,2.255,3000,0
PVL.US,5,20211110,175500,2.2584,2.265,2.2584,2.265,2625,0
PVL.US,5,20211110,181000,2.28,2.28,2.27,2.27,1550,0
PVL.US,5,20211110,182500,2.29,2.3,2.2899,2.3,24448,0
PVL.US,5,20211110,183500,2.3,2.3,2.3,2.3,200,0
PVL.US,5,20211110,184500,2.29,2.29,2.29,2.29,100,0
PVL.US,5,20211110,185000,2.2801,2.2816,2.2801,2.2816,1000,0
PVL.US,5,20211110,190500,2.2901,2.3,2.2901,2.295,15229,0
PVL.US,5,20211110,191000,2.295,2.295,2.29,2.295,2143,0
PVL.US,5,20211110,191500,2.3,2.3,2.3,2.3,6000,0
PVL.US,5,20211110,195500,2.28,2.2989,2.26,2.2989,10200,0
PVL.US,5,20211110,200500,2.2797,2.2797,2.2797,2.2797,100,0
PVL.US,5,20211110,201000,2.2735,2.2735,2.2735,2.2735,100,0
PVL.US,5,20211110,202000,2.255,2.255,2.255,2.255,700,0
PVL.US,5,20211110,202500,2.255,2.255,2.255,2.255,439,0
PVL.US,5,20211110,203000,2.255,2.255,2.255,2.255,900,0
PVL.US,5,20211110,210500,2.23,2.23,2.23,2.23,1000,0
PVL.US,5,20211110,211000,2.2398,2.2398,2.2398,2.2398,700,0
PVL.US,5,20211110,211500,2.24,2.25,2.2397,2.25,1900,0
PVL.US,5,20211110,214500,2.25,2.25,2.25,2.25,200,0
PVL.US,5,20211110,215500,2.24,2.25,2.24,2.25,420,0
PVL.US,5,20211111,153000,2.28,2.29,2.28,2.29,791,0
PVL.US,5,20211111,153500,2.29,2.29,2.29,2.29,200,0
PVL.US,5,20211111,154500,2.29,2.29,2.29,2.29,100,0
PVL.US,5,20211111,155000,2.29,2.3,2.29,2.3,3000,0
PVL.US,5,20211111,155500,2.2924,2.3,2.29,2.295,4700,0
PVL.US,5,20211111,160000,2.3,2.31,2.291,2.31,12787,0
PVL.US,5,20211111,160500,2.31,2.32,2.31,2.31,1979,0
PVL.US,5,20211111,161000,2.33,2.33,2.33,2.33,100,0
PVL.US,5,20211111,161500,2.3281,2.3281,2.3281,2.3281,2000,0
PVL.US,5,20211111,162000,2.33,2.33,2.32,2.32,2000,0
PVL.US,5,20211111,162500,2.33,2.34,2.321,2.321,1970,0
PVL.US,5,20211111,163000,2.34,2.34,2.34,2.34,100,0
PVL.US,5,20211111,163500,2.32,2.32,2.32,2.32,2299,0
PVL.US,5,20211111,164500,2.3199,2.3199,2.3,2.3,4410,0
PVL.US,5,20211111,165000,2.32,2.32,2.32,2.32,200,0
PVL.US,5,20211111,170000,2.32,2.32,2.32,2.32,100,0
PVL.US,5,20211111,170500,2.3001,2.3001,2.3001,2.3001,300,0
PVL.US,5,20211111,171000,2.31,2.31,2.31,2.31,100,0
PVL.US,5,20211111,171500,2.3068,2.3068,2.3068,2.3068,100,0
PVL.US,5,20211111,173000,2.32,2.32,2.32,2.32,100,0
PVL.US,5,20211111,173500,2.32,2.32,2.32,2.32,2876,0
PVL.US,5,20211111,174000,2.3139,2.32,2.3139,2.32,200,0
PVL.US,5,20211111,174500,2.3101,2.315,2.3101,2.315,1600,0
PVL.US,5,20211111,175000,2.32,2.32,2.3056,2.315,12800,0
PVL.US,5,20211111,180000,2.3,2.3016,2.3,2.3016,700,0
PVL.US,5,20211111,181000,2.3019,2.31,2.3,2.3,1299,0
PVL.US,5,20211111,182500,2.3078,2.32,2.3078,2.32,400,0
PVL.US,5,20211111,183000,2.31,2.32,2.31,2.32,1100,0
PVL.US,5,20211111,184000,2.32,2.32,2.32,2.32,100,0
PVL.US,5,20211111,185000,2.32,2.32,2.32,2.32,100,0
PVL.US,5,20211111,190000,2.32,2.32,2.3,2.3,1100,0
PVL.US,5,20211111,190500,2.31,2.32,2.3041,2.32,450,0
PVL.US,5,20211111,191500,2.32,2.32,2.32,2.32,100,0
PVL.US,5,20211111,192000,2.31,2.31,2.31,2.31,100,0
PVL.US,5,20211111,192500,2.32,2.32,2.32,2.32,100,0
PVL.US,5,20211111,194000,2.32,2.32,2.32,2.32,100,0
PVL.US,5,20211111,195000,2.32,2.32,2.32,2.32,100,0
PVL.US,5,20211111,200000,2.32,2.32,2.32,2.32,100,0
PVL.US,5,20211111,200500,2.32,2.32,2.32,2.32,100,0
PVL.US,5,20211111,201500,2.32,2.32,2.32,2.32,100,0
PVL.US,5,20211111,202500,2.313,2.313,2.313,2.313,150,0
PVL.US,5,20211111,204000,2.3001,2.3066,2.3001,2.3066,5000,0
PVL.US,5,20211111,204500,2.32,2.32,2.315,2.315,337,0
PVL.US,5,20211111,213500,2.302,2.302,2.3002,2.3002,1925,0
PVL.US,5,20211111,214000,2.3017,2.31,2.3001,2.31,694,0
PVL.US,5,20211111,214500,2.3182,2.3182,2.29,2.29,3288,0
PVL.US,5,20211111,215000,2.28,2.2986,2.28,2.2986,6232,0
PVL.US,5,20211111,215500,2.29,2.29,2.28,2.29,400,0
