<TICKER>,<PER>,<DATE>,<TIME>,<OPEN>,<HIGH>,<LOW>,<CLOSE>,<VOL>,<OPENINT>
VGI.US,5,20210922,153000,11.97,11.97,11.97,11.97,1516,0
VGI.US,5,20210922,153500,11.95,11.95,11.95,11.95,100,0
VGI.US,5,20210922,154500,11.92,11.92,11.92,11.92,500,0
VGI.US,5,20210922,155000,11.93,11.93,11.93,11.93,100,0
VGI.US,5,20210922,160000,11.9118,11.9118,11.9118,11.9118,300,0
VGI.US,5,20210922,160500,11.93,11.93,11.93,11.93,100,0
VGI.US,5,20210922,161500,11.91,11.92,11.88,11.88,1557,0
VGI.US,5,20210922,164000,11.92,11.92,11.92,11.92,1800,0
VGI.US,5,20210922,170000,11.8701,11.8701,11.8701,11.8701,171,0
VGI.US,5,20210922,170500,11.9,11.9,11.9,11.9,100,0
VGI.US,5,20210922,171500,11.87,11.9137,11.87,11.9137,4481,0
VGI.US,5,20210922,173000,11.925,11.93,11.925,11.93,300,0
VGI.US,5,20210922,173500,11.93,11.93,11.93,11.93,400,0
VGI.US,5,20210922,174000,11.93,11.93,11.93,11.93,1314,0
VGI.US,5,20210922,180500,11.94,11.94,11.94,11.94,500,0
VGI.US,5,20210922,181500,11.9309,11.9309,11.9309,11.9309,300,0
VGI.US,5,20210922,182500,11.9311,11.9311,11.9311,11.9311,135,0
VGI.US,5,20210922,183000,11.9347,11.9347,11.9347,11.9347,1571,0
VGI.US,5,20210922,190500,11.9392,11.9392,11.9392,11.9392,1000,0
VGI.US,5,20210922,191000,11.935,11.935,11.935,11.935,135,0
VGI.US,5,20210922,191500,11.935,11.935,11.93,11.93,400,0
VGI.US,5,20210922,193000,11.9304,11.9304,11.9304,11.9304,2400,0
VGI.US,5,20210922,194500,11.93,11.93,11.93,11.93,300,0
VGI.US,5,20210922,200500,11.94,11.94,11.94,11.94,300,0
VGI.US,5,20210922,201000,11.9202,11.9202,11.9202,11.9202,150,0
VGI.US,5,20210922,204500,11.93,11.93,11.93,11.93,212,0
VGI.US,5,20210922,211000,11.93,11.93,11.93,11.93,1156,0
VGI.US,5,20210922,213000,11.935,11.935,11.935,11.935,250,0
VGI.US,5,20210922,215500,11.94,11.94,11.94,11.94,998,0
VGI.US,5,20210923,153000,11.88,12,11.88,12,9091,0
VGI.US,5,20210923,153500,11.9,11.9,11.9,11.9,100,0
VGI.US,5,20210923,155500,11.9005,11.9005,11.9005,11.9005,2435,0
VGI.US,5,20210923,160000,11.92,11.92,11.92,11.92,110,0
VGI.US,5,20210923,161000,11.92,11.92,11.919,11.919,700,0
VGI.US,5,20210923,162000,11.915,11.915,11.915,11.915,250,0
VGI.US,5,20210923,163000,11.9063,11.9063,11.9063,11.9063,275,0
VGI.US,5,20210923,164000,11.92,11.92,11.92,11.92,2305,0
VGI.US,5,20210923,164500,11.93,11.93,11.93,11.93,116,0
VGI.US,5,20210923,170500,11.93,11.93,11.93,11.93,400,0
VGI.US,5,20210923,171500,11.92,11.92,11.92,11.92,400,0
VGI.US,5,20210923,173500,11.93,11.93,11.92,11.925,600,0
VGI.US,5,20210923,180000,11.92,11.92,11.92,11.92,100,0
VGI.US,5,20210923,180500,11.925,11.925,11.925,11.925,120,0
VGI.US,5,20210923,182000,11.93,11.93,11.93,11.93,204,0
VGI.US,5,20210923,185000,11.93,11.93,11.93,11.93,115,0
VGI.US,5,20210923,191500,11.93,11.93,11.93,11.93,111,0
VGI.US,5,20210923,194500,11.9248,11.9248,11.9248,11.9248,170,0
VGI.US,5,20210923,195000,11.9243,11.9243,11.9243,11.9243,214,0
VGI.US,5,20210923,202000,11.94,11.945,11.94,11.945,201,0
VGI.US,5,20210923,202500,11.95,11.95,11.94,11.94,935,0
VGI.US,5,20210923,204000,11.9282,11.9282,11.9282,11.9282,541,0
VGI.US,5,20210923,205000,11.935,11.935,11.935,11.935,543,0
VGI.US,5,20210923,211000,11.935,11.935,11.935,11.935,381,0
VGI.US,5,20210923,212500,11.945,11.95,11.94,11.95,1560,0
VGI.US,5,20210923,213000,11.945,11.945,11.94,11.94,544,0
VGI.US,5,20210923,214000,11.9154,11.9154,11.9154,11.9154,100,0
VGI.US,5,20210923,214500,11.9154,11.9154,11.9154,11.9154,100,0
VGI.US,5,20210923,215500,11.8907,11.8907,11.89,11.89,692,0
VGI.US,5,20210924,153000,11.9,11.9,11.9,11.9,1394,0
VGI.US,5,20210924,154000,11.9,11.9,11.9,11.9,100,0
VGI.US,5,20210924,155000,11.87,11.87,11.87,11.87,400,0
VGI.US,5,20210924,155500,11.87,11.87,11.87,11.87,100,0
VGI.US,5,20210924,161000,11.8914,11.8914,11.8914,11.8914,480,0
VGI.US,5,20210924,162000,11.8811,11.9,11.8811,11.9,200,0
VGI.US,5,20210924,162500,11.88,11.9,11.88,11.9,1200,0
VGI.US,5,20210924,163000,11.9,11.9,11.89,11.89,900,0
VGI.US,5,20210924,164000,11.9,11.9,11.9,11.9,100,0
VGI.US,5,20210924,165000,11.9,11.9,11.88,11.88,700,0
VGI.US,5,20210924,165500,11.92,11.92,11.92,11.92,100,0
VGI.US,5,20210924,170500,11.9497,11.9497,11.9497,11.9497,2500,0
VGI.US,5,20210924,171000,11.94,11.95,11.94,11.95,600,0
VGI.US,5,20210924,172000,11.95,11.95,11.95,11.95,100,0
VGI.US,5,20210924,173000,11.95,11.95,11.94,11.94,300,0
VGI.US,5,20210924,173500,11.95,11.95,11.95,11.95,100,0
VGI.US,5,20210924,174500,11.95,11.95,11.95,11.95,100,0
VGI.US,5,20210924,182500,11.94,11.94,11.94,11.94,100,0
VGI.US,5,20210924,183000,11.94,11.94,11.94,11.94,200,0
VGI.US,5,20210924,183500,11.94,11.94,11.94,11.94,675,0
VGI.US,5,20210924,184000,11.94,11.96,11.94,11.945,3433,0
VGI.US,5,20210924,185500,11.95,11.95,11.95,11.95,100,0
VGI.US,5,20210924,190000,11.94,11.94,11.94,11.94,100,0
VGI.US,5,20210924,191500,11.94,11.94,11.94,11.94,100,0
VGI.US,5,20210924,192000,11.939,11.939,11.939,11.939,700,0
VGI.US,5,20210924,194500,11.96,11.96,11.96,11.96,100,0
VGI.US,5,20210924,202000,11.97,11.97,11.97,11.97,100,0
VGI.US,5,20210924,202500,11.965,11.965,11.9201,11.9201,2255,0
VGI.US,5,20210924,204000,11.95,11.95,11.95,11.95,200,0
VGI.US,5,20210924,205000,11.9573,11.9573,11.9573,11.9573,128,0
VGI.US,5,20210924,210000,11.93,11.945,11.92,11.945,701,0
VGI.US,5,20210924,211500,11.97,11.97,11.92,11.92,415,0
VGI.US,5,20210924,213000,11.97,11.97,11.97,11.97,100,0
VGI.US,5,20210924,214000,11.97,11.97,11.97,11.97,100,0
VGI.US,5,20210924,215500,11.97,11.97,11.93,11.96,1456,0
VGI.US,5,20210927,153000,11.95,11.95,11.93,11.93,3271,0
VGI.US,5,20210927,155500,11.87,11.915,11.87,11.915,927,0
VGI.US,5,20210927,160500,11.95,11.95,11.95,11.95,100,0
VGI.US,5,20210927,162500,11.9,11.9,11.9,11.9,200,0
VGI.US,5,20210927,164000,11.9,11.9,11.9,11.9,1700,0
VGI.US,5,20210927,165000,11.9,11.9,11.9,11.9,200,0
VGI.US,5,20210927,165500,11.89,11.89,11.89,11.89,700,0
VGI.US,5,20210927,170500,11.9,11.9,11.892,11.892,1600,0
VGI.US,5,20210927,175500,11.8964,11.8964,11.8964,11.8964,2100,0
VGI.US,5,20210927,180000,11.9,11.9,11.9,11.9,500,0
VGI.US,5,20210927,183500,11.889,11.894,11.88,11.88,789,0
VGI.US,5,20210927,184500,11.9,11.9,11.8999,11.9,1380,0
VGI.US,5,20210927,190000,11.93,11.93,11.93,11.93,500,0
VGI.US,5,20210927,191500,11.92,11.92,11.92,11.92,100,0
VGI.US,5,20210927,192500,11.94,11.94,11.939,11.939,200,0
VGI.US,5,20210927,211500,11.9,11.9,11.9,11.9,1172,0
VGI.US,5,20210927,213000,11.8933,11.9,11.86,11.88,999,0
VGI.US,5,20210927,215500,11.89,11.9,11.88,11.88,408,0
VGI.US,5,20210928,153000,11.87,11.87,11.8446,11.85,5366,0
VGI.US,5,20210928,153500,11.87,11.87,11.87,11.87,200,0
VGI.US,5,20210928,154500,11.86,11.86,11.79,11.79,400,0
VGI.US,5,20210928,155000,11.79,11.79,11.79,11.79,500,0
VGI.US,5,20210928,155500,11.77,11.77,11.77,11.77,100,0
VGI.US,5,20210928,160000,11.77,11.77,11.77,11.77,522,0
VGI.US,5,20210928,160500,11.77,11.77,11.77,11.77,100,0
VGI.US,5,20210928,161000,11.78,11.78,11.78,11.78,395,0
VGI.US,5,20210928,161500,11.78,11.78,11.78,11.78,100,0
VGI.US,5,20210928,162000,11.8,11.8,11.8,11.8,100,0
VGI.US,5,20210928,162500,11.78,11.78,11.78,11.78,100,0
VGI.US,5,20210928,163500,11.81,11.81,11.81,11.81,500,0
VGI.US,5,20210928,165000,11.8203,11.8203,11.8203,11.8203,3338,0
VGI.US,5,20210928,170500,11.8004,11.8004,11.8004,11.8004,1000,0
VGI.US,5,20210928,171000,11.828,11.828,11.828,11.828,1000,0
VGI.US,5,20210928,171500,11.84,11.84,11.84,11.84,1000,0
VGI.US,5,20210928,172000,11.82,11.82,11.82,11.82,1000,0
VGI.US,5,20210928,173000,11.801,11.801,11.801,11.801,1000,0
VGI.US,5,20210928,173500,11.84,11.84,11.84,11.84,1000,0
VGI.US,5,20210928,174000,11.8,11.8,11.8,11.8,1000,0
VGI.US,5,20210928,174500,11.81,11.81,11.81,11.81,100,0
VGI.US,5,20210928,175000,11.84,11.84,11.84,11.84,1000,0
VGI.US,5,20210928,180000,11.82,11.82,11.82,11.82,1000,0
VGI.US,5,20210928,180500,11.84,11.84,11.801,11.801,2000,0
VGI.US,5,20210928,183000,11.81,11.81,11.8,11.8,200,0
VGI.US,5,20210928,183500,11.84,11.84,11.84,11.84,620,0
VGI.US,5,20210928,191000,11.8146,11.8146,11.8146,11.8146,765,0
VGI.US,5,20210928,194500,11.8,11.8,11.75,11.75,2008,0
VGI.US,5,20210928,200500,11.72,11.75,11.705,11.705,1652,0
VGI.US,5,20210928,201000,11.7446,11.7446,11.7446,11.7446,406,0
VGI.US,5,20210928,201500,11.75,11.75,11.75,11.75,119,0
VGI.US,5,20210928,205500,11.75,11.76,11.75,11.75,2998,0
VGI.US,5,20210928,210000,11.7599,11.7599,11.7599,11.7599,1000,0
VGI.US,5,20210928,212500,11.75,11.76,11.7151,11.7151,1128,0
VGI.US,5,20210928,214000,11.7,11.7,11.7,11.7,463,0
VGI.US,5,20210928,215500,11.69,11.72,11.6,11.6,16254,0
VGI.US,5,20210929,153000,11.64,11.69,11.64,11.65,5444,0
VGI.US,5,20210929,153500,11.69,11.69,11.69,11.69,100,0
VGI.US,5,20210929,154500,11.62,11.62,11.62,11.62,100,0
VGI.US,5,20210929,155500,11.6659,11.6659,11.62,11.62,212,0
VGI.US,5,20210929,160500,11.61,11.61,11.61,11.61,100,0
VGI.US,5,20210929,161000,11.64,11.64,11.64,11.64,100,0
VGI.US,5,20210929,162000,11.64,11.64,11.64,11.64,100,0
VGI.US,5,20210929,162500,11.64,11.64,11.64,11.64,100,0
VGI.US,5,20210929,163000,11.64,11.64,11.61,11.61,1910,0
VGI.US,5,20210929,163500,11.6,11.6,11.6,11.6,100,0
VGI.US,5,20210929,164000,11.61,11.61,11.61,11.61,100,0
VGI.US,5,20210929,165000,11.61,11.61,11.61,11.61,100,0
VGI.US,5,20210929,170000,11.61,11.61,11.61,11.61,100,0
VGI.US,5,20210929,170500,11.61,11.61,11.61,11.61,100,0
VGI.US,5,20210929,171500,11.61,11.61,11.61,11.61,100,0
VGI.US,5,20210929,172500,11.61,11.61,11.61,11.61,100,0
VGI.US,5,20210929,173500,11.61,11.61,11.61,11.61,100,0
VGI.US,5,20210929,174500,11.61,11.61,11.61,11.61,100,0
VGI.US,5,20210929,180000,11.61,11.61,11.61,11.61,100,0
VGI.US,5,20210929,181000,11.61,11.61,11.61,11.61,100,0
VGI.US,5,20210929,182000,11.61,11.61,11.61,11.61,100,0
VGI.US,5,20210929,183500,11.61,11.61,11.61,11.61,100,0
VGI.US,5,20210929,185000,11.61,11.61,11.61,11.61,100,0
VGI.US,5,20210929,190000,11.652,11.652,11.652,11.652,800,0
VGI.US,5,20210929,190500,11.61,11.61,11.61,11.61,100,0
VGI.US,5,20210929,192000,11.61,11.61,11.61,11.61,100,0
VGI.US,5,20210929,193500,11.61,11.624,11.61,11.624,300,0
VGI.US,5,20210929,194000,11.645,11.645,11.645,11.645,143,0
VGI.US,5,20210929,200000,11.61,11.61,11.61,11.61,100,0
VGI.US,5,20210929,201500,11.61,11.61,11.61,11.61,100,0
VGI.US,5,20210929,203000,11.6101,11.6101,11.61,11.61,1100,0
VGI.US,5,20210929,204000,11.61,11.61,11.61,11.61,100,0
VGI.US,5,20210929,205000,11.61,11.61,11.61,11.61,100,0
VGI.US,5,20210929,205500,11.6,11.6,11.6,11.6,145,0
VGI.US,5,20210929,211000,11.65,11.65,11.65,11.65,100,0
VGI.US,5,20210929,212500,11.6215,11.6215,11.6215,11.6215,251,0
VGI.US,5,20210929,214000,11.61,11.61,11.6,11.6077,5175,0
VGI.US,5,20210929,214500,11.63,11.64,11.63,11.64,1000,0
VGI.US,5,20210929,215000,11.5901,11.5901,11.5901,11.5901,200,0
VGI.US,5,20210929,215500,11.59,11.61,11.59,11.61,489,0
VGI.US,5,20210930,153000,11.63,11.63,11.63,11.63,2137,0
VGI.US,5,20210930,154000,11.7,11.7,11.7,11.7,1200,0
VGI.US,5,20210930,155500,11.685,11.685,11.68,11.68,300,0
VGI.US,5,20210930,160500,11.685,11.685,11.685,11.685,100,0
VGI.US,5,20210930,161500,11.685,11.685,11.685,11.685,100,0
VGI.US,5,20210930,162000,11.685,11.685,11.64,11.64,200,0
VGI.US,5,20210930,162500,11.69,11.69,11.69,11.69,100,0
VGI.US,5,20210930,163500,11.69,11.69,11.69,11.69,370,0
VGI.US,5,20210930,164500,11.6776,11.6776,11.6776,11.6776,200,0
VGI.US,5,20210930,165500,11.64,11.68,11.6,11.6,1200,0
VGI.US,5,20210930,170000,11.69,11.69,11.67,11.67,1040,0
VGI.US,5,20210930,173000,11.61,11.6899,11.61,11.6899,400,0
VGI.US,5,20210930,175000,11.6,11.61,11.6,11.61,200,0
VGI.US,5,20210930,181500,11.6,11.6,11.59,11.59,2188,0
VGI.US,5,20210930,182500,11.61,11.61,11.61,11.61,160,0
VGI.US,5,20210930,183000,11.6101,11.6101,11.6101,11.6101,200,0
VGI.US,5,20210930,184500,11.61,11.61,11.61,11.61,100,0
VGI.US,5,20210930,185500,11.62,11.62,11.61,11.61,800,0
VGI.US,5,20210930,191500,11.62,11.62,11.62,11.62,100,0
VGI.US,5,20210930,195000,11.62,11.621,11.61,11.621,1884,0
VGI.US,5,20210930,201500,11.6635,11.6635,11.6635,11.6635,1073,0
VGI.US,5,20210930,202000,11.62,11.62,11.62,11.62,100,0
VGI.US,5,20210930,204500,11.6497,11.6497,11.6497,11.6497,100,0
VGI.US,5,20210930,205000,11.645,11.645,11.62,11.62,253,0
VGI.US,5,20210930,211500,11.62,11.62,11.62,11.62,404,0
VGI.US,5,20210930,212000,11.61,11.61,11.61,11.61,100,0
VGI.US,5,20210930,214000,11.67,11.67,11.67,11.67,100,0
VGI.US,5,20210930,215000,11.68,11.68,11.6731,11.68,3483,0
VGI.US,5,20210930,215500,11.67,11.77,11.67,11.77,25854,0
VGI.US,5,20211001,153000,11.65,11.7005,11.65,11.692,7098,0
VGI.US,5,20211001,153500,11.7,11.7,11.66,11.7,3000,0
VGI.US,5,20211001,154000,11.69,11.7,11.69,11.7,878,0
VGI.US,5,20211001,154500,11.7,11.7,11.7,11.7,100,0
VGI.US,5,20211001,160000,11.7,11.7,11.7,11.7,400,0
VGI.US,5,20211001,161000,11.7,11.71,11.7,11.71,1000,0
VGI.US,5,20211001,162000,11.79,11.79,11.79,11.79,127,0
VGI.US,5,20211001,163500,11.75,11.76,11.75,11.76,400,0
VGI.US,5,20211001,165000,11.7209,11.7209,11.7209,11.7209,1000,0
VGI.US,5,20211001,165500,11.71,11.735,11.71,11.7103,823,0
VGI.US,5,20211001,170000,11.7292,11.7292,11.7292,11.7292,100,0
VGI.US,5,20211001,171500,11.7,11.7,11.7,11.7,288,0
VGI.US,5,20211001,185500,11.705,11.705,11.705,11.705,500,0
VGI.US,5,20211001,190000,11.705,11.705,11.705,11.705,840,0
VGI.US,5,20211001,191000,11.705,11.7196,11.705,11.7186,2000,0
VGI.US,5,20211001,192000,11.705,11.73,11.705,11.73,3303,0
VGI.US,5,20211001,192500,11.7251,11.7503,11.7251,11.7503,1130,0
VGI.US,5,20211001,194000,11.725,11.725,11.725,11.725,100,0
VGI.US,5,20211001,195000,11.725,11.725,11.725,11.725,500,0
VGI.US,5,20211001,200500,11.7402,11.7402,11.7402,11.7402,1000,0
VGI.US,5,20211001,204000,11.75,11.75,11.75,11.75,107,0
VGI.US,5,20211001,210000,11.725,11.725,11.725,11.725,300,0
VGI.US,5,20211001,211500,11.75,11.75,11.75,11.75,400,0
VGI.US,5,20211001,212500,11.77,11.77,11.77,11.77,270,0
VGI.US,5,20211001,213500,11.76,11.76,11.74,11.74,1882,0
VGI.US,5,20211001,215000,11.77,11.77,11.77,11.77,350,0
VGI.US,5,20211001,215500,11.7712,11.78,11.71,11.76,2425,0
VGI.US,5,20211004,153000,11.75,11.8,11.7135,11.7135,4611,0
VGI.US,5,20211004,153500,11.76,11.76,11.76,11.76,106,0
VGI.US,5,20211004,154000,11.7001,11.7001,11.7001,11.7001,3138,0
VGI.US,5,20211004,154500,11.71,11.71,11.71,11.71,100,0
VGI.US,5,20211004,160000,11.7,11.7,11.7,11.7,100,0
VGI.US,5,20211004,165000,11.73,11.73,11.73,11.73,200,0
VGI.US,5,20211004,170500,11.75,11.75,11.75,11.75,200,0
VGI.US,5,20211004,180000,11.7366,11.75,11.7366,11.75,1220,0
VGI.US,5,20211004,190500,11.7739,11.7739,11.7739,11.7739,300,0
VGI.US,5,20211004,202500,11.77,11.77,11.77,11.77,100,0
VGI.US,5,20211004,210500,11.77,11.77,11.77,11.77,200,0
VGI.US,5,20211004,214500,11.8,11.8,11.8,11.8,118,0
VGI.US,5,20211004,215000,11.785,11.79,11.785,11.79,270,0
VGI.US,5,20211004,215500,11.79,11.85,11.79,11.85,952,0
VGI.US,5,20211005,153000,11.85,11.93,11.85,11.93,2106,0
VGI.US,5,20211005,153500,11.935,11.935,11.92,11.92,700,0
VGI.US,5,20211005,154000,11.9,11.9,11.9,11.9,100,0
VGI.US,5,20211005,160500,11.89,11.8977,11.89,11.89,496,0
VGI.US,5,20211005,162000,11.895,11.9,11.895,11.9,365,0
VGI.US,5,20211005,163000,11.89,11.9,11.89,11.9,200,0
VGI.US,5,20211005,163500,11.895,11.895,11.89,11.89,1600,0
VGI.US,5,20211005,164000,11.87,11.87,11.87,11.87,100,0
VGI.US,5,20211005,175000,11.8895,11.8895,11.88,11.88,2300,0
VGI.US,5,20211005,180000,11.8855,11.89,11.88,11.89,1300,0
VGI.US,5,20211005,180500,11.89,11.89,11.89,11.89,100,0
VGI.US,5,20211005,182000,11.889,11.889,11.889,11.889,610,0
VGI.US,5,20211005,183500,11.89,11.89,11.89,11.89,1200,0
VGI.US,5,20211005,190500,11.88,11.88,11.87,11.87,900,0
VGI.US,5,20211005,192500,11.855,11.855,11.855,11.855,100,0
VGI.US,5,20211005,203500,11.8637,11.8637,11.8637,11.8637,100,0
VGI.US,5,20211005,210500,11.8445,11.855,11.8445,11.8497,740,0
VGI.US,5,20211005,211500,11.86,11.86,11.86,11.86,100,0
VGI.US,5,20211005,215500,11.84,11.84,11.84,11.84,100,0
VGI.US,5,20211006,153000,11.76,11.76,11.76,11.76,4420,0
VGI.US,5,20211006,153500,11.82,11.82,11.82,11.82,100,0
VGI.US,5,20211006,170500,11.83,11.83,11.82,11.82,200,0
VGI.US,5,20211006,174000,11.8,11.8,11.8,11.8,400,0
VGI.US,5,20211006,174500,11.7975,11.83,11.7975,11.83,715,0
VGI.US,5,20211006,175500,11.8195,11.82,11.81,11.81,1000,0
VGI.US,5,20211006,181000,11.85,11.85,11.85,11.85,100,0
VGI.US,5,20211006,182000,11.85,11.85,11.85,11.85,100,0
VGI.US,5,20211006,182500,11.875,11.875,11.875,11.875,500,0
VGI.US,5,20211006,183000,11.89,11.89,11.89,11.89,100,0
VGI.US,5,20211006,185000,11.9,11.9,11.9,11.9,400,0
VGI.US,5,20211006,185500,11.9,11.9,11.9,11.9,422,0
VGI.US,5,20211006,190000,11.88,11.8802,11.83,11.8801,2899,0
VGI.US,5,20211006,192000,11.92,11.92,11.92,11.92,100,0
VGI.US,5,20211006,193500,11.875,11.92,11.875,11.92,700,0
VGI.US,5,20211006,194500,11.92,11.92,11.92,11.92,100,0
VGI.US,5,20211006,201000,11.856,11.856,11.856,11.856,1000,0
VGI.US,5,20211006,202500,11.91,11.91,11.91,11.91,100,0
VGI.US,5,20211006,204000,11.88,11.91,11.857,11.91,2619,0
VGI.US,5,20211006,205000,11.91,11.91,11.91,11.91,100,0
VGI.US,5,20211006,205500,11.91,11.91,11.91,11.91,100,0
VGI.US,5,20211006,210500,11.91,11.91,11.91,11.91,100,0
VGI.US,5,20211006,211000,11.91,11.91,11.91,11.91,100,0
VGI.US,5,20211006,211500,11.91,11.91,11.91,11.91,100,0
VGI.US,5,20211006,212000,11.879,11.879,11.879,11.879,125,0
VGI.US,5,20211006,212500,11.9095,11.9095,11.9095,11.9095,200,0
VGI.US,5,20211006,215000,11.84,11.92,11.84,11.8546,972,0
VGI.US,5,20211006,215500,11.875,11.9,11.84,11.84,877,0
VGI.US,5,20211007,153000,11.87,11.92,11.87,11.92,3346,0
VGI.US,5,20211007,155000,11.9211,11.9211,11.9211,11.9211,100,0
VGI.US,5,20211007,161500,11.9,11.93,11.9,11.93,1200,0
VGI.US,5,20211007,162500,11.92,11.92,11.92,11.92,100,0
VGI.US,5,20211007,170000,11.9,11.9,11.88,11.8804,951,0
VGI.US,5,20211007,172000,11.92,11.92,11.92,11.92,100,0
VGI.US,5,20211007,180000,11.9,11.9,11.89,11.89,500,0
VGI.US,5,20211007,180500,11.88,11.88,11.88,11.88,100,0
VGI.US,5,20211007,181500,11.88,11.89,11.87,11.89,1070,0
VGI.US,5,20211007,182000,11.8873,11.8873,11.8873,11.8873,1500,0
VGI.US,5,20211007,182500,11.88,11.89,11.88,11.89,800,0
VGI.US,5,20211007,183500,11.88,11.89,11.88,11.89,900,0
VGI.US,5,20211007,184000,11.9,11.91,11.9,11.9,800,0
VGI.US,5,20211007,185000,11.91,11.92,11.91,11.92,800,0
VGI.US,5,20211007,185500,11.91,11.92,11.91,11.92,500,0
VGI.US,5,20211007,191500,11.92,11.92,11.92,11.92,225,0
VGI.US,5,20211007,192000,11.9109,11.9183,11.9109,11.9183,600,0
VGI.US,5,20211007,192500,11.9,11.9,11.9,11.9,200,0
VGI.US,5,20211007,193000,11.9,11.9,11.9,11.9,120,0
VGI.US,5,20211007,194000,11.8924,11.8924,11.8924,11.8924,209,0
VGI.US,5,20211007,194500,11.88,11.89,11.88,11.89,600,0
VGI.US,5,20211007,195000,11.9,11.9,11.89,11.89,1100,0
VGI.US,5,20211007,195500,11.89,11.89,11.89,11.89,700,0
VGI.US,5,20211007,200000,11.8578,11.8578,11.8578,11.8578,195,0
VGI.US,5,20211007,202000,11.8606,11.8606,11.8606,11.8606,300,0
VGI.US,5,20211007,210000,11.8713,11.8713,11.8713,11.8713,300,0
VGI.US,5,20211007,212500,11.8642,11.8642,11.8601,11.8601,2650,0
VGI.US,5,20211007,213000,11.86,11.86,11.86,11.86,200,0
VGI.US,5,20211007,213500,11.85,11.85,11.85,11.85,100,0
VGI.US,5,20211007,215000,11.85,11.85,11.85,11.85,100,0
VGI.US,5,20211007,215500,11.87,11.87,11.86,11.87,1393,0
VGI.US,5,20211008,153000,11.76,11.76,11.76,11.76,4241,0
VGI.US,5,20211008,153500,11.76,11.76,11.76,11.76,100,0
VGI.US,5,20211008,154000,11.765,11.765,11.7619,11.7619,1380,0
VGI.US,5,20211008,161000,11.77,11.77,11.7698,11.7698,823,0
VGI.US,5,20211008,170000,11.8038,11.8038,11.8038,11.8038,185,0
VGI.US,5,20211008,172500,11.8006,11.8006,11.8006,11.8006,847,0
VGI.US,5,20211008,173000,11.7906,11.7906,11.7906,11.7906,265,0
VGI.US,5,20211008,173500,11.771,11.771,11.77,11.77,4110,0
VGI.US,5,20211008,180500,11.7914,11.7914,11.7914,11.7914,1274,0
VGI.US,5,20211008,181500,11.78,11.78,11.7477,11.7477,1850,0
VGI.US,5,20211008,182500,11.77,11.77,11.77,11.77,100,0
VGI.US,5,20211008,193000,11.7644,11.7644,11.7644,11.7644,405,0
VGI.US,5,20211008,205000,11.757,11.757,11.757,11.757,330,0
VGI.US,5,20211008,205500,11.8,11.86,11.8,11.84,25122,0
VGI.US,5,20211008,212500,11.8,11.8,11.8,11.8,800,0
VGI.US,5,20211008,213000,11.8,11.8,11.8,11.8,375,0
VGI.US,5,20211008,215500,11.768,11.85,11.75,11.8,1149,0
VGI.US,5,20211011,153000,11.78,11.83,11.78,11.7979,4136,0
VGI.US,5,20211011,154000,11.791,11.791,11.791,11.791,379,0
VGI.US,5,20211011,155500,11.8,11.8,11.79,11.79,500,0
VGI.US,5,20211011,160000,11.79,11.79,11.79,11.79,100,0
VGI.US,5,20211011,160500,11.79,11.79,11.79,11.79,100,0
VGI.US,5,20211011,161000,11.8,11.8,11.8,11.8,100,0
VGI.US,5,20211011,161500,11.8,11.8,11.795,11.795,300,0
VGI.US,5,20211011,162000,11.79,11.79,11.79,11.79,100,0
VGI.US,5,20211011,162500,11.79,11.79,11.79,11.79,300,0
VGI.US,5,20211011,163000,11.785,11.785,11.785,11.785,398,0
VGI.US,5,20211011,163500,11.79,11.79,11.79,11.79,359,0
VGI.US,5,20211011,164000,11.79,11.79,11.7889,11.79,625,0
VGI.US,5,20211011,164500,11.7999,11.7999,11.78,11.78,200,0
VGI.US,5,20211011,165000,11.78,11.7952,11.78,11.78,350,0
VGI.US,5,20211011,165500,11.78,11.7901,11.78,11.7901,490,0
VGI.US,5,20211011,170000,11.77,11.77,11.77,11.77,200,0
VGI.US,5,20211011,170500,11.77,11.77,11.77,11.77,700,0
VGI.US,5,20211011,171000,11.77,11.785,11.77,11.785,755,0
VGI.US,5,20211011,171500,11.77,11.77,11.77,11.77,200,0
VGI.US,5,20211011,172000,11.77,11.7702,11.77,11.7702,2254,0
VGI.US,5,20211011,172500,11.77,11.77,11.77,11.77,200,0
VGI.US,5,20211011,173000,11.785,11.785,11.785,11.785,273,0
VGI.US,5,20211011,173500,11.77,11.77,11.77,11.77,100,0
VGI.US,5,20211011,174000,11.785,11.785,11.7734,11.7734,794,0
VGI.US,5,20211011,175000,11.7997,11.8,11.785,11.785,5471,0
VGI.US,5,20211011,180000,11.785,11.785,11.77,11.77,500,0
VGI.US,5,20211011,180500,11.75,11.7677,11.75,11.7677,264,0
VGI.US,5,20211011,181000,11.7635,11.7635,11.7635,11.7635,419,0
VGI.US,5,20211011,183000,11.76,11.82,11.76,11.82,300,0
VGI.US,5,20211011,184500,11.82,11.82,11.7691,11.7691,600,0
VGI.US,5,20211011,192500,11.82,11.82,11.82,11.82,500,0
VGI.US,5,20211011,193000,11.8196,11.8196,11.8196,11.8196,630,0
VGI.US,5,20211011,194500,11.8192,11.8192,11.8192,11.8192,300,0
VGI.US,5,20211011,201500,11.7557,11.8199,11.75,11.8199,3914,0
VGI.US,5,20211011,202000,11.7546,11.7546,11.7546,11.7546,286,0
VGI.US,5,20211011,204500,11.7505,11.7505,11.7505,11.7505,600,0
VGI.US,5,20211011,205500,11.75,11.75,11.75,11.75,1000,0
VGI.US,5,20211011,211500,11.8198,11.8198,11.8198,11.8198,1000,0
VGI.US,5,20211011,214000,11.81,11.81,11.81,11.81,100,0
VGI.US,5,20211011,215000,11.8114,11.8114,11.8114,11.8114,500,0
VGI.US,5,20211011,215500,11.73,11.73,11.73,11.73,100,0
VGI.US,5,20211012,153000,11.78,11.78,11.78,11.78,3600,0
VGI.US,5,20211012,154000,11.79,11.8036,11.79,11.79,705,0
VGI.US,5,20211012,154500,11.79,11.79,11.79,11.79,100,0
VGI.US,5,20211012,155000,11.78,11.78,11.78,11.78,100,0
VGI.US,5,20211012,160000,11.79,11.79,11.79,11.79,100,0
VGI.US,5,20211012,160500,11.795,11.795,11.795,11.795,100,0
VGI.US,5,20211012,161500,11.79,11.79,11.79,11.79,200,0
VGI.US,5,20211012,164000,11.79,11.79,11.79,11.79,100,0
VGI.US,5,20211012,164500,11.77,11.77,11.77,11.77,100,0
VGI.US,5,20211012,165000,11.8,11.8,11.77,11.77,300,0
VGI.US,5,20211012,165500,11.78,11.78,11.78,11.78,200,0
VGI.US,5,20211012,173000,11.73,11.73,11.73,11.73,506,0
VGI.US,5,20211012,173500,11.72,11.72,11.72,11.72,100,0
VGI.US,5,20211012,174500,11.72,11.72,11.72,11.72,100,0
VGI.US,5,20211012,175000,11.7615,11.7615,11.7615,11.7615,300,0
VGI.US,5,20211012,175500,11.72,11.75,11.72,11.75,208,0
VGI.US,5,20211012,180500,11.78,11.78,11.78,11.78,192,0
VGI.US,5,20211012,215000,11.8014,11.8014,11.8014,11.8014,229,0
VGI.US,5,20211012,215500,11.81,11.81,11.8,11.81,1240,0
VGI.US,5,20211013,153000,11.77,11.77,11.77,11.77,3226,0
VGI.US,5,20211013,155000,11.7928,11.7928,11.72,11.72,780,0
VGI.US,5,20211013,155500,11.72,11.72,11.72,11.72,100,0
VGI.US,5,20211013,162000,11.69,11.73,11.69,11.73,3100,0
VGI.US,5,20211013,162500,11.71,11.71,11.71,11.71,100,0
VGI.US,5,20211013,164000,11.7,11.7,11.69,11.69,200,0
VGI.US,5,20211013,164500,11.73,11.765,11.73,11.765,768,0
VGI.US,5,20211013,165000,11.71,11.73,11.71,11.71,506,0
VGI.US,5,20211013,165500,11.7,11.7,11.7,11.7,100,0
VGI.US,5,20211013,170000,11.71,11.71,11.71,11.71,200,0
VGI.US,5,20211013,171000,11.7,11.7,11.7,11.7,200,0
VGI.US,5,20211013,172000,11.7,11.7,11.7,11.7,300,0
VGI.US,5,20211013,172500,11.7,11.7,11.7,11.7,100,0
VGI.US,5,20211013,173000,11.7,11.7,11.7,11.7,300,0
VGI.US,5,20211013,174000,11.7,11.7,11.7,11.7,100,0
VGI.US,5,20211013,174500,11.7,11.7,11.7,11.7,100,0
VGI.US,5,20211013,175500,11.68,11.68,11.67,11.67,1028,0
VGI.US,5,20211013,183000,11.77,11.77,11.7638,11.7638,935,0
VGI.US,5,20211013,184000,11.7415,11.7415,11.7415,11.7415,1000,0
VGI.US,5,20211013,190000,11.745,11.745,11.745,11.745,510,0
VGI.US,5,20211013,190500,11.76,11.76,11.76,11.76,100,0
VGI.US,5,20211013,192000,11.76,11.76,11.76,11.76,100,0
VGI.US,5,20211013,192500,11.76,11.76,11.76,11.76,100,0
VGI.US,5,20211013,194000,11.7201,11.7201,11.7201,11.7201,201,0
VGI.US,5,20211013,201500,11.7202,11.745,11.7202,11.745,600,0
VGI.US,5,20211013,203000,11.7387,11.7418,11.7387,11.7418,222,0
VGI.US,5,20211013,205000,11.75,11.75,11.75,11.75,500,0
VGI.US,5,20211013,210500,11.75,11.75,11.75,11.75,235,0
VGI.US,5,20211013,211000,11.75,11.75,11.75,11.75,300,0
VGI.US,5,20211013,213000,11.73,11.73,11.72,11.72,957,0
VGI.US,5,20211013,213500,11.72,11.72,11.72,11.72,100,0
VGI.US,5,20211013,214000,11.7,11.7,11.7,11.7,100,0
VGI.US,5,20211013,214500,11.7,11.7,11.7,11.7,100,0
VGI.US,5,20211013,215000,11.71,11.71,11.71,11.71,468,0
VGI.US,5,20211013,215500,11.71,11.75,11.71,11.71,1269,0
VGI.US,5,20211014,153000,11.7,11.73,11.7,11.73,2689,0
VGI.US,5,20211014,155500,11.71,11.71,11.6825,11.6825,1099,0
VGI.US,5,20211014,160000,11.705,11.705,11.705,11.705,100,0
VGI.US,5,20211014,160500,11.71,11.71,11.71,11.71,289,0
VGI.US,5,20211014,161000,11.71,11.71,11.71,11.71,100,0
VGI.US,5,20211014,161500,11.71,11.71,11.71,11.71,100,0
VGI.US,5,20211014,162500,11.69,11.69,11.69,11.69,100,0
VGI.US,5,20211014,163000,11.69,11.69,11.69,11.69,100,0
VGI.US,5,20211014,164000,11.7,11.7,11.7,11.7,100,0
VGI.US,5,20211014,164500,11.7,11.7,11.7,11.7,100,0
VGI.US,5,20211014,165000,11.715,11.715,11.7,11.7,428,0
VGI.US,5,20211014,170000,11.69,11.69,11.69,11.69,100,0
VGI.US,5,20211014,171000,11.69,11.69,11.69,11.69,100,0
VGI.US,5,20211014,171500,11.71,11.71,11.71,11.71,200,0
VGI.US,5,20211014,172500,11.69,11.69,11.69,11.69,100,0
VGI.US,5,20211014,173000,11.71,11.71,11.71,11.71,100,0
VGI.US,5,20211014,174000,11.69,11.71,11.67,11.67,2003,0
VGI.US,5,20211014,174500,11.685,11.7,11.685,11.7,2689,0
VGI.US,5,20211014,175000,11.715,11.715,11.715,11.715,100,0
VGI.US,5,20211014,175500,11.7,11.7,11.7,11.7,100,0
VGI.US,5,20211014,181000,11.7168,11.7168,11.7168,11.7168,100,0
VGI.US,5,20211014,181500,11.7,11.7,11.7,11.7,120,0
VGI.US,5,20211014,183000,11.71,11.725,11.71,11.725,1615,0
VGI.US,5,20211014,184000,11.7298,11.7299,11.7298,11.7299,300,0
VGI.US,5,20211014,185000,11.7208,11.7208,11.7208,11.7208,600,0
VGI.US,5,20211014,190000,11.725,11.725,11.72,11.72,453,0
VGI.US,5,20211014,191000,11.73,11.735,11.73,11.735,1100,0
VGI.US,5,20211014,193500,11.7269,11.73,11.7269,11.7269,529,0
VGI.US,5,20211014,194500,11.7376,11.7376,11.7376,11.7376,300,0
VGI.US,5,20211014,195000,11.735,11.735,11.735,11.735,100,0
VGI.US,5,20211014,200000,11.735,11.735,11.735,11.735,100,0
VGI.US,5,20211014,200500,11.74,11.75,11.74,11.74,420,0
VGI.US,5,20211014,201000,11.73,11.73,11.73,11.73,336,0
VGI.US,5,20211014,201500,11.7211,11.7211,11.7211,11.7211,100,0
VGI.US,5,20211014,202000,11.7204,11.7204,11.7204,11.7204,1331,0
VGI.US,5,20211014,202500,11.725,11.725,11.725,11.725,200,0
VGI.US,5,20211014,203000,11.725,11.725,11.725,11.725,100,0
VGI.US,5,20211014,204500,11.72,11.72,11.72,11.72,100,0
VGI.US,5,20211014,205000,11.72,11.7299,11.72,11.7292,537,0
VGI.US,5,20211014,205500,11.72,11.72,11.72,11.72,117,0
VGI.US,5,20211014,210500,11.725,11.725,11.725,11.725,100,0
VGI.US,5,20211014,211000,11.72,11.73,11.715,11.73,2888,0
VGI.US,5,20211014,214000,11.72,11.72,11.72,11.72,100,0
VGI.US,5,20211014,214500,11.72,11.72,11.71,11.71,200,0
VGI.US,5,20211014,215000,11.72,11.72,11.72,11.72,100,0
VGI.US,5,20211014,215500,11.72,11.72,11.7,11.7,1288,0
VGI.US,5,20211015,153000,11.64,11.68,11.64,11.65,16983,0
VGI.US,5,20211015,153500,11.6699,11.67,11.6699,11.67,4000,0
VGI.US,5,20211015,154000,11.69,11.6903,11.67,11.6799,2528,0
VGI.US,5,20211015,154500,11.67,11.67,11.67,11.67,330,0
VGI.US,5,20211015,155000,11.68,11.68,11.68,11.68,100,0
VGI.US,5,20211015,155500,11.7,11.7,11.7,11.7,100,0
VGI.US,5,20211015,160000,11.695,11.695,11.695,11.695,1000,0
VGI.US,5,20211015,161000,11.695,11.71,11.695,11.71,1221,0
VGI.US,5,20211015,162500,11.7,11.7,11.7,11.7,900,0
VGI.US,5,20211015,163000,11.71,11.71,11.7,11.705,300,0
VGI.US,5,20211015,163500,11.7099,11.7099,11.7099,11.7099,3000,0
VGI.US,5,20211015,164000,11.705,11.705,11.705,11.705,300,0
VGI.US,5,20211015,165000,11.705,11.705,11.705,11.705,100,0
VGI.US,5,20211015,165500,11.7,11.7,11.7,11.7,200,0
VGI.US,5,20211015,170000,11.705,11.705,11.7,11.7,200,0
VGI.US,5,20211015,171000,11.7,11.71,11.7,11.71,500,0
VGI.US,5,20211015,171500,11.7,11.7,11.7,11.7,200,0
VGI.US,5,20211015,172000,11.705,11.705,11.7,11.7,200,0
VGI.US,5,20211015,172500,11.7,11.7,11.7,11.7,100,0
VGI.US,5,20211015,173000,11.7,11.7,11.7,11.7,100,0
VGI.US,5,20211015,173500,11.7,11.7,11.7,11.7,200,0
VGI.US,5,20211015,174000,11.705,11.705,11.705,11.705,200,0
VGI.US,5,20211015,174500,11.7001,11.705,11.7001,11.705,730,0
VGI.US,5,20211015,175000,11.7,11.7,11.7,11.7,200,0
VGI.US,5,20211015,180500,11.705,11.705,11.7,11.7,200,0
VGI.US,5,20211015,181500,11.706,11.706,11.705,11.705,406,0
VGI.US,5,20211015,182500,11.7,11.7,11.7,11.7,100,0
VGI.US,5,20211015,183000,11.71,11.71,11.7,11.7,200,0
VGI.US,5,20211015,183500,11.7042,11.7042,11.7042,11.7042,724,0
VGI.US,5,20211015,184000,11.705,11.705,11.705,11.705,100,0
VGI.US,5,20211015,185000,11.7,11.7061,11.7,11.7061,208,0
VGI.US,5,20211015,185500,11.705,11.71,11.705,11.71,371,0
VGI.US,5,20211015,191000,11.705,11.71,11.705,11.71,500,0
VGI.US,5,20211015,191500,11.705,11.705,11.705,11.705,100,0
VGI.US,5,20211015,192000,11.71,11.71,11.71,11.71,100,0
VGI.US,5,20211015,192500,11.705,11.705,11.705,11.705,100,0
VGI.US,5,20211015,194000,11.71,11.71,11.71,11.71,100,0
VGI.US,5,20211015,195000,11.7,11.7,11.7,11.7,100,0
VGI.US,5,20211015,200000,11.7,11.7,11.7,11.7,100,0
VGI.US,5,20211015,200500,11.71,11.71,11.71,11.71,100,0
VGI.US,5,20211015,201000,11.705,11.705,11.7039,11.7039,391,0
VGI.US,5,20211015,201500,11.705,11.705,11.705,11.705,200,0
VGI.US,5,20211015,203000,11.7,11.7,11.7,11.7,100,0
VGI.US,5,20211015,204000,11.705,11.705,11.7,11.705,1600,0
VGI.US,5,20211015,204500,11.7093,11.7093,11.7093,11.7093,300,0
VGI.US,5,20211015,205000,11.7,11.705,11.7,11.7,2204,0
VGI.US,5,20211015,205500,11.7093,11.71,11.7093,11.71,500,0
VGI.US,5,20211015,210000,11.7011,11.705,11.7001,11.7001,472,0
VGI.US,5,20211015,210500,11.7086,11.7086,11.7086,11.7086,100,0
VGI.US,5,20211015,212000,11.7,11.71,11.7,11.71,565,0
VGI.US,5,20211015,212500,11.7,11.705,11.7,11.705,200,0
VGI.US,5,20211015,213000,11.705,11.705,11.705,11.705,100,0
VGI.US,5,20211015,213500,11.71,11.73,11.705,11.71,1700,0
VGI.US,5,20211015,214000,11.72,11.73,11.71,11.726,1300,0
VGI.US,5,20211015,215000,11.71,11.715,11.71,11.71,1000,0
VGI.US,5,20211015,215500,11.71,11.72,11.7098,11.71,2257,0
VGI.US,5,20211018,153000,11.74,11.74,11.74,11.74,2239,0
VGI.US,5,20211018,160500,11.702,11.702,11.702,11.702,1700,0
VGI.US,5,20211018,161000,11.73,11.74,11.73,11.74,323,0
VGI.US,5,20211018,161500,11.74,11.74,11.74,11.74,197,0
VGI.US,5,20211018,162000,11.74,11.74,11.74,11.74,100,0
VGI.US,5,20211018,164000,11.73,11.75,11.73,11.75,300,0
VGI.US,5,20211018,170500,11.7,11.7,11.7,11.7,300,0
VGI.US,5,20211018,171000,11.7,11.7,11.7,11.7,100,0
VGI.US,5,20211018,171500,11.73,11.73,11.73,11.73,100,0
VGI.US,5,20211018,172000,11.75,11.7504,11.73,11.73,1765,0
VGI.US,5,20211018,172500,11.73,11.73,11.73,11.73,100,0
VGI.US,5,20211018,173000,11.74,11.74,11.74,11.74,100,0
VGI.US,5,20211018,173500,11.74,11.74,11.735,11.735,700,0
VGI.US,5,20211018,174000,11.737,11.74,11.737,11.74,300,0
VGI.US,5,20211018,184000,11.7118,11.7118,11.7118,11.7118,176,0
VGI.US,5,20211018,184500,11.72,11.72,11.72,11.72,172,0
VGI.US,5,20211018,200000,11.7275,11.7275,11.7275,11.7275,300,0
VGI.US,5,20211018,202000,11.72,11.72,11.72,11.72,100,0
VGI.US,5,20211018,202500,11.74,11.74,11.73,11.74,300,0
VGI.US,5,20211018,203000,11.74,11.74,11.74,11.74,1192,0
VGI.US,5,20211018,203500,11.74,11.74,11.74,11.74,300,0
VGI.US,5,20211018,204000,11.75,11.75,11.75,11.75,1260,0
VGI.US,5,20211018,204500,11.75,11.75,11.73,11.73,300,0
VGI.US,5,20211018,205000,11.76,11.76,11.7277,11.76,707,0
VGI.US,5,20211018,205500,11.76,11.76,11.73,11.76,500,0
VGI.US,5,20211018,210000,11.76,11.76,11.73,11.73,500,0
VGI.US,5,20211018,210500,11.76,11.76,11.76,11.76,700,0
VGI.US,5,20211018,211000,11.7582,11.76,11.7246,11.73,1593,0
VGI.US,5,20211018,211500,11.76,11.78,11.76,11.78,600,0
VGI.US,5,20211018,212000,11.78,11.81,11.78,11.81,500,0
VGI.US,5,20211018,212500,11.81,11.81,11.79,11.79,700,0
VGI.US,5,20211018,213000,11.8,11.8,11.75,11.8,900,0
VGI.US,5,20211018,213500,11.79,11.81,11.75,11.81,1100,0
VGI.US,5,20211018,214000,11.81,11.81,11.76,11.81,1788,0
VGI.US,5,20211018,214500,11.81,11.81,11.76,11.81,1400,0
VGI.US,5,20211018,215000,11.76,11.81,11.71,11.81,2146,0
VGI.US,5,20211018,215500,11.81,11.81,11.75,11.76,4184,0
VGI.US,5,20211019,153000,11.76,11.76,11.76,11.76,514,0
VGI.US,5,20211019,153500,11.72,11.72,11.72,11.72,1251,0
VGI.US,5,20211019,154000,11.7749,11.7749,11.7749,11.7749,970,0
VGI.US,5,20211019,154500,11.72,11.72,11.72,11.72,200,0
VGI.US,5,20211019,160000,11.77,11.77,11.77,11.77,1128,0
VGI.US,5,20211019,161500,11.81,11.81,11.81,11.81,279,0
VGI.US,5,20211019,165500,11.7334,11.7334,11.7334,11.7334,100,0
VGI.US,5,20211019,170500,11.7821,11.7821,11.7821,11.7821,1000,0
VGI.US,5,20211019,172500,11.8019,11.8019,11.8019,11.8019,500,0
VGI.US,5,20211019,173000,11.7767,11.7767,11.7767,11.7767,167,0
VGI.US,5,20211019,175500,11.765,11.8,11.765,11.8,200,0
VGI.US,5,20211019,180000,11.8,11.81,11.8,11.81,1089,0
VGI.US,5,20211019,181000,11.805,11.85,11.8,11.8172,1545,0
VGI.US,5,20211019,181500,11.8173,11.8173,11.8173,11.8173,118,0
VGI.US,5,20211019,183500,11.82,11.84,11.72,11.84,18516,0
VGI.US,5,20211019,184000,11.8327,11.8327,11.72,11.72,228,0
VGI.US,5,20211019,185000,11.73,11.84,11.73,11.84,200,0
VGI.US,5,20211019,185500,11.74,11.74,11.74,11.74,100,0
VGI.US,5,20211019,190500,11.74,11.85,11.74,11.85,2020,0
VGI.US,5,20211019,192000,11.79,11.79,11.79,11.79,100,0
VGI.US,5,20211019,192500,11.79,11.79,11.79,11.79,100,0
VGI.US,5,20211019,193500,11.79,11.79,11.79,11.79,100,0
VGI.US,5,20211019,194000,11.79,11.79,11.79,11.79,100,0
VGI.US,5,20211019,195000,11.79,11.79,11.79,11.79,100,0
VGI.US,5,20211019,195500,11.79,11.79,11.79,11.79,100,0
VGI.US,5,20211019,200500,11.79,11.79,11.79,11.79,100,0
VGI.US,5,20211019,201000,11.79,11.79,11.79,11.79,100,0
VGI.US,5,20211019,201500,11.81,11.81,11.81,11.81,400,0
VGI.US,5,20211019,202000,11.81,11.82,11.81,11.82,600,0
VGI.US,5,20211019,202500,11.78,11.79,11.78,11.79,200,0
VGI.US,5,20211019,203500,11.78,11.78,11.78,11.78,100,0
VGI.US,5,20211019,205000,11.78,11.78,11.78,11.78,100,0
VGI.US,5,20211019,210000,11.78,11.78,11.78,11.78,700,0
VGI.US,5,20211019,210500,11.755,11.755,11.755,11.755,100,0
VGI.US,5,20211019,211500,11.72,11.72,11.72,11.72,100,0
VGI.US,5,20211019,212500,11.72,11.72,11.72,11.72,100,0
VGI.US,5,20211019,213000,11.72,11.72,11.72,11.72,100,0
VGI.US,5,20211019,214000,11.72,11.72,11.72,11.72,100,0
VGI.US,5,20211019,214500,11.72,11.72,11.72,11.72,100,0
VGI.US,5,20211019,215000,11.74,11.74,11.74,11.74,100,0
VGI.US,5,20211019,215500,11.79,11.82,11.75,11.75,1546,0
VGI.US,5,20211020,153000,11.8,11.8,11.8,11.8,2414,0
VGI.US,5,20211020,160000,11.8299,11.8299,11.8299,11.8299,1164,0
VGI.US,5,20211020,162500,11.82,11.82,11.82,11.82,100,0
VGI.US,5,20211020,170000,11.82,11.82,11.8188,11.8188,274,0
VGI.US,5,20211020,171000,11.79,11.79,11.79,11.79,200,0
VGI.US,5,20211020,172500,11.8208,11.8208,11.8208,11.8208,300,0
VGI.US,5,20211020,174000,11.775,11.775,11.775,11.775,100,0
VGI.US,5,20211020,180500,11.79,11.79,11.79,11.79,100,0
VGI.US,5,20211020,183000,11.775,11.775,11.775,11.775,100,0
VGI.US,5,20211020,184000,11.755,11.7599,11.755,11.755,500,0
VGI.US,5,20211020,184500,11.75,11.75,11.75,11.75,800,0
VGI.US,5,20211020,185000,11.735,11.735,11.735,11.735,100,0
VGI.US,5,20211020,185500,11.746,11.746,11.746,11.746,400,0
VGI.US,5,20211020,191500,11.735,11.765,11.735,11.765,300,0
VGI.US,5,20211020,193000,11.7394,11.7394,11.7394,11.7394,131,0
VGI.US,5,20211020,194000,11.765,11.765,11.765,11.765,100,0
VGI.US,5,20211020,194500,11.748,11.748,11.748,11.748,436,0
VGI.US,5,20211020,195500,11.7379,11.7379,11.7379,11.7379,100,0
VGI.US,5,20211020,200000,11.755,11.755,11.755,11.755,450,0
VGI.US,5,20211020,200500,11.755,11.7797,11.755,11.755,800,0
VGI.US,5,20211020,201000,11.745,11.745,11.71,11.71,700,0
VGI.US,5,20211020,202500,11.7042,11.7374,11.7042,11.72,1889,0
VGI.US,5,20211020,203000,11.72,11.72,11.72,11.72,3400,0
VGI.US,5,20211020,204500,11.71,11.71,11.71,11.71,200,0
VGI.US,5,20211020,205000,11.71,11.71,11.7,11.7,300,0
VGI.US,5,20211020,210000,11.725,11.725,11.725,11.725,100,0
VGI.US,5,20211020,211500,11.72,11.72,11.72,11.72,100,0
VGI.US,5,20211020,212500,11.725,11.725,11.725,11.725,100,0
VGI.US,5,20211020,214500,11.72,11.72,11.72,11.72,136,0
VGI.US,5,20211020,215000,11.72,11.72,11.72,11.72,100,0
VGI.US,5,20211020,215500,11.725,11.83,11.72,11.83,1273,0
VGI.US,5,20211021,153000,11.81,11.81,11.81,11.81,314,0
VGI.US,5,20211021,154000,11.84,11.84,11.84,11.84,100,0
VGI.US,5,20211021,154500,11.84,11.84,11.84,11.84,100,0
VGI.US,5,20211021,155000,11.84,11.84,11.84,11.84,100,0
VGI.US,5,20211021,155500,11.84,11.84,11.84,11.84,200,0
VGI.US,5,20211021,160000,11.84,11.84,11.84,11.84,100,0
VGI.US,5,20211021,160500,11.83,11.83,11.83,11.83,100,0
VGI.US,5,20211021,161000,11.83,11.83,11.83,11.83,100,0
VGI.US,5,20211021,161500,11.84,11.84,11.84,11.84,100,0
VGI.US,5,20211021,162000,11.84,11.86,11.81,11.86,4465,0
VGI.US,5,20211021,162500,11.815,11.86,11.815,11.86,400,0
VGI.US,5,20211021,163000,11.87,11.87,11.825,11.825,200,0
VGI.US,5,20211021,163500,11.825,11.825,11.825,11.825,200,0
VGI.US,5,20211021,164000,11.825,11.825,11.825,11.825,200,0
VGI.US,5,20211021,164500,11.84,11.86,11.84,11.86,500,0
VGI.US,5,20211021,165000,11.86,11.87,11.86,11.86,450,0
VGI.US,5,20211021,165500,11.85,11.86,11.84,11.85,1266,0
VGI.US,5,20211021,170000,11.82,11.82,11.82,11.82,200,0
VGI.US,5,20211021,170500,11.82,11.82,11.82,11.82,100,0
VGI.US,5,20211021,171500,11.82,11.82,11.82,11.82,100,0
VGI.US,5,20211021,172500,11.82,11.82,11.82,11.82,100,0
VGI.US,5,20211021,173000,11.83,11.83,11.83,11.83,200,0
VGI.US,5,20211021,174000,11.83,11.83,11.83,11.83,100,0
VGI.US,5,20211021,174500,11.83,11.835,11.8226,11.835,2130,0
VGI.US,5,20211021,175000,11.85,11.85,11.835,11.835,400,0
VGI.US,5,20211021,175500,11.835,11.85,11.835,11.85,200,0
VGI.US,5,20211021,180000,11.85,11.8799,11.8497,11.85,5190,0
VGI.US,5,20211021,180500,11.85,11.85,11.85,11.85,100,0
VGI.US,5,20211021,181000,11.85,11.85,11.8221,11.8221,1419,0
VGI.US,5,20211021,182000,11.85,11.85,11.85,11.85,200,0
VGI.US,5,20211021,182500,11.85,11.88,11.85,11.88,1231,0
VGI.US,5,20211021,183000,11.85,11.85,11.85,11.85,200,0
VGI.US,5,20211021,184000,11.85,11.85,11.85,11.85,200,0
VGI.US,5,20211021,184500,11.85,11.85,11.85,11.85,200,0
VGI.US,5,20211021,185000,11.85,11.85,11.85,11.85,100,0
VGI.US,5,20211021,185500,11.85,11.85,11.85,11.85,200,0
VGI.US,5,20211021,191000,11.835,11.835,11.8219,11.8219,490,0
VGI.US,5,20211021,192000,11.835,11.835,11.835,11.835,100,0
VGI.US,5,20211021,192500,11.83,11.88,11.83,11.8494,11000,0
VGI.US,5,20211021,193000,11.88,11.88,11.88,11.88,200,0
VGI.US,5,20211021,193500,11.88,11.89,11.88,11.89,200,0
VGI.US,5,20211021,194000,11.89,11.89,11.89,11.89,200,0
VGI.US,5,20211021,194500,11.86,11.86,11.86,11.86,100,0
VGI.US,5,20211021,195500,11.89,11.89,11.845,11.845,300,0
VGI.US,5,20211021,201000,11.86,11.86,11.845,11.86,300,0
VGI.US,5,20211021,202000,11.84,11.85,11.84,11.85,200,0
VGI.US,5,20211021,202500,11.85,11.85,11.85,11.85,100,0
VGI.US,5,20211021,203500,11.85,11.85,11.85,11.85,100,0
VGI.US,5,20211021,204000,11.86,11.86,11.86,11.86,700,0
VGI.US,5,20211021,204500,11.8401,11.85,11.84,11.84,5940,0
VGI.US,5,20211021,205500,11.835,11.835,11.83,11.8302,2000,0
VGI.US,5,20211021,210500,11.815,11.815,11.815,11.815,100,0
VGI.US,5,20211021,211000,11.815,11.815,11.815,11.815,100,0
VGI.US,5,20211021,212000,11.815,11.815,11.815,11.815,100,0
VGI.US,5,20211021,212500,11.83,11.83,11.83,11.83,213,0
VGI.US,5,20211021,213000,11.83,11.83,11.82,11.82,200,0
VGI.US,5,20211021,213500,11.83,11.83,11.82,11.82,200,0
VGI.US,5,20211021,214000,11.82,11.82,11.82,11.82,100,0
VGI.US,5,20211021,214500,11.83,11.83,11.82,11.82,200,0
VGI.US,5,20211021,215000,11.83,11.83,11.82,11.83,400,0
VGI.US,5,20211021,215500,11.83,11.83,11.77,11.82,1321,0
VGI.US,5,20211022,153000,11.87,11.87,11.87,11.87,1561,0
VGI.US,5,20211022,154000,11.88,11.88,11.88,11.88,493,0
VGI.US,5,20211022,155500,11.78,11.78,11.78,11.78,112,0
VGI.US,5,20211022,160000,11.88,11.89,11.88,11.89,823,0
VGI.US,5,20211022,160500,11.87,11.87,11.87,11.87,400,0
VGI.US,5,20211022,162000,11.865,11.875,11.8501,11.8501,10960,0
VGI.US,5,20211022,162500,11.8504,11.8504,11.8501,11.8501,8561,0
VGI.US,5,20211022,163000,11.88,11.88,11.875,11.88,500,0
VGI.US,5,20211022,163500,11.88,11.88,11.87,11.87,700,0
VGI.US,5,20211022,164000,11.87,11.87,11.87,11.87,100,0
VGI.US,5,20211022,170000,11.87,11.87,11.87,11.87,200,0
VGI.US,5,20211022,174000,11.87,11.87,11.87,11.87,460,0
VGI.US,5,20211022,174500,11.86,11.87,11.86,11.87,200,0
VGI.US,5,20211022,175000,11.86,11.87,11.86,11.87,200,0
VGI.US,5,20211022,175500,11.86,11.87,11.86,11.87,300,0
VGI.US,5,20211022,180500,11.8502,11.8502,11.8502,11.8502,900,0
VGI.US,5,20211022,181000,11.85,11.85,11.85,11.85,3536,0
VGI.US,5,20211022,185000,11.86,11.86,11.86,11.86,1275,0
VGI.US,5,20211022,185500,11.86,11.86,11.86,11.86,100,0
VGI.US,5,20211022,190500,11.86,11.86,11.86,11.86,600,0
VGI.US,5,20211022,191000,11.85,11.85,11.85,11.85,4564,0
VGI.US,5,20211022,205500,11.86,11.86,11.86,11.86,200,0
VGI.US,5,20211022,210500,11.85,11.86,11.85,11.86,507,0
VGI.US,5,20211022,211000,11.86,11.86,11.85,11.86,800,0
VGI.US,5,20211022,212000,11.86,11.86,11.86,11.86,200,0
VGI.US,5,20211022,212500,11.86,11.86,11.85,11.85,200,0
VGI.US,5,20211022,213000,11.86,11.86,11.86,11.86,200,0
VGI.US,5,20211022,213500,11.86,11.86,11.86,11.86,300,0
VGI.US,5,20211022,214000,11.86,11.86,11.86,11.86,200,0
VGI.US,5,20211022,214500,11.86,11.86,11.86,11.86,700,0
VGI.US,5,20211022,215000,11.86,11.86,11.855,11.86,700,0
VGI.US,5,20211022,215500,11.86,11.86,11.86,11.86,3143,0
VGI.US,5,20211025,153000,11.89,11.89,11.89,11.89,511,0
VGI.US,5,20211025,155500,11.87,11.87,11.87,11.87,300,0
VGI.US,5,20211025,160500,11.875,11.875,11.875,11.875,100,0
VGI.US,5,20211025,162000,11.86,11.86,11.86,11.86,400,0
VGI.US,5,20211025,163500,11.8702,11.88,11.87,11.8785,2200,0
VGI.US,5,20211025,165000,11.87,11.87,11.87,11.87,200,0
VGI.US,5,20211025,165500,11.89,11.89,11.89,11.89,100,0
VGI.US,5,20211025,173500,11.8802,11.885,11.8702,11.8702,3400,0
VGI.US,5,20211025,180500,11.8892,11.8892,11.8892,11.8892,2000,0
VGI.US,5,20211025,181500,11.88,11.8841,11.87,11.875,1520,0
VGI.US,5,20211025,182500,11.8899,11.8899,11.87,11.87,3600,0
VGI.US,5,20211025,192500,11.84,11.84,11.8,11.8,1000,0
VGI.US,5,20211025,194000,11.8076,11.8076,11.8076,11.8076,500,0
VGI.US,5,20211025,203500,11.7601,11.7601,11.7601,11.7601,3990,0
VGI.US,5,20211025,204500,11.79,11.79,11.7617,11.7617,432,0
VGI.US,5,20211025,210000,11.77,11.77,11.77,11.77,300,0
VGI.US,5,20211025,214000,11.78,11.78,11.78,11.78,100,0
VGI.US,5,20211025,215500,11.78,11.82,11.74,11.82,600,0
VGI.US,5,20211026,153000,11.86,11.86,11.86,11.86,1050,0
VGI.US,5,20211026,155000,11.86,11.86,11.86,11.86,100,0
VGI.US,5,20211026,155500,11.855,11.855,11.85,11.8502,1200,0
VGI.US,5,20211026,161000,11.85,11.85,11.85,11.85,172,0
VGI.US,5,20211026,162000,11.85,11.85,11.85,11.85,600,0
VGI.US,5,20211026,163500,11.85,11.85,11.85,11.85,100,0
VGI.US,5,20211026,164000,11.85,11.85,11.8416,11.8416,500,0
VGI.US,5,20211026,164500,11.841,11.85,11.841,11.85,8400,0
VGI.US,5,20211026,165000,11.85,11.85,11.85,11.85,100,0
VGI.US,5,20211026,171000,11.85,11.85,11.85,11.85,100,0
VGI.US,5,20211026,181000,11.8376,11.85,11.8376,11.85,1852,0
VGI.US,5,20211026,182000,11.83,11.83,11.82,11.82,599,0
VGI.US,5,20211026,182500,11.82,11.82,11.82,11.82,100,0
VGI.US,5,20211026,183000,11.8198,11.8198,11.8,11.8,2200,0
VGI.US,5,20211026,185000,11.795,11.795,11.795,11.795,100,0
VGI.US,5,20211026,203000,11.795,11.84,11.795,11.84,5900,0
VGI.US,5,20211026,211500,11.79,11.79,11.79,11.79,100,0
VGI.US,5,20211026,215000,11.805,11.805,11.805,11.805,100,0
VGI.US,5,20211026,215500,11.8399,11.84,11.77,11.79,1850,0
VGI.US,5,20211027,153000,11.83,11.88,11.83,11.88,3804,0
VGI.US,5,20211027,154000,11.82,11.82,11.82,11.82,252,0
VGI.US,5,20211027,163000,11.89,11.89,11.89,11.89,100,0
VGI.US,5,20211027,163500,11.8712,11.8712,11.8601,11.8601,207,0
VGI.US,5,20211027,164500,11.89,11.89,11.89,11.89,100,0
VGI.US,5,20211027,165000,11.89,11.89,11.89,11.89,100,0
VGI.US,5,20211027,165500,11.8601,11.8601,11.86,11.86,4592,0
VGI.US,5,20211027,170000,11.8567,11.86,11.8567,11.86,1704,0
VGI.US,5,20211027,172500,11.845,11.845,11.845,11.845,650,0
VGI.US,5,20211027,174000,11.87,11.87,11.87,11.87,100,0
VGI.US,5,20211027,175500,11.87,11.87,11.87,11.87,100,0
VGI.US,5,20211027,181500,11.87,11.87,11.87,11.87,100,0
VGI.US,5,20211027,183000,11.8232,11.8232,11.8232,11.8232,100,0
VGI.US,5,20211027,183500,11.87,11.87,11.87,11.87,100,0
VGI.US,5,20211027,185500,11.87,11.87,11.87,11.87,100,0
VGI.US,5,20211027,192000,11.87,11.87,11.87,11.87,100,0
VGI.US,5,20211027,194000,11.87,11.87,11.87,11.87,100,0
VGI.US,5,20211027,195500,11.845,11.87,11.845,11.845,2000,0
VGI.US,5,20211027,200000,11.87,11.87,11.845,11.845,599,0
VGI.US,5,20211027,201000,11.845,11.845,11.845,11.845,1500,0
VGI.US,5,20211027,202500,11.845,11.845,11.845,11.845,100,0
VGI.US,5,20211027,204000,11.845,11.845,11.845,11.845,100,0
VGI.US,5,20211027,205500,11.845,11.845,11.845,11.845,100,0
VGI.US,5,20211027,212000,11.82,11.82,11.82,11.82,100,0
VGI.US,5,20211027,214000,11.742,11.742,11.742,11.742,600,0
VGI.US,5,20211027,214500,11.7578,11.7578,11.746,11.746,600,0
VGI.US,5,20211027,215000,11.86,11.86,11.7439,11.86,600,0
VGI.US,5,20211027,215500,11.87,11.87,11.86,11.86,574,0
VGI.US,5,20211028,153000,11.89,11.89,11.89,11.89,2948,0
VGI.US,5,20211028,155500,11.7902,11.7902,11.7902,11.7902,2000,0
VGI.US,5,20211028,160000,11.7901,11.7901,11.7901,11.7901,6000,0
VGI.US,5,20211028,160500,11.88,11.88,11.88,11.88,100,0
VGI.US,5,20211028,162000,11.88,11.8806,11.88,11.8806,500,0
VGI.US,5,20211028,163500,11.8899,11.89,11.8899,11.89,290,0
VGI.US,5,20211028,165500,11.8999,11.8999,11.8999,11.8999,400,0
VGI.US,5,20211028,170500,11.9,11.9,11.9,11.9,100,0
VGI.US,5,20211028,171000,11.9,11.9,11.9,11.9,100,0
VGI.US,5,20211028,172000,11.88,11.88,11.86,11.8602,1400,0
VGI.US,5,20211028,174000,11.89,11.89,11.89,11.89,100,0
VGI.US,5,20211028,174500,11.8207,11.8207,11.8207,11.8207,1000,0
VGI.US,5,20211028,175000,11.88,11.88,11.88,11.88,100,0
VGI.US,5,20211028,175500,11.86,11.86,11.86,11.86,205,0
VGI.US,5,20211028,180000,11.89,11.89,11.89,11.89,100,0
VGI.US,5,20211028,180500,11.88,11.88,11.88,11.88,100,0
VGI.US,5,20211028,182500,11.9,11.9,11.9,11.9,200,0
VGI.US,5,20211028,184000,11.8274,11.8274,11.8274,11.8274,500,0
VGI.US,5,20211028,185000,11.9,11.9,11.9,11.9,100,0
VGI.US,5,20211028,192000,11.9,11.9,11.9,11.9,100,0
VGI.US,5,20211028,193500,11.8881,11.8881,11.8881,11.8881,100,0
VGI.US,5,20211028,194500,11.9,11.9,11.86,11.86,1500,0
VGI.US,5,20211028,195500,11.8201,11.8201,11.8201,11.8201,600,0
VGI.US,5,20211028,200000,11.86,11.86,11.86,11.86,500,0
VGI.US,5,20211028,201500,11.89,11.89,11.89,11.89,100,0
VGI.US,5,20211028,202500,11.8989,11.8989,11.8989,11.8989,850,0
VGI.US,5,20211028,203500,11.8992,11.8992,11.8992,11.8992,100,0
VGI.US,5,20211028,204000,11.9,11.9,11.8898,11.8898,626,0
VGI.US,5,20211028,205000,11.8424,11.8523,11.8424,11.8523,650,0
VGI.US,5,20211028,205500,11.9,11.9,11.9,11.9,100,0
VGI.US,5,20211028,213500,11.845,11.845,11.8,11.8,896,0
VGI.US,5,20211028,215500,11.845,11.85,11.845,11.85,316,0
VGI.US,5,20211029,153000,11.87,11.87,11.87,11.87,1012,0
VGI.US,5,20211029,162000,11.815,11.815,11.815,11.815,500,0
VGI.US,5,20211029,170000,11.8401,11.8401,11.8401,11.8401,990,0
VGI.US,5,20211029,170500,11.8665,11.8665,11.8665,11.8665,500,0
VGI.US,5,20211029,171500,11.865,11.87,11.865,11.87,200,0
VGI.US,5,20211029,174000,11.86,11.86,11.86,11.86,954,0
VGI.US,5,20211029,174500,11.87,11.87,11.87,11.87,107,0
VGI.US,5,20211029,175000,11.87,11.87,11.87,11.87,100,0
VGI.US,5,20211029,175500,11.8403,11.8403,11.84,11.84,817,0
VGI.US,5,20211029,180000,11.87,11.87,11.87,11.87,300,0
VGI.US,5,20211029,182000,11.84,11.84,11.8102,11.8102,1341,0
VGI.US,5,20211029,184500,11.86,11.86,11.86,11.86,100,0
VGI.US,5,20211029,190000,11.85,11.86,11.85,11.86,200,0
VGI.US,5,20211029,191500,11.8522,11.8522,11.8522,11.8522,100,0
VGI.US,5,20211029,193000,11.85,11.86,11.85,11.86,600,0
VGI.US,5,20211029,195500,11.81,11.81,11.81,11.81,213,0
VGI.US,5,20211029,200500,11.8675,11.8675,11.8675,11.8675,2621,0
VGI.US,5,20211029,204500,11.81,11.81,11.81,11.81,200,0
VGI.US,5,20211029,212000,11.81,11.81,11.81,11.81,100,0
VGI.US,5,20211029,212500,11.815,11.815,11.815,11.815,100,0
VGI.US,5,20211029,213500,11.81,11.85,11.81,11.8498,600,0
VGI.US,5,20211029,214000,11.82,11.82,11.82,11.82,100,0
VGI.US,5,20211029,214500,11.81,11.82,11.81,11.81,500,0
VGI.US,5,20211029,215000,11.8144,11.8144,11.8144,11.8144,200,0
VGI.US,5,20211029,215500,11.81,11.85,11.81,11.83,1225,0
VGI.US,5,20211101,143000,11.88,11.88,11.84,11.84,2166,0
VGI.US,5,20211101,150000,11.87,11.87,11.87,11.87,2200,0
VGI.US,5,20211101,151500,11.89,11.9,11.89,11.9,1107,0
VGI.US,5,20211101,153500,11.85,11.85,11.8402,11.8402,2168,0
VGI.US,5,20211101,155000,11.8903,11.8903,11.8903,11.8903,110,0
VGI.US,5,20211101,155500,11.8604,11.8604,11.8604,11.8604,100,0
VGI.US,5,20211101,163500,11.85,11.85,11.84,11.84,465,0
VGI.US,5,20211101,165000,11.8945,11.8945,11.8945,11.8945,680,0
VGI.US,5,20211101,170500,11.8762,11.8762,11.8762,11.8762,300,0
VGI.US,5,20211101,171000,11.87,11.87,11.87,11.87,500,0
VGI.US,5,20211101,174500,11.9,11.9,11.89,11.89,400,0
VGI.US,5,20211101,181000,11.8934,11.8934,11.8934,11.8934,7000,0
VGI.US,5,20211101,185500,11.84,11.84,11.84,11.84,100,0
VGI.US,5,20211101,190500,11.84,11.84,11.84,11.84,100,0
VGI.US,5,20211101,191500,11.84,11.84,11.84,11.84,100,0
VGI.US,5,20211101,192500,11.84,11.8939,11.84,11.8939,600,0
VGI.US,5,20211101,193500,11.84,11.84,11.84,11.84,100,0
VGI.US,5,20211101,194000,11.84,11.84,11.84,11.84,100,0
VGI.US,5,20211101,194500,11.8409,11.89,11.8409,11.89,843,0
VGI.US,5,20211101,195000,11.84,11.84,11.84,11.84,100,0
VGI.US,5,20211101,200500,11.84,11.84,11.84,11.84,100,0
VGI.US,5,20211101,201000,11.892,11.892,11.892,11.892,178,0
VGI.US,5,20211101,201500,11.84,11.84,11.84,11.84,100,0
VGI.US,5,20211101,202000,11.84,11.84,11.84,11.84,200,0
VGI.US,5,20211101,202500,11.87,11.8996,11.84,11.84,1310,0
VGI.US,5,20211101,204500,11.84,11.84,11.84,11.84,100,0
VGI.US,5,20211101,205000,11.84,11.895,11.84,11.895,325,0
VGI.US,5,20211101,205500,11.89,11.9,11.89,11.9,736,0
VGI.US,5,20211102,143000,11.87,11.87,11.87,11.87,731,0
VGI.US,5,20211102,143500,11.9,11.9,11.9,11.9,100,0
VGI.US,5,20211102,144000,11.9,11.9,11.8985,11.8985,244,0
VGI.US,5,20211102,144500,11.9,11.9,11.9,11.9,200,0
VGI.US,5,20211102,145000,11.9,11.9,11.9,11.9,300,0
VGI.US,5,20211102,150000,11.9,11.9447,11.89,11.89,2219,0
VGI.US,5,20211102,150500,11.89,11.89,11.89,11.89,300,0
VGI.US,5,20211102,151000,11.89,11.89,11.89,11.89,200,0
VGI.US,5,20211102,152000,11.91,11.9493,11.91,11.9493,445,0
VGI.US,5,20211102,152500,11.91,11.91,11.91,11.91,1000,0
VGI.US,5,20211102,153000,11.94,11.9701,11.91,11.9701,5612,0
VGI.US,5,20211102,153500,12,12.02,11.975,12,4637,0
VGI.US,5,20211102,154000,12.01,12.01,12.0001,12.0001,854,0
VGI.US,5,20211102,154500,12.05,12.05,12,12.025,1200,0
VGI.US,5,20211102,155500,12.05,12.05,12.05,12.05,100,0
VGI.US,5,20211102,160000,12.05,12.05,12.05,12.05,200,0
VGI.US,5,20211102,160500,12.01,12.01,12,12.01,4099,0
VGI.US,5,20211102,161500,12,12,12,12,200,0
VGI.US,5,20211102,162000,12,12,12,12,200,0
VGI.US,5,20211102,163000,12,12,12,12,404,0
VGI.US,5,20211102,164000,12,12,12,12,200,0
VGI.US,5,20211102,164500,12,12,12,12,200,0
VGI.US,5,20211102,165000,12.0403,12.0403,12,12,1005,0
VGI.US,5,20211102,170000,12,12,12,12,200,0
VGI.US,5,20211102,170500,12,12,12,12,300,0
VGI.US,5,20211102,171000,11.975,11.975,11.975,11.975,100,0
VGI.US,5,20211102,171500,11.95,11.96,11.95,11.95,1000,0
VGI.US,5,20211102,173000,11.95,11.95,11.95,11.95,100,0
VGI.US,5,20211102,173500,11.95,11.95,11.95,11.95,100,0
VGI.US,5,20211102,174000,11.95,11.95,11.95,11.95,100,0
VGI.US,5,20211102,174500,11.95,11.95,11.95,11.95,100,0
VGI.US,5,20211102,175000,11.95,11.95,11.95,11.95,200,0
VGI.US,5,20211102,175500,11.95,11.95,11.95,11.95,100,0
VGI.US,5,20211102,180000,11.95,11.95,11.95,11.95,100,0
VGI.US,5,20211102,180500,11.894,11.95,11.894,11.95,3960,0
VGI.US,5,20211102,181000,11.925,11.925,11.925,11.925,200,0
VGI.US,5,20211102,182000,11.95,11.95,11.95,11.95,100,0
VGI.US,5,20211102,182500,11.91,11.95,11.9,11.95,300,0
VGI.US,5,20211102,183000,11.95,11.95,11.95,11.95,200,0
VGI.US,5,20211102,183500,11.95,11.95,11.95,11.95,100,0
VGI.US,5,20211102,184000,11.95,11.95,11.95,11.95,100,0
VGI.US,5,20211102,184500,11.95,11.95,11.95,11.95,300,0
VGI.US,5,20211102,185000,11.95,11.95,11.95,11.95,421,0
VGI.US,5,20211102,185500,11.94,11.94,11.94,11.94,100,0
VGI.US,5,20211102,190000,11.94,11.94,11.94,11.94,100,0
VGI.US,5,20211102,190500,11.94,11.94,11.94,11.94,100,0
VGI.US,5,20211102,191000,11.94,11.94,11.94,11.94,100,0
VGI.US,5,20211102,191500,11.92,11.94,11.92,11.94,340,0
VGI.US,5,20211102,192000,11.94,11.94,11.94,11.94,100,0
VGI.US,5,20211102,192500,11.94,11.94,11.94,11.94,100,0
VGI.US,5,20211102,193000,11.94,11.94,11.94,11.94,100,0
VGI.US,5,20211102,193500,11.94,11.94,11.9354,11.94,600,0
VGI.US,5,20211102,194000,11.94,11.94,11.94,11.94,100,0
VGI.US,5,20211102,194500,11.94,11.94,11.94,11.94,100,0
VGI.US,5,20211102,195000,11.94,11.94,11.94,11.94,200,0
VGI.US,5,20211102,195500,11.94,11.94,11.94,11.94,100,0
VGI.US,5,20211102,200000,11.94,11.94,11.92,11.92,200,0
VGI.US,5,20211102,201000,11.94,11.94,11.92,11.92,200,0
VGI.US,5,20211102,202000,11.92,11.92,11.92,11.92,100,0
VGI.US,5,20211102,202500,11.93,11.93,11.93,11.93,100,0
VGI.US,5,20211102,203000,11.92,11.92,11.92,11.92,100,0
VGI.US,5,20211102,203500,11.92,11.92,11.92,11.92,100,0
VGI.US,5,20211102,204000,11.9326,11.94,11.92,11.94,300,0
VGI.US,5,20211102,204500,11.92,11.93,11.92,11.93,300,0
VGI.US,5,20211102,205000,11.93,11.93,11.93,11.93,100,0
VGI.US,5,20211102,205500,11.93,11.94,11.9,11.92,1001,0
VGI.US,5,20211103,143000,11.95,11.95,11.95,11.95,785,0
VGI.US,5,20211103,150000,12.0186,12.0186,12.0186,12.0186,1680,0
VGI.US,5,20211103,154500,11.985,11.985,11.985,11.985,125,0
VGI.US,5,20211103,161000,11.9694,11.9694,11.9694,11.9694,977,0
VGI.US,5,20211103,162000,11.92,11.92,11.92,11.92,100,0
VGI.US,5,20211103,163000,11.92,11.92,11.92,11.92,100,0
VGI.US,5,20211103,163500,11.94,11.94,11.94,11.94,150,0
VGI.US,5,20211103,164000,11.923,11.948,11.9204,11.948,900,0
VGI.US,5,20211103,165500,11.9867,11.9867,11.9867,11.9867,200,0
VGI.US,5,20211103,170500,11.88,11.88,11.88,11.88,100,0
VGI.US,5,20211103,171500,11.89,11.89,11.89,11.89,100,0
VGI.US,5,20211103,173000,12,12.05,11.94,12.05,1000,0
VGI.US,5,20211103,173500,12.02,12.05,12.02,12.05,800,0
VGI.US,5,20211103,174000,12.05,12.0698,12.05,12.0698,1705,0
VGI.US,5,20211103,175500,12,12,12,12,100,0
VGI.US,5,20211103,181000,11.96,11.96,11.96,11.96,100,0
VGI.US,5,20211103,182000,11.9944,11.9944,11.95,11.95,600,0
VGI.US,5,20211103,182500,11.97,11.9764,11.9699,11.9764,4650,0
VGI.US,5,20211103,184000,11.954,11.954,11.95,11.95,627,0
VGI.US,5,20211103,185000,11.9,11.9,11.9,11.9,100,0
VGI.US,5,20211103,191500,11.84,11.84,11.84,11.84,100,0
VGI.US,5,20211103,192000,11.9499,11.9499,11.83,11.83,500,0
VGI.US,5,20211103,192500,11.83,11.83,11.83,11.83,100,0
VGI.US,5,20211103,193500,11.84,11.84,11.84,11.84,100,0
VGI.US,5,20211103,195500,11.9,11.9,11.9,11.9,100,0
VGI.US,5,20211103,200000,11.9,11.9,11.9,11.9,100,0
VGI.US,5,20211103,201000,11.9,11.9,11.9,11.9,100,0
VGI.US,5,20211103,201500,11.9,11.9,11.9,11.9,100,0
VGI.US,5,20211103,202000,11.9,11.925,11.84,11.84,2179,0
VGI.US,5,20211103,202500,11.85,11.85,11.85,11.85,100,0
VGI.US,5,20211103,203500,11.85,11.85,11.85,11.85,100,0
VGI.US,5,20211103,204000,11.87,11.87,11.87,11.87,100,0
VGI.US,5,20211103,204500,11.87,11.87,11.86,11.86,200,0
VGI.US,5,20211103,205000,11.89,11.89,11.89,11.89,100,0
VGI.US,5,20211103,205500,11.86,11.91,11.86,11.91,805,0
VGI.US,5,20211104,143000,11.94,11.94,11.94,11.94,498,0
VGI.US,5,20211104,153500,11.915,11.9399,11.915,11.9399,4110,0
VGI.US,5,20211104,154000,11.9337,11.9337,11.915,11.915,533,0
VGI.US,5,20211104,162000,11.912,11.912,11.912,11.912,325,0
VGI.US,5,20211104,163500,11.8581,11.91,11.8581,11.91,404,0
VGI.US,5,20211104,164500,11.9141,11.9141,11.9141,11.9141,990,0
VGI.US,5,20211104,165000,11.885,11.885,11.885,11.885,1000,0
VGI.US,5,20211104,170500,11.875,11.875,11.875,11.875,105,0
VGI.US,5,20211104,171000,11.885,11.885,11.885,11.885,1100,0
VGI.US,5,20211104,175500,11.9,11.9,11.9,11.9,699,0
VGI.US,5,20211104,180000,11.8505,11.8505,11.8505,11.8505,150,0
VGI.US,5,20211104,181500,11.875,11.875,11.875,11.875,200,0
VGI.US,5,20211104,183500,11.8927,11.8927,11.8927,11.8927,150,0
VGI.US,5,20211104,191000,11.8566,11.9174,11.8566,11.9174,3594,0
VGI.US,5,20211104,191500,11.86,11.86,11.85,11.85,329,0
VGI.US,5,20211104,200000,11.86,11.86,11.86,11.86,100,0
VGI.US,5,20211104,201500,11.86,11.86,11.86,11.86,100,0
VGI.US,5,20211104,202500,11.86,11.86,11.86,11.86,200,0
VGI.US,5,20211104,204000,11.87,11.87,11.87,11.87,100,0
VGI.US,5,20211104,204500,11.9149,11.9149,11.9149,11.9149,579,0
VGI.US,5,20211104,205000,11.88,11.88,11.87,11.87,200,0
VGI.US,5,20211104,205500,11.92,11.92,11.87,11.9,674,0
VGI.US,5,20211105,143000,11.86,11.86,11.86,11.86,4395,0
VGI.US,5,20211105,152000,11.915,11.915,11.915,11.915,126,0
VGI.US,5,20211105,153000,11.915,11.915,11.915,11.915,200,0
VGI.US,5,20211105,153500,11.87,11.87,11.87,11.87,100,0
VGI.US,5,20211105,154500,11.915,11.915,11.87,11.87,2200,0
VGI.US,5,20211105,160000,11.87,11.87,11.87,11.87,200,0
VGI.US,5,20211105,160500,11.8694,11.87,11.86,11.86,3310,0
VGI.US,5,20211105,162000,11.87,11.87,11.87,11.87,100,0
VGI.US,5,20211105,162500,11.9699,11.9699,11.86,11.86,400,0
VGI.US,5,20211105,163000,11.8657,11.8657,11.8657,11.8657,965,0
VGI.US,5,20211105,163500,11.86,11.86,11.86,11.86,100,0
VGI.US,5,20211105,164500,11.9614,11.9614,11.9614,11.9614,1000,0
VGI.US,5,20211105,165000,11.87,11.87,11.87,11.87,100,0
VGI.US,5,20211105,165500,11.86,11.86,11.86,11.86,200,0
VGI.US,5,20211105,171000,11.86,11.86,11.86,11.86,200,0
VGI.US,5,20211105,171500,11.88,11.88,11.87,11.87,200,0
VGI.US,5,20211105,172000,11.905,11.905,11.905,11.905,100,0
VGI.US,5,20211105,175500,11.85,11.91,11.85,11.91,815,0
VGI.US,5,20211105,180000,11.86,11.86,11.86,11.86,100,0
VGI.US,5,20211105,181500,11.86,11.91,11.86,11.91,600,0
VGI.US,5,20211105,182500,11.86,11.86,11.86,11.86,100,0
VGI.US,5,20211105,183000,11.91,11.91,11.91,11.91,170,0
VGI.US,5,20211105,183500,11.9,11.9,11.9,11.9,100,0
VGI.US,5,20211105,184500,11.9,11.9,11.9,11.9,100,0
VGI.US,5,20211105,190000,11.9,11.9,11.9,11.9,100,0
VGI.US,5,20211105,191000,11.9,11.9,11.9,11.9,100,0
VGI.US,5,20211105,191500,11.964,11.964,11.964,11.964,750,0
VGI.US,5,20211105,192000,11.9,11.9,11.9,11.9,100,0
VGI.US,5,20211105,193000,11.9,11.9,11.9,11.9,100,0
VGI.US,5,20211105,194500,11.9,11.9,11.9,11.9,100,0
VGI.US,5,20211105,200500,11.85,11.9555,11.85,11.9555,330,0
VGI.US,5,20211105,203000,11.9541,11.9541,11.9541,11.9541,150,0
VGI.US,5,20211105,204500,11.84,11.84,11.84,11.84,200,0
VGI.US,5,20211105,205000,11.84,11.84,11.82,11.82,1069,0
VGI.US,5,20211105,205500,11.825,11.825,11.7556,11.8,1925,0
VGI.US,5,20211108,153000,11.88,11.88,11.88,11.88,1002,0
VGI.US,5,20211108,155000,11.85,11.85,11.85,11.85,325,0
VGI.US,5,20211108,162000,11.99,11.99,11.99,11.99,100,0
VGI.US,5,20211108,162500,11.99,11.99,11.99,11.99,125,0
VGI.US,5,20211108,163000,11.8986,11.8986,11.8986,11.8986,1000,0
VGI.US,5,20211108,163500,11.99,12,11.99,12,255,0
VGI.US,5,20211108,164500,11.9999,11.9999,11.95,11.95,310,0
VGI.US,5,20211108,165000,11.9567,11.99,11.9567,11.99,216,0
VGI.US,5,20211108,165500,11.99,11.99,11.99,11.99,100,0
VGI.US,5,20211108,170000,12,12,12,12,100,0
VGI.US,5,20211108,170500,12,12,12,12,100,0
VGI.US,5,20211108,171000,12,12,12,12,100,0
VGI.US,5,20211108,171500,11.9056,12,11.9056,12,1100,0
VGI.US,5,20211108,172000,11.95,12,11.95,12,390,0
VGI.US,5,20211108,172500,12,12,12,12,100,0
VGI.US,5,20211108,173500,12,12,12,12,100,0
VGI.US,5,20211108,174000,12,12,12,12,100,0
VGI.US,5,20211108,174500,11.9201,12,11.9201,11.99,566,0
VGI.US,5,20211108,175000,12,12,12,12,100,0
VGI.US,5,20211108,175500,12,12,12,12,100,0
VGI.US,5,20211108,180000,12,12,12,12,100,0
VGI.US,5,20211108,181000,12,12,12,12,100,0
VGI.US,5,20211108,181500,12,12,12,12,100,0
VGI.US,5,20211108,182000,12,12,12,12,100,0
VGI.US,5,20211108,183000,12,12,12,12,100,0
VGI.US,5,20211108,183500,12,12,12,12,100,0
VGI.US,5,20211108,184000,11.955,11.955,11.955,11.955,1380,0
VGI.US,5,20211108,184500,12,12,11.9913,11.9913,585,0
VGI.US,5,20211108,185000,12,12,12,12,100,0
VGI.US,5,20211108,190000,12,12,12,12,100,0
VGI.US,5,20211108,190500,11.96,11.96,11.96,11.96,100,0
VGI.US,5,20211108,191000,11.96,11.96,11.96,11.96,100,0
VGI.US,5,20211108,191500,11.96,11.96,11.96,11.96,125,0
VGI.US,5,20211108,192000,12,12,12,12,100,0
VGI.US,5,20211108,193000,12,12,12,12,100,0
VGI.US,5,20211108,193500,11.9887,12,11.9208,12,1360,0
VGI.US,5,20211108,194000,11.935,11.935,11.935,11.935,100,0
VGI.US,5,20211108,195000,11.92,11.92,11.92,11.92,300,0
VGI.US,5,20211108,195500,11.93,11.9498,11.92,11.9498,450,0
VGI.US,5,20211108,201000,11.945,11.945,11.945,11.945,100,0
VGI.US,5,20211108,202000,11.99,11.99,11.99,11.99,100,0
VGI.US,5,20211108,202500,12,12,12,12,100,0
VGI.US,5,20211108,203500,12,12,11.8909,11.8909,560,0
VGI.US,5,20211108,204000,12,12,12,12,200,0
VGI.US,5,20211108,204500,12,12,12,12,100,0
VGI.US,5,20211108,205000,12,12,12,12,124,0
VGI.US,5,20211108,205500,12,12,11.9276,12,700,0
VGI.US,5,20211108,213000,11.99,11.99,11.98,11.98,200,0
VGI.US,5,20211108,213500,11.99,11.99,11.94,11.94,2773,0
VGI.US,5,20211108,214500,11.97,11.972,11.97,11.972,600,0
VGI.US,5,20211108,215000,11.93,11.95,11.93,11.93,300,0
VGI.US,5,20211108,215500,11.95,11.97,11.93,11.93,1032,0
VGI.US,5,20211109,153000,11.97,11.97,11.97,11.97,1293,0
VGI.US,5,20211109,154000,11.8991,11.8991,11.8991,11.8991,671,0
VGI.US,5,20211109,160000,11.99,11.99,11.99,11.99,100,0
VGI.US,5,20211109,161000,11.945,11.945,11.945,11.945,952,0
VGI.US,5,20211109,163500,11.945,11.945,11.945,11.945,2158,0
VGI.US,5,20211109,164500,11.99,11.99,11.99,11.99,100,0
VGI.US,5,20211109,171000,11.99,11.99,11.945,11.945,500,0
VGI.US,5,20211109,175500,11.89,11.89,11.89,11.89,600,0
VGI.US,5,20211109,180500,11.99,12,11.99,12,790,0
VGI.US,5,20211109,182000,11.9999,11.9999,11.9999,11.9999,400,0
VGI.US,5,20211109,183000,11.9999,11.9999,11.9999,11.9999,400,0
VGI.US,5,20211109,185000,11.9891,11.9891,11.9891,11.9891,400,0
VGI.US,5,20211109,194000,11.945,11.945,11.945,11.945,500,0
VGI.US,5,20211109,212000,11.945,11.945,11.945,11.945,400,0
VGI.US,5,20211109,213500,11.89,11.89,11.89,11.89,860,0
VGI.US,5,20211109,214500,11.98,12,11.98,12,890,0
VGI.US,5,20211109,215500,11.9879,12,11.9879,11.99,1159,0
VGI.US,5,20211110,154000,11.91,11.91,11.9,11.9,200,0
VGI.US,5,20211110,154500,11.89,11.89,11.88,11.88,1818,0
VGI.US,5,20211110,155000,11.88,11.88,11.87,11.87,300,0
VGI.US,5,20211110,155500,11.88,11.88,11.86,11.86,800,0
VGI.US,5,20211110,160000,11.99,11.99,11.99,11.99,100,0
VGI.US,5,20211110,160500,11.93,11.93,11.93,11.93,100,0
VGI.US,5,20211110,162000,12,12,12,12,100,0
VGI.US,5,20211110,163000,11.93,11.93,11.93,11.93,100,0
VGI.US,5,20211110,163500,11.99,11.99,11.99,11.99,100,0
VGI.US,5,20211110,165000,11.91,11.93,11.8602,11.93,1998,0
VGI.US,5,20211110,165500,11.99,11.99,11.99,11.99,100,0
VGI.US,5,20211110,170000,11.99,11.99,11.99,11.99,200,0
VGI.US,5,20211110,170500,11.99,11.99,11.99,11.99,100,0
VGI.US,5,20211110,171500,12,12,12,12,100,0
VGI.US,5,20211110,173000,11.99,11.99,11.87,11.87,200,0
VGI.US,5,20211110,180000,11.88,11.9,11.87,11.9,500,0
VGI.US,5,20211110,183500,11.925,11.925,11.925,11.925,100,0
VGI.US,5,20211110,184000,11.925,11.925,11.8,11.8,1800,0
VGI.US,5,20211110,184500,11.7293,11.79,11.7293,11.79,220,0
VGI.US,5,20211110,185000,11.795,11.795,11.795,11.795,100,0
VGI.US,5,20211110,190000,11.85,11.85,11.85,11.85,100,0
VGI.US,5,20211110,191000,11.7501,11.86,11.7501,11.86,300,0
VGI.US,5,20211110,192000,11.86,11.86,11.86,11.86,100,0
VGI.US,5,20211110,192500,11.8104,11.8104,11.8104,11.8104,100,0
VGI.US,5,20211110,193000,11.86,11.86,11.86,11.86,100,0
VGI.US,5,20211110,193500,11.7501,11.7501,11.7501,11.7501,900,0
VGI.US,5,20211110,194000,11.86,11.86,11.86,11.86,100,0
VGI.US,5,20211110,195000,11.86,11.86,11.86,11.86,100,0
VGI.US,5,20211110,195500,11.8466,11.8466,11.8466,11.8466,116,0
VGI.US,5,20211110,200000,11.86,11.86,11.86,11.86,100,0
VGI.US,5,20211110,201500,11.81,11.81,11.81,11.81,464,0
VGI.US,5,20211110,202000,11.86,11.86,11.84,11.84,200,0
VGI.US,5,20211110,202500,11.81,11.81,11.81,11.81,400,0
VGI.US,5,20211110,203000,11.85,11.86,11.85,11.86,300,0
VGI.US,5,20211110,203500,11.85,11.86,11.85,11.86,300,0
VGI.US,5,20211110,204000,11.85,11.85,11.85,11.85,300,0
VGI.US,5,20211110,204500,11.86,11.86,11.86,11.86,400,0
VGI.US,5,20211110,205000,11.86,11.86,11.86,11.86,300,0
VGI.US,5,20211110,205500,11.86,11.86,11.86,11.86,400,0
VGI.US,5,20211110,210000,11.86,11.86,11.86,11.86,300,0
VGI.US,5,20211110,210500,11.86,11.86,11.8489,11.8489,380,0
VGI.US,5,20211110,211000,11.86,11.86,11.86,11.86,300,0
VGI.US,5,20211110,211500,11.85,11.86,11.84,11.86,400,0
VGI.US,5,20211110,212000,11.86,11.86,11.86,11.86,100,0
VGI.US,5,20211110,215500,11.97,11.97,11.97,11.97,180,0
VGI.US,5,20211111,153000,12,12,12,12,1933,0
VGI.US,5,20211111,153500,11.8499,11.8499,11.8499,11.8499,280,0
VGI.US,5,20211111,154500,12.01,12.01,12.01,12.01,100,0
VGI.US,5,20211111,155000,11.87,11.87,11.87,11.87,100,0
VGI.US,5,20211111,155500,11.97,11.97,11.97,11.97,100,0
VGI.US,5,20211111,160500,11.97,11.97,11.97,11.97,100,0
VGI.US,5,20211111,161500,11.98,12,11.98,12,400,0
VGI.US,5,20211111,162000,11.99,11.99,11.99,11.99,100,0
VGI.US,5,20211111,163000,11.99,11.99,11.99,11.99,100,0
VGI.US,5,20211111,164000,11.98,11.98,11.98,11.98,100,0
VGI.US,5,20211111,164500,11.925,11.925,11.925,11.925,517,0
VGI.US,5,20211111,165500,12,12,12,12,100,0
VGI.US,5,20211111,170500,12,12,11.99,11.99,600,0
VGI.US,5,20211111,171000,11.98,11.98,11.97,11.975,700,0
VGI.US,5,20211111,172000,11.96,11.96,11.96,11.96,100,0
VGI.US,5,20211111,173000,11.97,11.97,11.97,11.97,900,0
VGI.US,5,20211111,174500,11.97,11.97,11.97,11.97,100,0
VGI.US,5,20211111,175000,11.95,11.95,11.95,11.95,100,0
VGI.US,5,20211111,180000,11.96,11.96,11.95,11.95,1377,0
VGI.US,5,20211111,182000,11.95,11.95,11.95,11.95,146,0
VGI.US,5,20211111,183000,11.9069,11.9069,11.9069,11.9069,150,0
VGI.US,5,20211111,183500,11.95,11.95,11.95,11.95,100,0
VGI.US,5,20211111,184000,11.925,11.925,11.925,11.925,100,0
VGI.US,5,20211111,190000,11.9,11.93,11.9,11.91,500,0
VGI.US,5,20211111,194000,11.9174,11.93,11.9174,11.925,1700,0
VGI.US,5,20211111,194500,11.92,11.925,11.92,11.92,700,0
VGI.US,5,20211111,195000,11.93,11.95,11.92,11.92,1530,0
VGI.US,5,20211111,195500,11.94,11.94,11.92,11.92,1002,0
VGI.US,5,20211111,201000,11.89,11.8902,11.89,11.8902,388,0
VGI.US,5,20211111,204500,11.8606,11.8757,11.8606,11.8757,595,0
VGI.US,5,20211111,205500,11.8674,11.88,11.86,11.88,2970,0
VGI.US,5,20211111,210500,11.9,11.9,11.9,11.9,300,0
VGI.US,5,20211111,212500,11.86,11.86,11.86,11.86,100,0
VGI.US,5,20211111,213500,11.85,11.8501,11.85,11.8501,1000,0
VGI.US,5,20211111,215500,11.91,11.91,11.86,11.87,976,0
