<TICKER>,<PER>,<DATE>,<TIME>,<OPEN>,<HIGH>,<LOW>,<CLOSE>,<VOL>,<OPENINT>
VSEC.US,5,20210922,153000,45.55,45.55,45.55,45.55,279,0
VSEC.US,5,20210922,153500,45.64,45.67,45.38,45.63,700,0
VSEC.US,5,20210922,161000,45.96,45.96,45.96,45.96,100,0
VSEC.US,5,20210922,163000,45.96,46.02,45.96,46.01,403,0
VSEC.US,5,20210922,163500,45.8,45.8,45.8,45.8,100,0
VSEC.US,5,20210922,171500,46.28,46.3,46.28,46.3,200,0
VSEC.US,5,20210922,172000,46.55,46.82,46.485,46.82,400,0
VSEC.US,5,20210922,172500,46.8,46.8,46.8,46.8,113,0
VSEC.US,5,20210922,173500,47,47,47,47,100,0
VSEC.US,5,20210922,181500,46.74,46.74,46.74,46.74,100,0
VSEC.US,5,20210922,184000,46.74,46.74,46.74,46.74,100,0
VSEC.US,5,20210922,185500,46.69,46.69,46.69,46.69,100,0
VSEC.US,5,20210922,191500,46.46,46.46,46.46,46.46,100,0
VSEC.US,5,20210922,193500,46.44,46.44,46.15,46.15,600,0
VSEC.US,5,20210922,194500,46.29,46.29,46.29,46.29,100,0
VSEC.US,5,20210922,195500,46.39,46.39,46.39,46.39,200,0
VSEC.US,5,20210922,200000,46.3,46.3,46.3,46.3,100,0
VSEC.US,5,20210922,200500,46.3,46.3,46.3,46.3,100,0
VSEC.US,5,20210922,201500,46.48,46.48,46.48,46.48,200,0
VSEC.US,5,20210922,202500,46.59,46.76,46.59,46.66,300,0
VSEC.US,5,20210922,203000,46.66,46.71,46.66,46.71,200,0
VSEC.US,5,20210922,204000,46.57,46.71,46.56,46.71,583,0
VSEC.US,5,20210922,211000,46.6,46.605,46.6,46.605,200,0
VSEC.US,5,20210922,212000,46.74,46.74,46.74,46.74,100,0
VSEC.US,5,20210922,214000,46.635,46.635,46.635,46.635,100,0
VSEC.US,5,20210922,214500,46.66,46.73,46.55,46.55,400,0
VSEC.US,5,20210922,215000,46.49,46.59,46.42,46.45,777,0
VSEC.US,5,20210922,215500,46.4,46.6,46.31,46.49,3172,0
VSEC.US,5,20210923,153000,46.84,46.84,46.84,46.84,178,0
VSEC.US,5,20210923,160000,47.23,47.23,47.19,47.19,200,0
VSEC.US,5,20210923,161000,47.315,47.315,47.3,47.3,200,0
VSEC.US,5,20210923,164000,47.79,47.79,47.79,47.79,400,0
VSEC.US,5,20210923,164500,47.635,47.68,47.1901,47.1901,783,0
VSEC.US,5,20210923,170500,47.65,47.65,47.65,47.65,1000,0
VSEC.US,5,20210923,171000,47.425,47.425,47.425,47.425,100,0
VSEC.US,5,20210923,173500,47.775,47.775,47.75,47.75,200,0
VSEC.US,5,20210923,175500,47.775,47.775,47.775,47.775,100,0
VSEC.US,5,20210923,182000,47.74,47.74,47.74,47.74,100,0
VSEC.US,5,20210923,182500,47.72,47.72,47.72,47.72,100,0
VSEC.US,5,20210923,184000,47.76,47.86,47.71,47.72,1677,0
VSEC.US,5,20210923,185000,47.74,47.755,47.74,47.755,204,0
VSEC.US,5,20210923,191000,47.88,47.88,47.87,47.87,200,0
VSEC.US,5,20210923,191500,48.04,48.04,48.03,48.03,200,0
VSEC.US,5,20210923,192500,48.35,48.35,48.315,48.315,230,0
VSEC.US,5,20210923,193000,48.5,48.5,48.35,48.35,600,0
VSEC.US,5,20210923,194500,48.12,48.12,48.12,48.12,100,0
VSEC.US,5,20210923,195500,48.315,48.315,48.28,48.28,200,0
VSEC.US,5,20210923,200000,48.42,48.42,48.42,48.42,500,0
VSEC.US,5,20210923,200500,48.2,48.2,48.2,48.2,100,0
VSEC.US,5,20210923,202000,48.21,48.36,48.21,48.36,589,0
VSEC.US,5,20210923,203000,48.025,48.025,48.025,48.025,100,0
VSEC.US,5,20210923,203500,48.175,48.175,48.175,48.175,400,0
VSEC.US,5,20210923,204000,48.08,48.08,48.01,48.01,200,0
VSEC.US,5,20210923,204500,48.1,48.1,48.0525,48.0525,200,0
VSEC.US,5,20210923,205000,48.095,48.095,48.095,48.095,662,0
VSEC.US,5,20210923,210000,48.02,48.19,48.02,48.1,300,0
VSEC.US,5,20210923,210500,48.19,48.44,48.13,48.13,1200,0
VSEC.US,5,20210923,211000,48.22,48.22,48.0001,48.0001,595,0
VSEC.US,5,20210923,211500,48.06,48.06,48.06,48.06,100,0
VSEC.US,5,20210923,212000,48.04,48.27,48.04,48.135,600,0
VSEC.US,5,20210923,213500,48.16,48.25,48,48,1025,0
VSEC.US,5,20210923,214000,48.02,48.07,48,48,600,0
VSEC.US,5,20210923,214500,47.94,47.995,47.88,47.88,300,0
VSEC.US,5,20210923,215000,47.79,47.79,47.631,47.631,400,0
VSEC.US,5,20210923,215500,47.72,48.11,47.57,47.88,8954,0
VSEC.US,5,20210924,153000,47.74,47.74,47.74,47.74,151,0
VSEC.US,5,20210924,161000,47.895,47.895,47.895,47.895,100,0
VSEC.US,5,20210924,161500,47.94,47.95,47.94,47.95,200,0
VSEC.US,5,20210924,170000,47.81,47.85,47.8,47.85,700,0
VSEC.US,5,20210924,170500,47.92,47.92,47.92,47.92,100,0
VSEC.US,5,20210924,173000,47.95,48,47.95,48,500,0
VSEC.US,5,20210924,180000,48,48.2,47.98,48.2,500,0
VSEC.US,5,20210924,183000,48.2,48.22,48.2,48.22,426,0
VSEC.US,5,20210924,183500,48.24,48.24,48.21,48.21,200,0
VSEC.US,5,20210924,184000,48.21,48.21,48.21,48.21,100,0
VSEC.US,5,20210924,185000,48.23,48.23,48.23,48.23,500,0
VSEC.US,5,20210924,185500,48.08,48.1,48.045,48.045,300,0
VSEC.US,5,20210924,190000,48.13,48.13,48.13,48.13,100,0
VSEC.US,5,20210924,190500,48.02,48.02,47.93,47.93,200,0
VSEC.US,5,20210924,192500,47.88,47.88,47.88,47.88,100,0
VSEC.US,5,20210924,193500,47.68,47.68,47.68,47.68,100,0
VSEC.US,5,20210924,194000,47.7,47.97,47.7,47.97,400,0
VSEC.US,5,20210924,195000,47.75,48.03,47.75,48.03,479,0
VSEC.US,5,20210924,195500,48.01,48.02,48.01,48.02,200,0
VSEC.US,5,20210924,201000,47.9,47.9,47.9,47.9,100,0
VSEC.US,5,20210924,202500,48.125,48.125,48.125,48.125,100,0
VSEC.US,5,20210924,203500,47.935,48.19,47.9,48.1,1700,0
VSEC.US,5,20210924,204000,48.09,48.13,48.0025,48.0025,300,0
VSEC.US,5,20210924,205500,48.25,48.25,48.25,48.25,100,0
VSEC.US,5,20210924,210500,48.215,48.24,48.215,48.24,200,0
VSEC.US,5,20210924,212500,48.28,48.28,48.28,48.28,100,0
VSEC.US,5,20210924,214500,48.04,48.07,48.04,48.07,300,0
VSEC.US,5,20210924,215000,47.94,47.94,47.935,47.935,300,0
VSEC.US,5,20210924,215500,47.79,47.845,47.63,47.63,3308,0
VSEC.US,5,20210927,153000,47.59,47.59,47.59,47.59,755,0
VSEC.US,5,20210927,155500,48.39,48.39,48.39,48.39,100,0
VSEC.US,5,20210927,160000,48.1,48.1,48.1,48.1,500,0
VSEC.US,5,20210927,161000,48.39,48.47,48.39,48.47,1021,0
VSEC.US,5,20210927,162000,48.71,48.78,48.71,48.78,200,0
VSEC.US,5,20210927,163000,48.78,49.13,48.77,49.13,620,0
VSEC.US,5,20210927,163500,49.01,49.01,48.83,48.83,200,0
VSEC.US,5,20210927,164000,48.73,48.73,48.73,48.73,100,0
VSEC.US,5,20210927,164500,48.63,48.74,48.63,48.74,200,0
VSEC.US,5,20210927,165000,48.76,48.76,48.7,48.7,200,0
VSEC.US,5,20210927,170000,48.86,48.86,48.74,48.74,300,0
VSEC.US,5,20210927,173000,49.14,49.14,49.14,49.14,300,0
VSEC.US,5,20210927,174500,49.19,49.45,49.19,49.45,962,0
VSEC.US,5,20210927,175000,49.36,49.36,49.22,49.22,400,0
VSEC.US,5,20210927,183500,48.92,48.92,48.92,48.92,100,0
VSEC.US,5,20210927,191500,49.01,49.29,49.01,49.29,800,0
VSEC.US,5,20210927,192000,49.19,49.19,49.19,49.19,100,0
VSEC.US,5,20210927,192500,49.1,49.2,49.1,49.2,200,0
VSEC.US,5,20210927,194000,48.63,48.63,48.63,48.63,100,0
VSEC.US,5,20210927,195500,49.055,49.21,49.055,49.21,400,0
VSEC.US,5,20210927,200500,49.21,49.39,49.21,49.39,200,0
VSEC.US,5,20210927,202500,49.41,49.41,49.41,49.41,100,0
VSEC.US,5,20210927,203500,49.28,49.28,49.28,49.28,100,0
VSEC.US,5,20210927,204500,49.34,49.34,49.06,49.215,400,0
VSEC.US,5,20210927,205000,49.33,49.33,49.33,49.33,100,0
VSEC.US,5,20210927,205500,49.1,49.1,49.08,49.08,300,0
VSEC.US,5,20210927,210000,49.05,49.05,49.05,49.05,100,0
VSEC.US,5,20210927,210500,49.025,49.025,49.025,49.025,170,0
VSEC.US,5,20210927,213000,49.19,49.25,49.19,49.25,400,0
VSEC.US,5,20210927,213500,49.22,49.24,49.22,49.24,300,0
VSEC.US,5,20210927,214000,49.35,49.37,49.21,49.37,1119,0
VSEC.US,5,20210927,215000,48.91,48.91,48.91,48.91,100,0
VSEC.US,5,20210927,215500,48.955,49.04,48.81,48.81,5117,0
VSEC.US,5,20210928,153000,48.78,48.78,48.62,48.75,628,0
VSEC.US,5,20210928,153500,48.64,48.64,48.64,48.64,100,0
VSEC.US,5,20210928,155500,48.96,48.96,48.96,48.96,100,0
VSEC.US,5,20210928,161500,48.99,48.99,48.99,48.99,100,0
VSEC.US,5,20210928,165000,48.06,48.06,48.06,48.06,320,0
VSEC.US,5,20210928,170500,48.99,48.99,48.99,48.99,100,0
VSEC.US,5,20210928,172500,48.75,48.75,48.75,48.75,100,0
VSEC.US,5,20210928,174500,48.54,48.74,48.53,48.74,400,0
VSEC.US,5,20210928,180500,48.23,48.39,48.12,48.24,700,0
VSEC.US,5,20210928,183000,47.99,47.99,47.99,47.99,100,0
VSEC.US,5,20210928,184000,48.19,48.19,48.19,48.19,100,0
VSEC.US,5,20210928,190000,48.02,48.02,48.02,48.02,100,0
VSEC.US,5,20210928,191000,48.05,48.15,48.05,48.15,300,0
VSEC.US,5,20210928,193000,48.69,48.69,48.69,48.69,100,0
VSEC.US,5,20210928,193500,48.3425,48.5,48.3425,48.5,457,0
VSEC.US,5,20210928,194500,48.27,48.27,48.24,48.24,300,0
VSEC.US,5,20210928,201000,48.02,48.02,48.02,48.02,100,0
VSEC.US,5,20210928,204000,48.18,48.34,48.11,48.34,900,0
VSEC.US,5,20210928,204500,48.7,48.715,48.39,48.42,1000,0
VSEC.US,5,20210928,205000,48.6271,48.6271,48.6271,48.6271,117,0
VSEC.US,5,20210928,211000,48.55,48.55,48.55,48.55,100,0
VSEC.US,5,20210928,211500,48.45,48.45,48.45,48.45,100,0
VSEC.US,5,20210928,212000,48.18,48.203,48.18,48.18,300,0
VSEC.US,5,20210928,212500,47.77,48.07,47.77,48.06,503,0
VSEC.US,5,20210928,213000,48.15,48.15,48.05,48.05,400,0
VSEC.US,5,20210928,213500,47.78,47.78,47.78,47.78,100,0
VSEC.US,5,20210928,214000,47.75,48.11,47.65,48.11,1300,0
VSEC.US,5,20210928,214500,47.71,47.71,47.71,47.71,100,0
VSEC.US,5,20210928,215000,47.62,47.92,47.62,47.92,200,0
VSEC.US,5,20210928,215500,47.58,48.01,47.58,47.74,9751,0
VSEC.US,5,20210929,153000,48.03,48.03,48.03,48.03,364,0
VSEC.US,5,20210929,154000,48.405,48.41,48,48.05,500,0
VSEC.US,5,20210929,160000,48.23,48.37,48.23,48.335,900,0
VSEC.US,5,20210929,160500,48.43,48.56,48.3675,48.3675,1005,0
VSEC.US,5,20210929,161000,48.5,48.53,48.48,48.48,300,0
VSEC.US,5,20210929,161500,48.69,48.7,48.69,48.7,200,0
VSEC.US,5,20210929,162500,48.805,48.805,48.45,48.45,590,0
VSEC.US,5,20210929,163500,48.45,48.45,48.23,48.23,600,0
VSEC.US,5,20210929,164500,48.89,48.89,48.89,48.89,100,0
VSEC.US,5,20210929,170500,48.61,48.89,48.61,48.89,2700,0
VSEC.US,5,20210929,171000,48.61,48.89,48.61,48.61,910,0
VSEC.US,5,20210929,172000,48.46,48.68,48.46,48.68,200,0
VSEC.US,5,20210929,172500,48.805,48.91,48.805,48.885,970,0
VSEC.US,5,20210929,173000,48.825,48.825,48.825,48.825,100,0
VSEC.US,5,20210929,174500,49.2,49.2,49.2,49.2,100,0
VSEC.US,5,20210929,175000,48.97,49.2,48.97,49.2,1333,0
VSEC.US,5,20210929,180500,49.2,49.2,49.125,49.125,1539,0
VSEC.US,5,20210929,181000,49.32,49.32,49.32,49.32,100,0
VSEC.US,5,20210929,181500,48.98,48.98,48.98,48.98,100,0
VSEC.US,5,20210929,183500,49.26,49.26,49.26,49.26,100,0
VSEC.US,5,20210929,185000,49.005,49.005,49.005,49.005,150,0
VSEC.US,5,20210929,190500,48.97,48.97,48.97,48.97,498,0
VSEC.US,5,20210929,191500,48.89,48.9,48.89,48.9,600,0
VSEC.US,5,20210929,192000,49.21,49.21,49.21,49.21,100,0
VSEC.US,5,20210929,192500,49.21,49.21,49.21,49.21,618,0
VSEC.US,5,20210929,194000,48.7382,48.99,48.7382,48.99,300,0
VSEC.US,5,20210929,195000,49.02,49.02,49.01,49.01,500,0
VSEC.US,5,20210929,201000,48.885,49.02,48.885,49.02,400,0
VSEC.US,5,20210929,201500,49.35,49.35,49.35,49.35,600,0
VSEC.US,5,20210929,202000,49.24,49.24,49.01,49.01,1100,0
VSEC.US,5,20210929,202500,48.94,48.94,48.94,48.94,100,0
VSEC.US,5,20210929,203000,49.32,49.32,49.32,49.32,471,0
VSEC.US,5,20210929,205000,49.2,49.24,49.025,49.24,2888,0
VSEC.US,5,20210929,205500,49.09,49.09,49.09,49.09,100,0
VSEC.US,5,20210929,210000,49.4,49.4,49.33,49.4,300,0
VSEC.US,5,20210929,211500,48.575,49.32,48.575,49.32,400,0
VSEC.US,5,20210929,212500,49.3,49.33,49.3,49.31,300,0
VSEC.US,5,20210929,214500,49,49.05,48.9825,49.05,300,0
VSEC.US,5,20210929,215000,49,49.09,48.985,49.09,700,0
VSEC.US,5,20210929,215500,49,49.31,49,49.13,5083,0
VSEC.US,5,20210930,153000,49.5,49.75,49.5,49.75,1053,0
VSEC.US,5,20210930,154500,49.55,49.55,49.55,49.55,100,0
VSEC.US,5,20210930,155000,49.7,49.7,49.7,49.7,371,0
VSEC.US,5,20210930,160000,49.91,49.91,49.91,49.91,100,0
VSEC.US,5,20210930,161000,48.5,48.5,48.5,48.5,100,0
VSEC.US,5,20210930,161500,49.8,49.8,49.8,49.8,100,0
VSEC.US,5,20210930,163500,49.925,49.925,49.925,49.925,100,0
VSEC.US,5,20210930,165000,49.87,49.87,49.87,49.87,100,0
VSEC.US,5,20210930,171000,50.075,50.075,50.075,50.075,100,0
VSEC.US,5,20210930,174500,49.92,49.92,49.92,49.92,100,0
VSEC.US,5,20210930,175500,49.73,49.79,49.73,49.79,200,0
VSEC.US,5,20210930,180000,49.79,49.79,49.79,49.79,100,0
VSEC.US,5,20210930,180500,49.46,49.46,49.46,49.46,100,0
VSEC.US,5,20210930,182000,49.245,49.245,49.245,49.245,100,0
VSEC.US,5,20210930,185500,49.835,49.835,49.835,49.835,100,0
VSEC.US,5,20210930,191000,49.54,49.54,49.4621,49.4621,500,0
VSEC.US,5,20210930,192000,49.04,49.04,48.58,48.58,2800,0
VSEC.US,5,20210930,192500,48.63,48.97,48.63,48.97,927,0
VSEC.US,5,20210930,193000,49.01,49.01,48.785,48.785,557,0
VSEC.US,5,20210930,194000,48.4207,48.68,48.4207,48.58,1411,0
VSEC.US,5,20210930,194500,48.43,48.73,48.43,48.64,1601,0
VSEC.US,5,20210930,195000,48.64,48.64,48.64,48.64,200,0
VSEC.US,5,20210930,200000,48.83,48.83,48.6331,48.6331,400,0
VSEC.US,5,20210930,201000,48.87,48.87,48.71,48.8,600,0
VSEC.US,5,20210930,201500,48.8,48.83,48.76,48.83,1100,0
VSEC.US,5,20210930,202000,48.695,48.8,48.695,48.79,524,0
VSEC.US,5,20210930,202500,48.83,48.83,48.83,48.83,100,0
VSEC.US,5,20210930,203000,48.89,48.9,48.83,48.83,600,0
VSEC.US,5,20210930,203500,48.6901,48.8,48.6901,48.8,523,0
VSEC.US,5,20210930,204000,48.665,48.87,48.665,48.87,500,0
VSEC.US,5,20210930,204500,48.87,48.87,48.77,48.77,417,0
VSEC.US,5,20210930,205000,48.8018,48.8018,48.8018,48.8018,180,0
VSEC.US,5,20210930,205500,48.9,48.9,48.87,48.87,200,0
VSEC.US,5,20210930,210000,48.72,48.72,48.52,48.52,300,0
VSEC.US,5,20210930,210500,48.48,48.48,48.48,48.48,118,0
VSEC.US,5,20210930,211000,48.78,48.78,48.48,48.48,300,0
VSEC.US,5,20210930,211500,48.71,48.71,48.405,48.405,224,0
VSEC.US,5,20210930,212000,48.77,48.77,48.77,48.77,100,0
VSEC.US,5,20210930,212500,48.49,48.49,48.48,48.48,207,0
VSEC.US,5,20210930,213000,48.71,48.71,48.69,48.69,400,0
VSEC.US,5,20210930,213500,48.67,48.67,48.305,48.62,524,0
VSEC.US,5,20210930,214000,48.62,48.67,48.62,48.67,400,0
VSEC.US,5,20210930,214500,48.71,48.75,48.33,48.75,900,0
VSEC.US,5,20210930,215000,48.87,48.87,48.38,48.38,2392,0
VSEC.US,5,20210930,215500,48.09,48.33,48.08,48.17,12184,0
VSEC.US,5,20211001,153000,48.49,48.5,44.5,48.5,7031,0
VSEC.US,5,20211001,153500,47.54,47.95,47.54,47.95,200,0
VSEC.US,5,20211001,154000,48.0475,48.0475,48.0475,48.0475,100,0
VSEC.US,5,20211001,154500,47.63,47.63,47.63,47.63,100,0
VSEC.US,5,20211001,160000,48.2,48.2,48.2,48.2,100,0
VSEC.US,5,20211001,161000,48.25,48.3,48.21,48.3,320,0
VSEC.US,5,20211001,161500,48.14,48.14,48.14,48.14,100,0
VSEC.US,5,20211001,162500,48.26,48.26,48.26,48.26,100,0
VSEC.US,5,20211001,164000,48.328,48.328,48.328,48.328,202,0
VSEC.US,5,20211001,165000,49,49,48.97,48.97,500,0
VSEC.US,5,20211001,170000,48.68,48.96,48.68,48.96,700,0
VSEC.US,5,20211001,171000,49,49.05,48.95,49.05,6460,0
VSEC.US,5,20211001,171500,49.045,49.045,49.045,49.045,840,0
VSEC.US,5,20211001,172500,49.01,49.05,48.94,48.96,500,0
VSEC.US,5,20211001,173000,49.245,49.245,49.245,49.245,100,0
VSEC.US,5,20211001,174500,48.83,48.83,48.6806,48.6806,400,0
VSEC.US,5,20211001,175000,48.74,48.74,48.74,48.74,100,0
VSEC.US,5,20211001,175500,48.68,48.94,48.655,48.68,968,0
VSEC.US,5,20211001,180000,48.68,48.68,48.68,48.68,100,0
VSEC.US,5,20211001,180500,48.79,48.79,48.79,48.79,100,0
VSEC.US,5,20211001,181000,48.76,48.78,48.76,48.78,300,0
VSEC.US,5,20211001,182000,48.9,48.9,48.85,48.85,200,0
VSEC.US,5,20211001,182500,48.91,48.91,48.91,48.91,100,0
VSEC.US,5,20211001,183000,48.93,48.93,48.89,48.9,300,0
VSEC.US,5,20211001,184500,48.89,48.95,48.89,48.95,300,0
VSEC.US,5,20211001,190000,48.8,48.91,48.8,48.91,228,0
VSEC.US,5,20211001,190500,48.81,48.81,48.81,48.81,100,0
VSEC.US,5,20211001,191000,48.82,48.82,48.82,48.82,200,0
VSEC.US,5,20211001,192000,48.81,48.81,48.81,48.81,103,0
VSEC.US,5,20211001,193000,48.91,48.91,48.91,48.91,100,0
VSEC.US,5,20211001,193500,49.06,49.115,49.02,49.02,700,0
VSEC.US,5,20211001,194500,49,49,49,49,100,0
VSEC.US,5,20211001,195500,49.05,49.2,49.02,49.2,700,0
VSEC.US,5,20211001,200000,49.13,49.18,49.13,49.18,600,0
VSEC.US,5,20211001,200500,49.2,49.24,49.14,49.24,1037,0
VSEC.US,5,20211001,201000,49.13,49.13,48.97,48.99,2200,0
VSEC.US,5,20211001,201500,49.18,49.18,49.18,49.18,200,0
VSEC.US,5,20211001,202500,49.25,49.25,49.25,49.25,100,0
VSEC.US,5,20211001,203000,49.325,49.325,49.325,49.325,100,0
VSEC.US,5,20211001,203500,49.41,49.52,49.36,49.47,1025,0
VSEC.US,5,20211001,204000,49.61,49.61,49.26,49.26,1300,0
VSEC.US,5,20211001,204500,48.95,48.95,48.87,48.88,300,0
VSEC.US,5,20211001,210000,48.94,49.07,48.94,49.07,300,0
VSEC.US,5,20211001,210500,49.07,49.11,49.06,49.11,300,0
VSEC.US,5,20211001,211500,49.06,49.06,48.97,48.97,400,0
VSEC.US,5,20211001,212000,48.88,48.88,48.88,48.88,100,0
VSEC.US,5,20211001,213000,48.88,48.88,48.88,48.88,700,0
VSEC.US,5,20211001,213500,48.88,49.17,48.88,49.15,1100,0
VSEC.US,5,20211001,214000,49.21,49.21,49.21,49.21,100,0
VSEC.US,5,20211001,214500,48.99,49,48.99,49,200,0
VSEC.US,5,20211001,215000,49.18,49.26,49.08,49.2,700,0
VSEC.US,5,20211001,215500,49.06,49.26,49,49.26,5292,0
VSEC.US,5,20211004,153000,48.74,48.74,48.74,48.74,387,0
VSEC.US,5,20211004,153500,49.295,49.3,49.295,49.3,200,0
VSEC.US,5,20211004,154000,49.78,49.78,49.78,49.78,100,0
VSEC.US,5,20211004,161000,49.36,49.36,49.36,49.36,140,0
VSEC.US,5,20211004,164000,48.77,48.77,48.77,48.77,100,0
VSEC.US,5,20211004,164500,48.79,49.26,48.79,49.2006,400,0
VSEC.US,5,20211004,170000,49,49,48.6,48.6,400,0
VSEC.US,5,20211004,171000,48.68,48.89,48.23,48.6,2100,0
VSEC.US,5,20211004,171500,48.67,48.9,48.395,48.69,1547,0
VSEC.US,5,20211004,173000,48.625,48.625,48.56,48.56,224,0
VSEC.US,5,20211004,175500,48.67,48.68,48.205,48.68,300,0
VSEC.US,5,20211004,181500,47.95,47.95,47.92,47.92,200,0
VSEC.US,5,20211004,182500,48.12,48.195,48.12,48.195,406,0
VSEC.US,5,20211004,190000,48.33,48.33,48.04,48.04,200,0
VSEC.US,5,20211004,192500,47.88,48.22,47.88,48.22,400,0
VSEC.US,5,20211004,195500,47.985,48.02,47.985,48.02,218,0
VSEC.US,5,20211004,200000,47.745,47.745,47.7,47.74,600,0
VSEC.US,5,20211004,200500,47.84,47.84,47.84,47.84,100,0
VSEC.US,5,20211004,201000,47.84,47.84,47.84,47.84,700,0
VSEC.US,5,20211004,202000,47.89,48.29,47.89,48.29,500,0
VSEC.US,5,20211004,204000,47.965,47.965,47.965,47.965,100,0
VSEC.US,5,20211004,210000,47.96,47.96,47.96,47.96,100,0
VSEC.US,5,20211004,211500,48.06,48.07,47.99,48.07,400,0
VSEC.US,5,20211004,212000,48.18,48.18,48.18,48.18,100,0
VSEC.US,5,20211004,213500,48.11,48.12,48.11,48.12,200,0
VSEC.US,5,20211004,214500,48.27,48.27,47.94,47.94,300,0
VSEC.US,5,20211004,215000,47.89,47.935,47.74,47.88,700,0
VSEC.US,5,20211004,215500,47.88,47.88,47.58,47.76,6773,0
VSEC.US,5,20211005,153000,48.14,48.14,48.14,48.14,154,0
VSEC.US,5,20211005,154500,47.62,47.62,47.62,47.62,100,0
VSEC.US,5,20211005,155500,48.07,48.07,48.02,48.02,200,0
VSEC.US,5,20211005,162000,47.87,47.87,47.87,47.87,100,0
VSEC.US,5,20211005,163000,48.14,48.14,48.14,48.14,100,0
VSEC.US,5,20211005,170500,48.7,48.7,48.7,48.7,100,0
VSEC.US,5,20211005,174000,48.29,48.29,48.29,48.29,100,0
VSEC.US,5,20211005,180000,48.78,48.78,48.78,48.78,116,0
VSEC.US,5,20211005,183000,48.365,48.365,48.365,48.365,307,0
VSEC.US,5,20211005,192500,48.12,48.12,48.12,48.12,100,0
VSEC.US,5,20211005,200000,48.36,48.36,48.36,48.36,100,0
VSEC.US,5,20211005,201000,48.21,48.21,48.11,48.11,400,0
VSEC.US,5,20211005,202000,47.7913,47.95,47.7501,47.77,3228,0
VSEC.US,5,20211005,202500,47.72,47.72,47.62,47.62,400,0
VSEC.US,5,20211005,204500,48.27,48.27,48.27,48.27,100,0
VSEC.US,5,20211005,205000,47.45,47.45,47.45,47.45,100,0
VSEC.US,5,20211005,211000,48.02,48.17,47.91,48.17,300,0
VSEC.US,5,20211005,212000,47.67,48.125,47.67,47.88,1845,0
VSEC.US,5,20211005,212500,47.69,47.69,47.69,47.69,100,0
VSEC.US,5,20211005,213500,47.7,48.275,47.7,48.275,427,0
VSEC.US,5,20211005,214000,48.04,48.04,48.04,48.04,200,0
VSEC.US,5,20211005,214500,48.02,48.02,48.02,48.02,100,0
VSEC.US,5,20211005,215000,48.1,48.1,48.1,48.1,100,0
VSEC.US,5,20211005,215500,47.89,48.11,47.83,48.11,2870,0
VSEC.US,5,20211006,153000,47.41,47.41,47.11,47.13,692,0
VSEC.US,5,20211006,155500,47.19,47.19,47.115,47.115,300,0
VSEC.US,5,20211006,163000,46.735,46.97,46.735,46.97,600,0
VSEC.US,5,20211006,163500,47.3399,47.3399,47.3399,47.3399,168,0
VSEC.US,5,20211006,170500,46.75,46.75,46.75,46.75,100,0
VSEC.US,5,20211006,171500,46.83,46.83,46.83,46.83,200,0
VSEC.US,5,20211006,175000,46.65,46.65,46.65,46.65,100,0
VSEC.US,5,20211006,182000,47.01,47.01,47.01,47.01,100,0
VSEC.US,5,20211006,184000,46.82,46.82,46.82,46.82,100,0
VSEC.US,5,20211006,185500,46.87,46.87,46.87,46.87,100,0
VSEC.US,5,20211006,190500,47.05,47.05,47.05,47.05,100,0
VSEC.US,5,20211006,192000,46.89,46.89,46.89,46.89,100,0
VSEC.US,5,20211006,193500,47.26,47.26,47.26,47.26,100,0
VSEC.US,5,20211006,195000,47.19,47.41,47.19,47.41,300,0
VSEC.US,5,20211006,195500,47.12,47.12,47.1,47.1,400,0
VSEC.US,5,20211006,210500,47.28,47.3,47.23,47.24,500,0
VSEC.US,5,20211006,212000,47.29,47.29,47.29,47.29,100,0
VSEC.US,5,20211006,215000,47.22,47.35,47.22,47.35,500,0
VSEC.US,5,20211006,215500,47.33,47.34,47.13,47.23,3280,0
VSEC.US,5,20211007,160500,47.97,47.97,47.97,47.97,100,0
VSEC.US,5,20211007,161000,47.97,47.97,47.97,47.97,116,0
VSEC.US,5,20211007,172000,48.03,48.105,48.03,48.03,600,0
VSEC.US,5,20211007,172500,48.245,48.31,48.245,48.31,634,0
VSEC.US,5,20211007,173500,48.42,48.42,48.42,48.42,100,0
VSEC.US,5,20211007,174000,48.0412,48.4363,47.788,48.16,2950,0
VSEC.US,5,20211007,174500,48.245,48.245,48.245,48.245,100,0
VSEC.US,5,20211007,180500,48.47,48.47,48.47,48.47,226,0
VSEC.US,5,20211007,182000,48.39,48.39,48.39,48.39,100,0
VSEC.US,5,20211007,184000,48.46,48.46,48.46,48.46,100,0
VSEC.US,5,20211007,190500,48.42,48.42,48.42,48.42,100,0
VSEC.US,5,20211007,192000,48.62,48.62,48.62,48.62,100,0
VSEC.US,5,20211007,192500,48.68,48.68,48.68,48.68,100,0
VSEC.US,5,20211007,203000,48.89,48.89,48.78,48.8,700,0
VSEC.US,5,20211007,204000,48.59,48.65,48.59,48.65,410,0
VSEC.US,5,20211007,204500,48.77,48.79,48.7,48.79,500,0
VSEC.US,5,20211007,205000,48.78,48.78,48.78,48.78,100,0
VSEC.US,5,20211007,210500,48.76,48.76,48.76,48.76,100,0
VSEC.US,5,20211007,212000,48.84,48.84,48.84,48.84,100,0
VSEC.US,5,20211007,214000,48.725,48.725,48.725,48.725,110,0
VSEC.US,5,20211007,214500,48.725,48.725,48.59,48.7175,1020,0
VSEC.US,5,20211007,215000,48.66,48.66,48.54,48.54,200,0
VSEC.US,5,20211007,215500,48.68,48.75,48.61,48.61,3970,0
VSEC.US,5,20211008,180000,48.69,48.69,48.69,48.69,100,0
VSEC.US,5,20211008,182500,48.76,48.76,48.76,48.76,100,0
VSEC.US,5,20211008,202500,48.68,48.7,48.68,48.7,200,0
VSEC.US,5,20211008,204500,48.68,48.68,48.68,48.68,100,0
VSEC.US,5,20211008,215500,48.66,48.66,48.39,48.39,2028,0
VSEC.US,5,20211011,153000,48.62,48.62,48.62,48.62,105,0
VSEC.US,5,20211011,154500,48.885,48.885,48.49,48.49,400,0
VSEC.US,5,20211011,155000,48.69,48.69,48.69,48.69,100,0
VSEC.US,5,20211011,174500,48.3906,48.3906,48.3906,48.3906,187,0
VSEC.US,5,20211011,181500,48.345,48.345,48.345,48.345,110,0
VSEC.US,5,20211011,190500,48.2,48.2,48.2,48.2,100,0
VSEC.US,5,20211011,192500,47.96,48.04,47.96,48,600,0
VSEC.US,5,20211011,201000,47.91,48.01,47.91,47.97,860,0
VSEC.US,5,20211011,205500,48.045,48.045,48.045,48.045,146,0
VSEC.US,5,20211011,210000,47.85,47.85,47.85,47.85,100,0
VSEC.US,5,20211011,213000,47.8,47.8,47.8,47.8,100,0
VSEC.US,5,20211011,214000,47.61,47.61,47.61,47.61,100,0
VSEC.US,5,20211011,214500,47.77,47.77,47.77,47.77,100,0
VSEC.US,5,20211011,215500,47.47,47.87,47.46,47.87,1723,0
VSEC.US,5,20211012,180000,47.8993,47.8993,47.885,47.885,200,0
VSEC.US,5,20211012,183500,47.755,47.755,47.755,47.755,100,0
VSEC.US,5,20211012,190500,47.548,47.548,47.548,47.548,100,0
VSEC.US,5,20211012,195000,47.44,47.44,47.03,47.03,6717,0
VSEC.US,5,20211012,195500,47.06,47.06,47.04,47.06,600,0
VSEC.US,5,20211012,200000,47.13,47.15,47.13,47.15,300,0
VSEC.US,5,20211012,204000,46.89,46.89,46.89,46.89,100,0
VSEC.US,5,20211012,204500,47.35,47.35,47.35,47.35,200,0
VSEC.US,5,20211012,205000,47.44,47.44,47.44,47.44,100,0
VSEC.US,5,20211012,214500,47.01,47.01,47.01,47.01,197,0
VSEC.US,5,20211012,215500,47.31,47.43,47.16,47.4,2359,0
VSEC.US,5,20211013,153000,46.96,46.96,46.95,46.95,200,0
VSEC.US,5,20211013,164000,46.83,46.9341,46.61,46.9341,728,0
VSEC.US,5,20211013,181500,47.09,47.09,46.99,47.04,1200,0
VSEC.US,5,20211013,203500,47.13,47.13,46.51,46.86,4704,0
VSEC.US,5,20211013,212000,47.2,47.2,47.19,47.19,300,0
VSEC.US,5,20211013,213500,46.98,46.98,46.98,46.98,100,0
VSEC.US,5,20211013,215500,47.335,47.34,47.08,47.28,3223,0
VSEC.US,5,20211014,153000,47.5,47.5,47.5,47.5,282,0
VSEC.US,5,20211014,163000,48.48,48.48,47.89,47.89,200,0
VSEC.US,5,20211014,163500,47.48,47.82,46.69,46.69,1343,0
VSEC.US,5,20211014,164000,47.85,47.85,47.14,47.4554,1123,0
VSEC.US,5,20211014,181000,48.355,48.355,48.355,48.355,100,0
VSEC.US,5,20211014,182500,47.51,47.51,47.51,47.51,100,0
VSEC.US,5,20211014,183500,47.75,47.75,47.75,47.75,100,0
VSEC.US,5,20211014,184000,47.71,47.71,47.48,47.48,200,0
VSEC.US,5,20211014,192500,47.68,47.68,47.68,47.68,100,0
VSEC.US,5,20211014,194500,47.71,47.815,47.51,47.57,900,0
VSEC.US,5,20211014,200500,47.745,47.745,47.745,47.745,100,0
VSEC.US,5,20211014,202000,47.7,47.7,47.7,47.7,100,0
VSEC.US,5,20211014,205500,47.67,47.67,47.67,47.67,100,0
VSEC.US,5,20211014,210500,47.63,47.78,47.59,47.59,800,0
VSEC.US,5,20211014,211000,47.59,48.08,47.59,48.08,900,0
VSEC.US,5,20211014,213000,47.945,47.945,47.945,47.945,100,0
VSEC.US,5,20211014,213500,47.96,47.96,47.9,47.9,200,0
VSEC.US,5,20211014,214000,47.86,48.07,47.86,48.07,400,0
VSEC.US,5,20211014,215000,48.055,48.055,48.055,48.055,100,0
VSEC.US,5,20211014,215500,48.12,48.15,48.02,48.15,3708,0
VSEC.US,5,20211015,153000,48.96,48.96,48.96,48.96,2032,0
VSEC.US,5,20211015,153500,48,48,48,48,100,0
VSEC.US,5,20211015,155000,48.96,49.29,48.96,49.29,496,0
VSEC.US,5,20211015,160000,49.081,49.081,49.01,49.01,600,0
VSEC.US,5,20211015,164500,48.77,48.77,48.64,48.64,310,0
VSEC.US,5,20211015,165500,48.76,48.76,48.74,48.74,800,0
VSEC.US,5,20211015,170500,48.8,48.8,48.56,48.56,200,0
VSEC.US,5,20211015,171000,48.945,48.945,48.82,48.82,200,0
VSEC.US,5,20211015,173500,48.95,48.95,48.95,48.95,100,0
VSEC.US,5,20211015,174500,48.97,48.97,48.97,48.97,219,0
VSEC.US,5,20211015,175000,48.96,48.96,48.96,48.96,390,0
VSEC.US,5,20211015,193500,48.44,48.44,48.44,48.44,100,0
VSEC.US,5,20211015,194000,48.44,48.53,48.44,48.53,200,0
VSEC.US,5,20211015,195500,48.55,48.55,48.55,48.55,100,0
VSEC.US,5,20211015,201500,48.47,48.47,48.45,48.47,700,0
VSEC.US,5,20211015,202000,48.46,48.47,48.46,48.47,200,0
VSEC.US,5,20211015,203000,48.98,48.98,48.98,48.98,121,0
VSEC.US,5,20211015,204500,48.58,48.65,48.35,48.35,1400,0
VSEC.US,5,20211015,212000,48.19,48.19,48.19,48.19,100,0
VSEC.US,5,20211015,212500,48.33,48.6,48.305,48.6,300,0
VSEC.US,5,20211015,215500,48.14,48.55,48.02,48.02,8757,0
VSEC.US,5,20211018,153000,48.14,48.14,48.14,48.14,1317,0
VSEC.US,5,20211018,155000,48.14,48.14,48.14,48.14,100,0
VSEC.US,5,20211018,155500,48.09,48.09,47.92,47.92,200,0
VSEC.US,5,20211018,160000,48.09,48.09,47.92,47.92,300,0
VSEC.US,5,20211018,160500,47.755,48.56,47.755,48.395,700,0
VSEC.US,5,20211018,165500,48.305,48.305,48.08,48.125,702,0
VSEC.US,5,20211018,171000,48.27,48.27,48.27,48.27,200,0
VSEC.US,5,20211018,171500,48.47,48.47,48.06,48.06,933,0
VSEC.US,5,20211018,174500,48.12,48.4,48.12,48.175,300,0
VSEC.US,5,20211018,175500,48.28,48.31,48.28,48.3005,400,0
VSEC.US,5,20211018,180000,48.28,48.28,48.28,48.28,200,0
VSEC.US,5,20211018,181000,48.28,48.28,48.26,48.28,426,0
VSEC.US,5,20211018,182000,48.465,48.465,48.465,48.465,100,0
VSEC.US,5,20211018,182500,48.31,48.31,48.08,48.2,2385,0
VSEC.US,5,20211018,184000,48.34,48.34,48.3006,48.3305,600,0
VSEC.US,5,20211018,184500,48.35,48.365,48.35,48.365,200,0
VSEC.US,5,20211018,190000,48.35,48.44,48.35,48.44,600,0
VSEC.US,5,20211018,192500,48.42,48.5,48.42,48.5,700,0
VSEC.US,5,20211018,193000,48.45,48.45,48.405,48.405,600,0
VSEC.US,5,20211018,193500,48.405,48.405,48.405,48.405,100,0
VSEC.US,5,20211018,194500,48.36,48.395,48.35,48.395,400,0
VSEC.US,5,20211018,195000,48.395,48.46,48.395,48.46,400,0
VSEC.US,5,20211018,195500,48.31,48.39,48.3,48.39,400,0
VSEC.US,5,20211018,201000,48.26,48.26,48.26,48.26,100,0
VSEC.US,5,20211018,202000,48.5,48.5,48.5,48.5,154,0
VSEC.US,5,20211018,204500,48.295,48.295,48.295,48.295,100,0
VSEC.US,5,20211018,205000,48.3,48.3,48.3,48.3,100,0
VSEC.US,5,20211018,211500,48.33,48.4,48.225,48.32,818,0
VSEC.US,5,20211018,213000,48.48,48.52,48.385,48.45,500,0
VSEC.US,5,20211018,215000,48.67,48.67,48.67,48.67,100,0
VSEC.US,5,20211018,215500,48.67,48.67,48.44,48.52,3258,0
VSEC.US,5,20211019,153000,48.58,48.58,48.58,48.58,213,0
VSEC.US,5,20211019,183000,48.39,48.58,48.39,48.58,800,0
VSEC.US,5,20211019,193000,48.2,48.37,48.15,48.31,900,0
VSEC.US,5,20211019,195000,48.23,48.3,48.175,48.3,1196,0
VSEC.US,5,20211019,201000,48.48,48.48,48.48,48.48,100,0
VSEC.US,5,20211019,201500,48.52,48.52,48.275,48.275,200,0
VSEC.US,5,20211019,202000,48.42,48.42,48.1,48.1,600,0
VSEC.US,5,20211019,202500,48.145,48.39,48.145,48.39,500,0
VSEC.US,5,20211019,203000,47.95,47.95,47.95,47.95,100,0
VSEC.US,5,20211019,204500,48.25,48.25,48.25,48.25,100,0
VSEC.US,5,20211019,205000,48.28,48.39,48.28,48.39,200,0
VSEC.US,5,20211019,211500,48.14,48.14,48.14,48.14,116,0
VSEC.US,5,20211019,212000,48.12,48.12,47.92,48.09,460,0
VSEC.US,5,20211019,213000,47.6572,47.6572,47.6572,47.6572,100,0
VSEC.US,5,20211019,213500,47.657,48.0696,47.657,48.0696,348,0
VSEC.US,5,20211019,214000,47.647,47.647,47.647,47.647,300,0
VSEC.US,5,20211019,215500,47.76,48.25,47.76,48,1053,0
VSEC.US,5,20211020,153000,47.91,47.91,47.91,47.91,989,0
VSEC.US,5,20211020,163000,48,48.39,47.97,47.97,500,0
VSEC.US,5,20211020,164500,48.13,48.13,48.13,48.13,100,0
VSEC.US,5,20211020,170500,48.1,48.55,48,48.55,300,0
VSEC.US,5,20211020,173500,48,48,47.72,47.72,300,0
VSEC.US,5,20211020,180000,48.19,48.21,48.19,48.21,261,0
VSEC.US,5,20211020,182500,48.12,48.12,48.12,48.12,100,0
VSEC.US,5,20211020,183500,47.97,48,47.94,47.97,1000,0
VSEC.US,5,20211020,184000,48.13,48.13,48.13,48.13,100,0
VSEC.US,5,20211020,191000,47.99,47.995,47.74,47.74,400,0
VSEC.US,5,20211020,191500,47.955,47.985,47.72,47.72,400,0
VSEC.US,5,20211020,192000,47.99,48,47.71,48,1400,0
VSEC.US,5,20211020,193500,48.255,48.255,48.255,48.255,100,0
VSEC.US,5,20211020,202500,48.2,48.2,48.2,48.2,100,0
VSEC.US,5,20211020,203000,48.17,48.17,48.17,48.17,100,0
VSEC.US,5,20211020,203500,48.38,48.38,48.38,48.38,100,0
VSEC.US,5,20211020,204000,48.38,48.38,48.38,48.38,100,0
VSEC.US,5,20211020,210500,48.26,48.26,48.26,48.26,100,0
VSEC.US,5,20211020,211000,48.08,48.08,47.88,47.88,500,0
VSEC.US,5,20211020,214500,48.07,48.07,48.07,48.07,100,0
VSEC.US,5,20211020,215000,48.15,48.15,48.035,48.035,200,0
VSEC.US,5,20211020,215500,48.26,48.37,48.26,48.37,1512,0
VSEC.US,5,20211021,163500,48.54,48.59,48.54,48.59,542,0
VSEC.US,5,20211021,164500,48.47,48.47,48.47,48.47,100,0
VSEC.US,5,20211021,165000,48.5948,48.5948,48.47,48.47,400,0
VSEC.US,5,20211021,170000,48.15,48.68,48.069,48.5,2400,0
VSEC.US,5,20211021,180000,48.185,48.185,48.185,48.185,100,0
VSEC.US,5,20211021,182000,48.19,48.19,48.17,48.18,300,0
VSEC.US,5,20211021,184000,47.99,48.25,47.99,48.25,200,0
VSEC.US,5,20211021,184500,48.25,48.25,48.25,48.25,100,0
VSEC.US,5,20211021,185000,48.25,48.25,48.25,48.25,100,0
VSEC.US,5,20211021,203000,48.39,48.47,48.335,48.335,517,0
VSEC.US,5,20211021,204000,48.03,48.3,48.03,48.13,300,0
VSEC.US,5,20211021,204500,48.25,48.25,48.25,48.25,100,0
VSEC.US,5,20211021,210500,48.125,48.125,48.125,48.125,100,0
VSEC.US,5,20211021,211500,48.33,48.47,48.33,48.44,600,0
VSEC.US,5,20211021,212000,48.4,48.4,48.4,48.4,200,0
VSEC.US,5,20211021,215000,48.31,48.31,48.31,48.31,100,0
VSEC.US,5,20211021,215500,48.3,48.4,48.3,48.33,2366,0
VSEC.US,5,20211022,153000,48.95,48.95,48.95,48.95,1472,0
VSEC.US,5,20211022,163500,48.99,48.99,48.99,48.99,200,0
VSEC.US,5,20211022,171000,49.49,49.49,49.49,49.49,100,0
VSEC.US,5,20211022,173000,49.11,49.3,49.11,49.3,400,0
VSEC.US,5,20211022,174000,49.06,49.601,48.9992,49.44,2780,0
VSEC.US,5,20211022,174500,49.1,49.1,49.1,49.1,200,0
VSEC.US,5,20211022,184000,49.28,49.28,49.28,49.28,100,0
VSEC.US,5,20211022,191500,49.7,49.7,49.7,49.7,100,0
VSEC.US,5,20211022,200500,49.36,49.36,49.36,49.36,100,0
VSEC.US,5,20211022,201500,49.47,49.54,49.47,49.49,500,0
VSEC.US,5,20211022,202000,49.63,49.8,49.61,49.8,1106,0
VSEC.US,5,20211022,210000,49.85,49.85,49.85,49.85,106,0
VSEC.US,5,20211022,211500,49.85,49.85,49.85,49.85,100,0
VSEC.US,5,20211022,213000,49.85,49.85,49.85,49.85,212,0
VSEC.US,5,20211022,213500,49.75,49.79,49.645,49.79,2909,0
VSEC.US,5,20211022,214500,49.68,49.85,49.68,49.85,400,0
VSEC.US,5,20211022,215000,49.86,49.86,49.83,49.83,200,0
VSEC.US,5,20211022,215500,49.85,49.97,49.78,49.78,4336,0
VSEC.US,5,20211025,153000,49.73,49.73,49.0819,49.24,1108,0
VSEC.US,5,20211025,154000,49.79,49.79,49.74,49.74,200,0
VSEC.US,5,20211025,155500,49.83,49.87,49.83,49.87,600,0
VSEC.US,5,20211025,160000,49.88,49.88,49.88,49.88,100,0
VSEC.US,5,20211025,170000,50.395,50.395,50.395,50.395,100,0
VSEC.US,5,20211025,172000,50.41,50.535,50.41,50.535,600,0
VSEC.US,5,20211025,175500,50.74,50.74,50.74,50.74,100,0
VSEC.US,5,20211025,181000,50.41,50.57,50.315,50.57,700,0
VSEC.US,5,20211025,184000,50.46,50.46,50.46,50.46,100,0
VSEC.US,5,20211025,191000,50.01,50.01,50,50,800,0
VSEC.US,5,20211025,193500,50.26,50.26,50.26,50.26,100,0
VSEC.US,5,20211025,194500,50.24,50.26,50.24,50.26,200,0
VSEC.US,5,20211025,202500,50.43,50.45,50.43,50.45,200,0
VSEC.US,5,20211025,203000,50.45,50.45,50.45,50.45,300,0
VSEC.US,5,20211025,203500,50.725,50.725,50.725,50.725,100,0
VSEC.US,5,20211025,215000,50.308,50.308,50.308,50.308,100,0
VSEC.US,5,20211025,215500,50.39,50.65,50.39,50.64,3075,0
VSEC.US,5,20211026,153000,50.66,50.66,50.66,50.66,106,0
VSEC.US,5,20211026,170500,50.64,50.705,50.64,50.705,2015,0
VSEC.US,5,20211026,175000,50.6,50.6,50.6,50.6,100,0
VSEC.US,5,20211026,180000,50.39,50.39,50.136,50.136,500,0
VSEC.US,5,20211026,184000,50.48,50.5,50.48,50.5,200,0
VSEC.US,5,20211026,185000,50.56,50.74,50.56,50.74,300,0
VSEC.US,5,20211026,185500,50.87,50.87,50.82,50.82,600,0
VSEC.US,5,20211026,190000,50.88,50.88,50.85,50.86,400,0
VSEC.US,5,20211026,200500,50.53,50.53,50.45,50.45,300,0
VSEC.US,5,20211026,202500,50.05,50.46,50.05,50.46,200,0
VSEC.US,5,20211026,203000,50.42,50.42,50.42,50.42,100,0
VSEC.US,5,20211026,210000,50.02,50.02,50.02,50.02,100,0
VSEC.US,5,20211026,211500,50,50,50,50,100,0
VSEC.US,5,20211026,215000,50.06,50.06,50.06,50.06,300,0
VSEC.US,5,20211026,215500,50.375,50.4,50.15,50.15,3605,0
VSEC.US,5,20211027,153000,49.98,49.98,49.98,49.98,293,0
VSEC.US,5,20211027,153500,49.98,49.98,49.98,49.98,1000,0
VSEC.US,5,20211027,160000,50.88,50.88,50.69,50.69,200,0
VSEC.US,5,20211027,160500,50.26,50.26,50.26,50.26,100,0
VSEC.US,5,20211027,161500,50.795,50.795,50.795,50.795,100,0
VSEC.US,5,20211027,162500,50.11,50.73,50.11,50.73,600,0
VSEC.US,5,20211027,163500,50.73,50.73,50.32,50.32,200,0
VSEC.US,5,20211027,164000,50.37,50.37,50.37,50.37,100,0
VSEC.US,5,20211027,164500,50.26,50.26,50.26,50.26,100,0
VSEC.US,5,20211027,165000,50.25,50.77,50.24,50.77,400,0
VSEC.US,5,20211027,170000,50.655,50.655,50.655,50.655,100,0
VSEC.US,5,20211027,170500,50.53,50.6,50.53,50.5925,400,0
VSEC.US,5,20211027,171500,50.95,50.95,50.95,50.95,300,0
VSEC.US,5,20211027,173000,50.83,50.83,50.77,50.8,600,0
VSEC.US,5,20211027,184000,50.67,50.68,50.67,50.68,500,0
VSEC.US,5,20211027,184500,50.48,50.48,50.48,50.48,200,0
VSEC.US,5,20211027,190500,50.87,50.87,50.87,50.87,300,0
VSEC.US,5,20211027,192000,50.6,50.68,50.6,50.68,208,0
VSEC.US,5,20211027,193500,50.8,50.8,50.8,50.8,138,0
VSEC.US,5,20211027,195000,50.995,50.995,50.995,50.995,100,0
VSEC.US,5,20211027,200000,50.99,50.99,50.99,50.99,100,0
VSEC.US,5,20211027,200500,51.01,51.01,51.01,51.01,100,0
VSEC.US,5,20211027,201500,51.02,51.02,51.02,51.02,100,0
VSEC.US,5,20211027,202000,50.965,50.98,50.965,50.98,300,0
VSEC.US,5,20211027,202500,51.365,51.365,51.365,51.365,100,0
VSEC.US,5,20211027,203500,51.38,51.38,51.38,51.38,100,0
VSEC.US,5,20211027,204000,51.395,51.395,51.395,51.395,100,0
VSEC.US,5,20211027,210500,50.76,50.76,50.76,50.76,100,0
VSEC.US,5,20211027,211500,50.74,50.74,50.74,50.74,100,0
VSEC.US,5,20211027,212500,50.82,50.88,50.82,50.88,300,0
VSEC.US,5,20211027,213500,50.74,50.74,50.74,50.74,183,0
VSEC.US,5,20211027,215500,50.41,50.7,50.41,50.7,2172,0
VSEC.US,5,20211028,153000,50.24,51.24,50.24,51.24,1241,0
VSEC.US,5,20211028,153500,51.5,51.5,51.48,51.48,336,0
VSEC.US,5,20211028,154000,51.61,51.75,51.61,51.75,461,0
VSEC.US,5,20211028,154500,52.79,52.79,52.79,52.79,100,0
VSEC.US,5,20211028,155500,53.065,53.065,53.065,53.065,100,0
VSEC.US,5,20211028,160500,52.865,52.865,52.865,52.865,100,0
VSEC.US,5,20211028,161000,52.97,52.97,52.97,52.97,100,0
VSEC.US,5,20211028,161500,52.8989,52.8989,52.8989,52.8989,300,0
VSEC.US,5,20211028,162000,52.835,52.835,52.835,52.835,100,0
VSEC.US,5,20211028,163000,52.95,52.95,52.78,52.89,300,0
VSEC.US,5,20211028,163500,53.15,53.5,53.15,53.5,644,0
VSEC.US,5,20211028,164000,54.535,54.535,54.535,54.535,100,0
VSEC.US,5,20211028,164500,53,54.12,52.5,54.12,2564,0
VSEC.US,5,20211028,165000,52.0242,52.0242,52.0242,52.0242,100,0
VSEC.US,5,20211028,165500,53.545,53.545,52.277,53.11,1500,0
VSEC.US,5,20211028,170000,53.37,53.6,53.022,53.022,1200,0
VSEC.US,5,20211028,170500,53.505,53.56,53.505,53.56,200,0
VSEC.US,5,20211028,172000,53.54,53.56,53.51,53.51,991,0
VSEC.US,5,20211028,173000,53.7,53.7,53.7,53.7,100,0
VSEC.US,5,20211028,173500,53.795,53.86,53.795,53.86,200,0
VSEC.US,5,20211028,174000,54.015,54.015,54.015,54.015,100,0
VSEC.US,5,20211028,175000,53.99,54.13,53.99,54.13,300,0
VSEC.US,5,20211028,180000,54.01,54.01,54.01,54.01,100,0
VSEC.US,5,20211028,181000,54.785,54.785,54,54.07,700,0
VSEC.US,5,20211028,181500,54.44,54.44,54.44,54.44,100,0
VSEC.US,5,20211028,183000,54.3,54.3,54.3,54.3,100,0
VSEC.US,5,20211028,184500,54.23,54.23,54.08,54.23,500,0
VSEC.US,5,20211028,190000,54.11,54.11,54.07,54.07,200,0
VSEC.US,5,20211028,192000,54.355,54.355,54.35,54.35,200,0
VSEC.US,5,20211028,192500,54.21,54.45,54.21,54.45,200,0
VSEC.US,5,20211028,193500,54.445,54.445,54.445,54.445,100,0
VSEC.US,5,20211028,194000,54.445,54.445,54.445,54.445,100,0
VSEC.US,5,20211028,194500,54.45,54.45,54.4,54.4,615,0
VSEC.US,5,20211028,200500,54.48,54.48,54.45,54.45,700,0
VSEC.US,5,20211028,201000,54.55,54.55,54.55,54.55,100,0
VSEC.US,5,20211028,202500,54.53,54.53,54.475,54.52,400,0
VSEC.US,5,20211028,203000,54.51,54.51,54.51,54.51,100,0
VSEC.US,5,20211028,204000,54.38,54.455,54.34,54.43,400,0
VSEC.US,5,20211028,205000,54.46,54.51,54.46,54.51,600,0
VSEC.US,5,20211028,210000,54.49,54.5,54.49,54.5,400,0
VSEC.US,5,20211028,210500,54.68,54.785,54.68,54.785,5600,0
VSEC.US,5,20211028,211000,55.295,55.295,55.0006,55.0006,324,0
VSEC.US,5,20211028,211500,55.065,55.065,55.065,55.065,100,0
VSEC.US,5,20211028,212000,54.97,54.97,54.97,54.97,763,0
VSEC.US,5,20211028,212500,55.23,55.23,55.23,55.23,100,0
VSEC.US,5,20211028,213000,55.06,55.6099,54.95,54.95,500,0
VSEC.US,5,20211028,213500,54.97,55.175,54.9,55.175,700,0
VSEC.US,5,20211028,214000,55.175,55.175,55.085,55.085,300,0
VSEC.US,5,20211028,214500,55.13,55.23,55.085,55.23,600,0
VSEC.US,5,20211028,215000,55.63,55.64,55.475,55.61,400,0
VSEC.US,5,20211028,215500,55.42,56,55.42,56,5830,0
VSEC.US,5,20211029,153000,55.4,57.48,55.4,57.48,846,0
VSEC.US,5,20211029,153500,55.34,55.52,55.34,55.52,200,0
VSEC.US,5,20211029,154000,57.06,57.06,57.06,57.06,110,0
VSEC.US,5,20211029,160500,56.05,56.9999,56.05,56.9999,841,0
VSEC.US,5,20211029,164000,55.72,55.72,55.72,55.72,100,0
VSEC.US,5,20211029,171500,56.385,56.385,55.6799,56.11,2540,0
VSEC.US,5,20211029,172000,55.7,55.98,55.5,55.5,1796,0
VSEC.US,5,20211029,172500,55.7604,55.99,55,55,1100,0
VSEC.US,5,20211029,174000,55.2003,55.732,55.1881,55.732,2969,0
VSEC.US,5,20211029,174500,55.29,55.42,55,55,2500,0
VSEC.US,5,20211029,182000,55.33,55.33,55.33,55.33,100,0
VSEC.US,5,20211029,183500,54.9,54.935,54.85,54.935,1720,0
VSEC.US,5,20211029,184000,54.925,54.9494,54.925,54.925,500,0
VSEC.US,5,20211029,184500,54.91,55.14,54.895,55.14,600,0
VSEC.US,5,20211029,190000,54.885,55.12,54.875,55.12,300,0
VSEC.US,5,20211029,191000,54.885,54.885,54.885,54.885,100,0
VSEC.US,5,20211029,191500,55.12,55.12,54.875,54.875,200,0
VSEC.US,5,20211029,192500,55,55.225,54.7801,55.1,1500,0
VSEC.US,5,20211029,194000,55.05,55.05,55.05,55.05,100,0
VSEC.US,5,20211029,195000,55.26,55.26,55.26,55.26,100,0
VSEC.US,5,20211029,200000,54.98,54.98,54.98,54.98,100,0
VSEC.US,5,20211029,200500,55.01,55.05,55.01,55.05,500,0
VSEC.US,5,20211029,201500,55.22,55.22,55.0015,55.0994,700,0
VSEC.US,5,20211029,202000,55.1,56,55.035,55.51,1800,0
VSEC.US,5,20211029,202500,55.5,55.5,55.19,55.3006,1504,0
VSEC.US,5,20211029,203000,55.02,55.19,55.02,55.06,1112,0
VSEC.US,5,20211029,205000,55.13,55.13,55.13,55.13,100,0
VSEC.US,5,20211029,210500,55.495,55.495,55.495,55.495,193,0
VSEC.US,5,20211029,211000,55.46,55.46,55.46,55.46,100,0
VSEC.US,5,20211029,212500,54.8301,54.8301,54.8301,54.8301,250,0
VSEC.US,5,20211029,214000,55.22,55.22,55.22,55.22,100,0
VSEC.US,5,20211029,214500,55.02,55.02,55.02,55.02,100,0
VSEC.US,5,20211029,215000,55.44,55.45,55.11,55.11,635,0
VSEC.US,5,20211029,215500,55.07,55.74,55.07,55.55,7681,0
VSEC.US,5,20211101,143000,56.04,56.04,55.15,55.15,409,0
VSEC.US,5,20211101,145000,56.34,56.34,56.34,56.34,100,0
VSEC.US,5,20211101,152000,56.03,56.03,56.03,56.03,100,0
VSEC.US,5,20211101,154500,56.02,56.43,56,56.43,594,0
VSEC.US,5,20211101,160000,56.175,56.175,56.175,56.175,100,0
VSEC.US,5,20211101,160500,55.85,55.85,55.85,55.85,100,0
VSEC.US,5,20211101,161000,56.185,56.185,56.185,56.185,100,0
VSEC.US,5,20211101,162000,56.315,56.725,55.97,55.97,500,0
VSEC.US,5,20211101,164500,55.82,55.82,55.82,55.82,100,0
VSEC.US,5,20211101,170000,56.02,56.02,56.02,56.02,100,0
VSEC.US,5,20211101,170500,56.305,56.305,56.305,56.305,100,0
VSEC.US,5,20211101,171000,56.26,56.26,56.26,56.26,100,0
VSEC.US,5,20211101,172000,56.145,56.145,56.145,56.145,100,0
VSEC.US,5,20211101,172500,56,56.1225,56,56.1225,456,0
VSEC.US,5,20211101,173000,56,56,55.85,55.85,600,0
VSEC.US,5,20211101,174500,55.85,55.85,55.85,55.85,100,0
VSEC.US,5,20211101,180500,55.76,55.76,55.76,55.76,100,0
VSEC.US,5,20211101,181000,55.8,56.03,55.8,56.03,200,0
VSEC.US,5,20211101,182000,55.58,55.635,55.43,55.635,616,0
VSEC.US,5,20211101,184500,55.6,55.6,55.6,55.6,100,0
VSEC.US,5,20211101,185000,55.54,55.54,55.5,55.5,200,0
VSEC.US,5,20211101,190000,55.29,55.29,55.03,55.03,400,0
VSEC.US,5,20211101,190500,55.25,55.25,55.25,55.25,100,0
VSEC.US,5,20211101,191500,55.27,55.27,55.27,55.27,100,0
VSEC.US,5,20211101,192000,55.13,55.13,55.13,55.13,100,0
VSEC.US,5,20211101,194000,55.35,55.35,55.35,55.35,100,0
VSEC.US,5,20211101,195000,55.4375,55.4375,55.4375,55.4375,100,0
VSEC.US,5,20211101,200000,55.42,55.42,55.42,55.42,200,0
VSEC.US,5,20211101,202500,55.69,55.69,55.63,55.63,200,0
VSEC.US,5,20211101,203000,55.54,55.54,55.54,55.54,100,0
VSEC.US,5,20211101,203500,55.595,55.595,55.595,55.595,100,0
VSEC.US,5,20211101,204500,55.815,55.815,55.815,55.815,100,0
VSEC.US,5,20211101,205000,55.82,55.925,55.76,55.77,500,0
VSEC.US,5,20211101,205500,55.88,55.89,55.63,55.89,3202,0
VSEC.US,5,20211102,143000,55.8,56.29,55.8,55.8,600,0
VSEC.US,5,20211102,155000,55.71,55.71,55.65,55.65,603,0
VSEC.US,5,20211102,160000,55.6057,55.6057,55.6057,55.6057,100,0
VSEC.US,5,20211102,161500,55.54,55.54,55.4,55.4,699,0
VSEC.US,5,20211102,165000,55.495,55.96,55.495,55.66,3679,0
VSEC.US,5,20211102,171000,55.77,55.77,55.77,55.77,100,0
VSEC.US,5,20211102,171500,55.81,55.81,55.81,55.81,100,0
VSEC.US,5,20211102,172500,55.66,55.66,55.66,55.66,100,0
VSEC.US,5,20211102,175000,55.68,56.09,55.68,56.09,600,0
VSEC.US,5,20211102,180000,55.8206,55.8206,55.8206,55.8206,544,0
VSEC.US,5,20211102,190500,55.71,55.74,55.7,55.74,301,0
VSEC.US,5,20211102,191000,55.69,55.69,55.66,55.66,300,0
VSEC.US,5,20211102,191500,55.26,55.26,55.26,55.26,100,0
VSEC.US,5,20211102,192000,55.18,55.18,55.18,55.18,155,0
VSEC.US,5,20211102,193500,55.25,55.25,55.25,55.25,400,0
VSEC.US,5,20211102,194000,55.53,55.685,55.2468,55.2468,600,0
VSEC.US,5,20211102,194500,55.31,55.31,55.1,55.115,1300,0
VSEC.US,5,20211102,200000,54.89,54.92,54.84,54.84,400,0
VSEC.US,5,20211102,200500,54.91,54.91,54.91,54.91,100,0
VSEC.US,5,20211102,201000,55.11,55.2,55.11,55.2,200,0
VSEC.US,5,20211102,203500,55.03,55.03,55.03,55.03,100,0
VSEC.US,5,20211102,205000,54.79,54.79,54.79,54.79,100,0
VSEC.US,5,20211102,205500,54.9,54.98,54.65,54.85,7757,0
VSEC.US,5,20211103,143000,54.91,54.91,54.91,54.91,186,0
VSEC.US,5,20211103,143500,56.025,56.025,56.025,56.025,100,0
VSEC.US,5,20211103,144500,55.465,55.495,55.465,55.495,200,0
VSEC.US,5,20211103,150000,55.0118,55.0118,55.0118,55.0118,100,0
VSEC.US,5,20211103,151000,55.12,55.12,55.12,55.12,114,0
VSEC.US,5,20211103,152000,54.78,55.165,54.78,55.165,300,0
VSEC.US,5,20211103,160000,55.42,55.42,55.42,55.42,100,0
VSEC.US,5,20211103,160500,55.345,55.355,55.345,55.355,220,0
VSEC.US,5,20211103,164000,55.685,55.685,55.685,55.685,100,0
VSEC.US,5,20211103,170000,55.32,55.82,55.32,55.82,700,0
VSEC.US,5,20211103,170500,55.82,55.84,55.69,55.69,400,0
VSEC.US,5,20211103,171500,56.07,56.07,56.07,56.07,100,0
VSEC.US,5,20211103,173500,55.51,55.56,55.51,55.56,400,0
VSEC.US,5,20211103,175000,55.745,55.745,55.745,55.745,100,0
VSEC.US,5,20211103,181000,55.81,55.81,55.81,55.81,100,0
VSEC.US,5,20211103,182000,55.53,55.53,55.53,55.53,100,0
VSEC.US,5,20211103,182500,55.7,55.7,55.7,55.7,100,0
VSEC.US,5,20211103,184000,55.795,55.795,55.795,55.795,100,0
VSEC.US,5,20211103,185500,55.57,55.57,55.57,55.57,100,0
VSEC.US,5,20211103,190000,55.82,56.3,55.82,56.3,200,0
VSEC.US,5,20211103,191000,56.2,56.2,56.2,56.2,100,0
VSEC.US,5,20211103,191500,56.64,56.64,56.37,56.37,200,0
VSEC.US,5,20211103,194000,56.91,56.91,56.91,56.91,100,0
VSEC.US,5,20211103,194500,56.73,56.73,56.725,56.725,240,0
VSEC.US,5,20211103,195000,57.04,57.04,57,57,200,0
VSEC.US,5,20211103,200000,56.66,56.73,56.66,56.73,428,0
VSEC.US,5,20211103,201000,56.195,56.195,56.195,56.195,100,0
VSEC.US,5,20211103,202000,56.51,56.51,56.51,56.51,100,0
VSEC.US,5,20211103,203000,56.46,56.68,56.46,56.68,600,0
VSEC.US,5,20211103,203500,56.735,56.735,56.735,56.735,100,0
VSEC.US,5,20211103,204000,56.93,56.93,56.93,56.93,100,0
VSEC.US,5,20211103,205000,56.91,56.91,56.78,56.8,500,0
VSEC.US,5,20211103,205500,56.91,57,56.74,56.74,4984,0
VSEC.US,5,20211104,143000,56.61,56.61,56.61,56.61,212,0
VSEC.US,5,20211104,144000,56.495,56.495,56.495,56.495,100,0
VSEC.US,5,20211104,145000,56.97,57.44,56.97,57.44,1169,0
VSEC.US,5,20211104,145500,57.31,57.905,57.31,57.905,400,0
VSEC.US,5,20211104,151000,56.4101,57.9001,56.4101,57.9001,385,0
VSEC.US,5,20211104,152000,57.96,57.96,57.96,57.96,100,0
VSEC.US,5,20211104,153500,57.795,57.795,57.795,57.795,100,0
VSEC.US,5,20211104,154000,57.24,57.25,57.24,57.25,200,0
VSEC.US,5,20211104,154500,57.8,57.8,57.8,57.8,100,0
VSEC.US,5,20211104,161000,57.4,57.41,57.4,57.41,200,0
VSEC.US,5,20211104,162500,57.685,57.685,57.685,57.685,100,0
VSEC.US,5,20211104,165000,57.65,57.65,57.46,57.545,600,0
VSEC.US,5,20211104,165500,57.56,57.87,57.5,57.575,600,0
VSEC.US,5,20211104,174500,57.53,57.53,57.53,57.53,200,0
VSEC.US,5,20211104,181000,57.49,57.49,57.49,57.49,100,0
VSEC.US,5,20211104,185000,57.6125,57.6125,57.6125,57.6125,100,0
VSEC.US,5,20211104,185500,57.555,57.785,57.32,57.49,1103,0
VSEC.US,5,20211104,190500,57.525,57.525,57.525,57.525,100,0
VSEC.US,5,20211104,200000,57.5,57.69,57.5,57.63,1610,0
VSEC.US,5,20211104,202500,57.45,57.82,57.44,57.82,400,0
VSEC.US,5,20211104,203000,57.84,57.84,57.84,57.84,100,0
VSEC.US,5,20211104,205000,57.56,57.56,57.32,57.32,1036,0
VSEC.US,5,20211104,205500,57.53,57.53,57.38,57.38,6882,0
VSEC.US,5,20211105,143000,57.55,57.55,57.55,57.55,1133,0
VSEC.US,5,20211105,143500,57.05,57.91,56.87,57.91,7899,0
VSEC.US,5,20211105,144000,57.41,57.41,57.41,57.41,130,0
VSEC.US,5,20211105,150000,57.99,58.09,57.99,58.09,300,0
VSEC.US,5,20211105,154500,58.19,58.31,57.91,57.91,2606,0
VSEC.US,5,20211105,155000,58.19,58.3725,58.18,58.24,1900,0
VSEC.US,5,20211105,155500,58.18,58.395,58.11,58.11,1600,0
VSEC.US,5,20211105,160000,58.46,58.51,58.46,58.51,515,0
VSEC.US,5,20211105,160500,58.745,58.745,58.745,58.745,100,0
VSEC.US,5,20211105,161000,58.79,59.04,58.715,59.04,1000,0
VSEC.US,5,20211105,162000,59.83,59.83,59.83,59.83,100,0
VSEC.US,5,20211105,163500,59.44,59.49,59.44,59.49,400,0
VSEC.US,5,20211105,164500,59.58,59.58,59.185,59.185,300,0
VSEC.US,5,20211105,165000,59.19,59.67,59.19,59.67,400,0
VSEC.US,5,20211105,165500,59.63,59.63,59.63,59.63,106,0
VSEC.US,5,20211105,170500,59.25,59.25,59.11,59.16,300,0
VSEC.US,5,20211105,171000,59.51,59.51,59.51,59.51,100,0
VSEC.US,5,20211105,171500,59.095,59.095,59.095,59.095,100,0
VSEC.US,5,20211105,173000,59.135,59.14,59.135,59.14,200,0
VSEC.US,5,20211105,174500,59.175,59.175,59.175,59.175,100,0
VSEC.US,5,20211105,175000,59.05,59.35,59.02,59.35,600,0
VSEC.US,5,20211105,175500,59.275,59.275,59.275,59.275,100,0
VSEC.US,5,20211105,180000,59.285,59.58,59.285,59.58,200,0
VSEC.US,5,20211105,181000,59.36,59.45,59.36,59.45,400,0
VSEC.US,5,20211105,182000,59.53,59.78,59.5,59.5,5400,0
VSEC.US,5,20211105,182500,59.72,59.72,59.46,59.46,7700,0
VSEC.US,5,20211105,183000,59.83,59.83,59.83,59.83,100,0
VSEC.US,5,20211105,183500,59.785,59.785,59.785,59.785,100,0
VSEC.US,5,20211105,184000,59.59,59.59,59.59,59.59,100,0
VSEC.US,5,20211105,184500,59.5,59.5,59.2,59.2,700,0
VSEC.US,5,20211105,185000,59.24,59.24,59.24,59.24,100,0
VSEC.US,5,20211105,185500,59.27,59.28,59.115,59.12,1100,0
VSEC.US,5,20211105,190000,58.91,58.99,58.91,58.99,200,0
VSEC.US,5,20211105,190500,59.14,59.14,58.79,58.79,200,0
VSEC.US,5,20211105,191000,58.84,58.84,58.84,58.84,600,0
VSEC.US,5,20211105,192500,58.89,58.89,58.89,58.89,100,0
VSEC.US,5,20211105,193500,58.92,58.92,58.92,58.92,500,0
VSEC.US,5,20211105,194000,59.07,59.07,59.07,59.07,100,0
VSEC.US,5,20211105,194500,59.06,59.19,59,59.0575,2300,0
VSEC.US,5,20211105,195000,59.25,59.59,59.25,59.48,1900,0
VSEC.US,5,20211105,195500,59.37,59.38,59.37,59.38,200,0
VSEC.US,5,20211105,200000,59.355,59.51,59.355,59.51,2000,0
VSEC.US,5,20211105,201000,59.84,60,59.84,60,921,0
VSEC.US,5,20211105,201500,59.905,60.015,59.85,59.85,589,0
VSEC.US,5,20211105,202000,59.8,59.99,59.8,59.99,600,0
VSEC.US,5,20211105,202500,59.99,60.03,59.9,60.03,1119,0
VSEC.US,5,20211105,204500,60.1005,60.3,60.02,60.02,1080,0
VSEC.US,5,20211105,205000,60.11,60.46,60.11,60.46,1065,0
VSEC.US,5,20211105,205500,60.03,60.35,60,60.3,5649,0
VSEC.US,5,20211108,153000,60.76,60.98,59.2927,60.98,1050,0
VSEC.US,5,20211108,153500,61,61,59.6501,60.1186,1432,0
VSEC.US,5,20211108,154500,60.06,60.06,60.05,60.05,200,0
VSEC.US,5,20211108,155000,59.94,59.94,59.94,59.94,100,0
VSEC.US,5,20211108,155500,59.9,60.45,59.8458,59.8458,1465,0
VSEC.US,5,20211108,161000,60.0487,60.0487,59.905,59.905,600,0
VSEC.US,5,20211108,162000,60.2,60.2,60.2,60.2,250,0
VSEC.US,5,20211108,162500,59.848,60.54,59.8401,60,1600,0
VSEC.US,5,20211108,163000,59.9975,59.9975,59.9975,59.9975,100,0
VSEC.US,5,20211108,164500,60.75,60.75,60.31,60.31,200,0
VSEC.US,5,20211108,165000,59.975,60.1246,59.975,60,300,0
VSEC.US,5,20211108,171000,59.87,59.995,59.84,59.84,300,0
VSEC.US,5,20211108,171500,59.845,59.845,59.57,59.57,200,0
VSEC.US,5,20211108,172500,60.125,60.125,60.125,60.125,100,0
VSEC.US,5,20211108,173000,60.15,60.15,60.15,60.15,100,0
VSEC.US,5,20211108,173500,60.15,60.15,59.99,59.99,800,0
VSEC.US,5,20211108,174000,60.17,60.406,60.04,60.3999,700,0
VSEC.US,5,20211108,174500,60.23,60.23,59.8401,59.8401,300,0
VSEC.US,5,20211108,182500,60.24,60.4634,60.15,60.4634,2829,0
VSEC.US,5,20211108,183000,60.38,60.4,60.1438,60.1438,12010,0
VSEC.US,5,20211108,183500,60.24,60.24,60.24,60.24,100,0
VSEC.US,5,20211108,185000,60.5,60.5,60.05,60.05,200,0
VSEC.US,5,20211108,185500,59.99,59.99,59.99,59.99,100,0
VSEC.US,5,20211108,191500,60,60.1,60,60.1,600,0
VSEC.US,5,20211108,192000,60,60.4,60,60.0001,1752,0
VSEC.US,5,20211108,192500,60.1,60.2069,60.05,60.1,944,0
VSEC.US,5,20211108,193000,60.0001,60.1,60,60,1162,0
VSEC.US,5,20211108,194000,60,60,60,60,2700,0
VSEC.US,5,20211108,201000,59.966,60.315,59.95,60.315,1167,0
VSEC.US,5,20211108,201500,60,60,59.93,60,900,0
VSEC.US,5,20211108,202000,59.93,60,59.93,60,500,0
VSEC.US,5,20211108,202500,60,60,60,60,114,0
VSEC.US,5,20211108,204000,60.22,60.22,59.93,60,1300,0
VSEC.US,5,20211108,204500,60,60,60,60,350,0
VSEC.US,5,20211108,205000,60.415,60.415,60.415,60.415,100,0
VSEC.US,5,20211108,210000,60.18,60.39,60.0146,60.0146,500,0
VSEC.US,5,20211108,210500,60.02,60.135,60.02,60.135,250,0
VSEC.US,5,20211108,211000,59.95,60.29,59.95,60.29,200,0
VSEC.US,5,20211108,211500,60.22,60.335,60.22,60.335,200,0
VSEC.US,5,20211108,212000,60.1,60.1,60,60,500,0
VSEC.US,5,20211108,214000,60.255,60.2699,59.812,60,5697,0
VSEC.US,5,20211108,214500,59.91,60.015,59.91,60.015,514,0
VSEC.US,5,20211108,215000,59.96,60.13,59.96,60.0668,1087,0
VSEC.US,5,20211108,215500,60.05,60.17,59.7,60.17,14422,0
VSEC.US,5,20211109,153000,59.72,59.72,59.72,59.72,863,0
VSEC.US,5,20211109,154500,59.75,59.75,59.75,59.75,1004,0
VSEC.US,5,20211109,155000,59.495,59.495,59.495,59.495,100,0
VSEC.US,5,20211109,161000,59.49,59.49,59.425,59.49,600,0
VSEC.US,5,20211109,173500,59.92,59.92,59.92,59.92,100,0
VSEC.US,5,20211109,174000,59.93,59.93,59.93,59.93,100,0
VSEC.US,5,20211109,182500,59.87,59.93,59.87,59.93,200,0
VSEC.US,5,20211109,183500,60,60,60,60,152,0
VSEC.US,5,20211109,190000,60.05,60.05,59.985,59.99,500,0
VSEC.US,5,20211109,191000,60.0448,60.0448,60.0448,60.0448,100,0
VSEC.US,5,20211109,192000,60.12,60.12,60.12,60.12,100,0
VSEC.US,5,20211109,192500,60.24,60.36,60.24,60.36,200,0
VSEC.US,5,20211109,203000,60.385,60.385,60.385,60.385,100,0
VSEC.US,5,20211109,203500,60.37,60.4,60.325,60.325,600,0
VSEC.US,5,20211109,204000,60.4,60.4,60.305,60.305,200,0
VSEC.US,5,20211109,204500,60.49,60.49,60.49,60.49,100,0
VSEC.US,5,20211109,205000,60.29,60.29,60.29,60.29,200,0
VSEC.US,5,20211109,210000,60.285,60.53,60.285,60.53,300,0
VSEC.US,5,20211109,210500,60.4,60.4,60.28,60.28,291,0
VSEC.US,5,20211109,211000,60.28,60.51,60.28,60.395,600,0
VSEC.US,5,20211109,212000,60.26,60.72,60.26,60.72,200,0
VSEC.US,5,20211109,212500,60.4,60.4,60.2,60.2,200,0
VSEC.US,5,20211109,213000,60.37,60.61,60.28,60.61,800,0
VSEC.US,5,20211109,213500,60.46,60.58,60.275,60.58,400,0
VSEC.US,5,20211109,214000,60.33,60.7,60.33,60.69,500,0
VSEC.US,5,20211109,214500,60.41,60.63,60.405,60.42,500,0
VSEC.US,5,20211109,215000,60.6,60.79,60.38,60.79,1300,0
VSEC.US,5,20211109,215500,60.35,60.835,60.35,60.75,8072,0
VSEC.US,5,20211110,155500,60.63,60.635,60.63,60.635,800,0
VSEC.US,5,20211110,160500,60.64,60.64,60.64,60.64,100,0
VSEC.US,5,20211110,161000,60.755,60.755,60.755,60.755,200,0
VSEC.US,5,20211110,174000,60.9,61.4,60.78,61.4,2151,0
VSEC.US,5,20211110,174500,61.46,61.705,61.4,61.4,2951,0
VSEC.US,5,20211110,180000,61.18,61.18,61.18,61.18,100,0
VSEC.US,5,20211110,184500,61.1,61.215,61.1,61.215,300,0
VSEC.US,5,20211110,185000,61.19,61.1995,61.19,61.1995,364,0
VSEC.US,5,20211110,190000,60.99,60.995,60.99,60.995,200,0
VSEC.US,5,20211110,191000,61.35,61.35,61.35,61.35,100,0
VSEC.US,5,20211110,192000,61.14,61.14,61.14,61.14,100,0
VSEC.US,5,20211110,200000,61.11,61.11,61.1,61.1,200,0
VSEC.US,5,20211110,201000,61.05,61.05,61.05,61.05,100,0
VSEC.US,5,20211110,203000,61.02,61.75,61.02,61.3,939,0
VSEC.US,5,20211110,204500,61.23,61.385,61.23,61.385,200,0
VSEC.US,5,20211110,211500,61.195,61.195,61.195,61.195,100,0
VSEC.US,5,20211110,212000,61.42,61.44,61.22,61.22,959,0
VSEC.US,5,20211110,213000,61.45,61.45,61.45,61.45,100,0
VSEC.US,5,20211110,213500,61.5,61.5,61.5,61.5,100,0
VSEC.US,5,20211110,214000,61.71,61.78,61.58,61.605,700,0
VSEC.US,5,20211110,214500,61.71,61.71,61.71,61.71,100,0
VSEC.US,5,20211110,215000,61.86,62,61.86,62,300,0
VSEC.US,5,20211110,215500,61.97,62.2,61.74,61.74,4194,0
VSEC.US,5,20211111,153000,61.77,61.77,61.77,61.77,318,0
VSEC.US,5,20211111,153500,60.2605,62,60.2605,61.95,500,0
VSEC.US,5,20211111,154000,62,62,62,62,100,0
VSEC.US,5,20211111,155500,62.465,62.465,62.465,62.465,100,0
VSEC.US,5,20211111,160000,62.68,62.68,62.68,62.68,100,0
VSEC.US,5,20211111,162500,62.65,62.65,62.65,62.65,500,0
VSEC.US,5,20211111,163000,62.66,62.89,62.65,62.65,600,0
VSEC.US,5,20211111,163500,62.6703,63,62.6703,62.96,899,0
VSEC.US,5,20211111,164000,62.78,63.23,62.78,63.23,1100,0
VSEC.US,5,20211111,164500,63.57,63.57,63.4,63.4,302,0
VSEC.US,5,20211111,170000,63.315,63.315,63.3007,63.3007,300,0
VSEC.US,5,20211111,170500,62.99,62.99,62.99,62.99,100,0
VSEC.US,5,20211111,171500,63.22,63.22,63.22,63.22,100,0
VSEC.US,5,20211111,173500,63.26,63.3,63.26,63.3,400,0
VSEC.US,5,20211111,174000,63.31,63.52,63.31,63.52,200,0
VSEC.US,5,20211111,175000,63.43,63.43,63.43,63.43,100,0
VSEC.US,5,20211111,175500,63.36,63.36,63.36,63.36,100,0
VSEC.US,5,20211111,180500,63.38,63.38,63.38,63.38,100,0
VSEC.US,5,20211111,183000,63.4625,63.565,63.44,63.455,1900,0
VSEC.US,5,20211111,184000,63.595,63.68,63.595,63.68,491,0
VSEC.US,5,20211111,184500,63.71,63.71,63.71,63.71,200,0
VSEC.US,5,20211111,190500,63.71,63.71,63.71,63.71,160,0
VSEC.US,5,20211111,192500,63.95,63.95,63.95,63.95,100,0
VSEC.US,5,20211111,194000,63.84,63.84,63.84,63.84,100,0
VSEC.US,5,20211111,194500,63.87,63.995,63.86,63.995,300,0
VSEC.US,5,20211111,195000,63.72,63.72,63.5,63.5,800,0
VSEC.US,5,20211111,200000,63.42,63.42,63.42,63.42,100,0
VSEC.US,5,20211111,201500,63.15,63.15,62.59,62.71,1516,0
VSEC.US,5,20211111,202500,62.6,62.62,62.48,62.48,1683,0
VSEC.US,5,20211111,203000,62.62,62.62,62.62,62.62,100,0
VSEC.US,5,20211111,204000,62.61,62.61,62.61,62.61,100,0
VSEC.US,5,20211111,204500,62.5,62.51,62.47,62.51,1700,0
VSEC.US,5,20211111,205000,62.425,62.425,62.425,62.425,100,0
VSEC.US,5,20211111,205500,62.495,62.495,62.47,62.47,200,0
VSEC.US,5,20211111,210500,62.71,62.71,62.71,62.71,100,0
VSEC.US,5,20211111,212000,62.795,62.795,62.795,62.795,100,0
VSEC.US,5,20211111,213000,62.64,62.65,62.635,62.65,600,0
VSEC.US,5,20211111,213500,62.8,63.19,62.78,63.19,700,0
VSEC.US,5,20211111,214000,63.065,63.065,63.065,63.065,100,0
VSEC.US,5,20211111,214500,63.01,63.225,63,63.225,600,0
VSEC.US,5,20211111,215000,62.96,62.96,62.92,62.92,308,0
VSEC.US,5,20211111,215500,63.03,63.08,62.93,62.98,9247,0
