<TICKER>,<PER>,<DATE>,<TIME>,<OPEN>,<HIGH>,<LOW>,<CLOSE>,<VOL>,<OPENINT>
TMKRU.US,5,20210922,153000,10.0491,10.08,10.025,10.08,3000,0
TMKRU.US,5,20210922,162000,10.0501,10.0501,10.0501,10.0501,150,0
TMKRU.US,5,20210922,204000,10.07,10.07,10.06,10.06,1542,0
TMKRU.US,5,20210923,202000,10.07,10.07,10.06,10.06,1300,0
TMKRU.US,5,20210924,172500,10.06,10.1,10.06,10.07,4010,0
TMKRU.US,5,20210924,173000,10.1,10.1,10.1,10.1,496,0
TMKRU.US,5,20210924,173500,10.1,10.1,10.1,10.1,254,0
TMKRU.US,5,20210927,204500,10.1,10.1,10.1,10.1,400,0
TMKRU.US,5,20210927,210500,10.1,10.1,10.1,10.1,100,0
TMKRU.US,5,20210927,211000,10.1,10.1,10.1,10.1,400,0
TMKRU.US,5,20210927,211500,10.1,10.1,10.1,10.1,200,0
TMKRU.US,5,20210928,153000,10.09,10.1,10.05,10.0775,3698,0
TMKRU.US,5,20210928,155000,10.08,10.08,10.08,10.08,200,0
TMKRU.US,5,20210928,173000,10.09,10.09,10.09,10.09,200,0
TMKRU.US,5,20210928,181000,10.09,10.1,10.09,10.1,592,0
TMKRU.US,5,20210928,201500,10.09,10.095,10.08,10.08,3980,0
TMKRU.US,5,20210928,202000,10.09,10.09,10.0804,10.0804,2820,0
TMKRU.US,5,20210929,161500,10.1,10.1,10.1,10.1,1300,0
TMKRU.US,5,20210929,214000,10.1,10.1,10.1,10.1,250,0
TMKRU.US,5,20210930,153500,10.0886,10.13,10.0886,10.13,500,0
TMKRU.US,5,20210930,160000,10.115,10.115,10.0905,10.0905,500,0
TMKRU.US,5,20210930,161000,10.14,10.14,10.14,10.14,730,0
TMKRU.US,5,20210930,164000,10.15,10.15,10.15,10.15,400,0
TMKRU.US,5,20210930,172000,10.13,10.13,10.13,10.13,1201,0
TMKRU.US,5,20210930,180000,10.13,10.13,10.095,10.1,3060,0
TMKRU.US,5,20210930,201500,10.1185,10.1185,10.1,10.11,2016,0
TMKRU.US,5,20210930,202000,10.1,10.11,10.09,10.09,11900,0
TMKRU.US,5,20210930,202500,10.13,10.13,10.13,10.13,140,0
TMKRU.US,5,20210930,215000,10.16,10.16,10.16,10.16,1002,0
TMKRU.US,5,20210930,215500,10.16,10.16,10.12,10.12,900,0
TMKRU.US,5,20211001,163000,10.1,10.1,10.1,10.1,100,0
TMKRU.US,5,20211001,174500,10.15,10.15,10.15,10.15,1900,0
TMKRU.US,5,20211001,191500,10.1365,10.1365,10.13,10.1328,1810,0
TMKRU.US,5,20211001,193000,10.12,10.12,10.11,10.11,450,0
TMKRU.US,5,20211001,203000,10.12,10.12,10.11,10.11,1380,0
TMKRU.US,5,20211001,212000,10.14,10.14,10.14,10.14,1200,0
TMKRU.US,5,20211001,214000,10.14,10.14,10.14,10.14,200,0
TMKRU.US,5,20211004,153000,10.18,10.18,10.18,10.18,2500,0
TMKRU.US,5,20211004,160000,10.1,10.1001,10.1,10.1001,13128,0
TMKRU.US,5,20211004,163500,10.15,10.15,10.15,10.15,600,0
TMKRU.US,5,20211004,164500,10.13,10.13,10.12,10.12,1589,0
TMKRU.US,5,20211004,180500,10.15,10.15,10.15,10.15,200,0
TMKRU.US,5,20211004,182000,10.15,10.15,10.15,10.15,200,0
TMKRU.US,5,20211004,183500,10.15,10.15,10.15,10.15,200,0
TMKRU.US,5,20211004,184000,10.15,10.15,10.15,10.15,300,0
TMKRU.US,5,20211004,185500,10.15,10.15,10.15,10.15,200,0
TMKRU.US,5,20211004,190500,10.15,10.15,10.15,10.15,100,0
TMKRU.US,5,20211004,191000,10.15,10.15,10.15,10.15,200,0
TMKRU.US,5,20211004,191500,10.15,10.15,10.15,10.15,200,0
TMKRU.US,5,20211004,192500,10.15,10.15,10.15,10.15,300,0
TMKRU.US,5,20211004,193000,10.15,10.15,10.15,10.15,200,0
TMKRU.US,5,20211004,212000,10.15,10.15,10.15,10.15,200,0
TMKRU.US,5,20211004,214000,10.15,10.15,10.15,10.15,200,0
TMKRU.US,5,20211004,214500,10.15,10.15,10.15,10.15,200,0
TMKRU.US,5,20211004,215500,10.15,10.15,10.15,10.15,300,0
TMKRU.US,5,20211007,160000,10.08,10.135,10.07,10.135,1190,0
TMKRU.US,5,20211008,180500,10.115,10.115,10.115,10.115,320,0
TMKRU.US,5,20211008,181000,10.13,10.13,10.13,10.13,200,0
TMKRU.US,5,20211012,164000,10.1097,10.1097,10.1097,10.1097,500,0
TMKRU.US,5,20211012,175500,10.1108,10.1108,10.1108,10.1108,3000,0
TMKRU.US,5,20211012,195500,10.1,10.1,10.09,10.09,15691,0
TMKRU.US,5,20211012,202000,10.1,10.1,10.1,10.1,600,0
TMKRU.US,5,20211012,203000,10.1,10.1,10.1,10.1,300,0
TMKRU.US,5,20211012,204500,10.1,10.1,10.1,10.1,200,0
TMKRU.US,5,20211012,205500,10.105,10.105,10.105,10.105,200,0
TMKRU.US,5,20211012,211000,10.105,10.105,10.1,10.1,800,0
TMKRU.US,5,20211012,211500,10.105,10.105,10.105,10.105,200,0
TMKRU.US,5,20211012,212000,10.105,10.105,10.105,10.105,800,0
TMKRU.US,5,20211012,213500,10.12,10.14,10.1,10.1,1000,0
TMKRU.US,5,20211012,214000,10.1,10.1,10.1,10.1,600,0
TMKRU.US,5,20211012,214500,10.12,10.14,10.12,10.14,300,0
TMKRU.US,5,20211012,215000,10.14,10.14,10.14,10.14,100,0
TMKRU.US,5,20211012,215500,10.18,10.18,10.1,10.1,979,0
TMKRU.US,5,20211013,215000,10.1,10.1,10.1,10.1,300,0
TMKRU.US,5,20211014,180000,10.09,10.09,10.09,10.09,300,0
TMKRU.US,5,20211015,173000,10.1,10.15,10.1,10.1285,800,0
TMKRU.US,5,20211019,153000,10.0821,10.0821,10.0821,10.0821,800,0
TMKRU.US,5,20211019,215500,10.1,10.12,10.1,10.1004,1847,0
TMKRU.US,5,20211020,164500,10.1,10.1,10.1,10.1,100,0
TMKRU.US,5,20211020,171000,10.145,10.145,10.145,10.145,100,0
TMKRU.US,5,20211020,200000,10.145,10.145,10.145,10.145,100,0
TMKRU.US,5,20211021,165500,10.09,10.09,10.09,10.09,2499,0
TMKRU.US,5,20211021,174000,10.1,10.1,10.1,10.1,500,0
TMKRU.US,5,20211021,202000,10.1,10.1,10.1,10.1,100,0
TMKRU.US,5,20211022,175000,10.1,10.1,10.1,10.1,100,0
TMKRU.US,5,20211022,193500,10.0977,10.1,10.09,10.1,1400,0
TMKRU.US,5,20211022,215000,10.09,10.09,10.09,10.09,200,0
TMKRU.US,5,20211025,153000,10.09,10.09,10.09,10.09,100,0
TMKRU.US,5,20211025,171000,10.1155,10.1155,10.09,10.09,2548,0
TMKRU.US,5,20211025,181500,10.09,10.09,10.09,10.09,500,0
TMKRU.US,5,20211025,183500,10.1,10.14,10.09,10.1109,1600,0
TMKRU.US,5,20211025,194500,10.14,10.14,10.09,10.14,900,0
TMKRU.US,5,20211025,213500,10.1,10.16,10.09,10.14,500,0
TMKRU.US,5,20211028,153000,10.1,10.1,10.1,10.1,100,0
TMKRU.US,5,20211028,210000,10.12,10.12,10.12,10.12,190,0
TMKRU.US,5,20211101,144000,10.1,10.1,10.1,10.1,416,0
TMKRU.US,5,20211101,154000,10.15,10.15,10.15,10.15,100,0
TMKRU.US,5,20211102,192500,10.1259,10.1259,10.1259,10.1259,2750,0
TMKRU.US,5,20211102,203500,10.12,10.12,10.12,10.12,100,0
TMKRU.US,5,20211103,143000,10.2,10.2,10.2,10.2,1000,0
TMKRU.US,5,20211103,200000,10.1324,10.1324,10.1324,10.1324,100,0
TMKRU.US,5,20211104,155000,10.11,10.11,10.11,10.11,200,0
TMKRU.US,5,20211104,161000,10.13,10.13,10.13,10.13,500,0
TMKRU.US,5,20211104,163000,10.13,10.13,10.13,10.13,600,0
TMKRU.US,5,20211104,202000,10.13,10.13,10.13,10.13,400,0
TMKRU.US,5,20211104,203000,10.13,10.13,10.12,10.12,3499,0
TMKRU.US,5,20211104,205500,10.155,10.17,10.15,10.17,2274,0
TMKRU.US,5,20211105,175000,10.12,10.12,10.12,10.12,200,0
TMKRU.US,5,20211105,175500,10.15,10.15,10.15,10.15,700,0
TMKRU.US,5,20211105,203000,10.15,10.1501,10.14,10.1501,700,0
TMKRU.US,5,20211108,154000,10.1301,10.19,10.13,10.17,1500,0
TMKRU.US,5,20211108,154500,10.14,10.1671,10.13,10.1671,1000,0
TMKRU.US,5,20211108,155500,10.14,10.1645,10.13,10.1547,1100,0
TMKRU.US,5,20211108,160500,10.1301,10.185,10.13,10.13,2600,0
TMKRU.US,5,20211108,161500,10.1301,10.1748,10.13,10.1667,2600,0
TMKRU.US,5,20211108,162000,10.13,10.185,10.13,10.14,6100,0
TMKRU.US,5,20211108,164000,10.14,10.167,10.1301,10.14,900,0
TMKRU.US,5,20211108,164500,10.14,10.1735,10.14,10.1625,1300,0
TMKRU.US,5,20211108,170500,10.15,10.1734,10.14,10.1401,1700,0
TMKRU.US,5,20211108,171500,10.1401,10.1735,10.14,10.1684,1100,0
TMKRU.US,5,20211108,183000,10.15,10.15,10.15,10.15,820,0
TMKRU.US,5,20211108,203000,10.15,10.15,10.15,10.15,200,0
TMKRU.US,5,20211108,203500,10.15,10.15,10.15,10.15,400,0
TMKRU.US,5,20211108,204000,10.15,10.15,10.15,10.15,400,0
TMKRU.US,5,20211108,204500,10.15,10.15,10.15,10.15,400,0
TMKRU.US,5,20211108,205000,10.15,10.15,10.15,10.15,400,0
TMKRU.US,5,20211108,205500,10.15,10.15,10.15,10.15,500,0
TMKRU.US,5,20211108,210000,10.15,10.15,10.15,10.15,400,0
TMKRU.US,5,20211108,210500,10.15,10.15,10.15,10.15,500,0
TMKRU.US,5,20211108,211000,10.15,10.15,10.15,10.15,500,0
TMKRU.US,5,20211108,211500,10.15,10.15,10.15,10.15,500,0
TMKRU.US,5,20211108,212000,10.15,10.15,10.15,10.15,500,0
TMKRU.US,5,20211108,212500,10.15,10.15,10.15,10.15,600,0
TMKRU.US,5,20211108,213000,10.15,10.15,10.15,10.15,700,0
TMKRU.US,5,20211108,213500,10.15,10.19,10.15,10.19,2657,0
TMKRU.US,5,20211108,214000,10.15,10.15,10.15,10.15,200,0
TMKRU.US,5,20211108,215000,10.17,10.18,10.17,10.17,1400,0
TMKRU.US,5,20211108,215500,10.175,10.198,10.17,10.17,7900,0
TMKRU.US,5,20211109,165500,10.14,10.14,10.14,10.14,500,0
TMKRU.US,5,20211109,170000,10.15,10.15,10.15,10.15,800,0
TMKRU.US,5,20211109,181500,10.1501,10.1501,10.1501,10.1501,106,0
TMKRU.US,5,20211109,215000,10.18,10.1803,10.18,10.1803,200,0
TMKRU.US,5,20211109,215500,10.1957,10.2025,10.17,10.17,1300,0
TMKRU.US,5,20211110,161500,10.17,10.1835,10.17,10.17,800,0
TMKRU.US,5,20211110,164500,10.18,10.18,10.17,10.17,1100,0
TMKRU.US,5,20211110,165500,10.17,10.1927,10.17,10.1927,700,0
TMKRU.US,5,20211110,170500,10.17,10.17,10.17,10.17,100,0
TMKRU.US,5,20211110,203000,10.19,10.2039,10.19,10.2039,600,0
TMKRU.US,5,20211110,213500,10.19,10.19,10.1801,10.1801,300,0
TMKRU.US,5,20211110,214000,10.19,10.1912,10.19,10.19,400,0
TMKRU.US,5,20211111,170000,10.15,10.15,10.1475,10.15,1376,0
TMKRU.US,5,20211111,170500,10.15,10.15,10.15,10.15,100,0
TMKRU.US,5,20211111,171500,10.15,10.15,10.15,10.15,200,0
TMKRU.US,5,20211111,172500,10.15,10.169,10.15,10.169,800,0
TMKRU.US,5,20211111,204500,10.165,10.17,10.16,10.16,4098,0
TMKRU.US,5,20211111,210000,10.17,10.17,10.17,10.17,749,0
TMKRU.US,5,20211111,213000,10.18,10.18,10.18,10.18,305,0
