<TICKER>,<PER>,<DATE>,<TIME>,<OPEN>,<HIGH>,<LOW>,<CLOSE>,<VOL>,<OPENINT>
ZEST.US,5,20210922,153000,5.2,5.2,5.18,5.18,4334,0
ZEST.US,5,20210922,154000,5.1,5.1,5.1,5.1,100,0
ZEST.US,5,20210922,155000,5.1,5.1,5.1,5.1,100,0
ZEST.US,5,20210922,160000,5.05,5.05,5,5,1300,0
ZEST.US,5,20210922,160500,5,5.075,4.95,5.075,4382,0
ZEST.US,5,20210922,161000,5.07,5.1,5,5.1,2300,0
ZEST.US,5,20210922,161500,5.0102,5.1,5,5,2900,0
ZEST.US,5,20210922,162500,5.13,5.13,5.13,5.13,100,0
ZEST.US,5,20210922,163000,5.11,5.155,5.11,5.155,200,0
ZEST.US,5,20210922,163500,5.18,5.18,5.18,5.18,100,0
ZEST.US,5,20210922,164500,5.16,5.2,5.16,5.2,700,0
ZEST.US,5,20210922,165000,5.175,5.175,5.175,5.175,650,0
ZEST.US,5,20210922,171000,5.22,5.22,5.2,5.2,400,0
ZEST.US,5,20210922,172000,5.19,5.19,5.16,5.19,600,0
ZEST.US,5,20210922,172500,5.22,5.22,5.22,5.22,100,0
ZEST.US,5,20210922,173000,5.2,5.2003,5.17,5.2003,2300,0
ZEST.US,5,20210922,173500,5.22,5.22,5.22,5.22,100,0
ZEST.US,5,20210922,174000,5.24,5.24,5.24,5.24,210,0
ZEST.US,5,20210922,175500,5.22,5.22,5.22,5.22,600,0
ZEST.US,5,20210922,180000,5.2,5.22,5.16,5.16,8790,0
ZEST.US,5,20210922,180500,5.2351,5.2351,5.2,5.2,1100,0
ZEST.US,5,20210922,181000,5.2,5.2,5.16,5.2,1637,0
ZEST.US,5,20210922,182000,5.15,5.155,5.15,5.155,300,0
ZEST.US,5,20210922,182500,5.1588,5.23,5.15,5.23,4651,0
ZEST.US,5,20210922,183000,5.1757,5.1757,5.1757,5.1757,530,0
ZEST.US,5,20210922,191000,5.24,5.24,5.24,5.24,100,0
ZEST.US,5,20210922,191500,5.24,5.25,5.21,5.23,4186,0
ZEST.US,5,20210922,193000,5.2352,5.25,5.2154,5.25,1700,0
ZEST.US,5,20210922,193500,5.25,5.25,5.25,5.25,1140,0
ZEST.US,5,20210922,194000,5.23,5.23,5.22,5.23,1300,0
ZEST.US,5,20210922,194500,5.25,5.25,5.25,5.25,889,0
ZEST.US,5,20210922,195000,5.238,5.2496,5.21,5.23,12000,0
ZEST.US,5,20210922,202500,5.23,5.24,5.23,5.24,2332,0
ZEST.US,5,20210922,203000,5.24,5.24,5.21,5.21,2300,0
ZEST.US,5,20210922,203500,5.233,5.233,5.21,5.21,800,0
ZEST.US,5,20210922,204500,5.23,5.24,5.23,5.24,700,0
ZEST.US,5,20210922,205000,5.24,5.24,5.24,5.24,100,0
ZEST.US,5,20210922,210000,5.23,5.23,5.23,5.23,100,0
ZEST.US,5,20210922,210500,5.24,5.25,5.23,5.24,3258,0
ZEST.US,5,20210922,211000,5.25,5.25,5.23,5.23,3518,0
ZEST.US,5,20210922,211500,5.24,5.24,5.23,5.23,465,0
ZEST.US,5,20210922,212000,5.24,5.24,5.24,5.24,100,0
ZEST.US,5,20210922,213000,5.245,5.25,5.24,5.25,2500,0
ZEST.US,5,20210922,213500,5.28,5.28,5.24,5.24,4950,0
ZEST.US,5,20210922,214000,5.25,5.25,5.25,5.25,243,0
ZEST.US,5,20210922,214500,5.25,5.26,5.17,5.17,6879,0
ZEST.US,5,20210922,215000,5.19,5.2,5.16,5.2,1040,0
ZEST.US,5,20210922,215500,5.21,5.3,5.17,5.19,14612,0
ZEST.US,5,20210923,153000,5.19,5.19,5.05,5.05,329,0
ZEST.US,5,20210923,154500,5.2,5.2,5.2,5.2,1100,0
ZEST.US,5,20210923,155500,5.1922,5.1922,5.1859,5.1859,300,0
ZEST.US,5,20210923,160500,5.19,5.25,5.07,5.15,9400,0
ZEST.US,5,20210923,161000,5.13,5.2,5.06,5.2,2980,0
ZEST.US,5,20210923,162500,5.25,5.25,5.15,5.15,200,0
ZEST.US,5,20210923,163000,5.2303,5.2303,5.2303,5.2303,200,0
ZEST.US,5,20210923,163500,5.22,5.25,5.22,5.25,200,0
ZEST.US,5,20210923,164000,5.25,5.25,5.22,5.22,1300,0
ZEST.US,5,20210923,165500,5.23,5.23,5.23,5.23,100,0
ZEST.US,5,20210923,171000,5.23,5.25,5.22,5.25,6112,0
ZEST.US,5,20210923,173500,5.28,5.28,5.24,5.24,1800,0
ZEST.US,5,20210923,174000,5.26,5.26,5.26,5.26,120,0
ZEST.US,5,20210923,175000,5.26,5.26,5.26,5.26,508,0
ZEST.US,5,20210923,175500,5.26,5.26,5.26,5.26,108,0
ZEST.US,5,20210923,180000,5.28,5.28,5.28,5.28,100,0
ZEST.US,5,20210923,180500,5.29,5.29,5.29,5.29,100,0
ZEST.US,5,20210923,181000,5.27,5.27,5.27,5.27,508,0
ZEST.US,5,20210923,181500,5.278,5.278,5.278,5.278,100,0
ZEST.US,5,20210923,182000,5.27,5.27,5.27,5.27,300,0
ZEST.US,5,20210923,183000,5.27,5.27,5.27,5.27,500,0
ZEST.US,5,20210923,183500,5.27,5.27,5.265,5.265,200,0
ZEST.US,5,20210923,184000,5.265,5.265,5.265,5.265,300,0
ZEST.US,5,20210923,185500,5.25,5.25,5.22,5.22,2180,0
ZEST.US,5,20210923,190500,5.235,5.235,5.235,5.235,100,0
ZEST.US,5,20210923,191000,5.235,5.235,5.235,5.235,470,0
ZEST.US,5,20210923,191500,5.25,5.25,5.22,5.22,700,0
ZEST.US,5,20210923,192500,5.235,5.25,5.22,5.25,8111,0
ZEST.US,5,20210923,193000,5.235,5.24,5.235,5.24,300,0
ZEST.US,5,20210923,195000,5.25,5.26,5.23,5.26,2669,0
ZEST.US,5,20210923,195500,5.26,5.29,5.26,5.29,200,0
ZEST.US,5,20210923,200000,5.26,5.26,5.23,5.23,1200,0
ZEST.US,5,20210923,201500,5.29,5.29,5.29,5.29,100,0
ZEST.US,5,20210923,204000,5.27,5.28,5.27,5.275,2095,0
ZEST.US,5,20210923,205000,5.26,5.27,5.26,5.27,1589,0
ZEST.US,5,20210923,205500,5.2848,5.2848,5.2848,5.2848,200,0
ZEST.US,5,20210923,211000,5.275,5.275,5.275,5.275,600,0
ZEST.US,5,20210923,211500,5.275,5.2899,5.25,5.25,1600,0
ZEST.US,5,20210923,213000,5.275,5.275,5.275,5.275,221,0
ZEST.US,5,20210923,213500,5.275,5.275,5.275,5.275,200,0
ZEST.US,5,20210923,214000,5.265,5.27,5.26,5.26,900,0
ZEST.US,5,20210923,214500,5.255,5.255,5.255,5.255,110,0
ZEST.US,5,20210923,215000,5.265,5.28,5.2,5.2,3674,0
ZEST.US,5,20210923,215500,5.2,5.24,5.2,5.24,2143,0
ZEST.US,5,20210924,153000,5.25,5.25,5.25,5.25,2379,0
ZEST.US,5,20210924,155500,5.26,5.26,5.26,5.26,1000,0
ZEST.US,5,20210924,160500,5.2574,5.2574,5.2574,5.2574,100,0
ZEST.US,5,20210924,162500,5.275,5.275,5.275,5.275,472,0
ZEST.US,5,20210924,163000,5.25,5.25,5.25,5.25,262,0
ZEST.US,5,20210924,171000,5.255,5.255,5.22,5.25,1370,0
ZEST.US,5,20210924,173000,5.23,5.23,5.2,5.2,1664,0
ZEST.US,5,20210924,174000,5.19,5.19,5.18,5.18,700,0
ZEST.US,5,20210924,174500,5.1727,5.1727,5.15,5.15,2860,0
ZEST.US,5,20210924,175000,5.165,5.165,5.165,5.165,200,0
ZEST.US,5,20210924,181500,5.14,5.2,5.14,5.2,2883,0
ZEST.US,5,20210924,182000,5.235,5.25,5.2,5.25,4529,0
ZEST.US,5,20210924,190000,5.25,5.25,5.25,5.25,340,0
ZEST.US,5,20210924,201500,5.21,5.24,5.2,5.21,3216,0
ZEST.US,5,20210924,205500,5.2111,5.275,5.12,5.14,7125,0
ZEST.US,5,20210924,210000,5.19,5.19,5.19,5.19,470,0
ZEST.US,5,20210924,211000,5.2252,5.2252,5.15,5.15,485,0
ZEST.US,5,20210924,211500,5.21,5.21,5.21,5.21,584,0
ZEST.US,5,20210924,213000,5.23,5.23,5.23,5.23,100,0
ZEST.US,5,20210924,214500,5.235,5.235,5.19,5.19,4474,0
ZEST.US,5,20210924,215500,5.21,5.25,5.21,5.25,732,0
ZEST.US,5,20210927,153000,5.25,5.25,5.11,5.11,2629,0
ZEST.US,5,20210927,154000,5.2733,5.3,5.2733,5.3,200,0
ZEST.US,5,20210927,160000,5.25,5.25,5.25,5.25,100,0
ZEST.US,5,20210927,161000,5.25,5.25,5.2283,5.2283,400,0
ZEST.US,5,20210927,163000,5.2428,5.29,5.2355,5.25,1900,0
ZEST.US,5,20210927,163500,5.165,5.165,5.165,5.165,100,0
ZEST.US,5,20210927,165500,5.22,5.2581,5.22,5.2581,1276,0
ZEST.US,5,20210927,170000,5.27,5.27,5.27,5.27,100,0
ZEST.US,5,20210927,171500,5.25,5.25,5.15,5.18,1700,0
ZEST.US,5,20210927,175500,5.27,5.27,5.25,5.25,2800,0
ZEST.US,5,20210927,182500,5.25,5.25,5.25,5.25,300,0
ZEST.US,5,20210927,183000,5.25,5.25,5.25,5.25,100,0
ZEST.US,5,20210927,183500,5.25,5.25,5.25,5.25,100,0
ZEST.US,5,20210927,184000,5.25,5.25,5.25,5.25,200,0
ZEST.US,5,20210927,184500,5.2692,5.2692,5.2692,5.2692,250,0
ZEST.US,5,20210927,185000,5.27,5.27,5.25,5.25,710,0
ZEST.US,5,20210927,185500,5.27,5.27,5.25,5.27,400,0
ZEST.US,5,20210927,190000,5.26,5.26,5.26,5.26,200,0
ZEST.US,5,20210927,190500,5.25,5.25,5.2,5.2,1636,0
ZEST.US,5,20210927,191000,5.26,5.26,5.21,5.26,300,0
ZEST.US,5,20210927,191500,5.26,5.26,5.23,5.26,400,0
ZEST.US,5,20210927,192000,5.26,5.26,5.26,5.26,200,0
ZEST.US,5,20210927,192500,5.26,5.26,5.26,5.26,200,0
ZEST.US,5,20210927,193000,5.235,5.235,5.235,5.235,100,0
ZEST.US,5,20210927,193500,5.26,5.26,5.235,5.235,200,0
ZEST.US,5,20210927,194000,5.235,5.26,5.2,5.26,300,0
ZEST.US,5,20210927,194500,5.26,5.26,5.26,5.26,100,0
ZEST.US,5,20210927,195000,5.25,5.25,5.23,5.25,1400,0
ZEST.US,5,20210927,195500,5.25,5.25,5.2,5.2059,450,0
ZEST.US,5,20210927,200000,5.25,5.25,5.25,5.25,100,0
ZEST.US,5,20210927,200500,5.25,5.25,5.15,5.25,5545,0
ZEST.US,5,20210927,201000,5.25,5.25,5.25,5.25,100,0
ZEST.US,5,20210927,201500,5.245,5.245,5.245,5.245,100,0
ZEST.US,5,20210927,202000,5.25,5.25,5.25,5.25,100,0
ZEST.US,5,20210927,202500,5.25,5.25,5.25,5.25,369,0
ZEST.US,5,20210927,203000,5.25,5.25,5.25,5.25,200,0
ZEST.US,5,20210927,203500,5.176,5.25,5.176,5.25,200,0
ZEST.US,5,20210927,204000,5.25,5.25,5.25,5.25,100,0
ZEST.US,5,20210927,204500,5.25,5.25,5.16,5.25,1733,0
ZEST.US,5,20210927,205000,5.25,5.25,5.25,5.25,200,0
ZEST.US,5,20210927,205500,5.25,5.25,5.25,5.25,100,0
ZEST.US,5,20210927,210000,5.25,5.25,5.25,5.25,200,0
ZEST.US,5,20210927,210500,5.25,5.25,5.25,5.25,100,0
ZEST.US,5,20210927,211000,5.25,5.25,5.25,5.25,100,0
ZEST.US,5,20210927,211500,5.25,5.25,5.25,5.25,200,0
ZEST.US,5,20210927,212000,5.24,5.25,5.16,5.25,1500,0
ZEST.US,5,20210927,212500,5.25,5.25,5.25,5.25,100,0
ZEST.US,5,20210927,213000,5.25,5.25,5.22,5.22,500,0
ZEST.US,5,20210927,213500,5.25,5.25,5.17,5.17,500,0
ZEST.US,5,20210927,214000,5.25,5.25,5.25,5.25,300,0
ZEST.US,5,20210927,214500,5.25,5.25,5.25,5.25,561,0
ZEST.US,5,20210927,215000,5.25,5.25,5.1,5.1,3121,0
ZEST.US,5,20210927,215500,5.15,5.245,5.12,5.15,2334,0
ZEST.US,5,20210928,153000,5.15,5.15,5.15,5.15,256,0
ZEST.US,5,20210928,161000,5.16,5.16,5.16,5.16,100,0
ZEST.US,5,20210928,161500,5.17,5.23,5.1,5.151,7100,0
ZEST.US,5,20210928,162000,5.2,5.2,5.2,5.2,200,0
ZEST.US,5,20210928,162500,5.24,5.24,5.24,5.24,100,0
ZEST.US,5,20210928,163000,5.202,5.202,5.15,5.15,1300,0
ZEST.US,5,20210928,163500,5.15,5.15,5.15,5.15,275,0
ZEST.US,5,20210928,164500,5.15,5.15,5.12,5.12,250,0
ZEST.US,5,20210928,165500,5.1,5.1,5.08,5.08,510,0
ZEST.US,5,20210928,174500,5.06,5.06,5.06,5.06,200,0
ZEST.US,5,20210928,175000,5.06,5.06,5.06,5.06,300,0
ZEST.US,5,20210928,180500,5.06,5.06,5.06,5.06,807,0
ZEST.US,5,20210928,181500,5.07,5.07,5.07,5.07,395,0
ZEST.US,5,20210928,195500,5.075,5.075,5.075,5.075,100,0
ZEST.US,5,20210928,201500,5.075,5.075,5.075,5.075,100,0
ZEST.US,5,20210928,202000,5.075,5.075,5.075,5.075,200,0
ZEST.US,5,20210928,202500,5.09,5.165,5.05,5.13,22361,0
ZEST.US,5,20210928,203000,5.08,5.18,5.06,5.15,5057,0
ZEST.US,5,20210928,203500,5.15,5.15,5.15,5.15,400,0
ZEST.US,5,20210928,204000,5.1451,5.1451,5.1451,5.1451,159,0
ZEST.US,5,20210928,204500,5.17,5.18,5.1,5.145,2700,0
ZEST.US,5,20210928,210500,5.1108,5.145,5.1108,5.145,600,0
ZEST.US,5,20210928,212000,5.11,5.11,5.05,5.05,2900,0
ZEST.US,5,20210928,213500,5.05,5.13,5,5.02,52872,0
ZEST.US,5,20210928,214000,5.02,5.12,5,5,6900,0
ZEST.US,5,20210928,214500,5,5.03,5,5,1602,0
ZEST.US,5,20210928,215000,5,5.02,5,5,2400,0
ZEST.US,5,20210928,215500,5,5.0927,4.97,5.06,6149,0
ZEST.US,5,20210929,153000,5,5,4.985,4.9999,2369,0
ZEST.US,5,20210929,153500,4.9999,4.9999,4.975,4.975,297,0
ZEST.US,5,20210929,154500,4.9991,4.9991,4.96,4.96,1200,0
ZEST.US,5,20210929,160500,4.9567,4.9567,4.9567,4.9567,150,0
ZEST.US,5,20210929,161500,4.98,5.03,4.96,4.96,4278,0
ZEST.US,5,20210929,162500,5.14,5.14,5.14,5.14,100,0
ZEST.US,5,20210929,163000,5.075,5.075,5.075,5.075,100,0
ZEST.US,5,20210929,170000,4.9953,4.9953,4.9953,4.9953,200,0
ZEST.US,5,20210929,171500,5.08,5.08,4.98,4.98,300,0
ZEST.US,5,20210929,172500,5,5.04,5,5,400,0
ZEST.US,5,20210929,173500,5.08,5.08,5,5,655,0
ZEST.US,5,20210929,180000,5.04,5.04,5.04,5.04,100,0
ZEST.US,5,20210929,180500,5.07,5.0733,5.02,5.0733,700,0
ZEST.US,5,20210929,184000,5.0493,5.07,5.01,5.01,2467,0
ZEST.US,5,20210929,190500,5.0278,5.0278,5.0278,5.0278,500,0
ZEST.US,5,20210929,191500,5.06,5.06,5.06,5.06,100,0
ZEST.US,5,20210929,192000,5.01,5.01,5,5,508,0
ZEST.US,5,20210929,193000,5.0699,5.0699,5,5,5540,0
ZEST.US,5,20210929,200000,5.0763,5.09,5.03,5.03,600,0
ZEST.US,5,20210929,205500,5.1,5.1,5.03,5.03,2100,0
ZEST.US,5,20210929,210000,5.1,5.1,5.01,5.1,2130,0
ZEST.US,5,20210929,210500,5.1,5.25,5.07,5.24,22546,0
ZEST.US,5,20210929,212000,5.2083,5.2083,5.2083,5.2083,1000,0
ZEST.US,5,20210929,212500,5.21,5.21,5.21,5.21,100,0
ZEST.US,5,20210929,213000,5.23,5.25,5.19,5.21,4877,0
ZEST.US,5,20210929,213500,5.25,5.25,5.12,5.14,13569,0
ZEST.US,5,20210929,215000,5.15,5.1748,5.15,5.1748,1100,0
ZEST.US,5,20210929,215500,5.16,5.23,5.14,5.17,3471,0
ZEST.US,5,20210930,153000,5.17,5.17,5.17,5.17,248,0
ZEST.US,5,20210930,160000,5.125,5.125,5.125,5.125,500,0
ZEST.US,5,20210930,161500,5.035,5.035,5.035,5.035,500,0
ZEST.US,5,20210930,162000,4.98,5.12,4.98,5.12,600,0
ZEST.US,5,20210930,170500,5.0157,5.12,5.0157,5.075,2162,0
ZEST.US,5,20210930,171500,5.061,5.061,5.061,5.061,200,0
ZEST.US,5,20210930,172500,5.0374,5.075,5.0374,5.075,646,0
ZEST.US,5,20210930,173000,5.11,5.12,5.05,5.07,2100,0
ZEST.US,5,20210930,174000,5.07,5.07,5.07,5.07,100,0
ZEST.US,5,20210930,181500,5.25,5.25,5.25,5.25,100,0
ZEST.US,5,20210930,185500,5.15,5.15,5.15,5.15,100,0
ZEST.US,5,20210930,193500,5.091,5.091,5.091,5.091,500,0
ZEST.US,5,20210930,203000,5.15,5.15,5.09,5.09,200,0
ZEST.US,5,20210930,210000,5.11,5.12,5.095,5.12,900,0
ZEST.US,5,20210930,210500,5.12,5.15,5.1,5.1,2797,0
ZEST.US,5,20210930,211000,5.12,5.16,5.07,5.11,7700,0
ZEST.US,5,20210930,211500,5.135,5.135,5.1,5.1,583,0
ZEST.US,5,20210930,212000,5.1,5.13,5.1,5.1,2500,0
ZEST.US,5,20210930,212500,5.12,5.12,5.09,5.09,587,0
ZEST.US,5,20210930,213000,5.1,5.21,5.1,5.2,300,0
ZEST.US,5,20210930,213500,5.2018,5.2018,5.2018,5.2018,118,0
ZEST.US,5,20210930,214500,5.13,5.13,5.12,5.12,200,0
ZEST.US,5,20210930,215000,5.21,5.24,5.21,5.23,1101,0
ZEST.US,5,20210930,215500,5.23,5.25,5.21,5.25,11525,0
ZEST.US,5,20211001,153000,5.2,5.2,5.2,5.2,250,0
ZEST.US,5,20211001,153500,5.1913,5.1913,5.115,5.1696,3470,0
ZEST.US,5,20211001,154500,5.218,5.24,5.15,5.195,6094,0
ZEST.US,5,20211001,155000,5.2184,5.2184,5.16,5.16,390,0
ZEST.US,5,20211001,161000,5.2049,5.2049,5.16,5.16,1080,0
ZEST.US,5,20211001,162000,5.2325,5.2325,5.17,5.171,688,0
ZEST.US,5,20211001,162500,5.17,5.17,5.17,5.17,294,0
ZEST.US,5,20211001,163000,5.2339,5.2339,5.2339,5.2339,477,0
ZEST.US,5,20211001,163500,5.1814,5.1814,5.17,5.18,2117,0
ZEST.US,5,20211001,164500,5.17,5.17,5.17,5.17,142,0
ZEST.US,5,20211001,170500,5.16,5.19,5.16,5.19,2900,0
ZEST.US,5,20211001,171000,5.1812,5.19,5.164,5.19,1155,0
ZEST.US,5,20211001,180000,5.2,5.2,5.2,5.2,100,0
ZEST.US,5,20211001,181000,5.2,5.2,5.16,5.17,8533,0
ZEST.US,5,20211001,182000,5.205,5.205,5.15,5.18,9807,0
ZEST.US,5,20211001,183000,5.195,5.195,5.15,5.15,319,0
ZEST.US,5,20211001,184500,5.15,5.195,5.15,5.151,800,0
ZEST.US,5,20211001,191500,5.15,5.15,5.15,5.15,500,0
ZEST.US,5,20211001,192500,5.2,5.2,5.15,5.15,4626,0
ZEST.US,5,20211001,193000,5.15,5.195,5.15,5.16,600,0
ZEST.US,5,20211001,194500,5.23,5.23,5.17,5.17,600,0
ZEST.US,5,20211001,195000,5.205,5.205,5.17,5.17,620,0
ZEST.US,5,20211001,195500,5.17,5.17,5.17,5.17,759,0
ZEST.US,5,20211001,202500,5.2338,5.2338,5.2338,5.2338,500,0
ZEST.US,5,20211001,203000,5.17,5.17,5.11,5.13,4727,0
ZEST.US,5,20211001,203500,5.13,5.13,5.02,5.02,11805,0
ZEST.US,5,20211001,204000,5.02,5.03,5.02,5.02,350,0
ZEST.US,5,20211001,204500,5.05,5.09,5.05,5.05,2868,0
ZEST.US,5,20211001,205500,5.05,5.07,5.04,5.05,1600,0
ZEST.US,5,20211001,210000,5.06,5.06,5.04,5.055,1400,0
ZEST.US,5,20211001,210500,5.05,5.05,5.05,5.05,100,0
ZEST.US,5,20211001,211000,5.05,5.05,5.05,5.05,400,0
ZEST.US,5,20211001,212000,5.05,5.05,5.05,5.05,100,0
ZEST.US,5,20211001,213000,5.05,5.07,5.04,5.04,4863,0
ZEST.US,5,20211001,213500,5.05,5.05,5.05,5.05,290,0
ZEST.US,5,20211001,214500,5.06,5.07,5.05,5.05,1400,0
ZEST.US,5,20211001,215000,5.2,5.2,5.05,5.05,1740,0
ZEST.US,5,20211001,215500,5.15,5.25,5.04,5.25,8777,0
ZEST.US,5,20211004,153000,5.11,5.11,5.11,5.11,3093,0
ZEST.US,5,20211004,153500,5.2,5.2,5.2,5.2,100,0
ZEST.US,5,20211004,160500,5.1519,5.2,5.1519,5.2,520,0
ZEST.US,5,20211004,162000,5.152,5.152,5.06,5.06,2448,0
ZEST.US,5,20211004,170500,5.0649,5.12,5.06,5.06,1996,0
ZEST.US,5,20211004,175500,5.12,5.12,5.12,5.12,100,0
ZEST.US,5,20211004,181500,5.12,5.135,5.12,5.135,391,0
ZEST.US,5,20211004,184500,5.135,5.135,5.135,5.135,150,0
ZEST.US,5,20211004,190500,5.135,5.141,5.135,5.141,200,0
ZEST.US,5,20211004,191500,5.13,5.13,5.13,5.13,100,0
ZEST.US,5,20211004,195000,5.07,5.07,5.07,5.07,800,0
ZEST.US,5,20211004,195500,5.14,5.14,5.14,5.14,100,0
ZEST.US,5,20211004,201500,5.0709,5.0709,5.0709,5.0709,1000,0
ZEST.US,5,20211004,205500,5.0796,5.08,5.06,5.06,590,0
ZEST.US,5,20211004,210000,5.06,5.13,5.025,5.025,1283,0
ZEST.US,5,20211004,210500,5.14,5.14,5.01,5.01,1590,0
ZEST.US,5,20211004,211500,5.13,5.14,5.08,5.14,3259,0
ZEST.US,5,20211004,212500,5.09,5.09,5.07,5.07,400,0
ZEST.US,5,20211004,213000,5.15,5.15,5.15,5.15,100,0
ZEST.US,5,20211004,214000,5.1,5.1,5.1,5.1,1000,0
ZEST.US,5,20211004,214500,5.14,5.14,5.08,5.14,400,0
ZEST.US,5,20211004,215000,5.11,5.11,5.11,5.11,100,0
ZEST.US,5,20211004,215500,5.07,5.07,5.06,5.06,1890,0
ZEST.US,5,20211005,153000,5.05,5.05,5.05,5.05,3989,0
ZEST.US,5,20211005,154000,5.0854,5.0854,5.0854,5.0854,500,0
ZEST.US,5,20211005,155500,5.25,5.25,5.02,5.04,2721,0
ZEST.US,5,20211005,160500,5.03,5.05,5.03,5.05,1100,0
ZEST.US,5,20211005,162000,5.145,5.145,5.145,5.145,455,0
ZEST.US,5,20211005,163500,5.0623,5.0623,5.06,5.06,230,0
ZEST.US,5,20211005,164500,5.2086,5.2086,5.01,5.01,389,0
ZEST.US,5,20211005,170500,5.01,5.01,5.01,5.01,141,0
ZEST.US,5,20211005,172000,5.135,5.135,5.135,5.135,668,0
ZEST.US,5,20211005,174000,5.03,5.25,5.03,5.25,371,0
ZEST.US,5,20211005,174500,5.0844,5.09,5.04,5.09,1800,0
ZEST.US,5,20211005,180500,5.0743,5.15,5.07,5.073,400,0
ZEST.US,5,20211005,181000,5.08,5.08,5.08,5.08,200,0
ZEST.US,5,20211005,181500,5.07,5.07,5.06,5.06,300,0
ZEST.US,5,20211005,185500,5.04,5.04,5.04,5.04,100,0
ZEST.US,5,20211005,191000,5.135,5.135,5.04,5.04,4102,0
ZEST.US,5,20211005,192000,5.12,5.19,5.04,5.19,2100,0
ZEST.US,5,20211005,192500,5.185,5.19,5.185,5.19,200,0
ZEST.US,5,20211005,193000,5.195,5.195,5.195,5.195,200,0
ZEST.US,5,20211005,193500,5.135,5.2,5.0934,5.1,650,0
ZEST.US,5,20211005,194000,5.185,5.185,5.11,5.11,2100,0
ZEST.US,5,20211005,194500,5.18,5.19,5.18,5.19,200,0
ZEST.US,5,20211005,195000,5.2,5.2,5.2,5.2,100,0
ZEST.US,5,20211005,195500,5.2,5.2,5.15,5.15,300,0
ZEST.US,5,20211005,200000,5.19,5.19,5.15,5.15,200,0
ZEST.US,5,20211005,200500,5.19,5.195,5.105,5.15,1700,0
ZEST.US,5,20211005,201000,5.19,5.19,5.15,5.185,500,0
ZEST.US,5,20211005,201500,5.19,5.19,5.19,5.19,100,0
ZEST.US,5,20211005,202000,5.19,5.19,5.19,5.19,100,0
ZEST.US,5,20211005,202500,5.12,5.1998,5.12,5.14,2808,0
ZEST.US,5,20211005,203000,5.19,5.19,5.16,5.19,300,0
ZEST.US,5,20211005,203500,5.195,5.195,5.14,5.14,1300,0
ZEST.US,5,20211005,204000,5.19,5.19,5.19,5.19,100,0
ZEST.US,5,20211005,204500,5.165,5.17,5.145,5.145,300,0
ZEST.US,5,20211005,205000,5.165,5.165,5.165,5.165,100,0
ZEST.US,5,20211005,205500,5.165,5.17,5.15,5.17,300,0
ZEST.US,5,20211005,210000,5.145,5.165,5.145,5.165,500,0
ZEST.US,5,20211005,210500,5.165,5.165,5.15,5.15,400,0
ZEST.US,5,20211005,211000,5.165,5.165,5.07,5.07,1300,0
ZEST.US,5,20211005,211500,5.0425,5.0485,4.99,4.99,6375,0
ZEST.US,5,20211005,212000,5,5.02,4.99,4.99,500,0
ZEST.US,5,20211005,212500,5.025,5.025,5,5.025,2600,0
ZEST.US,5,20211005,213000,5,5.025,4.98,5,3000,0
ZEST.US,5,20211005,213500,5.0225,5.03,5.005,5.03,600,0
ZEST.US,5,20211005,214000,5.02,5.02,5,5,300,0
ZEST.US,5,20211005,214500,5,5.015,4.98,4.98,1900,0
ZEST.US,5,20211005,215000,5.015,5.015,4.98,5,800,0
ZEST.US,5,20211005,215500,5,5.02,4.98,4.99,2717,0
ZEST.US,5,20211006,153000,4.96,4.96,4.96,4.96,837,0
ZEST.US,5,20211006,153500,4.9729,4.9729,4.9729,4.9729,800,0
ZEST.US,5,20211006,162000,4.95,4.95,4.95,4.95,100,0
ZEST.US,5,20211006,163500,4.98,5,4.95,4.95,22427,0
ZEST.US,5,20211006,165000,4.95,4.95,4.9,4.9,3265,0
ZEST.US,5,20211006,170000,4.97,4.97,4.97,4.97,100,0
ZEST.US,5,20211006,174000,4.97,4.97,4.97,4.97,100,0
ZEST.US,5,20211006,174500,5,5,4.995,4.995,400,0
ZEST.US,5,20211006,175000,5,5,5,5,100,0
ZEST.US,5,20211006,180000,4.995,4.995,4.995,4.995,300,0
ZEST.US,5,20211006,182500,4.995,4.995,4.995,4.995,100,0
ZEST.US,5,20211006,183000,4.99,4.99,4.9,4.93,3200,0
ZEST.US,5,20211006,184500,4.97,4.97,4.97,4.97,100,0
ZEST.US,5,20211006,185500,4.94,4.94,4.94,4.94,170,0
ZEST.US,5,20211006,201000,4.97,4.97,4.94,4.94,1200,0
ZEST.US,5,20211006,202500,4.94,4.97,4.94,4.97,651,0
ZEST.US,5,20211006,204000,4.94,4.96,4.92,4.92,600,0
ZEST.US,5,20211006,205000,4.9254,4.9254,4.9254,4.9254,350,0
ZEST.US,5,20211006,205500,4.92,4.92,4.92,4.92,100,0
ZEST.US,5,20211006,211000,4.92,4.92,4.92,4.92,100,0
ZEST.US,5,20211006,212000,4.95,4.95,4.9,4.9,1867,0
ZEST.US,5,20211006,212500,4.91,4.915,4.81,4.865,8034,0
ZEST.US,5,20211006,213000,4.84,4.84,4.8096,4.8096,300,0
ZEST.US,5,20211006,214000,4.825,4.8731,4.82,4.83,2341,0
ZEST.US,5,20211006,215000,4.84,4.86,4.84,4.86,300,0
ZEST.US,5,20211006,215500,4.85,4.85,4.77,4.78,8825,0
ZEST.US,5,20211007,153000,4.75,4.88,4.75,4.78,2185,0
ZEST.US,5,20211007,153500,4.76,4.76,4.76,4.76,100,0
ZEST.US,5,20211007,154000,4.87,4.87,4.87,4.87,150,0
ZEST.US,5,20211007,154500,4.9618,4.9618,4.9618,4.9618,500,0
ZEST.US,5,20211007,155500,4.83,4.83,4.8,4.81,1200,0
ZEST.US,5,20211007,161500,4.9716,4.9716,4.8,4.81,1365,0
ZEST.US,5,20211007,162000,4.8,4.85,4.8,4.8,5492,0
ZEST.US,5,20211007,163000,4.8,4.8,4.78,4.78,200,0
ZEST.US,5,20211007,163500,4.78,4.78,4.77,4.77,500,0
ZEST.US,5,20211007,164000,4.75,4.76,4.72,4.72,900,0
ZEST.US,5,20211007,165500,4.73,4.8,4.72,4.72,1700,0
ZEST.US,5,20211007,170000,4.805,4.805,4.675,4.675,1208,0
ZEST.US,5,20211007,170500,4.695,4.7,4.695,4.7,200,0
ZEST.US,5,20211007,172500,4.72,4.7997,4.69,4.69,8186,0
ZEST.US,5,20211007,173500,4.75,4.75,4.75,4.75,100,0
ZEST.US,5,20211007,180500,4.73,4.75,4.7,4.7,10166,0
ZEST.US,5,20211007,183000,4.69,4.69,4.67,4.67,875,0
ZEST.US,5,20211007,185000,4.67,4.7,4.67,4.7,300,0
ZEST.US,5,20211007,185500,4.6612,4.7,4.6612,4.7,649,0
ZEST.US,5,20211007,201500,4.7565,4.7565,4.7565,4.7565,250,0
ZEST.US,5,20211007,203000,4.755,4.755,4.755,4.755,500,0
ZEST.US,5,20211007,204000,4.7068,4.7068,4.7068,4.7068,200,0
ZEST.US,5,20211007,205000,4.74,4.74,4.74,4.74,150,0
ZEST.US,5,20211007,205500,4.75,4.75,4.72,4.72,3976,0
ZEST.US,5,20211007,210000,4.7,4.7,4.7,4.7,507,0
ZEST.US,5,20211007,210500,4.72,4.72,4.72,4.72,500,0
ZEST.US,5,20211007,212500,4.74,4.74,4.67,4.67,200,0
ZEST.US,5,20211007,213000,4.6927,4.6927,4.6927,4.6927,200,0
ZEST.US,5,20211007,213500,4.67,4.67,4.67,4.67,100,0
ZEST.US,5,20211007,214000,4.67,4.67,4.67,4.67,100,0
ZEST.US,5,20211007,215000,4.68,4.68,4.658,4.66,900,0
ZEST.US,5,20211007,215500,4.6658,4.67,4.66,4.66,903,0
ZEST.US,5,20211008,153000,4.7,4.7,4.7,4.7,912,0
ZEST.US,5,20211008,164000,4.88,4.88,4.8,4.8,1102,0
ZEST.US,5,20211008,172500,4.86,4.86,4.82,4.82,3801,0
ZEST.US,5,20211008,175000,4.8015,4.8015,4.77,4.77,1352,0
ZEST.US,5,20211008,182000,4.75,4.75,4.75,4.75,400,0
ZEST.US,5,20211008,182500,4.82,4.82,4.82,4.82,100,0
ZEST.US,5,20211008,193500,4.85,4.85,4.85,4.85,500,0
ZEST.US,5,20211008,195000,4.8,4.8,4.71,4.71,3500,0
ZEST.US,5,20211008,201500,4.88,4.88,4.88,4.88,131,0
ZEST.US,5,20211008,205000,4.7777,4.7777,4.72,4.725,1302,0
ZEST.US,5,20211008,205500,4.75,4.75,4.75,4.75,100,0
ZEST.US,5,20211008,211000,4.8,4.8,4.8,4.8,100,0
ZEST.US,5,20211008,213000,4.8,4.8,4.8,4.8,100,0
ZEST.US,5,20211008,215000,4.77,4.77,4.77,4.77,100,0
ZEST.US,5,20211008,215500,4.79,4.82,4.75,4.79,3752,0
ZEST.US,5,20211011,153000,4.81,4.81,4.81,4.81,324,0
ZEST.US,5,20211011,163000,4.8302,4.91,4.83,4.84,3737,0
ZEST.US,5,20211011,163500,4.86,4.885,4.72,4.77,4100,0
ZEST.US,5,20211011,164500,4.74,4.8,4.74,4.8,300,0
ZEST.US,5,20211011,165500,4.7537,4.7537,4.72,4.72,2700,0
ZEST.US,5,20211011,170000,4.74,4.8,4.73,4.8,500,0
ZEST.US,5,20211011,171500,4.8,4.8,4.8,4.8,100,0
ZEST.US,5,20211011,172000,4.78,4.78,4.71,4.71,600,0
ZEST.US,5,20211011,172500,4.8,4.8,4.8,4.8,100,0
ZEST.US,5,20211011,173500,4.7,4.72,4.7,4.7,2200,0
ZEST.US,5,20211011,174000,4.75,4.75,4.75,4.75,100,0
ZEST.US,5,20211011,181000,4.75,4.75,4.75,4.75,200,0
ZEST.US,5,20211011,182000,4.78,4.78,4.78,4.78,100,0
ZEST.US,5,20211011,183500,4.75,4.75,4.75,4.75,104,0
ZEST.US,5,20211011,185000,4.742,4.742,4.742,4.742,210,0
ZEST.US,5,20211011,193000,4.73,4.755,4.7,4.7,2100,0
ZEST.US,5,20211011,193500,4.7,4.71,4.63,4.63,2411,0
ZEST.US,5,20211011,194000,4.62,4.635,4.62,4.63,900,0
ZEST.US,5,20211011,195000,4.63,4.66,4.62,4.66,1300,0
ZEST.US,5,20211011,195500,4.66,4.66,4.62,4.62,1000,0
ZEST.US,5,20211011,200000,4.66,4.66,4.66,4.66,600,0
ZEST.US,5,20211011,200500,4.66,4.66,4.63,4.66,1500,0
ZEST.US,5,20211011,201000,4.66,4.66,4.66,4.66,700,0
ZEST.US,5,20211011,201500,4.66,4.66,4.64,4.66,800,0
ZEST.US,5,20211011,202000,4.66,4.66,4.65,4.65,900,0
ZEST.US,5,20211011,202500,4.66,4.66,4.64,4.64,900,0
ZEST.US,5,20211011,203000,4.66,4.66,4.65,4.66,996,0
ZEST.US,5,20211011,203500,4.66,4.66,4.66,4.66,800,0
ZEST.US,5,20211011,204000,4.65,4.66,4.64,4.66,1000,0
ZEST.US,5,20211011,204500,4.66,4.66,4.65,4.6581,808,0
ZEST.US,5,20211011,205000,4.66,4.695,4.66,4.66,3400,0
ZEST.US,5,20211011,205500,4.68,4.68,4.68,4.68,600,0
ZEST.US,5,20211011,210000,4.68,4.68,4.65,4.66,1200,0
ZEST.US,5,20211011,210500,4.68,4.68,4.65,4.665,1051,0
ZEST.US,5,20211011,211000,4.675,4.675,4.675,4.675,200,0
ZEST.US,5,20211011,211500,4.675,4.675,4.65,4.675,1800,0
ZEST.US,5,20211011,212000,4.67,4.715,4.64,4.685,5900,0
ZEST.US,5,20211011,212500,4.685,4.685,4.685,4.685,600,0
ZEST.US,5,20211011,213000,4.64,4.665,4.64,4.665,1900,0
ZEST.US,5,20211011,213500,4.665,4.665,4.63,4.63,1800,0
ZEST.US,5,20211011,214000,4.665,4.665,4.63,4.665,2000,0
ZEST.US,5,20211011,214500,4.665,4.665,4.63,4.635,7690,0
ZEST.US,5,20211011,215000,4.65,4.68,4.61,4.61,22700,0
ZEST.US,5,20211011,215500,4.62,4.645,4.61,4.64,3374,0
ZEST.US,5,20211012,153000,4.65,4.65,4.65,4.65,415,0
ZEST.US,5,20211012,160500,4.7516,4.7516,4.7172,4.7172,470,0
ZEST.US,5,20211012,165500,4.8196,4.8196,4.8196,4.8196,265,0
ZEST.US,5,20211012,172000,4.85,4.85,4.85,4.85,700,0
ZEST.US,5,20211012,172500,4.82,4.82,4.78,4.78,1900,0
ZEST.US,5,20211012,173500,4.8,4.8,4.79,4.79,200,0
ZEST.US,5,20211012,174000,4.8,4.8,4.76,4.76,300,0
ZEST.US,5,20211012,174500,4.7712,4.7712,4.77,4.77,700,0
ZEST.US,5,20211012,182000,4.8,4.8,4.8,4.8,200,0
ZEST.US,5,20211012,184000,4.81,4.81,4.8,4.8,200,0
ZEST.US,5,20211012,194000,4.76,4.76,4.71,4.71,800,0
ZEST.US,5,20211012,195000,4.78,4.78,4.71,4.71,2037,0
ZEST.US,5,20211012,195500,4.71,4.71,4.71,4.71,100,0
ZEST.US,5,20211012,200500,4.67,4.71,4.61,4.61,6750,0
ZEST.US,5,20211012,202500,4.6285,4.6285,4.6285,4.6285,100,0
ZEST.US,5,20211012,210500,4.61,4.61,4.61,4.61,100,0
ZEST.US,5,20211012,212000,4.61,4.61,4.61,4.61,100,0
ZEST.US,5,20211012,212500,4.61,4.61,4.61,4.61,100,0
ZEST.US,5,20211012,213000,4.61,4.61,4.53,4.55,1553,0
ZEST.US,5,20211012,213500,4.55,4.55,4.51,4.51,1799,0
ZEST.US,5,20211012,214000,4.51,4.565,4.51,4.53,1890,0
ZEST.US,5,20211012,214500,4.59,4.59,4.47,4.47,25678,0
ZEST.US,5,20211012,215000,4.47,4.5,4.46,4.47,6900,0
ZEST.US,5,20211012,215500,4.48,4.5,4.47,4.47,7473,0
ZEST.US,5,20211013,153000,4.49,4.49,4.471,4.471,701,0
ZEST.US,5,20211013,153500,4.52,4.52,4.47,4.47,1285,0
ZEST.US,5,20211013,154000,4.46,4.46,4.42,4.42,600,0
ZEST.US,5,20211013,155500,4.46,4.46,4.46,4.46,1100,0
ZEST.US,5,20211013,163000,4.5,4.5,4.5,4.5,150,0
ZEST.US,5,20211013,164500,4.46,4.5,4.46,4.46,500,0
ZEST.US,5,20211013,170000,4.49,4.49,4.49,4.49,461,0
ZEST.US,5,20211013,171000,4.49,4.49,4.49,4.49,100,0
ZEST.US,5,20211013,173500,4.48,4.48,4.48,4.48,100,0
ZEST.US,5,20211013,174500,4.49,4.5,4.48,4.48,1450,0
ZEST.US,5,20211013,175000,4.48,4.48,4.48,4.48,200,0
ZEST.US,5,20211013,180500,4.4929,4.4999,4.4929,4.4999,667,0
ZEST.US,5,20211013,183500,4.5,4.5,4.48,4.48,5306,0
ZEST.US,5,20211013,185000,4.48,4.48,4.48,4.48,200,0
ZEST.US,5,20211013,185500,4.4999,4.5,4.44,4.44,2100,0
ZEST.US,5,20211013,190000,4.4771,4.4771,4.45,4.45,2517,0
ZEST.US,5,20211013,193500,4.4681,4.4681,4.4681,4.4681,112,0
ZEST.US,5,20211013,203500,4.4642,4.4642,4.46,4.46,530,0
ZEST.US,5,20211013,211000,4.48,4.5,4.46,4.5,4521,0
ZEST.US,5,20211013,214000,4.5,4.5,4.48,4.5,1200,0
ZEST.US,5,20211013,214500,4.5,4.5,4.5,4.5,100,0
ZEST.US,5,20211013,215500,4.48,4.5,4.48,4.48,2277,0
ZEST.US,5,20211014,153000,4.5,4.5,4.4993,4.4993,1909,0
ZEST.US,5,20211014,153500,4.5,4.5,4.49,4.5,2028,0
ZEST.US,5,20211014,154000,4.4995,4.4995,4.4995,4.4995,1110,0
ZEST.US,5,20211014,154500,4.49,4.5,4.49,4.5,2388,0
ZEST.US,5,20211014,155000,4.49,4.49,4.47,4.47,500,0
ZEST.US,5,20211014,155500,4.47,4.47,4.47,4.47,200,0
ZEST.US,5,20211014,160000,4.47,4.47,4.46,4.47,2600,0
ZEST.US,5,20211014,160500,4.47,4.47,4.46,4.46,2197,0
ZEST.US,5,20211014,161500,4.48,4.48,4.48,4.48,1000,0
ZEST.US,5,20211014,162500,4.46,4.47,4.44,4.44,1312,0
ZEST.US,5,20211014,163000,4.4401,4.47,4.4401,4.45,1212,0
ZEST.US,5,20211014,164500,4.46,4.46,4.44,4.44,1283,0
ZEST.US,5,20211014,165000,4.4419,4.4419,4.4419,4.4419,520,0
ZEST.US,5,20211014,170500,4.46,4.46,4.46,4.46,200,0
ZEST.US,5,20211014,171000,4.455,4.469,4.45,4.45,5000,0
ZEST.US,5,20211014,173000,4.45,4.45,4.45,4.45,100,0
ZEST.US,5,20211014,181500,4.46,4.46,4.44,4.45,3700,0
ZEST.US,5,20211014,183000,4.46,4.46,4.44,4.44,1000,0
ZEST.US,5,20211014,183500,4.45,4.45,4.45,4.45,394,0
ZEST.US,5,20211014,191500,4.446,4.45,4.4,4.4,6041,0
ZEST.US,5,20211014,192500,4.425,4.425,4.425,4.425,450,0
ZEST.US,5,20211014,194500,4.43,4.43,4.42,4.4216,590,0
ZEST.US,5,20211014,195500,4.42,4.42,4.42,4.42,400,0
ZEST.US,5,20211014,202500,4.41,4.42,4.4,4.42,1663,0
ZEST.US,5,20211014,204500,4.39,4.4,4.39,4.4,2370,0
ZEST.US,5,20211014,205500,4.38,4.38,4.38,4.38,1004,0
ZEST.US,5,20211014,210500,4.4056,4.4056,4.4056,4.4056,2000,0
ZEST.US,5,20211014,211000,4.38,4.405,4.38,4.38,1035,0
ZEST.US,5,20211014,211500,4.38,4.4,4.38,4.4,1476,0
ZEST.US,5,20211014,212000,4.405,4.405,4.405,4.405,105,0
ZEST.US,5,20211014,212500,4.4,4.4,4.4,4.4,310,0
ZEST.US,5,20211014,213000,4.4,4.4,4.4,4.4,700,0
ZEST.US,5,20211014,214000,4.38,4.38,4.38,4.38,1819,0
ZEST.US,5,20211014,215500,4.36,4.39,4.35,4.35,4988,0
ZEST.US,5,20211015,153000,4.4,4.4,4.4,4.4,1042,0
ZEST.US,5,20211015,160000,4.4899,4.4899,4.4899,4.4899,7500,0
ZEST.US,5,20211015,160500,4.445,4.5,4.445,4.5,8842,0
ZEST.US,5,20211015,161000,4.5,4.5,4.5,4.5,1031,0
ZEST.US,5,20211015,162000,4.4753,4.6094,4.4753,4.51,2280,0
ZEST.US,5,20211015,162500,4.51,4.51,4.4,4.4,6800,0
ZEST.US,5,20211015,163500,4.4,4.4,4.4,4.4,600,0
ZEST.US,5,20211015,170500,4.4,4.4,4.4,4.4,200,0
ZEST.US,5,20211015,172000,4.4,4.41,4.4,4.41,600,0
ZEST.US,5,20211015,173000,4.45,4.45,4.45,4.45,100,0
ZEST.US,5,20211015,174000,4.4001,4.4001,4.4001,4.4001,125,0
ZEST.US,5,20211015,175500,4.4,4.4,4.37,4.37,2534,0
ZEST.US,5,20211015,180500,4.36,4.36,4.36,4.36,100,0
ZEST.US,5,20211015,183000,4.4764,4.4764,4.4764,4.4764,750,0
ZEST.US,5,20211015,185000,4.425,4.425,4.425,4.425,400,0
ZEST.US,5,20211015,185500,4.44,4.44,4.44,4.44,400,0
ZEST.US,5,20211015,190000,4.4986,4.4986,4.37,4.37,434,0
ZEST.US,5,20211015,192500,4.4715,4.4715,4.4715,4.4715,100,0
ZEST.US,5,20211015,193000,4.38,4.47,4.35,4.38,3248,0
ZEST.US,5,20211015,193500,4.35,4.365,4.29,4.365,7454,0
ZEST.US,5,20211015,194000,4.3,4.365,4.29,4.3,600,0
ZEST.US,5,20211015,195000,4.3,4.32,4.3,4.3,2605,0
ZEST.US,5,20211015,195500,4.29,4.29,4.29,4.29,100,0
ZEST.US,5,20211015,200000,4.3,4.3,4.3,4.3,100,0
ZEST.US,5,20211015,205500,4.3,4.3,4.3,4.3,100,0
ZEST.US,5,20211015,210000,4.3,4.3,4.3,4.3,100,0
ZEST.US,5,20211015,210500,4.3,4.3,4.3,4.3,100,0
ZEST.US,5,20211015,211000,4.3,4.31,4.29,4.29,300,0
ZEST.US,5,20211015,211500,4.3001,4.3001,4.3,4.3,2100,0
ZEST.US,5,20211015,212000,4.345,4.345,4.3225,4.3225,400,0
ZEST.US,5,20211015,213000,4.32,4.32,4.3,4.3,1000,0
ZEST.US,5,20211015,213500,4.3,4.3,4.2802,4.29,4160,0
ZEST.US,5,20211015,214000,4.305,4.31,4.3,4.31,600,0
ZEST.US,5,20211015,214500,4.33,4.33,4.3,4.3,600,0
ZEST.US,5,20211015,215000,4.3,4.32,4.29,4.29,1700,0
ZEST.US,5,20211015,215500,4.3,4.35,4.25,4.33,4120,0
ZEST.US,5,20211018,153000,4.33,4.33,4.3,4.3,2112,0
ZEST.US,5,20211018,153500,4.375,4.45,4.375,4.375,1324,0
ZEST.US,5,20211018,155000,4.31,4.31,4.31,4.31,100,0
ZEST.US,5,20211018,172000,4.32,4.35,4.3049,4.3049,1000,0
ZEST.US,5,20211018,173500,4.325,4.325,4.325,4.325,100,0
ZEST.US,5,20211018,175000,4.35,4.35,4.3,4.3,6200,0
ZEST.US,5,20211018,175500,4.35,4.35,4.35,4.35,100,0
ZEST.US,5,20211018,180500,4.35,4.35,4.3,4.3,2300,0
ZEST.US,5,20211018,181000,4.35,4.35,4.35,4.35,100,0
ZEST.US,5,20211018,183500,4.33,4.35,4.32,4.35,5300,0
ZEST.US,5,20211018,184000,4.31,4.35,4.31,4.34,3300,0
ZEST.US,5,20211018,185000,4.32,4.32,4.32,4.32,154,0
ZEST.US,5,20211018,185500,4.35,4.35,4.32,4.335,700,0
ZEST.US,5,20211018,190500,4.35,4.35,4.35,4.35,100,0
ZEST.US,5,20211018,191000,4.35,4.35,4.32,4.32,700,0
ZEST.US,5,20211018,191500,4.35,4.35,4.35,4.35,100,0
ZEST.US,5,20211018,194000,4.35,4.35,4.3,4.3,2753,0
ZEST.US,5,20211018,203000,4.28,4.28,4.24,4.24,500,0
ZEST.US,5,20211018,204500,4.28,4.28,4.24,4.24,400,0
ZEST.US,5,20211018,205000,4.3,4.32,4.24,4.32,2524,0
ZEST.US,5,20211018,213000,4.28,4.28,4.27,4.27,700,0
ZEST.US,5,20211018,213500,4.2465,4.2465,4.2465,4.2465,233,0
ZEST.US,5,20211018,214500,4.27,4.27,4.27,4.27,100,0
ZEST.US,5,20211018,215000,4.24,4.265,4.23,4.26,2219,0
ZEST.US,5,20211018,215500,4.23,4.25,4.23,4.25,2908,0
ZEST.US,5,20211019,153000,4.24,4.24,4.24,4.24,155,0
ZEST.US,5,20211019,153500,4.231,4.231,4.231,4.231,1169,0
ZEST.US,5,20211019,155000,4.2412,4.2412,4.2412,4.2412,100,0
ZEST.US,5,20211019,161500,4.21,4.211,4.21,4.211,211,0
ZEST.US,5,20211019,162000,4.229,4.27,4.21,4.27,7550,0
ZEST.US,5,20211019,162500,4.252,4.2993,4.24,4.265,7346,0
ZEST.US,5,20211019,163500,4.26,4.26,4.26,4.26,220,0
ZEST.US,5,20211019,172500,4.27,4.27,4.27,4.27,152,0
ZEST.US,5,20211019,173000,4.27,4.27,4.27,4.27,234,0
ZEST.US,5,20211019,174000,4.2869,4.2869,4.27,4.27,1350,0
ZEST.US,5,20211019,175500,4.29,4.29,4.29,4.29,500,0
ZEST.US,5,20211019,181000,4.26,4.27,4.26,4.27,300,0
ZEST.US,5,20211019,191000,4.27,4.27,4.25,4.27,900,0
ZEST.US,5,20211019,195000,4.22,4.2499,4.22,4.2499,700,0
ZEST.US,5,20211019,195500,4.2441,4.2441,4.2441,4.2441,300,0
ZEST.US,5,20211019,205000,4.23,4.24,4.23,4.24,555,0
ZEST.US,5,20211019,205500,4.24,4.24,4.24,4.24,200,0
ZEST.US,5,20211019,212500,4.23,4.23,4.23,4.23,453,0
ZEST.US,5,20211019,213000,4.235,4.24,4.23,4.23,2400,0
ZEST.US,5,20211019,214500,4.24,4.24,4.21,4.21,4148,0
ZEST.US,5,20211019,215000,4.21,4.21,4.19,4.19,2666,0
ZEST.US,5,20211019,215500,4.19,4.19,4.19,4.19,303,0
ZEST.US,5,20211020,153000,4.21,4.21,4.21,4.21,143,0
ZEST.US,5,20211020,153500,4.17,4.17,4.17,4.17,300,0
ZEST.US,5,20211020,154000,4.15,4.175,4.15,4.175,330,0
ZEST.US,5,20211020,154500,4.2,4.2,4.2,4.2,400,0
ZEST.US,5,20211020,155500,4.15,4.17,4.14,4.15,700,0
ZEST.US,5,20211020,160000,4.1538,4.1538,4.1538,4.1538,100,0
ZEST.US,5,20211020,160500,4.16,4.16,4.1498,4.1498,218,0
ZEST.US,5,20211020,161000,4.15,4.15,4.15,4.15,100,0
ZEST.US,5,20211020,161500,4.15,4.15,4.143,4.143,1100,0
ZEST.US,5,20211020,162000,4.1498,4.1498,4.1391,4.1391,2900,0
ZEST.US,5,20211020,162500,4.135,4.15,4.12,4.15,2077,0
ZEST.US,5,20211020,163000,4.12,4.1424,4.1,4.1424,1390,0
ZEST.US,5,20211020,164500,4.1,4.1,4.07,4.07,1090,0
ZEST.US,5,20211020,165000,4.0968,4.0968,4.0968,4.0968,900,0
ZEST.US,5,20211020,170000,4.1431,4.1431,4.07,4.07,1010,0
ZEST.US,5,20211020,171000,4.1071,4.1071,4.1071,4.1071,230,0
ZEST.US,5,20211020,172500,4.12,4.1245,4.1,4.1245,1890,0
ZEST.US,5,20211020,174500,4.07,4.095,4.07,4.0725,2749,0
ZEST.US,5,20211020,175000,4.095,4.12,4.095,4.12,2473,0
ZEST.US,5,20211020,180500,4.07,4.07,4.07,4.07,100,0
ZEST.US,5,20211020,181500,4.1,4.1,4.1,4.1,1700,0
ZEST.US,5,20211020,184500,4.1016,4.1016,4.1016,4.1016,111,0
ZEST.US,5,20211020,190000,4.119,4.119,4.119,4.119,100,0
ZEST.US,5,20211020,191500,4.11,4.11,4.085,4.085,2750,0
ZEST.US,5,20211020,195500,4.0831,4.0831,4.0831,4.0831,105,0
ZEST.US,5,20211020,200000,4.08,4.08,4.08,4.08,200,0
ZEST.US,5,20211020,200500,4.075,4.075,4.075,4.075,623,0
ZEST.US,5,20211020,201500,4.075,4.075,4.075,4.075,345,0
ZEST.US,5,20211020,203000,4.08,4.08,4.08,4.08,100,0
ZEST.US,5,20211020,204000,4.08,4.08,4.04,4.07,7706,0
ZEST.US,5,20211020,204500,4.0414,4.0414,4.0414,4.0414,299,0
ZEST.US,5,20211020,205000,4.07,4.07,4.04,4.04,1325,0
ZEST.US,5,20211020,205500,4.07,4.07,4.07,4.07,490,0
ZEST.US,5,20211020,211500,4.065,4.09,4.065,4.09,1214,0
ZEST.US,5,20211020,214500,4.0601,4.0601,4.0601,4.0601,187,0
ZEST.US,5,20211020,215000,4.0898,4.0898,4.08,4.08,2000,0
ZEST.US,5,20211021,153500,4.24,4.24,4.24,4.24,431,0
ZEST.US,5,20211021,155000,4.24,4.25,4.1,4.25,7069,0
ZEST.US,5,20211021,161000,4.28,4.28,4.25,4.25,700,0
ZEST.US,5,20211021,161500,4.2554,4.2554,4.2554,4.2554,1000,0
ZEST.US,5,20211021,163000,4.25,4.28,4.25,4.25,5000,0
ZEST.US,5,20211021,163500,4.28,4.28,4.28,4.28,232,0
ZEST.US,5,20211021,165000,4.25,4.25,4.21,4.235,2992,0
ZEST.US,5,20211021,174500,4.19,4.23,4.19,4.2,1488,0
ZEST.US,5,20211021,175000,4.24,4.24,4.24,4.24,500,0
ZEST.US,5,20211021,181500,4.18,4.215,4.17,4.17,2200,0
ZEST.US,5,20211021,182000,4.17,4.17,4.12,4.12,3000,0
ZEST.US,5,20211021,182500,4.15,4.15,4.15,4.15,100,0
ZEST.US,5,20211021,184000,4.2,4.2,4.14,4.14,1500,0
ZEST.US,5,20211021,184500,4.2,4.2,4.15,4.15,1900,0
ZEST.US,5,20211021,185000,4.15,4.15,4.15,4.15,100,0
ZEST.US,5,20211021,192500,4.2221,4.2221,4.2221,4.2221,500,0
ZEST.US,5,20211021,193000,4.1528,4.1528,4.1528,4.1528,200,0
ZEST.US,5,20211021,193500,4.16,4.16,4.16,4.16,100,0
ZEST.US,5,20211021,194000,4.15,4.15,4.1,4.1,900,0
ZEST.US,5,20211021,194500,4.11,4.2255,4.11,4.14,2950,0
ZEST.US,5,20211021,195000,4.155,4.155,4.1,4.1,1100,0
ZEST.US,5,20211021,195500,4.13,4.25,4.11,4.18,825,0
ZEST.US,5,20211021,200000,4.12,4.13,4.11,4.11,600,0
ZEST.US,5,20211021,201000,4.13,4.13,4.11,4.11,900,0
ZEST.US,5,20211021,201500,4.13,4.13,4.11,4.11,400,0
ZEST.US,5,20211021,202000,4.12,4.12,4.11,4.12,1174,0
ZEST.US,5,20211021,203000,4.12,4.12,4.12,4.12,4000,0
ZEST.US,5,20211021,203500,4.15,4.16,4.12,4.12,5256,0
ZEST.US,5,20211021,204000,4.14,4.14,4.12,4.12,500,0
ZEST.US,5,20211021,204500,4.12,4.145,4.11,4.11,4100,0
ZEST.US,5,20211021,210000,4.11,4.1432,4.08,4.09,3228,0
ZEST.US,5,20211021,210500,4.1175,4.1175,4.09,4.115,800,0
ZEST.US,5,20211021,213000,4.09,4.125,4.08,4.08,1400,0
ZEST.US,5,20211021,213500,4.08,4.1674,4.02,4.05,8773,0
ZEST.US,5,20211021,214000,4.05,4.06,4.05,4.06,1700,0
ZEST.US,5,20211021,214500,4.06,4.1311,4.06,4.06,2700,0
ZEST.US,5,20211021,215000,4.06,4.1,4.04,4.05,4330,0
ZEST.US,5,20211021,215500,4.02,4.13,4,4.13,2647,0
ZEST.US,5,20211022,153000,4.03,4.24,4.03,4.24,2236,0
ZEST.US,5,20211022,153500,4.1413,4.1413,4.1413,4.1413,150,0
ZEST.US,5,20211022,154500,4.1,4.1,4.03,4.03,700,0
ZEST.US,5,20211022,160500,4.0666,4.0666,4.0666,4.0666,300,0
ZEST.US,5,20211022,161000,4.0813,4.0813,4.0813,4.0813,100,0
ZEST.US,5,20211022,162000,4.125,4.125,4.0677,4.0677,318,0
ZEST.US,5,20211022,163000,4.13,4.13,4.04,4.04,700,0
ZEST.US,5,20211022,164500,4.0402,4.115,4.0402,4.115,2612,0
ZEST.US,5,20211022,165000,4.0745,4.0745,4.0745,4.0745,150,0
ZEST.US,5,20211022,170500,4.1375,4.1375,4.06,4.1,700,0
ZEST.US,5,20211022,171500,4.09,4.09,4.05,4.0719,2700,0
ZEST.US,5,20211022,172000,4.05,4.05,4.04,4.04,500,0
ZEST.US,5,20211022,172500,4.03,4.03,3.99,3.99,8959,0
ZEST.US,5,20211022,173000,3.99,4.01,3.99,3.99,900,0
ZEST.US,5,20211022,174000,4.02,4.02,4,4,200,0
ZEST.US,5,20211022,175500,4.04,4.04,4.01,4.02,3600,0
ZEST.US,5,20211022,181000,4.0152,4.039,4.0152,4.0295,568,0
ZEST.US,5,20211022,183000,4.01,4.02,4.01,4.02,200,0
ZEST.US,5,20211022,183500,4,4,4,4,100,0
ZEST.US,5,20211022,184000,4,4.0109,3.96,3.96,700,0
ZEST.US,5,20211022,184500,3.9421,3.9421,3.9421,3.9421,300,0
ZEST.US,5,20211022,185000,3.9844,4.03,3.9844,4.03,560,0
ZEST.US,5,20211022,191500,3.9388,3.9388,3.93,3.93,830,0
ZEST.US,5,20211022,192000,3.96,3.96,3.96,3.96,999,0
ZEST.US,5,20211022,194000,4,4,4,4,126,0
ZEST.US,5,20211022,194500,3.98,4.02,3.98,4.02,298,0
ZEST.US,5,20211022,195000,4.01,4.01,4.01,4.01,300,0
ZEST.US,5,20211022,201000,4.0266,4.0266,4.0266,4.0266,239,0
ZEST.US,5,20211022,202000,4.02,4.02,4.02,4.02,100,0
ZEST.US,5,20211022,203500,4.02,4.04,4.02,4.04,1011,0
ZEST.US,5,20211022,211500,4.05,4.05,4.05,4.05,116,0
ZEST.US,5,20211022,212500,4.09,4.09,4.09,4.09,100,0
ZEST.US,5,20211022,213000,4.0877,4.0877,4.05,4.05,1100,0
ZEST.US,5,20211022,214000,4.05,4.1,4.05,4.1,2239,0
ZEST.US,5,20211022,214500,4.17,4.19,4.15,4.17,1913,0
ZEST.US,5,20211022,215000,4.19,4.19,4.12,4.12,900,0
ZEST.US,5,20211022,215500,4.15,4.163,4.15,4.163,578,0
ZEST.US,5,20211025,153000,4.13,4.13,4.13,4.13,512,0
ZEST.US,5,20211025,153500,4.14,4.14,4.14,4.14,100,0
ZEST.US,5,20211025,154000,4.15,4.15,4.15,4.15,500,0
ZEST.US,5,20211025,154500,4.15,4.15,4.15,4.15,200,0
ZEST.US,5,20211025,162000,4.2364,4.2364,4.2364,4.2364,236,0
ZEST.US,5,20211025,163000,4.1557,4.1557,4.1557,4.1557,350,0
ZEST.US,5,20211025,172000,4.16,4.16,4.16,4.16,100,0
ZEST.US,5,20211025,174500,4.175,4.175,4.175,4.175,471,0
ZEST.US,5,20211025,182000,4.1541,4.1541,4.15,4.15,1893,0
ZEST.US,5,20211025,183000,4.13,4.13,4.13,4.13,521,0
ZEST.US,5,20211025,184500,4.091,4.091,4.091,4.091,250,0
ZEST.US,5,20211025,192000,4.145,4.145,4.145,4.145,120,0
ZEST.US,5,20211025,193000,4.1104,4.12,4.1,4.1,2998,0
ZEST.US,5,20211025,195000,4.14,4.14,4.14,4.14,500,0
ZEST.US,5,20211025,195500,4.1179,4.1282,4.1179,4.1282,750,0
ZEST.US,5,20211025,200000,4.1813,4.1813,4.1813,4.1813,250,0
ZEST.US,5,20211025,200500,4.13,4.13,4.05,4.05,1175,0
ZEST.US,5,20211025,201500,4.13,4.13,4.13,4.13,700,0
ZEST.US,5,20211025,202000,4.09,4.09,4.09,4.09,100,0
ZEST.US,5,20211025,202500,4.09,4.1,4.09,4.1,2100,0
ZEST.US,5,20211025,204000,4.13,4.13,4.13,4.13,200,0
ZEST.US,5,20211025,204500,4.1,4.12,4.1,4.12,1199,0
ZEST.US,5,20211025,205000,4.13,4.13,4.13,4.13,100,0
ZEST.US,5,20211025,210500,4.1093,4.1093,4.1093,4.1093,255,0
ZEST.US,5,20211025,211000,4.1001,4.12,4.07,4.07,1273,0
ZEST.US,5,20211025,211500,4.06,4.0602,4.04,4.04,994,0
ZEST.US,5,20211025,212000,4.0487,4.0905,4.0487,4.0905,769,0
ZEST.US,5,20211025,212500,4.0909,4.0909,4.02,4.02,870,0
ZEST.US,5,20211025,213000,4.091,4.091,4.091,4.091,247,0
ZEST.US,5,20211025,215500,4.07,4.07,4.06,4.06,718,0
ZEST.US,5,20211026,153000,4.07,4.07,4.07,4.07,100,0
ZEST.US,5,20211026,154000,4.0343,4.0476,4.0343,4.0476,1000,0
ZEST.US,5,20211026,154500,4.07,4.07,4.07,4.07,100,0
ZEST.US,5,20211026,155000,4.07,4.0868,4.01,4.0868,1600,0
ZEST.US,5,20211026,160500,4.05,4.05,4.01,4.04,5500,0
ZEST.US,5,20211026,164000,4.0363,4.0363,4.0363,4.0363,450,0
ZEST.US,5,20211026,164500,4.04,4.04,4.04,4.04,618,0
ZEST.US,5,20211026,170000,4.04,4.04,4.025,4.025,2500,0
ZEST.US,5,20211026,171000,4.04,4.04,4.01,4.01,2300,0
ZEST.US,5,20211026,172500,4.06,4.06,4.055,4.055,800,0
ZEST.US,5,20211026,173000,4.05,4.05,4.05,4.05,182,0
ZEST.US,5,20211026,173500,4.0374,4.08,4.0374,4.07,2162,0
ZEST.US,5,20211026,174000,4.0764,4.16,4.04,4.1,32337,0
ZEST.US,5,20211026,174500,4.13,4.13,4.12,4.12,800,0
ZEST.US,5,20211026,175000,4.12,4.12,4.0796,4.0796,2100,0
ZEST.US,5,20211026,175500,4.09,4.1,4.09,4.1,300,0
ZEST.US,5,20211026,180500,4.1,4.1,4.1,4.1,1000,0
ZEST.US,5,20211026,181500,4.15,4.15,4.12,4.12,963,0
ZEST.US,5,20211026,182000,4.085,4.1,4.05,4.065,5100,0
ZEST.US,5,20211026,182500,4.05,4.05,4.05,4.05,300,0
ZEST.US,5,20211026,191000,4.07,4.07,4.04,4.04,1100,0
ZEST.US,5,20211026,193500,4.0265,4.0565,4.0265,4.0565,360,0
ZEST.US,5,20211026,194500,4.05,4.06,4.05,4.05,500,0
ZEST.US,5,20211026,195500,4.07,4.07,4.05,4.05,500,0
ZEST.US,5,20211026,200500,4.05,4.05,4.04,4.04,200,0
ZEST.US,5,20211026,202000,4.0356,4.045,4.03,4.045,2688,0
ZEST.US,5,20211026,202500,4.05,4.065,4.02,4.02,2443,0
ZEST.US,5,20211026,203500,4.07,4.07,4.07,4.07,316,0
ZEST.US,5,20211026,204000,4.04,4.05,4.04,4.05,200,0
ZEST.US,5,20211026,204500,4.02,4.03,4,4,8052,0
ZEST.US,5,20211026,205000,4.015,4.015,3.95,3.97,28567,0
ZEST.US,5,20211026,210500,3.96,3.96,3.96,3.96,100,0
ZEST.US,5,20211026,211000,3.96,3.96,3.955,3.955,300,0
ZEST.US,5,20211026,211500,3.96,3.97,3.95,3.95,3683,0
ZEST.US,5,20211026,212000,3.95,3.96,3.95,3.95,4518,0
ZEST.US,5,20211026,212500,3.95,3.957,3.95,3.95,5481,0
ZEST.US,5,20211026,213000,3.96,3.98,3.95,3.9771,7009,0
ZEST.US,5,20211026,213500,3.97,3.98,3.97,3.98,600,0
ZEST.US,5,20211026,214000,3.979,3.98,3.9666,3.9666,963,0
ZEST.US,5,20211026,214500,3.96,3.98,3.95,3.95,1014,0
ZEST.US,5,20211026,215500,3.985,4.02,3.985,4.02,702,0
ZEST.US,5,20211027,153000,3.99,4.1,3.99,4.1,4534,0
ZEST.US,5,20211027,153500,4.11,4.11,4.11,4.11,100,0
ZEST.US,5,20211027,154000,4.12,4.12,4.1,4.1,2244,0
ZEST.US,5,20211027,160000,4.06,4.06,4.05,4.05,2121,0
ZEST.US,5,20211027,162000,4,4,3.8,3.8,101744,0
ZEST.US,5,20211027,162500,3.85,3.85,3.83,3.85,6334,0
ZEST.US,5,20211027,163000,3.85,3.87,3.85,3.87,1000,0
ZEST.US,5,20211027,163500,3.8604,3.8604,3.8,3.86,1894,0
ZEST.US,5,20211027,164000,3.93,3.94,3.9,3.94,654,0
ZEST.US,5,20211027,164500,3.96,3.99,3.96,3.99,910,0
ZEST.US,5,20211027,165500,4.05,4.06,4.0179,4.02,1320,0
ZEST.US,5,20211027,170000,4.08,4.08,4.05,4.08,1800,0
ZEST.US,5,20211027,170500,4.07,4.09,4.07,4.09,300,0
ZEST.US,5,20211027,171000,4.05,4.05,4.05,4.05,443,0
ZEST.US,5,20211027,171500,4.05,4.06,4.03,4.05,2600,0
ZEST.US,5,20211027,172000,4.07,4.07,4.05,4.06,500,0
ZEST.US,5,20211027,172500,4.06,4.07,4.05,4.06,400,0
ZEST.US,5,20211027,173000,4.07,4.07,4.06,4.06,600,0
ZEST.US,5,20211027,173500,4.07,4.1,4.03,4.03,18380,0
ZEST.US,5,20211027,174000,4.05,4.05,4.05,4.05,300,0
ZEST.US,5,20211027,174500,4.05,4.05,4.03,4.05,500,0
ZEST.US,5,20211027,175000,4.05,4.05,4.05,4.05,200,0
ZEST.US,5,20211027,175500,4.05,4.05,4.04,4.05,1000,0
ZEST.US,5,20211027,180000,4.08,4.08,4.03,4.08,400,0
ZEST.US,5,20211027,180500,4.08,4.09,4.07,4.08,600,0
ZEST.US,5,20211027,181000,4.06,4.09,4.06,4.09,400,0
ZEST.US,5,20211027,181500,4.09,4.09,4.09,4.09,300,0
ZEST.US,5,20211027,182000,4.0869,4.09,4.05,4.09,1440,0
ZEST.US,5,20211027,182500,4.09,4.09,4.08,4.09,735,0
ZEST.US,5,20211027,183000,4.09,4.09,4.08,4.0898,1200,0
ZEST.US,5,20211027,183500,4.07,4.07,4.03,4.03,1900,0
ZEST.US,5,20211027,184500,4.09,4.09,4.09,4.09,200,0
ZEST.US,5,20211027,185000,4.09,4.09,4.09,4.09,200,0
ZEST.US,5,20211027,185500,4.09,4.09,4.09,4.09,100,0
ZEST.US,5,20211027,190000,4.089,4.09,4.089,4.09,500,0
ZEST.US,5,20211027,190500,4.09,4.09,4.09,4.09,300,0
ZEST.US,5,20211027,191000,4.09,4.09,4.09,4.09,455,0
ZEST.US,5,20211027,191500,4.09,4.09,4.09,4.09,300,0
ZEST.US,5,20211027,192000,4.09,4.09,4.08,4.08,300,0
ZEST.US,5,20211027,192500,4.09,4.09,4.085,4.085,300,0
ZEST.US,5,20211027,193000,4.09,4.09,4.08,4.08,1000,0
ZEST.US,5,20211027,193500,4.08,4.0852,4.08,4.0852,900,0
ZEST.US,5,20211027,194000,4.08,4.08,4.04,4.065,1700,0
ZEST.US,5,20211027,194500,4.065,4.065,4.04,4.065,500,0
ZEST.US,5,20211027,195000,4.065,4.07,4.05,4.06,500,0
ZEST.US,5,20211027,195500,4.055,4.055,4.03,4.055,2700,0
ZEST.US,5,20211027,200000,4.055,4.055,4.02,4.02,400,0
ZEST.US,5,20211027,200500,4.03,4.03,4,4.01,1429,0
ZEST.US,5,20211027,201000,4.015,4.015,4.015,4.015,400,0
ZEST.US,5,20211027,201500,4.02,4.02,4.02,4.02,300,0
ZEST.US,5,20211027,202000,4.02,4.02,3.96,4.02,4200,0
ZEST.US,5,20211027,202500,4.02,4.025,3.97,4.025,300,0
ZEST.US,5,20211027,203000,4.02,4.02,4.02,4.02,200,0
ZEST.US,5,20211027,203500,4.02,4.02,4.02,4.02,200,0
ZEST.US,5,20211027,204000,4.02,4.02,3.95,3.95,2535,0
ZEST.US,5,20211027,204500,4.01,4.01,3.99,3.99,200,0
ZEST.US,5,20211027,210000,4.02,4.02,4.02,4.02,100,0
ZEST.US,5,20211027,210500,4.03,4.03,3.98,3.98,6826,0
ZEST.US,5,20211027,211000,4,4,4,4,200,0
ZEST.US,5,20211027,211500,4.005,4.005,4.005,4.005,200,0
ZEST.US,5,20211027,212000,4.03,4.03,4,4.005,900,0
ZEST.US,5,20211027,212500,4.005,4.005,4.005,4.005,100,0
ZEST.US,5,20211027,213000,4.005,4.015,3.995,4.015,900,0
ZEST.US,5,20211027,213500,4,4.01,4,4.01,1380,0
ZEST.US,5,20211027,214000,4.01,4.01,3.99,4.01,400,0
ZEST.US,5,20211027,214500,4.01,4.01,4.01,4.01,400,0
ZEST.US,5,20211027,215000,4.01,4.01,4.01,4.01,600,0
ZEST.US,5,20211027,215500,3.99,4.03,3.99,3.99,2101,0
ZEST.US,5,20211028,153000,4,4.05,4,4.05,2246,0
ZEST.US,5,20211028,153500,4.025,4.025,3.98,3.98,2789,0
ZEST.US,5,20211028,154000,3.98,3.98,3.97,3.97,997,0
ZEST.US,5,20211028,160000,4.0173,4.0173,3.98,4.01,1400,0
ZEST.US,5,20211028,161500,3.9853,3.9853,3.97,3.97,1396,0
ZEST.US,5,20211028,162500,4.02,4.02,3.97,3.97,476,0
ZEST.US,5,20211028,165000,3.98,3.9801,3.98,3.98,6000,0
ZEST.US,5,20211028,172000,4.02,4.02,3.99,3.99,500,0
ZEST.US,5,20211028,172500,4,4,4,4,100,0
ZEST.US,5,20211028,174000,4,4,4,4,588,0
ZEST.US,5,20211028,175500,4.02,4.02,4,4,350,0
ZEST.US,5,20211028,180500,4,4,3.99,3.99,812,0
ZEST.US,5,20211028,181500,4.01,4.01,4.01,4.01,100,0
ZEST.US,5,20211028,185000,4.0146,4.0146,4.0146,4.0146,250,0
ZEST.US,5,20211028,192000,4,4.02,3.98,3.98,7896,0
ZEST.US,5,20211028,192500,4.01,4.01,3.99,3.99,300,0
ZEST.US,5,20211028,195500,4.02,4.02,4.02,4.02,500,0
ZEST.US,5,20211028,203500,4.0002,4.01,4.0002,4.01,1600,0
ZEST.US,5,20211028,204000,4.0337,4.0337,4.0337,4.0337,120,0
ZEST.US,5,20211028,205000,4.03,4.04,4,4,4850,0
ZEST.US,5,20211028,205500,4.04,4.04,4,4.04,2612,0
ZEST.US,5,20211028,210000,4.035,4.035,4.035,4.035,100,0
ZEST.US,5,20211028,210500,4.02,4.035,4.01,4.01,5451,0
ZEST.US,5,20211028,211000,4.01,4.01,4,4,400,0
ZEST.US,5,20211028,211500,4,4,3.99,3.99,4750,0
ZEST.US,5,20211028,212500,3.99,4,3.99,3.9916,900,0
ZEST.US,5,20211028,213000,4,4.02,4,4.015,2600,0
ZEST.US,5,20211028,214500,4.0468,4.05,4.0468,4.05,1913,0
ZEST.US,5,20211028,215000,4.05,4.07,4.05,4.07,10027,0
ZEST.US,5,20211028,215500,4.08,4.1,4.08,4.1,1284,0
ZEST.US,5,20211029,153000,4.03,4.1,4.03,4.09,1634,0
ZEST.US,5,20211029,154000,4.03,4.05,4.03,4.05,447,0
ZEST.US,5,20211029,162500,4.0383,4.1,4.0383,4.1,700,0
ZEST.US,5,20211029,165500,4.11,4.12,4.03,4.05,5400,0
ZEST.US,5,20211029,171000,4.1199,4.1199,4.0507,4.06,716,0
ZEST.US,5,20211029,172000,4.0745,4.0745,4.05,4.05,350,0
ZEST.US,5,20211029,173500,4.085,4.085,4.05,4.05,700,0
ZEST.US,5,20211029,174500,4.0646,4.0646,4.0646,4.0646,434,0
ZEST.US,5,20211029,175000,4.05,4.085,4.03,4.03,4980,0
ZEST.US,5,20211029,180000,4.075,4.075,4.03,4.03,1431,0
ZEST.US,5,20211029,181000,4.1136,4.1136,4.03,4.03,1550,0
ZEST.US,5,20211029,182500,4.075,4.075,4.03,4.03,1700,0
ZEST.US,5,20211029,183000,4.12,4.12,4.03,4.03,1914,0
ZEST.US,5,20211029,190000,4.04,4.04,4.04,4.04,100,0
ZEST.US,5,20211029,193000,4.075,4.11,4.075,4.11,500,0
ZEST.US,5,20211029,193500,4.11,4.12,4.11,4.12,500,0
ZEST.US,5,20211029,194000,4.12,4.12,4.12,4.12,300,0
ZEST.US,5,20211029,195500,4.12,4.12,4.08,4.08,1400,0
ZEST.US,5,20211029,203000,4.1,4.1,4.1,4.1,100,0
ZEST.US,5,20211029,203500,4.1,4.1,4.1,4.1,100,0
ZEST.US,5,20211029,204500,4.1,4.1,4.1,4.1,100,0
ZEST.US,5,20211029,205000,4.12,4.12,4.095,4.095,504,0
ZEST.US,5,20211029,205500,4.09,4.09,4.09,4.09,600,0
ZEST.US,5,20211029,210000,4.11,4.12,4.1,4.1,1399,0
ZEST.US,5,20211029,210500,4.12,4.12,4.08,4.1,1500,0
ZEST.US,5,20211029,211500,4.09,4.09,4.09,4.09,100,0
ZEST.US,5,20211029,212000,4.0991,4.0991,4.0991,4.0991,236,0
ZEST.US,5,20211029,212500,4.07,4.09,4.04,4.07,2109,0
ZEST.US,5,20211029,213000,4.05,4.0885,4.05,4.0885,756,0
ZEST.US,5,20211029,213500,4.03,4.03,4.03,4.03,100,0
ZEST.US,5,20211029,214500,4.05,4.05,4.03,4.03,200,0
ZEST.US,5,20211029,215000,4.03,4.03,4.03,4.03,100,0
ZEST.US,5,20211029,215500,4.053,4.09,4.03,4.03,3166,0
ZEST.US,5,20211101,143000,3.95,4.0902,3.95,4.0902,6500,0
ZEST.US,5,20211101,152000,4.1,4.1,4.1,4.1,246,0
ZEST.US,5,20211101,152500,4.03,4.03,4.03,4.03,3953,0
ZEST.US,5,20211101,153000,4,4,4,4,100,0
ZEST.US,5,20211101,153500,4.0754,4.0754,4.0754,4.0754,316,0
ZEST.US,5,20211101,161500,4.0434,4.0434,4.0434,4.0434,1000,0
ZEST.US,5,20211101,170500,3.9763,3.9763,3.9763,3.9763,769,0
ZEST.US,5,20211101,171500,3.9973,3.9973,3.9973,3.9973,185,0
ZEST.US,5,20211101,173000,4.0449,4.0449,4.0449,4.0449,1000,0
ZEST.US,5,20211101,175500,4.05,4.05,4.05,4.05,1000,0
ZEST.US,5,20211101,182000,4.025,4.025,4.025,4.025,300,0
ZEST.US,5,20211101,185500,4.03,4.03,4.03,4.03,200,0
ZEST.US,5,20211101,190500,4.04,4.05,4.04,4.05,889,0
ZEST.US,5,20211101,191500,4.0467,4.0467,4.0467,4.0467,1000,0
ZEST.US,5,20211101,193000,4.0353,4.0353,4.0353,4.0353,200,0
ZEST.US,5,20211101,202000,4.05,4.09,4.01,4.08,2718,0
ZEST.US,5,20211101,202500,4.0374,4.0374,4.0374,4.0374,200,0
ZEST.US,5,20211101,204500,4.03,4.03,4.03,4.03,1100,0
ZEST.US,5,20211101,205000,3.99,4.01,3.96,3.96,1994,0
ZEST.US,5,20211101,205500,4.0406,4.06,3.99,3.99,713,0
ZEST.US,5,20211102,143000,4.05,4.05,4.05,4.05,1987,0
ZEST.US,5,20211102,143500,4.05,4.05,4.05,4.05,143,0
ZEST.US,5,20211102,150000,4.05,4.05,4.04,4.04,1258,0
ZEST.US,5,20211102,151500,4.0501,4.0501,4.0501,4.0501,1000,0
ZEST.US,5,20211102,152000,4.0501,4.1,4.0501,4.1,1600,0
ZEST.US,5,20211102,152500,4.075,4.075,4.06,4.06,419,0
ZEST.US,5,20211102,153500,4.06,4.06,4.0569,4.06,1700,0
ZEST.US,5,20211102,154000,4.06,4.06,4.06,4.06,100,0
ZEST.US,5,20211102,154500,4.055,4.055,4.05,4.05,1250,0
ZEST.US,5,20211102,155500,4.0382,4.0382,4.0382,4.0382,355,0
ZEST.US,5,20211102,160000,4.05,4.05,4.05,4.05,100,0
ZEST.US,5,20211102,160500,4.05,4.05,4.05,4.05,944,0
ZEST.US,5,20211102,161500,4.06,4.06,4.06,4.06,500,0
ZEST.US,5,20211102,162000,4.06,4.06,4.0301,4.0301,600,0
ZEST.US,5,20211102,162500,4.06,4.06,4.06,4.06,100,0
ZEST.US,5,20211102,163500,4.06,4.06,4.06,4.06,100,0
ZEST.US,5,20211102,164500,4.06,4.06,4.06,4.06,100,0
ZEST.US,5,20211102,165500,4.06,4.06,4.06,4.06,200,0
ZEST.US,5,20211102,170500,4.055,4.06,4.055,4.06,800,0
ZEST.US,5,20211102,171500,4.06,4.06,4.06,4.06,450,0
ZEST.US,5,20211102,173500,4.06,4.06,4.06,4.06,1100,0
ZEST.US,5,20211102,174000,4.0538,4.06,4.0538,4.06,500,0
ZEST.US,5,20211102,175500,4.06,4.06,4.06,4.06,600,0
ZEST.US,5,20211102,182000,4.055,4.1,4.055,4.1,6235,0
ZEST.US,5,20211102,183000,4.1,4.1,4.06,4.06,2000,0
ZEST.US,5,20211102,183500,4.0648,4.0873,4.0648,4.0873,2875,0
ZEST.US,5,20211102,184500,4.1,4.1,4.1,4.1,700,0
ZEST.US,5,20211102,185000,4.09,4.09,4.09,4.09,167,0
ZEST.US,5,20211102,185500,4.1,4.1,4.1,4.1,100,0
ZEST.US,5,20211102,190000,4.09,4.09,4.09,4.09,117,0
ZEST.US,5,20211102,190500,4.09,4.09,4.09,4.09,900,0
ZEST.US,5,20211102,191500,4.085,4.09,4.085,4.0877,2200,0
ZEST.US,5,20211102,192000,4.1,4.1,4.1,4.1,100,0
ZEST.US,5,20211102,193000,4.1,4.1,4.1,4.1,100,0
ZEST.US,5,20211102,193500,4.1,4.1,4.1,4.1,100,0
ZEST.US,5,20211102,194500,4.1,4.1,4.1,4.1,100,0
ZEST.US,5,20211102,195000,4.1,4.1,4.09,4.09,318,0
ZEST.US,5,20211102,195500,4.1,4.1,4.1,4.1,100,0
ZEST.US,5,20211102,200000,4.1,4.1,4.1,4.1,100,0
ZEST.US,5,20211102,200500,4.1,4.1,4.1,4.1,100,0
ZEST.US,5,20211102,201000,4.1,4.1,4.1,4.1,100,0
ZEST.US,5,20211102,202000,4.1,4.1,4.1,4.1,100,0
ZEST.US,5,20211102,202500,4.1,4.1,4.1,4.1,100,0
ZEST.US,5,20211102,203000,4.1,4.1,4.1,4.1,100,0
ZEST.US,5,20211102,203500,4.1,4.1,4.1,4.1,100,0
ZEST.US,5,20211102,204000,4.1,4.1,4.08,4.1,300,0
ZEST.US,5,20211102,204500,4.1,4.1,4.1,4.1,200,0
ZEST.US,5,20211102,205000,4.095,4.1,4.095,4.1,300,0
ZEST.US,5,20211102,205500,4.0987,4.1,4.09,4.1,2009,0
ZEST.US,5,20211103,143000,4.1,4.1,4,4,350,0
ZEST.US,5,20211103,143500,4.1,4.1,4.1,4.1,100,0
ZEST.US,5,20211103,145500,4.1,4.1,4.09,4.1,1000,0
ZEST.US,5,20211103,150000,4.0999,4.0999,4.0999,4.0999,247,0
ZEST.US,5,20211103,152500,4.05,4.05,4.05,4.05,100,0
ZEST.US,5,20211103,161000,4.0151,4.0151,4.0151,4.0151,130,0
ZEST.US,5,20211103,170500,4.05,4.05,4.05,4.05,2100,0
ZEST.US,5,20211103,172000,4.04,4.05,4.02,4.025,1069,0
ZEST.US,5,20211103,173500,4.0001,4.05,4.0001,4.05,9417,0
ZEST.US,5,20211103,181500,4.1,4.1,4.1,4.1,100,0
ZEST.US,5,20211103,191500,4.0454,4.0454,4.0454,4.0454,287,0
ZEST.US,5,20211103,193000,4.05,4.06,4.05,4.06,1257,0
ZEST.US,5,20211103,194000,4.06,4.07,4.06,4.07,372,0
ZEST.US,5,20211103,200000,4.07,4.07,4.07,4.07,128,0
ZEST.US,5,20211103,201500,4.075,4.075,4.075,4.075,410,0
ZEST.US,5,20211103,203000,4.07,4.07,4.07,4.07,158,0
ZEST.US,5,20211103,203500,4.07,4.07,4.07,4.07,100,0
ZEST.US,5,20211103,205500,4.08,4.08,4.08,4.08,404,0
ZEST.US,5,20211104,143000,4.05,4.05,4.05,4.05,452,0
ZEST.US,5,20211104,144000,4.0712,4.08,4.0712,4.08,1170,0
ZEST.US,5,20211104,153000,4.094,4.094,4.094,4.094,1200,0
ZEST.US,5,20211104,154000,4.1,4.1,4.093,4.1,5986,0
ZEST.US,5,20211104,160000,4.1,4.1045,4.1,4.1,2000,0
ZEST.US,5,20211104,163500,4.1001,4.1001,4.1001,4.1001,315,0
ZEST.US,5,20211104,165000,4.11,4.11,4.1034,4.1034,2200,0
ZEST.US,5,20211104,165500,4.11,4.11,4.11,4.11,180,0
ZEST.US,5,20211104,174000,4.1001,4.1001,4.05,4.05,1280,0
ZEST.US,5,20211104,185500,4.054,4.07,4,4,10566,0
ZEST.US,5,20211104,192000,4.0083,4.0083,4.0083,4.0083,800,0
ZEST.US,5,20211104,192500,4.08,4.08,4.08,4.08,100,0
ZEST.US,5,20211104,193500,4.08,4.09,4.045,4.045,3652,0
ZEST.US,5,20211104,194500,4.041,4.08,4.041,4.08,1400,0
ZEST.US,5,20211104,195000,4.08,4.14,4.08,4.11,1413,0
ZEST.US,5,20211104,203000,4.11,4.11,4.11,4.11,200,0
ZEST.US,5,20211104,203500,4.14,4.14,4.14,4.14,500,0
ZEST.US,5,20211104,204500,4.13,4.13,4.11,4.13,1540,0
ZEST.US,5,20211104,205500,4.1467,4.15,4.1467,4.15,1310,0
ZEST.US,5,20211105,143000,4.13,4.135,4.01,4.135,1804,0
ZEST.US,5,20211105,143500,4.08,4.08,4.08,4.08,182,0
ZEST.US,5,20211105,144000,4.1151,4.1151,4.1151,4.1151,750,0
ZEST.US,5,20211105,145500,4.13,4.13,4.03,4.03,1300,0
ZEST.US,5,20211105,151500,4.0301,4.085,4.03,4.03,4425,0
ZEST.US,5,20211105,152000,4.05,4.05,4.05,4.05,260,0
ZEST.US,5,20211105,154000,4.1039,4.106,4.05,4.106,300,0
ZEST.US,5,20211105,155000,4.075,4.1,4.05,4.05,3110,0
ZEST.US,5,20211105,160000,4.1,4.1,4.1,4.1,200,0
ZEST.US,5,20211105,163500,4.0789,4.0789,4.0789,4.0789,250,0
ZEST.US,5,20211105,170500,4.065,4.065,4.05,4.05,600,0
ZEST.US,5,20211105,171000,4.05,4.05,4.01,4.01,2949,0
ZEST.US,5,20211105,173500,4.01,4.01,4.01,4.01,140,0
ZEST.US,5,20211105,180500,4.025,4.025,4.01,4.01,500,0
ZEST.US,5,20211105,181500,4.01,4.025,4.01,4.025,234,0
ZEST.US,5,20211105,182500,4.025,4.025,4.025,4.025,100,0
ZEST.US,5,20211105,185500,4.025,4.025,4.025,4.025,200,0
ZEST.US,5,20211105,190500,4.04,4.04,4.01,4.01,700,0
ZEST.US,5,20211105,192000,4.025,4.025,4.025,4.025,100,0
ZEST.US,5,20211105,192500,4.0179,4.0179,4.01,4.01,1430,0
ZEST.US,5,20211105,193000,4.0259,4.0259,4.01,4.01,350,0
ZEST.US,5,20211105,193500,4.025,4.025,4.01,4.01,247,0
ZEST.US,5,20211105,195500,4.025,4.025,4.025,4.025,200,0
ZEST.US,5,20211105,201000,4.01,4.04,4.01,4.04,600,0
ZEST.US,5,20211105,201500,4.01,4.01,4.01,4.01,200,0
ZEST.US,5,20211105,202000,4.01,4.01,4.01,4.01,444,0
ZEST.US,5,20211105,202500,4.01,4.01,4.01,4.01,300,0
ZEST.US,5,20211105,203000,4.01,4.0239,4.01,4.01,762,0
ZEST.US,5,20211105,203500,4.01,4.01,4.01,4.01,400,0
ZEST.US,5,20211105,204000,4.01,4.027,4.01,4.025,400,0
ZEST.US,5,20211105,204500,4.01,4.01,4.01,4.01,500,0
ZEST.US,5,20211105,205000,4.01,4.01,4.01,4.01,500,0
ZEST.US,5,20211105,205500,4.01,4.04,4.01,4.01,3005,0
ZEST.US,5,20211108,153500,4.05,4.1312,4.05,4.1312,6500,0
ZEST.US,5,20211108,155000,4.08,4.08,4.08,4.08,100,0
ZEST.US,5,20211108,160500,4.105,4.105,4.105,4.105,100,0
ZEST.US,5,20211108,161000,4.08,4.08,4.08,4.08,503,0
ZEST.US,5,20211108,161500,4.11,4.11,4.11,4.11,2500,0
ZEST.US,5,20211108,162000,4.08,4.08,4.08,4.08,355,0
ZEST.US,5,20211108,162500,4.11,4.11,4.0702,4.0702,1210,0
ZEST.US,5,20211108,163000,4.095,4.12,4.095,4.12,3967,0
ZEST.US,5,20211108,163500,4.13,4.15,4.13,4.15,3119,0
ZEST.US,5,20211108,165500,4.145,4.145,4.145,4.145,207,0
ZEST.US,5,20211108,172500,4.15,4.17,4.1478,4.17,6000,0
ZEST.US,5,20211108,174000,4.17,4.19,4.17,4.19,1000,0
ZEST.US,5,20211108,174500,4.11,4.11,4.11,4.11,1900,0
ZEST.US,5,20211108,175500,4.1199,4.1199,4.1199,4.1199,1000,0
ZEST.US,5,20211108,181500,4.15,4.15,4.13,4.13,1667,0
ZEST.US,5,20211108,182000,4.13,4.13,4.13,4.13,100,0
ZEST.US,5,20211108,184500,4.11,4.13,4.05,4.05,5181,0
ZEST.US,5,20211108,191000,4.09,4.1,4.09,4.1,300,0
ZEST.US,5,20211108,193000,4.075,4.1,4.075,4.1,2000,0
ZEST.US,5,20211108,194000,4.0502,4.075,4.0502,4.075,1375,0
ZEST.US,5,20211108,200000,4.08,4.08,4.08,4.08,100,0
ZEST.US,5,20211108,202000,4.08,4.08,4.08,4.08,100,0
ZEST.US,5,20211108,203500,4.04,4.04,4.03,4.03,300,0
ZEST.US,5,20211108,204000,4.016,4.016,4.016,4.016,515,0
ZEST.US,5,20211108,205500,4.02,4.02,4.015,4.015,200,0
ZEST.US,5,20211108,210500,4.02,4.03,4.02,4.03,725,0
ZEST.US,5,20211108,213000,4.03,4.03,4.03,4.03,148,0
ZEST.US,5,20211108,213500,4.0299,4.0299,4.0299,4.0299,250,0
ZEST.US,5,20211108,214500,4.03,4.03,4.03,4.03,300,0
ZEST.US,5,20211108,215000,4.07,4.1,4.07,4.1,4781,0
ZEST.US,5,20211108,215500,4.1,4.1,4.01,4.01,1396,0
ZEST.US,5,20211109,153000,4,4.1,4,4.1,4057,0
ZEST.US,5,20211109,153500,4.09,4.1,4.09,4.0998,6900,0
ZEST.US,5,20211109,160500,4.07,4.07,4.02,4.025,4300,0
ZEST.US,5,20211109,161000,4.06,4.06,4.025,4.0251,2505,0
ZEST.US,5,20211109,161500,4.0276,4.1,4.0208,4.0208,2056,0
ZEST.US,5,20211109,162000,4.0509,4.0509,4.0509,4.0509,120,0
ZEST.US,5,20211109,162500,4.025,4.025,4.025,4.025,100,0
ZEST.US,5,20211109,164000,4.02,4.02,4.02,4.02,100,0
ZEST.US,5,20211109,164500,4.05,4.05,4.05,4.05,1641,0
ZEST.US,5,20211109,165000,4.0693,4.0693,4.0693,4.0693,100,0
ZEST.US,5,20211109,170000,4.08,4.08,4.08,4.08,400,0
ZEST.US,5,20211109,170500,4.09,4.09,4.09,4.09,1000,0
ZEST.US,5,20211109,191500,4.08,4.08,4.02,4.02,2329,0
ZEST.US,5,20211109,193500,4.02,4.02,4.02,4.02,4296,0
ZEST.US,5,20211109,203000,4.0202,4.035,4.02,4.035,956,0
ZEST.US,5,20211109,203500,4.0102,4.0102,4.01,4.01,210,0
ZEST.US,5,20211109,204500,4.01,4.01,4.01,4.01,2155,0
ZEST.US,5,20211109,210000,4.019,4.05,4.019,4.05,1298,0
ZEST.US,5,20211109,212000,4.0109,4.0109,3.97,3.97,33208,0
ZEST.US,5,20211109,212500,4.0075,4.0075,3.97,4,2337,0
ZEST.US,5,20211109,213000,3.99,4.02,3.97,4.02,3246,0
ZEST.US,5,20211109,213500,3.99,3.99,3.99,3.99,196,0
ZEST.US,5,20211109,214000,4.045,4.045,4.03,4.04,700,0
ZEST.US,5,20211109,214500,4.05,4.05,3.98,3.98,1000,0
ZEST.US,5,20211109,215500,4.0299,4.05,3.97,4.01,6337,0
ZEST.US,5,20211110,153000,4,4,4,4,423,0
ZEST.US,5,20211110,153500,3.98,3.98,3.98,3.98,2010,0
ZEST.US,5,20211110,154000,4.0893,4.0893,4.0893,4.0893,300,0
ZEST.US,5,20211110,155500,4.08,4.08,4.08,4.08,245,0
ZEST.US,5,20211110,160000,4.0256,4.0256,4.0256,4.0256,549,0
ZEST.US,5,20211110,161000,4.02,4.02,4.005,4.005,1120,0
ZEST.US,5,20211110,163500,4.005,4.005,4.005,4.005,600,0
ZEST.US,5,20211110,170000,4,4,4,4,700,0
ZEST.US,5,20211110,170500,4.015,4.015,4.015,4.015,200,0
ZEST.US,5,20211110,171500,4.03,4.03,4.03,4.03,400,0
ZEST.US,5,20211110,180000,4.02,4.03,4.01,4.03,3200,0
ZEST.US,5,20211110,190000,4.0038,4.0038,4.0038,4.0038,200,0
ZEST.US,5,20211110,194500,4.015,4.03,4,4.03,2310,0
ZEST.US,5,20211110,195000,4.0144,4.0144,4.0144,4.0144,100,0
ZEST.US,5,20211110,200000,4.0196,4.0196,4.015,4.015,200,0
ZEST.US,5,20211110,205000,4.03,4.03,4.03,4.03,1037,0
ZEST.US,5,20211110,205500,4.04,4.07,4.04,4.07,1049,0
ZEST.US,5,20211110,211500,4.05,4.05,4.05,4.05,100,0
ZEST.US,5,20211110,212000,4.05,4.05,4.05,4.05,100,0
ZEST.US,5,20211110,212500,4.05,4.05,4.05,4.05,600,0
ZEST.US,5,20211110,213000,4.035,4.05,4.02,4.02,6906,0
ZEST.US,5,20211110,214000,4.04,4.06,4.01,4.06,2100,0
ZEST.US,5,20211110,215500,4.06,4.07,4.06,4.07,200,0
ZEST.US,5,20211111,153000,4.01,4.01,3.98,3.98,2640,0
ZEST.US,5,20211111,153500,3.95,3.9606,3.92,3.9606,5790,0
ZEST.US,5,20211111,154000,3.97,3.97,3.9445,3.97,718,0
ZEST.US,5,20211111,155000,3.96,3.96,3.96,3.96,200,0
ZEST.US,5,20211111,155500,3.96,3.96,3.945,3.945,1471,0
ZEST.US,5,20211111,160000,3.95,3.95,3.95,3.95,200,0
ZEST.US,5,20211111,160500,3.97,3.97,3.953,3.953,200,0
ZEST.US,5,20211111,162000,3.9483,3.9483,3.9483,3.9483,300,0
ZEST.US,5,20211111,163500,3.93,3.93,3.9,3.9,1500,0
ZEST.US,5,20211111,164000,3.9,3.9157,3.9,3.9,20927,0
ZEST.US,5,20211111,164500,3.9,3.9001,3.9,3.9001,1449,0
ZEST.US,5,20211111,170000,3.9,3.9,3.9,3.9,100,0
ZEST.US,5,20211111,170500,3.9001,3.9001,3.9,3.9,10000,0
ZEST.US,5,20211111,174000,3.9958,3.9958,3.9958,3.9958,1493,0
ZEST.US,5,20211111,174500,3.98,3.99,3.98,3.99,200,0
ZEST.US,5,20211111,183500,3.945,3.945,3.91,3.92,3874,0
ZEST.US,5,20211111,184000,3.97,3.97,3.97,3.97,200,0
ZEST.US,5,20211111,184500,3.97,3.97,3.97,3.97,200,0
ZEST.US,5,20211111,185000,3.97,3.97,3.97,3.97,100,0
ZEST.US,5,20211111,190000,3.97,3.98,3.97,3.98,200,0
ZEST.US,5,20211111,190500,3.98,3.98,3.945,3.98,12430,0
ZEST.US,5,20211111,191000,3.98,3.98,3.98,3.98,1763,0
ZEST.US,5,20211111,191500,3.99,3.99,3.99,3.99,100,0
ZEST.US,5,20211111,192000,3.98,3.98,3.98,3.98,5984,0
ZEST.US,5,20211111,192500,4,4,4,4,569,0
ZEST.US,5,20211111,193000,4,4,4,4,200,0
ZEST.US,5,20211111,193500,4,4,4,4,200,0
ZEST.US,5,20211111,194000,3.9555,4,3.9555,4,2690,0
ZEST.US,5,20211111,194500,4,4,4,4,200,0
ZEST.US,5,20211111,195000,4,4,4,4,200,0
ZEST.US,5,20211111,195500,3.98,3.98,3.9739,3.9739,460,0
ZEST.US,5,20211111,200000,3.95,3.95,3.95,3.95,1400,0
ZEST.US,5,20211111,200500,3.95,3.95,3.95,3.95,200,0
ZEST.US,5,20211111,201000,3.95,3.95,3.95,3.95,360,0
ZEST.US,5,20211111,201500,3.98,3.98,3.95,3.95,400,0
ZEST.US,5,20211111,202000,3.95,3.95,3.95,3.95,622,0
ZEST.US,5,20211111,202500,3.95,3.95,3.95,3.95,300,0
ZEST.US,5,20211111,203000,3.95,3.95,3.95,3.95,400,0
ZEST.US,5,20211111,203500,3.95,3.95,3.95,3.95,5277,0
ZEST.US,5,20211111,204500,3.95,3.95,3.95,3.95,300,0
ZEST.US,5,20211111,205000,3.94,3.94,3.94,3.94,400,0
ZEST.US,5,20211111,210000,3.95,3.95,3.95,3.95,200,0
ZEST.US,5,20211111,210500,3.95,3.95,3.95,3.95,100,0
ZEST.US,5,20211111,215000,3.91,3.91,3.91,3.91,355,0
ZEST.US,5,20211111,215500,3.9397,3.9445,3.91,3.91,2266,0
