<TICKER>,<PER>,<DATE>,<TIME>,<OPEN>,<HIGH>,<LOW>,<CLOSE>,<VOL>,<OPENINT>
MS_F.US,5,20210922,153000,28.45,28.45,28.37,28.37,1140,0
MS_F.US,5,20210922,153500,28.45,28.45,28.38,28.38,200,0
MS_F.US,5,20210922,154000,28.37,28.37,28.37,28.37,100,0
MS_F.US,5,20210922,154500,28.37,28.38,28.37,28.38,200,0
MS_F.US,5,20210922,155000,28.38,28.38,28.38,28.38,100,0
MS_F.US,5,20210922,155500,28.4455,28.4455,28.39,28.39,1900,0
MS_F.US,5,20210922,160000,28.42,28.42,28.42,28.42,100,0
MS_F.US,5,20210922,161500,28.455,28.52,28.455,28.52,2872,0
MS_F.US,5,20210922,162000,28.5399,28.54,28.5399,28.54,6640,0
MS_F.US,5,20210922,162500,28.53,28.53,28.53,28.53,100,0
MS_F.US,5,20210922,163000,28.5406,28.5406,28.5406,28.5406,153,0
MS_F.US,5,20210922,163500,28.518,28.518,28.518,28.518,100,0
MS_F.US,5,20210922,164000,28.54,28.54,28.54,28.54,200,0
MS_F.US,5,20210922,165500,28.52,28.54,28.52,28.54,815,0
MS_F.US,5,20210922,170000,28.52,28.52,28.52,28.52,100,0
MS_F.US,5,20210922,171500,28.54,28.54,28.54,28.54,355,0
MS_F.US,5,20210922,172000,28.54,28.54,28.54,28.54,171,0
MS_F.US,5,20210922,172500,28.52,28.56,28.52,28.56,677,0
MS_F.US,5,20210922,173000,28.5516,28.56,28.5516,28.56,287,0
MS_F.US,5,20210922,173500,28.56,28.56,28.56,28.56,127,0
MS_F.US,5,20210922,174000,28.57,28.57,28.57,28.57,100,0
MS_F.US,5,20210922,175000,28.53,28.53,28.53,28.53,100,0
MS_F.US,5,20210922,180500,28.53,28.53,28.5201,28.5201,3700,0
MS_F.US,5,20210922,181000,28.555,28.57,28.555,28.57,600,0
MS_F.US,5,20210922,183500,28.5628,28.575,28.56,28.56,2777,0
MS_F.US,5,20210922,184000,28.551,28.551,28.551,28.551,321,0
MS_F.US,5,20210922,185000,28.56,28.56,28.545,28.545,749,0
MS_F.US,5,20210922,185500,28.53,28.53,28.53,28.53,100,0
MS_F.US,5,20210922,191000,28.55,28.56,28.54,28.545,2914,0
MS_F.US,5,20210922,191500,28.545,28.545,28.545,28.545,100,0
MS_F.US,5,20210922,192000,28.545,28.545,28.545,28.545,100,0
MS_F.US,5,20210922,193000,28.54,28.54,28.54,28.54,100,0
MS_F.US,5,20210922,193500,28.539,28.56,28.539,28.5599,835,0
MS_F.US,5,20210922,194000,28.56,28.56,28.56,28.56,503,0
MS_F.US,5,20210922,200000,28.56,28.56,28.56,28.56,100,0
MS_F.US,5,20210922,200500,28.56,28.56,28.56,28.56,823,0
MS_F.US,5,20210922,201500,28.58,28.59,28.58,28.58,1609,0
MS_F.US,5,20210922,202000,28.6,28.6,28.6,28.6,14463,0
MS_F.US,5,20210922,202500,28.595,28.595,28.595,28.595,100,0
MS_F.US,5,20210922,203000,28.5978,28.5978,28.5978,28.5978,192,0
MS_F.US,5,20210922,203500,28.58,28.58,28.58,28.58,100,0
MS_F.US,5,20210922,204000,28.5532,28.5532,28.5532,28.5532,600,0
MS_F.US,5,20210922,205500,28.5816,28.5816,28.5816,28.5816,500,0
MS_F.US,5,20210922,210000,28.5794,28.595,28.57,28.57,2100,0
MS_F.US,5,20210922,210500,28.5928,28.61,28.57,28.61,2812,0
MS_F.US,5,20210922,211000,28.61,28.62,28.6008,28.6147,2148,0
MS_F.US,5,20210922,212500,28.6,28.6,28.6,28.6,500,0
MS_F.US,5,20210922,214000,28.62,28.62,28.62,28.62,210,0
MS_F.US,5,20210922,214500,28.5901,28.62,28.57,28.57,6568,0
MS_F.US,5,20210922,215000,28.58,28.59,28.58,28.5828,607,0
MS_F.US,5,20210922,215500,28.58,28.59,28.56,28.56,997,0
MS_F.US,5,20210923,153000,28.59,28.59,28.59,28.59,1204,0
MS_F.US,5,20210923,153500,28.59,28.59,28.58,28.59,623,0
MS_F.US,5,20210923,155000,28.62,28.62,28.6002,28.6002,360,0
MS_F.US,5,20210923,155500,28.6,28.6,28.6,28.6,100,0
MS_F.US,5,20210923,160000,28.6,28.62,28.6,28.62,200,0
MS_F.US,5,20210923,160500,28.6,28.65,28.6,28.65,7493,0
MS_F.US,5,20210923,161500,28.625,28.65,28.625,28.65,500,0
MS_F.US,5,20210923,163000,28.6149,28.6604,28.6149,28.6604,500,0
MS_F.US,5,20210923,163500,28.67,28.67,28.67,28.67,100,0
MS_F.US,5,20210923,164000,28.63,28.63,28.63,28.63,100,0
MS_F.US,5,20210923,164500,28.68,28.68,28.63,28.63,200,0
MS_F.US,5,20210923,165000,28.62,28.66,28.6142,28.66,600,0
MS_F.US,5,20210923,165500,28.63,28.65,28.63,28.6334,500,0
MS_F.US,5,20210923,170000,28.63,28.63,28.63,28.63,104,0
MS_F.US,5,20210923,170500,28.61,28.63,28.61,28.61,560,0
MS_F.US,5,20210923,171000,28.57,28.57,28.57,28.57,340,0
MS_F.US,5,20210923,173000,28.508,28.5107,28.5001,28.5107,2100,0
MS_F.US,5,20210923,173500,28.6177,28.6177,28.6177,28.6177,217,0
MS_F.US,5,20210923,174500,28.5209,28.5209,28.5209,28.5209,140,0
MS_F.US,5,20210923,175000,28.54,28.54,28.54,28.54,100,0
MS_F.US,5,20210923,175500,28.54,28.54,28.54,28.54,100,0
MS_F.US,5,20210923,180000,28.61,28.61,28.61,28.61,966,0
MS_F.US,5,20210923,180500,28.62,28.62,28.62,28.62,100,0
MS_F.US,5,20210923,181000,28.54,28.59,28.54,28.59,200,0
MS_F.US,5,20210923,181500,28.5306,28.555,28.5306,28.555,988,0
MS_F.US,5,20210923,182000,28.55,28.55,28.55,28.55,200,0
MS_F.US,5,20210923,182500,28.52,28.56,28.36,28.36,1900,0
MS_F.US,5,20210923,183000,28.37,28.37,28.37,28.37,100,0
MS_F.US,5,20210923,183500,28.36,28.36,28.36,28.36,100,0
MS_F.US,5,20210923,184000,28.39,28.4666,28.39,28.4666,297,0
MS_F.US,5,20210923,184500,28.39,28.39,28.39,28.39,100,0
MS_F.US,5,20210923,185000,28.4051,28.4051,28.4051,28.4051,139,0
MS_F.US,5,20210923,185500,28.39,28.464,28.39,28.45,819,0
MS_F.US,5,20210923,190500,28.41,28.41,28.3955,28.3991,525,0
MS_F.US,5,20210923,191500,28.5028,28.5028,28.39,28.41,554,0
MS_F.US,5,20210923,192500,28.45,28.45,28.45,28.45,300,0
MS_F.US,5,20210923,193500,28.4468,28.45,28.41,28.41,1262,0
MS_F.US,5,20210923,194000,28.4,28.52,28.4,28.49,627,0
MS_F.US,5,20210923,195000,28.47,28.5187,28.42,28.42,981,0
MS_F.US,5,20210923,195500,28.43,28.455,28.43,28.455,200,0
MS_F.US,5,20210923,200000,28.48,28.48,28.48,28.48,100,0
MS_F.US,5,20210923,200500,28.455,28.48,28.455,28.48,200,0
MS_F.US,5,20210923,201000,28.48,28.48,28.48,28.48,100,0
MS_F.US,5,20210923,201500,28.44,28.44,28.39,28.41,412,0
MS_F.US,5,20210923,202000,28.42,28.47,28.42,28.47,200,0
MS_F.US,5,20210923,203000,28.5033,28.5033,28.42,28.4729,1435,0
MS_F.US,5,20210923,203500,28.46,28.46,28.46,28.46,100,0
MS_F.US,5,20210923,204000,28.455,28.455,28.455,28.455,100,0
MS_F.US,5,20210923,204500,28.45,28.45,28.45,28.45,300,0
MS_F.US,5,20210923,205000,28.47,28.47,28.47,28.47,623,0
MS_F.US,5,20210923,210500,28.43,28.43,28.43,28.43,200,0
MS_F.US,5,20210923,211000,28.43,28.5,28.43,28.5,1035,0
MS_F.US,5,20210923,211500,28.4163,28.4163,28.4163,28.4163,126,0
MS_F.US,5,20210923,212000,28.43,28.43,28.43,28.43,100,0
MS_F.US,5,20210923,212500,28.43,28.43,28.43,28.43,100,0
MS_F.US,5,20210923,213000,28.4456,28.45,28.42,28.45,679,0
MS_F.US,5,20210923,213500,28.43,28.43,28.43,28.43,155,0
MS_F.US,5,20210923,214000,28.47,28.47,28.47,28.47,100,0
MS_F.US,5,20210923,214500,28.46,28.46,28.43,28.43,400,0
MS_F.US,5,20210923,215000,28.43,28.46,28.43,28.46,400,0
MS_F.US,5,20210923,215500,28.46,28.49,28.42,28.42,935,0
MS_F.US,5,20210924,153000,28.48,28.48,28.385,28.385,2223,0
MS_F.US,5,20210924,153500,28.45,28.45,28.4,28.44,1000,0
MS_F.US,5,20210924,154500,28.4,28.4,28.4,28.4,100,0
MS_F.US,5,20210924,155000,28.387,28.387,28.387,28.387,146,0
MS_F.US,5,20210924,155500,28.39,28.39,28.35,28.35,903,0
MS_F.US,5,20210924,160000,28.4,28.4,28.39,28.4,700,0
MS_F.US,5,20210924,162000,28.358,28.358,28.3001,28.3001,2733,0
MS_F.US,5,20210924,163000,28.395,28.395,28.395,28.395,100,0
MS_F.US,5,20210924,165000,28.39,28.39,28.31,28.31,499,0
MS_F.US,5,20210924,165500,28.37,28.37,28.37,28.37,100,0
MS_F.US,5,20210924,170500,28.33,28.33,28.33,28.33,400,0
MS_F.US,5,20210924,171000,28.3524,28.3524,28.3524,28.3524,1000,0
MS_F.US,5,20210924,172500,28.379,28.395,28.379,28.395,421,0
MS_F.US,5,20210924,173000,28.38,28.38,28.37,28.37,400,0
MS_F.US,5,20210924,173500,28.38,28.39,28.38,28.39,201,0
MS_F.US,5,20210924,174500,28.3829,28.3829,28.3829,28.3829,214,0
MS_F.US,5,20210924,175500,28.34,28.395,28.34,28.395,296,0
MS_F.US,5,20210924,180500,28.35,28.35,28.35,28.35,196,0
MS_F.US,5,20210924,182000,28.3724,28.3724,28.3724,28.3724,246,0
MS_F.US,5,20210924,183000,28.4,28.4,28.4,28.4,100,0
MS_F.US,5,20210924,183500,28.35,28.35,28.35,28.35,127,0
MS_F.US,5,20210924,184000,28.375,28.375,28.375,28.375,108,0
MS_F.US,5,20210924,184500,28.382,28.3848,28.382,28.3848,700,0
MS_F.US,5,20210924,185000,28.4,28.4,28.34,28.35,1640,0
MS_F.US,5,20210924,190500,28.3935,28.3935,28.3935,28.3935,221,0
MS_F.US,5,20210924,191500,28.35,28.35,28.35,28.35,196,0
MS_F.US,5,20210924,194000,28.375,28.375,28.375,28.375,360,0
MS_F.US,5,20210924,194500,28.3815,28.392,28.3815,28.392,493,0
MS_F.US,5,20210924,200000,28.4,28.4,28.39,28.39,1298,0
MS_F.US,5,20210924,202000,28.39,28.4,28.375,28.4,2410,0
MS_F.US,5,20210924,202500,28.36,28.36,28.36,28.36,196,0
MS_F.US,5,20210924,203500,28.375,28.42,28.375,28.411,1010,0
MS_F.US,5,20210924,204000,28.36,28.4699,28.36,28.4148,2210,0
MS_F.US,5,20210924,205000,28.465,28.465,28.355,28.355,200,0
MS_F.US,5,20210924,210000,28.4244,28.4244,28.4244,28.4244,123,0
MS_F.US,5,20210924,210500,28.37,28.37,28.37,28.37,100,0
MS_F.US,5,20210924,211000,28.405,28.4599,28.405,28.4599,1000,0
MS_F.US,5,20210924,212000,28.44,28.44,28.44,28.44,100,0
MS_F.US,5,20210924,212500,28.3906,28.3906,28.37,28.37,515,0
MS_F.US,5,20210924,213500,28.41,28.42,28.41,28.42,200,0
MS_F.US,5,20210924,214000,28.39,28.41,28.38,28.38,880,0
MS_F.US,5,20210924,215000,28.4448,28.455,28.43,28.44,740,0
MS_F.US,5,20210924,215500,28.41,28.43,28.41,28.43,300,0
MS_F.US,5,20210927,153000,28.42,28.42,28.42,28.42,2404,0
MS_F.US,5,20210927,153500,28.41,28.41,28.41,28.41,400,0
MS_F.US,5,20210927,154000,28.4037,28.4037,28.4,28.4001,802,0
MS_F.US,5,20210927,160000,28.4101,28.4101,28.41,28.4101,950,0
MS_F.US,5,20210927,160500,28.41,28.4101,28.39,28.3901,2202,0
MS_F.US,5,20210927,161000,28.44,28.44,28.44,28.44,234,0
MS_F.US,5,20210927,161500,28.41,28.41,28.41,28.41,203,0
MS_F.US,5,20210927,162000,28.41,28.4214,28.41,28.4214,420,0
MS_F.US,5,20210927,164500,28.39,28.39,28.3464,28.3464,931,0
MS_F.US,5,20210927,165000,28.305,28.305,28.305,28.305,100,0
MS_F.US,5,20210927,165500,28.38,28.38,28.3796,28.3796,800,0
MS_F.US,5,20210927,172000,28.3,28.3,28.3,28.3,100,0
MS_F.US,5,20210927,172500,28.38,28.38,28.3,28.3,386,0
MS_F.US,5,20210927,174000,28.3,28.3,28.3,28.3,200,0
MS_F.US,5,20210927,175500,28.3,28.31,28.3,28.3,1200,0
MS_F.US,5,20210927,180500,28.3,28.3,28.3,28.3,300,0
MS_F.US,5,20210927,181500,28.28,28.28,28.24,28.24,500,0
MS_F.US,5,20210927,182000,28.24,28.24,28.24,28.24,100,0
MS_F.US,5,20210927,183000,28.25,28.25,28.25,28.25,100,0
MS_F.US,5,20210927,183500,28.23,28.23,28.23,28.23,100,0
MS_F.US,5,20210927,184000,28.24,28.24,28.24,28.24,100,0
MS_F.US,5,20210927,184500,28.2982,28.2982,28.24,28.24,389,0
MS_F.US,5,20210927,185000,28.24,28.24,28.24,28.24,100,0
MS_F.US,5,20210927,185500,28.25,28.25,28.25,28.25,100,0
MS_F.US,5,20210927,190000,28.24,28.24,28.24,28.24,162,0
MS_F.US,5,20210927,194000,28.34,28.34,28.3392,28.3392,320,0
MS_F.US,5,20210927,194500,28.292,28.292,28.2716,28.2716,300,0
MS_F.US,5,20210927,195000,28.3202,28.3216,28.26,28.268,908,0
MS_F.US,5,20210927,200000,28.2825,28.3006,28.2825,28.29,956,0
MS_F.US,5,20210927,201000,28.29,28.29,28.23,28.23,390,0
MS_F.US,5,20210927,205000,28.24,28.24,28.24,28.24,196,0
MS_F.US,5,20210927,211000,28.24,28.24,28.24,28.24,196,0
MS_F.US,5,20210927,211500,28.275,28.29,28.275,28.275,935,0
MS_F.US,5,20210927,212000,28.2848,28.2848,28.261,28.261,980,0
MS_F.US,5,20210927,212500,28.275,28.275,28.24,28.24,500,0
MS_F.US,5,20210927,214000,28.31,28.31,28.265,28.2899,3983,0
MS_F.US,5,20210927,214500,28.31,28.38,28.2886,28.29,1760,0
MS_F.US,5,20210927,215000,28.31,28.31,28.26,28.31,800,0
MS_F.US,5,20210927,215500,28.29,28.38,28.29,28.38,3162,0
MS_F.US,5,20210928,153000,28.36,28.36,28.36,28.36,1280,0
MS_F.US,5,20210928,154000,28.39,28.39,28.39,28.39,100,0
MS_F.US,5,20210928,154500,28.18,28.18,28.1701,28.18,305,0
MS_F.US,5,20210928,155000,28.18,28.19,28.18,28.19,282,0
MS_F.US,5,20210928,161000,28.17,28.18,28.15,28.15,1600,0
MS_F.US,5,20210928,161500,28.15,28.17,28.15,28.17,1200,0
MS_F.US,5,20210928,163500,28.119,28.296,28.119,28.296,506,0
MS_F.US,5,20210928,164500,28.0839,28.125,28.0839,28.125,674,0
MS_F.US,5,20210928,165000,28.1799,28.3,28.102,28.102,2651,0
MS_F.US,5,20210928,165500,28.087,28.15,28.087,28.1499,700,0
MS_F.US,5,20210928,170500,28.16,28.16,28.16,28.16,202,0
MS_F.US,5,20210928,171000,28.1597,28.1597,28.151,28.151,258,0
MS_F.US,5,20210928,171500,28.15,28.15,28.15,28.15,100,0
MS_F.US,5,20210928,173000,28.07,28.07,28.07,28.07,108,0
MS_F.US,5,20210928,173500,28.15,28.16,28.15,28.16,400,0
MS_F.US,5,20210928,174500,28.07,28.07,28.07,28.07,325,0
MS_F.US,5,20210928,180000,28.14,28.14,28.14,28.14,122,0
MS_F.US,5,20210928,180500,28.14,28.14,28.14,28.14,344,0
MS_F.US,5,20210928,181000,28.0924,28.0924,28.0924,28.0924,500,0
MS_F.US,5,20210928,181500,28.0832,28.0832,28.0832,28.0832,213,0
MS_F.US,5,20210928,182500,28.0815,28.0815,28.0815,28.0815,171,0
MS_F.US,5,20210928,184000,28.1056,28.1056,28.1056,28.1056,116,0
MS_F.US,5,20210928,185000,28.13,28.13,28.13,28.13,100,0
MS_F.US,5,20210928,190500,28.161,28.161,28.0966,28.16,743,0
MS_F.US,5,20210928,192000,28.151,28.195,28.15,28.15,1100,0
MS_F.US,5,20210928,193000,28.14,28.14,28.14,28.14,100,0
MS_F.US,5,20210928,193500,28.14,28.15,28.125,28.15,743,0
MS_F.US,5,20210928,194000,28.16,28.27,28.1599,28.27,700,0
MS_F.US,5,20210928,194500,28.4108,28.4108,28.27,28.27,1902,0
MS_F.US,5,20210928,195000,28.2749,28.2749,28.2245,28.2713,625,0
MS_F.US,5,20210928,195500,28.2174,28.29,28.17,28.22,528,0
MS_F.US,5,20210928,200000,28.17,28.22,28.17,28.22,200,0
MS_F.US,5,20210928,200500,28.2237,28.2799,28.2145,28.225,2987,0
MS_F.US,5,20210928,201000,28.17,28.26,28.17,28.26,200,0
MS_F.US,5,20210928,202000,28.18,28.18,28.18,28.18,116,0
MS_F.US,5,20210928,202500,28.242,28.242,28.242,28.242,487,0
MS_F.US,5,20210928,203500,28.17,28.17,28.17,28.17,196,0
MS_F.US,5,20210928,204000,28.3299,28.3299,28.3,28.3,374,0
MS_F.US,5,20210928,204500,28.3,28.33,28.2936,28.33,730,0
MS_F.US,5,20210928,205000,28.32,28.3399,28.2998,28.2998,1707,0
MS_F.US,5,20210928,205500,28.28,28.34,28.28,28.34,1207,0
MS_F.US,5,20210928,210500,28.18,28.21,28.18,28.21,249929,0
MS_F.US,5,20210928,211000,28.39,28.39,28.35,28.35,1907,0
MS_F.US,5,20210928,212000,28.3243,28.3243,28.3243,28.3243,1128,0
MS_F.US,5,20210928,212500,28.39,28.3999,28.3665,28.3999,1908,0
MS_F.US,5,20210928,214000,28.3516,28.365,28.3317,28.34,1497,0
MS_F.US,5,20210928,214500,28.38,28.38,28.38,28.38,100,0
MS_F.US,5,20210928,215000,28.2952,28.2952,28.2952,28.2952,500,0
MS_F.US,5,20210929,153000,28,28,28,28,3197,0
MS_F.US,5,20210929,153500,27.85,27.85,27.85,27.85,196,0
MS_F.US,5,20210929,154000,28.03,28.03,27.918,28.03,901,0
MS_F.US,5,20210929,154500,28.0395,28.09,28.03,28.09,2500,0
MS_F.US,5,20210929,155000,28.0449,28.075,28.04,28.075,3300,0
MS_F.US,5,20210929,160000,28.09,28.09,28.09,28.09,100,0
MS_F.US,5,20210929,160500,28.09,28.09,28.088,28.088,2875,0
MS_F.US,5,20210929,161000,28.09,28.09,28.09,28.09,100,0
MS_F.US,5,20210929,161500,28.0706,28.0706,28.0706,28.0706,434,0
MS_F.US,5,20210929,162000,28.09,28.09,28.069,28.07,600,0
MS_F.US,5,20210929,162500,28.19,28.19,28.19,28.19,115,0
MS_F.US,5,20210929,163500,28.135,28.19,28.135,28.19,300,0
MS_F.US,5,20210929,164000,28.08,28.11,28.08,28.08,1300,0
MS_F.US,5,20210929,164500,28.1368,28.1702,28.1368,28.1702,238,0
MS_F.US,5,20210929,165000,28.185,28.185,28.185,28.185,200,0
MS_F.US,5,20210929,165500,28.101,28.101,28.08,28.08,500,0
MS_F.US,5,20210929,170500,28.14,28.14,28.14,28.14,100,0
MS_F.US,5,20210929,171000,28.0756,28.1,28.06,28.1,1000,0
MS_F.US,5,20210929,172500,28.1,28.14,28.1,28.14,200,0
MS_F.US,5,20210929,173000,28.15,28.15,28.15,28.15,224,0
MS_F.US,5,20210929,173500,28.14,28.14,28.14,28.14,100,0
MS_F.US,5,20210929,174500,28.13,28.13,28.13,28.13,100,0
MS_F.US,5,20210929,175000,28.0965,28.0965,28.0965,28.0965,367,0
MS_F.US,5,20210929,175500,28.12,28.12,28.085,28.1191,624,0
MS_F.US,5,20210929,180500,28.0999,28.1,28.08,28.1,888,0
MS_F.US,5,20210929,181000,28.0637,28.1158,28.0601,28.1158,2863,0
MS_F.US,5,20210929,181500,28.0682,28.1232,28.0587,28.095,3269,0
MS_F.US,5,20210929,182000,28.0601,28.095,28.0601,28.095,2200,0
MS_F.US,5,20210929,182500,28.095,28.095,28.095,28.095,300,0
MS_F.US,5,20210929,183000,28.061,28.085,28.06,28.085,1208,0
MS_F.US,5,20210929,183500,28.06,28.1201,28.06,28.1201,307,0
MS_F.US,5,20210929,185000,28.125,28.125,28.125,28.125,200,0
MS_F.US,5,20210929,190500,28.1174,28.1174,28.0237,28.0237,2390,0
MS_F.US,5,20210929,191000,28.0664,28.0664,28.0664,28.0664,141,0
MS_F.US,5,20210929,191500,28.035,28.13,28.035,28.13,817,0
MS_F.US,5,20210929,192000,27.94,27.94,27.94,27.94,100,0
MS_F.US,5,20210929,192500,28.125,28.125,28.125,28.125,100,0
MS_F.US,5,20210929,193000,28.0298,28.0298,28.0298,28.0298,267,0
MS_F.US,5,20210929,193500,28.11,28.11,28.11,28.11,100,0
MS_F.US,5,20210929,194500,28.09,28.09,28.09,28.09,100,0
MS_F.US,5,20210929,195500,28.095,28.095,28.095,28.095,100,0
MS_F.US,5,20210929,200000,28.02,28.0657,28.02,28.0657,1887,0
MS_F.US,5,20210929,200500,28.095,28.095,27.97,27.98,300,0
MS_F.US,5,20210929,201000,28.0168,28.0168,28.0168,28.0168,319,0
MS_F.US,5,20210929,201500,27.98,28.095,27.98,28.095,325,0
MS_F.US,5,20210929,202500,28.0103,28.0103,28.0103,28.0103,648,0
MS_F.US,5,20210929,203500,28.095,28.095,28.095,28.095,200,0
MS_F.US,5,20210929,205000,27.97,27.97,27.97,27.97,1101,0
MS_F.US,5,20210929,205500,28.13,28.13,28.0815,28.11,300,0
MS_F.US,5,20210929,212000,28.0418,28.12,28.0418,28.12,310,0
MS_F.US,5,20210929,213000,28.01,28.01,28,28,800,0
MS_F.US,5,20210929,213500,28,28.125,28,28.125,1291,0
MS_F.US,5,20210929,214000,28.0218,28.0218,28.02,28.02,598,0
MS_F.US,5,20210929,214500,28.01,28.125,28.01,28.125,200,0
MS_F.US,5,20210929,215000,28.09,28.11,28.09,28.11,353,0
MS_F.US,5,20210929,215500,28.12,28.13,28.0835,28.13,793,0
MS_F.US,5,20210930,153000,28.03,28.03,28.03,28.03,2388,0
MS_F.US,5,20210930,154500,28.05,28.05,28.05,28.05,196,0
MS_F.US,5,20210930,160500,28.05,28.05,28.05,28.05,100,0
MS_F.US,5,20210930,161000,28.0618,28.0618,28.0618,28.0618,2000,0
MS_F.US,5,20210930,162000,28.0612,28.0612,28.0612,28.0612,422,0
MS_F.US,5,20210930,162500,28.13,28.13,28.13,28.13,197,0
MS_F.US,5,20210930,164000,28.05,28.05,28.05,28.05,400,0
MS_F.US,5,20210930,164500,28.05,28.05,28.05,28.05,565,0
MS_F.US,5,20210930,165000,28.05,28.05,28.03,28.04,835,0
MS_F.US,5,20210930,165500,28.04,28.04,28.04,28.04,198,0
MS_F.US,5,20210930,170000,28.04,28.04,28.04,28.04,395,0
MS_F.US,5,20210930,173000,28.08,28.08,28.08,28.08,118,0
MS_F.US,5,20210930,174000,28.0001,28.0001,28.0001,28.0001,130,0
MS_F.US,5,20210930,174500,28.05,28.05,28.025,28.025,1195,0
MS_F.US,5,20210930,180500,28,28,28,28,150,0
MS_F.US,5,20210930,181000,28.005,28.005,27.9773,27.9773,1500,0
MS_F.US,5,20210930,181500,27.979,27.98,27.979,27.98,500,0
MS_F.US,5,20210930,182000,27.9922,28,27.9922,28,285,0
MS_F.US,5,20210930,183500,27.985,27.985,27.985,27.985,101,0
MS_F.US,5,20210930,184500,27.99,27.99,27.99,27.99,314,0
MS_F.US,5,20210930,191500,27.99,27.99,27.99,27.99,342,0
MS_F.US,5,20210930,192500,28,28,28,28,196,0
MS_F.US,5,20210930,193500,28.0296,28.0332,28.0252,28.0332,838,0
MS_F.US,5,20210930,195500,28,28.05,28,28.05,400,0
MS_F.US,5,20210930,201000,28.0492,28.07,28.0492,28.07,3065,0
MS_F.US,5,20210930,201500,28.09,28.09,28.09,28.09,100,0
MS_F.US,5,20210930,202000,28.09,28.09,28.09,28.09,300,0
MS_F.US,5,20210930,202500,28.09,28.09,28.09,28.09,300,0
MS_F.US,5,20210930,203000,28.09,28.09,28.07,28.07,200,0
MS_F.US,5,20210930,203500,28.09,28.09,28.09,28.09,100,0
MS_F.US,5,20210930,204000,28.09,28.09,28.09,28.09,100,0
MS_F.US,5,20210930,204500,28.13,28.13,28.13,28.13,200,0
MS_F.US,5,20210930,205000,28.13,28.2,28.13,28.2,468,0
MS_F.US,5,20210930,205500,28.2,28.2,28.19,28.19,200,0
MS_F.US,5,20210930,210000,28.1526,28.19,28.1526,28.19,371,0
MS_F.US,5,20210930,210500,28.19,28.19,28.1108,28.1108,253,0
MS_F.US,5,20210930,211000,28.19,28.19,28.19,28.19,100,0
MS_F.US,5,20210930,211500,28.17,28.17,28.0654,28.0654,1396,0
MS_F.US,5,20210930,212000,28.06,28.21,28.06,28.21,400,0
MS_F.US,5,20210930,212500,28.2,28.2,28.07,28.2,700,0
MS_F.US,5,20210930,213000,28.1,28.2,28.1,28.2,300,0
MS_F.US,5,20210930,213500,28.145,28.2,28.145,28.2,1039,0
MS_F.US,5,20210930,214000,28.19,28.19,28.11,28.11,200,0
MS_F.US,5,20210930,214500,28.14,28.2,28.14,28.2,700,0
MS_F.US,5,20210930,215000,28.1,28.22,28.04,28.21,2134,0
MS_F.US,5,20210930,215500,28.2,28.21,28.02,28.02,51027,0
MS_F.US,5,20211001,153000,28.15,28.15,28.15,28.15,693,0
MS_F.US,5,20211001,153500,28.02,28.02,28.02,28.02,196,0
MS_F.US,5,20211001,154500,28.15,28.16,28.15,28.16,423,0
MS_F.US,5,20211001,160500,28.17,28.17,28.17,28.17,100,0
MS_F.US,5,20211001,162000,28.1324,28.15,28.13,28.13,922,0
MS_F.US,5,20211001,162500,28.11,28.11,28.11,28.11,100,0
MS_F.US,5,20211001,164500,28.13,28.13,28.105,28.105,218,0
MS_F.US,5,20211001,165000,28.15,28.18,28.03,28.03,690,0
MS_F.US,5,20211001,170000,28.14,28.17,28.14,28.17,233,0
MS_F.US,5,20211001,170500,28.16,28.17,28.16,28.17,1300,0
MS_F.US,5,20211001,171500,28.115,28.115,28.115,28.115,195,0
MS_F.US,5,20211001,173000,28.15,28.15,28.0513,28.0513,326,0
MS_F.US,5,20211001,174500,28.15,28.15,28.05,28.05,500,0
MS_F.US,5,20211001,180000,28.17,28.17,28.0689,28.0689,221,0
MS_F.US,5,20211001,181500,28.18,28.18,28.18,28.18,235,0
MS_F.US,5,20211001,182500,28.17,28.17,28.17,28.17,240,0
MS_F.US,5,20211001,183500,28.17,28.17,28.17,28.17,300,0
MS_F.US,5,20211001,184500,28.0696,28.0696,28.0696,28.0696,100,0
MS_F.US,5,20211001,185000,28.115,28.115,28.115,28.115,100,0
MS_F.US,5,20211001,185500,28.06,28.115,28.06,28.115,200,0
MS_F.US,5,20211001,191000,28.17,28.17,28.12,28.17,317,0
MS_F.US,5,20211001,192000,28.18,28.18,28.07,28.07,300,0
MS_F.US,5,20211001,194000,28.12,28.17,28.0739,28.0739,600,0
MS_F.US,5,20211001,195000,28.1393,28.17,28.0867,28.17,1677,0
MS_F.US,5,20211001,195500,28.147,28.147,28.147,28.147,333,0
MS_F.US,5,20211001,201500,28.17,28.18,28.17,28.17,405,0
MS_F.US,5,20211001,202000,28.125,28.1726,28.125,28.1726,601,0
MS_F.US,5,20211001,202500,28.18,28.18,28.18,28.18,200,0
MS_F.US,5,20211001,203000,28.147,28.147,28.125,28.125,1000,0
MS_F.US,5,20211001,204000,28.13,28.13,28.13,28.13,1000,0
MS_F.US,5,20211001,212000,28.08,28.15,28.08,28.15,461,0
MS_F.US,5,20211001,212500,28.08,28.08,28.08,28.08,200,0
MS_F.US,5,20211001,213000,28.125,28.125,28.125,28.125,186,0
MS_F.US,5,20211001,213500,28.07,28.07,28.07,28.07,100,0
MS_F.US,5,20211001,214000,28.07,28.07,28.05,28.06,800,0
MS_F.US,5,20211001,214500,28.095,28.095,28.06,28.06,498,0
MS_F.US,5,20211001,215500,28.03,28.03,28.02,28.02,341,0
MS_F.US,5,20211004,153000,28.02,28.02,28.02,28.02,1447,0
MS_F.US,5,20211004,153500,28,28,28,28,200,0
MS_F.US,5,20211004,154500,27.93,27.93,27.93,27.93,112,0
MS_F.US,5,20211004,155000,27.93,27.93,27.92,27.92,359,0
MS_F.US,5,20211004,155500,27.8602,27.8602,27.8602,27.8602,359,0
MS_F.US,5,20211004,160000,27.89,27.89,27.87,27.87,1700,0
MS_F.US,5,20211004,160500,27.845,27.86,27.8,27.85,1300,0
MS_F.US,5,20211004,161000,27.825,27.825,27.825,27.825,100,0
MS_F.US,5,20211004,162500,27.77,27.77,27.77,27.77,168,0
MS_F.US,5,20211004,163500,27.76,27.88,27.76,27.88,1443,0
MS_F.US,5,20211004,164000,27.844,27.87,27.82,27.82,436,0
MS_F.US,5,20211004,164500,27.9461,27.9461,27.9461,27.9461,106,0
MS_F.US,5,20211004,165000,27.7904,27.87,27.7537,27.7537,1110,0
MS_F.US,5,20211004,165500,27.8,27.83,27.75,27.8,1700,0
MS_F.US,5,20211004,170000,27.8,27.8,27.8,27.8,100,0
MS_F.US,5,20211004,170500,27.78,27.78,27.78,27.78,104,0
MS_F.US,5,20211004,172500,27.805,27.84,27.805,27.83,1017,0
MS_F.US,5,20211004,173500,27.78,27.815,27.78,27.815,208,0
MS_F.US,5,20211004,174000,27.815,27.85,27.815,27.85,633,0
MS_F.US,5,20211004,174500,27.8478,27.855,27.8478,27.855,401,0
MS_F.US,5,20211004,183000,27.78,27.86,27.74,27.86,5702,0
MS_F.US,5,20211004,184000,27.77,27.77,27.77,27.77,142,0
MS_F.US,5,20211004,190500,27.74,27.74,27.74,27.74,101,0
MS_F.US,5,20211004,191500,27.7501,27.841,27.7501,27.841,2000,0
MS_F.US,5,20211004,192000,27.7501,27.7501,27.7501,27.7501,645,0
MS_F.US,5,20211004,195500,27.8431,27.8431,27.8431,27.8431,112,0
MS_F.US,5,20211004,200000,27.8319,27.8319,27.76,27.78,618,0
MS_F.US,5,20211004,201000,27.77,27.77,27.76,27.76,300,0
MS_F.US,5,20211004,201500,27.75,27.75,27.75,27.75,100,0
MS_F.US,5,20211004,204000,27.78,27.78,27.77,27.77,583,0
MS_F.US,5,20211004,205500,27.77,27.785,27.76,27.76,4000,0
MS_F.US,5,20211004,210000,27.76,27.76,27.76,27.76,758,0
MS_F.US,5,20211004,211000,27.76,27.76,27.76,27.76,100,0
MS_F.US,5,20211004,211500,27.76,27.76,27.76,27.76,1133,0
MS_F.US,5,20211004,212000,27.76,27.76,27.76,27.76,201,0
MS_F.US,5,20211004,212500,27.7501,27.76,27.75,27.75,689,0
MS_F.US,5,20211004,213000,27.75,27.8,27.75,27.75,568,0
MS_F.US,5,20211004,213500,27.775,27.775,27.75,27.771,475,0
MS_F.US,5,20211004,214500,27.75,27.77,27.75,27.77,400,0
MS_F.US,5,20211004,215000,27.76,27.76,27.75,27.75,427,0
MS_F.US,5,20211004,215500,27.75,27.75,27.72,27.72,1732,0
MS_F.US,5,20211005,153000,27.85,27.8899,27.7646,27.8899,1702,0
MS_F.US,5,20211005,154500,27.78,27.78,27.78,27.78,125,0
MS_F.US,5,20211005,160000,27.8199,27.8199,27.8199,27.8199,137,0
MS_F.US,5,20211005,160500,27.76,27.76,27.76,27.76,108,0
MS_F.US,5,20211005,161000,27.78,27.78,27.78,27.78,595,0
MS_F.US,5,20211005,161500,27.738,27.738,27.738,27.738,189,0
MS_F.US,5,20211005,162000,27.75,27.75,27.75,27.75,3999,0
MS_F.US,5,20211005,163000,27.75,27.75,27.75,27.75,211,0
MS_F.US,5,20211005,163500,27.75,27.75,27.75,27.75,224,0
MS_F.US,5,20211005,164000,27.72,27.75,27.72,27.75,1800,0
MS_F.US,5,20211005,165000,27.7368,27.7368,27.7368,27.7368,130,0
MS_F.US,5,20211005,170500,27.71,27.735,27.71,27.735,827,0
MS_F.US,5,20211005,171000,27.735,27.7513,27.735,27.7513,529,0
MS_F.US,5,20211005,172000,27.75,27.75,27.75,27.75,317,0
MS_F.US,5,20211005,174000,27.69,27.69,27.69,27.69,251,0
MS_F.US,5,20211005,175500,27.701,27.715,27.69,27.7067,3334,0
MS_F.US,5,20211005,180000,27.69,27.69,27.69,27.69,410,0
MS_F.US,5,20211005,181000,27.67,27.67,27.67,27.67,100,0
MS_F.US,5,20211005,184500,27.66,27.66,27.66,27.66,283,0
MS_F.US,5,20211005,185500,27.68,27.68,27.68,27.68,167,0
MS_F.US,5,20211005,190500,27.63,27.66,27.63,27.66,9710,0
MS_F.US,5,20211005,191000,27.6648,27.6648,27.66,27.66,600,0
MS_F.US,5,20211005,192000,27.66,27.66,27.66,27.66,198,0
MS_F.US,5,20211005,193000,27.66,27.66,27.66,27.66,828,0
MS_F.US,5,20211005,193500,27.66,27.66,27.66,27.66,100,0
MS_F.US,5,20211005,194500,27.65,27.6917,27.65,27.6917,1523,0
MS_F.US,5,20211005,195000,27.66,27.66,27.65,27.65,200,0
MS_F.US,5,20211005,195500,27.6547,27.6547,27.6547,27.6547,400,0
MS_F.US,5,20211005,200000,27.65,27.65,27.65,27.65,300,0
MS_F.US,5,20211005,200500,27.65,27.65,27.65,27.65,200,0
MS_F.US,5,20211005,201000,27.665,27.665,27.665,27.665,144,0
MS_F.US,5,20211005,201500,27.65,27.65,27.65,27.65,200,0
MS_F.US,5,20211005,202000,27.665,27.68,27.65,27.65,4167,0
MS_F.US,5,20211005,202500,27.65,27.65,27.65,27.65,300,0
MS_F.US,5,20211005,203000,27.665,27.665,27.665,27.665,147,0
MS_F.US,5,20211005,203500,27.65,27.65,27.65,27.65,187,0
MS_F.US,5,20211005,204000,27.64,27.64,27.6,27.6,968,0
MS_F.US,5,20211005,204500,27.65,27.65,27.65,27.65,100,0
MS_F.US,5,20211005,205500,27.625,27.625,27.625,27.625,1000,0
MS_F.US,5,20211005,210000,27.61,27.62,27.6,27.6199,2719,0
MS_F.US,5,20211005,211000,27.61,27.61,27.61,27.61,101,0
MS_F.US,5,20211005,211500,27.61,27.61,27.61,27.61,189,0
MS_F.US,5,20211005,212500,27.612,27.63,27.612,27.63,200,0
MS_F.US,5,20211005,213000,27.61,27.61,27.61,27.61,100,0
MS_F.US,5,20211005,213500,27.62,27.63,27.62,27.6298,3900,0
MS_F.US,5,20211005,214500,27.625,27.625,27.625,27.625,1591,0
MS_F.US,5,20211005,215000,27.615,27.615,27.61,27.61,834,0
MS_F.US,5,20211005,215500,27.625,27.625,27.61,27.62,599,0
MS_F.US,5,20211006,153000,27.61,27.61,27.5472,27.5699,10177,0
MS_F.US,5,20211006,153500,27.52,27.53,27.52,27.53,719,0
MS_F.US,5,20211006,155000,27.6,27.6,27.6,27.6,200,0
MS_F.US,5,20211006,155500,27.57,27.57,27.57,27.57,452,0
MS_F.US,5,20211006,160000,27.53,27.559,27.52,27.52,1537,0
MS_F.US,5,20211006,160500,27.54,27.54,27.54,27.54,295,0
MS_F.US,5,20211006,161000,27.54,27.54,27.54,27.54,200,0
MS_F.US,5,20211006,161500,27.5299,27.53,27.5294,27.5294,3100,0
MS_F.US,5,20211006,162500,27.43,27.43,27.43,27.43,261,0
MS_F.US,5,20211006,164000,27.4571,27.4571,27.4571,27.4571,367,0
MS_F.US,5,20211006,164500,27.4668,27.4668,27.4668,27.4668,455,0
MS_F.US,5,20211006,165000,27.4854,27.49,27.475,27.49,2653,0
MS_F.US,5,20211006,165500,27.4899,27.51,27.4899,27.51,1800,0
MS_F.US,5,20211006,171500,27.48,27.48,27.48,27.48,600,0
MS_F.US,5,20211006,175000,27.5464,27.5464,27.5464,27.5464,141,0
MS_F.US,5,20211006,180500,27.4701,27.4701,27.4701,27.4701,2000,0
MS_F.US,5,20211006,181500,27.53,27.53,27.485,27.485,400,0
MS_F.US,5,20211006,182000,27.507,27.507,27.507,27.507,202,0
MS_F.US,5,20211006,184000,27.52,27.52,27.52,27.52,146,0
MS_F.US,5,20211006,191000,27.56,27.56,27.55,27.55,333,0
MS_F.US,5,20211006,191500,27.55,27.55,27.55,27.55,1000,0
MS_F.US,5,20211006,193000,27.57,27.57,27.57,27.57,233,0
MS_F.US,5,20211006,194500,27.5001,27.67,27.5001,27.67,307,0
MS_F.US,5,20211006,201000,27.5818,27.6613,27.5818,27.6,989,0
MS_F.US,5,20211006,202000,27.595,27.6087,27.595,27.6087,350,0
MS_F.US,5,20211006,202500,27.6199,27.6199,27.6199,27.6199,240,0
MS_F.US,5,20211006,205500,27.69,27.69,27.69,27.69,100,0
MS_F.US,5,20211006,210000,27.65,27.65,27.65,27.65,833,0
MS_F.US,5,20211006,210500,27.73,27.73,27.73,27.73,100,0
MS_F.US,5,20211006,211000,27.69,27.69,27.69,27.69,150,0
MS_F.US,5,20211006,212000,27.7139,27.7139,27.7139,27.7139,258,0
MS_F.US,5,20211006,212500,27.6759,27.6759,27.6759,27.6759,200,0
MS_F.US,5,20211006,213500,27.66,27.66,27.6509,27.6509,545,0
MS_F.US,5,20211006,214000,27.6601,27.6601,27.6601,27.6601,117,0
MS_F.US,5,20211006,215000,27.67,27.67,27.65,27.65,1152,0
MS_F.US,5,20211006,215500,27.61,27.64,27.61,27.62,802,0
MS_F.US,5,20211007,153000,27.56,27.56,27.56,27.56,654,0
MS_F.US,5,20211007,155500,27.6246,27.67,27.62,27.67,382,0
MS_F.US,5,20211007,161000,27.63,27.68,27.63,27.68,1416,0
MS_F.US,5,20211007,164000,27.625,27.625,27.625,27.625,203,0
MS_F.US,5,20211007,164500,27.68,27.68,27.68,27.68,132,0
MS_F.US,5,20211007,171000,27.59,27.608,27.59,27.608,200,0
MS_F.US,5,20211007,171500,27.61,27.62,27.61,27.62,600,0
MS_F.US,5,20211007,173000,27.62,27.62,27.62,27.62,100,0
MS_F.US,5,20211007,173500,27.6025,27.6025,27.6025,27.6025,116,0
MS_F.US,5,20211007,174500,27.57,27.57,27.57,27.57,211,0
MS_F.US,5,20211007,175000,27.595,27.595,27.595,27.595,179,0
MS_F.US,5,20211007,183000,27.57,27.595,27.57,27.595,526,0
MS_F.US,5,20211007,184500,27.595,27.595,27.595,27.595,100,0
MS_F.US,5,20211007,185000,27.57,27.6115,27.57,27.6115,226,0
MS_F.US,5,20211007,185500,27.58,27.58,27.5408,27.57,6177,0
MS_F.US,5,20211007,190000,27.57,27.57,27.555,27.555,448,0
MS_F.US,5,20211007,192500,27.57,27.57,27.5595,27.5595,2616,0
MS_F.US,5,20211007,193000,27.57,27.57,27.55,27.55,15050,0
MS_F.US,5,20211007,193500,27.55,27.55,27.55,27.55,150,0
MS_F.US,5,20211007,194500,27.59,27.59,27.5899,27.5899,250,0
MS_F.US,5,20211007,195000,27.5859,27.5859,27.5859,27.5859,169,0
MS_F.US,5,20211007,195500,27.5731,27.59,27.5731,27.5754,1184,0
MS_F.US,5,20211007,200000,27.55,27.562,27.55,27.562,225,0
MS_F.US,5,20211007,200500,27.56,27.56,27.56,27.56,100,0
MS_F.US,5,20211007,201500,27.58,27.58,27.58,27.58,100,0
MS_F.US,5,20211007,202000,27.59,27.59,27.56,27.56,222,0
MS_F.US,5,20211007,202500,27.55,27.565,27.55,27.55,1038,0
MS_F.US,5,20211007,203000,27.5748,27.5748,27.5748,27.5748,150,0
MS_F.US,5,20211007,204000,27.55,27.55,27.55,27.55,859,0
MS_F.US,5,20211007,205000,27.58,27.59,27.58,27.59,200,0
MS_F.US,5,20211007,205500,27.59,27.59,27.5669,27.5669,227,0
MS_F.US,5,20211007,211500,27.59,27.65,27.55,27.55,3194,0
MS_F.US,5,20211007,212500,27.6,27.6,27.6,27.6,276,0
MS_F.US,5,20211007,213500,27.62,27.62,27.592,27.592,331,0
MS_F.US,5,20211007,214000,27.64,27.64,27.64,27.64,500,0
MS_F.US,5,20211007,215500,27.59,27.63,27.55,27.62,4499,0
MS_F.US,5,20211008,153000,27.63,27.63,27.63,27.63,916,0
MS_F.US,5,20211008,160000,27.585,27.585,27.585,27.585,114,0
MS_F.US,5,20211008,161000,27.59,27.59,27.56,27.56,600,0
MS_F.US,5,20211008,161500,27.56,27.61,27.5253,27.5253,445,0
MS_F.US,5,20211008,164000,27.5704,27.5704,27.5704,27.5704,604,0
MS_F.US,5,20211008,170000,27.55,27.55,27.55,27.55,1387,0
MS_F.US,5,20211008,170500,27.5294,27.5294,27.5294,27.5294,130,0
MS_F.US,5,20211008,171000,27.55,27.55,27.55,27.55,1100,0
MS_F.US,5,20211008,172000,27.58,27.58,27.58,27.58,108,0
MS_F.US,5,20211008,172500,27.52,27.54,27.5,27.5,1401,0
MS_F.US,5,20211008,181000,27.52,27.52,27.52,27.52,204,0
MS_F.US,5,20211008,181500,27.43,27.43,27.43,27.43,100,0
MS_F.US,5,20211008,182500,27.515,27.515,27.515,27.515,100,0
MS_F.US,5,20211008,183500,27.4774,27.4774,27.4774,27.4774,311,0
MS_F.US,5,20211008,190500,27.5099,27.52,27.5099,27.52,1457,0
MS_F.US,5,20211008,193000,27.4722,27.4722,27.4722,27.4722,131,0
MS_F.US,5,20211008,194500,27.505,27.505,27.505,27.505,455,0
MS_F.US,5,20211008,195000,27.5141,27.54,27.5141,27.5141,933,0
MS_F.US,5,20211008,201500,27.52,27.54,27.52,27.54,300,0
MS_F.US,5,20211008,202000,27.52,27.63,27.52,27.6275,5254,0
MS_F.US,5,20211008,202500,27.625,27.625,27.62,27.62,420,0
MS_F.US,5,20211008,204500,27.6294,27.63,27.6,27.6299,3166,0
MS_F.US,5,20211008,211000,27.57,27.57,27.57,27.57,190,0
MS_F.US,5,20211008,212000,27.57,27.595,27.57,27.57,1910,0
MS_F.US,5,20211008,213000,27.6092,27.6092,27.6092,27.6092,119,0
MS_F.US,5,20211008,214000,27.59,27.59,27.59,27.59,100,0
MS_F.US,5,20211008,214500,27.58,27.6,27.58,27.6,1400,0
MS_F.US,5,20211008,215000,27.6,27.6,27.52,27.52,498,0
MS_F.US,5,20211008,215500,27.6,27.6,27.6,27.6,674,0
MS_F.US,5,20211011,153000,27.63,27.63,27.63,27.63,1015,0
MS_F.US,5,20211011,155000,27.52,27.52,27.52,27.52,151,0
MS_F.US,5,20211011,155500,27.63,27.63,27.5346,27.5346,326,0
MS_F.US,5,20211011,164500,27.52,27.64,27.52,27.64,2762,0
MS_F.US,5,20211011,165000,27.64,27.64,27.6236,27.6236,212,0
MS_F.US,5,20211011,170000,27.64,27.64,27.64,27.64,275,0
MS_F.US,5,20211011,171500,27.63,27.63,27.63,27.63,600,0
MS_F.US,5,20211011,172000,27.6219,27.6219,27.6219,27.6219,600,0
MS_F.US,5,20211011,173000,27.6216,27.6216,27.6216,27.6216,1000,0
MS_F.US,5,20211011,175500,27.64,27.65,27.64,27.64,1026,0
MS_F.US,5,20211011,181500,27.64,27.64,27.64,27.64,100,0
MS_F.US,5,20211011,182000,27.64,27.69,27.64,27.69,300,0
MS_F.US,5,20211011,183000,27.69,27.69,27.69,27.69,100,0
MS_F.US,5,20211011,185000,27.655,27.655,27.655,27.655,451,0
MS_F.US,5,20211011,190500,27.68,27.68,27.68,27.68,499,0
MS_F.US,5,20211011,191500,27.65,27.65,27.65,27.65,123,0
MS_F.US,5,20211011,193000,27.62,27.62,27.62,27.62,1400,0
MS_F.US,5,20211011,195000,27.645,27.645,27.645,27.645,100,0
MS_F.US,5,20211011,195500,27.6417,27.6428,27.6388,27.6388,508,0
MS_F.US,5,20211011,202500,27.6386,27.6386,27.6386,27.6386,100,0
MS_F.US,5,20211011,210500,27.65,27.65,27.65,27.65,100,0
MS_F.US,5,20211011,211000,27.65,27.65,27.65,27.65,129,0
MS_F.US,5,20211011,212000,27.65,27.67,27.65,27.6699,2310,0
MS_F.US,5,20211011,214000,27.67,27.67,27.67,27.67,257,0
MS_F.US,5,20211011,215000,27.645,27.645,27.62,27.62,2237,0
MS_F.US,5,20211011,215500,27.62,27.63,27.62,27.63,300,0
MS_F.US,5,20211012,153000,27.64,27.64,27.64,27.64,1609,0
MS_F.US,5,20211012,154500,27.636,27.636,27.636,27.636,112,0
MS_F.US,5,20211012,155000,27.67,27.6875,27.67,27.6875,1100,0
MS_F.US,5,20211012,155500,27.71,27.71,27.71,27.71,140,0
MS_F.US,5,20211012,160000,27.71,27.71,27.71,27.71,100,0
MS_F.US,5,20211012,160500,27.74,27.75,27.74,27.75,2245,0
MS_F.US,5,20211012,161000,27.76,27.76,27.72,27.72,1676,0
MS_F.US,5,20211012,161500,27.72,27.72,27.72,27.72,500,0
MS_F.US,5,20211012,164500,27.6934,27.74,27.6934,27.715,838,0
MS_F.US,5,20211012,165000,27.68,27.685,27.68,27.685,784,0
MS_F.US,5,20211012,170500,27.74,27.74,27.74,27.74,100,0
MS_F.US,5,20211012,171500,27.7387,27.7387,27.7387,27.7387,155,0
MS_F.US,5,20211012,173000,27.72,27.72,27.719,27.72,400,0
MS_F.US,5,20211012,175000,27.73,27.73,27.72,27.72,1200,0
MS_F.US,5,20211012,175500,27.729,27.729,27.729,27.729,664,0
MS_F.US,5,20211012,180000,27.69,27.69,27.69,27.69,200,0
MS_F.US,5,20211012,180500,27.75,27.75,27.705,27.705,200,0
MS_F.US,5,20211012,181000,27.71,27.7195,27.71,27.71,400,0
MS_F.US,5,20211012,181500,27.72,27.72,27.72,27.72,352,0
MS_F.US,5,20211012,183000,27.72,27.72,27.72,27.72,100,0
MS_F.US,5,20211012,183500,27.7002,27.7002,27.7002,27.7002,500,0
MS_F.US,5,20211012,190000,27.7,27.7,27.7,27.7,100,0
MS_F.US,5,20211012,191000,27.7,27.7,27.7,27.7,100,0
MS_F.US,5,20211012,192000,27.72,27.72,27.7,27.7,574,0
MS_F.US,5,20211012,192500,27.7,27.7,27.7,27.7,100,0
MS_F.US,5,20211012,194000,27.74,27.75,27.73,27.74,3624,0
MS_F.US,5,20211012,194500,27.75,27.75,27.7499,27.7499,947,0
MS_F.US,5,20211012,195000,27.76,27.8,27.76,27.8,1360,0
MS_F.US,5,20211012,201500,27.74,27.74,27.74,27.74,135,0
MS_F.US,5,20211012,202000,27.75,27.75,27.75,27.75,100,0
MS_F.US,5,20211012,202500,27.79,27.79,27.79,27.79,100,0
MS_F.US,5,20211012,203000,27.74,27.74,27.74,27.74,100,0
MS_F.US,5,20211012,204500,27.77,27.77,27.77,27.77,100,0
MS_F.US,5,20211012,210000,27.75,27.76,27.75,27.76,200,0
MS_F.US,5,20211012,210500,27.78,27.78,27.77,27.77,326,0
MS_F.US,5,20211012,211000,27.77,27.78,27.77,27.77,500,0
MS_F.US,5,20211012,211500,27.775,27.775,27.74,27.74,2070,0
MS_F.US,5,20211012,212000,27.7652,27.775,27.7652,27.775,1134,0
MS_F.US,5,20211012,212500,27.7916,27.7916,27.75,27.75,800,0
MS_F.US,5,20211012,213000,27.75,27.75,27.75,27.75,100,0
MS_F.US,5,20211012,213500,27.76,27.7753,27.75,27.77,507,0
MS_F.US,5,20211012,214000,27.7628,27.7628,27.74,27.74,332,0
MS_F.US,5,20211012,214500,27.77,27.77,27.74,27.74,1200,0
MS_F.US,5,20211012,215500,27.72,27.79,27.72,27.79,721,0
MS_F.US,5,20211013,153000,27.8,27.8,27.8,27.8,1417,0
MS_F.US,5,20211013,153500,27.765,27.84,27.765,27.84,2299,0
MS_F.US,5,20211013,154000,27.8876,27.8876,27.8876,27.8876,217,0
MS_F.US,5,20211013,154500,27.81,27.88,27.81,27.88,374,0
MS_F.US,5,20211013,155000,27.9,27.9,27.86,27.86,432,0
MS_F.US,5,20211013,155500,27.85,27.8676,27.85,27.8676,1600,0
MS_F.US,5,20211013,160000,27.84,27.84,27.84,27.84,770,0
MS_F.US,5,20211013,160500,27.84,27.84,27.83,27.84,740,0
MS_F.US,5,20211013,161000,27.8,27.8,27.8,27.8,300,0
MS_F.US,5,20211013,161500,27.81,27.81,27.81,27.81,100,0
MS_F.US,5,20211013,162000,27.85,27.85,27.85,27.85,100,0
MS_F.US,5,20211013,162500,27.875,27.875,27.8525,27.8525,400,0
MS_F.US,5,20211013,163000,27.892,27.892,27.879,27.879,309,0
MS_F.US,5,20211013,170000,27.85,27.85,27.85,27.85,100,0
MS_F.US,5,20211013,174500,27.89,27.89,27.89,27.89,100,0
MS_F.US,5,20211013,175000,27.85,27.85,27.85,27.85,718,0
MS_F.US,5,20211013,175500,27.85,27.85,27.85,27.85,387,0
MS_F.US,5,20211013,180000,27.875,27.875,27.875,27.875,203,0
MS_F.US,5,20211013,180500,27.875,27.875,27.85,27.85,795,0
MS_F.US,5,20211013,181000,27.9,27.9,27.9,27.9,105,0
MS_F.US,5,20211013,182000,27.875,27.89,27.85,27.85,3016,0
MS_F.US,5,20211013,184500,27.83,27.83,27.83,27.83,528,0
MS_F.US,5,20211013,190000,27.84,27.85,27.83,27.85,575,0
MS_F.US,5,20211013,191000,27.83,27.84,27.83,27.84,400,0
MS_F.US,5,20211013,191500,27.84,27.85,27.84,27.85,541,0
MS_F.US,5,20211013,192000,27.8548,27.8548,27.8548,27.8548,100,0
MS_F.US,5,20211013,192500,27.8624,27.8624,27.8552,27.8552,212,0
MS_F.US,5,20211013,193000,27.85,27.85,27.84,27.84,1810,0
MS_F.US,5,20211013,193500,27.8456,27.87,27.8456,27.87,1862,0
MS_F.US,5,20211013,195000,27.85,27.85,27.85,27.85,100,0
MS_F.US,5,20211013,195500,27.87,27.87,27.86,27.86,1040,0
MS_F.US,5,20211013,200000,27.85,27.85,27.85,27.85,100,0
MS_F.US,5,20211013,201000,27.87,27.87,27.85,27.87,3748,0
MS_F.US,5,20211013,201500,27.87,27.87,27.87,27.87,300,0
MS_F.US,5,20211013,202000,27.87,27.87,27.864,27.87,319,0
MS_F.US,5,20211013,202500,27.87,27.87,27.87,27.87,100,0
MS_F.US,5,20211013,203000,27.864,27.864,27.86,27.86,213,0
MS_F.US,5,20211013,204000,27.88,27.88,27.88,27.88,100,0
MS_F.US,5,20211013,204500,27.86,27.86,27.86,27.86,500,0
MS_F.US,5,20211013,205000,27.869,27.869,27.869,27.869,100,0
MS_F.US,5,20211013,210000,27.86,27.8683,27.86,27.864,300,0
MS_F.US,5,20211013,210500,27.87,27.87,27.8625,27.8625,200,0
MS_F.US,5,20211013,211000,27.87,27.87,27.87,27.87,179,0
MS_F.US,5,20211013,211500,27.87,27.9,27.87,27.9,1620,0
MS_F.US,5,20211013,212000,27.9,27.9,27.86,27.88,3250,0
MS_F.US,5,20211013,213000,27.88,27.89,27.88,27.89,900,0
MS_F.US,5,20211013,213500,27.88,27.9558,27.88,27.9558,870,0
MS_F.US,5,20211013,214000,27.91,27.97,27.89,27.89,1631,0
MS_F.US,5,20211013,214500,27.89,27.925,27.86,27.87,2898,0
MS_F.US,5,20211013,215000,27.85,27.94,27.77,27.77,4995,0
MS_F.US,5,20211013,215500,27.862,27.862,27.77,27.77,7243,0
MS_F.US,5,20211014,153000,27.9,27.94,27.8835,27.94,2004,0
MS_F.US,5,20211014,153500,27.94,27.947,27.92,27.92,1100,0
MS_F.US,5,20211014,154000,27.95,27.98,27.95,27.98,1900,0
MS_F.US,5,20211014,154500,28.005,28.005,28.005,28.005,176,0
MS_F.US,5,20211014,155000,28.005,28.005,28.005,28.005,220,0
MS_F.US,5,20211014,155500,28,28,28,28,100,0
MS_F.US,5,20211014,161000,28.04,28.04,28.03,28.03,402,0
MS_F.US,5,20211014,161500,28.05,28.05,28.0324,28.0324,1580,0
MS_F.US,5,20211014,162000,28.025,28.04,28.0115,28.04,1168,0
MS_F.US,5,20211014,162500,28.02,28.025,28.01,28.01,3520,0
MS_F.US,5,20211014,163000,28.01,28.01,28.01,28.01,2200,0
MS_F.US,5,20211014,164000,28.03,28.03,28.03,28.03,200,0
MS_F.US,5,20211014,170500,28.02,28.02,28.02,28.02,100,0
MS_F.US,5,20211014,171000,28.04,28.04,28.02,28.02,200,0
MS_F.US,5,20211014,172000,28.05,28.05,28.05,28.05,100,0
MS_F.US,5,20211014,172500,28.07,28.07,28.07,28.07,464,0
MS_F.US,5,20211014,173000,28.065,28.065,28.05,28.05,795,0
MS_F.US,5,20211014,173500,28.0037,28.045,28.0037,28.045,4681,0
MS_F.US,5,20211014,174000,28.09,28.095,28.04,28.095,992,0
MS_F.US,5,20211014,174500,28.095,28.095,28.05,28.05,300,0
MS_F.US,5,20211014,175000,28.0902,28.095,28.06,28.0807,800,0
MS_F.US,5,20211014,181000,28.1,28.1,28.1,28.1,100,0
MS_F.US,5,20211014,183000,28.1,28.1,28.049,28.05,2400,0
MS_F.US,5,20211014,184500,28.05,28.05,28.05,28.05,411,0
MS_F.US,5,20211014,185500,28.1471,28.1471,28.1471,28.1471,200,0
MS_F.US,5,20211014,190000,28.15,28.15,28.06,28.07,1020,0
MS_F.US,5,20211014,191000,28.0899,28.0899,28.0899,28.0899,1800,0
MS_F.US,5,20211014,191500,28.06,28.07,28.06,28.07,300,0
MS_F.US,5,20211014,193000,28.07,28.11,28.07,28.11,220,0
MS_F.US,5,20211014,193500,28.11,28.11,28.06,28.06,200,0
MS_F.US,5,20211014,194000,28.06,28.133,28.06,28.133,1332,0
MS_F.US,5,20211014,194500,28.07,28.07,28.07,28.07,100,0
MS_F.US,5,20211014,195000,28.115,28.115,28.115,28.115,100,0
MS_F.US,5,20211014,195500,28.07,28.07,28.07,28.07,1063,0
MS_F.US,5,20211014,200000,28.0978,28.0978,28.06,28.06,603,0
MS_F.US,5,20211014,200500,28.06,28.09,28.04,28.09,560,0
MS_F.US,5,20211014,201500,28.145,28.145,28.145,28.145,357,0
MS_F.US,5,20211014,202000,28.04,28.06,28.04,28.06,200,0
MS_F.US,5,20211014,202500,28.06,28.06,28.06,28.06,551,0
MS_F.US,5,20211014,203000,28.0201,28.0811,28.0201,28.0811,407,0
MS_F.US,5,20211014,204000,28.0704,28.0704,28.0704,28.0704,512,0
MS_F.US,5,20211014,204500,28.0704,28.0704,28.0704,28.0704,372,0
MS_F.US,5,20211014,205000,28.055,28.055,28.055,28.055,100,0
MS_F.US,5,20211014,211000,28.065,28.08,28.065,28.08,2500,0
MS_F.US,5,20211014,211500,28.065,28.08,28.065,28.065,6300,0
MS_F.US,5,20211014,212000,28.0537,28.14,28.0537,28.13,416,0
MS_F.US,5,20211014,212500,28.13,28.13,28.13,28.13,301,0
MS_F.US,5,20211014,214500,28.12,28.14,28.1,28.1,1639,0
MS_F.US,5,20211014,215500,28.1141,28.12,28.11,28.12,404,0
MS_F.US,5,20211015,153000,28.1,28.1,28.04,28.04,3307,0
MS_F.US,5,20211015,153500,28.0999,28.0999,28.0712,28.0712,1576,0
MS_F.US,5,20211015,155500,28.09,28.09,28.09,28.09,100,0
MS_F.US,5,20211015,160000,28.01,28.05,28.01,28.04,600,0
MS_F.US,5,20211015,160500,28.05,28.06,28.05,28.06,210,0
MS_F.US,5,20211015,161000,28.05,28.05,28.05,28.05,200,0
MS_F.US,5,20211015,161500,28.0495,28.0495,28.0495,28.0495,206,0
MS_F.US,5,20211015,162000,28.05,28.05,28.05,28.05,209,0
MS_F.US,5,20211015,162500,28.025,28.05,28.025,28.05,603,0
MS_F.US,5,20211015,163000,28.0166,28.0166,28.0166,28.0166,120,0
MS_F.US,5,20211015,163500,28.05,28.05,28.05,28.05,100,0
MS_F.US,5,20211015,170000,28.05,28.05,28.05,28.05,100,0
MS_F.US,5,20211015,173500,28.05,28.05,28.02,28.03,1800,0
MS_F.US,5,20211015,174000,28.0575,28.0575,28.03,28.03,300,0
MS_F.US,5,20211015,174500,28.0575,28.0575,28.03,28.03,200,0
MS_F.US,5,20211015,175000,28.03,28.03,28.03,28.03,100,0
MS_F.US,5,20211015,175500,28.0574,28.0574,28.0574,28.0574,101,0
MS_F.US,5,20211015,180500,28.03,28.03,28.03,28.03,800,0
MS_F.US,5,20211015,181000,28.04,28.04,28.04,28.04,100,0
MS_F.US,5,20211015,183000,28.033,28.06,28.03,28.06,500,0
MS_F.US,5,20211015,185000,28.06,28.06,28.06,28.06,100,0
MS_F.US,5,20211015,190000,28.03,28.08,28.03,28.08,200,0
MS_F.US,5,20211015,191500,28.0377,28.08,28.03,28.03,9497,0
MS_F.US,5,20211015,192000,28.0301,28.0312,28,28,10256,0
MS_F.US,5,20211015,192500,28,28.045,28,28,300,0
MS_F.US,5,20211015,193000,28.02,28.02,28,28,300,0
MS_F.US,5,20211015,193500,28,28.02,28,28,2049,0
MS_F.US,5,20211015,194000,28,28.02,28,28.02,400,0
MS_F.US,5,20211015,194500,28.0567,28.0567,28,28.02,2715,0
MS_F.US,5,20211015,195000,28.0333,28.045,28.01,28.01,682,0
MS_F.US,5,20211015,195500,28.01,28.045,28.01,28.045,200,0
MS_F.US,5,20211015,200000,28,28,28,28,100,0
MS_F.US,5,20211015,200500,28.02,28.025,28,28.013,843,0
MS_F.US,5,20211015,201000,28,28,28,28,200,0
MS_F.US,5,20211015,201500,28,28.025,28,28.025,400,0
MS_F.US,5,20211015,202000,28.0325,28.0325,28,28,411,0
MS_F.US,5,20211015,202500,28.04,28.04,28,28,800,0
MS_F.US,5,20211015,203000,28,28,28,28,200,0
MS_F.US,5,20211015,203500,28,28,28,28,200,0
MS_F.US,5,20211015,204000,28,28,28,28,100,0
MS_F.US,5,20211015,204500,28.02,28.02,27.94,27.94,1283,0
MS_F.US,5,20211015,205000,28,28,27.93,27.96,4461,0
MS_F.US,5,20211015,205500,27.965,27.965,27.94,27.94,414,0
MS_F.US,5,20211015,210000,27.93,27.93,27.93,27.93,100,0
MS_F.US,5,20211015,210500,27.93,27.98,27.93,27.93,520,0
MS_F.US,5,20211015,211000,27.93,27.94,27.93,27.93,300,0
MS_F.US,5,20211015,211500,27.93,27.955,27.93,27.955,400,0
MS_F.US,5,20211015,212000,27.955,27.955,27.93,27.93,575,0
MS_F.US,5,20211015,212500,27.8972,27.97,27.89,27.942,850,0
MS_F.US,5,20211015,213000,27.88,27.9405,27.88,27.9405,370,0
MS_F.US,5,20211015,213500,27.86,27.9315,27.86,27.9315,200,0
MS_F.US,5,20211015,214000,27.915,27.915,27.915,27.915,200,0
MS_F.US,5,20211015,214500,27.89,27.9842,27.89,27.9842,600,0
MS_F.US,5,20211015,215000,27.96,27.974,27.96,27.974,493,0
MS_F.US,5,20211015,215500,27.99,28,27.96,27.96,10168,0
MS_F.US,5,20211018,153000,28,28,28,28,1125,0
MS_F.US,5,20211018,153500,27.8,27.895,27.8,27.895,691,0
MS_F.US,5,20211018,154500,27.85,27.85,27.85,27.85,100,0
MS_F.US,5,20211018,155000,27.9,27.94,27.9,27.94,240,0
MS_F.US,5,20211018,155500,27.8718,27.8718,27.8718,27.8718,568,0
MS_F.US,5,20211018,160000,27.9468,27.9468,27.85,27.85,858,0
MS_F.US,5,20211018,160500,27.84,27.84,27.84,27.84,100,0
MS_F.US,5,20211018,161000,27.88,27.88,27.88,27.88,154,0
MS_F.US,5,20211018,161500,27.93,27.93,27.93,27.93,100,0
MS_F.US,5,20211018,163000,27.8798,27.94,27.8798,27.94,236,0
MS_F.US,5,20211018,164000,27.85,27.85,27.8,27.85,1595,0
MS_F.US,5,20211018,164500,27.875,27.875,27.875,27.875,100,0
MS_F.US,5,20211018,171000,27.93,27.93,27.93,27.93,100,0
MS_F.US,5,20211018,174000,27.92,27.92,27.92,27.92,100,0
MS_F.US,5,20211018,175000,27.8445,27.85,27.8445,27.85,435,0
MS_F.US,5,20211018,180500,27.91,27.91,27.91,27.91,100,0
MS_F.US,5,20211018,182000,27.9,27.9,27.9,27.9,793,0
MS_F.US,5,20211018,183500,27.95,27.97,27.91,27.91,1543,0
MS_F.US,5,20211018,185500,27.921,27.921,27.921,27.921,102,0
MS_F.US,5,20211018,190000,27.965,27.965,27.9,27.9063,700,0
MS_F.US,5,20211018,191500,27.965,27.965,27.939,27.939,499,0
MS_F.US,5,20211018,192500,27.99,28.02,27.99,27.99,498,0
MS_F.US,5,20211018,195000,27.97,27.97,27.97,27.97,400,0
MS_F.US,5,20211018,200000,27.96,28.01,27.9236,28.01,1572,0
MS_F.US,5,20211018,200500,27.9986,27.9986,27.9986,27.9986,200,0
MS_F.US,5,20211018,201000,28.05,28.05,28.05,28.05,333,0
MS_F.US,5,20211018,201500,28.04,28.04,27.99,27.99,300,0
MS_F.US,5,20211018,202500,27.95,27.95,27.95,27.95,332,0
MS_F.US,5,20211018,203500,28.01,28.05,28.01,28.05,571,0
MS_F.US,5,20211018,204000,28.04,28.04,28.04,28.04,100,0
MS_F.US,5,20211018,205500,28.003,28.003,28.003,28.003,200,0
MS_F.US,5,20211018,210500,28.03,28.03,28.03,28.03,166,0
MS_F.US,5,20211018,211000,28.04,28.0699,28.04,28.0699,216,0
MS_F.US,5,20211018,211500,28.07,28.09,28.035,28.09,1603,0
MS_F.US,5,20211018,212000,28.07,28.08,28.07,28.07,300,0
MS_F.US,5,20211018,213000,28.09,28.09,28.07,28.07,1018,0
MS_F.US,5,20211018,213500,28.07,28.09,28.07,28.09,500,0
MS_F.US,5,20211018,214000,28.085,28.085,28.085,28.085,300,0
MS_F.US,5,20211018,214500,28.08,28.085,28.08,28.08,3771,0
MS_F.US,5,20211018,215000,28.0688,28.0688,28.0452,28.05,682,0
MS_F.US,5,20211018,215500,28.08,28.08,28.08,28.08,1239,0
MS_F.US,5,20211019,153000,28.05,28.08,28.05,28.08,656,0
MS_F.US,5,20211019,161000,28.08,28.08,28.05,28.05,335,0
MS_F.US,5,20211019,161500,28.08,28.08,28.08,28.08,1666,0
MS_F.US,5,20211019,162000,28.0484,28.0484,28.0484,28.0484,110,0
MS_F.US,5,20211019,162500,28.06,28.07,28.06,28.07,200,0
MS_F.US,5,20211019,163000,28.0574,28.07,28.05,28.07,756,0
MS_F.US,5,20211019,164000,28.04,28.07,28,28.07,5565,0
MS_F.US,5,20211019,165000,28.0181,28.07,28.0181,28.07,2100,0
MS_F.US,5,20211019,170000,28.0294,28.07,28.0294,28.07,1474,0
MS_F.US,5,20211019,171000,28.07,28.07,28.07,28.07,100,0
MS_F.US,5,20211019,171500,28.0617,28.0617,28.0617,28.0617,315,0
MS_F.US,5,20211019,173000,28.06,28.07,28.05,28.05,700,0
MS_F.US,5,20211019,174000,28.028,28.028,28.028,28.028,207,0
MS_F.US,5,20211019,180500,28.065,28.07,28.065,28.07,300,0
MS_F.US,5,20211019,183500,28.05,28.05,28.05,28.05,100,0
MS_F.US,5,20211019,184000,28,28.05,28,28.05,200,0
MS_F.US,5,20211019,184500,28.0164,28.0164,28.0164,28.0164,161,0
MS_F.US,5,20211019,185500,28.0382,28.05,27.994,27.994,6072,0
MS_F.US,5,20211019,191000,28.05,28.05,28.05,28.05,100,0
MS_F.US,5,20211019,191500,28.0242,28.0242,28.0242,28.0242,291,0
MS_F.US,5,20211019,192500,28.0255,28.0255,28.0255,28.0255,160,0
MS_F.US,5,20211019,194000,28.05,28.05,28.05,28.05,100,0
MS_F.US,5,20211019,195500,28.04,28.04,28.04,28.04,100,0
MS_F.US,5,20211019,201000,28.05,28.05,28.05,28.05,100,0
MS_F.US,5,20211019,202500,28.0428,28.0428,28.0428,28.0428,296,0
MS_F.US,5,20211019,203000,28.02,28.05,28.02,28.05,414,0
MS_F.US,5,20211019,203500,28.04,28.05,28.04,28.04,669,0
MS_F.US,5,20211019,204000,28.05,28.05,28.05,28.05,100,0
MS_F.US,5,20211019,204500,28.05,28.05,28.05,28.05,565,0
MS_F.US,5,20211019,210000,28.05,28.05,28.05,28.05,676,0
MS_F.US,5,20211019,210500,28.05,28.05,28.05,28.05,100,0
MS_F.US,5,20211019,211000,28.02,28.05,27.97,27.97,5714,0
MS_F.US,5,20211019,211500,28.05,28.05,28.05,28.05,100,0
MS_F.US,5,20211019,212000,28.035,28.035,28.035,28.035,112,0
MS_F.US,5,20211019,212500,28.05,28.05,28.05,28.05,100,0
MS_F.US,5,20211019,213000,28.04,28.05,28.04,28.05,1885,0
MS_F.US,5,20211019,213500,28.06,28.06,28.06,28.06,1117,0
MS_F.US,5,20211019,214000,28.06,28.06,28.0534,28.0534,209,0
MS_F.US,5,20211019,214500,28.06,28.06,28.06,28.06,100,0
MS_F.US,5,20211019,215000,28.06,28.06,28.06,28.06,700,0
MS_F.US,5,20211019,215500,28.04,28.06,28.04,28.06,2299,0
MS_F.US,5,20211020,153000,27.98,28.03,27.98,28.02,1228,0
MS_F.US,5,20211020,154000,27.95,27.95,27.95,27.95,105,0
MS_F.US,5,20211020,154500,28.085,28.085,28.0525,28.0525,231,0
MS_F.US,5,20211020,160000,28.09,28.09,28.09,28.09,509,0
MS_F.US,5,20211020,160500,28.085,28.085,28.085,28.085,100,0
MS_F.US,5,20211020,161000,27.9839,28.07,27.9839,28.07,200,0
MS_F.US,5,20211020,162500,28.085,28.0889,28.085,28.0889,208,0
MS_F.US,5,20211020,163000,28.08,28.09,28.08,28.09,1100,0
MS_F.US,5,20211020,163500,28.09,28.09,28.09,28.09,800,0
MS_F.US,5,20211020,164000,28.06,28.06,28.06,28.06,350,0
MS_F.US,5,20211020,164500,28.1,28.1,28.1,28.1,100,0
MS_F.US,5,20211020,165000,28.1,28.1,28.0992,28.1,1674,0
MS_F.US,5,20211020,170500,28.1,28.1,28.065,28.065,224,0
MS_F.US,5,20211020,171000,28.1,28.1,28.1,28.1,100,0
MS_F.US,5,20211020,173500,28.1,28.1,28.1,28.1,100,0
MS_F.US,5,20211020,175000,28.1,28.1,28.1,28.1,300,0
MS_F.US,5,20211020,175500,28.13,28.13,28.09,28.09,400,0
MS_F.US,5,20211020,180000,28.14,28.14,28.13,28.13,500,0
MS_F.US,5,20211020,180500,28.14,28.14,28.12,28.14,1051,0
MS_F.US,5,20211020,183500,28.14,28.14,28.14,28.14,100,0
MS_F.US,5,20211020,184000,28.14,28.14,28.14,28.14,300,0
MS_F.US,5,20211020,185500,28.14,28.14,28.14,28.14,109,0
MS_F.US,5,20211020,190000,28.16,28.16,28.16,28.16,427,0
MS_F.US,5,20211020,190500,28.133,28.15,28.133,28.15,814,0
MS_F.US,5,20211020,191000,28.17,28.17,28.17,28.17,100,0
MS_F.US,5,20211020,191500,28.1222,28.17,28.1222,28.17,1300,0
MS_F.US,5,20211020,192000,28.1087,28.16,28.1,28.13,16091,0
MS_F.US,5,20211020,192500,28.13,28.13,28.1,28.1014,2391,0
MS_F.US,5,20211020,193000,28.1,28.1,28.1,28.1,733,0
MS_F.US,5,20211020,194000,28.15,28.15,28.15,28.15,100,0
MS_F.US,5,20211020,200500,28.16,28.16,28.16,28.16,113,0
MS_F.US,5,20211020,201000,28.16,28.16,28.16,28.16,100,0
MS_F.US,5,20211020,201500,28.16,28.16,28.16,28.16,279,0
MS_F.US,5,20211020,203000,28.146,28.146,28.146,28.146,101,0
MS_F.US,5,20211020,203500,28.16,28.16,28.16,28.16,2127,0
MS_F.US,5,20211020,204000,28.16,28.16,28.16,28.16,100,0
MS_F.US,5,20211020,205000,28.1204,28.1204,28.1204,28.1204,2000,0
MS_F.US,5,20211020,210500,28.16,28.16,28.153,28.153,310,0
MS_F.US,5,20211020,211000,28.153,28.16,28.15,28.16,1590,0
MS_F.US,5,20211020,212000,28.16,28.16,28.1484,28.16,1951,0
MS_F.US,5,20211020,212500,28.1527,28.1527,28.1527,28.1527,127,0
MS_F.US,5,20211020,213500,28.17,28.17,28.1601,28.1601,480,0
MS_F.US,5,20211020,214000,28.16,28.16,28.155,28.1562,1780,0
MS_F.US,5,20211020,214500,28.16,28.165,28.1583,28.16,997,0
MS_F.US,5,20211020,215000,28.15,28.153,28.15,28.153,1500,0
MS_F.US,5,20211020,215500,28.15,28.17,28.15,28.15,4286,0
MS_F.US,5,20211021,153000,28.2,28.2,28.2,28.2,978,0
MS_F.US,5,20211021,154000,28.12,28.12,28.12,28.12,100,0
MS_F.US,5,20211021,154500,28.125,28.125,28.125,28.125,1113,0
MS_F.US,5,20211021,155000,28.125,28.17,28.07,28.17,584,0
MS_F.US,5,20211021,160000,28.0668,28.11,28.0668,28.11,497,0
MS_F.US,5,20211021,160500,28.11,28.11,28.11,28.11,1100,0
MS_F.US,5,20211021,161000,28.11,28.11,28.11,28.11,1600,0
MS_F.US,5,20211021,162500,28.11,28.11,28.11,28.11,3600,0
MS_F.US,5,20211021,163000,28.11,28.11,28.11,28.11,827,0
MS_F.US,5,20211021,164500,28.11,28.11,28.11,28.11,300,0
MS_F.US,5,20211021,165000,28.0747,28.0747,28.0747,28.0747,307,0
MS_F.US,5,20211021,171000,28.07,28.07,28.07,28.07,100,0
MS_F.US,5,20211021,172500,28.07,28.07,28.07,28.07,100,0
MS_F.US,5,20211021,181500,28.0868,28.0868,28.0868,28.0868,356,0
MS_F.US,5,20211021,182500,28.11,28.11,28.11,28.11,104,0
MS_F.US,5,20211021,183500,28.09,28.09,28.09,28.09,300,0
MS_F.US,5,20211021,185500,28.11,28.11,28.11,28.11,141,0
MS_F.US,5,20211021,193000,28.0974,28.0974,28.0974,28.0974,140,0
MS_F.US,5,20211021,193500,28.1003,28.1697,28.1,28.1001,13510,0
MS_F.US,5,20211021,194000,28.145,28.145,28.145,28.145,183,0
MS_F.US,5,20211021,200000,28.145,28.18,28.1067,28.1067,1374,0
MS_F.US,5,20211021,201000,28.1638,28.18,28.145,28.145,369,0
MS_F.US,5,20211021,202500,28.17,28.17,28.17,28.17,100,0
MS_F.US,5,20211021,203000,28.1534,28.1534,28.1534,28.1534,780,0
MS_F.US,5,20211021,204000,28.1394,28.145,28.1394,28.145,210,0
MS_F.US,5,20211021,205500,28.155,28.155,28.155,28.155,608,0
MS_F.US,5,20211021,211000,28.17,28.18,28.17,28.18,300,0
MS_F.US,5,20211021,212000,28.16,28.18,28.16,28.18,1482,0
MS_F.US,5,20211021,213500,28.1568,28.1568,28.1568,28.1568,105,0
MS_F.US,5,20211021,214000,28.18,28.18,28.18,28.18,191,0
MS_F.US,5,20211021,214500,28.18,28.18,28.1703,28.1703,895,0
MS_F.US,5,20211021,215500,28.18,28.18,28.18,28.18,180,0
MS_F.US,5,20211022,153000,28.18,28.18,28.15,28.1507,1642,0
MS_F.US,5,20211022,160500,28.19,28.19,28.19,28.19,100,0
MS_F.US,5,20211022,161000,28.17,28.17,28.15,28.15,885,0
MS_F.US,5,20211022,162000,28.17,28.19,28.17,28.19,950,0
MS_F.US,5,20211022,164000,28.18,28.18,28.18,28.18,100,0
MS_F.US,5,20211022,164500,28.19,28.19,28.19,28.19,463,0
MS_F.US,5,20211022,165500,28.171,28.171,28.17,28.17,200,0
MS_F.US,5,20211022,170000,28.1732,28.1732,28.1732,28.1732,297,0
MS_F.US,5,20211022,171500,28.17,28.17,28.17,28.17,200,0
MS_F.US,5,20211022,172000,28.1671,28.17,28.15,28.15,724,0
MS_F.US,5,20211022,173000,28.165,28.165,28.165,28.165,123,0
MS_F.US,5,20211022,173500,28.16,28.16,28.15,28.15,2860,0
MS_F.US,5,20211022,174500,28.11,28.11,28.11,28.11,200,0
MS_F.US,5,20211022,175000,28.14,28.15,28.14,28.15,700,0
MS_F.US,5,20211022,175500,28.15,28.15,28.15,28.15,2400,0
MS_F.US,5,20211022,182500,28.15,28.15,28.15,28.15,400,0
MS_F.US,5,20211022,183500,28.18,28.18,28.18,28.18,182,0
MS_F.US,5,20211022,184000,28.18,28.18,28.18,28.18,800,0
MS_F.US,5,20211022,185000,28.18,28.18,28.18,28.18,500,0
MS_F.US,5,20211022,185500,28.1589,28.1589,28.1589,28.1589,120,0
MS_F.US,5,20211022,190000,28.18,28.18,28.18,28.18,1076,0
MS_F.US,5,20211022,191500,28.18,28.18,28.13,28.14,300,0
MS_F.US,5,20211022,192000,28.166,28.17,28.166,28.17,1315,0
MS_F.US,5,20211022,195000,28.19,28.19,28.19,28.19,100,0
MS_F.US,5,20211022,201500,28.19,28.19,28.1388,28.19,2018,0
MS_F.US,5,20211022,202000,28.19,28.19,28.19,28.19,100,0
MS_F.US,5,20211022,202500,28.172,28.19,28.172,28.19,350,0
MS_F.US,5,20211022,204500,28.18,28.18,28.18,28.18,201,0
MS_F.US,5,20211022,205000,28.155,28.155,28.155,28.155,104,0
MS_F.US,5,20211022,205500,28.17,28.18,28.1575,28.18,1402,0
MS_F.US,5,20211022,211000,28.18,28.18,28.18,28.18,100,0
MS_F.US,5,20211022,214000,28.16,28.16,28.16,28.16,500,0
MS_F.US,5,20211022,214500,28.18,28.2,28.1666,28.2,3685,0
MS_F.US,5,20211022,215000,28.19,28.19,28.19,28.19,100,0
MS_F.US,5,20211022,215500,28.2,28.28,28.14,28.26,18379,0
MS_F.US,5,20211025,153000,28.27,28.28,28.27,28.28,895,0
MS_F.US,5,20211025,153500,28.27,28.27,28.27,28.27,200,0
MS_F.US,5,20211025,154000,28.188,28.26,28.17,28.2,1106,0
MS_F.US,5,20211025,154500,28.25,28.25,28.25,28.25,200,0
MS_F.US,5,20211025,155500,28.25,28.25,28.25,28.25,200,0
MS_F.US,5,20211025,160000,28.25,28.25,28.25,28.25,200,0
MS_F.US,5,20211025,160500,28.25,28.25,28.25,28.25,200,0
MS_F.US,5,20211025,161000,28.185,28.185,28.185,28.185,192,0
MS_F.US,5,20211025,161500,28.25,28.25,28.18,28.2,500,0
MS_F.US,5,20211025,162000,28.24,28.25,28.24,28.25,200,0
MS_F.US,5,20211025,162500,28.25,28.25,28.25,28.25,200,0
MS_F.US,5,20211025,163000,28.12,28.12,28.12,28.12,100,0
MS_F.US,5,20211025,163500,28.24,28.24,28.19,28.19,300,0
MS_F.US,5,20211025,164000,28.25,28.25,28.25,28.25,200,0
MS_F.US,5,20211025,164500,28.25,28.25,28.25,28.25,200,0
MS_F.US,5,20211025,165000,28.25,28.25,28.25,28.25,200,0
MS_F.US,5,20211025,165500,28.185,28.185,28.185,28.185,234,0
MS_F.US,5,20211025,170000,28.25,28.25,28.25,28.25,300,0
MS_F.US,5,20211025,171000,28.25,28.25,28.25,28.25,100,0
MS_F.US,5,20211025,171500,28.25,28.25,28.25,28.25,100,0
MS_F.US,5,20211025,172000,28.25,28.25,28.25,28.25,100,0
MS_F.US,5,20211025,172500,28.25,28.25,28.1708,28.1708,1000,0
MS_F.US,5,20211025,173000,28.215,28.25,28.215,28.25,317,0
MS_F.US,5,20211025,173500,28.1807,28.1807,28.1807,28.1807,1470,0
MS_F.US,5,20211025,174000,28.25,28.25,28.25,28.25,100,0
MS_F.US,5,20211025,174500,28.25,28.25,28.25,28.25,100,0
MS_F.US,5,20211025,175000,28.25,28.25,28.25,28.25,100,0
MS_F.US,5,20211025,175500,28.25,28.25,28.25,28.25,100,0
MS_F.US,5,20211025,180000,28.25,28.25,28.25,28.25,100,0
MS_F.US,5,20211025,181000,28.25,28.25,28.25,28.25,100,0
MS_F.US,5,20211025,181500,28.25,28.25,28.219,28.219,801,0
MS_F.US,5,20211025,182000,28.25,28.25,28.25,28.25,100,0
MS_F.US,5,20211025,182500,28.25,28.25,28.25,28.25,100,0
MS_F.US,5,20211025,183000,28.25,28.25,28.25,28.25,282,0
MS_F.US,5,20211025,183500,28.25,28.25,28.2493,28.2493,3440,0
MS_F.US,5,20211025,184000,28.25,28.25,28.25,28.25,100,0
MS_F.US,5,20211025,184500,28.25,28.25,28.25,28.25,100,0
MS_F.US,5,20211025,185500,28.25,28.25,28.25,28.25,100,0
MS_F.US,5,20211025,190500,28.25,28.25,28.25,28.25,100,0
MS_F.US,5,20211025,191000,28.25,28.25,28.25,28.25,100,0
MS_F.US,5,20211025,191500,28.25,28.25,28.25,28.25,100,0
MS_F.US,5,20211025,192500,28.25,28.25,28.215,28.215,481,0
MS_F.US,5,20211025,193000,28.25,28.25,28.25,28.25,100,0
MS_F.US,5,20211025,193500,28.229,28.25,28.229,28.25,300,0
MS_F.US,5,20211025,194000,28.25,28.25,28.2421,28.2421,479,0
MS_F.US,5,20211025,195000,28.25,28.25,28.1991,28.25,1300,0
MS_F.US,5,20211025,195500,28.2278,28.25,28.22,28.2499,1338,0
MS_F.US,5,20211025,200000,28.25,28.25,28.25,28.25,100,0
MS_F.US,5,20211025,200500,28.25,28.25,28.25,28.25,100,0
MS_F.US,5,20211025,201000,28.25,28.25,28.25,28.25,100,0
MS_F.US,5,20211025,202000,28.25,28.25,28.25,28.25,100,0
MS_F.US,5,20211025,202500,28.25,28.25,28.25,28.25,100,0
MS_F.US,5,20211025,203000,28.25,28.25,28.25,28.25,100,0
MS_F.US,5,20211025,203500,28.25,28.25,28.25,28.25,100,0
MS_F.US,5,20211025,204000,28.25,28.25,28.235,28.25,1805,0
MS_F.US,5,20211025,204500,28.25,28.25,28.235,28.235,600,0
MS_F.US,5,20211025,205000,28.25,28.28,28.25,28.28,880,0
MS_F.US,5,20211025,205500,28.28,28.28,28.262,28.28,477,0
MS_F.US,5,20211025,210000,28.28,28.28,28.244,28.244,250,0
MS_F.US,5,20211025,210500,28.28,28.28,28.28,28.28,100,0
MS_F.US,5,20211025,211000,28.28,28.28,28.28,28.28,553,0
MS_F.US,5,20211025,212000,28.28,28.28,28.28,28.28,100,0
MS_F.US,5,20211025,212500,28.27,28.27,28.27,28.27,100,0
MS_F.US,5,20211025,213000,28.27,28.27,28.27,28.27,100,0
MS_F.US,5,20211025,213500,28.27,28.27,28.27,28.27,100,0
MS_F.US,5,20211025,214000,28.27,28.27,28.27,28.27,327,0
MS_F.US,5,20211025,214500,28.27,28.29,28.27,28.29,3192,0
MS_F.US,5,20211025,215000,28.29,28.33,28.29,28.33,2136,0
MS_F.US,5,20211025,215500,28.33,28.38,28.33,28.38,2475,0
MS_F.US,5,20211026,153000,28.17,28.17,28.17,28.17,147,0
MS_F.US,5,20211026,154000,28.2816,28.2816,28.2816,28.2816,353,0
MS_F.US,5,20211026,154500,28.2,28.291,28.19,28.291,2354,0
MS_F.US,5,20211026,155000,28.26,28.26,28.26,28.26,100,0
MS_F.US,5,20211026,160500,28.27,28.32,28.1901,28.2999,2700,0
MS_F.US,5,20211026,161000,28.25,28.25,28.25,28.25,189,0
MS_F.US,5,20211026,162000,28.24,28.24,28.2279,28.2279,1066,0
MS_F.US,5,20211026,162500,28.29,28.29,28.29,28.29,100,0
MS_F.US,5,20211026,164000,28.2779,28.2779,28.2779,28.2779,154,0
MS_F.US,5,20211026,164500,28.29,28.29,28.29,28.29,127,0
MS_F.US,5,20211026,165500,28.245,28.245,28.245,28.245,100,0
MS_F.US,5,20211026,170500,28.2795,28.2795,28.2795,28.2795,270,0
MS_F.US,5,20211026,172000,28.28,28.28,28.28,28.28,100,0
MS_F.US,5,20211026,173500,28.28,28.28,28.28,28.28,100,0
MS_F.US,5,20211026,174000,28.245,28.245,28.245,28.245,270,0
MS_F.US,5,20211026,174500,28.27,28.27,28.24,28.24,659,0
MS_F.US,5,20211026,175500,28.23,28.23,28.21,28.23,1200,0
MS_F.US,5,20211026,180000,28.2222,28.2222,28.22,28.22,474,0
MS_F.US,5,20211026,180500,28.23,28.23,28.23,28.23,100,0
MS_F.US,5,20211026,181000,28.26,28.26,28.26,28.26,200,0
MS_F.US,5,20211026,182000,28.23,28.23,28.23,28.23,535,0
MS_F.US,5,20211026,184500,28.25,28.25,28.25,28.25,200,0
MS_F.US,5,20211026,190000,28.225,28.2298,28.225,28.2298,200,0
MS_F.US,5,20211026,190500,28.24,28.24,28.2008,28.2079,1774,0
MS_F.US,5,20211026,192500,28.22,28.22,28.22,28.22,100,0
MS_F.US,5,20211026,193500,28.24,28.24,28.24,28.24,100,0
MS_F.US,5,20211026,194500,28.2217,28.2217,28.2217,28.2217,108,0
MS_F.US,5,20211026,200000,28.2431,28.2431,28.2431,28.2431,2247,0
MS_F.US,5,20211026,200500,28.235,28.235,28.235,28.235,100,0
MS_F.US,5,20211026,202000,28.235,28.235,28.235,28.235,100,0
MS_F.US,5,20211026,202500,28.2497,28.25,28.2497,28.25,478,0
MS_F.US,5,20211026,205500,28.235,28.24,28.235,28.24,300,0
MS_F.US,5,20211026,211000,28.25,28.25,28.25,28.25,373,0
MS_F.US,5,20211026,211500,28.2505,28.256,28.2505,28.256,410,0
MS_F.US,5,20211026,212500,28.2648,28.2648,28.2648,28.2648,260,0
MS_F.US,5,20211026,213000,28.25,28.25,28.25,28.25,200,0
MS_F.US,5,20211026,213500,28.27,28.28,28.2623,28.27,1580,0
MS_F.US,5,20211026,215000,28.28,28.28,28.2798,28.2798,500,0
MS_F.US,5,20211026,215500,28.2626,28.28,28.26,28.28,742,0
MS_F.US,5,20211027,153000,28.22,28.22,28.22,28.22,704,0
MS_F.US,5,20211027,154000,28.2104,28.2104,28.2104,28.2104,1000,0
MS_F.US,5,20211027,160500,28.26,28.26,28.26,28.26,166,0
MS_F.US,5,20211027,162500,28.23,28.23,28.2,28.2,4777,0
MS_F.US,5,20211027,170000,28.23,28.23,28.23,28.23,105,0
MS_F.US,5,20211027,181000,28.243,28.27,28.243,28.27,800,0
MS_F.US,5,20211027,181500,28.27,28.3,28.27,28.3,844,0
MS_F.US,5,20211027,182500,28.285,28.285,28.285,28.285,212,0
MS_F.US,5,20211027,184000,28.285,28.285,28.2826,28.2826,657,0
MS_F.US,5,20211027,184500,28.2813,28.2813,28.2813,28.2813,1000,0
MS_F.US,5,20211027,185500,28.2741,28.2741,28.2741,28.2741,388,0
MS_F.US,5,20211027,192000,28.3,28.3,28.3,28.3,100,0
MS_F.US,5,20211027,193500,28.28,28.285,28.28,28.285,262,0
MS_F.US,5,20211027,194000,28.285,28.285,28.285,28.285,100,0
MS_F.US,5,20211027,194500,28.2805,28.2805,28.2805,28.2805,460,0
MS_F.US,5,20211027,195000,28.2947,28.2955,28.27,28.27,2102,0
MS_F.US,5,20211027,195500,28.27,28.27,28.27,28.27,100,0
MS_F.US,5,20211027,202500,28.27,28.27,28.27,28.27,100,0
MS_F.US,5,20211027,203500,28.285,28.285,28.285,28.285,100,0
MS_F.US,5,20211027,204000,28.285,28.3,28.27,28.285,1132,0
MS_F.US,5,20211027,204500,28.285,28.285,28.2814,28.2814,251,0
MS_F.US,5,20211027,205000,28.3,28.3,28.27,28.27,800,0
MS_F.US,5,20211027,205500,28.27,28.285,28.27,28.27,1600,0
MS_F.US,5,20211027,210500,28.3,28.3,28.245,28.26,2435,0
MS_F.US,5,20211027,211000,28.26,28.26,28.26,28.26,100,0
MS_F.US,5,20211027,211500,28.249,28.26,28.249,28.26,4300,0
MS_F.US,5,20211027,212000,28.26,28.26,28.26,28.26,200,0
MS_F.US,5,20211027,213500,28.25,28.25,28.25,28.25,100,0
MS_F.US,5,20211027,214000,28.251,28.255,28.251,28.255,703,0
MS_F.US,5,20211027,214500,28.255,28.255,28.25,28.25,200,0
MS_F.US,5,20211027,215000,28.2401,28.25,28.2401,28.25,2236,0
MS_F.US,5,20211027,215500,28.25,28.26,28.24,28.24,2409,0
MS_F.US,5,20211028,153000,28.24,28.24,28.24,28.24,1544,0
MS_F.US,5,20211028,153500,28.3082,28.3082,28.3082,28.3082,500,0
MS_F.US,5,20211028,154000,28.265,28.265,28.265,28.265,100,0
MS_F.US,5,20211028,155000,28.27,28.27,28.27,28.27,100,0
MS_F.US,5,20211028,160500,28.285,28.285,28.285,28.285,100,0
MS_F.US,5,20211028,161000,28.3095,28.3095,28.3095,28.3095,133,0
MS_F.US,5,20211028,161500,28.2737,28.2737,28.2737,28.2737,159,0
MS_F.US,5,20211028,162500,28.28,28.285,28.2781,28.285,696,0
MS_F.US,5,20211028,163500,28.285,28.285,28.285,28.285,100,0
MS_F.US,5,20211028,164500,28.285,28.285,28.285,28.285,100,0
MS_F.US,5,20211028,165500,28.285,28.285,28.285,28.285,200,0
MS_F.US,5,20211028,171000,28.29,28.29,28.29,28.29,100,0
MS_F.US,5,20211028,172000,28.29,28.29,28.29,28.29,218,0
MS_F.US,5,20211028,172500,28.29,28.29,28.29,28.29,212,0
MS_F.US,5,20211028,173000,28.29,28.29,28.29,28.29,500,0
MS_F.US,5,20211028,173500,28.2944,28.2944,28.27,28.27,362,0
MS_F.US,5,20211028,174000,28.285,28.285,28.285,28.285,100,0
MS_F.US,5,20211028,175000,28.3,28.3,28.27,28.27,400,0
MS_F.US,5,20211028,175500,28.3,28.3,28.27,28.27,1900,0
MS_F.US,5,20211028,180000,28.23,28.23,28.23,28.23,100,0
MS_F.US,5,20211028,180500,28.25,28.25,28.25,28.25,528,0
MS_F.US,5,20211028,181000,28.25,28.25,28.25,28.25,100,0
MS_F.US,5,20211028,190500,28.2365,28.2365,28.2365,28.2365,1000,0
MS_F.US,5,20211028,192000,28.25,28.25,28.25,28.25,100,0
MS_F.US,5,20211028,193500,28.2359,28.2378,28.2359,28.2378,527,0
MS_F.US,5,20211028,200000,28.25,28.25,28.25,28.25,100,0
MS_F.US,5,20211028,200500,28.21,28.23,28.2,28.21,501,0
MS_F.US,5,20211028,201000,28.229,28.229,28.229,28.229,113,0
MS_F.US,5,20211028,203000,28.2495,28.2495,28.2495,28.2495,900,0
MS_F.US,5,20211028,203500,28.208,28.225,28.208,28.225,864,0
MS_F.US,5,20211028,204000,28.235,28.235,28.235,28.235,174,0
MS_F.US,5,20211028,204500,28.2086,28.2086,28.2086,28.2086,170,0
MS_F.US,5,20211028,205000,28.225,28.225,28.225,28.225,123,0
MS_F.US,5,20211028,210500,28.23,28.23,28.23,28.23,100,0
MS_F.US,5,20211028,211000,28.235,28.235,28.2325,28.2325,368,0
MS_F.US,5,20211028,211500,28.26,28.26,28.25,28.25,236,0
MS_F.US,5,20211028,212000,28.2101,28.2101,28.2101,28.2101,1647,0
MS_F.US,5,20211028,212500,28.25,28.25,28.2472,28.25,4259,0
MS_F.US,5,20211028,214000,28.222,28.222,28.2,28.2,3968,0
MS_F.US,5,20211028,214500,28.25,28.25,28.25,28.25,473,0
MS_F.US,5,20211028,215000,28.25,28.25,28.25,28.25,110,0
MS_F.US,5,20211028,215500,28.25,28.25,28.25,28.25,400,0
MS_F.US,5,20211029,153000,28.27,28.27,28.27,28.27,1497,0
MS_F.US,5,20211029,153500,28.22,28.22,28.22,28.22,200,0
MS_F.US,5,20211029,160000,28.18,28.18,28.1,28.1,2967,0
MS_F.US,5,20211029,160500,28.18,28.18,28.18,28.18,175,0
MS_F.US,5,20211029,161000,28.2379,28.2379,28.1989,28.1989,3705,0
MS_F.US,5,20211029,161500,28.1989,28.2454,28.1989,28.2454,3600,0
MS_F.US,5,20211029,162500,28.175,28.175,28.175,28.175,1785,0
MS_F.US,5,20211029,163000,28.1855,28.1855,28.1855,28.1855,400,0
MS_F.US,5,20211029,163500,28.24,28.26,28.2318,28.26,2100,0
MS_F.US,5,20211029,164000,28.26,28.26,28.1896,28.26,1004,0
MS_F.US,5,20211029,164500,28.26,28.26,28.26,28.26,100,0
MS_F.US,5,20211029,170000,28.26,28.27,28.26,28.27,4512,0
MS_F.US,5,20211029,170500,28.26,28.26,28.26,28.26,100,0
MS_F.US,5,20211029,171000,28.26,28.29,28.26,28.29,1531,0
MS_F.US,5,20211029,172000,28.3,28.33,28.27,28.3195,3585,0
MS_F.US,5,20211029,173000,28.33,28.34,28.26,28.26,1500,0
MS_F.US,5,20211029,173500,28.25,28.25,28.25,28.25,100,0
MS_F.US,5,20211029,174000,28.25,28.285,28.25,28.285,2280,0
MS_F.US,5,20211029,175500,28.32,28.32,28.32,28.32,100,0
MS_F.US,5,20211029,180000,28.28,28.34,28.2785,28.2998,2531,0
MS_F.US,5,20211029,180500,28.295,28.295,28.295,28.295,200,0
MS_F.US,5,20211029,181000,28.295,28.295,28.295,28.295,100,0
MS_F.US,5,20211029,181500,28.295,28.295,28.295,28.295,100,0
MS_F.US,5,20211029,182000,28.295,28.295,28.295,28.295,100,0
MS_F.US,5,20211029,182500,28.295,28.3399,28.295,28.295,548,0
MS_F.US,5,20211029,183000,28.34,28.34,28.295,28.295,201,0
MS_F.US,5,20211029,183500,28.295,28.295,28.295,28.295,100,0
MS_F.US,5,20211029,184000,28.295,28.295,28.295,28.295,100,0
MS_F.US,5,20211029,184500,28.295,28.295,28.295,28.295,100,0
MS_F.US,5,20211029,185000,28.295,28.295,28.295,28.295,300,0
MS_F.US,5,20211029,185500,28.299,28.34,28.299,28.34,207,0
MS_F.US,5,20211029,190000,28.295,28.295,28.295,28.295,100,0
MS_F.US,5,20211029,190500,28.3267,28.3267,28.295,28.295,413,0
MS_F.US,5,20211029,191000,28.295,28.34,28.295,28.33,300,0
MS_F.US,5,20211029,191500,28.33,28.33,28.33,28.33,100,0
MS_F.US,5,20211029,192000,28.34,28.34,28.34,28.34,100,0
MS_F.US,5,20211029,192500,28.34,28.34,28.2824,28.2824,700,0
MS_F.US,5,20211029,193500,28.34,28.34,28.34,28.34,100,0
MS_F.US,5,20211029,194000,28.295,28.34,28.295,28.34,324,0
MS_F.US,5,20211029,194500,28.34,28.34,28.34,28.34,100,0
MS_F.US,5,20211029,195000,28.3043,28.34,28.295,28.34,1606,0
MS_F.US,5,20211029,195500,28.34,28.34,28.34,28.34,200,0
MS_F.US,5,20211029,200000,28.34,28.34,28.286,28.286,210,0
MS_F.US,5,20211029,200500,28.34,28.34,28.34,28.34,100,0
MS_F.US,5,20211029,201000,28.34,28.34,28.295,28.295,200,0
MS_F.US,5,20211029,201500,28.28,28.34,28.28,28.34,300,0
MS_F.US,5,20211029,202000,28.34,28.34,28.34,28.34,220,0
MS_F.US,5,20211029,202500,28.34,28.34,28.34,28.34,100,0
MS_F.US,5,20211029,203000,28.34,28.34,28.34,28.34,100,0
MS_F.US,5,20211029,203500,28.34,28.34,28.34,28.34,100,0
MS_F.US,5,20211029,204000,28.34,28.34,28.34,28.34,100,0
MS_F.US,5,20211029,204500,28.34,28.35,28.34,28.35,580,0
MS_F.US,5,20211029,205000,28.35,28.35,28.35,28.35,207,0
MS_F.US,5,20211029,205500,28.35,28.35,28.35,28.35,500,0
MS_F.US,5,20211029,210000,28.35,28.35,28.35,28.35,100,0
MS_F.US,5,20211029,210500,28.35,28.35,28.325,28.325,906,0
MS_F.US,5,20211029,211000,28.35,28.35,28.35,28.35,400,0
MS_F.US,5,20211029,211500,28.35,28.35,28.35,28.35,780,0
MS_F.US,5,20211029,212500,28.345,28.37,28.345,28.37,500,0
MS_F.US,5,20211029,213000,28.37,28.37,28.37,28.37,162,0
MS_F.US,5,20211029,213500,28.3696,28.3696,28.3368,28.3368,394,0
MS_F.US,5,20211029,214000,28.3489,28.37,28.3489,28.37,808,0
MS_F.US,5,20211029,214500,28.39,28.48,28.39,28.459,6954,0
MS_F.US,5,20211029,215000,28.42,28.45,28.41,28.42,1145,0
MS_F.US,5,20211029,215500,28.42,28.42,28.25,28.25,45332,0
MS_F.US,5,20211101,143000,28.28,28.28,28.2649,28.2649,2877,0
MS_F.US,5,20211101,143500,28.38,28.38,28.38,28.38,117,0
MS_F.US,5,20211101,144500,28.3021,28.3021,28.3021,28.3021,423,0
MS_F.US,5,20211101,155000,28.32,28.32,28.32,28.32,200,0
MS_F.US,5,20211101,155500,28.34,28.37,28.34,28.34,300,0
MS_F.US,5,20211101,160500,28.335,28.335,28.335,28.335,1000,0
MS_F.US,5,20211101,161000,28.34,28.34,28.335,28.335,600,0
MS_F.US,5,20211101,163000,28.312,28.3891,28.3,28.3891,1383,0
MS_F.US,5,20211101,163500,28.32,28.32,28.32,28.32,100,0
MS_F.US,5,20211101,165000,28.3174,28.3174,28.3174,28.3174,112,0
MS_F.US,5,20211101,170000,28.3014,28.3014,28.3014,28.3014,200,0
MS_F.US,5,20211101,172000,28.32,28.32,28.32,28.32,1100,0
MS_F.US,5,20211101,172500,28.3177,28.3177,28.3177,28.3177,197,0
MS_F.US,5,20211101,174000,28.32,28.32,28.32,28.32,500,0
MS_F.US,5,20211101,174500,28.31,28.31,28.3,28.3,300,0
MS_F.US,5,20211101,175000,28.32,28.32,28.32,28.32,600,0
MS_F.US,5,20211101,180000,28.32,28.32,28.315,28.32,1600,0
MS_F.US,5,20211101,180500,28.317,28.32,28.317,28.32,732,0
MS_F.US,5,20211101,181500,28.32,28.32,28.3111,28.32,581,0
MS_F.US,5,20211101,182000,28.32,28.32,28.32,28.32,190,0
MS_F.US,5,20211101,183000,28.33,28.33,28.31,28.31,1000,0
MS_F.US,5,20211101,184000,28.3388,28.3388,28.32,28.33,1451,0
MS_F.US,5,20211101,184500,28.3124,28.3124,28.31,28.31,700,0
MS_F.US,5,20211101,185500,28.32,28.3281,28.319,28.32,4170,0
MS_F.US,5,20211101,190500,28.345,28.35,28.345,28.35,789,0
MS_F.US,5,20211101,191000,28.36,28.36,28.32,28.32,1158,0
MS_F.US,5,20211101,193000,28.33,28.33,28.33,28.33,1000,0
MS_F.US,5,20211101,194000,28.395,28.395,28.32,28.32,2258,0
MS_F.US,5,20211101,194500,28.3056,28.3725,28.2775,28.28,1390,0
MS_F.US,5,20211101,195000,28.32,28.32,28.32,28.32,100,0
MS_F.US,5,20211101,202500,28.32,28.32,28.295,28.295,1100,0
MS_F.US,5,20211101,203000,28.295,28.3,28.295,28.3,800,0
MS_F.US,5,20211101,204000,28.29,28.29,28.29,28.29,1147,0
MS_F.US,5,20211101,204500,28.28,28.28,28.28,28.28,440,0
MS_F.US,5,20211101,205000,28.2992,28.3525,28.28,28.29,817,0
MS_F.US,5,20211101,205500,28.26,28.33,28.26,28.32,2436,0
MS_F.US,5,20211102,143000,28.32,28.3488,28.32,28.32,4036,0
MS_F.US,5,20211102,144500,28.34,28.34,28.32,28.32,832,0
MS_F.US,5,20211102,145000,28.36,28.37,28.36,28.37,400,0
MS_F.US,5,20211102,150500,28.33,28.33,28.33,28.33,100,0
MS_F.US,5,20211102,151500,28.32,28.32,28.32,28.32,400,0
MS_F.US,5,20211102,152500,28.3338,28.37,28.32,28.32,2440,0
MS_F.US,5,20211102,153000,28.32,28.32,28.32,28.32,400,0
MS_F.US,5,20211102,154000,28.32,28.35,28.32,28.32,6547,0
MS_F.US,5,20211102,154500,28.25,28.25,28.25,28.25,200,0
MS_F.US,5,20211102,155500,28.24,28.24,28.24,28.24,100,0
MS_F.US,5,20211102,160000,28.24,28.24,28.24,28.24,110,0
MS_F.US,5,20211102,161000,28.24,28.24,28.24,28.24,100,0
MS_F.US,5,20211102,162000,28.24,28.24,28.24,28.24,110,0
MS_F.US,5,20211102,162500,28.24,28.24,28.24,28.24,100,0
MS_F.US,5,20211102,164000,28.265,28.29,28.23,28.29,371,0
MS_F.US,5,20211102,170000,28.24,28.24,28.24,28.24,100,0
MS_F.US,5,20211102,171500,28.24,28.24,28.24,28.24,239,0
MS_F.US,5,20211102,172500,28.2744,28.2744,28.2744,28.2744,424,0
MS_F.US,5,20211102,173000,28.24,28.24,28.24,28.24,300,0
MS_F.US,5,20211102,173500,28.25,28.2793,28.25,28.2793,2422,0
MS_F.US,5,20211102,174000,28.27,28.2706,28.27,28.2706,15800,0
MS_F.US,5,20211102,175000,28.24,28.24,28.24,28.24,200,0
MS_F.US,5,20211102,175500,28.24,28.26,28.24,28.25,3249,0
MS_F.US,5,20211102,180000,28.235,28.25,28.235,28.25,624,0
MS_F.US,5,20211102,180500,28.23,28.23,28.23,28.23,200,0
MS_F.US,5,20211102,182000,28.23,28.23,28.22,28.22,200,0
MS_F.US,5,20211102,182500,28.2373,28.2373,28.2373,28.2373,904,0
MS_F.US,5,20211102,183500,28.22,28.22,28.22,28.22,100,0
MS_F.US,5,20211102,184000,28.2638,28.27,28.245,28.245,688,0
MS_F.US,5,20211102,184500,28.22,28.22,28.22,28.22,100,0
MS_F.US,5,20211102,185500,28.22,28.22,28.22,28.22,200,0
MS_F.US,5,20211102,190500,28.2537,28.2537,28.2537,28.2537,848,0
MS_F.US,5,20211102,191000,28.2604,28.2604,28.23,28.25,397,0
MS_F.US,5,20211102,191500,28.27,28.28,28.27,28.28,200,0
MS_F.US,5,20211102,192000,28.28,28.28,28.28,28.28,200,0
MS_F.US,5,20211102,192500,28.28,28.28,28.28,28.28,100,0
MS_F.US,5,20211102,193000,28.28,28.28,28.28,28.28,100,0
MS_F.US,5,20211102,194000,28.28,28.28,28.28,28.28,200,0
MS_F.US,5,20211102,194500,28.28,28.3,28.28,28.3,224,0
MS_F.US,5,20211102,195000,28.28,28.28,28.28,28.28,699,0
MS_F.US,5,20211102,195500,28.29,28.29,28.28,28.28,2096,0
MS_F.US,5,20211102,200000,28.22,28.22,28.22,28.22,100,0
MS_F.US,5,20211102,200500,28.22,28.22,28.22,28.22,100,0
MS_F.US,5,20211102,201000,28.22,28.235,28.22,28.2315,310,0
MS_F.US,5,20211102,201500,28.22,28.275,28.22,28.25,2500,0
MS_F.US,5,20211102,202500,28.22,28.22,28.22,28.22,100,0
MS_F.US,5,20211102,203000,28.22,28.22,28.22,28.22,100,0
MS_F.US,5,20211102,203500,28.2374,28.2374,28.22,28.22,3561,0
MS_F.US,5,20211102,204000,28.2,28.2,28.19,28.19,200,0
MS_F.US,5,20211102,204500,28.19,28.19,28.19,28.19,100,0
MS_F.US,5,20211102,205000,28.25,28.25,28.19,28.19,300,0
MS_F.US,5,20211102,205500,28.19,28.24,28.19,28.21,501,0
MS_F.US,5,20211103,143000,28.21,28.265,28.21,28.265,985,0
MS_F.US,5,20211103,143500,28.2395,28.2395,28.2395,28.2395,185,0
MS_F.US,5,20211103,144500,28.27,28.27,28.27,28.27,100,0
MS_F.US,5,20211103,145000,28.2992,28.2992,28.2992,28.2992,100,0
MS_F.US,5,20211103,151000,28.29,28.293,28.23,28.23,1454,0
MS_F.US,5,20211103,151500,28.29,28.3,28.23,28.23,1508,0
MS_F.US,5,20211103,152000,28.2552,28.265,28.23,28.23,839,0
MS_F.US,5,20211103,154000,28.259,28.259,28.22,28.22,1300,0
MS_F.US,5,20211103,154500,28.25,28.3,28.23,28.23,1279,0
MS_F.US,5,20211103,155000,28.23,28.24,28.23,28.24,400,0
MS_F.US,5,20211103,155500,28.24,28.26,28.23,28.23,494,0
MS_F.US,5,20211103,160000,28.24,28.2409,28.22,28.22,663,0
MS_F.US,5,20211103,160500,28.23,28.23,28.23,28.23,500,0
MS_F.US,5,20211103,161000,28.23,28.23,28.23,28.23,500,0
MS_F.US,5,20211103,161500,28.23,28.23,28.23,28.23,100,0
MS_F.US,5,20211103,162000,28.24,28.24,28.22,28.22,581,0
MS_F.US,5,20211103,162500,28.22,28.241,28.22,28.22,861,0
MS_F.US,5,20211103,163000,28.22,28.235,28.22,28.235,1000,0
MS_F.US,5,20211103,163500,28.235,28.25,28.235,28.25,1349,0
MS_F.US,5,20211103,164000,28.23,28.23,28.23,28.23,200,0
MS_F.US,5,20211103,164500,28.2793,28.2793,28.23,28.23,682,0
MS_F.US,5,20211103,165000,28.23,28.286,28.23,28.23,3000,0
MS_F.US,5,20211103,165500,28.23,28.23,28.23,28.23,300,0
MS_F.US,5,20211103,170000,28.23,28.24,28.23,28.24,500,0
MS_F.US,5,20211103,170500,28.23,28.23,28.23,28.23,800,0
MS_F.US,5,20211103,171000,28.23,28.29,28.23,28.23,500,0
MS_F.US,5,20211103,171500,28.2993,28.2993,28.23,28.23,721,0
MS_F.US,5,20211103,172000,28.23,28.23,28.23,28.23,400,0
MS_F.US,5,20211103,172500,28.23,28.23,28.21,28.21,602,0
MS_F.US,5,20211103,173000,28.21,28.21,28.21,28.21,879,0
MS_F.US,5,20211103,173500,28.21,28.255,28.2,28.2,1100,0
MS_F.US,5,20211103,174000,28.2,28.21,28.2,28.2,788,0
MS_F.US,5,20211103,183000,28.2088,28.2088,28.2088,28.2088,117,0
MS_F.US,5,20211103,184000,28.2035,28.24,28.2035,28.24,635,0
MS_F.US,5,20211103,185000,28.2134,28.2134,28.2134,28.2134,139,0
MS_F.US,5,20211103,190500,28.23,28.23,28.23,28.23,224,0
MS_F.US,5,20211103,191000,28.21,28.2719,28.21,28.2719,836,0
MS_F.US,5,20211103,192500,28.289,28.289,28.289,28.289,393,0
MS_F.US,5,20211103,202000,28.235,28.235,28.2,28.225,3601,0
MS_F.US,5,20211103,202500,28.225,28.225,28.2,28.2,1975,0
MS_F.US,5,20211103,203500,28.2075,28.2075,28.2075,28.2075,117,0
MS_F.US,5,20211103,204000,28.23,28.23,28.21,28.21,518,0
MS_F.US,5,20211103,204500,28.25,28.25,28.25,28.25,100,0
MS_F.US,5,20211103,205000,28.2,28.2,28.2,28.2,247,0
MS_F.US,5,20211103,205500,28.2,28.2,28.2,28.2,466,0
MS_F.US,5,20211104,143000,28.26,28.26,28.26,28.26,453,0
MS_F.US,5,20211104,145500,28.31,28.31,28.31,28.31,123,0
MS_F.US,5,20211104,151000,28.25,28.25,28.25,28.25,200,0
MS_F.US,5,20211104,151500,28.27,28.2709,28.27,28.27,1152,0
MS_F.US,5,20211104,152500,28.2848,28.2859,28.27,28.27,682,0
MS_F.US,5,20211104,153000,28.295,28.31,28.295,28.31,1092,0
MS_F.US,5,20211104,154000,28.31,28.31,28.31,28.31,200,0
MS_F.US,5,20211104,154500,28.305,28.305,28.3,28.3,516,0
MS_F.US,5,20211104,160000,28.3,28.3,28.3,28.3,100,0
MS_F.US,5,20211104,161000,28.29,28.29,28.29,28.29,200,0
MS_F.US,5,20211104,162000,28.28,28.28,28.28,28.28,287,0
MS_F.US,5,20211104,162500,28.3099,28.3099,28.27,28.27,1817,0
MS_F.US,5,20211104,165500,28.2501,28.2501,28.24,28.24,1011,0
MS_F.US,5,20211104,170000,28.27,28.27,28.27,28.27,100,0
MS_F.US,5,20211104,171000,28.24,28.2526,28.24,28.2526,260,0
MS_F.US,5,20211104,171500,28.25,28.255,28.24,28.255,1259,0
MS_F.US,5,20211104,172000,28.24,28.24,28.24,28.24,100,0
MS_F.US,5,20211104,172500,28.24,28.24,28.24,28.24,100,0
MS_F.US,5,20211104,173000,28.255,28.255,28.255,28.255,100,0
MS_F.US,5,20211104,173500,28.255,28.27,28.24,28.24,6866,0
MS_F.US,5,20211104,174500,28.27,28.27,28.23,28.23,910,0
MS_F.US,5,20211104,175500,28.24,28.27,28.23,28.23,3340,0
MS_F.US,5,20211104,180000,28.245,28.245,28.245,28.245,529,0
MS_F.US,5,20211104,181000,28.245,28.245,28.245,28.245,200,0
MS_F.US,5,20211104,182000,28.245,28.245,28.18,28.215,126599,0
MS_F.US,5,20211104,183000,28.19,28.21,28.19,28.2,1214,0
MS_F.US,5,20211104,183500,28.19,28.21,28.19,28.196,449,0
MS_F.US,5,20211104,184000,28.2,28.21,28.2,28.2,739,0
MS_F.US,5,20211104,184500,28.2,28.21,28.1922,28.2,16928,0
MS_F.US,5,20211104,185000,28.2,28.25,28.2,28.2,23726,0
MS_F.US,5,20211104,190500,28.2101,28.2649,28.21,28.21,2175,0
MS_F.US,5,20211104,191000,28.235,28.235,28.235,28.235,205,0
MS_F.US,5,20211104,192000,28.21,28.21,28.21,28.21,199,0
MS_F.US,5,20211104,193000,28.235,28.235,28.235,28.235,163,0
MS_F.US,5,20211104,193500,28.2506,28.2506,28.2506,28.2506,100,0
MS_F.US,5,20211104,194500,28.22,28.22,28.22,28.22,168,0
MS_F.US,5,20211104,195000,28.2368,28.2368,28.2368,28.2368,125,0
MS_F.US,5,20211104,195500,28.24,28.24,28.24,28.24,124,0
MS_F.US,5,20211104,201000,28.23,28.23,28.23,28.23,200,0
MS_F.US,5,20211104,201500,28.23,28.23,28.23,28.23,344,0
MS_F.US,5,20211104,202000,28.23,28.23,28.23,28.23,100,0
MS_F.US,5,20211104,202500,28.23,28.235,28.21,28.235,1774,0
MS_F.US,5,20211104,203500,28.235,28.235,28.235,28.235,200,0
MS_F.US,5,20211104,204000,28.21,28.21,28.21,28.21,114,0
MS_F.US,5,20211104,205000,28.251,28.251,28.23,28.24,1818,0
MS_F.US,5,20211104,205500,28.24,28.24,28.23,28.23,550,0
MS_F.US,5,20211105,143000,28.22,28.22,28.22,28.22,712,0
MS_F.US,5,20211105,144000,28.23,28.23,28.23,28.23,447,0
MS_F.US,5,20211105,150500,28.2401,28.2401,28.2401,28.2401,132,0
MS_F.US,5,20211105,151500,28.28,28.28,28.24,28.24,443,0
MS_F.US,5,20211105,153000,28.24,28.24,28.24,28.24,100,0
MS_F.US,5,20211105,154000,28.2996,28.2996,28.24,28.28,4800,0
MS_F.US,5,20211105,160000,28.245,28.245,28.245,28.245,100,0
MS_F.US,5,20211105,160500,28.2407,28.289,28.2407,28.289,1100,0
MS_F.US,5,20211105,161000,28.245,28.245,28.245,28.245,100,0
MS_F.US,5,20211105,161500,28.2848,28.2848,28.2848,28.2848,109,0
MS_F.US,5,20211105,162500,28.265,28.31,28.265,28.31,529,0
MS_F.US,5,20211105,164000,28.31,28.31,28.2952,28.2952,351,0
MS_F.US,5,20211105,164500,28.31,28.31,28.31,28.31,110,0
MS_F.US,5,20211105,165000,28.27,28.27,28.27,28.27,100,0
MS_F.US,5,20211105,170500,28.27,28.27,28.27,28.27,100,0
MS_F.US,5,20211105,171000,28.31,28.31,28.31,28.31,100,0
MS_F.US,5,20211105,171500,28.29,28.29,28.29,28.29,156,0
MS_F.US,5,20211105,172500,28.27,28.27,28.27,28.27,100,0
MS_F.US,5,20211105,174500,28.28,28.28,28.28,28.28,455,0
MS_F.US,5,20211105,180000,28.28,28.2838,28.28,28.2838,600,0
MS_F.US,5,20211105,181000,28.295,28.295,28.2801,28.2801,422,0
MS_F.US,5,20211105,181500,28.28,28.28,28.28,28.28,100,0
MS_F.US,5,20211105,183000,28.28,28.28,28.28,28.28,100,0
MS_F.US,5,20211105,184000,28.31,28.31,28.2942,28.31,1469,0
MS_F.US,5,20211105,185000,28.3,28.32,28.3,28.32,3350,0
MS_F.US,5,20211105,185500,28.32,28.32,28.32,28.32,800,0
MS_F.US,5,20211105,190000,28.3,28.3,28.3,28.3,275,0
MS_F.US,5,20211105,191000,28.31,28.31,28.301,28.301,3728,0
MS_F.US,5,20211105,191500,28.31,28.31,28.31,28.31,600,0
MS_F.US,5,20211105,192500,28.31,28.31,28.31,28.31,100,0
MS_F.US,5,20211105,193500,28.31,28.31,28.31,28.31,100,0
MS_F.US,5,20211105,194000,28.305,28.305,28.3,28.3,3848,0
MS_F.US,5,20211105,195000,28.31,28.31,28.29,28.29,302,0
MS_F.US,5,20211105,201500,28.29,28.31,28.29,28.31,200,0
MS_F.US,5,20211105,202000,28.3,28.31,28.3,28.31,534,0
MS_F.US,5,20211105,202500,28.3,28.3,28.2964,28.2964,1400,0
MS_F.US,5,20211105,203000,28.31,28.31,28.23,28.26,5343,0
MS_F.US,5,20211105,204000,28.26,28.26,28.26,28.26,1203,0
MS_F.US,5,20211105,204500,28.26,28.26,28.26,28.26,200,0
MS_F.US,5,20211105,205000,28.27,28.27,28.23,28.23,550,0
MS_F.US,5,20211105,205500,28.29,28.29,28.23,28.23,200,0
MS_F.US,5,20211108,153000,28.32,28.32,28.32,28.32,116,0
MS_F.US,5,20211108,154000,28.22,28.22,28.22,28.22,100,0
MS_F.US,5,20211108,154500,28.265,28.265,28.265,28.265,276,0
MS_F.US,5,20211108,161500,28.2428,28.2428,28.23,28.23,707,0
MS_F.US,5,20211108,163500,28.2989,28.2989,28.2384,28.2384,281,0
MS_F.US,5,20211108,164500,28.249,28.25,28.249,28.25,700,0
MS_F.US,5,20211108,165000,28.24,28.24,28.24,28.24,100,0
MS_F.US,5,20211108,170500,28.24,28.24,28.24,28.24,100,0
MS_F.US,5,20211108,171500,28.24,28.24,28.24,28.24,100,0
MS_F.US,5,20211108,172500,28.275,28.275,28.24,28.2407,3178,0
MS_F.US,5,20211108,174000,28.24,28.24,28.24,28.24,300,0
MS_F.US,5,20211108,180000,28.29,28.2986,28.265,28.265,2497,0
MS_F.US,5,20211108,183000,28.23,28.23,28.23,28.23,100,0
MS_F.US,5,20211108,184500,28.23,28.23,28.23,28.23,100,0
MS_F.US,5,20211108,190500,28.265,28.3,28.265,28.3,752,0
MS_F.US,5,20211108,192000,28.265,28.265,28.265,28.265,216,0
MS_F.US,5,20211108,193000,28.23,28.23,28.23,28.23,100,0
MS_F.US,5,20211108,193500,28.24,28.25,28.23,28.2426,1121,0
MS_F.US,5,20211108,194500,28.25,28.25,28.25,28.25,493,0
MS_F.US,5,20211108,195000,28.24,28.24,28.24,28.24,100,0
MS_F.US,5,20211108,195500,28.24,28.24,28.24,28.24,295,0
MS_F.US,5,20211108,200000,28.25,28.25,28.2374,28.2374,736,0
MS_F.US,5,20211108,200500,28.23,28.23,28.23,28.23,100,0
MS_F.US,5,20211108,202000,28.23,28.25,28.23,28.25,291,0
MS_F.US,5,20211108,203000,28.23,28.24,28.23,28.24,1103,0
MS_F.US,5,20211108,204500,28.23,28.23,28.23,28.23,100,0
MS_F.US,5,20211108,205000,28.2428,28.2428,28.2428,28.2428,175,0
MS_F.US,5,20211108,205500,28.2451,28.2451,28.2451,28.2451,335,0
MS_F.US,5,20211108,210500,28.25,28.25,28.25,28.25,111,0
MS_F.US,5,20211108,211000,28.23,28.23,28.23,28.23,1200,0
MS_F.US,5,20211108,211500,28.23,28.24,28.23,28.23,1200,0
MS_F.US,5,20211108,212000,28.215,28.215,28.215,28.215,400,0
MS_F.US,5,20211108,213000,28.2,28.2,28.2,28.2,100,0
MS_F.US,5,20211108,214000,28.21,28.21,28.21,28.21,100,0
MS_F.US,5,20211108,214500,28.2,28.2,28.2,28.2,100,0
MS_F.US,5,20211108,215000,28.21,28.21,28.2,28.2,200,0
MS_F.US,5,20211108,215500,28.2,28.23,28.2,28.23,1647,0
MS_F.US,5,20211109,153000,28.23,28.23,28.23,28.23,756,0
MS_F.US,5,20211109,153500,28.2203,28.2203,28.2203,28.2203,104,0
MS_F.US,5,20211109,155500,28.24,28.25,28.19,28.19,3979,0
MS_F.US,5,20211109,160000,28.25,28.25,28.25,28.25,145,0
MS_F.US,5,20211109,162500,28.2008,28.2008,28.19,28.19,1000,0
MS_F.US,5,20211109,163000,28.205,28.205,28.205,28.205,142,0
MS_F.US,5,20211109,163500,28.19,28.19,28.19,28.19,100,0
MS_F.US,5,20211109,164500,28.2,28.2,28.2,28.2,100,0
MS_F.US,5,20211109,170000,28.21,28.21,28.21,28.21,120,0
MS_F.US,5,20211109,170500,28.22,28.23,28.22,28.22,3000,0
MS_F.US,5,20211109,173500,28.2,28.2,28.2,28.2,100,0
MS_F.US,5,20211109,175000,28.22,28.22,28.22,28.22,100,0
MS_F.US,5,20211109,180500,28.19,28.22,28.15,28.15,6358,0
MS_F.US,5,20211109,181000,28.19,28.19,28.19,28.19,173,0
MS_F.US,5,20211109,182000,28.19,28.19,28.19,28.19,100,0
MS_F.US,5,20211109,182500,28.22,28.22,28.22,28.22,238,0
MS_F.US,5,20211109,183500,28.19,28.19,28.19,28.19,100,0
MS_F.US,5,20211109,191000,28.17,28.17,28.17,28.17,795,0
MS_F.US,5,20211109,192000,28.1707,28.1707,28.17,28.17,638,0
MS_F.US,5,20211109,194000,28.16,28.16,28.16,28.16,100,0
MS_F.US,5,20211109,194500,28.2199,28.2199,28.2199,28.2199,448,0
MS_F.US,5,20211109,195500,28.14,28.14,28.14,28.14,100,0
MS_F.US,5,20211109,200500,28.165,28.165,28.165,28.165,124,0
MS_F.US,5,20211109,201000,28.165,28.165,28.165,28.165,100,0
MS_F.US,5,20211109,202000,28.115,28.115,28.115,28.115,100,0
MS_F.US,5,20211109,203500,28.105,28.2194,28.105,28.21,2691,0
MS_F.US,5,20211109,204500,28.1867,28.1867,28.1638,28.1638,427,0
MS_F.US,5,20211109,205000,28.105,28.155,28.105,28.155,500,0
MS_F.US,5,20211109,210000,28.11,28.11,28.11,28.11,100,0
MS_F.US,5,20211109,210500,28.1878,28.1878,28.1878,28.1878,135,0
MS_F.US,5,20211109,211000,28.115,28.115,28.115,28.115,100,0
MS_F.US,5,20211109,211500,28.1101,28.1101,28.1101,28.1101,165,0
MS_F.US,5,20211109,212000,28.126,28.126,28.115,28.115,256,0
MS_F.US,5,20211109,212500,28.1382,28.1382,28.1382,28.1382,378,0
MS_F.US,5,20211109,213000,28.115,28.115,28.115,28.115,100,0
MS_F.US,5,20211109,214000,28.115,28.1175,28.115,28.1175,204,0
MS_F.US,5,20211109,214500,28.11,28.15,28.11,28.15,225,0
MS_F.US,5,20211109,215000,28.105,28.115,28.105,28.115,200,0
MS_F.US,5,20211109,215500,28.11,28.155,28.11,28.155,400,0
MS_F.US,5,20211110,153000,28.21,28.21,28.21,28.21,484,0
MS_F.US,5,20211110,153500,28.1,28.1,28.1,28.1,100,0
MS_F.US,5,20211110,155000,28.13,28.19,28.13,28.18,400,0
MS_F.US,5,20211110,155500,28.13,28.13,28.13,28.13,100,0
MS_F.US,5,20211110,160000,28.1333,28.1333,28.1333,28.1333,139,0
MS_F.US,5,20211110,160500,28.15,28.15,28.15,28.15,100,0
MS_F.US,5,20211110,161500,28.15,28.15,28.12,28.12,595,0
MS_F.US,5,20211110,162000,28.1548,28.1548,28.1548,28.1548,256,0
MS_F.US,5,20211110,162500,28.15,28.15,28.15,28.15,263,0
MS_F.US,5,20211110,163500,28.13,28.13,28.13,28.13,100,0
MS_F.US,5,20211110,164000,28.15,28.16,28.14,28.14,325,0
MS_F.US,5,20211110,164500,28.126,28.126,28.126,28.126,100,0
MS_F.US,5,20211110,165000,28.15,28.151,28.1375,28.151,1266,0
MS_F.US,5,20211110,165500,28.1299,28.1299,28.1299,28.1299,464,0
MS_F.US,5,20211110,170000,28.125,28.125,28.1,28.1,654,0
MS_F.US,5,20211110,171000,28.1,28.1,28.1,28.1,100,0
MS_F.US,5,20211110,172500,28.1,28.1052,28.1,28.1,850,0
MS_F.US,5,20211110,173000,28.115,28.115,28.115,28.115,1000,0
MS_F.US,5,20211110,173500,28.13,28.13,28.1,28.1,337,0
MS_F.US,5,20211110,174500,28.13,28.13,28.1032,28.13,781,0
MS_F.US,5,20211110,175000,28.1,28.1,28.1,28.1,100,0
MS_F.US,5,20211110,180000,28.1111,28.1111,28.1111,28.1111,229,0
MS_F.US,5,20211110,180500,28.1,28.1,28.1,28.1,200,0
MS_F.US,5,20211110,183500,28.06,28.06,28.05,28.05,200,0
MS_F.US,5,20211110,184000,28.1,28.1,28.1,28.1,500,0
MS_F.US,5,20211110,185000,28.05,28.05,28.05,28.05,100,0
MS_F.US,5,20211110,190000,28.04,28.04,28.03,28.03,410,0
MS_F.US,5,20211110,190500,28.02,28.03,27.98,27.98,2300,0
MS_F.US,5,20211110,191000,27.98,27.98,27.98,27.98,100,0
MS_F.US,5,20211110,191500,27.98,27.98,27.98,27.98,230,0
MS_F.US,5,20211110,192500,27.95,27.96,27.95,27.96,400,0
MS_F.US,5,20211110,194500,27.95,27.95,27.95,27.95,100,0
MS_F.US,5,20211110,195500,27.97,27.97,27.9504,27.9504,2000,0
MS_F.US,5,20211110,200000,27.975,28.006,27.975,28.006,1770,0
MS_F.US,5,20211110,200500,28.0131,28.0131,27.9703,27.9796,489,0
MS_F.US,5,20211110,202000,27.97,27.97,27.97,27.97,100,0
MS_F.US,5,20211110,203500,27.96,27.96,27.96,27.96,100,0
MS_F.US,5,20211110,204000,27.971,27.971,27.971,27.971,200,0
MS_F.US,5,20211110,205000,27.9617,27.9617,27.95,27.95,290,0
MS_F.US,5,20211110,205500,27.97,27.97,27.97,27.97,1100,0
MS_F.US,5,20211110,212000,27.97,27.97,27.96,27.97,1000,0
MS_F.US,5,20211110,212500,27.9521,27.97,27.95,27.97,8333,0
MS_F.US,5,20211110,213500,27.93,27.93,27.93,27.93,100,0
MS_F.US,5,20211110,214000,27.945,27.945,27.945,27.945,136,0
MS_F.US,5,20211110,214500,27.93,27.93,27.93,27.93,200,0
MS_F.US,5,20211110,215000,27.945,27.96,27.92,27.945,708,0
MS_F.US,5,20211110,215500,27.92,27.95,27.87,27.95,623,0
MS_F.US,5,20211111,153000,27.9,27.9,27.9,27.9,1251,0
MS_F.US,5,20211111,153500,28.03,28.03,28.03,28.03,124,0
MS_F.US,5,20211111,155000,27.98,27.98,27.98,27.98,200,0
MS_F.US,5,20211111,155500,27.9,27.91,27.9,27.91,1200,0
MS_F.US,5,20211111,161000,27.9,27.9,27.9,27.9,200,0
MS_F.US,5,20211111,161500,27.9,27.9112,27.88,27.88,3796,0
MS_F.US,5,20211111,162000,27.87,27.9,27.86,27.877,1850,0
MS_F.US,5,20211111,162500,27.86,27.86,27.86,27.86,530,0
MS_F.US,5,20211111,164000,27.83,27.83,27.83,27.83,100,0
MS_F.US,5,20211111,164500,27.8648,27.8648,27.8648,27.8648,102,0
MS_F.US,5,20211111,165000,27.83,27.83,27.83,27.83,100,0
MS_F.US,5,20211111,170000,27.855,27.855,27.83,27.83,370,0
MS_F.US,5,20211111,170500,27.88,27.88,27.88,27.88,132,0
MS_F.US,5,20211111,171000,27.83,27.83,27.81,27.81,400,0
MS_F.US,5,20211111,172000,27.81,27.81,27.81,27.81,100,0
MS_F.US,5,20211111,173000,27.84,27.84,27.84,27.84,100,0
MS_F.US,5,20211111,173500,27.81,27.83,27.81,27.83,236,0
MS_F.US,5,20211111,174500,27.81,27.81,27.81,27.81,100,0
MS_F.US,5,20211111,175000,27.8499,27.8499,27.8448,27.8448,467,0
MS_F.US,5,20211111,175500,27.81,27.81,27.81,27.81,100,0
MS_F.US,5,20211111,180000,27.8317,27.8317,27.8317,27.8317,243,0
MS_F.US,5,20211111,181000,27.81,27.81,27.81,27.81,100,0
MS_F.US,5,20211111,181500,27.8496,27.8496,27.79,27.79,1348,0
MS_F.US,5,20211111,182000,27.79,27.79,27.79,27.79,300,0
MS_F.US,5,20211111,182500,27.8395,27.8395,27.8395,27.8395,587,0
MS_F.US,5,20211111,183500,27.81,27.81,27.79,27.79,239,0
MS_F.US,5,20211111,184000,27.81,27.81,27.81,27.81,169,0
MS_F.US,5,20211111,184500,27.8,27.82,27.8,27.82,200,0
MS_F.US,5,20211111,190000,27.8,27.8,27.8,27.8,100,0
MS_F.US,5,20211111,191000,27.7904,27.7935,27.79,27.79,437,0
MS_F.US,5,20211111,192000,27.79,27.79,27.79,27.79,100,0
MS_F.US,5,20211111,192500,27.79,27.79,27.79,27.79,600,0
MS_F.US,5,20211111,193500,27.79,27.79,27.79,27.79,100,0
MS_F.US,5,20211111,194000,27.79,27.79,27.79,27.79,100,0
MS_F.US,5,20211111,195500,27.81,27.81,27.8,27.8,226,0
MS_F.US,5,20211111,201000,27.8,27.8,27.8,27.8,100,0
MS_F.US,5,20211111,201500,27.8068,27.8068,27.8068,27.8068,207,0
MS_F.US,5,20211111,202000,27.79,27.8259,27.79,27.8259,757,0
MS_F.US,5,20211111,202500,27.7901,27.8212,27.7401,27.7401,2172,0
MS_F.US,5,20211111,203000,27.74,27.74,27.74,27.74,100,0
MS_F.US,5,20211111,203500,27.8,27.81,27.74,27.74,2549,0
MS_F.US,5,20211111,204000,27.8,27.8,27.74,27.74,233,0
MS_F.US,5,20211111,205000,27.76,27.76,27.76,27.76,106,0
MS_F.US,5,20211111,205500,27.74,27.74,27.74,27.74,300,0
MS_F.US,5,20211111,210500,27.72,27.72,27.72,27.72,100,0
MS_F.US,5,20211111,211000,27.7101,27.7101,27.71,27.71,205,0
MS_F.US,5,20211111,211500,27.73,27.75,27.71,27.75,4174,0
MS_F.US,5,20211111,212000,27.805,27.805,27.805,27.805,155,0
MS_F.US,5,20211111,213500,27.73,27.73,27.73,27.73,122,0
MS_F.US,5,20211111,214500,27.73,27.73,27.73,27.73,100,0
MS_F.US,5,20211111,215000,27.7505,27.7505,27.73,27.73,235,0
MS_F.US,5,20211111,215500,27.74,27.74,27.74,27.74,100,0
