<TICKER>,<PER>,<DATE>,<TIME>,<OPEN>,<HIGH>,<LOW>,<CLOSE>,<VOL>,<OPENINT>
PIAI.US,5,20210922,174000,9.8,9.8,9.8,9.8,100,0
PIAI.US,5,20210923,153000,9.76,9.76,9.76,9.76,100,0
PIAI.US,5,20210923,153500,9.8,9.8,9.8,9.8,103,0
PIAI.US,5,20210923,174500,9.8,9.8023,9.8,9.8001,11446,0
PIAI.US,5,20210923,175000,9.8,9.8,9.8,9.8,1500,0
PIAI.US,5,20210923,175500,9.8,9.8,9.8,9.8,266,0
PIAI.US,5,20210923,182000,9.81,9.81,9.81,9.81,100,0
PIAI.US,5,20210923,182500,9.81,9.81,9.81,9.81,100,0
PIAI.US,5,20210923,183500,9.81,9.81,9.81,9.81,100,0
PIAI.US,5,20210923,184000,9.81,9.81,9.81,9.81,100,0
PIAI.US,5,20210923,185000,9.81,9.81,9.81,9.81,100,0
PIAI.US,5,20210923,190000,9.81,9.81,9.81,9.81,100,0
PIAI.US,5,20210923,190500,9.81,9.81,9.81,9.81,100,0
PIAI.US,5,20210923,191500,9.81,9.81,9.81,9.81,100,0
PIAI.US,5,20210923,192500,9.81,9.81,9.81,9.81,100,0
PIAI.US,5,20210923,194000,9.81,9.81,9.81,9.81,100,0
PIAI.US,5,20210923,211000,9.8,9.8,9.8,9.8,17148,0
PIAI.US,5,20210923,212000,9.8,9.8,9.8,9.8,100,0
PIAI.US,5,20210923,212500,9.8,9.8,9.8,9.8,100,0
PIAI.US,5,20210923,213000,9.8,9.8,9.8,9.8,100,0
PIAI.US,5,20210923,213500,9.8,9.8,9.8,9.8,100,0
PIAI.US,5,20210923,214000,9.8,9.8,9.8,9.8,100,0
PIAI.US,5,20210923,214500,9.8,9.8,9.8,9.8,200,0
PIAI.US,5,20210923,215000,9.8,9.8,9.8,9.8,300,0
PIAI.US,5,20210923,215500,9.8,9.8,9.8,9.8,800,0
PIAI.US,5,20210924,190500,9.8,9.8,9.8,9.8,5000,0
PIAI.US,5,20210924,191500,9.8,9.8,9.8,9.8,100,0
PIAI.US,5,20210924,193500,9.8,9.8,9.8,9.8,100,0
PIAI.US,5,20210924,194500,9.8,9.8,9.8,9.8,100,0
PIAI.US,5,20210924,195000,9.8,9.8,9.8,9.8,100,0
PIAI.US,5,20210924,200000,9.8,9.8,9.8,9.8,100,0
PIAI.US,5,20210924,201000,9.8,9.8,9.8,9.8,100,0
PIAI.US,5,20210924,201500,9.8,9.8,9.8,9.8,100,0
PIAI.US,5,20210924,202500,9.8,9.8,9.8,9.8,100,0
PIAI.US,5,20210924,204000,9.8,9.8,9.8,9.8,100,0
PIAI.US,5,20210924,210500,9.8,9.8,9.8,9.8,100,0
PIAI.US,5,20210924,211500,9.8,9.8,9.8,9.8,100,0
PIAI.US,5,20210924,212000,9.795,9.8,9.79,9.8,10694,0
PIAI.US,5,20210924,214000,9.81,9.81,9.81,9.81,200,0
PIAI.US,5,20210924,214500,9.81,9.81,9.81,9.81,100,0
PIAI.US,5,20210924,215000,9.81,9.81,9.81,9.81,300,0
PIAI.US,5,20210924,215500,9.81,9.81,9.81,9.81,1000,0
PIAI.US,5,20210927,163500,9.77,9.77,9.77,9.77,2200,0
PIAI.US,5,20210927,164500,9.8,9.8,9.79,9.79,2000,0
PIAI.US,5,20210927,165000,9.81,9.81,9.81,9.81,100,0
PIAI.US,5,20210927,170000,9.81,9.81,9.81,9.81,100,0
PIAI.US,5,20210927,170500,9.81,9.81,9.81,9.81,200,0
PIAI.US,5,20210927,171500,9.81,9.81,9.81,9.81,100,0
PIAI.US,5,20210927,173500,9.81,9.81,9.81,9.81,100,0
PIAI.US,5,20210927,174000,9.81,9.81,9.81,9.81,100,0
PIAI.US,5,20210927,180500,9.8,9.8,9.8,9.8,2000,0
PIAI.US,5,20210927,181000,9.79,9.79,9.79,9.79,500,0
PIAI.US,5,20210927,181500,9.81,9.81,9.81,9.81,100,0
PIAI.US,5,20210927,182500,9.81,9.81,9.81,9.81,100,0
PIAI.US,5,20210927,183500,9.81,9.81,9.81,9.81,100,0
PIAI.US,5,20210927,184500,9.81,9.81,9.81,9.81,100,0
PIAI.US,5,20210927,185000,9.81,9.81,9.81,9.81,100,0
PIAI.US,5,20210927,192500,9.81,9.81,9.81,9.81,100,0
PIAI.US,5,20210927,200500,9.81,9.81,9.81,9.81,100,0
PIAI.US,5,20210927,211000,9.805,9.805,9.805,9.805,300,0
PIAI.US,5,20210927,212000,9.81,9.81,9.81,9.81,100,0
PIAI.US,5,20210927,213000,9.81,9.81,9.81,9.81,100,0
PIAI.US,5,20210927,215000,9.81,9.81,9.81,9.81,100,0
PIAI.US,5,20210928,153000,9.76,9.81,9.76,9.81,2100,0
PIAI.US,5,20210928,153500,9.82,9.82,9.82,9.82,100,0
PIAI.US,5,20210928,154500,9.81,9.81,9.81,9.81,100,0
PIAI.US,5,20210928,155500,9.82,9.82,9.82,9.82,100,0
PIAI.US,5,20210929,153000,9.81,9.82,9.81,9.82,3862,0
PIAI.US,5,20210929,154000,9.825,9.825,9.825,9.825,100,0
PIAI.US,5,20210929,154500,9.825,9.825,9.825,9.825,100,0
PIAI.US,5,20210929,155000,9.825,9.825,9.825,9.825,4400,0
PIAI.US,5,20210929,155500,9.83,9.83,9.83,9.83,100,0
PIAI.US,5,20210929,160000,9.83,9.83,9.83,9.83,200,0
PIAI.US,5,20210929,160500,9.83,9.83,9.83,9.83,100,0
PIAI.US,5,20210929,161000,9.83,9.83,9.83,9.83,100,0
PIAI.US,5,20210929,161500,9.83,9.83,9.83,9.83,100,0
PIAI.US,5,20210929,162000,9.83,9.83,9.83,9.83,100,0
PIAI.US,5,20210929,163000,9.83,9.83,9.83,9.83,100,0
PIAI.US,5,20210929,163500,9.83,9.83,9.83,9.83,100,0
PIAI.US,5,20210929,164000,9.83,9.83,9.83,9.83,100,0
PIAI.US,5,20210929,165000,9.83,9.83,9.83,9.83,100,0
PIAI.US,5,20210929,172000,9.83,9.83,9.83,9.83,100,0
PIAI.US,5,20210929,173000,9.82,9.82,9.82,9.82,1500,0
PIAI.US,5,20210929,175500,9.83,9.83,9.83,9.83,100,0
PIAI.US,5,20210929,181500,9.83,9.83,9.83,9.83,100,0
PIAI.US,5,20210929,183500,9.83,9.83,9.825,9.825,600,0
PIAI.US,5,20210929,191500,9.83,9.83,9.83,9.83,100,0
PIAI.US,5,20210929,205000,9.83,9.83,9.83,9.83,100,0
PIAI.US,5,20210929,210500,9.83,9.83,9.83,9.83,100,0
PIAI.US,5,20210930,153000,9.82,9.82,9.78,9.81,1700,0
PIAI.US,5,20210930,154000,9.81,9.81,9.81,9.81,2499,0
PIAI.US,5,20210930,155000,9.81,9.81,9.81,9.81,564,0
PIAI.US,5,20210930,160000,9.81,9.81,9.81,9.81,100,0
PIAI.US,5,20210930,160500,9.81,9.81,9.81,9.81,100,0
PIAI.US,5,20210930,161500,9.81,9.81,9.81,9.81,100,0
PIAI.US,5,20210930,162500,9.81,9.81,9.81,9.81,100,0
PIAI.US,5,20210930,170000,9.81,9.81,9.81,9.81,100,0
PIAI.US,5,20210930,174000,9.81,9.81,9.81,9.81,100,0
PIAI.US,5,20210930,183000,9.81,9.81,9.81,9.81,5000,0
PIAI.US,5,20210930,184500,9.82,9.82,9.82,9.82,100,0
PIAI.US,5,20210930,185000,9.82,9.82,9.82,9.82,100,0
PIAI.US,5,20210930,190000,9.82,9.82,9.82,9.82,100,0
PIAI.US,5,20210930,190500,9.82,9.82,9.82,9.82,100,0
PIAI.US,5,20210930,192000,9.82,9.82,9.82,9.82,100,0
PIAI.US,5,20210930,193500,9.82,9.82,9.82,9.82,100,0
PIAI.US,5,20210930,194000,9.82,9.82,9.82,9.82,100,0
PIAI.US,5,20210930,195000,9.82,9.82,9.82,9.82,100,0
PIAI.US,5,20210930,195500,9.815,9.815,9.815,9.815,7424,0
PIAI.US,5,20210930,200000,9.82,9.82,9.82,9.82,100,0
PIAI.US,5,20210930,201000,9.82,9.82,9.82,9.82,200,0
PIAI.US,5,20210930,202000,9.82,9.82,9.82,9.82,100,0
PIAI.US,5,20210930,202500,9.82,9.82,9.82,9.82,100,0
PIAI.US,5,20210930,203000,9.82,9.82,9.82,9.82,100,0
PIAI.US,5,20210930,203500,9.82,9.82,9.82,9.82,100,0
PIAI.US,5,20210930,204500,9.82,9.82,9.82,9.82,100,0
PIAI.US,5,20210930,205000,9.82,9.82,9.82,9.82,100,0
PIAI.US,5,20210930,210000,9.82,9.82,9.82,9.82,200,0
PIAI.US,5,20210930,211000,9.82,9.82,9.82,9.82,100,0
PIAI.US,5,20210930,211500,9.82,9.82,9.82,9.82,100,0
PIAI.US,5,20210930,212000,9.82,9.82,9.82,9.82,100,0
PIAI.US,5,20210930,213000,9.82,9.82,9.82,9.82,100,0
PIAI.US,5,20210930,214000,9.82,9.82,9.82,9.82,200,0
PIAI.US,5,20210930,214500,9.82,9.82,9.82,9.82,100,0
PIAI.US,5,20210930,215000,9.82,9.82,9.82,9.82,100,0
PIAI.US,5,20210930,215500,9.82,9.82,9.82,9.82,400,0
PIAI.US,5,20211001,153000,9.82,9.84,9.82,9.84,10787,0
PIAI.US,5,20211001,154000,9.83,9.83,9.83,9.83,100,0
PIAI.US,5,20211001,154500,9.82,9.82,9.82,9.82,25200,0
PIAI.US,5,20211001,160000,9.8,9.8,9.8,9.8,100,0
PIAI.US,5,20211001,160500,9.8,9.8,9.8,9.8,100,0
PIAI.US,5,20211001,161500,9.8,9.8,9.8,9.8,100,0
PIAI.US,5,20211001,162500,9.8,9.8,9.8,9.8,100,0
PIAI.US,5,20211001,163500,9.8,9.8,9.8,9.8,100,0
PIAI.US,5,20211001,164000,9.8,9.81,9.8,9.81,700,0
PIAI.US,5,20211001,165000,9.81,9.81,9.81,9.81,100,0
PIAI.US,5,20211001,170000,9.81,9.81,9.81,9.81,100,0
PIAI.US,5,20211001,171000,9.81,9.81,9.81,9.81,100,0
PIAI.US,5,20211001,172000,9.81,9.81,9.81,9.81,100,0
PIAI.US,5,20211001,173000,9.82,9.82,9.82,9.82,100,0
PIAI.US,5,20211001,174000,9.82,9.82,9.82,9.82,100,0
PIAI.US,5,20211001,175000,9.82,9.82,9.82,9.82,100,0
PIAI.US,5,20211001,180000,9.81,9.81,9.81,9.81,697,0
PIAI.US,5,20211001,180500,9.82,9.82,9.82,9.82,100,0
PIAI.US,5,20211001,181500,9.82,9.82,9.82,9.82,100,0
PIAI.US,5,20211001,183000,9.82,9.82,9.82,9.82,100,0
PIAI.US,5,20211001,184000,9.82,9.82,9.82,9.82,100,0
PIAI.US,5,20211001,185500,9.82,9.82,9.82,9.82,100,0
PIAI.US,5,20211001,190500,9.81,9.81,9.81,9.81,403,0
PIAI.US,5,20211001,191000,9.82,9.82,9.82,9.82,100,0
PIAI.US,5,20211001,192000,9.82,9.82,9.82,9.82,100,0
PIAI.US,5,20211001,193500,9.82,9.82,9.82,9.82,100,0
PIAI.US,5,20211001,195000,9.82,9.82,9.8074,9.8074,598,0
PIAI.US,5,20211001,200000,9.82,9.82,9.82,9.82,100,0
PIAI.US,5,20211001,201000,9.82,9.82,9.82,9.82,100,0
PIAI.US,5,20211001,202500,9.82,9.82,9.82,9.82,100,0
PIAI.US,5,20211001,203500,9.82,9.82,9.82,9.82,100,0
PIAI.US,5,20211001,204500,9.82,9.82,9.82,9.82,100,0
PIAI.US,5,20211001,210000,9.82,9.82,9.82,9.82,100,0
PIAI.US,5,20211001,211000,9.81,9.82,9.81,9.82,23900,0
PIAI.US,5,20211001,211500,9.82,9.82,9.82,9.82,100,0
PIAI.US,5,20211001,212500,9.82,9.82,9.82,9.82,100,0
PIAI.US,5,20211001,213000,9.82,9.82,9.82,9.82,100,0
PIAI.US,5,20211001,214000,9.82,9.82,9.82,9.82,100,0
PIAI.US,5,20211001,214500,9.82,9.82,9.82,9.82,200,0
PIAI.US,5,20211001,215000,9.82,9.82,9.82,9.82,200,0
PIAI.US,5,20211001,215500,9.82,9.82,9.82,9.82,600,0
PIAI.US,5,20211004,153000,9.83,9.83,9.83,9.83,100,0
PIAI.US,5,20211004,161000,9.82,9.82,9.82,9.82,33550,0
PIAI.US,5,20211004,161500,9.82,9.83,9.82,9.83,2344,0
PIAI.US,5,20211004,162000,9.82,9.82,9.82,9.82,100,0
PIAI.US,5,20211004,163000,9.82,9.82,9.82,9.82,100,0
PIAI.US,5,20211004,164000,9.82,9.82,9.82,9.82,100,0
PIAI.US,5,20211004,164500,9.82,9.82,9.82,9.82,100,0
PIAI.US,5,20211004,165500,9.82,9.82,9.82,9.82,100,0
PIAI.US,5,20211004,170000,9.82,9.82,9.82,9.82,100,0
PIAI.US,5,20211004,170500,9.82,9.82,9.82,9.82,100,0
PIAI.US,5,20211004,171000,9.82,9.82,9.82,9.82,100,0
PIAI.US,5,20211004,172500,9.82,9.82,9.82,9.82,100,0
PIAI.US,5,20211004,173000,9.82,9.82,9.82,9.82,100,0
PIAI.US,5,20211004,173500,9.82,9.82,9.82,9.82,100,0
PIAI.US,5,20211004,174000,9.82,9.82,9.82,9.82,100,0
PIAI.US,5,20211004,175000,9.82,9.82,9.82,9.82,100,0
PIAI.US,5,20211004,175500,9.82,9.82,9.82,9.82,100,0
PIAI.US,5,20211004,181000,9.82,9.82,9.82,9.82,100,0
PIAI.US,5,20211004,181500,9.82,9.82,9.82,9.82,100,0
PIAI.US,5,20211004,182000,9.82,9.82,9.82,9.82,100,0
PIAI.US,5,20211004,183000,9.82,9.82,9.82,9.82,100,0
PIAI.US,5,20211004,184000,9.82,9.82,9.82,9.82,100,0
PIAI.US,5,20211004,185000,9.82,9.82,9.82,9.82,100,0
PIAI.US,5,20211004,185500,9.82,9.82,9.82,9.82,100,0
PIAI.US,5,20211004,190500,9.82,9.82,9.82,9.82,100,0
PIAI.US,5,20211004,192000,9.82,9.82,9.82,9.82,100,0
PIAI.US,5,20211004,192500,9.82,9.82,9.82,9.82,100,0
PIAI.US,5,20211004,193500,9.82,9.82,9.82,9.82,100,0
PIAI.US,5,20211004,194000,9.82,9.82,9.82,9.82,100,0
PIAI.US,5,20211004,195500,9.82,9.82,9.82,9.82,100,0
PIAI.US,5,20211004,200000,9.82,9.82,9.82,9.82,100,0
PIAI.US,5,20211004,201000,9.82,9.82,9.82,9.82,100,0
PIAI.US,5,20211004,201500,9.82,9.82,9.81,9.815,6300,0
PIAI.US,5,20211004,202500,9.81,9.81,9.81,9.81,100,0
PIAI.US,5,20211004,203500,9.81,9.81,9.81,9.81,100,0
PIAI.US,5,20211004,204000,9.81,9.81,9.81,9.81,2260,0
PIAI.US,5,20211004,204500,9.81,9.81,9.81,9.81,100,0
PIAI.US,5,20211004,205000,9.81,9.815,9.8,9.815,6088,0
PIAI.US,5,20211004,205500,9.83,9.83,9.83,9.83,100,0
PIAI.US,5,20211004,210000,9.83,9.83,9.83,9.83,100,0
PIAI.US,5,20211004,210500,9.83,9.83,9.83,9.83,100,0
PIAI.US,5,20211004,211000,9.83,9.83,9.83,9.83,200,0
PIAI.US,5,20211004,211500,9.83,9.83,9.83,9.83,100,0
PIAI.US,5,20211004,212000,9.83,9.83,9.83,9.83,100,0
PIAI.US,5,20211004,212500,9.83,9.83,9.83,9.83,200,0
PIAI.US,5,20211004,213000,9.83,9.83,9.83,9.83,100,0
PIAI.US,5,20211004,213500,9.83,9.83,9.83,9.83,200,0
PIAI.US,5,20211004,214000,9.83,9.83,9.83,9.83,100,0
PIAI.US,5,20211005,193500,9.8101,9.8101,9.8101,9.8101,1000,0
PIAI.US,5,20211005,205500,9.83,9.83,9.83,9.83,100,0
PIAI.US,5,20211005,215500,9.83,9.83,9.83,9.83,100,0
PIAI.US,5,20211006,153000,9.79,9.81,9.79,9.81,10100,0
PIAI.US,5,20211006,154000,9.82,9.82,9.82,9.82,100,0
PIAI.US,5,20211006,155000,9.82,9.82,9.82,9.82,100,0
PIAI.US,5,20211006,160000,9.82,9.82,9.82,9.82,100,0
PIAI.US,5,20211006,160500,9.82,9.82,9.82,9.82,100,0
PIAI.US,5,20211006,161000,9.82,9.82,9.82,9.82,100,0
PIAI.US,5,20211006,161500,9.82,9.82,9.82,9.82,100,0
PIAI.US,5,20211006,162000,9.81,9.81,9.81,9.81,20300,0
PIAI.US,5,20211006,162500,9.81,9.81,9.81,9.81,100,0
PIAI.US,5,20211006,163000,9.81,9.81,9.81,9.81,100,0
PIAI.US,5,20211006,164000,9.81,9.81,9.81,9.81,100,0
PIAI.US,5,20211006,164500,9.81,9.81,9.81,9.81,100,0
PIAI.US,5,20211006,165000,9.8,9.8,9.8,9.8,1000,0
PIAI.US,5,20211006,165500,9.81,9.81,9.81,9.81,100,0
PIAI.US,5,20211006,170500,9.81,9.81,9.81,9.81,100,0
PIAI.US,5,20211006,171000,9.81,9.81,9.81,9.81,100,0
PIAI.US,5,20211006,171500,9.81,9.81,9.81,9.81,100,0
PIAI.US,5,20211006,172000,9.81,9.81,9.81,9.81,100,0
PIAI.US,5,20211006,173000,9.81,9.81,9.805,9.805,1100,0
PIAI.US,5,20211006,173500,9.81,9.81,9.81,9.81,100,0
PIAI.US,5,20211006,174000,9.81,9.81,9.81,9.81,100,0
PIAI.US,5,20211006,174500,9.81,9.81,9.81,9.81,100,0
PIAI.US,5,20211006,175500,9.81,9.81,9.81,9.81,100,0
PIAI.US,5,20211006,180000,9.81,9.81,9.81,9.81,100,0
PIAI.US,5,20211006,180500,9.81,9.81,9.81,9.81,100,0
PIAI.US,5,20211006,181000,9.81,9.81,9.81,9.81,100,0
PIAI.US,5,20211006,182000,9.81,9.81,9.81,9.81,100,0
PIAI.US,5,20211006,182500,9.81,9.81,9.81,9.81,100,0
PIAI.US,5,20211006,183500,9.81,9.81,9.81,9.81,100,0
PIAI.US,5,20211006,184000,9.81,9.81,9.81,9.81,100,0
PIAI.US,5,20211006,191000,9.8,9.8,9.8,9.8,150,0
PIAI.US,5,20211006,192000,9.81,9.81,9.81,9.81,1000,0
PIAI.US,5,20211006,193500,9.81,9.81,9.81,9.81,15268,0
PIAI.US,5,20211006,194500,9.81,9.81,9.81,9.81,100,0
PIAI.US,5,20211006,195000,9.81,9.81,9.81,9.81,100,0
PIAI.US,5,20211006,195500,9.81,9.81,9.81,9.81,100,0
PIAI.US,5,20211006,200000,9.81,9.81,9.81,9.81,100,0
PIAI.US,5,20211006,200500,9.81,9.81,9.81,9.81,100,0
PIAI.US,5,20211006,201000,9.81,9.81,9.81,9.81,100,0
PIAI.US,5,20211006,201500,9.81,9.81,9.81,9.81,100,0
PIAI.US,5,20211006,202000,9.81,9.81,9.81,9.81,100,0
PIAI.US,5,20211006,202500,9.81,9.81,9.81,9.81,200,0
PIAI.US,5,20211006,203000,9.81,9.81,9.81,9.81,100,0
PIAI.US,5,20211006,203500,9.81,9.81,9.81,9.81,100,0
PIAI.US,5,20211006,204000,9.81,9.81,9.81,9.81,100,0
PIAI.US,5,20211006,204500,9.81,9.81,9.81,9.81,100,0
PIAI.US,5,20211006,205000,9.81,9.81,9.81,9.81,100,0
PIAI.US,5,20211006,205500,9.81,9.81,9.81,9.81,100,0
PIAI.US,5,20211006,210000,9.81,9.81,9.81,9.81,100,0
PIAI.US,5,20211007,153000,9.83,9.83,9.82,9.82,203,0
PIAI.US,5,20211007,181500,9.805,9.805,9.79,9.805,19603,0
PIAI.US,5,20211007,182000,9.8,9.81,9.8,9.81,1260,0
PIAI.US,5,20211007,183500,9.81,9.81,9.81,9.81,100,0
PIAI.US,5,20211007,184500,9.8,9.8,9.8,9.8,5200,0
PIAI.US,5,20211007,190000,9.8,9.8,9.8,9.8,100,0
PIAI.US,5,20211007,190500,9.8,9.8,9.8,9.8,100,0
PIAI.US,5,20211007,191000,9.8,9.8,9.8,9.8,100,0
PIAI.US,5,20211007,192000,9.8,9.8,9.8,9.8,100,0
PIAI.US,5,20211007,192500,9.8,9.8,9.8,9.8,100,0
PIAI.US,5,20211007,193000,9.8,9.8,9.8,9.8,100,0
PIAI.US,5,20211007,193500,9.8,9.8,9.8,9.8,100,0
PIAI.US,5,20211007,194000,9.8,9.8,9.8,9.8,100,0
PIAI.US,5,20211007,194500,9.8,9.8,9.8,9.8,1100,0
PIAI.US,5,20211007,195500,9.8,9.8,9.8,9.8,100,0
PIAI.US,5,20211007,200000,9.8,9.8,9.8,9.8,100,0
PIAI.US,5,20211007,200500,9.8,9.8,9.8,9.8,100,0
PIAI.US,5,20211007,201000,9.8,9.8,9.8,9.8,100,0
PIAI.US,5,20211007,201500,9.8,9.8,9.8,9.8,100,0
PIAI.US,5,20211007,202000,9.8,9.8,9.8,9.8,100,0
PIAI.US,5,20211007,202500,9.8,9.8,9.8,9.8,100,0
PIAI.US,5,20211007,203000,9.8,9.8,9.8,9.8,100,0
PIAI.US,5,20211007,203500,9.8,9.8,9.8,9.8,100,0
PIAI.US,5,20211007,204000,9.8,9.8,9.8,9.8,100,0
PIAI.US,5,20211007,204500,9.8,9.8,9.8,9.8,100,0
PIAI.US,5,20211007,205000,9.8,9.8,9.8,9.8,100,0
PIAI.US,5,20211007,205500,9.8,9.8,9.8,9.8,100,0
PIAI.US,5,20211007,210000,9.8,9.8,9.8,9.8,100,0
PIAI.US,5,20211007,210500,9.8,9.8,9.8,9.8,100,0
PIAI.US,5,20211007,211000,9.8,9.8,9.8,9.8,100,0
PIAI.US,5,20211007,211500,9.8,9.8,9.8,9.8,200,0
PIAI.US,5,20211007,213000,9.8,9.8,9.8,9.8,100,0
PIAI.US,5,20211007,215000,9.8,9.8,9.8,9.8,100,0
PIAI.US,5,20211008,153000,9.79,9.79,9.79,9.79,1200,0
PIAI.US,5,20211008,155000,9.8,9.8,9.8,9.8,100,0
PIAI.US,5,20211008,155500,9.8,9.81,9.8,9.81,12820,0
PIAI.US,5,20211008,160000,9.8,9.81,9.8,9.81,18692,0
PIAI.US,5,20211008,160500,9.81,9.81,9.81,9.81,100,0
PIAI.US,5,20211008,161000,9.81,9.81,9.81,9.81,100,0
PIAI.US,5,20211008,161500,9.81,9.81,9.81,9.81,200,0
PIAI.US,5,20211008,162000,9.81,9.81,9.81,9.81,100,0
PIAI.US,5,20211008,162500,9.81,9.81,9.81,9.81,100,0
PIAI.US,5,20211008,163000,9.81,9.81,9.81,9.81,200,0
PIAI.US,5,20211008,163500,9.81,9.81,9.81,9.81,100,0
PIAI.US,5,20211008,164000,9.81,9.81,9.81,9.81,200,0
PIAI.US,5,20211008,164500,9.81,9.81,9.81,9.81,200,0
PIAI.US,5,20211008,165000,9.81,9.81,9.81,9.81,200,0
PIAI.US,5,20211008,165500,9.81,9.81,9.81,9.81,100,0
PIAI.US,5,20211008,170000,9.81,9.81,9.81,9.81,300,0
PIAI.US,5,20211008,170500,9.81,9.81,9.81,9.81,200,0
PIAI.US,5,20211008,171000,9.81,9.81,9.81,9.81,200,0
PIAI.US,5,20211008,171500,9.81,9.81,9.81,9.81,100,0
PIAI.US,5,20211008,172000,9.81,9.81,9.81,9.81,100,0
PIAI.US,5,20211008,172500,9.81,9.81,9.81,9.81,300,0
PIAI.US,5,20211008,173000,9.81,9.81,9.81,9.81,200,0
PIAI.US,5,20211008,173500,9.81,9.81,9.81,9.81,100,0
PIAI.US,5,20211008,174000,9.81,9.81,9.81,9.81,200,0
PIAI.US,5,20211008,174500,9.81,9.81,9.81,9.81,100,0
PIAI.US,5,20211008,175000,9.81,9.81,9.81,9.81,100,0
PIAI.US,5,20211008,180000,9.8,9.81,9.8,9.81,600,0
PIAI.US,5,20211008,182000,9.81,9.81,9.81,9.81,100,0
PIAI.US,5,20211008,185000,9.8,9.8025,9.8,9.8025,54200,0
PIAI.US,5,20211008,185500,9.8,9.8,9.8,9.8,100,0
PIAI.US,5,20211008,190000,9.8,9.8,9.8,9.8,200,0
PIAI.US,5,20211008,190500,9.8,9.8,9.8,9.8,100,0
PIAI.US,5,20211008,191000,9.8,9.8,9.8,9.8,100,0
PIAI.US,5,20211008,191500,9.8,9.8,9.8,9.8,100,0
PIAI.US,5,20211008,192000,9.8,9.8,9.8,9.8,200,0
PIAI.US,5,20211008,192500,9.8,9.8,9.8,9.8,200,0
PIAI.US,5,20211008,193000,9.8,9.8,9.8,9.8,8233,0
PIAI.US,5,20211008,193500,9.8,9.8,9.8,9.8,200,0
PIAI.US,5,20211008,194000,9.8,9.8,9.8,9.8,200,0
PIAI.US,5,20211008,194500,9.8,9.8,9.8,9.8,200,0
PIAI.US,5,20211008,195000,9.8,9.8,9.8,9.8,200,0
PIAI.US,5,20211008,195500,9.8,9.8,9.8,9.8,200,0
PIAI.US,5,20211008,200000,9.8,9.8,9.8,9.8,200,0
PIAI.US,5,20211008,200500,9.8,9.8,9.8,9.8,200,0
PIAI.US,5,20211008,201000,9.8,9.8,9.8,9.8,300,0
PIAI.US,5,20211008,201500,9.8,9.8,9.8,9.8,200,0
PIAI.US,5,20211008,202000,9.8,9.8,9.8,9.8,200,0
PIAI.US,5,20211008,202500,9.8,9.8,9.8,9.8,200,0
PIAI.US,5,20211008,203000,9.8,9.8,9.8,9.8,300,0
PIAI.US,5,20211008,203500,9.8,9.8,9.8,9.8,100,0
PIAI.US,5,20211008,204000,9.8,9.8,9.8,9.8,300,0
PIAI.US,5,20211008,204500,9.8,9.8,9.8,9.8,200,0
PIAI.US,5,20211008,205000,9.8,9.8,9.8,9.8,200,0
PIAI.US,5,20211008,205500,9.8,9.8,9.8,9.8,300,0
PIAI.US,5,20211008,210000,9.8,9.8,9.8,9.8,200,0
PIAI.US,5,20211008,210500,9.8,9.8,9.8,9.8,300,0
PIAI.US,5,20211008,211000,9.8,9.8,9.8,9.8,200,0
PIAI.US,5,20211008,211500,9.8,9.8,9.8,9.8,100,0
PIAI.US,5,20211008,212000,9.8,9.8,9.8,9.8,100,0
PIAI.US,5,20211008,215500,9.8,9.8,9.8,9.8,3101,0
PIAI.US,5,20211011,153000,9.79,9.79,9.79,9.79,100,0
PIAI.US,5,20211011,163000,9.8,9.8,9.8,9.8,100,0
PIAI.US,5,20211011,171500,9.8,9.8,9.8,9.8,87361,0
PIAI.US,5,20211011,172500,9.82,9.82,9.82,9.82,100,0
PIAI.US,5,20211011,173500,9.82,9.82,9.82,9.82,100,0
PIAI.US,5,20211011,174500,9.82,9.82,9.82,9.82,100,0
PIAI.US,5,20211011,175000,9.82,9.82,9.82,9.82,100,0
PIAI.US,5,20211011,175500,9.82,9.82,9.82,9.82,100,0
PIAI.US,5,20211011,180000,9.79,9.82,9.79,9.82,200,0
PIAI.US,5,20211011,180500,9.82,9.82,9.82,9.82,100,0
PIAI.US,5,20211011,181000,9.82,9.82,9.82,9.82,100,0
PIAI.US,5,20211011,181500,9.82,9.82,9.82,9.82,100,0
PIAI.US,5,20211011,182000,9.82,9.82,9.82,9.82,100,0
PIAI.US,5,20211011,182500,9.82,9.82,9.82,9.82,100,0
PIAI.US,5,20211011,183000,9.82,9.82,9.82,9.82,100,0
PIAI.US,5,20211011,183500,9.82,9.82,9.82,9.82,100,0
PIAI.US,5,20211011,184000,9.82,9.82,9.82,9.82,100,0
PIAI.US,5,20211011,184500,9.82,9.82,9.82,9.82,100,0
PIAI.US,5,20211011,185000,9.82,9.82,9.82,9.82,100,0
PIAI.US,5,20211011,185500,9.82,9.82,9.82,9.82,100,0
PIAI.US,5,20211011,190500,9.82,9.82,9.82,9.82,100,0
PIAI.US,5,20211011,191000,9.82,9.82,9.82,9.82,100,0
PIAI.US,5,20211011,191500,9.82,9.82,9.82,9.82,100,0
PIAI.US,5,20211011,192000,9.82,9.82,9.82,9.82,100,0
PIAI.US,5,20211011,192500,9.82,9.82,9.814,9.814,200,0
PIAI.US,5,20211011,193000,9.82,9.82,9.82,9.82,100,0
PIAI.US,5,20211011,193500,9.82,9.82,9.82,9.82,100,0
PIAI.US,5,20211011,194000,9.82,9.82,9.82,9.82,100,0
PIAI.US,5,20211011,194500,9.82,9.82,9.82,9.82,100,0
PIAI.US,5,20211011,195000,9.82,9.82,9.82,9.82,100,0
PIAI.US,5,20211011,195500,9.82,9.82,9.82,9.82,100,0
PIAI.US,5,20211011,200000,9.82,9.82,9.82,9.82,100,0
PIAI.US,5,20211011,200500,9.82,9.82,9.82,9.82,100,0
PIAI.US,5,20211011,201000,9.82,9.82,9.82,9.82,100,0
PIAI.US,5,20211011,201500,9.82,9.82,9.82,9.82,100,0
PIAI.US,5,20211011,202000,9.82,9.82,9.82,9.82,100,0
PIAI.US,5,20211011,202500,9.82,9.82,9.82,9.82,100,0
PIAI.US,5,20211011,203000,9.82,9.82,9.82,9.82,100,0
PIAI.US,5,20211011,203500,9.82,9.82,9.82,9.82,100,0
PIAI.US,5,20211011,204000,9.82,9.82,9.82,9.82,100,0
PIAI.US,5,20211011,204500,9.82,9.82,9.82,9.82,100,0
PIAI.US,5,20211011,205000,9.82,9.82,9.82,9.82,100,0
PIAI.US,5,20211011,205500,9.82,9.82,9.82,9.82,100,0
PIAI.US,5,20211011,210000,9.82,9.82,9.82,9.82,100,0
PIAI.US,5,20211011,210500,9.82,9.82,9.82,9.82,100,0
PIAI.US,5,20211011,211000,9.82,9.82,9.82,9.82,100,0
PIAI.US,5,20211011,211500,9.82,9.82,9.82,9.82,200,0
PIAI.US,5,20211011,212000,9.82,9.82,9.82,9.82,100,0
PIAI.US,5,20211011,212500,9.82,9.82,9.82,9.82,100,0
PIAI.US,5,20211011,213000,9.82,9.82,9.82,9.82,200,0
PIAI.US,5,20211011,213500,9.82,9.82,9.82,9.82,100,0
PIAI.US,5,20211011,214000,9.82,9.82,9.82,9.82,200,0
PIAI.US,5,20211011,214500,9.82,9.82,9.82,9.82,200,0
PIAI.US,5,20211011,215000,9.82,9.82,9.82,9.82,400,0
PIAI.US,5,20211011,215500,9.82,9.82,9.82,9.82,1200,0
PIAI.US,5,20211012,173000,9.79,9.79,9.79,9.79,900,0
PIAI.US,5,20211012,181000,9.82,9.82,9.82,9.82,100,0
PIAI.US,5,20211012,215000,9.82,9.82,9.82,9.82,100,0
PIAI.US,5,20211013,153000,9.83,9.83,9.83,9.83,852,0
PIAI.US,5,20211013,153500,9.83,9.83,9.83,9.83,492,0
PIAI.US,5,20211013,161000,9.811,9.811,9.811,9.811,300,0
PIAI.US,5,20211013,162000,9.82,9.82,9.82,9.82,100,0
PIAI.US,5,20211013,184500,9.83,9.83,9.83,9.83,100,0
PIAI.US,5,20211013,204000,9.8,9.8,9.8,9.8,121961,0
PIAI.US,5,20211013,205500,9.8,9.8,9.8,9.8,75000,0
PIAI.US,5,20211013,210500,9.805,9.805,9.8,9.8,87361,0
PIAI.US,5,20211013,211000,9.8,9.8,9.79,9.79,20913,0
PIAI.US,5,20211013,212000,9.81,9.81,9.81,9.81,400,0
PIAI.US,5,20211013,212500,9.81,9.81,9.79,9.81,3982,0
PIAI.US,5,20211013,213000,9.81,9.81,9.79,9.8,4374,0
PIAI.US,5,20211013,213500,9.81,9.81,9.81,9.81,400,0
PIAI.US,5,20211013,214000,9.81,9.82,9.81,9.82,600,0
PIAI.US,5,20211013,214500,9.82,9.82,9.8,9.8,4000,0
PIAI.US,5,20211013,215000,9.8,9.8,9.8,9.8,1000,0
PIAI.US,5,20211013,215500,9.8,9.8,9.795,9.8,5760,0
PIAI.US,5,20211014,153000,9.83,9.83,9.82,9.82,272,0
PIAI.US,5,20211014,154000,9.79,9.79,9.79,9.79,386,0
PIAI.US,5,20211014,154500,9.7969,9.7969,9.7969,9.7969,1001,0
PIAI.US,5,20211014,155000,9.81,9.81,9.81,9.81,100,0
PIAI.US,5,20211014,161000,9.81,9.81,9.79,9.79,1964,0
PIAI.US,5,20211014,161500,9.79,9.79,9.79,9.79,1094,0
PIAI.US,5,20211014,162000,9.81,9.81,9.79,9.79,1244,0
PIAI.US,5,20211014,162500,9.81,9.81,9.81,9.81,100,0
PIAI.US,5,20211014,163000,9.81,9.81,9.81,9.81,100,0
PIAI.US,5,20211014,163500,9.81,9.81,9.81,9.81,100,0
PIAI.US,5,20211014,165000,9.81,9.81,9.81,9.81,100,0
PIAI.US,5,20211014,170500,9.81,9.81,9.81,9.81,100,0
PIAI.US,5,20211014,203000,9.8,9.8,9.8,9.8,100,0
PIAI.US,5,20211014,204000,9.795,9.795,9.795,9.795,1300,0
PIAI.US,5,20211014,205500,9.8,9.8,9.8,9.8,200,0
PIAI.US,5,20211014,210000,9.7925,9.8,9.79,9.8,4773,0
PIAI.US,5,20211014,211000,9.8,9.8,9.8,9.8,100,0
PIAI.US,5,20211014,211500,9.795,9.795,9.795,9.795,1500,0
PIAI.US,5,20211014,212000,9.8,9.8,9.8,9.8,100,0
PIAI.US,5,20211014,212500,9.8,9.8,9.8,9.8,100,0
PIAI.US,5,20211014,213000,9.795,9.795,9.795,9.795,300,0
PIAI.US,5,20211014,213500,9.8,9.8,9.8,9.8,100,0
PIAI.US,5,20211014,214000,9.8,9.8,9.8,9.8,100,0
PIAI.US,5,20211014,215000,9.8,9.8,9.795,9.8,350,0
PIAI.US,5,20211014,215500,9.8,9.8,9.795,9.795,596,0
PIAI.US,5,20211015,191000,9.79,9.7999,9.79,9.795,814,0
PIAI.US,5,20211015,191500,9.795,9.795,9.795,9.795,200,0
PIAI.US,5,20211015,193500,9.795,9.795,9.795,9.795,200,0
PIAI.US,5,20211015,194000,9.8,9.8,9.8,9.8,100,0
PIAI.US,5,20211015,201000,9.8,9.8,9.8,9.8,100,0
PIAI.US,5,20211015,201500,9.8,9.8,9.8,9.8,100,0
PIAI.US,5,20211015,202500,9.79,9.799,9.79,9.799,400,0
PIAI.US,5,20211015,210000,9.8,9.8,9.8,9.8,100,0
PIAI.US,5,20211015,213500,9.795,9.795,9.7925,9.795,14247,0
PIAI.US,5,20211015,214000,9.8,9.8,9.8,9.8,100,0
PIAI.US,5,20211015,214500,9.8,9.8,9.8,9.8,200,0
PIAI.US,5,20211015,215000,9.8,9.8,9.8,9.8,400,0
PIAI.US,5,20211015,215500,9.8,9.8,9.79,9.79,2847,0
PIAI.US,5,20211018,153000,9.81,9.81,9.81,9.81,100,0
PIAI.US,5,20211018,160500,9.79,9.79,9.79,9.79,500,0
PIAI.US,5,20211018,162500,9.81,9.81,9.81,9.81,100,0
PIAI.US,5,20211018,172500,9.795,9.81,9.79,9.79,700,0
PIAI.US,5,20211018,215000,9.81,9.81,9.81,9.81,100,0
PIAI.US,5,20211019,153500,9.8019,9.8019,9.8019,9.8019,510,0
PIAI.US,5,20211019,154000,9.8018,9.8018,9.8018,9.8018,100,0
PIAI.US,5,20211019,155000,9.81,9.81,9.81,9.81,100,0
PIAI.US,5,20211020,153000,9.85,9.85,9.85,9.85,100,0
PIAI.US,5,20211020,164000,9.8,9.8,9.8,9.8,1500,0
PIAI.US,5,20211020,170000,9.81,9.81,9.81,9.81,100,0
PIAI.US,5,20211020,172000,9.81,9.81,9.81,9.81,100,0
PIAI.US,5,20211020,215500,9.8,9.8,9.8,9.8,144,0
PIAI.US,5,20211021,212500,9.81,9.81,9.81,9.81,3607,0
PIAI.US,5,20211021,213000,9.81,9.81,9.81,9.81,100,0
PIAI.US,5,20211021,214000,9.81,9.81,9.81,9.81,100,0
PIAI.US,5,20211021,215000,9.81,9.81,9.81,9.81,100,0
PIAI.US,5,20211021,215500,9.81,9.81,9.8,9.81,1962,0
PIAI.US,5,20211022,153000,9.81,9.81,9.81,9.81,100,0
PIAI.US,5,20211022,184000,9.81,9.81,9.81,9.81,123,0
PIAI.US,5,20211022,204000,9.81,9.81,9.81,9.81,10017,0
PIAI.US,5,20211022,210000,9.82,9.82,9.82,9.82,100,0
PIAI.US,5,20211022,211000,9.8192,9.8192,9.8192,9.8192,1000,0
PIAI.US,5,20211022,211500,9.82,9.82,9.82,9.82,100,0
PIAI.US,5,20211022,212000,9.82,9.82,9.82,9.82,100,0
PIAI.US,5,20211022,213000,9.82,9.82,9.82,9.82,100,0
PIAI.US,5,20211022,213500,9.82,9.82,9.82,9.82,100,0
PIAI.US,5,20211022,214000,9.82,9.82,9.82,9.82,100,0
PIAI.US,5,20211022,214500,9.82,9.82,9.82,9.82,200,0
PIAI.US,5,20211022,215000,9.82,9.82,9.82,9.82,100,0
PIAI.US,5,20211022,215500,9.82,9.82,9.82,9.82,500,0
PIAI.US,5,20211025,215500,9.83,9.83,9.83,9.83,360,0
PIAI.US,5,20211026,153000,9.8,9.8,9.8,9.8,1000,0
PIAI.US,5,20211026,162500,9.82,9.82,9.82,9.82,121,0
PIAI.US,5,20211026,163000,9.82,9.82,9.82,9.82,400,0
PIAI.US,5,20211026,165500,9.83,9.83,9.82,9.82,487,0
PIAI.US,5,20211027,170000,9.8,9.8,9.8,9.8,100,0
PIAI.US,5,20211027,171500,9.83,9.83,9.83,9.83,15514,0
PIAI.US,5,20211027,172500,9.84,9.84,9.84,9.84,100,0
PIAI.US,5,20211027,173000,9.84,9.84,9.84,9.84,100,0
PIAI.US,5,20211027,173500,9.84,9.84,9.84,9.84,100,0
PIAI.US,5,20211027,174500,9.84,9.84,9.84,9.84,100,0
PIAI.US,5,20211027,175000,9.84,9.84,9.84,9.84,100,0
PIAI.US,5,20211027,180000,9.84,9.84,9.84,9.84,100,0
PIAI.US,5,20211027,180500,9.84,9.84,9.84,9.84,100,0
PIAI.US,5,20211027,181500,9.84,9.84,9.84,9.84,100,0
PIAI.US,5,20211027,182000,9.84,9.84,9.84,9.84,100,0
PIAI.US,5,20211027,182500,9.84,9.84,9.84,9.84,100,0
PIAI.US,5,20211027,183500,9.84,9.84,9.84,9.84,15100,0
PIAI.US,5,20211027,184000,9.85,9.85,9.85,9.85,100,0
PIAI.US,5,20211027,185000,9.85,9.85,9.85,9.85,100,0
PIAI.US,5,20211027,185500,9.85,9.85,9.85,9.85,100,0
PIAI.US,5,20211027,190500,9.85,9.85,9.85,9.85,100,0
PIAI.US,5,20211027,191000,9.85,9.85,9.85,9.85,100,0
PIAI.US,5,20211027,191500,9.85,9.85,9.85,9.85,100,0
PIAI.US,5,20211027,192000,9.85,9.85,9.85,9.85,100,0
PIAI.US,5,20211027,192500,9.85,9.85,9.85,9.85,100,0
PIAI.US,5,20211027,193500,9.85,9.85,9.85,9.85,100,0
PIAI.US,5,20211027,194000,9.85,9.85,9.85,9.85,100,0
PIAI.US,5,20211027,194500,9.85,9.85,9.85,9.85,100,0
PIAI.US,5,20211027,195000,9.85,9.85,9.85,9.85,100,0
PIAI.US,5,20211027,195500,9.85,9.85,9.84,9.84,300,0
PIAI.US,5,20211027,200000,9.85,9.85,9.85,9.85,100,0
PIAI.US,5,20211027,200500,9.85,9.85,9.85,9.85,100,0
PIAI.US,5,20211027,201000,9.85,9.85,9.85,9.85,100,0
PIAI.US,5,20211027,201500,9.85,9.85,9.85,9.85,100,0
PIAI.US,5,20211027,202500,9.85,9.85,9.85,9.85,100,0
PIAI.US,5,20211027,203000,9.85,9.85,9.85,9.85,100,0
PIAI.US,5,20211027,203500,9.85,9.85,9.85,9.85,100,0
PIAI.US,5,20211027,205000,9.85,9.85,9.85,9.85,100,0
PIAI.US,5,20211027,213500,9.84,9.84,9.84,9.84,19794,0
PIAI.US,5,20211027,214500,9.84,9.84,9.84,9.84,300,0
PIAI.US,5,20211027,215000,9.84,9.84,9.84,9.84,500,0
PIAI.US,5,20211027,215500,9.84,9.84,9.82,9.83,3200,0
PIAI.US,5,20211028,153000,9.85,9.85,9.85,9.85,100,0
PIAI.US,5,20211028,193500,9.835,9.835,9.835,9.835,18300,0
PIAI.US,5,20211028,195500,9.835,9.835,9.835,9.835,100,0
PIAI.US,5,20211028,201000,9.835,9.835,9.835,9.835,100,0
PIAI.US,5,20211028,202000,9.835,9.835,9.835,9.835,100,0
PIAI.US,5,20211028,203500,9.835,9.835,9.835,9.835,100,0
PIAI.US,5,20211028,204500,9.835,9.835,9.835,9.835,100,0
PIAI.US,5,20211028,210000,9.835,9.835,9.835,9.835,100,0
PIAI.US,5,20211028,211000,9.835,9.835,9.835,9.835,100,0
PIAI.US,5,20211028,212500,9.835,9.835,9.835,9.835,100,0
PIAI.US,5,20211028,213000,9.835,9.835,9.835,9.835,100,0
PIAI.US,5,20211028,214000,9.835,9.835,9.835,9.835,100,0
PIAI.US,5,20211028,214500,9.835,9.835,9.835,9.835,100,0
PIAI.US,5,20211028,215000,9.835,9.835,9.835,9.835,200,0
PIAI.US,5,20211028,215500,9.835,9.835,9.82,9.82,400,0
PIAI.US,5,20211029,153000,9.8,9.8,9.8,9.8,100,0
PIAI.US,5,20211029,173500,9.82,9.82,9.82,9.82,5000,0
PIAI.US,5,20211029,174500,9.82,9.82,9.82,9.82,100,0
PIAI.US,5,20211029,175500,9.82,9.82,9.82,9.82,100,0
PIAI.US,5,20211029,180000,9.82,9.82,9.82,9.82,100,0
PIAI.US,5,20211029,181000,9.82,9.82,9.82,9.82,100,0
PIAI.US,5,20211029,182000,9.82,9.82,9.82,9.82,100,0
PIAI.US,5,20211029,190500,9.82,9.82,9.82,9.82,100,0
PIAI.US,5,20211029,192500,9.81,9.81,9.81,9.81,100,0
PIAI.US,5,20211029,210000,9.82,9.82,9.82,9.82,35000,0
PIAI.US,5,20211029,210500,9.82,9.82,9.82,9.82,100,0
PIAI.US,5,20211029,211500,9.82,9.82,9.82,9.82,100,0
PIAI.US,5,20211029,212500,9.82,9.82,9.82,9.82,100,0
PIAI.US,5,20211029,213000,9.82,9.82,9.82,9.82,100,0
PIAI.US,5,20211029,213500,9.82,9.82,9.82,9.82,100,0
PIAI.US,5,20211029,214000,9.82,9.82,9.82,9.82,100,0
PIAI.US,5,20211029,214500,9.82,9.82,9.82,9.82,200,0
PIAI.US,5,20211029,215000,9.82,9.82,9.82,9.82,300,0
PIAI.US,5,20211029,215500,9.82,9.82,9.82,9.82,1351,0
PIAI.US,5,20211101,143000,9.8,9.8,9.8,9.8,100,0
PIAI.US,5,20211101,144500,9.84,9.84,9.84,9.84,100,0
PIAI.US,5,20211101,150000,9.84,9.84,9.84,9.84,100,0
PIAI.US,5,20211101,151500,9.84,9.84,9.84,9.84,100,0
PIAI.US,5,20211101,153000,9.84,9.84,9.84,9.84,100,0
PIAI.US,5,20211101,154500,9.84,9.84,9.84,9.84,100,0
PIAI.US,5,20211101,160000,9.84,9.84,9.84,9.84,100,0
PIAI.US,5,20211101,161500,9.84,9.84,9.84,9.84,100,0
PIAI.US,5,20211101,162000,9.825,9.825,9.82,9.82,12360,0
PIAI.US,5,20211101,162500,9.82,9.84,9.82,9.84,59100,0
PIAI.US,5,20211101,163000,9.84,9.84,9.84,9.84,200,0
PIAI.US,5,20211101,163500,9.84,9.84,9.84,9.84,100,0
PIAI.US,5,20211101,164000,9.84,9.84,9.82,9.82,50100,0
PIAI.US,5,20211101,164500,9.82,9.84,9.82,9.84,60778,0
PIAI.US,5,20211101,165000,9.84,9.84,9.84,9.84,100,0
PIAI.US,5,20211101,165500,9.84,9.84,9.84,9.84,100,0
PIAI.US,5,20211101,170000,9.84,9.84,9.84,9.84,200,0
PIAI.US,5,20211101,170500,9.84,9.84,9.84,9.84,100,0
PIAI.US,5,20211101,171000,9.84,9.84,9.84,9.84,200,0
PIAI.US,5,20211101,171500,9.84,9.84,9.84,9.84,200,0
PIAI.US,5,20211101,172000,9.84,9.84,9.84,9.84,100,0
PIAI.US,5,20211101,172500,9.84,9.84,9.84,9.84,100,0
PIAI.US,5,20211101,173000,9.84,9.84,9.84,9.84,200,0
PIAI.US,5,20211101,173500,9.84,9.84,9.84,9.84,100,0
PIAI.US,5,20211101,174000,9.84,9.84,9.84,9.84,200,0
PIAI.US,5,20211101,174500,9.84,9.84,9.84,9.84,200,0
PIAI.US,5,20211101,175000,9.84,9.84,9.84,9.84,100,0
PIAI.US,5,20211101,175500,9.84,9.84,9.84,9.84,100,0
PIAI.US,5,20211101,180000,9.84,9.84,9.84,9.84,200,0
PIAI.US,5,20211101,180500,9.84,9.84,9.84,9.84,100,0
PIAI.US,5,20211101,181000,9.84,9.84,9.84,9.84,100,0
PIAI.US,5,20211101,181500,9.84,9.84,9.84,9.84,200,0
PIAI.US,5,20211101,182000,9.84,9.84,9.84,9.84,200,0
PIAI.US,5,20211101,182500,9.84,9.84,9.84,9.84,100,0
PIAI.US,5,20211101,183000,9.84,9.84,9.83,9.84,400,0
PIAI.US,5,20211101,184000,9.84,9.84,9.84,9.84,100,0
PIAI.US,5,20211101,184500,9.84,9.84,9.84,9.84,200,0
PIAI.US,5,20211101,185000,9.84,9.84,9.84,9.84,200,0
PIAI.US,5,20211101,185500,9.84,9.84,9.84,9.84,100,0
PIAI.US,5,20211101,190000,9.84,9.84,9.84,9.84,100,0
PIAI.US,5,20211101,190500,9.84,9.84,9.84,9.84,100,0
PIAI.US,5,20211101,191000,9.84,9.84,9.84,9.84,200,0
PIAI.US,5,20211101,191500,9.84,9.84,9.84,9.84,100,0
PIAI.US,5,20211101,192000,9.84,9.84,9.84,9.84,100,0
PIAI.US,5,20211101,192500,9.84,9.84,9.84,9.84,200,0
PIAI.US,5,20211101,193000,9.84,9.84,9.84,9.84,100,0
PIAI.US,5,20211101,193500,9.84,9.84,9.84,9.84,100,0
PIAI.US,5,20211101,194000,9.84,9.84,9.84,9.84,100,0
PIAI.US,5,20211101,194500,9.84,9.84,9.84,9.84,200,0
PIAI.US,5,20211101,195500,9.84,9.84,9.84,9.84,100,0
PIAI.US,5,20211101,200000,9.84,9.84,9.84,9.84,200,0
PIAI.US,5,20211101,200500,9.84,9.84,9.84,9.84,100,0
PIAI.US,5,20211101,201000,9.84,9.84,9.84,9.84,200,0
PIAI.US,5,20211101,201500,9.84,9.84,9.84,9.84,100,0
PIAI.US,5,20211101,202000,9.84,9.84,9.84,9.84,200,0
PIAI.US,5,20211101,202500,9.84,9.84,9.84,9.84,200,0
PIAI.US,5,20211101,203000,9.84,9.84,9.84,9.84,100,0
PIAI.US,5,20211101,203500,9.84,9.84,9.84,9.84,300,0
PIAI.US,5,20211101,204000,9.84,9.84,9.84,9.84,100,0
PIAI.US,5,20211101,204500,9.84,9.84,9.84,9.84,300,0
PIAI.US,5,20211101,205000,9.84,9.84,9.84,9.84,500,0
PIAI.US,5,20211101,205500,9.84,9.84,9.84,9.84,1300,0
PIAI.US,5,20211102,143000,9.85,9.85,9.85,9.85,100,0
PIAI.US,5,20211102,154000,9.85,9.85,9.85,9.85,1100,0
PIAI.US,5,20211102,154500,9.82,9.82,9.82,9.82,176,0
PIAI.US,5,20211102,160500,9.85,9.85,9.85,9.85,100,0
PIAI.US,5,20211102,194500,9.85,9.85,9.85,9.85,100,0
PIAI.US,5,20211102,204500,9.85,9.85,9.85,9.85,100,0
PIAI.US,5,20211103,143000,9.81,9.81,9.81,9.81,100,0
PIAI.US,5,20211103,162500,9.84,9.84,9.84,9.84,10000,0
PIAI.US,5,20211103,170000,9.83,9.83,9.83,9.83,200,0
PIAI.US,5,20211103,170500,9.83,9.83,9.83,9.83,100,0
PIAI.US,5,20211104,152500,9.835,9.835,9.835,9.835,500,0
PIAI.US,5,20211104,165500,9.84,9.84,9.84,9.84,1000,0
PIAI.US,5,20211104,170000,9.84,9.84,9.84,9.84,2100,0
PIAI.US,5,20211105,160000,9.83,9.83,9.83,9.83,100,0
PIAI.US,5,20211105,163500,9.84,9.84,9.84,9.84,563,0
PIAI.US,5,20211105,171500,9.83,9.83,9.83,9.83,275,0
PIAI.US,5,20211105,202500,9.83,9.83,9.83,9.83,100,0
PIAI.US,5,20211105,205500,9.82,9.82,9.82,9.82,2800,0
PIAI.US,5,20211108,195500,9.83,9.83,9.83,9.83,100,0
PIAI.US,5,20211108,200000,9.83,9.83,9.83,9.83,200,0
PIAI.US,5,20211108,200500,9.83,9.83,9.83,9.83,200,0
PIAI.US,5,20211108,201000,9.83,9.83,9.83,9.83,300,0
PIAI.US,5,20211108,201500,9.83,9.83,9.83,9.83,200,0
PIAI.US,5,20211108,202000,9.83,9.83,9.83,9.83,300,0
PIAI.US,5,20211108,202500,9.83,9.83,9.83,9.83,200,0
PIAI.US,5,20211108,203000,9.83,9.83,9.83,9.83,300,0
PIAI.US,5,20211108,203500,9.83,9.83,9.83,9.83,300,0
PIAI.US,5,20211108,204000,9.83,9.83,9.83,9.83,400,0
PIAI.US,5,20211108,204500,9.83,9.83,9.83,9.83,300,0
PIAI.US,5,20211108,205000,9.83,9.83,9.83,9.83,400,0
PIAI.US,5,20211108,205500,9.83,9.83,9.83,9.83,400,0
PIAI.US,5,20211108,210000,9.83,9.83,9.83,9.83,300,0
PIAI.US,5,20211108,210500,9.83,9.83,9.83,9.83,400,0
PIAI.US,5,20211108,211000,9.83,9.83,9.83,9.83,400,0
PIAI.US,5,20211108,211500,9.83,9.83,9.83,9.83,400,0
PIAI.US,5,20211108,212000,9.83,9.83,9.83,9.83,400,0
PIAI.US,5,20211108,212500,9.83,9.83,9.83,9.83,400,0
PIAI.US,5,20211108,213000,9.83,9.83,9.83,9.83,400,0
PIAI.US,5,20211108,213500,9.83,9.83,9.83,9.83,500,0
PIAI.US,5,20211108,214000,9.83,9.83,9.83,9.83,400,0
PIAI.US,5,20211108,214500,9.83,9.83,9.83,9.83,600,0
PIAI.US,5,20211108,215000,9.83,9.83,9.83,9.83,1000,0
PIAI.US,5,20211108,215500,9.83,9.83,9.83,9.83,200,0
PIAI.US,5,20211109,154000,9.8473,9.85,9.8473,9.8492,8954,0
PIAI.US,5,20211109,180000,9.84,9.84,9.84,9.84,200,0
PIAI.US,5,20211109,180500,9.84,9.84,9.84,9.84,700,0
PIAI.US,5,20211109,181000,9.84,9.84,9.84,9.84,700,0
PIAI.US,5,20211109,181500,9.84,9.84,9.84,9.84,700,0
PIAI.US,5,20211109,182000,9.84,9.84,9.84,9.84,600,0
PIAI.US,5,20211109,182500,9.84,9.84,9.84,9.84,800,0
PIAI.US,5,20211109,183000,9.84,9.84,9.84,9.84,600,0
PIAI.US,5,20211109,183500,9.84,9.84,9.84,9.84,600,0
PIAI.US,5,20211109,184000,9.84,9.84,9.84,9.84,700,0
PIAI.US,5,20211109,184500,9.84,9.84,9.84,9.84,600,0
PIAI.US,5,20211109,185000,9.84,9.84,9.84,9.84,700,0
PIAI.US,5,20211109,185500,9.84,9.84,9.84,9.84,700,0
PIAI.US,5,20211109,190000,9.84,9.84,9.84,9.84,500,0
PIAI.US,5,20211109,190500,9.84,9.84,9.84,9.84,700,0
PIAI.US,5,20211109,191000,9.84,9.84,9.84,9.84,600,0
PIAI.US,5,20211109,191500,9.84,9.84,9.84,9.84,600,0
PIAI.US,5,20211109,192000,9.84,9.84,9.84,9.84,600,0
PIAI.US,5,20211109,192500,9.84,9.84,9.84,9.84,800,0
PIAI.US,5,20211109,193000,9.84,9.84,9.84,9.84,600,0
PIAI.US,5,20211109,193500,9.84,9.84,9.84,9.84,600,0
PIAI.US,5,20211109,194000,9.84,9.84,9.84,9.84,700,0
PIAI.US,5,20211109,194500,9.84,9.84,9.84,9.84,700,0
PIAI.US,5,20211109,195000,9.84,9.84,9.84,9.84,700,0
PIAI.US,5,20211109,195500,9.84,9.84,9.84,9.84,800,0
PIAI.US,5,20211109,200000,9.84,9.84,9.84,9.84,500,0
PIAI.US,5,20211109,200500,9.84,9.84,9.84,9.84,800,0
PIAI.US,5,20211109,201000,9.84,9.84,9.84,9.84,700,0
PIAI.US,5,20211109,201500,9.84,9.84,9.84,9.84,700,0
PIAI.US,5,20211109,202000,9.84,9.84,9.84,9.84,600,0
PIAI.US,5,20211109,202500,9.84,9.84,9.84,9.84,700,0
PIAI.US,5,20211109,203000,9.85,9.85,9.85,9.85,500,0
PIAI.US,5,20211109,203500,9.85,9.85,9.85,9.85,800,0
PIAI.US,5,20211109,204000,9.85,9.85,9.85,9.85,700,0
PIAI.US,5,20211109,204500,9.85,9.85,9.85,9.85,600,0
PIAI.US,5,20211109,210500,9.85,9.85,9.85,9.85,100,0
PIAI.US,5,20211109,215500,9.85,9.85,9.83,9.85,6548,0
PIAI.US,5,20211110,181500,9.83,9.83,9.83,9.83,200,0
PIAI.US,5,20211110,213000,9.83,9.83,9.83,9.83,50000,0
PIAI.US,5,20211111,153000,9.85,9.85,9.85,9.85,754,0
PIAI.US,5,20211111,153500,9.84,9.85,9.84,9.84,19767,0
PIAI.US,5,20211111,154000,9.845,9.85,9.84,9.85,11584,0
PIAI.US,5,20211111,160000,9.83,9.845,9.83,9.83,23376,0
PIAI.US,5,20211111,163500,9.85,9.85,9.85,9.85,100,0
PIAI.US,5,20211111,164500,9.85,9.85,9.85,9.85,500,0
PIAI.US,5,20211111,165000,9.85,9.85,9.85,9.85,100,0
PIAI.US,5,20211111,171000,9.85,9.85,9.85,9.85,100,0
PIAI.US,5,20211111,172000,9.85,9.85,9.85,9.85,1400,0
PIAI.US,5,20211111,172500,9.85,9.85,9.85,9.85,100,0
PIAI.US,5,20211111,215500,9.85,9.85,9.85,9.85,1200,0
