<TICKER>,<PER>,<DATE>,<TIME>,<OPEN>,<HIGH>,<LOW>,<CLOSE>,<VOL>,<OPENINT>
RGT.US,5,20210922,174000,15.52,15.52,15.52,15.52,300,0
RGT.US,5,20210922,212500,15.64,15.64,15.64,15.64,100,0
RGT.US,5,20210922,213500,15.63,15.65,15.63,15.65,315,0
RGT.US,5,20210922,214500,15.645,15.67,15.6309,15.6309,1215,0
RGT.US,5,20210923,153000,15.77,15.77,15.77,15.77,402,0
RGT.US,5,20210923,183500,15.66,15.66,15.66,15.66,100,0
RGT.US,5,20210923,201500,15.71,15.73,15.71,15.73,300,0
RGT.US,5,20210923,203500,15.7711,15.7711,15.7466,15.7466,1727,0
RGT.US,5,20210923,215500,15.7,15.7,15.7,15.7,100,0
RGT.US,5,20210924,153000,15.59,15.59,15.59,15.59,134,0
RGT.US,5,20210924,154500,15.7,15.7,15.7,15.7,730,0
RGT.US,5,20210924,163500,15.75,15.75,15.75,15.75,500,0
RGT.US,5,20210924,192000,15.76,15.76,15.76,15.76,640,0
RGT.US,5,20210924,192500,15.77,15.77,15.77,15.77,200,0
RGT.US,5,20210924,193000,15.77,15.77,15.77,15.77,202,0
RGT.US,5,20210924,200000,15.77,15.77,15.77,15.77,202,0
RGT.US,5,20210924,201000,15.77,15.7952,15.77,15.7952,875,0
RGT.US,5,20210924,205000,15.77,15.77,15.77,15.77,201,0
RGT.US,5,20210924,212000,15.75,15.75,15.75,15.75,100,0
RGT.US,5,20210924,215000,15.77,15.77,15.77,15.77,200,0
RGT.US,5,20210924,215500,15.77,15.77,15.77,15.77,300,0
RGT.US,5,20210927,153000,15.78,15.78,15.78,15.78,100,0
RGT.US,5,20210927,162500,15.61,15.61,15.6,15.6,406,0
RGT.US,5,20210927,191000,15.64,15.64,15.64,15.64,100,0
RGT.US,5,20210927,193500,15.7,15.85,15.67,15.85,6428,0
RGT.US,5,20210927,194000,15.94,15.94,15.94,15.94,1380,0
RGT.US,5,20210927,205000,15.69,15.69,15.68,15.68,824,0
RGT.US,5,20210928,153000,15.65,15.65,15.65,15.65,100,0
RGT.US,5,20210928,160500,15.4842,15.4842,15.4595,15.4595,600,0
RGT.US,5,20210928,164000,15.4568,15.4568,15.4568,15.4568,399,0
RGT.US,5,20210928,165000,15.4878,15.4878,15.4878,15.4878,140,0
RGT.US,5,20210928,185000,15.49,15.49,15.49,15.49,134,0
RGT.US,5,20210928,192000,15.505,15.505,15.505,15.505,100,0
RGT.US,5,20210928,192500,15.485,15.485,15.485,15.485,100,0
RGT.US,5,20210928,193000,15.5009,15.5009,15.5009,15.5009,307,0
RGT.US,5,20210928,194000,15.5,15.5,15.46,15.46,814,0
RGT.US,5,20210928,201500,15.455,15.455,15.455,15.455,100,0
RGT.US,5,20210928,205000,15.45,15.46,15.45,15.46,393,0
RGT.US,5,20210928,211000,15.4682,15.4682,15.4682,15.4682,200,0
RGT.US,5,20210928,212000,15.44,15.44,15.44,15.44,100,0
RGT.US,5,20210928,214500,15.4699,15.4699,15.4699,15.4699,100,0
RGT.US,5,20210928,215500,15.46,15.46,15.46,15.46,310,0
RGT.US,5,20210929,153000,15.47,15.47,15.47,15.47,800,0
RGT.US,5,20210929,155000,15.5,15.5351,15.47,15.5351,1000,0
RGT.US,5,20210929,164500,15.48,15.48,15.47,15.47,460,0
RGT.US,5,20210929,165500,15.66,15.68,15.66,15.68,3189,0
RGT.US,5,20210929,175500,15.52,15.68,15.52,15.68,2965,0
RGT.US,5,20210929,191000,15.47,15.47,15.47,15.47,573,0
RGT.US,5,20210929,191500,15.65,15.65,15.65,15.65,575,0
RGT.US,5,20210929,192000,15.65,15.65,15.65,15.65,396,0
RGT.US,5,20210929,193500,15.56,15.56,15.56,15.56,500,0
RGT.US,5,20210929,201500,15.5816,15.5816,15.5816,15.5816,300,0
RGT.US,5,20210929,214500,15.59,15.59,15.59,15.59,1000,0
RGT.US,5,20210929,215000,15.4774,15.48,15.45,15.46,1153,0
RGT.US,5,20210930,153000,15.5,15.5,15.5,15.5,100,0
RGT.US,5,20210930,180000,15.5101,15.5101,15.5101,15.5101,300,0
RGT.US,5,20210930,181000,15.546,15.546,15.546,15.546,800,0
RGT.US,5,20210930,183000,15.52,15.52,15.52,15.52,100,0
RGT.US,5,20210930,185000,15.51,15.51,15.51,15.51,200,0
RGT.US,5,20210930,192500,15.5228,15.53,15.52,15.52,860,0
RGT.US,5,20210930,202500,15.51,15.5105,15.51,15.5105,6897,0
RGT.US,5,20210930,215000,15.45,15.45,15.45,15.45,190,0
RGT.US,5,20211001,153000,15.52,15.52,15.52,15.52,481,0
RGT.US,5,20211001,155500,15.6572,15.6572,15.6572,15.6572,100,0
RGT.US,5,20211001,174000,15.38,15.38,15.36,15.36,400,0
RGT.US,5,20211004,153000,15.4,15.4,15.4,15.4,916,0
RGT.US,5,20211004,164500,15.401,15.401,15.401,15.401,1000,0
RGT.US,5,20211004,181000,15.4,15.4002,15.4,15.4002,800,0
RGT.US,5,20211004,184500,15.36,15.36,15.35,15.35,600,0
RGT.US,5,20211004,200000,15.4009,15.4009,15.3996,15.3996,791,0
RGT.US,5,20211004,215500,15.36,15.41,15.36,15.41,200,0
RGT.US,5,20211005,161500,15.35,15.445,15.35,15.35,1400,0
RGT.US,5,20211005,171000,15.26,15.26,15.26,15.26,111,0
RGT.US,5,20211005,172000,15.26,15.26,15.25,15.25,703,0
RGT.US,5,20211005,173000,15.24,15.25,15.11,15.22,2824,0
RGT.US,5,20211005,173500,15.17,15.17,15.17,15.17,1000,0
RGT.US,5,20211005,174500,15.11,15.11,15.11,15.11,1000,0
RGT.US,5,20211005,175000,15.14,15.22,15.14,15.1559,3625,0
RGT.US,5,20211005,175500,15.17,15.17,15.17,15.17,2000,0
RGT.US,5,20211005,182000,15.15,15.15,15.15,15.15,1512,0
RGT.US,5,20211005,182500,15.15,15.15,15.15,15.15,263,0
RGT.US,5,20211005,183000,15.15,15.15,15.15,15.15,2730,0
RGT.US,5,20211005,183500,15.15,15.15,15.14,15.14,3000,0
RGT.US,5,20211005,185000,15.14,15.15,15.09,15.13,1478,0
RGT.US,5,20211005,185500,15.11,15.18,15.11,15.18,1100,0
RGT.US,5,20211005,190500,15.18,15.18,15.18,15.18,300,0
RGT.US,5,20211005,192500,15.1055,15.1055,15.1055,15.1055,500,0
RGT.US,5,20211005,194000,15.12,15.12,15.12,15.12,200,0
RGT.US,5,20211005,202000,15.11,15.11,15.11,15.11,1500,0
RGT.US,5,20211005,203000,15.125,15.14,15.125,15.14,300,0
RGT.US,5,20211005,203500,15.14,15.14,15.14,15.14,1904,0
RGT.US,5,20211005,204500,15.14,15.15,15.13,15.13,3670,0
RGT.US,5,20211005,205500,15.12,15.12,15.12,15.12,100,0
RGT.US,5,20211005,211500,15.14,15.16,15.14,15.15,1400,0
RGT.US,5,20211005,214000,15.15,15.15,15.15,15.15,500,0
RGT.US,5,20211005,214500,15.2,15.2,15.155,15.17,1197,0
RGT.US,5,20211006,153000,15.17,15.17,15.17,15.17,100,0
RGT.US,5,20211006,180000,15.01,15.01,15.01,15.01,1090,0
RGT.US,5,20211006,181000,15,15,15,15,375,0
RGT.US,5,20211006,185500,15,15,15,15,200,0
RGT.US,5,20211006,190500,15.0074,15.0074,15.0074,15.0074,300,0
RGT.US,5,20211006,193000,15.005,15.0799,15.005,15.0799,2200,0
RGT.US,5,20211006,193500,15.05,15.05,15.05,15.05,100,0
RGT.US,5,20211006,212000,15.06,15.06,15.06,15.06,100,0
RGT.US,5,20211006,215000,15.1199,15.1199,15.09,15.09,2600,0
RGT.US,5,20211006,215500,15.09,15.09,15.09,15.09,300,0
RGT.US,5,20211007,153000,15.19,15.19,15.19,15.19,1325,0
RGT.US,5,20211007,180000,15.2587,15.2587,15.2587,15.2587,300,0
RGT.US,5,20211007,194000,15.21,15.21,15.21,15.21,200,0
RGT.US,5,20211007,194500,15.21,15.21,15.21,15.21,500,0
RGT.US,5,20211007,195000,15.1648,15.1648,15.1648,15.1648,310,0
RGT.US,5,20211007,201000,15.179,15.179,15.179,15.179,400,0
RGT.US,5,20211007,202500,15.185,15.21,15.185,15.21,500,0
RGT.US,5,20211007,204000,15.265,15.265,15.265,15.265,570,0
RGT.US,5,20211007,210500,15.235,15.235,15.235,15.235,200,0
RGT.US,5,20211007,215500,15.21,15.21,15.21,15.21,100,0
RGT.US,5,20211008,153000,15.18,15.18,15.18,15.18,623,0
RGT.US,5,20211008,175500,15.23,15.23,15.23,15.23,100,0
RGT.US,5,20211008,180500,15.25,15.3116,15.25,15.3116,999,0
RGT.US,5,20211008,183000,15.3092,15.3092,15.3092,15.3092,200,0
RGT.US,5,20211008,205000,15.2828,15.2828,15.2828,15.2828,200,0
RGT.US,5,20211008,215500,15.24,15.24,15.24,15.24,100,0
RGT.US,5,20211011,171500,15.49,15.86,15.49,15.86,3227,0
RGT.US,5,20211011,172500,15.8217,15.8217,15.8217,15.8217,100,0
RGT.US,5,20211011,185000,15.59,15.59,15.56,15.56,1005,0
RGT.US,5,20211012,153000,15.46,15.4718,15.46,15.4718,504,0
RGT.US,5,20211012,153500,15.44,15.44,15.44,15.44,300,0
RGT.US,5,20211012,154000,15.1989,15.1989,15.1989,15.1989,700,0
RGT.US,5,20211012,175500,15.3943,15.3943,15.3943,15.3943,319,0
RGT.US,5,20211012,215500,15.24,15.24,15.24,15.24,100,0
RGT.US,5,20211013,153000,15.37,15.37,15.37,15.37,102,0
RGT.US,5,20211013,154500,15.34,15.34,15.34,15.34,100,0
RGT.US,5,20211013,161000,15.4808,15.4808,15.4808,15.4808,400,0
RGT.US,5,20211013,161500,15.4766,15.4766,15.4766,15.4766,100,0
RGT.US,5,20211013,162000,15.4,15.4,15.4,15.4,400,0
RGT.US,5,20211013,170000,15.4,15.42,15.375,15.3999,1064,0
RGT.US,5,20211013,174000,15.47,15.47,15.47,15.47,106,0
RGT.US,5,20211013,184000,15.41,15.41,15.41,15.41,100,0
RGT.US,5,20211013,190500,15.41,15.41,15.41,15.41,700,0
RGT.US,5,20211013,192500,15.48,15.48,15.48,15.48,100,0
RGT.US,5,20211013,202000,15.48,15.48,15.48,15.48,100,0
RGT.US,5,20211013,202500,15.4352,15.4352,15.4352,15.4352,628,0
RGT.US,5,20211013,213500,15.3503,15.47,15.3503,15.47,1576,0
RGT.US,5,20211013,214000,15.4624,15.4624,15.35,15.35,998,0
RGT.US,5,20211013,215500,15.46,15.46,15.41,15.41,200,0
RGT.US,5,20211014,153000,15.54,15.54,15.54,15.54,297,0
RGT.US,5,20211014,172000,15.5646,15.5646,15.5646,15.5646,129,0
RGT.US,5,20211014,200500,15.54,15.5401,15.54,15.5401,594,0
RGT.US,5,20211014,213000,15.57,15.57,15.57,15.57,1500,0
RGT.US,5,20211014,213500,15.5999,15.6,15.5999,15.6,750,0
RGT.US,5,20211014,214500,15.57,15.57,15.57,15.57,100,0
RGT.US,5,20211014,215000,15.55,15.55,15.54,15.54,223,0
RGT.US,5,20211014,215500,15.57,15.57,15.57,15.57,100,0
RGT.US,5,20211015,153000,15.61,15.61,15.61,15.61,100,0
RGT.US,5,20211015,161000,15.8566,15.8566,15.8566,15.8566,200,0
RGT.US,5,20211015,162500,15.8516,15.8516,15.8516,15.8516,100,0
RGT.US,5,20211015,165500,15.81,15.81,15.81,15.81,100,0
RGT.US,5,20211015,201000,15.6725,15.6725,15.6725,15.6725,1627,0
RGT.US,5,20211015,205500,15.74,15.74,15.74,15.74,800,0
RGT.US,5,20211018,162000,15.84,15.84,15.8333,15.8333,1000,0
RGT.US,5,20211018,164500,15.84,15.84,15.84,15.84,590,0
RGT.US,5,20211018,190000,15.8184,15.8184,15.8184,15.8184,200,0
RGT.US,5,20211018,194000,15.735,15.735,15.735,15.735,300,0
RGT.US,5,20211018,195500,15.8212,15.8212,15.8212,15.8212,378,0
RGT.US,5,20211018,213000,15.754,15.754,15.754,15.754,100,0
RGT.US,5,20211019,172000,15.78,15.78,15.78,15.78,150,0
RGT.US,5,20211019,201500,15.7268,15.7268,15.7268,15.7268,192,0
RGT.US,5,20211019,203000,15.8385,15.8385,15.8385,15.8385,1000,0
RGT.US,5,20211019,203500,15.72,15.72,15.71,15.71,668,0
RGT.US,5,20211019,212500,15.8149,15.8149,15.8149,15.8149,1000,0
RGT.US,5,20211019,213000,15.759,15.759,15.759,15.759,350,0
RGT.US,5,20211020,153000,15.83,15.83,15.83,15.83,603,0
RGT.US,5,20211020,161000,15.84,15.84,15.84,15.84,143,0
RGT.US,5,20211020,164500,15.85,15.85,15.85,15.85,300,0
RGT.US,5,20211020,173500,15.85,15.85,15.85,15.85,300,0
RGT.US,5,20211020,183000,15.85,15.85,15.85,15.85,300,0
RGT.US,5,20211020,191500,15.83,15.83,15.83,15.83,250,0
RGT.US,5,20211020,192500,15.7886,15.7886,15.7886,15.7886,600,0
RGT.US,5,20211020,194000,15.85,15.85,15.85,15.85,375,0
RGT.US,5,20211020,195500,15.85,15.85,15.85,15.85,200,0
RGT.US,5,20211020,201500,15.85,15.85,15.85,15.85,200,0
RGT.US,5,20211020,205000,15.88,15.88,15.88,15.88,100,0
RGT.US,5,20211020,215500,15.83,15.83,15.83,15.83,168,0
RGT.US,5,20211021,153000,15.77,15.77,15.77,15.77,100,0
RGT.US,5,20211021,161500,15.81,15.81,15.8,15.8,1500,0
RGT.US,5,20211021,163000,15.8,15.8,15.8,15.8,176,0
RGT.US,5,20211021,173500,15.91,15.92,15.91,15.92,223,0
RGT.US,5,20211021,200500,15.83,15.83,15.83,15.83,300,0
RGT.US,5,20211021,201000,15.8,15.8,15.8,15.8,623,0
RGT.US,5,20211021,203500,15.79,15.79,15.79,15.79,100,0
RGT.US,5,20211021,204000,15.8,15.8,15.786,15.786,1030,0
RGT.US,5,20211021,215000,15.78,15.78,15.78,15.78,100,0
RGT.US,5,20211021,215500,15.8,15.8,15.79,15.79,300,0
RGT.US,5,20211022,153000,15.77,15.77,15.77,15.77,100,0
RGT.US,5,20211022,165500,15.8601,15.8601,15.8601,15.8601,100,0
RGT.US,5,20211022,171000,15.9194,15.9194,15.9194,15.9194,750,0
RGT.US,5,20211022,173000,15.9,15.9,15.9,15.9,383,0
RGT.US,5,20211022,173500,15.9,15.9,15.9,15.9,324,0
RGT.US,5,20211022,174000,15.9,15.9001,15.9,15.9001,516,0
RGT.US,5,20211022,214500,15.86,15.86,15.86,15.86,200,0
RGT.US,5,20211022,215500,15.91,15.92,15.91,15.9199,3200,0
RGT.US,5,20211025,180500,15.905,15.905,15.905,15.905,105,0
RGT.US,5,20211025,183500,15.9592,15.9592,15.9592,15.9592,519,0
RGT.US,5,20211025,211500,15.96,15.96,15.9599,15.9599,806,0
RGT.US,5,20211025,215500,15.9,15.9,15.9,15.9,129,0
RGT.US,5,20211026,161000,15.9798,15.9798,15.9798,15.9798,127,0
RGT.US,5,20211026,161500,15.98,15.98,15.98,15.98,100,0
RGT.US,5,20211026,162500,15.956,15.956,15.956,15.956,300,0
RGT.US,5,20211026,164000,15.98,15.98,15.9625,15.9693,800,0
RGT.US,5,20211026,170500,15.9032,15.9032,15.9032,15.9032,146,0
RGT.US,5,20211026,171500,15.9195,15.9195,15.9195,15.9195,625,0
RGT.US,5,20211026,173500,15.92,15.92,15.92,15.92,445,0
RGT.US,5,20211026,180500,15.86,15.87,15.86,15.86,1000,0
RGT.US,5,20211026,181000,15.87,15.92,15.86,15.86,3200,0
RGT.US,5,20211026,184500,15.8018,15.854,15.8018,15.854,600,0
RGT.US,5,20211026,203500,15.89,15.89,15.89,15.89,700,0
RGT.US,5,20211026,215500,15.9683,15.9683,15.9683,15.9683,300,0
RGT.US,5,20211027,153000,15.83,15.83,15.83,15.83,375,0
RGT.US,5,20211027,164000,15.8812,15.8812,15.8812,15.8812,470,0
RGT.US,5,20211027,184000,15.952,15.952,15.952,15.952,100,0
RGT.US,5,20211027,193000,15.88,15.9786,15.88,15.9786,376,0
RGT.US,5,20211027,200000,15.8812,15.8812,15.8812,15.8812,100,0
RGT.US,5,20211027,202500,15.98,15.98,15.98,15.98,650,0
RGT.US,5,20211027,214500,15.943,15.943,15.943,15.943,1000,0
RGT.US,5,20211027,215500,15.88,15.88,15.88,15.88,100,0
RGT.US,5,20211028,153000,15.86,15.86,15.86,15.86,270,0
RGT.US,5,20211028,163000,15.7724,15.7724,15.7724,15.7724,225,0
RGT.US,5,20211028,164000,15.75,15.75,15.75,15.75,1400,0
RGT.US,5,20211028,170000,15.75,15.75,15.75,15.75,890,0
RGT.US,5,20211028,171500,15.73,15.73,15.73,15.73,710,0
RGT.US,5,20211028,214500,15.91,15.92,15.91,15.9198,1443,0
RGT.US,5,20211028,215000,15.75,15.75,15.75,15.75,100,0
RGT.US,5,20211029,153000,15.85,15.85,15.85,15.85,650,0
RGT.US,5,20211029,160000,15.97,15.98,15.97,15.9798,4815,0
RGT.US,5,20211029,173000,15.98,15.98,15.98,15.98,100,0
RGT.US,5,20211029,174000,15.825,15.825,15.825,15.825,6259,0
RGT.US,5,20211029,191500,15.85,15.85,15.85,15.85,676,0
RGT.US,5,20211029,192000,15.86,15.87,15.86,15.87,2400,0
RGT.US,5,20211029,201000,15.91,15.91,15.85,15.85,2406,0
RGT.US,5,20211029,215500,15.819,15.819,15.819,15.819,200,0
RGT.US,5,20211101,143000,15.85,15.85,15.85,15.85,100,0
RGT.US,5,20211101,151000,15.75,15.75,15.75,15.75,100,0
RGT.US,5,20211101,161000,15.76,15.76,15.76,15.76,100,0
RGT.US,5,20211101,164500,15.81,15.81,15.81,15.81,100,0
RGT.US,5,20211101,172000,15.85,15.85,15.85,15.85,100,0
RGT.US,5,20211101,173500,15.91,15.91,15.85,15.85,900,0
RGT.US,5,20211101,180000,15.91,15.91,15.91,15.91,100,0
RGT.US,5,20211101,180500,15.91,15.91,15.91,15.91,100,0
RGT.US,5,20211101,181000,15.91,15.91,15.91,15.91,100,0
RGT.US,5,20211101,184000,15.91,15.91,15.9,15.9,400,0
RGT.US,5,20211101,192000,15.9,15.9,15.9,15.9,100,0
RGT.US,5,20211101,201000,15.92,15.92,15.92,15.92,403,0
RGT.US,5,20211101,204000,15.92,15.92,15.92,15.92,100,0
RGT.US,5,20211101,205000,15.92,15.92,15.92,15.92,100,0
RGT.US,5,20211102,143000,15.98,15.98,15.98,15.98,138,0
RGT.US,5,20211102,145000,15.8706,15.8706,15.8706,15.8706,117,0
RGT.US,5,20211102,145500,15.97,16.04,15.97,15.9798,4177,0
RGT.US,5,20211102,150000,15.9316,15.9316,15.9316,15.9316,650,0
RGT.US,5,20211102,153000,16.1,16.1,16.1,16.1,100,0
RGT.US,5,20211102,155000,16.13,16.13,16.13,16.13,335,0
RGT.US,5,20211102,172000,16,16,16,16,300,0
RGT.US,5,20211102,181500,15.9596,15.9596,15.8336,15.8336,1360,0
RGT.US,5,20211102,202000,16.1333,16.1333,16.1333,16.1333,1000,0
RGT.US,5,20211102,204000,16.155,16.155,16.155,16.155,328,0
RGT.US,5,20211102,205000,16.19,16.19,16.18,16.18,246,0
RGT.US,5,20211102,205500,16.17,16.1705,16.17,16.1705,708,0
RGT.US,5,20211103,143000,16.24,16.24,16.24,16.24,1525,0
RGT.US,5,20211103,151000,16.17,16.18,16.17,16.18,897,0
RGT.US,5,20211103,152500,15.8772,15.8772,15.8772,15.8772,232,0
RGT.US,5,20211103,153000,16.16,16.19,16.16,16.1798,1013,0
RGT.US,5,20211103,161000,16.17,16.19,16.17,16.19,245,0
RGT.US,5,20211103,163500,15.8926,15.8926,15.8926,15.8926,183,0
RGT.US,5,20211103,164000,16.19,16.22,16.045,16.045,3590,0
RGT.US,5,20211103,171000,16.22,16.22,16.22,16.22,100,0
RGT.US,5,20211103,175000,16.1927,16.1927,16.1927,16.1927,182,0
RGT.US,5,20211103,181000,16.22,16.22,16.22,16.22,700,0
RGT.US,5,20211103,181500,16.22,16.22,16.22,16.22,200,0
RGT.US,5,20211103,182000,16.2,16.2,16.2,16.2,822,0
RGT.US,5,20211103,190500,16.265,16.265,16.265,16.265,149,0
RGT.US,5,20211103,200500,16.23,16.23,16.2009,16.2009,950,0
RGT.US,5,20211103,201000,16.29,16.29,16.29,16.29,100,0
RGT.US,5,20211104,143000,16.33,16.33,16.33,16.33,100,0
RGT.US,5,20211104,145000,16.48,16.48,16.48,16.48,100,0
RGT.US,5,20211104,154500,16.0246,16.0246,16.0246,16.0246,1000,0
RGT.US,5,20211104,162000,16.275,16.275,16.275,16.275,100,0
RGT.US,5,20211104,191000,16.187,16.187,16.187,16.187,124,0
RGT.US,5,20211105,143000,16.49,16.49,16.49,16.49,100,0
RGT.US,5,20211105,145500,16.48,16.48,16.48,16.48,100,0
RGT.US,5,20211105,153000,16.3535,16.3535,16.3535,16.3535,600,0
RGT.US,5,20211105,155000,16.63,16.64,16.63,16.64,909,0
RGT.US,5,20211105,163000,16.63,16.63,16.63,16.63,342,0
RGT.US,5,20211105,164000,16.48,16.48,16.48,16.48,600,0
RGT.US,5,20211105,171000,16.52,16.52,16.51,16.51,700,0
RGT.US,5,20211105,190000,16.4201,16.4201,16.4201,16.4201,300,0
RGT.US,5,20211105,194000,16.4195,16.4195,16.4195,16.4195,380,0
RGT.US,5,20211105,203000,16.51,16.58,16.43,16.43,1100,0
RGT.US,5,20211108,155000,16.45,16.45,16.4121,16.4121,1255,0
RGT.US,5,20211108,155500,16.7796,16.7796,16.42,16.42,671,0
RGT.US,5,20211108,164000,16.6,16.6,16.6,16.6,111,0
RGT.US,5,20211108,165000,16.7036,16.7036,16.7036,16.7036,1152,0
RGT.US,5,20211108,170000,16.7001,16.74,16.7001,16.7018,1581,0
RGT.US,5,20211108,171000,16.72,16.72,16.7,16.7,500,0
RGT.US,5,20211108,183500,16.7,16.7,16.7,16.7,200,0
RGT.US,5,20211108,185000,16.68,16.68,16.68,16.68,200,0
RGT.US,5,20211108,193000,16.6821,16.6821,16.6821,16.6821,200,0
RGT.US,5,20211108,195000,16.68,16.68,16.68,16.68,200,0
RGT.US,5,20211108,200500,16.68,16.68,16.68,16.68,488,0
RGT.US,5,20211108,205000,16.68,16.68,16.68,16.68,200,0
RGT.US,5,20211108,211500,16.7,16.73,16.7,16.73,481,0
RGT.US,5,20211108,214500,16.715,16.715,16.715,16.715,164,0
RGT.US,5,20211109,153000,16.9,16.9,16.9,16.9,1837,0
RGT.US,5,20211109,155500,16.71,16.71,16.71,16.71,300,0
RGT.US,5,20211109,160500,16.77,16.77,16.77,16.77,410,0
RGT.US,5,20211109,171500,16.791,16.791,16.791,16.791,100,0
RGT.US,5,20211109,183000,16.77,16.77,16.77,16.77,900,0
RGT.US,5,20211109,184500,16.74,16.75,16.74,16.75,423,0
RGT.US,5,20211109,200500,16.73,16.73,16.7201,16.7201,1100,0
RGT.US,5,20211109,202000,16.73,16.73,16.73,16.73,343,0
RGT.US,5,20211109,210000,16.6874,16.6874,16.6874,16.6874,213,0
RGT.US,5,20211109,215500,16.7,16.7,16.7,16.7,100,0
RGT.US,5,20211110,153000,16.6801,16.6822,16.68,16.6822,9100,0
RGT.US,5,20211110,184500,16.7205,16.7205,16.7205,16.7205,357,0
RGT.US,5,20211110,191500,16.73,16.73,16.715,16.715,543,0
RGT.US,5,20211110,192000,16.72,16.72,16.72,16.72,100,0
RGT.US,5,20211110,192500,16.71,16.7101,16.7,16.71,3100,0
RGT.US,5,20211110,194500,16.68,16.6801,16.68,16.6801,946,0
RGT.US,5,20211110,215000,16.6,16.6,16.39,16.39,3387,0
RGT.US,5,20211111,153000,16.63,16.63,16.63,16.63,788,0
RGT.US,5,20211111,164000,16.7027,16.7027,16.7027,16.7027,600,0
RGT.US,5,20211111,165500,16.72,16.73,16.72,16.73,800,0
RGT.US,5,20211111,170000,16.85,16.86,16.85,16.86,1000,0
RGT.US,5,20211111,174500,16.78,16.78,16.68,16.68,5900,0
RGT.US,5,20211111,180500,16.69,16.69,16.69,16.69,100,0
RGT.US,5,20211111,185500,16.69,16.69,16.69,16.69,100,0
RGT.US,5,20211111,204500,16.66,16.6602,16.66,16.6602,600,0
RGT.US,5,20211111,214500,16.41,16.41,16.41,16.41,100,0
RGT.US,5,20211111,215500,16.37,16.37,16.32,16.32,279,0
