<TICKER>,<PER>,<DATE>,<TIME>,<OPEN>,<HIGH>,<LOW>,<CLOSE>,<VOL>,<OPENINT>
SYF_A.US,5,20210922,153000,26.95,26.95,26.8891,26.8891,2240,0
SYF_A.US,5,20210922,155000,26.9799,26.9799,26.9799,26.9799,184,0
SYF_A.US,5,20210922,155500,26.98,26.98,26.98,26.98,100,0
SYF_A.US,5,20210922,160000,26.98,27,26.98,26.99,1940,0
SYF_A.US,5,20210922,162000,26.99,27.1,26.99,27.1,7364,0
SYF_A.US,5,20210922,163500,27.11,27.11,27.1,27.1,300,0
SYF_A.US,5,20210922,164000,27.11,27.11,27.09,27.09,500,0
SYF_A.US,5,20210922,164500,27.09,27.1,27.09,27.09,1692,0
SYF_A.US,5,20210922,165000,27.115,27.115,27.115,27.115,100,0
SYF_A.US,5,20210922,165500,27.09,27.09,27.09,27.09,200,0
SYF_A.US,5,20210922,170000,27.09,27.09,27.09,27.09,200,0
SYF_A.US,5,20210922,170500,27.09,27.115,27.09,27.115,500,0
SYF_A.US,5,20210922,171000,27.1,27.1,27.1,27.1,100,0
SYF_A.US,5,20210922,171500,27.09,27.09,27.09,27.09,200,0
SYF_A.US,5,20210922,172000,27.1258,27.1258,27.09,27.09,403,0
SYF_A.US,5,20210922,172500,27.125,27.125,27.09,27.09,200,0
SYF_A.US,5,20210922,173000,27.16,27.17,27.16,27.17,709,0
SYF_A.US,5,20210922,173500,27.17,27.17,27.1401,27.1401,447,0
SYF_A.US,5,20210922,174500,27.11,27.11,27.075,27.075,200,0
SYF_A.US,5,20210922,175000,27.14,27.14,27.14,27.14,500,0
SYF_A.US,5,20210922,175500,27.055,27.055,27.055,27.055,200,0
SYF_A.US,5,20210922,180000,27.055,27.055,27.055,27.055,100,0
SYF_A.US,5,20210922,180500,27.02,27.03,27,27.0299,1000,0
SYF_A.US,5,20210922,182000,27,27.06,27,27.051,500,0
SYF_A.US,5,20210922,183000,27.05,27.05,27.05,27.05,100,0
SYF_A.US,5,20210922,185000,27.055,27.055,27.055,27.055,200,0
SYF_A.US,5,20210922,190500,27.03,27.03,27.03,27.03,100,0
SYF_A.US,5,20210922,191500,27.055,27.055,27.055,27.055,100,0
SYF_A.US,5,20210922,192500,27.0899,27.0899,27.084,27.084,458,0
SYF_A.US,5,20210922,193000,27.04,27.04,27.04,27.04,100,0
SYF_A.US,5,20210922,193500,27.065,27.065,27.065,27.065,200,0
SYF_A.US,5,20210922,195000,27.0501,27.07,27.0501,27.062,400,0
SYF_A.US,5,20210922,195500,27.07,27.07,27.07,27.07,100,0
SYF_A.US,5,20210922,200000,27.0897,27.0897,27.07,27.07,1100,0
SYF_A.US,5,20210922,201000,27.08,27.09,27.08,27.09,1374,0
SYF_A.US,5,20210922,201500,27.08,27.09,27.08,27.08,1900,0
SYF_A.US,5,20210922,202500,27.08,27.09,27.08,27.09,1000,0
SYF_A.US,5,20210922,203000,27.08,27.08,27.08,27.08,600,0
SYF_A.US,5,20210922,204000,27.08,27.08,27.08,27.08,530,0
SYF_A.US,5,20210922,205500,27.08,27.08,27.08,27.08,100,0
SYF_A.US,5,20210922,210500,27.08,27.08,27.08,27.08,100,0
SYF_A.US,5,20210922,211000,27.08,27.08,27.0788,27.0788,519,0
SYF_A.US,5,20210922,211500,27.0718,27.08,27.0718,27.08,470,0
SYF_A.US,5,20210922,213500,27.08,27.08,27.08,27.08,1100,0
SYF_A.US,5,20210922,214000,27.0799,27.085,27.0799,27.08,1833,0
SYF_A.US,5,20210922,214500,27.08,27.08,27.08,27.08,100,0
SYF_A.US,5,20210922,215000,27.08,27.08,27.08,27.08,100,0
SYF_A.US,5,20210922,215500,27.0799,27.08,27.0788,27.0788,1425,0
SYF_A.US,5,20210923,153000,27.09,27.09,27.09,27.09,531,0
SYF_A.US,5,20210923,153500,27.09,27.09,27.09,27.09,625,0
SYF_A.US,5,20210923,154000,27.09,27.09,27.09,27.09,200,0
SYF_A.US,5,20210923,155000,27.07,27.07,27.07,27.07,200,0
SYF_A.US,5,20210923,155500,27.05,27.06,27.05,27.05,1000,0
SYF_A.US,5,20210923,160000,27.05,27.05,27.05,27.05,1100,0
SYF_A.US,5,20210923,160500,27.065,27.09,27.05,27.075,7085,0
SYF_A.US,5,20210923,161000,27.075,27.075,27.0601,27.0601,1181,0
SYF_A.US,5,20210923,162000,27.0865,27.0865,27.0865,27.0865,500,0
SYF_A.US,5,20210923,163000,27.085,27.085,27.085,27.085,200,0
SYF_A.US,5,20210923,163500,27.07,27.07,27.07,27.07,100,0
SYF_A.US,5,20210923,165000,27.07,27.07,27.06,27.06,280,0
SYF_A.US,5,20210923,170000,27.07,27.07,27.05,27.05,434,0
SYF_A.US,5,20210923,170500,27.05,27.05,27.05,27.05,1730,0
SYF_A.US,5,20210923,171000,27.05,27.08,27.04,27.05,2764,0
SYF_A.US,5,20210923,171500,27.02,27.02,27.02,27.02,100,0
SYF_A.US,5,20210923,172000,26.99,26.99,26.99,26.99,100,0
SYF_A.US,5,20210923,172500,26.98,26.98,26.9,26.9,2290,0
SYF_A.US,5,20210923,173000,26.88,26.88,26.88,26.88,100,0
SYF_A.US,5,20210923,173500,26.95,26.95,26.95,26.95,181,0
SYF_A.US,5,20210923,174000,26.84,26.85,26.84,26.85,200,0
SYF_A.US,5,20210923,180000,26.91,26.91,26.9,26.9,900,0
SYF_A.US,5,20210923,180500,26.87,26.89,26.85,26.89,1289,0
SYF_A.US,5,20210923,181000,26.9603,26.9603,26.872,26.872,1189,0
SYF_A.US,5,20210923,181500,26.8312,26.8312,26.8312,26.8312,382,0
SYF_A.US,5,20210923,182500,26.84,26.84,26.8301,26.84,2000,0
SYF_A.US,5,20210923,190500,26.92,26.9394,26.92,26.9394,200,0
SYF_A.US,5,20210923,192500,26.9433,26.9433,26.9433,26.9433,500,0
SYF_A.US,5,20210923,193500,26.8879,26.8879,26.8879,26.8879,483,0
SYF_A.US,5,20210923,195000,26.89,26.89,26.89,26.89,648,0
SYF_A.US,5,20210923,201000,26.89,26.89,26.89,26.89,200,0
SYF_A.US,5,20210923,201500,26.94,26.94,26.94,26.94,100,0
SYF_A.US,5,20210923,204000,26.89,26.915,26.8508,26.8508,3300,0
SYF_A.US,5,20210923,205500,26.89,26.89,26.86,26.86,678,0
SYF_A.US,5,20210923,211000,26.8955,26.8955,26.8955,26.8955,400,0
SYF_A.US,5,20210923,213000,26.87,26.87,26.86,26.86,300,0
SYF_A.US,5,20210923,213500,26.9145,26.9145,26.89,26.89,500,0
SYF_A.US,5,20210923,214500,26.91,26.91,26.91,26.91,200,0
SYF_A.US,5,20210923,215000,26.87,26.87,26.87,26.87,100,0
SYF_A.US,5,20210923,215500,26.93,26.93,26.93,26.93,124,0
SYF_A.US,5,20210924,153000,26.91,26.91,26.91,26.91,928,0
SYF_A.US,5,20210924,155000,26.85,26.85,26.85,26.85,988,0
SYF_A.US,5,20210924,160000,26.815,26.815,26.815,26.815,300,0
SYF_A.US,5,20210924,162000,26.8789,26.8789,26.8789,26.8789,139,0
SYF_A.US,5,20210924,162500,26.8273,26.8671,26.825,26.8646,829,0
SYF_A.US,5,20210924,163000,26.8272,26.8272,26.8272,26.8272,300,0
SYF_A.US,5,20210924,165000,26.7931,26.7931,26.7931,26.7931,135,0
SYF_A.US,5,20210924,170500,26.83,26.86,26.83,26.85,399,0
SYF_A.US,5,20210924,172000,26.86,26.88,26.86,26.88,400,0
SYF_A.US,5,20210924,185000,26.945,26.945,26.945,26.945,100,0
SYF_A.US,5,20210924,185500,26.86,26.86,26.86,26.86,2484,0
SYF_A.US,5,20210924,192000,26.94,26.94,26.94,26.94,200,0
SYF_A.US,5,20210924,193500,26.95,26.95,26.95,26.95,200,0
SYF_A.US,5,20210924,194000,26.95,26.95,26.882,26.9401,937,0
SYF_A.US,5,20210924,205500,26.85,26.85,26.85,26.85,100,0
SYF_A.US,5,20210924,210000,26.85,26.8525,26.83,26.8525,1200,0
SYF_A.US,5,20210924,210500,26.84,26.84,26.82,26.84,2900,0
SYF_A.US,5,20210924,211000,26.83,26.83,26.83,26.83,100,0
SYF_A.US,5,20210924,211500,26.82,26.82,26.82,26.82,200,0
SYF_A.US,5,20210924,212000,26.81,26.81,26.81,26.81,300,0
SYF_A.US,5,20210924,212500,26.79,26.8057,26.78,26.78,734,0
SYF_A.US,5,20210924,213000,26.78,26.78,26.77,26.77,200,0
SYF_A.US,5,20210924,213500,26.78,26.78,26.78,26.78,200,0
SYF_A.US,5,20210924,214000,26.78,26.78,26.78,26.78,100,0
SYF_A.US,5,20210924,214500,26.81,26.81,26.78,26.78,1844,0
SYF_A.US,5,20210924,215000,26.78,26.78,26.76,26.76,800,0
SYF_A.US,5,20210924,215500,26.68,26.7,26.68,26.69,2547,0
SYF_A.US,5,20210927,153000,26.66,26.66,26.66,26.66,728,0
SYF_A.US,5,20210927,153500,26.65,26.65,26.65,26.65,300,0
SYF_A.US,5,20210927,154000,26.6,26.6,26.599,26.599,200,0
SYF_A.US,5,20210927,155500,26.601,26.63,26.558,26.63,1300,0
SYF_A.US,5,20210927,161000,26.67,26.67,26.67,26.67,250,0
SYF_A.US,5,20210927,161500,26.6631,26.6631,26.6631,26.6631,600,0
SYF_A.US,5,20210927,162000,26.601,26.625,26.6,26.625,600,0
SYF_A.US,5,20210927,163000,26.61,26.65,26.61,26.649,600,0
SYF_A.US,5,20210927,164500,26.6165,26.64,26.615,26.615,736,0
SYF_A.US,5,20210927,170500,26.65,26.65,26.615,26.615,500,0
SYF_A.US,5,20210927,171000,26.64,26.64,26.64,26.64,100,0
SYF_A.US,5,20210927,172000,26.59,26.5901,26.59,26.5901,1200,0
SYF_A.US,5,20210927,172500,26.615,26.615,26.615,26.615,100,0
SYF_A.US,5,20210927,173000,26.59,26.595,26.56,26.56,1500,0
SYF_A.US,5,20210927,173500,26.57,26.57,26.56,26.56,624,0
SYF_A.US,5,20210927,174000,26.56,26.6,26.55,26.6,4409,0
SYF_A.US,5,20210927,175000,26.57,26.57,26.57,26.57,100,0
SYF_A.US,5,20210927,175500,26.57,26.57,26.57,26.57,300,0
SYF_A.US,5,20210927,180000,26.57,26.57,26.57,26.57,100,0
SYF_A.US,5,20210927,181000,26.57,26.59,26.57,26.57,1200,0
SYF_A.US,5,20210927,181500,26.58,26.58,26.57,26.57,484,0
SYF_A.US,5,20210927,182000,26.57,26.57,26.57,26.57,234,0
SYF_A.US,5,20210927,182500,26.57,26.57,26.57,26.57,100,0
SYF_A.US,5,20210927,183500,26.57,26.57,26.57,26.57,200,0
SYF_A.US,5,20210927,184500,26.57,26.57,26.57,26.57,100,0
SYF_A.US,5,20210927,185500,26.58,26.58,26.57,26.57,200,0
SYF_A.US,5,20210927,190000,26.57,26.57,26.57,26.57,100,0
SYF_A.US,5,20210927,190500,26.58,26.58,26.58,26.58,100,0
SYF_A.US,5,20210927,192000,26.57,26.57,26.57,26.57,100,0
SYF_A.US,5,20210927,193500,26.57,26.575,26.57,26.575,200,0
SYF_A.US,5,20210927,194000,26.575,26.575,26.575,26.575,177,0
SYF_A.US,5,20210927,194500,26.57,26.58,26.57,26.58,2487,0
SYF_A.US,5,20210927,195000,26.57,26.57,26.56,26.56,251,0
SYF_A.US,5,20210927,195500,26.56,26.56,26.56,26.56,300,0
SYF_A.US,5,20210927,201500,26.565,26.565,26.565,26.565,100,0
SYF_A.US,5,20210927,202000,26.5607,26.5607,26.56,26.56,700,0
SYF_A.US,5,20210927,205500,26.5612,26.5612,26.5612,26.5612,114,0
SYF_A.US,5,20210927,210000,26.5699,26.5699,26.565,26.565,300,0
SYF_A.US,5,20210927,210500,26.56,26.565,26.56,26.565,1100,0
SYF_A.US,5,20210927,212500,26.57,26.57,26.565,26.565,375,0
SYF_A.US,5,20210927,213000,26.5611,26.5611,26.5611,26.5611,149,0
SYF_A.US,5,20210927,214000,26.57,26.57,26.57,26.57,100,0
SYF_A.US,5,20210927,215000,26.57,26.57,26.565,26.565,1100,0
SYF_A.US,5,20210927,215500,26.56,26.66,26.56,26.66,3399,0
SYF_A.US,5,20210928,153000,26.62,26.62,26.4,26.48,1498,0
SYF_A.US,5,20210928,153500,26.5716,26.5716,26.5716,26.5716,350,0
SYF_A.US,5,20210928,154500,26.35,26.39,26.35,26.39,601,0
SYF_A.US,5,20210928,155000,26.385,26.4,26.385,26.4,400,0
SYF_A.US,5,20210928,155500,26.4416,26.45,26.4416,26.4416,500,0
SYF_A.US,5,20210928,161500,26.35,26.38,26.34,26.38,1403,0
SYF_A.US,5,20210928,164500,26.365,26.365,26.365,26.365,131,0
SYF_A.US,5,20210928,165500,26.35,26.385,26.35,26.385,400,0
SYF_A.US,5,20210928,171500,26.37,26.37,26.36,26.36,1500,0
SYF_A.US,5,20210928,173000,26.4,26.4,26.38,26.38,800,0
SYF_A.US,5,20210928,174000,26.4,26.4,26.4,26.4,1576,0
SYF_A.US,5,20210928,175000,26.3622,26.3622,26.3622,26.3622,313,0
SYF_A.US,5,20210928,182500,26.36,26.37,26.36,26.37,232,0
SYF_A.US,5,20210928,183000,26.39,26.39,26.39,26.39,812,0
SYF_A.US,5,20210928,184500,26.389,26.389,26.389,26.389,300,0
SYF_A.US,5,20210928,190500,26.3803,26.3803,26.3803,26.3803,118,0
SYF_A.US,5,20210928,191000,26.39,26.4,26.37,26.4,29453,0
SYF_A.US,5,20210928,193500,26.453,26.453,26.453,26.453,294,0
SYF_A.US,5,20210928,200000,26.42,26.42,26.4,26.4,1926,0
SYF_A.US,5,20210928,201500,26.325,26.35,26.325,26.35,734,0
SYF_A.US,5,20210928,202000,26.31,26.4,26.31,26.3999,2104,0
SYF_A.US,5,20210928,204000,26.41,26.41,26.4099,26.4099,200,0
SYF_A.US,5,20210928,204500,26.4699,26.4699,26.4699,26.4699,425,0
SYF_A.US,5,20210928,205500,26.47,26.47,26.38,26.3802,1208,0
SYF_A.US,5,20210928,210000,26.41,26.41,26.4,26.4,6769,0
SYF_A.US,5,20210928,210500,26.4,26.4,26.4,26.4,234,0
SYF_A.US,5,20210928,211000,26.41,26.41,26.4,26.4,300,0
SYF_A.US,5,20210928,211500,26.4,26.4799,26.4,26.4799,200,0
SYF_A.US,5,20210928,212000,26.4,26.4,26.4,26.4,300,0
SYF_A.US,5,20210928,212500,26.4,26.425,26.4,26.425,500,0
SYF_A.US,5,20210928,213000,26.4025,26.4025,26.4025,26.4025,1680,0
SYF_A.US,5,20210928,214500,26.42,26.43,26.42,26.43,600,0
SYF_A.US,5,20210928,215000,26.4063,26.42,26.4,26.42,2140,0
SYF_A.US,5,20210928,215500,26.41,26.44,26.41,26.44,1016,0
SYF_A.US,5,20210929,153000,26.49,26.49,26.418,26.432,2727,0
SYF_A.US,5,20210929,155500,26.43,26.5,26.4201,26.5,935,0
SYF_A.US,5,20210929,160000,26.575,26.575,26.529,26.529,600,0
SYF_A.US,5,20210929,161000,26.59,26.59,26.59,26.59,419,0
SYF_A.US,5,20210929,162000,26.555,26.555,26.555,26.555,100,0
SYF_A.US,5,20210929,162500,26.555,26.555,26.555,26.555,175,0
SYF_A.US,5,20210929,163000,26.55,26.55,26.55,26.55,100,0
SYF_A.US,5,20210929,164500,26.5831,26.5831,26.5831,26.5831,131,0
SYF_A.US,5,20210929,171500,26.56,26.56,26.55,26.55,714,0
SYF_A.US,5,20210929,173000,26.57,26.57,26.57,26.57,145,0
SYF_A.US,5,20210929,175500,26.59,26.64,26.59,26.64,1100,0
SYF_A.US,5,20210929,181500,26.67,26.6795,26.67,26.6795,200,0
SYF_A.US,5,20210929,182000,26.675,26.675,26.65,26.665,406,0
SYF_A.US,5,20210929,183000,26.6524,26.6524,26.6524,26.6524,975,0
SYF_A.US,5,20210929,183500,26.665,26.673,26.64,26.673,4690,0
SYF_A.US,5,20210929,185000,26.66,26.66,26.66,26.66,588,0
SYF_A.US,5,20210929,191500,26.6401,26.6401,26.6401,26.6401,271,0
SYF_A.US,5,20210929,192500,26.64,26.64,26.64,26.64,256,0
SYF_A.US,5,20210929,193500,26.64,26.6428,26.64,26.6428,800,0
SYF_A.US,5,20210929,194000,26.667,26.667,26.667,26.667,369,0
SYF_A.US,5,20210929,200500,26.66,26.66,26.66,26.66,200,0
SYF_A.US,5,20210929,201000,26.67,26.67,26.67,26.67,141,0
SYF_A.US,5,20210929,204000,26.64,26.64,26.64,26.64,1000,0
SYF_A.US,5,20210929,205000,26.66,26.66,26.66,26.66,200,0
SYF_A.US,5,20210929,210500,26.66,26.66,26.66,26.66,400,0
SYF_A.US,5,20210929,212000,26.67,26.68,26.6699,26.67,1240,0
SYF_A.US,5,20210929,213000,26.65,26.65,26.58,26.65,7178,0
SYF_A.US,5,20210930,153000,26.7,26.7,26.7,26.7,547,0
SYF_A.US,5,20210930,154500,26.6515,26.6515,26.6515,26.6515,130,0
SYF_A.US,5,20210930,160000,26.6475,26.6475,26.6475,26.6475,400,0
SYF_A.US,5,20210930,160500,26.635,26.69,26.635,26.69,234,0
SYF_A.US,5,20210930,161000,26.69,26.69,26.69,26.69,200,0
SYF_A.US,5,20210930,162000,26.68,26.68,26.68,26.68,700,0
SYF_A.US,5,20210930,162500,26.69,26.69,26.69,26.69,100,0
SYF_A.US,5,20210930,163000,26.68,26.68,26.68,26.68,100,0
SYF_A.US,5,20210930,164000,26.68,26.69,26.68,26.69,200,0
SYF_A.US,5,20210930,164500,26.68,26.68,26.68,26.68,700,0
SYF_A.US,5,20210930,165000,26.685,26.7094,26.68,26.695,1614,0
SYF_A.US,5,20210930,165500,26.695,26.695,26.695,26.695,400,0
SYF_A.US,5,20210930,170000,26.695,26.695,26.68,26.68,6138,0
SYF_A.US,5,20210930,171000,26.695,26.71,26.68,26.68,11167,0
SYF_A.US,5,20210930,173000,26.68,26.68,26.68,26.68,484,0
SYF_A.US,5,20210930,174000,26.68,26.68,26.68,26.68,1600,0
SYF_A.US,5,20210930,174500,26.68,26.68,26.68,26.68,700,0
SYF_A.US,5,20210930,180000,26.69,26.69,26.65,26.65,1600,0
SYF_A.US,5,20210930,181500,26.62,26.62,26.62,26.62,163,0
SYF_A.US,5,20210930,182500,26.61,26.61,26.61,26.61,100,0
SYF_A.US,5,20210930,183000,26.62,26.62,26.62,26.62,100,0
SYF_A.US,5,20210930,194000,26.7118,26.7118,26.6931,26.6931,462,0
SYF_A.US,5,20210930,200500,26.71,26.71,26.7,26.71,1300,0
SYF_A.US,5,20210930,201000,26.73,26.73,26.73,26.73,200,0
SYF_A.US,5,20210930,201500,26.73,26.73,26.65,26.65,200,0
SYF_A.US,5,20210930,202000,26.71,26.73,26.705,26.73,300,0
SYF_A.US,5,20210930,202500,26.73,26.73,26.73,26.73,200,0
SYF_A.US,5,20210930,203000,26.7128,26.7128,26.71,26.7128,800,0
SYF_A.US,5,20210930,203500,26.79,26.79,26.79,26.79,100,0
SYF_A.US,5,20210930,204500,26.79,26.79,26.79,26.79,200,0
SYF_A.US,5,20210930,205000,26.79,26.79,26.79,26.79,659,0
SYF_A.US,5,20210930,205500,26.79,26.79,26.79,26.79,100,0
SYF_A.US,5,20210930,212000,26.7801,26.8,26.74,26.74,12901,0
SYF_A.US,5,20210930,212500,26.74,26.74,26.74,26.74,200,0
SYF_A.US,5,20210930,213000,26.74,26.74,26.74,26.74,200,0
SYF_A.US,5,20210930,213500,26.74,26.74,26.74,26.74,200,0
SYF_A.US,5,20210930,214000,26.74,26.74,26.73,26.73,200,0
SYF_A.US,5,20210930,214500,26.72,26.72,26.69,26.72,654,0
SYF_A.US,5,20210930,215000,26.72,26.72,26.69,26.7199,2183,0
SYF_A.US,5,20210930,215500,26.86,26.88,26.66,26.66,33908,0
SYF_A.US,5,20211001,153000,26.85,26.85,26.85,26.85,449,0
SYF_A.US,5,20211001,155500,26.85,26.85,26.85,26.85,115,0
SYF_A.US,5,20211001,162000,26.745,26.745,26.745,26.745,917,0
SYF_A.US,5,20211001,170500,26.7846,26.7846,26.7846,26.7846,284,0
SYF_A.US,5,20211001,173000,26.73,26.78,26.73,26.7302,951,0
SYF_A.US,5,20211001,180000,26.81,26.81,26.8,26.8,400,0
SYF_A.US,5,20211001,180500,26.8,26.81,26.8,26.81,500,0
SYF_A.US,5,20211001,181000,26.8,26.8,26.8,26.8,1988,0
SYF_A.US,5,20211001,181500,26.81,26.84,26.8,26.8,733,0
SYF_A.US,5,20211001,183500,26.8,26.8,26.8,26.8,1188,0
SYF_A.US,5,20211001,193500,26.84,26.88,26.8373,26.88,10600,0
SYF_A.US,5,20211001,194000,26.8581,26.8581,26.8581,26.8581,288,0
SYF_A.US,5,20211001,195500,26.859,26.859,26.859,26.859,300,0
SYF_A.US,5,20211001,202000,26.8526,26.8526,26.8526,26.8526,148,0
SYF_A.US,5,20211001,204500,26.845,26.845,26.8101,26.8101,3771,0
SYF_A.US,5,20211001,210500,26.8171,26.84,26.81,26.8101,16964,0
SYF_A.US,5,20211001,214500,26.8,26.8,26.8,26.8,200,0
SYF_A.US,5,20211001,215000,26.815,26.815,26.815,26.815,745,0
SYF_A.US,5,20211001,215500,26.8,26.8,26.8,26.8,200,0
SYF_A.US,5,20211004,153000,26.83,26.83,26.83,26.83,731,0
SYF_A.US,5,20211004,153500,26.84,26.84,26.84,26.84,200,0
SYF_A.US,5,20211004,154000,26.8,26.8,26.8,26.8,100,0
SYF_A.US,5,20211004,154500,26.81,26.81,26.8,26.8,2087,0
SYF_A.US,5,20211004,155000,26.8,26.835,26.755,26.8,4736,0
SYF_A.US,5,20211004,155500,26.73,26.8,26.7125,26.76,2700,0
SYF_A.US,5,20211004,160000,26.78,26.78,26.71,26.71,1609,0
SYF_A.US,5,20211004,160500,26.74,26.75,26.735,26.75,2600,0
SYF_A.US,5,20211004,161000,26.78,26.78,26.71,26.74,595,0
SYF_A.US,5,20211004,162000,26.79,26.8,26.77,26.79,1320,0
SYF_A.US,5,20211004,162500,26.8,26.8,26.76,26.76,900,0
SYF_A.US,5,20211004,163000,26.76,26.765,26.75,26.75,800,0
SYF_A.US,5,20211004,163500,26.75,26.75,26.7,26.735,5789,0
SYF_A.US,5,20211004,164000,26.74,26.77,26.74,26.75,3800,0
SYF_A.US,5,20211004,165000,26.72,26.72,26.72,26.72,424,0
SYF_A.US,5,20211004,165500,26.72,26.75,26.72,26.75,1515,0
SYF_A.US,5,20211004,170500,26.76,26.76,26.75,26.7502,2655,0
SYF_A.US,5,20211004,171000,26.76,26.76,26.73,26.73,3700,0
SYF_A.US,5,20211004,172500,26.73,26.73,26.73,26.73,273,0
SYF_A.US,5,20211004,174000,26.76,26.76,26.7384,26.7384,653,0
SYF_A.US,5,20211004,174500,26.76,26.76,26.76,26.76,100,0
SYF_A.US,5,20211004,175000,26.76,26.76,26.76,26.76,800,0
SYF_A.US,5,20211004,175500,26.76,26.76,26.76,26.76,100,0
SYF_A.US,5,20211004,181000,26.76,26.76,26.76,26.76,200,0
SYF_A.US,5,20211004,183000,26.78,26.78,26.78,26.78,100,0
SYF_A.US,5,20211004,183500,26.78,26.78,26.78,26.78,191,0
SYF_A.US,5,20211004,185000,26.77,26.77,26.77,26.77,173,0
SYF_A.US,5,20211004,195000,26.7579,26.7579,26.7579,26.7579,146,0
SYF_A.US,5,20211004,195500,26.78,26.78,26.78,26.78,800,0
SYF_A.US,5,20211004,200000,26.765,26.775,26.75,26.75,2926,0
SYF_A.US,5,20211004,201000,26.75,26.76,26.75,26.76,800,0
SYF_A.US,5,20211004,202500,26.73,26.73,26.72,26.725,1626,0
SYF_A.US,5,20211004,205500,26.75,26.76,26.75,26.76,740,0
SYF_A.US,5,20211004,210500,26.7241,26.74,26.72,26.72,7089,0
SYF_A.US,5,20211004,212500,26.69,26.69,26.66,26.66,730,0
SYF_A.US,5,20211004,213000,26.665,26.665,26.665,26.665,522,0
SYF_A.US,5,20211004,213500,26.68,26.6852,26.66,26.6852,371,0
SYF_A.US,5,20211004,215500,26.65,26.6717,26.63,26.63,5601,0
SYF_A.US,5,20211005,153000,26.7,26.72,26.7,26.72,1346,0
SYF_A.US,5,20211005,153500,26.72,26.74,26.679,26.679,1397,0
SYF_A.US,5,20211005,154000,26.74,26.74,26.74,26.74,100,0
SYF_A.US,5,20211005,154500,26.74,26.74,26.74,26.74,200,0
SYF_A.US,5,20211005,155000,26.74,26.75,26.74,26.75,261,0
SYF_A.US,5,20211005,155500,26.76,26.76,26.76,26.76,202,0
SYF_A.US,5,20211005,160000,26.76,26.76,26.76,26.76,100,0
SYF_A.US,5,20211005,160500,26.76,26.76,26.76,26.76,100,0
SYF_A.US,5,20211005,161000,26.75,26.75,26.75,26.75,100,0
SYF_A.US,5,20211005,161500,26.7361,26.7361,26.7361,26.7361,500,0
SYF_A.US,5,20211005,162000,26.75,26.75,26.75,26.75,200,0
SYF_A.US,5,20211005,162500,26.76,26.76,26.73,26.73,200,0
SYF_A.US,5,20211005,163000,26.715,26.75,26.715,26.75,879,0
SYF_A.US,5,20211005,163500,26.7,26.7,26.7,26.7,210,0
SYF_A.US,5,20211005,164000,26.7,26.7,26.68,26.68,610,0
SYF_A.US,5,20211005,164500,26.68,26.7,26.68,26.69,2100,0
SYF_A.US,5,20211005,165000,26.69,26.71,26.69,26.71,944,0
SYF_A.US,5,20211005,165500,26.71,26.71,26.71,26.71,300,0
SYF_A.US,5,20211005,171000,26.71,26.71,26.71,26.71,725,0
SYF_A.US,5,20211005,172000,26.7077,26.7077,26.69,26.69,363,0
SYF_A.US,5,20211005,172500,26.68,26.695,26.68,26.695,200,0
SYF_A.US,5,20211005,173000,26.67,26.67,26.67,26.67,400,0
SYF_A.US,5,20211005,173500,26.68,26.68,26.68,26.68,100,0
SYF_A.US,5,20211005,174000,26.67,26.67,26.65,26.67,1122,0
SYF_A.US,5,20211005,175000,26.65,26.67,26.63,26.63,2091,0
SYF_A.US,5,20211005,175500,26.63,26.65,26.63,26.65,490,0
SYF_A.US,5,20211005,180000,26.6367,26.6367,26.62,26.62,2200,0
SYF_A.US,5,20211005,181000,26.63,26.63,26.63,26.63,200,0
SYF_A.US,5,20211005,181500,26.635,26.635,26.63,26.63,200,0
SYF_A.US,5,20211005,182500,26.63,26.63,26.63,26.63,200,0
SYF_A.US,5,20211005,183000,26.63,26.63,26.62,26.62,1100,0
SYF_A.US,5,20211005,184000,26.6,26.629,26.6,26.629,500,0
SYF_A.US,5,20211005,184500,26.625,26.625,26.6,26.6,1600,0
SYF_A.US,5,20211005,185500,26.615,26.615,26.615,26.615,247,0
SYF_A.US,5,20211005,190000,26.6,26.6,26.6,26.6,200,0
SYF_A.US,5,20211005,193000,26.6059,26.6059,26.6059,26.6059,230,0
SYF_A.US,5,20211005,193500,26.6,26.6,26.6,26.6,100,0
SYF_A.US,5,20211005,194000,26.6325,26.6325,26.6,26.6,408,0
SYF_A.US,5,20211005,194500,26.6,26.6,26.6,26.6,200,0
SYF_A.US,5,20211005,200000,26.6,26.6,26.6,26.6,600,0
SYF_A.US,5,20211005,200500,26.57,26.58,26.57,26.58,500,0
SYF_A.US,5,20211005,201500,26.56,26.56,26.56,26.56,200,0
SYF_A.US,5,20211005,202000,26.57,26.57,26.56,26.56,1200,0
SYF_A.US,5,20211005,203000,26.59,26.59,26.59,26.59,100,0
SYF_A.US,5,20211005,203500,26.5692,26.5692,26.56,26.56,641,0
SYF_A.US,5,20211005,204000,26.56,26.57,26.56,26.57,733,0
SYF_A.US,5,20211005,204500,26.55,26.57,26.55,26.555,2018,0
SYF_A.US,5,20211005,205000,26.57,26.57,26.54,26.54,500,0
SYF_A.US,5,20211005,205500,26.53,26.53,26.51,26.51,650,0
SYF_A.US,5,20211005,210000,26.5165,26.54,26.5165,26.54,800,0
SYF_A.US,5,20211005,211500,26.515,26.543,26.5,26.5,1263,0
SYF_A.US,5,20211005,212000,26.5,26.5,26.4801,26.4801,479,0
SYF_A.US,5,20211005,212500,26.5258,26.5258,26.47,26.47,300,0
SYF_A.US,5,20211005,213000,26.5199,26.52,26.48,26.48,3777,0
SYF_A.US,5,20211005,213500,26.48,26.48,26.47,26.47,500,0
SYF_A.US,5,20211005,214000,26.4658,26.47,26.4658,26.47,500,0
SYF_A.US,5,20211005,214500,26.42,26.43,26.42,26.43,702,0
SYF_A.US,5,20211005,215000,26.44,26.44,26.32,26.32,4500,0
SYF_A.US,5,20211005,215500,26.27,26.31,26.26,26.3022,8409,0
SYF_A.US,5,20211006,153000,26.43,26.56,26.43,26.51,881,0
SYF_A.US,5,20211006,153500,26.49,26.49,26.49,26.49,400,0
SYF_A.US,5,20211006,154000,26.48,26.54,26.48,26.53,500,0
SYF_A.US,5,20211006,154500,26.51,26.51,26.48,26.48,300,0
SYF_A.US,5,20211006,155000,26.48,26.48,26.45,26.48,400,0
SYF_A.US,5,20211006,155500,26.47,26.47,26.46,26.46,200,0
SYF_A.US,5,20211006,160000,26.445,26.45,26.43,26.43,600,0
SYF_A.US,5,20211006,160500,26.42,26.42,26.36,26.37,1017,0
SYF_A.US,5,20211006,161000,26.36,26.36,26.35,26.36,337,0
SYF_A.US,5,20211006,162000,26.37,26.39,26.37,26.39,354,0
SYF_A.US,5,20211006,162500,26.46,26.46,26.44,26.44,600,0
SYF_A.US,5,20211006,163000,26.47,26.47,26.47,26.47,200,0
SYF_A.US,5,20211006,163500,26.47,26.47,26.46,26.46,200,0
SYF_A.US,5,20211006,164000,26.46,26.46,26.46,26.46,100,0
SYF_A.US,5,20211006,164500,26.47,26.47,26.47,26.47,200,0
SYF_A.US,5,20211006,165000,26.47,26.47,26.4,26.4,515,0
SYF_A.US,5,20211006,165500,26.45,26.46,26.43,26.44,700,0
SYF_A.US,5,20211006,170000,26.46,26.46,26.41,26.46,300,0
SYF_A.US,5,20211006,170500,26.46,26.46,26.46,26.46,200,0
SYF_A.US,5,20211006,171000,26.46,26.46,26.3499,26.3499,250,0
SYF_A.US,5,20211006,171500,26.43,26.47,26.43,26.47,200,0
SYF_A.US,5,20211006,172000,26.46,26.46,26.46,26.46,200,0
SYF_A.US,5,20211006,172500,26.3448,26.3448,26.3448,26.3448,400,0
SYF_A.US,5,20211006,174000,26.41,26.41,26.41,26.41,100,0
SYF_A.US,5,20211006,174500,26.41,26.47,26.41,26.45,600,0
SYF_A.US,5,20211006,180000,26.415,26.415,26.36,26.36,418,0
SYF_A.US,5,20211006,182500,26.4625,26.4625,26.4625,26.4625,137,0
SYF_A.US,5,20211006,183000,26.42,26.43,26.42,26.43,200,0
SYF_A.US,5,20211006,183500,26.43,26.43,26.43,26.43,800,0
SYF_A.US,5,20211006,184000,26.43,26.46,26.43,26.46,300,0
SYF_A.US,5,20211006,190500,26.4699,26.4699,26.4699,26.4699,2824,0
SYF_A.US,5,20211006,191000,26.45,26.45,26.45,26.45,500,0
SYF_A.US,5,20211006,193500,26.47,26.48,26.46,26.47,1237,0
SYF_A.US,5,20211006,194000,26.46,26.48,26.46,26.48,792,0
SYF_A.US,5,20211006,194500,26.48,26.48,26.48,26.48,987,0
SYF_A.US,5,20211006,195000,26.55,26.55,26.55,26.55,500,0
SYF_A.US,5,20211006,200000,26.55,26.61,26.55,26.59,400,0
SYF_A.US,5,20211006,200500,26.6107,26.6107,26.5402,26.5402,573,0
SYF_A.US,5,20211006,201000,26.61,26.61,26.6,26.61,1400,0
SYF_A.US,5,20211006,201500,26.61,26.62,26.6,26.62,1184,0
SYF_A.US,5,20211006,202000,26.6,26.6,26.6,26.6,950,0
SYF_A.US,5,20211006,202500,26.6,26.6,26.6,26.6,2100,0
SYF_A.US,5,20211006,203000,26.6,26.6,26.6,26.6,300,0
SYF_A.US,5,20211006,203500,26.61,26.61,26.6,26.61,1325,0
SYF_A.US,5,20211006,204000,26.6,26.6,26.6,26.6,400,0
SYF_A.US,5,20211006,204500,26.61,26.62,26.61,26.62,500,0
SYF_A.US,5,20211006,205500,26.62,26.62,26.62,26.62,100,0
SYF_A.US,5,20211006,210000,26.6,26.605,26.59,26.6,5580,0
SYF_A.US,5,20211006,210500,26.6267,26.6267,26.6,26.6,1550,0
SYF_A.US,5,20211006,211000,26.6,26.6,26.6,26.6,400,0
SYF_A.US,5,20211006,212000,26.6268,26.64,26.6268,26.64,412,0
SYF_A.US,5,20211006,213000,26.64,26.67,26.64,26.66,1400,0
SYF_A.US,5,20211006,213500,26.65,26.67,26.65,26.67,1489,0
SYF_A.US,5,20211006,214000,26.67,26.68,26.66,26.66,2824,0
SYF_A.US,5,20211006,214500,26.66,26.66,26.66,26.66,100,0
SYF_A.US,5,20211006,215000,26.67,26.67,26.64,26.67,1700,0
SYF_A.US,5,20211006,215500,26.67,26.6701,26.66,26.66,5069,0
SYF_A.US,5,20211007,153000,26.62,26.62,26.62,26.62,1079,0
SYF_A.US,5,20211007,153500,26.69,26.69,26.69,26.69,600,0
SYF_A.US,5,20211007,154000,26.68,26.7,26.68,26.7,2065,0
SYF_A.US,5,20211007,154500,26.7,26.7,26.66,26.7,3976,0
SYF_A.US,5,20211007,155000,26.7,26.7,26.7,26.7,900,0
SYF_A.US,5,20211007,155500,26.7,26.7,26.67,26.67,2900,0
SYF_A.US,5,20211007,160000,26.7,26.7,26.7,26.7,700,0
SYF_A.US,5,20211007,161000,26.7,26.71,26.7,26.7,700,0
SYF_A.US,5,20211007,162000,26.74,26.74,26.74,26.74,100,0
SYF_A.US,5,20211007,164500,26.74,26.74,26.74,26.74,100,0
SYF_A.US,5,20211007,165500,26.7,26.7,26.7,26.7,2000,0
SYF_A.US,5,20211007,170000,26.7,26.7,26.7,26.7,400,0
SYF_A.US,5,20211007,172000,26.715,26.73,26.715,26.73,500,0
SYF_A.US,5,20211007,182000,26.7,26.7075,26.69,26.7075,500,0
SYF_A.US,5,20211007,183000,26.71,26.71,26.71,26.71,200,0
SYF_A.US,5,20211007,184500,26.715,26.715,26.6902,26.7,6794,0
SYF_A.US,5,20211007,190000,26.7,26.7,26.7,26.7,500,0
SYF_A.US,5,20211007,190500,26.7,26.7,26.7,26.7,100,0
SYF_A.US,5,20211007,192500,26.73,26.73,26.7,26.7,200,0
SYF_A.US,5,20211007,193000,26.73,26.73,26.73,26.73,100,0
SYF_A.US,5,20211007,194000,26.73,26.73,26.73,26.73,100,0
SYF_A.US,5,20211007,195000,26.73,26.73,26.7299,26.73,1174,0
SYF_A.US,5,20211007,200000,26.73,26.73,26.73,26.73,100,0
SYF_A.US,5,20211007,200500,26.73,26.73,26.72,26.72,200,0
SYF_A.US,5,20211007,201000,26.7,26.7,26.7,26.7,600,0
SYF_A.US,5,20211007,201500,26.72,26.72,26.72,26.72,100,0
SYF_A.US,5,20211007,202000,26.7232,26.7232,26.7,26.7001,1206,0
SYF_A.US,5,20211007,202500,26.7,26.7,26.7,26.7,500,0
SYF_A.US,5,20211007,203000,26.7,26.7,26.7,26.7,200,0
SYF_A.US,5,20211007,203500,26.7,26.73,26.7,26.73,1944,0
SYF_A.US,5,20211007,204000,26.7,26.706,26.68,26.7,3400,0
SYF_A.US,5,20211007,204500,26.7,26.7,26.7,26.7,2900,0
SYF_A.US,5,20211007,205500,26.7,26.725,26.7,26.725,1173,0
SYF_A.US,5,20211007,210000,26.7,26.7,26.7,26.7,500,0
SYF_A.US,5,20211007,211500,26.75,26.78,26.75,26.78,3114,0
SYF_A.US,5,20211007,212000,26.7475,26.7475,26.7475,26.7475,1000,0
SYF_A.US,5,20211007,212500,26.73,26.73,26.73,26.73,100,0
SYF_A.US,5,20211007,213500,26.7623,26.7623,26.7623,26.7623,210,0
SYF_A.US,5,20211007,214000,26.71,26.72,26.71,26.71,1000,0
SYF_A.US,5,20211007,214500,26.73,26.73,26.73,26.73,700,0
SYF_A.US,5,20211007,215000,26.7001,26.76,26.7001,26.76,935,0
SYF_A.US,5,20211007,215500,26.72,26.74,26.72,26.74,300,0
SYF_A.US,5,20211008,153000,26.76,26.76,26.71,26.71,1605,0
SYF_A.US,5,20211008,153500,26.78,26.84,26.78,26.84,11994,0
SYF_A.US,5,20211008,161500,26.76,26.76,26.76,26.76,159,0
SYF_A.US,5,20211008,163000,26.7179,26.76,26.7101,26.76,10300,0
SYF_A.US,5,20211008,163500,26.745,26.78,26.7101,26.78,3461,0
SYF_A.US,5,20211008,165500,26.77,26.77,26.77,26.77,409,0
SYF_A.US,5,20211008,170000,26.76,26.76,26.76,26.76,115,0
SYF_A.US,5,20211008,170500,26.7497,26.7497,26.7497,26.7497,1869,0
SYF_A.US,5,20211008,172000,26.76,26.76,26.76,26.76,100,0
SYF_A.US,5,20211008,172500,26.74,26.76,26.72,26.76,3020,0
SYF_A.US,5,20211008,173000,26.75,26.76,26.71,26.76,4509,0
SYF_A.US,5,20211008,173500,26.76,26.76,26.75,26.76,4200,0
SYF_A.US,5,20211008,174000,26.76,26.76,26.71,26.71,361,0
SYF_A.US,5,20211008,174500,26.76,26.76,26.71,26.755,6500,0
SYF_A.US,5,20211008,175000,26.7201,26.7201,26.7201,26.7201,100,0
SYF_A.US,5,20211008,180000,26.7171,26.76,26.71,26.72,3500,0
SYF_A.US,5,20211008,181000,26.72,26.72,26.72,26.72,100,0
SYF_A.US,5,20211008,181500,26.72,26.72,26.72,26.72,100,0
SYF_A.US,5,20211008,183000,26.72,26.72,26.7,26.7,3447,0
SYF_A.US,5,20211008,183500,26.71,26.72,26.71,26.72,557,0
SYF_A.US,5,20211008,184500,26.72,26.72,26.7,26.72,1534,0
SYF_A.US,5,20211008,185000,26.7,26.7,26.7,26.7,1580,0
SYF_A.US,5,20211008,185500,26.7,26.7,26.7,26.7,100,0
SYF_A.US,5,20211008,190500,26.71,26.71,26.7,26.7,500,0
SYF_A.US,5,20211008,193000,26.7099,26.7099,26.7099,26.7099,102,0
SYF_A.US,5,20211008,194500,26.7207,26.7207,26.7207,26.7207,113,0
SYF_A.US,5,20211008,200000,26.73,26.73,26.725,26.725,900,0
SYF_A.US,5,20211008,200500,26.74,26.76,26.74,26.76,500,0
SYF_A.US,5,20211008,201000,26.735,26.735,26.7135,26.7135,200,0
SYF_A.US,5,20211008,202000,26.76,26.76,26.76,26.76,477,0
SYF_A.US,5,20211008,202500,26.78,26.78,26.75,26.75,453,0
SYF_A.US,5,20211008,203000,26.74,26.74,26.74,26.74,182,0
SYF_A.US,5,20211008,213000,26.775,26.78,26.75,26.78,972,0
SYF_A.US,5,20211008,214500,26.75,26.77,26.75,26.76,891,0
SYF_A.US,5,20211008,215000,26.77,26.77,26.77,26.77,443,0
SYF_A.US,5,20211008,215500,26.78,26.78,26.77,26.78,1729,0
SYF_A.US,5,20211011,153000,26.78,26.78,26.78,26.78,843,0
SYF_A.US,5,20211011,154500,26.74,26.78,26.74,26.78,655,0
SYF_A.US,5,20211011,155000,26.78,26.78,26.78,26.78,500,0
SYF_A.US,5,20211011,155500,26.78,26.78,26.78,26.78,3457,0
SYF_A.US,5,20211011,160500,26.775,26.775,26.775,26.775,200,0
SYF_A.US,5,20211011,161000,26.84,26.84,26.84,26.84,100,0
SYF_A.US,5,20211011,164000,26.84,26.84,26.84,26.84,100,0
SYF_A.US,5,20211011,164500,26.8334,26.8334,26.78,26.78,663,0
SYF_A.US,5,20211011,170000,26.72,26.72,26.72,26.72,1000,0
SYF_A.US,5,20211011,171000,26.84,26.84,26.84,26.84,100,0
SYF_A.US,5,20211011,174000,26.759,26.759,26.759,26.759,250,0
SYF_A.US,5,20211011,174500,26.84,26.85,26.84,26.85,400,0
SYF_A.US,5,20211011,181500,26.84,26.84,26.84,26.84,100,0
SYF_A.US,5,20211011,185500,26.84,26.84,26.84,26.84,100,0
SYF_A.US,5,20211011,193000,26.82,26.82,26.82,26.82,100,0
SYF_A.US,5,20211011,193500,26.7956,26.7956,26.7956,26.7956,775,0
SYF_A.US,5,20211011,200000,26.79,26.79,26.78,26.78,732,0
SYF_A.US,5,20211011,201000,26.72,26.72,26.72,26.72,200,0
SYF_A.US,5,20211011,202500,26.755,26.755,26.755,26.755,300,0
SYF_A.US,5,20211011,204500,26.78,26.81,26.755,26.755,3697,0
SYF_A.US,5,20211011,205500,26.75,26.75,26.75,26.75,400,0
SYF_A.US,5,20211011,210000,26.75,26.82,26.75,26.82,500,0
SYF_A.US,5,20211011,210500,26.82,26.82,26.78,26.81,820,0
SYF_A.US,5,20211011,211000,26.805,26.805,26.805,26.805,256,0
SYF_A.US,5,20211011,213000,26.83,26.83,26.83,26.83,100,0
SYF_A.US,5,20211011,214000,26.8299,26.8299,26.8299,26.8299,130,0
SYF_A.US,5,20211011,215000,26.83,26.83,26.78,26.78,400,0
SYF_A.US,5,20211011,215500,26.78,26.78,26.73,26.73,241,0
SYF_A.US,5,20211012,153000,26.83,26.83,26.83,26.83,424,0
SYF_A.US,5,20211012,155000,26.83,26.83,26.83,26.83,150,0
SYF_A.US,5,20211012,160000,26.8735,26.8735,26.8735,26.8735,372,0
SYF_A.US,5,20211012,165000,26.82,26.82,26.82,26.82,100,0
SYF_A.US,5,20211012,171000,26.829,26.829,26.829,26.829,100,0
SYF_A.US,5,20211012,171500,26.8599,26.8599,26.8599,26.8599,125,0
SYF_A.US,5,20211012,181500,26.9887,26.9887,26.9887,26.9887,279,0
SYF_A.US,5,20211012,185500,27.03,27.03,27.03,27.03,200,0
SYF_A.US,5,20211012,190500,27.0599,27.0599,27.0599,27.0599,1000,0
SYF_A.US,5,20211012,191000,26.945,26.945,26.945,26.945,527,0
SYF_A.US,5,20211012,194000,26.9779,27.0371,26.9779,27.0371,492,0
SYF_A.US,5,20211012,195500,26.98,26.98,26.98,26.98,1101,0
SYF_A.US,5,20211012,204500,27,27,26.96,26.96,1319,0
SYF_A.US,5,20211012,210500,26.97,26.97,26.97,26.97,2190,0
SYF_A.US,5,20211012,211000,26.96,26.96,26.96,26.96,200,0
SYF_A.US,5,20211012,212000,26.99,26.99,26.98,26.98,505,0
SYF_A.US,5,20211012,212500,26.99,26.99,26.94,26.94,200,0
SYF_A.US,5,20211012,213000,26.98,26.99,26.98,26.99,800,0
SYF_A.US,5,20211012,213500,26.99,26.99,26.99,26.99,490,0
SYF_A.US,5,20211012,214500,26.96,26.96,26.94,26.94,711,0
SYF_A.US,5,20211012,215000,26.95,26.95,26.95,26.95,737,0
SYF_A.US,5,20211012,215500,26.95,26.99,26.95,26.95,1039,0
SYF_A.US,5,20211013,153000,26.99,26.99,26.99,26.99,1752,0
SYF_A.US,5,20211013,153500,26.99,26.99,26.99,26.99,200,0
SYF_A.US,5,20211013,154000,26.99,26.99,26.99,26.99,180,0
SYF_A.US,5,20211013,154500,27.12,27.13,26.94,26.94,1784,0
SYF_A.US,5,20211013,155500,27.12,27.12,27.12,27.12,100,0
SYF_A.US,5,20211013,160000,27.14,27.14,27.14,27.14,200,0
SYF_A.US,5,20211013,160500,27.085,27.085,27.03,27.03,936,0
SYF_A.US,5,20211013,161500,27.13,27.13,27.13,27.13,100,0
SYF_A.US,5,20211013,162000,27.09,27.09,27.09,27.09,200,0
SYF_A.US,5,20211013,162500,27.1,27.1,27.09,27.09,200,0
SYF_A.US,5,20211013,164000,27.0963,27.0963,27.08,27.0802,3806,0
SYF_A.US,5,20211013,170000,27.08,27.08,27.08,27.08,111,0
SYF_A.US,5,20211013,171500,27.02,27.02,27.02,27.02,300,0
SYF_A.US,5,20211013,175000,27.07,27.07,27.07,27.07,100,0
SYF_A.US,5,20211013,180000,27.05,27.05,27.02,27.05,1455,0
SYF_A.US,5,20211013,180500,27.0721,27.0721,27.0721,27.0721,244,0
SYF_A.US,5,20211013,190000,27.06,27.07,27.06,27.07,200,0
SYF_A.US,5,20211013,192000,27.03,27.03,27.03,27.03,125,0
SYF_A.US,5,20211013,193000,27.0433,27.08,27.0433,27.08,566,0
SYF_A.US,5,20211013,193500,27.08,27.09,27.08,27.09,1000,0
SYF_A.US,5,20211013,194000,27.13,27.14,27.12,27.12,752,0
SYF_A.US,5,20211013,194500,27.14,27.14,27.14,27.14,100,0
SYF_A.US,5,20211013,195500,27.14,27.16,27.1,27.14,939,0
SYF_A.US,5,20211013,200000,27.141,27.141,27.141,27.141,100,0
SYF_A.US,5,20211013,201000,27.2,27.2,27.2,27.2,460,0
SYF_A.US,5,20211013,202000,27.2,27.2,27.2,27.2,174,0
SYF_A.US,5,20211013,203500,27.16,27.19,27.16,27.19,244,0
SYF_A.US,5,20211013,211000,27.18,27.18,27.18,27.18,100,0
SYF_A.US,5,20211013,211500,27.18,27.18,27.18,27.18,600,0
SYF_A.US,5,20211013,212000,27.18,27.18,27.18,27.18,128,0
SYF_A.US,5,20211013,213500,27.16,27.1897,27.16,27.1897,525,0
SYF_A.US,5,20211013,214000,27.17,27.18,27.17,27.18,507,0
SYF_A.US,5,20211013,215000,27.19,27.19,27.19,27.19,302,0
SYF_A.US,5,20211013,215500,27.18,27.19,27.16,27.16,2017,0
SYF_A.US,5,20211014,153000,27.19,27.19,27.19,27.19,2744,0
SYF_A.US,5,20211014,153500,27.19,27.19,27.19,27.19,167,0
SYF_A.US,5,20211014,154500,27.17,27.19,27.1476,27.1476,1267,0
SYF_A.US,5,20211014,155000,27.17,27.19,27.17,27.19,973,0
SYF_A.US,5,20211014,161000,27.22,27.25,27.22,27.25,904,0
SYF_A.US,5,20211014,161500,27.29,27.29,27.2881,27.2881,214,0
SYF_A.US,5,20211014,162000,27.3193,27.3193,27.2501,27.28,4922,0
SYF_A.US,5,20211014,162500,27.3,27.3,27.3,27.3,100,0
SYF_A.US,5,20211014,165000,27.33,27.35,27.33,27.35,2488,0
SYF_A.US,5,20211014,170500,27.32,27.335,27.32,27.32,688,0
SYF_A.US,5,20211014,171000,27.32,27.3204,27.32,27.32,856,0
SYF_A.US,5,20211014,173500,27.305,27.305,27.28,27.28,712,0
SYF_A.US,5,20211014,174000,27.25,27.25,27.25,27.25,343,0
SYF_A.US,5,20211014,174500,27.25,27.25,27.25,27.25,700,0
SYF_A.US,5,20211014,175000,27.25,27.25,27.24,27.24,400,0
SYF_A.US,5,20211014,180000,27.22,27.24,27.19,27.24,2222,0
SYF_A.US,5,20211014,180500,27.225,27.225,27.225,27.225,600,0
SYF_A.US,5,20211014,184500,27.23,27.23,27.23,27.23,438,0
SYF_A.US,5,20211014,185500,27.265,27.265,27.25,27.25,300,0
SYF_A.US,5,20211014,193000,27.2745,27.2745,27.2745,27.2745,115,0
SYF_A.US,5,20211014,194000,27.2404,27.2404,27.2404,27.2404,182,0
SYF_A.US,5,20211014,200000,27.24,27.24,27.24,27.24,126,0
SYF_A.US,5,20211014,200500,27.26,27.26,27.26,27.26,600,0
SYF_A.US,5,20211014,203500,27.2654,27.2654,27.2654,27.2654,250,0
SYF_A.US,5,20211014,204500,27.27,27.28,27.23,27.2382,8112,0
SYF_A.US,5,20211014,205000,27.229,27.24,27.229,27.24,5241,0
SYF_A.US,5,20211014,205500,27.232,27.31,27.232,27.31,6300,0
SYF_A.US,5,20211014,210000,27.265,27.265,27.24,27.24,200,0
SYF_A.US,5,20211014,210500,27.24,27.24,27.24,27.24,100,0
SYF_A.US,5,20211014,212500,27.31,27.32,27.3,27.32,1400,0
SYF_A.US,5,20211014,213000,27.3199,27.3199,27.3199,27.3199,100,0
SYF_A.US,5,20211014,213500,27.2751,27.2751,27.26,27.2602,5653,0
SYF_A.US,5,20211014,215500,27.24,27.29,27.24,27.29,1100,0
SYF_A.US,5,20211015,153000,27.3,27.3,27.3,27.3,432,0
SYF_A.US,5,20211015,161500,27.26,27.26,27.26,27.26,100,0
SYF_A.US,5,20211015,162000,27.27,27.27,27.27,27.27,449,0
SYF_A.US,5,20211015,163000,27.2528,27.2528,27.2528,27.2528,300,0
SYF_A.US,5,20211015,163500,27.26,27.26,27.26,27.26,100,0
SYF_A.US,5,20211015,165000,27.2289,27.2289,27.2289,27.2289,100,0
SYF_A.US,5,20211015,170000,27.25,27.25,27.25,27.25,200,0
SYF_A.US,5,20211015,173500,27.23,27.23,27.22,27.22,2000,0
SYF_A.US,5,20211015,174000,27.22,27.22,27.22,27.22,275,0
SYF_A.US,5,20211015,174500,27.22,27.22,27.22,27.22,100,0
SYF_A.US,5,20211015,175000,27.22,27.22,27.22,27.22,100,0
SYF_A.US,5,20211015,175500,27.22,27.22,27.22,27.22,100,0
SYF_A.US,5,20211015,180500,27.22,27.22,27.22,27.22,1600,0
SYF_A.US,5,20211015,181000,27.21,27.235,27.2079,27.2079,1300,0
SYF_A.US,5,20211015,181500,27.19,27.19,27.19,27.19,100,0
SYF_A.US,5,20211015,182000,27.19,27.19,27.19,27.19,100,0
SYF_A.US,5,20211015,182500,27.18,27.18,27.18,27.18,100,0
SYF_A.US,5,20211015,183000,27.2,27.2,27.2,27.2,100,0
SYF_A.US,5,20211015,185000,27.22,27.22,27.22,27.22,100,0
SYF_A.US,5,20211015,191500,27.24,27.24,27.24,27.24,100,0
SYF_A.US,5,20211015,193000,27.22,27.22,27.22,27.22,100,0
SYF_A.US,5,20211015,193500,27.19,27.2,27.19,27.2,1900,0
SYF_A.US,5,20211015,194000,27.19,27.19,27.19,27.19,100,0
SYF_A.US,5,20211015,194500,27.2402,27.2402,27.19,27.19,517,0
SYF_A.US,5,20211015,195000,27.19,27.19,27.19,27.19,100,0
SYF_A.US,5,20211015,201000,27.22,27.22,27.22,27.22,100,0
SYF_A.US,5,20211015,205500,27.18,27.18,27.18,27.18,600,0
SYF_A.US,5,20211015,210000,27.18,27.18,27.18,27.18,1000,0
SYF_A.US,5,20211015,210500,27.18,27.2,27.18,27.18,4200,0
SYF_A.US,5,20211015,211000,27.18,27.185,27.18,27.18,1400,0
SYF_A.US,5,20211015,211500,27.18,27.18,27.18,27.18,500,0
SYF_A.US,5,20211015,212000,27.18,27.18,27.145,27.1485,593,0
SYF_A.US,5,20211015,212500,27.12,27.12,27.11,27.11,600,0
SYF_A.US,5,20211015,213000,27.11,27.11,27.11,27.11,100,0
SYF_A.US,5,20211015,213500,27.13,27.13,27.12,27.12,200,0
SYF_A.US,5,20211015,214000,27.12,27.12,27.12,27.12,100,0
SYF_A.US,5,20211015,214500,27.12,27.12,27.12,27.12,100,0
SYF_A.US,5,20211015,215000,27.12,27.12,27.04,27.04,1300,0
SYF_A.US,5,20211015,215500,27.04,27.11,27.04,27.04,18415,0
SYF_A.US,5,20211018,153000,27.03,27.03,27.03,27.03,899,0
SYF_A.US,5,20211018,155000,26.96,26.96,26.96,26.96,200,0
SYF_A.US,5,20211018,160000,27,27.01,27,27.01,400,0
SYF_A.US,5,20211018,160500,27.01,27.05,27,27.05,1637,0
SYF_A.US,5,20211018,161500,27.0163,27.13,27.0163,27.13,1100,0
SYF_A.US,5,20211018,164000,27.16,27.16,27.16,27.16,200,0
SYF_A.US,5,20211018,164500,27.15,27.15,27.15,27.15,100,0
SYF_A.US,5,20211018,165500,27.035,27.12,27.035,27.12,1700,0
SYF_A.US,5,20211018,171500,26.95,26.95,26.95,26.95,100,0
SYF_A.US,5,20211018,172000,27.11,27.11,27.11,27.11,100,0
SYF_A.US,5,20211018,172500,27.1003,27.1003,27.1003,27.1003,104,0
SYF_A.US,5,20211018,175500,27.1,27.1,27.1,27.1,200,0
SYF_A.US,5,20211018,181000,27.1,27.1,27.1,27.1,200,0
SYF_A.US,5,20211018,181500,27.1125,27.1125,27.1125,27.1125,492,0
SYF_A.US,5,20211018,182000,27.075,27.1,27.075,27.1,755,0
SYF_A.US,5,20211018,183500,27.1,27.1,27.1,27.1,100,0
SYF_A.US,5,20211018,191500,27.0796,27.15,27.0796,27.15,815,0
SYF_A.US,5,20211018,193000,27.16,27.16,27.16,27.16,100,0
SYF_A.US,5,20211018,194500,27.0843,27.15,27.0843,27.14,2000,0
SYF_A.US,5,20211018,195500,27.01,27.01,27.01,27.01,2541,0
SYF_A.US,5,20211018,200000,27.17,27.17,27.12,27.145,1700,0
SYF_A.US,5,20211018,200500,27.11,27.1101,27.05,27.095,2760,0
SYF_A.US,5,20211018,203500,27.17,27.17,27.17,27.17,100,0
SYF_A.US,5,20211018,205000,27.09,27.09,27.08,27.08,465,0
SYF_A.US,5,20211018,205500,27.07,27.07,27.07,27.07,100,0
SYF_A.US,5,20211018,210500,27.0863,27.0863,27.0863,27.0863,600,0
SYF_A.US,5,20211018,211500,27.08,27.092,27.07,27.092,4000,0
SYF_A.US,5,20211018,212000,27.05,27.063,27.05,27.063,871,0
SYF_A.US,5,20211018,212500,27.0637,27.0637,27.0637,27.0637,100,0
SYF_A.US,5,20211018,213000,27.0637,27.0637,27.0637,27.0637,200,0
SYF_A.US,5,20211018,213500,27.07,27.07,27.01,27.0637,1400,0
SYF_A.US,5,20211018,214500,27.05,27.05,27.05,27.05,100,0
SYF_A.US,5,20211018,215000,27.02,27.02,27,27.02,1600,0
SYF_A.US,5,20211019,161500,27.16,27.18,27.15,27.18,1017,0
SYF_A.US,5,20211019,162500,27.14,27.1401,27.03,27.139,2074,0
SYF_A.US,5,20211019,163000,27.1045,27.1045,27.1045,27.1045,294,0
SYF_A.US,5,20211019,164500,27.05,27.05,27,27,1820,0
SYF_A.US,5,20211019,165000,27,27.02,27,27.02,200,0
SYF_A.US,5,20211019,172000,27.0821,27.0821,27.0821,27.0821,600,0
SYF_A.US,5,20211019,173000,27.09,27.09,27.09,27.09,100,0
SYF_A.US,5,20211019,174000,27.18,27.18,27.18,27.18,170,0
SYF_A.US,5,20211019,180000,27.02,27.02,27.02,27.02,100,0
SYF_A.US,5,20211019,181500,27.08,27.08,27.08,27.08,100,0
SYF_A.US,5,20211019,182000,27.0001,27.0001,27.0001,27.0001,5000,0
SYF_A.US,5,20211019,182500,27,27.03,27,27,5650,0
SYF_A.US,5,20211019,183000,26.9123,26.9123,26.9123,26.9123,400,0
SYF_A.US,5,20211019,183500,26.93,26.93,26.93,26.93,100,0
SYF_A.US,5,20211019,184500,27,27,27,27,300,0
SYF_A.US,5,20211019,185000,26.94,26.94,26.94,26.94,100,0
SYF_A.US,5,20211019,185500,26.94,26.9765,26.9,26.9,3606,0
SYF_A.US,5,20211019,190500,26.89,26.89,26.89,26.89,100,0
SYF_A.US,5,20211019,192500,26.9,26.9,26.9,26.9,100,0
SYF_A.US,5,20211019,193000,26.935,26.935,26.935,26.935,100,0
SYF_A.US,5,20211019,194500,26.9,26.9,26.9,26.9,300,0
SYF_A.US,5,20211019,195500,26.97,26.97,26.9,26.9,200,0
SYF_A.US,5,20211019,200000,26.9,26.9,26.9,26.9,400,0
SYF_A.US,5,20211019,200500,26.9,26.935,26.9,26.935,1300,0
SYF_A.US,5,20211019,201000,26.9,26.9,26.9,26.9,100,0
SYF_A.US,5,20211019,202000,26.89,26.89,26.89,26.89,100,0
SYF_A.US,5,20211019,203500,26.89,26.89,26.89,26.89,100,0
SYF_A.US,5,20211019,205000,26.91,26.91,26.91,26.91,400,0
SYF_A.US,5,20211019,211500,26.946,26.946,26.9,26.93,1900,0
SYF_A.US,5,20211019,212000,26.8,26.8,26.8,26.8,21125,0
SYF_A.US,5,20211019,212500,26.9,26.9,26.89,26.89,200,0
SYF_A.US,5,20211019,213000,26.918,26.9585,26.9123,26.9123,3387,0
SYF_A.US,5,20211019,214000,26.9472,26.9472,26.9472,26.9472,1028,0
SYF_A.US,5,20211019,214500,26.9,26.9,26.9,26.9,4205,0
SYF_A.US,5,20211019,215000,26.9,26.9,26.9,26.9,1271,0
SYF_A.US,5,20211019,215500,26.9599,26.9599,26.9599,26.9599,133,0
SYF_A.US,5,20211020,153000,26.96,26.96,26.96,26.96,742,0
SYF_A.US,5,20211020,154000,26.85,26.9,26.81,26.9,11861,0
SYF_A.US,5,20211020,154500,26.9,26.9,26.9,26.9,100,0
SYF_A.US,5,20211020,155000,26.9,26.9,26.9,26.9,500,0
SYF_A.US,5,20211020,155500,26.8938,26.92,26.87,26.92,12574,0
SYF_A.US,5,20211020,160500,26.9,26.92,26.9,26.92,200,0
SYF_A.US,5,20211020,161000,26.91,26.91,26.9,26.9,200,0
SYF_A.US,5,20211020,161500,26.91,26.91,26.9,26.9,200,0
SYF_A.US,5,20211020,162000,26.86,26.91,26.86,26.91,600,0
SYF_A.US,5,20211020,162500,26.93,26.93,26.93,26.93,117,0
SYF_A.US,5,20211020,163000,26.93,26.97,26.93,26.97,4224,0
SYF_A.US,5,20211020,163500,26.97,26.97,26.97,26.97,800,0
SYF_A.US,5,20211020,164000,26.95,26.95,26.945,26.945,445,0
SYF_A.US,5,20211020,164500,26.94,26.97,26.9201,26.93,2670,0
SYF_A.US,5,20211020,165000,26.93,26.95,26.93,26.95,2045,0
SYF_A.US,5,20211020,165500,26.95,26.97,26.95,26.9699,5946,0
SYF_A.US,5,20211020,170500,26.97,26.97,26.92,26.92,500,0
SYF_A.US,5,20211020,171000,26.94,26.94,26.91,26.91,200,0
SYF_A.US,5,20211020,172000,26.915,26.915,26.8601,26.8601,1100,0
SYF_A.US,5,20211020,175500,26.956,26.956,26.956,26.956,158,0
SYF_A.US,5,20211020,180000,26.92,26.92,26.92,26.92,100,0
SYF_A.US,5,20211020,180500,26.96,26.96,26.92,26.92,500,0
SYF_A.US,5,20211020,183500,26.91,26.92,26.91,26.91,300,0
SYF_A.US,5,20211020,184000,26.915,26.915,26.915,26.915,100,0
SYF_A.US,5,20211020,185000,26.92,26.92,26.92,26.92,100,0
SYF_A.US,5,20211020,190000,26.93,26.93,26.9,26.9,1000,0
SYF_A.US,5,20211020,190500,26.9,26.9,26.9,26.9,100,0
SYF_A.US,5,20211020,192000,26.88,26.88,26.86,26.87,738,0
SYF_A.US,5,20211020,192500,26.88,26.88,26.88,26.88,323,0
SYF_A.US,5,20211020,193000,26.9,26.9,26.87,26.87,337,0
SYF_A.US,5,20211020,193500,26.914,26.92,26.91,26.9192,12531,0
SYF_A.US,5,20211020,194500,26.9599,26.9599,26.9518,26.9518,1424,0
SYF_A.US,5,20211020,195000,26.92,26.92,26.92,26.92,100,0
SYF_A.US,5,20211020,195500,26.96,26.96,26.96,26.96,117,0
SYF_A.US,5,20211020,200000,26.9551,26.96,26.9551,26.96,600,0
SYF_A.US,5,20211020,201000,26.92,26.92,26.92,26.92,100,0
SYF_A.US,5,20211020,201500,26.8801,26.8801,26.8801,26.8801,1273,0
SYF_A.US,5,20211020,204000,26.9,26.9,26.9,26.9,300,0
SYF_A.US,5,20211020,204500,26.925,26.925,26.925,26.925,100,0
SYF_A.US,5,20211020,205500,26.95,26.95,26.925,26.925,221,0
SYF_A.US,5,20211020,210000,26.9,26.92,26.9,26.92,700,0
SYF_A.US,5,20211020,210500,26.95,26.95,26.91,26.91,1300,0
SYF_A.US,5,20211020,211000,26.91,26.91,26.9,26.9,3185,0
SYF_A.US,5,20211020,212000,26.93,26.95,26.93,26.95,1338,0
SYF_A.US,5,20211020,212500,26.93,26.93,26.9,26.9,2565,0
SYF_A.US,5,20211020,213000,26.9,26.9,26.9,26.9,2567,0
SYF_A.US,5,20211020,213500,26.9,26.9,26.9,26.9,1593,0
SYF_A.US,5,20211020,214000,26.94,26.94,26.94,26.94,100,0
SYF_A.US,5,20211020,214500,26.92,26.92,26.9,26.9,2304,0
SYF_A.US,5,20211020,215000,26.91,26.91,26.9,26.9,400,0
SYF_A.US,5,20211020,215500,26.94,26.95,26.94,26.94,771,0
SYF_A.US,5,20211021,153000,27,27,27,27,571,0
SYF_A.US,5,20211021,153500,26.91,27.02,26.91,26.91,700,0
SYF_A.US,5,20211021,154000,26.93,26.99,26.93,26.93,400,0
SYF_A.US,5,20211021,154500,26.93,26.9769,26.91,26.96,1189,0
SYF_A.US,5,20211021,155000,26.91,26.92,26.91,26.92,200,0
SYF_A.US,5,20211021,160500,26.93,26.93,26.9,26.9,400,0
SYF_A.US,5,20211021,163000,26.9718,26.9718,26.9718,26.9718,201,0
SYF_A.US,5,20211021,165000,26.9134,26.9134,26.9134,26.9134,180,0
SYF_A.US,5,20211021,165500,26.945,26.945,26.945,26.945,750,0
SYF_A.US,5,20211021,173500,26.9226,26.9226,26.9226,26.9226,1000,0
SYF_A.US,5,20211021,181500,26.9021,26.9021,26.9021,26.9021,336,0
SYF_A.US,5,20211021,182000,26.89,26.89,26.89,26.89,2575,0
SYF_A.US,5,20211021,183000,26.89,26.89,26.89,26.89,1156,0
SYF_A.US,5,20211021,185500,26.9,26.9,26.9,26.9,100,0
SYF_A.US,5,20211021,190000,26.9,26.9,26.9,26.9,300,0
SYF_A.US,5,20211021,190500,26.9,26.91,26.9,26.9,700,0
SYF_A.US,5,20211021,194500,26.9,26.9,26.9,26.9,100,0
SYF_A.US,5,20211021,195000,26.91,26.91,26.91,26.91,187,0
SYF_A.US,5,20211021,201500,26.8826,26.91,26.8826,26.91,800,0
SYF_A.US,5,20211021,204500,26.91,26.91,26.91,26.91,121,0
SYF_A.US,5,20211021,210500,26.9399,26.94,26.91,26.94,3335,0
SYF_A.US,5,20211021,212000,26.94,26.94,26.91,26.91,846,0
SYF_A.US,5,20211021,212500,26.92,26.92,26.92,26.92,400,0
SYF_A.US,5,20211021,213500,26.93,26.93,26.93,26.93,100,0
SYF_A.US,5,20211021,215000,26.92,26.95,26.89,26.915,1860,0
SYF_A.US,5,20211022,153000,27.02,27.02,26.9862,26.9862,970,0
SYF_A.US,5,20211022,154000,26.9,26.94,26.9,26.94,400,0
SYF_A.US,5,20211022,154500,26.97,26.97,26.97,26.97,100,0
SYF_A.US,5,20211022,155000,26.94,26.94,26.94,26.94,100,0
SYF_A.US,5,20211022,155500,26.95,26.95,26.91,26.91,400,0
SYF_A.US,5,20211022,160000,26.91,26.92,26.91,26.91,400,0
SYF_A.US,5,20211022,160500,26.91,26.91,26.91,26.91,400,0
SYF_A.US,5,20211022,161000,26.91,26.9999,26.91,26.91,605,0
SYF_A.US,5,20211022,161500,26.91,26.91,26.91,26.91,300,0
SYF_A.US,5,20211022,162000,26.91,26.955,26.91,26.92,1065,0
SYF_A.US,5,20211022,162500,26.91,26.91,26.91,26.91,400,0
SYF_A.US,5,20211022,163000,26.91,26.91,26.91,26.91,400,0
SYF_A.US,5,20211022,163500,26.91,26.91,26.91,26.91,400,0
SYF_A.US,5,20211022,164000,26.91,26.94,26.91,26.91,400,0
SYF_A.US,5,20211022,164500,26.91,26.96,26.91,26.91,576,0
SYF_A.US,5,20211022,165000,26.91,26.91,26.91,26.91,400,0
SYF_A.US,5,20211022,165500,26.91,26.91,26.91,26.91,400,0
SYF_A.US,5,20211022,170000,26.91,26.9417,26.91,26.91,626,0
SYF_A.US,5,20211022,170500,26.91,26.91,26.91,26.91,400,0
SYF_A.US,5,20211022,171000,26.91,26.91,26.91,26.91,300,0
SYF_A.US,5,20211022,171500,26.91,26.94,26.91,26.91,400,0
SYF_A.US,5,20211022,172000,26.91,26.935,26.91,26.91,1517,0
SYF_A.US,5,20211022,172500,26.91,26.94,26.91,26.94,1300,0
SYF_A.US,5,20211022,173000,26.91,26.94,26.91,26.94,21100,0
SYF_A.US,5,20211022,173500,26.91,26.91,26.91,26.91,1775,0
SYF_A.US,5,20211022,174000,26.91,26.91,26.91,26.91,1266,0
SYF_A.US,5,20211022,174500,26.8821,26.8821,26.88,26.88,600,0
SYF_A.US,5,20211022,175000,26.89,26.8935,26.8842,26.89,700,0
SYF_A.US,5,20211022,175500,26.94,26.94,26.93,26.93,3270,0
SYF_A.US,5,20211022,180000,26.925,26.925,26.925,26.925,700,0
SYF_A.US,5,20211022,180500,26.925,26.93,26.925,26.93,400,0
SYF_A.US,5,20211022,181000,26.935,26.935,26.935,26.935,300,0
SYF_A.US,5,20211022,181500,26.935,26.935,26.935,26.935,400,0
SYF_A.US,5,20211022,182000,26.935,26.935,26.935,26.935,400,0
SYF_A.US,5,20211022,182500,26.935,26.935,26.935,26.935,300,0
SYF_A.US,5,20211022,183000,26.94,26.95,26.94,26.94,300,0
SYF_A.US,5,20211022,183500,26.94,26.94,26.94,26.94,200,0
SYF_A.US,5,20211022,184000,26.94,26.94,26.94,26.94,400,0
SYF_A.US,5,20211022,184500,26.94,26.94,26.94,26.94,400,0
SYF_A.US,5,20211022,185000,26.94,26.94,26.94,26.94,200,0
SYF_A.US,5,20211022,190000,26.97,26.97,26.97,26.97,500,0
SYF_A.US,5,20211022,190500,26.945,26.945,26.945,26.945,100,0
SYF_A.US,5,20211022,191000,26.94,26.97,26.94,26.97,300,0
SYF_A.US,5,20211022,191500,26.94,26.94,26.94,26.94,200,0
SYF_A.US,5,20211022,192000,26.94,26.945,26.94,26.94,300,0
SYF_A.US,5,20211022,192500,26.94,26.94,26.94,26.94,400,0
SYF_A.US,5,20211022,193000,26.94,26.94,26.94,26.94,300,0
SYF_A.US,5,20211022,193500,26.94,26.9477,26.94,26.94,565,0
SYF_A.US,5,20211022,194000,26.94,26.94,26.94,26.94,300,0
SYF_A.US,5,20211022,194500,26.94,26.94,26.94,26.94,400,0
SYF_A.US,5,20211022,195000,26.94,26.94,26.94,26.94,400,0
SYF_A.US,5,20211022,195500,26.94,26.94,26.94,26.94,300,0
SYF_A.US,5,20211022,200000,26.94,26.94,26.94,26.94,1000,0
SYF_A.US,5,20211022,200500,26.94,26.94,26.94,26.94,400,0
SYF_A.US,5,20211022,201000,26.94,26.94,26.94,26.94,100,0
SYF_A.US,5,20211022,201500,26.96,26.96,26.95,26.95,276,0
SYF_A.US,5,20211022,202000,26.94,26.94,26.94,26.94,1000,0
SYF_A.US,5,20211022,202500,26.94,26.94,26.94,26.94,300,0
SYF_A.US,5,20211022,203000,26.94,26.94,26.94,26.94,400,0
SYF_A.US,5,20211022,203500,26.94,26.94,26.94,26.94,1100,0
SYF_A.US,5,20211022,204000,26.94,26.94,26.94,26.94,300,0
SYF_A.US,5,20211022,204500,26.94,26.94,26.94,26.94,400,0
SYF_A.US,5,20211022,205000,26.94,26.96,26.94,26.94,1153,0
SYF_A.US,5,20211022,205500,26.935,26.94,26.9235,26.935,1500,0
SYF_A.US,5,20211022,210000,26.935,26.935,26.92,26.935,1088,0
SYF_A.US,5,20211022,210500,26.935,26.94,26.93,26.94,2181,0
SYF_A.US,5,20211022,211000,26.93,26.93,26.93,26.93,400,0
SYF_A.US,5,20211022,211500,26.93,26.93,26.93,26.93,400,0
SYF_A.US,5,20211022,212000,26.93,26.93,26.93,26.93,400,0
SYF_A.US,5,20211022,212500,26.93,26.93,26.93,26.93,500,0
SYF_A.US,5,20211022,213000,26.93,26.93,26.93,26.93,300,0
SYF_A.US,5,20211022,213500,26.93,26.93,26.91,26.91,700,0
SYF_A.US,5,20211022,214000,26.91,26.9599,26.91,26.935,900,0
SYF_A.US,5,20211022,214500,26.935,26.935,26.935,26.935,700,0
SYF_A.US,5,20211022,215000,26.95,26.96,26.935,26.96,2000,0
SYF_A.US,5,20211022,215500,26.96,26.96,26.94,26.94,200,0
SYF_A.US,5,20211025,155500,26.9919,26.9919,26.9919,26.9919,200,0
SYF_A.US,5,20211025,161000,27.0949,27.0949,27.0949,27.0949,160,0
SYF_A.US,5,20211025,161500,27.115,27.115,27.0901,27.1129,1420,0
SYF_A.US,5,20211025,162000,27.0911,27.115,27.09,27.09,1500,0
SYF_A.US,5,20211025,162500,27.09,27.09,27.09,27.09,100,0
SYF_A.US,5,20211025,163500,27.06,27.06,27.0001,27.0001,1938,0
SYF_A.US,5,20211025,164500,27.063,27.065,27.063,27.065,1000,0
SYF_A.US,5,20211025,165000,27.02,27.02,27.02,27.02,500,0
SYF_A.US,5,20211025,170500,27.1265,27.1265,27.1265,27.1265,1500,0
SYF_A.US,5,20211025,171000,27.09,27.09,27.09,27.09,1300,0
SYF_A.US,5,20211025,172000,27.06,27.08,27.06,27.08,500,0
SYF_A.US,5,20211025,174500,27.08,27.08,27.08,27.08,1500,0
SYF_A.US,5,20211025,175000,27.08,27.08,27.08,27.08,100,0
SYF_A.US,5,20211025,175500,27.08,27.08,27.08,27.08,1800,0
SYF_A.US,5,20211025,180000,27.08,27.1,27.08,27.08,2179,0
SYF_A.US,5,20211025,180500,27.08,27.08,27.08,27.08,500,0
SYF_A.US,5,20211025,181000,27.08,27.0812,27.08,27.08,700,0
SYF_A.US,5,20211025,182000,27.08,27.08,27.08,27.08,100,0
SYF_A.US,5,20211025,182500,27.08,27.08,27.08,27.08,100,0
SYF_A.US,5,20211025,183000,27.08,27.08,27.08,27.08,100,0
SYF_A.US,5,20211025,183500,27.08,27.08,27.08,27.08,2800,0
SYF_A.US,5,20211025,184000,27.08,27.08,27.08,27.08,200,0
SYF_A.US,5,20211025,184500,27.08,27.08,27.08,27.08,600,0
SYF_A.US,5,20211025,185000,27.08,27.08,27.08,27.08,100,0
SYF_A.US,5,20211025,185500,27.08,27.0825,27.075,27.08,1767,0
SYF_A.US,5,20211025,190000,27.08,27.08,27.08,27.08,9965,0
SYF_A.US,5,20211025,190500,27.085,27.085,27.07,27.08,32379,0
SYF_A.US,5,20211025,191000,27.08,27.09,27.02,27.02,20651,0
SYF_A.US,5,20211025,191500,27.01,27.01,27.01,27.01,100,0
SYF_A.US,5,20211025,192500,26.98,27,26.98,27,1500,0
SYF_A.US,5,20211025,193000,26.89,26.89,26.89,26.89,100,0
SYF_A.US,5,20211025,193500,26.903,26.903,26.903,26.903,200,0
SYF_A.US,5,20211025,194000,26.9,26.9,26.9,26.9,200,0
SYF_A.US,5,20211025,194500,26.9857,26.9857,26.9604,26.9604,230,0
SYF_A.US,5,20211025,195000,26.91,26.91,26.91,26.91,100,0
SYF_A.US,5,20211025,195500,26.92,26.9545,26.91,26.91,740,0
SYF_A.US,5,20211025,200500,26.9,26.9,26.9,26.9,100,0
SYF_A.US,5,20211025,201500,26.91,26.984,26.87,26.87,11580,0
SYF_A.US,5,20211025,202000,26.8,26.85,26.8,26.85,200,0
SYF_A.US,5,20211025,202500,26.8,26.855,26.8,26.855,200,0
SYF_A.US,5,20211025,203000,26.8,26.855,26.8,26.855,200,0
SYF_A.US,5,20211025,203500,26.8,26.855,26.8,26.85,300,0
SYF_A.US,5,20211025,204000,26.8,26.855,26.8,26.855,200,0
SYF_A.US,5,20211025,204500,26.8,26.855,26.8,26.85,400,0
SYF_A.US,5,20211025,205000,26.8,26.8,26.8,26.8,100,0
SYF_A.US,5,20211025,205500,26.8,26.8,26.8,26.8,100,0
SYF_A.US,5,20211025,210000,26.8,26.8284,26.8,26.8284,600,0
SYF_A.US,5,20211025,210500,26.84,26.84,26.84,26.84,100,0
SYF_A.US,5,20211025,211000,26.84,26.86,26.84,26.86,200,0
SYF_A.US,5,20211025,212000,26.82,26.82,26.82,26.82,200,0
SYF_A.US,5,20211025,213000,26.82,26.84,26.82,26.84,1000,0
SYF_A.US,5,20211025,213500,26.8573,26.86,26.835,26.86,2000,0
SYF_A.US,5,20211025,215000,26.85,26.87,26.85,26.87,1312,0
SYF_A.US,5,20211025,215500,26.9,26.9,26.84,26.86,935,0
SYF_A.US,5,20211026,153000,26.94,26.94,26.94,26.94,738,0
SYF_A.US,5,20211026,160000,26.9247,26.93,26.92,26.92,939,0
SYF_A.US,5,20211026,160500,26.9247,26.97,26.91,26.97,7315,0
SYF_A.US,5,20211026,161000,26.93,27,26.93,26.94,1900,0
SYF_A.US,5,20211026,161500,27,27,27,27,100,0
SYF_A.US,5,20211026,163500,26.9,26.9,26.9,26.9,100,0
SYF_A.US,5,20211026,164000,26.98,26.98,26.98,26.98,200,0
SYF_A.US,5,20211026,164500,26.98,27,26.98,27,609,0
SYF_A.US,5,20211026,171500,26.91,26.91,26.91,26.91,100,0
SYF_A.US,5,20211026,173000,26.94,26.94,26.94,26.94,839,0
SYF_A.US,5,20211026,174000,26.895,26.895,26.895,26.895,100,0
SYF_A.US,5,20211026,174500,26.9,26.9,26.895,26.8998,32011,0
SYF_A.US,5,20211026,175000,26.93,26.93,26.93,26.93,200,0
SYF_A.US,5,20211026,180000,26.93,26.93,26.9021,26.9021,300,0
SYF_A.US,5,20211026,182000,26.93,26.93,26.93,26.93,100,0
SYF_A.US,5,20211026,182500,26.9,26.9,26.9,26.9,531,0
SYF_A.US,5,20211026,185500,26.9,26.9,26.9,26.9,5800,0
SYF_A.US,5,20211026,190500,26.9,26.9,26.9,26.9,100,0
SYF_A.US,5,20211026,191500,26.86,26.88,26.86,26.86,300,0
SYF_A.US,5,20211026,192000,26.85,26.85,26.84,26.84,600,0
SYF_A.US,5,20211026,192500,26.85,26.85,26.85,26.85,400,0
SYF_A.US,5,20211026,194500,26.8578,26.8578,26.84,26.84,631,0
SYF_A.US,5,20211026,200000,26.8599,26.86,26.85,26.86,2772,0
SYF_A.US,5,20211026,200500,26.86,26.86,26.8596,26.8596,2000,0
SYF_A.US,5,20211026,201000,26.85,26.86,26.85,26.86,1700,0
SYF_A.US,5,20211026,202500,26.8573,26.86,26.85,26.86,1605,0
SYF_A.US,5,20211026,203000,26.8579,26.86,26.8579,26.86,7500,0
SYF_A.US,5,20211026,203500,26.86,26.86,26.86,26.86,400,0
SYF_A.US,5,20211026,204500,26.8414,26.85,26.8407,26.8407,600,0
SYF_A.US,5,20211026,210000,26.87,26.87,26.87,26.87,100,0
SYF_A.US,5,20211026,212500,26.86,26.86,26.86,26.86,100,0
SYF_A.US,5,20211026,213500,26.8469,26.8469,26.8469,26.8469,318,0
SYF_A.US,5,20211026,214000,26.84,26.84,26.84,26.84,200,0
SYF_A.US,5,20211026,214500,26.86,26.86,26.86,26.86,100,0
SYF_A.US,5,20211026,215000,26.85,26.86,26.84,26.84,500,0
SYF_A.US,5,20211026,215500,26.84,26.84,26.84,26.84,256,0
SYF_A.US,5,20211027,153000,26.88,26.88,26.88,26.88,359,0
SYF_A.US,5,20211027,155000,26.89,26.9,26.87,26.87,3000,0
SYF_A.US,5,20211027,155500,26.87,26.8999,26.87,26.8999,6300,0
SYF_A.US,5,20211027,163000,26.8628,26.8628,26.86,26.86,1200,0
SYF_A.US,5,20211027,163500,26.86,26.87,26.86,26.87,400,0
SYF_A.US,5,20211027,164000,26.8723,26.8799,26.87,26.8799,1032,0
SYF_A.US,5,20211027,165500,26.8627,26.8627,26.86,26.86,200,0
SYF_A.US,5,20211027,170000,26.87,26.87,26.8235,26.85,577,0
SYF_A.US,5,20211027,170500,26.86,26.88,26.86,26.865,1592,0
SYF_A.US,5,20211027,171000,26.89,26.9,26.89,26.9,912,0
SYF_A.US,5,20211027,172000,26.8745,26.8745,26.86,26.86,493,0
SYF_A.US,5,20211027,173000,26.85,26.85,26.85,26.85,994,0
SYF_A.US,5,20211027,173500,26.85,26.85,26.84,26.84,1506,0
SYF_A.US,5,20211027,174000,26.82,26.85,26.81,26.8499,6847,0
SYF_A.US,5,20211027,174500,26.8599,26.86,26.8557,26.86,3338,0
SYF_A.US,5,20211027,175000,26.86,26.865,26.86,26.865,604,0
SYF_A.US,5,20211027,184000,26.859,26.859,26.859,26.859,100,0
SYF_A.US,5,20211027,185500,26.835,26.86,26.835,26.8432,1400,0
SYF_A.US,5,20211027,190500,26.831,26.831,26.81,26.81,5212,0
SYF_A.US,5,20211027,191000,26.8103,26.8103,26.8103,26.8103,1000,0
SYF_A.US,5,20211027,194500,26.8161,26.8161,26.8161,26.8161,300,0
SYF_A.US,5,20211027,195000,26.81,26.81,26.81,26.81,171,0
SYF_A.US,5,20211027,201000,26.82,26.82,26.81,26.81,681,0
SYF_A.US,5,20211027,203000,26.8,26.8,26.8,26.8,107,0
SYF_A.US,5,20211027,204000,26.81,26.81,26.8,26.8,728,0
SYF_A.US,5,20211027,204500,26.8,26.8,26.8,26.8,1100,0
SYF_A.US,5,20211027,211000,26.85,26.8999,26.85,26.8999,292,0
SYF_A.US,5,20211027,213000,26.8999,26.8999,26.8999,26.8999,314,0
SYF_A.US,5,20211027,213500,26.83,26.83,26.83,26.83,2300,0
SYF_A.US,5,20211027,214000,26.83,26.84,26.82,26.8225,5286,0
SYF_A.US,5,20211027,214500,26.83,26.85,26.83,26.85,2090,0
SYF_A.US,5,20211027,215000,26.83,26.87,26.8,26.8,7259,0
SYF_A.US,5,20211027,215500,26.83,26.86,26.83,26.86,500,0
SYF_A.US,5,20211028,153000,26.9,26.93,26.9,26.93,724,0
SYF_A.US,5,20211028,153500,26.93,26.93,26.93,26.93,400,0
SYF_A.US,5,20211028,154000,26.93,26.99,26.93,26.99,500,0
SYF_A.US,5,20211028,161500,26.99,26.99,26.99,26.99,100,0
SYF_A.US,5,20211028,162500,26.98,27.01,26.98,27.01,529,0
SYF_A.US,5,20211028,164000,27.01,27.01,27.01,27.01,100,0
SYF_A.US,5,20211028,164500,27.01,27.03,27.01,27.03,2560,0
SYF_A.US,5,20211028,165500,26.97,26.97,26.97,26.97,100,0
SYF_A.US,5,20211028,170000,26.96,26.96,26.96,26.96,100,0
SYF_A.US,5,20211028,170500,26.96,26.96,26.96,26.96,200,0
SYF_A.US,5,20211028,171000,26.96,26.99,26.96,26.99,200,0
SYF_A.US,5,20211028,171500,27.02,27.02,26.96,26.96,200,0
SYF_A.US,5,20211028,172000,26.99,26.99,26.96,26.96,207,0
SYF_A.US,5,20211028,172500,26.99,26.99,26.99,26.99,100,0
SYF_A.US,5,20211028,173500,26.96,26.96,26.96,26.96,200,0
SYF_A.US,5,20211028,175500,26.95,26.95,26.95,26.95,100,0
SYF_A.US,5,20211028,180000,26.95,26.95,26.92,26.92,200,0
SYF_A.US,5,20211028,180500,26.91,26.92,26.91,26.92,600,0
SYF_A.US,5,20211028,181000,26.92,26.96,26.92,26.96,225,0
SYF_A.US,5,20211028,181500,26.91,26.91,26.91,26.91,100,0
SYF_A.US,5,20211028,182000,26.91,26.91,26.91,26.91,100,0
SYF_A.US,5,20211028,182500,26.92,26.96,26.91,26.91,500,0
SYF_A.US,5,20211028,183000,26.91,26.91,26.91,26.91,391,0
SYF_A.US,5,20211028,183500,26.89,26.89,26.89,26.89,100,0
SYF_A.US,5,20211028,184000,26.89,26.93,26.89,26.93,300,0
SYF_A.US,5,20211028,184500,26.86,26.86,26.86,26.86,100,0
SYF_A.US,5,20211028,185000,26.85,26.92,26.85,26.92,200,0
SYF_A.US,5,20211028,185500,26.9299,26.9299,26.85,26.85,200,0
SYF_A.US,5,20211028,190000,26.85,26.85,26.85,26.85,100,0
SYF_A.US,5,20211028,190500,26.85,26.92,26.85,26.86,300,0
SYF_A.US,5,20211028,191000,26.85,26.85,26.84,26.84,200,0
SYF_A.US,5,20211028,191500,26.84,26.91,26.84,26.91,200,0
SYF_A.US,5,20211028,192000,26.84,26.84,26.84,26.84,100,0
SYF_A.US,5,20211028,192500,26.85,26.86,26.85,26.86,200,0
SYF_A.US,5,20211028,193000,26.84,26.9022,26.84,26.9022,334,0
SYF_A.US,5,20211028,193500,26.92,26.92,26.84,26.84,340,0
SYF_A.US,5,20211028,194000,26.85,26.85,26.85,26.85,100,0
SYF_A.US,5,20211028,194500,26.85,26.85,26.85,26.85,100,0
SYF_A.US,5,20211028,195000,26.85,26.85,26.85,26.85,100,0
SYF_A.US,5,20211028,195500,26.85,26.85,26.85,26.85,200,0
SYF_A.US,5,20211028,200000,26.91,26.91,26.84,26.91,870,0
SYF_A.US,5,20211028,200500,26.84,26.85,26.84,26.85,200,0
SYF_A.US,5,20211028,201500,26.84,26.84,26.84,26.84,100,0
SYF_A.US,5,20211028,202000,26.84,26.85,26.84,26.85,200,0
SYF_A.US,5,20211028,202500,26.84,26.84,26.84,26.84,100,0
SYF_A.US,5,20211028,203000,26.89,26.89,26.84,26.89,500,0
SYF_A.US,5,20211028,203500,26.84,26.88,26.84,26.87,400,0
SYF_A.US,5,20211028,204000,26.8856,26.8856,26.84,26.865,1024,0
SYF_A.US,5,20211028,204500,26.84,26.84,26.84,26.84,200,0
SYF_A.US,5,20211028,205000,26.84,26.855,26.84,26.84,302,0
SYF_A.US,5,20211028,205500,26.84,26.84,26.84,26.84,200,0
SYF_A.US,5,20211028,210000,26.84,26.865,26.84,26.865,300,0
SYF_A.US,5,20211028,210500,26.84,26.84,26.84,26.84,100,0
SYF_A.US,5,20211028,211000,26.84,26.84,26.84,26.84,200,0
SYF_A.US,5,20211028,211500,26.84,26.8858,26.84,26.8858,200,0
SYF_A.US,5,20211028,212000,26.83,26.83,26.83,26.83,200,0
SYF_A.US,5,20211028,212500,26.83,26.83,26.83,26.83,200,0
SYF_A.US,5,20211028,213000,26.83,26.86,26.83,26.86,900,0
SYF_A.US,5,20211028,213500,26.83,26.83,26.83,26.83,300,0
SYF_A.US,5,20211028,214000,26.83,26.8814,26.83,26.84,451,0
SYF_A.US,5,20211028,214500,26.83,26.89,26.83,26.89,400,0
SYF_A.US,5,20211028,215000,26.8899,26.9,26.88,26.8998,8346,0
SYF_A.US,5,20211028,215500,26.98,26.98,26.91,26.9101,1569,0
SYF_A.US,5,20211029,153000,26.43,26.43,26.43,26.43,9305,0
SYF_A.US,5,20211029,154500,26.475,26.475,26.43,26.43,200,0
SYF_A.US,5,20211029,161000,26.45,26.45,26.45,26.45,300,0
SYF_A.US,5,20211029,164000,26.45,26.49,26.45,26.45,1001,0
SYF_A.US,5,20211029,165000,26.4575,26.4575,26.4575,26.4575,250,0
SYF_A.US,5,20211029,170500,26.46,26.46,26.455,26.455,200,0
SYF_A.US,5,20211029,173000,26.574,26.574,26.574,26.574,222,0
SYF_A.US,5,20211029,173500,26.58,26.58,26.51,26.51,300,0
SYF_A.US,5,20211029,175500,26.5373,26.59,26.5373,26.59,200,0
SYF_A.US,5,20211029,180000,26.54,26.54,26.49,26.49,300,0
SYF_A.US,5,20211029,180500,26.545,26.545,26.545,26.545,400,0
SYF_A.US,5,20211029,181000,26.545,26.545,26.545,26.545,200,0
SYF_A.US,5,20211029,181500,26.5142,26.545,26.5,26.5,337,0
SYF_A.US,5,20211029,182000,26.5462,26.5462,26.51,26.51,500,0
SYF_A.US,5,20211029,183000,26.545,26.545,26.545,26.545,200,0
SYF_A.US,5,20211029,183500,26.57,26.57,26.57,26.57,100,0
SYF_A.US,5,20211029,184000,26.56,26.56,26.53,26.53,200,0
SYF_A.US,5,20211029,185000,26.56,26.58,26.56,26.58,200,0
SYF_A.US,5,20211029,185500,26.545,26.57,26.545,26.57,300,0
SYF_A.US,5,20211029,190000,26.5142,26.545,26.5142,26.545,700,0
SYF_A.US,5,20211029,190500,26.545,26.5884,26.545,26.58,2800,0
SYF_A.US,5,20211029,191000,26.56,26.59,26.56,26.59,200,0
SYF_A.US,5,20211029,192000,26.62,26.63,26.62,26.63,300,0
SYF_A.US,5,20211029,192500,26.63,26.63,26.62,26.62,200,0
SYF_A.US,5,20211029,193000,26.63,26.63,26.63,26.63,100,0
SYF_A.US,5,20211029,193500,26.63,26.63,26.63,26.63,100,0
SYF_A.US,5,20211029,194500,26.5882,26.59,26.5882,26.59,984,0
SYF_A.US,5,20211029,195000,26.62,26.62,26.62,26.62,100,0
SYF_A.US,5,20211029,195500,26.6112,26.6112,26.6112,26.6112,250,0
SYF_A.US,5,20211029,200000,26.63,26.63,26.63,26.63,200,0
SYF_A.US,5,20211029,200500,26.63,26.63,26.63,26.63,200,0
SYF_A.US,5,20211029,202000,26.63,26.63,26.6299,26.6299,236,0
SYF_A.US,5,20211029,202500,26.58,26.63,26.58,26.63,1286,0
SYF_A.US,5,20211029,203000,26.605,26.605,26.605,26.605,300,0
SYF_A.US,5,20211029,204000,26.63,26.63,26.63,26.63,200,0
SYF_A.US,5,20211029,204500,26.62,26.65,26.62,26.65,1831,0
SYF_A.US,5,20211029,205000,26.68,26.68,26.68,26.68,200,0
SYF_A.US,5,20211029,210500,26.67,26.67,26.63,26.65,1100,0
SYF_A.US,5,20211029,212500,26.68,26.685,26.66,26.685,2731,0
SYF_A.US,5,20211029,214000,26.6701,26.6701,26.67,26.6701,1070,0
SYF_A.US,5,20211029,215500,26.67,26.69,26.67,26.67,26962,0
SYF_A.US,5,20211101,143000,26.68,26.68,26.68,26.68,858,0
SYF_A.US,5,20211101,144000,26.605,26.605,26.605,26.605,100,0
SYF_A.US,5,20211101,154000,26.5919,26.65,26.5919,26.65,1500,0
SYF_A.US,5,20211101,160500,26.655,26.655,26.655,26.655,145,0
SYF_A.US,5,20211101,162000,26.68,26.68,26.68,26.68,125,0
SYF_A.US,5,20211101,163000,26.6545,26.6545,26.6545,26.6545,115,0
SYF_A.US,5,20211101,164500,26.68,26.68,26.68,26.68,300,0
SYF_A.US,5,20211101,165000,26.68,26.68,26.68,26.68,484,0
SYF_A.US,5,20211101,172500,26.68,26.6807,26.68,26.68,1400,0
SYF_A.US,5,20211101,174000,26.68,26.68,26.68,26.68,1000,0
SYF_A.US,5,20211101,175000,26.685,26.72,26.685,26.72,1983,0
SYF_A.US,5,20211101,180500,26.7379,26.7379,26.7379,26.7379,626,0
SYF_A.US,5,20211101,181500,26.7288,26.7288,26.7288,26.7288,112,0
SYF_A.US,5,20211101,182000,26.73,26.73,26.73,26.73,160,0
SYF_A.US,5,20211101,183500,26.7235,26.7235,26.7235,26.7235,128,0
SYF_A.US,5,20211101,190500,26.7127,26.7127,26.71,26.71,1692,0
SYF_A.US,5,20211101,192000,26.72,26.72,26.72,26.72,1035,0
SYF_A.US,5,20211101,192500,26.73,26.73,26.73,26.73,745,0
SYF_A.US,5,20211101,194000,26.7996,26.7996,26.7996,26.7996,113,0
SYF_A.US,5,20211101,195000,26.79,26.79,26.78,26.78,302,0
SYF_A.US,5,20211101,195500,26.79,26.79,26.79,26.79,508,0
SYF_A.US,5,20211101,200000,26.81,26.81,26.81,26.81,264,0
SYF_A.US,5,20211101,200500,26.85,26.85,26.85,26.85,100,0
SYF_A.US,5,20211101,201500,26.87,26.87,26.85,26.85,400,0
SYF_A.US,5,20211101,202000,26.86,26.86,26.85,26.85,806,0
SYF_A.US,5,20211101,203500,26.84,26.84,26.84,26.84,100,0
SYF_A.US,5,20211101,205000,26.84,26.84,26.84,26.84,100,0
SYF_A.US,5,20211101,205500,26.84,26.84,26.83,26.83,1386,0
SYF_A.US,5,20211102,143000,26.84,26.84,26.8182,26.8182,264,0
SYF_A.US,5,20211102,152500,26.8222,26.8222,26.8222,26.8222,646,0
SYF_A.US,5,20211102,153500,26.84,26.84,26.84,26.84,200,0
SYF_A.US,5,20211102,154000,26.81,26.811,26.81,26.811,300,0
SYF_A.US,5,20211102,160000,26.82,26.82,26.819,26.819,500,0
SYF_A.US,5,20211102,161500,26.81,26.81,26.8,26.8,400,0
SYF_A.US,5,20211102,164000,26.81,26.81,26.81,26.81,100,0
SYF_A.US,5,20211102,165500,26.7829,26.7829,26.78,26.78,547,0
SYF_A.US,5,20211102,172000,26.78,26.7801,26.7544,26.7544,5579,0
SYF_A.US,5,20211102,172500,26.78,26.78,26.78,26.78,852,0
SYF_A.US,5,20211102,175500,26.74,26.74,26.74,26.74,216,0
SYF_A.US,5,20211102,180000,26.6812,26.6812,26.6812,26.6812,191,0
SYF_A.US,5,20211102,180500,26.7179,26.7179,26.7179,26.7179,1000,0
SYF_A.US,5,20211102,182000,26.78,26.78,26.78,26.78,600,0
SYF_A.US,5,20211102,184000,26.74,26.74,26.74,26.74,170,0
SYF_A.US,5,20211102,185000,26.7269,26.7269,26.7269,26.7269,119,0
SYF_A.US,5,20211102,191000,26.76,26.76,26.75,26.75,243,0
SYF_A.US,5,20211102,191500,26.78,26.78,26.78,26.78,400,0
SYF_A.US,5,20211102,192500,26.78,26.79,26.78,26.79,883,0
SYF_A.US,5,20211102,203500,26.76,26.76,26.76,26.76,170,0
SYF_A.US,5,20211102,204500,26.79,26.79,26.7882,26.79,2192,0
SYF_A.US,5,20211102,205000,26.7701,26.78,26.77,26.77,3537,0
SYF_A.US,5,20211103,143000,26.79,26.79,26.79,26.79,490,0
SYF_A.US,5,20211103,145000,26.79,26.79,26.79,26.79,172,0
SYF_A.US,5,20211103,151500,26.765,26.765,26.765,26.765,157,0
SYF_A.US,5,20211103,153500,26.75,26.75,26.75,26.75,927,0
SYF_A.US,5,20211103,154500,26.75,26.75,26.75,26.75,243,0
SYF_A.US,5,20211103,155000,26.75,26.75,26.75,26.75,172,0
SYF_A.US,5,20211103,155500,26.745,26.745,26.745,26.745,125,0
SYF_A.US,5,20211103,160000,26.74,26.74,26.74,26.74,134,0
SYF_A.US,5,20211103,160500,26.75,26.75,26.75,26.75,124,0
SYF_A.US,5,20211103,162000,26.75,26.75,26.75,26.75,112,0
SYF_A.US,5,20211103,162500,26.75,26.75,26.75,26.75,164,0
SYF_A.US,5,20211103,163000,26.749,26.75,26.749,26.75,330,0
SYF_A.US,5,20211103,163500,26.75,26.75,26.75,26.75,325,0
SYF_A.US,5,20211103,164000,26.75,26.75,26.75,26.75,159,0
SYF_A.US,5,20211103,164500,26.75,26.75,26.75,26.75,100,0
SYF_A.US,5,20211103,165000,26.741,26.741,26.7363,26.7363,1458,0
SYF_A.US,5,20211103,170000,26.7499,26.7499,26.7499,26.7499,3909,0
SYF_A.US,5,20211103,170500,26.75,26.75,26.75,26.75,172,0
SYF_A.US,5,20211103,171000,26.73,26.73,26.73,26.73,1798,0
SYF_A.US,5,20211103,175500,26.72,26.78,26.71,26.78,5221,0
SYF_A.US,5,20211103,182500,26.7654,26.7654,26.7654,26.7654,563,0
SYF_A.US,5,20211103,185000,26.74,26.74,26.73,26.73,300,0
SYF_A.US,5,20211103,190000,26.7456,26.7456,26.7456,26.7456,114,0
SYF_A.US,5,20211103,192500,26.775,26.775,26.775,26.775,327,0
SYF_A.US,5,20211103,193000,26.79,26.79,26.79,26.79,353,0
SYF_A.US,5,20211103,194500,26.79,26.79,26.79,26.79,171,0
SYF_A.US,5,20211103,200000,26.7881,26.79,26.7881,26.7899,1560,0
SYF_A.US,5,20211103,200500,26.7887,26.79,26.7887,26.79,660,0
SYF_A.US,5,20211103,201000,26.79,26.79,26.783,26.79,1220,0
SYF_A.US,5,20211103,201500,26.79,26.79,26.79,26.79,323,0
SYF_A.US,5,20211103,202000,26.7827,26.79,26.78,26.785,2249,0
SYF_A.US,5,20211103,202500,26.79,26.79,26.78,26.79,3836,0
SYF_A.US,5,20211103,203000,26.79,26.79,26.79,26.79,143,0
SYF_A.US,5,20211103,203500,26.79,26.79,26.79,26.79,247,0
SYF_A.US,5,20211103,204000,26.79,26.79,26.79,26.79,668,0
SYF_A.US,5,20211103,204500,26.79,26.79,26.79,26.79,243,0
SYF_A.US,5,20211103,205500,26.79,26.79,26.79,26.79,300,0
SYF_A.US,5,20211104,143000,26.79,26.79,26.79,26.79,407,0
SYF_A.US,5,20211104,145500,26.75,26.79,26.75,26.79,881,0
SYF_A.US,5,20211104,150500,26.89,26.89,26.89,26.89,285,0
SYF_A.US,5,20211104,151500,26.9,26.9,26.9,26.9,300,0
SYF_A.US,5,20211104,152000,26.96,26.96,26.96,26.96,500,0
SYF_A.US,5,20211104,153000,26.99,26.99,26.99,26.99,312,0
SYF_A.US,5,20211104,154000,27.02,27.03,27.02,27.03,700,0
SYF_A.US,5,20211104,154500,27.03,27.03,27.03,27.03,100,0
SYF_A.US,5,20211104,155000,27.02,27.02,27.02,27.02,100,0
SYF_A.US,5,20211104,155500,27.01,27.01,27,27,666,0
SYF_A.US,5,20211104,165500,26.96,26.96,26.9,26.9,698,0
SYF_A.US,5,20211104,170500,26.95,26.95,26.95,26.95,200,0
SYF_A.US,5,20211104,171500,26.9,26.95,26.9,26.95,4705,0
SYF_A.US,5,20211104,172500,26.9312,26.9312,26.9312,26.9312,2000,0
SYF_A.US,5,20211104,174500,26.9894,26.9894,26.9894,26.9894,432,0
SYF_A.US,5,20211104,180000,26.96,26.96,26.93,26.93,1201,0
SYF_A.US,5,20211104,182500,26.99,26.99,26.99,26.99,300,0
SYF_A.US,5,20211104,184000,26.98,26.98,26.944,26.944,994,0
SYF_A.US,5,20211104,185500,26.9612,26.9612,26.92,26.92,561,0
SYF_A.US,5,20211104,191000,26.92,26.945,26.92,26.945,670,0
SYF_A.US,5,20211104,192000,26.97,26.97,26.97,26.97,338,0
SYF_A.US,5,20211104,192500,26.9699,26.9699,26.9699,26.9699,154,0
SYF_A.US,5,20211104,194500,26.95,26.95,26.95,26.95,100,0
SYF_A.US,5,20211104,195500,26.96,26.96,26.96,26.96,222,0
SYF_A.US,5,20211104,200500,26.955,26.955,26.93,26.9301,3329,0
SYF_A.US,5,20211104,202500,26.93,26.94,26.9066,26.94,3019,0
SYF_A.US,5,20211104,203000,26.915,26.915,26.8901,26.8901,500,0
SYF_A.US,5,20211104,203500,26.915,26.915,26.915,26.915,212,0
SYF_A.US,5,20211104,204500,26.94,26.94,26.92,26.92,3615,0
SYF_A.US,5,20211104,205500,26.94,26.94,26.93,26.93,200,0
SYF_A.US,5,20211105,143000,26.94,26.94,26.94,26.94,231,0
SYF_A.US,5,20211105,144500,26.94,26.94,26.94,26.94,260,0
SYF_A.US,5,20211105,145000,26.86,26.86,26.86,26.86,400,0
SYF_A.US,5,20211105,145500,26.85,26.85,26.85,26.85,150,0
SYF_A.US,5,20211105,151000,26.9031,26.9031,26.9031,26.9031,535,0
SYF_A.US,5,20211105,152000,26.93,26.9301,26.93,26.93,4043,0
SYF_A.US,5,20211105,153500,26.922,26.922,26.922,26.922,148,0
SYF_A.US,5,20211105,155000,26.93,26.93,26.93,26.93,225,0
SYF_A.US,5,20211105,155500,26.9176,26.93,26.9176,26.93,3100,0
SYF_A.US,5,20211105,160000,26.88,26.95,26.88,26.95,2822,0
SYF_A.US,5,20211105,160500,26.95,26.95,26.95,26.95,100,0
SYF_A.US,5,20211105,162000,26.91,26.91,26.91,26.91,100,0
SYF_A.US,5,20211105,164000,26.9667,26.9667,26.9667,26.9667,235,0
SYF_A.US,5,20211105,165500,26.9819,26.9819,26.9819,26.9819,235,0
SYF_A.US,5,20211105,171500,26.98,26.98,26.98,26.98,100,0
SYF_A.US,5,20211105,173000,26.9733,26.9733,26.96,26.96,250,0
SYF_A.US,5,20211105,180500,26.96,26.98,26.96,26.9729,522,0
SYF_A.US,5,20211105,182500,26.96,26.96,26.96,26.96,100,0
SYF_A.US,5,20211105,183000,26.9427,26.9427,26.94,26.94,3361,0
SYF_A.US,5,20211105,183500,26.88,26.88,26.88,26.88,100,0
SYF_A.US,5,20211105,184000,26.8804,26.89,26.88,26.89,1660,0
SYF_A.US,5,20211105,185000,26.9271,26.9271,26.9271,26.9271,144,0
SYF_A.US,5,20211105,190000,26.91,26.91,26.91,26.91,244,0
SYF_A.US,5,20211105,193000,26.905,26.905,26.905,26.905,287,0
SYF_A.US,5,20211105,194000,26.915,26.915,26.865,26.865,250,0
SYF_A.US,5,20211105,200500,26.935,26.99,26.935,26.99,2150,0
SYF_A.US,5,20211105,203000,26.895,26.895,26.895,26.895,100,0
SYF_A.US,5,20211105,204000,26.905,26.905,26.88,26.88,1300,0
SYF_A.US,5,20211105,204500,26.9499,26.95,26.91,26.95,695,0
SYF_A.US,5,20211105,205000,26.92,26.935,26.92,26.92,486,0
SYF_A.US,5,20211105,205500,26.92,26.96,26.92,26.96,685,0
SYF_A.US,5,20211108,155000,26.97,26.97,26.96,26.97,400,0
SYF_A.US,5,20211108,160500,26.955,26.955,26.955,26.955,200,0
SYF_A.US,5,20211108,161500,26.945,26.945,26.945,26.945,189,0
SYF_A.US,5,20211108,170500,26.825,26.825,26.825,26.825,100,0
SYF_A.US,5,20211108,174500,26.915,26.915,26.915,26.915,100,0
SYF_A.US,5,20211108,180000,26.9396,26.9493,26.915,26.915,2288,0
SYF_A.US,5,20211108,181000,26.88,26.88,26.88,26.88,100,0
SYF_A.US,5,20211108,183500,26.95,26.95,26.91,26.91,6841,0
SYF_A.US,5,20211108,184000,26.935,26.935,26.92,26.92,800,0
SYF_A.US,5,20211108,192000,26.92,26.92,26.92,26.92,2694,0
SYF_A.US,5,20211108,193000,26.9007,26.91,26.9007,26.91,495,0
SYF_A.US,5,20211108,195500,26.91,26.91,26.9099,26.91,782,0
SYF_A.US,5,20211108,200500,26.92,26.95,26.9198,26.925,2060,0
SYF_A.US,5,20211108,201000,26.9,26.9,26.9,26.9,1233,0
SYF_A.US,5,20211108,203000,26.9,26.9,26.9,26.9,680,0
SYF_A.US,5,20211108,203500,26.9,26.9,26.9,26.9,100,0
SYF_A.US,5,20211108,210500,26.95,26.95,26.95,26.95,100,0
SYF_A.US,5,20211108,212000,26.93,26.935,26.87,26.885,3217,0
SYF_A.US,5,20211108,212500,26.94,26.94,26.94,26.94,100,0
SYF_A.US,5,20211108,213500,26.8917,26.8917,26.8917,26.8917,750,0
SYF_A.US,5,20211108,214500,26.94,26.94,26.94,26.94,100,0
SYF_A.US,5,20211108,215500,26.87,26.87,26.87,26.87,223,0
SYF_A.US,5,20211109,153000,26.99,26.99,26.99,26.99,173,0
SYF_A.US,5,20211109,154500,26.915,26.915,26.915,26.915,1400,0
SYF_A.US,5,20211109,155500,26.9,26.9,26.9,26.9,100,0
SYF_A.US,5,20211109,160000,26.93,26.93,26.93,26.93,178,0
SYF_A.US,5,20211109,162000,26.8811,26.96,26.8811,26.96,400,0
SYF_A.US,5,20211109,162500,26.9,26.9,26.9,26.9,189,0
SYF_A.US,5,20211109,163000,26.9,26.9,26.9,26.9,165,0
SYF_A.US,5,20211109,164500,26.83,26.83,26.83,26.83,900,0
SYF_A.US,5,20211109,165000,26.91,26.91,26.91,26.91,200,0
SYF_A.US,5,20211109,173000,26.8603,26.8603,26.8603,26.8603,200,0
SYF_A.US,5,20211109,175000,27,27,26.94,26.94,1000,0
SYF_A.US,5,20211109,181000,26.92,26.92,26.92,26.92,143,0
SYF_A.US,5,20211109,183000,26.92,26.98,26.92,26.98,300,0
SYF_A.US,5,20211109,185500,26.92,26.92,26.92,26.92,200,0
SYF_A.US,5,20211109,191000,26.8541,26.8541,26.8541,26.8541,741,0
SYF_A.US,5,20211109,192000,26.8415,26.8415,26.8415,26.8415,573,0
SYF_A.US,5,20211109,195000,26.91,26.91,26.91,26.91,200,0
SYF_A.US,5,20211109,201500,26.895,26.895,26.8923,26.8923,479,0
SYF_A.US,5,20211109,204000,26.86,26.87,26.84,26.87,2174,0
SYF_A.US,5,20211109,204500,26.89,26.89,26.89,26.89,100,0
SYF_A.US,5,20211109,211500,26.88,26.88,26.88,26.88,200,0
SYF_A.US,5,20211109,213000,26.8757,26.8757,26.8757,26.8757,200,0
SYF_A.US,5,20211109,215000,26.89,26.89,26.89,26.89,405,0
SYF_A.US,5,20211109,215500,26.89,26.91,26.89,26.91,625,0
SYF_A.US,5,20211110,153000,26.93,26.93,26.93,26.93,210,0
SYF_A.US,5,20211110,155000,26.875,26.875,26.875,26.875,100,0
SYF_A.US,5,20211110,162500,26.85,26.85,26.85,26.85,155,0
SYF_A.US,5,20211110,163000,26.8892,26.8892,26.8892,26.8892,350,0
SYF_A.US,5,20211110,163500,26.855,26.855,26.855,26.855,200,0
SYF_A.US,5,20211110,165000,26.85,26.85,26.85,26.85,287,0
SYF_A.US,5,20211110,165500,26.8762,26.8762,26.8762,26.8762,340,0
SYF_A.US,5,20211110,170000,26.85,26.87,26.82,26.85,2579,0
SYF_A.US,5,20211110,171000,26.865,26.865,26.865,26.865,941,0
SYF_A.US,5,20211110,171500,26.8625,26.87,26.8625,26.87,500,0
SYF_A.US,5,20211110,172000,26.865,26.865,26.865,26.865,200,0
SYF_A.US,5,20211110,172500,26.85,26.85,26.85,26.85,200,0
SYF_A.US,5,20211110,173500,26.845,26.845,26.82,26.82,349,0
SYF_A.US,5,20211110,174000,26.845,26.845,26.845,26.845,100,0
SYF_A.US,5,20211110,174500,26.845,26.845,26.845,26.845,100,0
SYF_A.US,5,20211110,175000,26.845,26.845,26.845,26.845,100,0
SYF_A.US,5,20211110,175500,26.845,26.845,26.845,26.845,100,0
SYF_A.US,5,20211110,180000,26.845,26.845,26.845,26.845,300,0
SYF_A.US,5,20211110,180500,26.82,26.82,26.82,26.82,100,0
SYF_A.US,5,20211110,181000,26.85,26.85,26.85,26.85,200,0
SYF_A.US,5,20211110,181500,26.82,26.82,26.82,26.82,300,0
SYF_A.US,5,20211110,182000,26.82,26.82,26.82,26.82,100,0
SYF_A.US,5,20211110,182500,26.82,26.82,26.82,26.82,1044,0
SYF_A.US,5,20211110,183000,26.835,26.835,26.835,26.835,100,0
SYF_A.US,5,20211110,185500,26.85,26.85,26.85,26.85,100,0
SYF_A.US,5,20211110,190000,26.82,26.82,26.82,26.82,287,0
SYF_A.US,5,20211110,190500,26.82,26.825,26.74,26.74,2400,0
SYF_A.US,5,20211110,191000,26.69,26.72,26.69,26.69,600,0
SYF_A.US,5,20211110,194000,26.685,26.685,26.6403,26.6403,200,0
SYF_A.US,5,20211110,194500,26.64,26.64,26.64,26.64,100,0
SYF_A.US,5,20211110,195000,26.6715,26.6715,26.6715,26.6715,1000,0
SYF_A.US,5,20211110,195500,26.675,26.675,26.675,26.675,228,0
SYF_A.US,5,20211110,200000,26.7,26.7,26.65,26.7,1478,0
SYF_A.US,5,20211110,201500,26.65,26.65,26.56,26.56,834,0
SYF_A.US,5,20211110,205000,26.59,26.59,26.59,26.59,1100,0
SYF_A.US,5,20211110,205500,26.55,26.55,26.55,26.55,200,0
SYF_A.US,5,20211110,210500,26.545,26.545,26.545,26.545,100,0
SYF_A.US,5,20211110,211500,26.56,26.56,26.545,26.545,261,0
SYF_A.US,5,20211110,213000,26.55,26.55,26.55,26.55,1000,0
SYF_A.US,5,20211110,213500,26.56,26.56,26.56,26.56,100,0
SYF_A.US,5,20211110,214000,26.56,26.56,26.55,26.55,212,0
SYF_A.US,5,20211110,214500,26.55,26.55,26.5,26.5,615,0
SYF_A.US,5,20211110,215000,26.5193,26.53,26.5193,26.53,297,0
SYF_A.US,5,20211110,215500,26.55,26.55,26.54,26.54,473,0
SYF_A.US,5,20211111,153000,26.65,26.65,26.65,26.65,504,0
SYF_A.US,5,20211111,154000,26.56,26.56,26.56,26.56,1800,0
SYF_A.US,5,20211111,155000,26.64,26.69,26.64,26.64,746,0
SYF_A.US,5,20211111,155500,26.64,26.64,26.64,26.64,200,0
SYF_A.US,5,20211111,160000,26.67,26.67,26.67,26.67,100,0
SYF_A.US,5,20211111,160500,26.6264,26.6264,26.6264,26.6264,100,0
SYF_A.US,5,20211111,161000,26.625,26.625,26.625,26.625,159,0
SYF_A.US,5,20211111,163000,26.63,26.63,26.63,26.63,800,0
SYF_A.US,5,20211111,164000,26.63,26.63,26.63,26.63,104,0
SYF_A.US,5,20211111,171500,26.58,26.58,26.44,26.57,1200,0
SYF_A.US,5,20211111,172000,26.57,26.57,26.57,26.57,700,0
SYF_A.US,5,20211111,172500,26.5385,26.57,26.51,26.55,2252,0
SYF_A.US,5,20211111,173000,26.62,26.62,26.62,26.62,100,0
SYF_A.US,5,20211111,174000,26.4782,26.4782,26.4782,26.4782,190,0
SYF_A.US,5,20211111,182500,26.545,26.545,26.545,26.545,100,0
SYF_A.US,5,20211111,183000,26.5465,26.5465,26.5465,26.5465,200,0
SYF_A.US,5,20211111,190000,26.53,26.53,26.53,26.53,200,0
SYF_A.US,5,20211111,193000,26.535,26.535,26.535,26.535,200,0
SYF_A.US,5,20211111,195000,26.495,26.4994,26.495,26.4994,200,0
SYF_A.US,5,20211111,200500,26.47,26.5008,26.47,26.5008,1100,0
SYF_A.US,5,20211111,201500,26.53,26.53,26.53,26.53,208,0
SYF_A.US,5,20211111,203000,26.47,26.48,26.47,26.48,200,0
SYF_A.US,5,20211111,204500,26.4613,26.4613,26.4613,26.4613,200,0
SYF_A.US,5,20211111,211000,26.4821,26.4821,26.4821,26.4821,875,0
SYF_A.US,5,20211111,211500,26.46,26.46,26.46,26.46,100,0
SYF_A.US,5,20211111,212000,26.4674,26.4674,26.44,26.4566,722,0
SYF_A.US,5,20211111,213500,26.41,26.41,26.41,26.41,300,0
SYF_A.US,5,20211111,215000,26.42,26.42,26.42,26.42,100,0
