<TICKER>,<PER>,<DATE>,<TIME>,<OPEN>,<HIGH>,<LOW>,<CLOSE>,<VOL>,<OPENINT>
AEPPL.US,5,20210922,153000,48.78,48.78,48.49,48.69,2907,0
AEPPL.US,5,20210922,153500,48.55,48.55,48.55,48.55,179,0
AEPPL.US,5,20210922,154000,48.56,48.56,48.56,48.56,104,0
AEPPL.US,5,20210922,155000,48.335,48.335,48.335,48.335,400,0
AEPPL.US,5,20210922,160500,48.52,48.52,48.52,48.52,500,0
AEPPL.US,5,20210922,161000,48.52,48.52,48.52,48.52,100,0
AEPPL.US,5,20210922,163000,48.59,48.5974,48.59,48.5974,710,0
AEPPL.US,5,20210922,163500,48.62,48.65,48.62,48.65,200,0
AEPPL.US,5,20210922,170000,48.574,48.574,48.574,48.574,200,0
AEPPL.US,5,20210922,171500,48.65,48.65,48.64,48.6491,400,0
AEPPL.US,5,20210922,173000,48.64,48.64,48.64,48.64,100,0
AEPPL.US,5,20210922,173500,48.6399,48.6399,48.63,48.63,310,0
AEPPL.US,5,20210922,180000,48.64,48.64,48.64,48.64,200,0
AEPPL.US,5,20210922,180500,48.64,48.64,48.6382,48.6382,616,0
AEPPL.US,5,20210922,181500,48.62,48.62,48.62,48.62,600,0
AEPPL.US,5,20210922,182000,48.62,48.62,48.6163,48.6163,350,0
AEPPL.US,5,20210922,183500,48.63,48.63,48.63,48.63,362,0
AEPPL.US,5,20210922,184000,48.64,48.64,48.64,48.64,200,0
AEPPL.US,5,20210922,190500,48.6131,48.62,48.6131,48.62,430,0
AEPPL.US,5,20210922,191000,48.62,48.62,48.6198,48.6198,346,0
AEPPL.US,5,20210922,192000,48.62,48.62,48.612,48.612,560,0
AEPPL.US,5,20210922,193000,48.605,48.605,48.6,48.6,530,0
AEPPL.US,5,20210922,193500,48.6,48.6,48.6,48.6,383,0
AEPPL.US,5,20210922,194000,48.58,48.58,48.58,48.58,157,0
AEPPL.US,5,20210922,200500,48.56,48.56,48.5351,48.5351,800,0
AEPPL.US,5,20210922,201000,48.62,48.62,48.62,48.62,144,0
AEPPL.US,5,20210922,210000,48.56,48.56,48.56,48.56,400,0
AEPPL.US,5,20210922,211000,48.57,48.57,48.57,48.57,200,0
AEPPL.US,5,20210922,212000,48.67,48.67,48.67,48.67,200,0
AEPPL.US,5,20210922,213000,48.57,48.58,48.5,48.5,900,0
AEPPL.US,5,20210922,213500,48.5,48.5,48.5,48.5,100,0
AEPPL.US,5,20210922,214000,48.5,48.5,48.5,48.5,175,0
AEPPL.US,5,20210922,214500,48.49,48.49,48.49,48.49,210,0
AEPPL.US,5,20210922,215000,48.48,48.48,48.48,48.48,437,0
AEPPL.US,5,20210922,215500,48.47,48.47,48.47,48.47,200,0
AEPPL.US,5,20210923,153000,48.61,48.64,48.44,48.5,2405,0
AEPPL.US,5,20210923,154500,48.65,48.65,48.65,48.65,100,0
AEPPL.US,5,20210923,160500,48.6199,48.6199,48.6199,48.6199,1500,0
AEPPL.US,5,20210923,162000,48.62,48.62,48.57,48.6,1829,0
AEPPL.US,5,20210923,163500,48.45,48.45,48.45,48.45,105,0
AEPPL.US,5,20210923,165500,48.5643,48.5643,48.5643,48.5643,200,0
AEPPL.US,5,20210923,170000,48.545,48.545,48.545,48.545,100,0
AEPPL.US,5,20210923,172500,48.5014,48.5014,48.5,48.5,500,0
AEPPL.US,5,20210923,173000,48.43,48.43,48.43,48.43,100,0
AEPPL.US,5,20210923,173500,48.455,48.455,48.455,48.455,128,0
AEPPL.US,5,20210923,174500,48.4487,48.4487,48.4487,48.4487,152,0
AEPPL.US,5,20210923,175500,48.4705,48.4705,48.4705,48.4705,105,0
AEPPL.US,5,20210923,180500,48.53,48.53,48.53,48.53,100,0
AEPPL.US,5,20210923,181500,48.5,48.53,48.5,48.53,200,0
AEPPL.US,5,20210923,182000,48.5299,48.5299,48.5299,48.5299,210,0
AEPPL.US,5,20210923,182500,48.45,48.45,48.45,48.45,200,0
AEPPL.US,5,20210923,185000,48.53,48.53,48.53,48.53,100,0
AEPPL.US,5,20210923,190500,48.59,48.6,48.5,48.6,600,0
AEPPL.US,5,20210923,191500,48.592,48.592,48.5597,48.5597,300,0
AEPPL.US,5,20210923,192000,48.58,48.58,48.5799,48.5799,430,0
AEPPL.US,5,20210923,193000,48.525,48.55,48.525,48.55,300,0
AEPPL.US,5,20210923,195000,48.52,48.54,48.52,48.54,371,0
AEPPL.US,5,20210923,195500,48.5,48.5,48.4,48.5,1300,0
AEPPL.US,5,20210923,200500,48.6,48.6,48.6,48.6,402,0
AEPPL.US,5,20210923,211000,48.4822,48.4822,48.45,48.45,2780,0
AEPPL.US,5,20210923,212000,48.43,48.43,48.43,48.43,400,0
AEPPL.US,5,20210923,212500,48.425,48.425,48.42,48.42,200,0
AEPPL.US,5,20210923,213000,48.4,48.51,48.385,48.4087,2019,0
AEPPL.US,5,20210923,214500,48.37,48.38,48.35,48.37,800,0
AEPPL.US,5,20210923,215000,48.37,48.61,48.35,48.37,10565,0
AEPPL.US,5,20210923,215500,48.28,48.38,48.28,48.38,570,0
AEPPL.US,5,20210924,153000,48.4,48.51,48.38,48.44,3706,0
AEPPL.US,5,20210924,153500,48.4388,48.4388,48.4388,48.4388,1000,0
AEPPL.US,5,20210924,154000,48.25,48.25,48.24,48.25,945,0
AEPPL.US,5,20210924,162500,48.3,48.3,48.285,48.285,1100,0
AEPPL.US,5,20210924,164500,48.25,48.25,48.25,48.25,100,0
AEPPL.US,5,20210924,165000,48.03,48.03,48.03,48.03,100,0
AEPPL.US,5,20210924,172500,48.03,48.03,48.03,48.03,100,0
AEPPL.US,5,20210924,174500,48.1798,48.1798,48.1798,48.1798,100,0
AEPPL.US,5,20210924,181000,48.09,48.09,48.09,48.09,100,0
AEPPL.US,5,20210924,192000,48.24,48.24,48.24,48.24,537,0
AEPPL.US,5,20210924,194500,48.12,48.12,48.12,48.12,100,0
AEPPL.US,5,20210924,200500,48.11,48.11,48.11,48.11,133,0
AEPPL.US,5,20210924,201000,48.1488,48.1488,48.1488,48.1488,291,0
AEPPL.US,5,20210924,201500,48.2,48.2,48.2,48.2,240,0
AEPPL.US,5,20210924,202500,48.185,48.19,48.185,48.19,310,0
AEPPL.US,5,20210924,204500,48.298,48.298,48.1784,48.1784,610,0
AEPPL.US,5,20210924,210500,48.17,48.17,48.17,48.17,150,0
AEPPL.US,5,20210924,211500,48.11,48.11,48.11,48.11,100,0
AEPPL.US,5,20210924,213000,48.2695,48.2695,48.2695,48.2695,210,0
AEPPL.US,5,20210924,214000,48.13,48.13,48.13,48.13,100,0
AEPPL.US,5,20210924,215000,48.2008,48.2008,48.2008,48.2008,100,0
AEPPL.US,5,20210924,215500,48.201,48.201,48.1,48.16,685,0
AEPPL.US,5,20210927,153500,48.07,48.215,48.07,48.075,600,0
AEPPL.US,5,20210927,154500,48.25,48.25,48.25,48.25,100,0
AEPPL.US,5,20210927,155500,48.3,48.3,48.3,48.3,100,0
AEPPL.US,5,20210927,162000,48.3699,48.3699,48.325,48.325,200,0
AEPPL.US,5,20210927,165500,48.34,48.38,48.31,48.325,1067,0
AEPPL.US,5,20210927,170000,48.34,48.34,48.34,48.34,100,0
AEPPL.US,5,20210927,172500,48.323,48.323,48.323,48.323,210,0
AEPPL.US,5,20210927,173500,48.29,48.29,48.29,48.29,200,0
AEPPL.US,5,20210927,182000,48.25,48.25,48.25,48.25,100,0
AEPPL.US,5,20210927,182500,48.28,48.28,48.28,48.28,187,0
AEPPL.US,5,20210927,185500,48.29,48.29,48.29,48.29,100,0
AEPPL.US,5,20210927,190000,48.205,48.205,48.205,48.205,100,0
AEPPL.US,5,20210927,191000,48.2665,48.2665,48.2665,48.2665,113,0
AEPPL.US,5,20210927,193500,48.27,48.27,48.27,48.27,1000,0
AEPPL.US,5,20210927,194000,48.2,48.2,48.2,48.2,100,0
AEPPL.US,5,20210927,201000,48.23,48.24,48.2299,48.24,500,0
AEPPL.US,5,20210927,202000,48.25,48.25,48.25,48.25,509,0
AEPPL.US,5,20210927,203500,48.27,48.28,48.2001,48.2001,5344,0
AEPPL.US,5,20210927,205000,48.245,48.245,48.245,48.245,100,0
AEPPL.US,5,20210927,205500,48.225,48.225,48.225,48.225,100,0
AEPPL.US,5,20210927,210000,48.2,48.2,48.2,48.2,1000,0
AEPPL.US,5,20210927,210500,48.205,48.205,48.2,48.2,1000,0
AEPPL.US,5,20210927,211500,48.14,48.14,48.14,48.14,200,0
AEPPL.US,5,20210927,212500,48.19,48.19,48.19,48.19,100,0
AEPPL.US,5,20210927,213000,48.155,48.155,48.12,48.12,200,0
AEPPL.US,5,20210927,213500,48.11,48.11,48.08,48.08,500,0
AEPPL.US,5,20210927,214500,48.07,48.07,48.06,48.06,632,0
AEPPL.US,5,20210927,215500,48,48.07,48,48.035,2134,0
AEPPL.US,5,20210928,153000,48.09,48.18,47.73,48,3459,0
AEPPL.US,5,20210928,153500,47.84,47.84,47.84,47.84,100,0
AEPPL.US,5,20210928,154000,47.88,47.89,47.88,47.89,200,0
AEPPL.US,5,20210928,154500,47.88,47.88,47.88,47.88,300,0
AEPPL.US,5,20210928,155500,47.74,47.74,47.74,47.74,100,0
AEPPL.US,5,20210928,160000,47.74,47.74,47.74,47.74,100,0
AEPPL.US,5,20210928,160500,47.8305,47.92,47.8305,47.92,6792,0
AEPPL.US,5,20210928,161500,47.93,47.93,47.93,47.93,100,0
AEPPL.US,5,20210928,162000,47.96,47.96,47.96,47.96,350,0
AEPPL.US,5,20210928,162500,47.83,47.83,47.83,47.83,100,0
AEPPL.US,5,20210928,163000,47.94,47.9699,47.94,47.9699,223,0
AEPPL.US,5,20210928,164500,47.895,47.895,47.895,47.895,100,0
AEPPL.US,5,20210928,165500,47.8,47.8,47.8,47.8,100,0
AEPPL.US,5,20210928,173000,47.8,47.8,47.8,47.8,100,0
AEPPL.US,5,20210928,173500,47.8,47.8,47.74,47.74,400,0
AEPPL.US,5,20210928,175000,47.74,47.74,47.73,47.73,200,0
AEPPL.US,5,20210928,180500,47.72,47.72,47.72,47.72,100,0
AEPPL.US,5,20210928,181500,47.7,47.7,47.7,47.7,100,0
AEPPL.US,5,20210928,182000,47.82,47.84,47.82,47.84,300,0
AEPPL.US,5,20210928,183500,47.84,47.84,47.84,47.84,500,0
AEPPL.US,5,20210928,184500,47.8236,47.8484,47.8236,47.8484,1364,0
AEPPL.US,5,20210928,185500,47.69,47.69,47.69,47.69,100,0
AEPPL.US,5,20210928,190000,47.75,47.75,47.75,47.75,255,0
AEPPL.US,5,20210928,191000,47.83,47.83,47.83,47.83,200,0
AEPPL.US,5,20210928,191500,47.75,47.75,47.75,47.75,1000,0
AEPPL.US,5,20210928,192000,47.83,47.83,47.82,47.82,200,0
AEPPL.US,5,20210928,192500,47.84,47.84,47.84,47.84,350,0
AEPPL.US,5,20210928,193000,47.85,47.98,47.83,47.98,1228,0
AEPPL.US,5,20210928,193500,47.79,47.79,47.79,47.79,300,0
AEPPL.US,5,20210928,194500,47.94,47.94,47.94,47.94,100,0
AEPPL.US,5,20210928,200000,47.94,47.94,47.94,47.94,221,0
AEPPL.US,5,20210928,201500,47.8,47.8,47.8,47.8,100,0
AEPPL.US,5,20210928,205000,47.909,47.909,47.909,47.909,103,0
AEPPL.US,5,20210928,210000,47.92,47.92,47.92,47.92,100,0
AEPPL.US,5,20210928,210500,47.86,47.86,47.86,47.86,100,0
AEPPL.US,5,20210928,211500,47.87,47.87,47.87,47.87,100,0
AEPPL.US,5,20210928,212000,47.86,47.86,47.86,47.86,100,0
AEPPL.US,5,20210928,213000,47.87,47.87,47.87,47.87,200,0
AEPPL.US,5,20210928,213500,47.99,48,47.99,48,300,0
AEPPL.US,5,20210928,214500,47.91,48.01,47.9,47.9,913,0
AEPPL.US,5,20210928,215000,47.9,47.9,47.9,47.9,900,0
AEPPL.US,5,20210928,215500,47.93,47.93,47.93,47.93,200,0
AEPPL.US,5,20210929,153000,47.86,47.86,47.86,47.86,180,0
AEPPL.US,5,20210929,154500,47.86,47.86,47.7988,47.7988,200,0
AEPPL.US,5,20210929,155000,47.84,47.84,47.82,47.82,200,0
AEPPL.US,5,20210929,160500,47.9,47.9,47.9,47.9,100,0
AEPPL.US,5,20210929,161500,47.9126,47.9126,47.9126,47.9126,100,0
AEPPL.US,5,20210929,162000,47.99,47.99,47.92,47.92,1216,0
AEPPL.US,5,20210929,163000,48,48,48,48,200,0
AEPPL.US,5,20210929,164500,48.3399,48.3399,48.3399,48.3399,105,0
AEPPL.US,5,20210929,170500,48.3225,48.3225,48.3225,48.3225,150,0
AEPPL.US,5,20210929,171500,48.27,48.27,48.27,48.27,100,0
AEPPL.US,5,20210929,172000,48.2,48.2,48.2,48.2,344,0
AEPPL.US,5,20210929,174500,48.4862,48.4862,48.4862,48.4862,105,0
AEPPL.US,5,20210929,182500,48.3853,48.3853,48.3853,48.3853,210,0
AEPPL.US,5,20210929,183000,48.3674,48.3674,48.3674,48.3674,500,0
AEPPL.US,5,20210929,183500,48.39,48.39,48.39,48.39,100,0
AEPPL.US,5,20210929,185000,48.27,48.27,48.27,48.27,100,0
AEPPL.US,5,20210929,185500,48.4,48.4,48.4,48.4,200,0
AEPPL.US,5,20210929,190000,48.27,48.27,48.27,48.27,100,0
AEPPL.US,5,20210929,190500,48.26,48.26,48.26,48.26,100,0
AEPPL.US,5,20210929,191000,48.26,48.26,48.26,48.26,100,0
AEPPL.US,5,20210929,191500,48.29,48.29,48.29,48.29,1000,0
AEPPL.US,5,20210929,193000,48.2762,48.2762,48.2762,48.2762,419,0
AEPPL.US,5,20210929,200500,48.15,48.15,48.15,48.15,100,0
AEPPL.US,5,20210929,201500,48.15,48.15,48.15,48.15,145,0
AEPPL.US,5,20210929,204500,48.2151,48.2151,48.2151,48.2151,125,0
AEPPL.US,5,20210929,210500,48.3,48.3,48.3,48.3,1035,0
AEPPL.US,5,20210929,212500,48.3,48.3,48.3,48.3,201,0
AEPPL.US,5,20210929,213000,48.3,48.56,48.3,48.41,2820,0
AEPPL.US,5,20210929,215000,48.24,48.24,48.23,48.23,300,0
AEPPL.US,5,20210929,215500,48.33,48.33,48.33,48.33,100,0
AEPPL.US,5,20210930,155500,48.33,48.38,48.19,48.24,1584,0
AEPPL.US,5,20210930,162000,48.275,48.275,48.275,48.275,116,0
AEPPL.US,5,20210930,162500,48.1601,48.1601,48.1601,48.1601,106,0
AEPPL.US,5,20210930,164000,48.35,48.38,48.35,48.38,3543,0
AEPPL.US,5,20210930,171000,48.3,48.3,48.3,48.3,100,0
AEPPL.US,5,20210930,171500,48.3,48.3,48.3,48.3,450,0
AEPPL.US,5,20210930,173000,48.2999,48.2999,48.2999,48.2999,300,0
AEPPL.US,5,20210930,173500,48.2,48.2,48.2,48.2,300,0
AEPPL.US,5,20210930,174000,48.2,48.2,48.2,48.2,100,0
AEPPL.US,5,20210930,180000,48.2,48.2,48.2,48.2,100,0
AEPPL.US,5,20210930,183000,48.09,48.09,48.04,48.04,263,0
AEPPL.US,5,20210930,184500,48.1376,48.1376,48.1376,48.1376,200,0
AEPPL.US,5,20210930,185000,48.14,48.15,48.14,48.15,200,0
AEPPL.US,5,20210930,191000,48.09,48.09,48.09,48.09,200,0
AEPPL.US,5,20210930,191500,48.08,48.08,48.08,48.08,200,0
AEPPL.US,5,20210930,192000,48.08,48.15,48.08,48.09,500,0
AEPPL.US,5,20210930,192500,48,48,48,48,200,0
AEPPL.US,5,20210930,193000,48,48,48,48,200,0
AEPPL.US,5,20210930,193500,48,48.01,48,48,600,0
AEPPL.US,5,20210930,194000,48,48,48,48,200,0
AEPPL.US,5,20210930,194500,48,48,47.98,47.98,300,0
AEPPL.US,5,20210930,195000,47.96,47.96,47.96,47.96,200,0
AEPPL.US,5,20210930,195500,48,48,48,48,200,0
AEPPL.US,5,20210930,200000,48,48,48,48,200,0
AEPPL.US,5,20210930,200500,48,48.02,48,48.02,200,0
AEPPL.US,5,20210930,201000,48.02,48.12,47.99,48.03,500,0
AEPPL.US,5,20210930,201500,48.01,48.01,47.99,47.99,200,0
AEPPL.US,5,20210930,202000,47.98,47.98,47.98,47.98,100,0
AEPPL.US,5,20210930,202500,47.98,47.98,47.98,47.98,300,0
AEPPL.US,5,20210930,203000,47.99,47.99,47.99,47.99,300,0
AEPPL.US,5,20210930,203500,48.1399,48.1399,47.98,47.98,228,0
AEPPL.US,5,20210930,204000,48.01,48.01,48,48,200,0
AEPPL.US,5,20210930,204500,48,48.03,48,48.01,300,0
AEPPL.US,5,20210930,205000,48.01,48.01,48.01,48.01,100,0
AEPPL.US,5,20210930,205500,48,48,47.99,47.99,300,0
AEPPL.US,5,20210930,210000,48.02,48.02,48.02,48.02,200,0
AEPPL.US,5,20210930,210500,48.03,48.03,48.03,48.03,200,0
AEPPL.US,5,20210930,211000,48.06,48.06,48.06,48.06,200,0
AEPPL.US,5,20210930,211500,48.07,48.07,48.06,48.06,300,0
AEPPL.US,5,20210930,212000,48.04,48.04,48.04,48.04,200,0
AEPPL.US,5,20210930,212500,48.04,48.04,48.01,48.02,300,0
AEPPL.US,5,20210930,213500,48.12,48.12,48.12,48.12,375,0
AEPPL.US,5,20210930,214500,47.95,47.95,47.94,47.94,200,0
AEPPL.US,5,20210930,215000,47.93,48.01,47.82,47.84,11456,0
AEPPL.US,5,20210930,215500,47.83,47.91,47.67,47.67,37338,0
AEPPL.US,5,20211001,153000,47.91,47.91,47.91,47.91,103,0
AEPPL.US,5,20211001,153500,48,48,48,48,850,0
AEPPL.US,5,20211001,160000,47.88,47.88,47.88,47.88,300,0
AEPPL.US,5,20211001,160500,47.85,47.85,47.85,47.85,100,0
AEPPL.US,5,20211001,165500,48,48,48,48,950,0
AEPPL.US,5,20211001,174500,48.14,48.2,48.14,48.2,1645,0
AEPPL.US,5,20211001,175000,48.09,48.09,48.09,48.09,326,0
AEPPL.US,5,20211001,175500,48.2099,48.2099,48.2099,48.2099,100,0
AEPPL.US,5,20211001,180000,48.14,48.14,48.14,48.14,100,0
AEPPL.US,5,20211001,194000,48.11,48.11,48.0825,48.0825,1110,0
AEPPL.US,5,20211001,202000,48.28,48.28,48.28,48.28,410,0
AEPPL.US,5,20211001,203000,48.28,48.32,48.26,48.32,1716,0
AEPPL.US,5,20211001,204500,48.2,48.2,48.04,48.04,1500,0
AEPPL.US,5,20211004,154500,47.93,47.93,47.93,47.93,625,0
AEPPL.US,5,20211004,160000,47.93,47.93,47.93,47.93,386,0
AEPPL.US,5,20211004,160500,47.84,47.84,47.84,47.84,594,0
AEPPL.US,5,20211004,161000,47.88,47.92,47.79,47.79,608,0
AEPPL.US,5,20211004,162000,47.9,47.96,47.9,47.96,525,0
AEPPL.US,5,20211004,163500,47.9,47.9,47.9,47.9,500,0
AEPPL.US,5,20211004,165000,47.97,48.011,47.97,48.01,1053,0
AEPPL.US,5,20211004,172500,48.2234,48.2234,48.2234,48.2234,190,0
AEPPL.US,5,20211004,173500,48.095,48.095,47.9431,47.9431,1500,0
AEPPL.US,5,20211004,174500,47.9566,47.9566,47.9566,47.9566,200,0
AEPPL.US,5,20211004,180000,48.13,48.13,48.13,48.13,226,0
AEPPL.US,5,20211004,180500,48.25,48.25,48.25,48.25,235,0
AEPPL.US,5,20211004,184500,48.34,48.34,48.34,48.34,135,0
AEPPL.US,5,20211004,193500,48.2,48.2,48.2,48.2,299,0
AEPPL.US,5,20211004,195500,48.02,48.02,48.02,48.02,185,0
AEPPL.US,5,20211004,200000,48.13,48.13,48.1,48.1,1327,0
AEPPL.US,5,20211004,202500,48.1,48.1,48.1,48.1,246,0
AEPPL.US,5,20211004,204000,48.2,48.2,48.2,48.2,400,0
AEPPL.US,5,20211004,210500,48.1186,48.1186,48.1186,48.1186,210,0
AEPPL.US,5,20211004,211000,48.07,48.15,48.07,48.15,300,0
AEPPL.US,5,20211004,214500,48.315,48.315,48.315,48.315,195,0
AEPPL.US,5,20211004,215000,48.105,48.23,48.105,48.23,258,0
AEPPL.US,5,20211004,215500,48.295,48.295,48.18,48.18,458,0
AEPPL.US,5,20211005,153000,48.34,48.34,48.34,48.34,100,0
AEPPL.US,5,20211005,160000,48.54,48.54,48.54,48.54,200,0
AEPPL.US,5,20211005,162500,48.63,48.63,48.63,48.63,100,0
AEPPL.US,5,20211005,163500,48.46,48.46,48.46,48.46,100,0
AEPPL.US,5,20211005,164000,48.45,48.45,48.45,48.45,100,0
AEPPL.US,5,20211005,170500,48.445,48.48,48.445,48.48,210,0
AEPPL.US,5,20211005,172000,48.5233,48.5233,48.5233,48.5233,100,0
AEPPL.US,5,20211005,175000,48.445,48.445,48.445,48.445,198,0
AEPPL.US,5,20211005,180000,48.3801,48.431,48.36,48.431,1294,0
AEPPL.US,5,20211005,182500,48.3701,48.3701,48.3701,48.3701,355,0
AEPPL.US,5,20211005,184000,48.35,48.35,48.35,48.35,375,0
AEPPL.US,5,20211005,184500,48.35,48.4562,48.35,48.35,3386,0
AEPPL.US,5,20211005,185000,48.35,48.4002,48.35,48.4002,2033,0
AEPPL.US,5,20211005,185500,48.425,48.425,48.35,48.3857,1600,0
AEPPL.US,5,20211005,192500,48.35,48.35,48.35,48.35,300,0
AEPPL.US,5,20211005,193000,48.35,48.39,48.35,48.39,1827,0
AEPPL.US,5,20211005,193500,48.35,48.35,48.35,48.35,200,0
AEPPL.US,5,20211005,194000,48.35,48.36,48.35,48.36,200,0
AEPPL.US,5,20211005,194500,48.38,48.4,48.38,48.4,800,0
AEPPL.US,5,20211005,195000,48.4,48.4,48.37,48.4,8962,0
AEPPL.US,5,20211005,195500,48.415,48.42,48.41,48.42,300,0
AEPPL.US,5,20211005,204500,48.43,48.43,48.43,48.43,111,0
AEPPL.US,5,20211005,211500,48.3766,48.3766,48.3766,48.3766,250,0
AEPPL.US,5,20211005,213500,48.45,48.45,48.45,48.45,1136,0
AEPPL.US,5,20211005,214000,48.4607,48.49,48.46,48.49,797,0
AEPPL.US,5,20211005,214500,48.56,48.56,48.56,48.56,300,0
AEPPL.US,5,20211005,215000,48.53,48.53,48.53,48.53,100,0
AEPPL.US,5,20211005,215500,48.62,48.63,48.62,48.63,365,0
AEPPL.US,5,20211006,153000,48.6,48.6,48.4708,48.4708,513,0
AEPPL.US,5,20211006,155500,48.5089,48.5089,48.5089,48.5089,600,0
AEPPL.US,5,20211006,172500,48.575,48.575,48.575,48.575,100,0
AEPPL.US,5,20211006,173000,48.6,48.6,48.53,48.589,470,0
AEPPL.US,5,20211006,175500,48.57,48.59,48.57,48.59,250,0
AEPPL.US,5,20211006,192000,48.57,48.57,48.57,48.57,200,0
AEPPL.US,5,20211006,193500,48.57,48.57,48.57,48.57,497,0
AEPPL.US,5,20211006,201000,48.75,48.75,48.75,48.75,200,0
AEPPL.US,5,20211006,204000,48.84,48.84,48.84,48.84,100,0
AEPPL.US,5,20211006,204500,48.83,48.83,48.83,48.83,100,0
AEPPL.US,5,20211006,211000,48.9193,48.9193,48.9193,48.9193,200,0
AEPPL.US,5,20211006,211500,48.91,48.91,48.91,48.91,200,0
AEPPL.US,5,20211006,212000,48.8974,48.8974,48.8974,48.8974,252,0
AEPPL.US,5,20211006,212500,48.85,48.85,48.85,48.85,200,0
AEPPL.US,5,20211006,214000,48.92,48.92,48.92,48.92,100,0
AEPPL.US,5,20211006,215000,49.045,49.045,49.045,49.045,100,0
AEPPL.US,5,20211007,153000,48.99,48.99,48.99,48.99,240,0
AEPPL.US,5,20211007,153500,49.06,49.06,49.03,49.03,200,0
AEPPL.US,5,20211007,154000,49.08,49.08,49.08,49.08,100,0
AEPPL.US,5,20211007,160500,49.24,49.24,49.24,49.24,317,0
AEPPL.US,5,20211007,161000,49.2482,49.2482,49.2482,49.2482,200,0
AEPPL.US,5,20211007,165000,49.2,49.2,49.2,49.2,210,0
AEPPL.US,5,20211007,172500,49.17,49.17,49.17,49.17,100,0
AEPPL.US,5,20211007,174500,49.1692,49.19,49.1692,49.1692,1352,0
AEPPL.US,5,20211007,184000,49.02,49.02,49.02,49.02,200,0
AEPPL.US,5,20211007,190000,48.9201,48.9201,48.9201,48.9201,194,0
AEPPL.US,5,20211007,191000,49.1,49.1,49.1,49.1,100,0
AEPPL.US,5,20211007,193500,49.14,49.156,49.049,49.156,912,0
AEPPL.US,5,20211007,203500,49.0231,49.0231,49.0231,49.0231,105,0
AEPPL.US,5,20211007,210500,48.915,48.915,48.915,48.915,210,0
AEPPL.US,5,20211007,212000,49.08,49.08,48.935,48.935,200,0
AEPPL.US,5,20211007,212500,49,49,49,49,500,0
AEPPL.US,5,20211007,213500,49.03,49.044,49.03,49.044,200,0
AEPPL.US,5,20211007,214000,49.0075,49.0075,49.0075,49.0075,205,0
AEPPL.US,5,20211007,215000,48.87,48.87,48.87,48.87,225,0
AEPPL.US,5,20211007,215500,48.92,49.02,48.92,49.02,359,0
AEPPL.US,5,20211008,153000,49,49,49,49,500,0
AEPPL.US,5,20211008,155500,48.79,48.79,48.79,48.79,100,0
AEPPL.US,5,20211008,161000,48.93,48.93,48.93,48.93,450,0
AEPPL.US,5,20211008,164000,48.87,48.88,48.8544,48.8544,500,0
AEPPL.US,5,20211008,170000,48.84,48.84,48.84,48.84,428,0
AEPPL.US,5,20211008,171000,48.8305,48.8305,48.8305,48.8305,200,0
AEPPL.US,5,20211008,171500,48.8899,48.8899,48.8899,48.8899,200,0
AEPPL.US,5,20211008,172500,48.87,48.87,48.87,48.87,100,0
AEPPL.US,5,20211008,173000,48.83,48.86,48.765,48.85,1482,0
AEPPL.US,5,20211008,174500,48.85,48.85,48.85,48.85,100,0
AEPPL.US,5,20211008,183000,48.9399,48.9399,48.9399,48.9399,210,0
AEPPL.US,5,20211008,194500,48.93,48.93,48.93,48.93,350,0
AEPPL.US,5,20211008,195000,48.93,48.98,48.93,48.98,1203,0
AEPPL.US,5,20211008,203000,48.98,48.98,48.98,48.98,300,0
AEPPL.US,5,20211008,204500,48.92,48.9471,48.91,48.91,485,0
AEPPL.US,5,20211008,212000,48.945,48.945,48.945,48.945,100,0
AEPPL.US,5,20211008,215500,48.89,48.89,48.89,48.89,165,0
AEPPL.US,5,20211011,155500,48.71,48.71,48.71,48.71,100,0
AEPPL.US,5,20211011,160000,48.8,48.8,48.8,48.8,100,0
AEPPL.US,5,20211011,160500,48.85,49.2,48.85,49,13678,0
AEPPL.US,5,20211011,161500,48.95,48.98,48.8676,48.976,722,0
AEPPL.US,5,20211011,170500,48.7017,48.7017,48.7017,48.7017,117,0
AEPPL.US,5,20211011,174000,48.8099,48.8099,48.675,48.675,250,0
AEPPL.US,5,20211011,181000,48.71,48.71,48.71,48.71,318,0
AEPPL.US,5,20211011,181500,48.7,48.7,48.7,48.7,250,0
AEPPL.US,5,20211011,183000,48.54,48.54,48.5108,48.5108,530,0
AEPPL.US,5,20211011,190000,48.51,48.51,48.51,48.51,200,0
AEPPL.US,5,20211011,210500,48.286,48.286,48.286,48.286,250,0
AEPPL.US,5,20211011,212000,48.5712,48.5712,48.5712,48.5712,250,0
AEPPL.US,5,20211011,215000,48.24,48.24,48.24,48.24,110,0
AEPPL.US,5,20211011,215500,48.44,48.44,48.44,48.44,100,0
AEPPL.US,5,20211012,153000,48.62,48.62,48.5,48.5,2721,0
AEPPL.US,5,20211012,161000,48.6385,48.6385,48.6385,48.6385,210,0
AEPPL.US,5,20211012,171000,48.59,48.59,48.59,48.59,210,0
AEPPL.US,5,20211012,171500,48.58,48.58,48.58,48.58,200,0
AEPPL.US,5,20211012,172000,48.585,48.585,48.585,48.585,210,0
AEPPL.US,5,20211012,173000,48.585,48.585,48.585,48.585,200,0
AEPPL.US,5,20211012,180000,48.58,48.58,48.58,48.58,124,0
AEPPL.US,5,20211012,182500,48.6364,48.6364,48.6364,48.6364,500,0
AEPPL.US,5,20211012,185500,48.59,48.59,48.59,48.59,100,0
AEPPL.US,5,20211012,195000,48.6,48.6,48.6,48.6,1238,0
AEPPL.US,5,20211012,202500,48.57,48.57,48.57,48.57,625,0
AEPPL.US,5,20211012,210000,48.56,48.56,48.56,48.56,900,0
AEPPL.US,5,20211012,215500,48.55,48.57,48.55,48.57,400,0
AEPPL.US,5,20211013,153000,48.4,48.74,48.4,48.6144,1220,0
AEPPL.US,5,20211013,153500,48.66,48.6866,48.66,48.6866,900,0
AEPPL.US,5,20211013,155000,48.53,48.53,48.53,48.53,150,0
AEPPL.US,5,20211013,155500,48.5,48.5,48.5,48.5,145,0
AEPPL.US,5,20211013,160000,48.48,48.48,48.48,48.48,169,0
AEPPL.US,5,20211013,160500,48.44,48.44,48.3774,48.3774,1171,0
AEPPL.US,5,20211013,170000,48.41,48.41,48.29,48.29,560,0
AEPPL.US,5,20211013,170500,48.3534,48.3534,48.3534,48.3534,120,0
AEPPL.US,5,20211013,173000,48.41,48.41,48.3,48.3106,715,0
AEPPL.US,5,20211013,183000,48.53,48.53,48.53,48.53,100,0
AEPPL.US,5,20211013,183500,48.56,48.56,48.5442,48.5442,240,0
AEPPL.US,5,20211013,190500,48.5135,48.5135,48.5135,48.5135,600,0
AEPPL.US,5,20211013,193000,48.6036,48.6036,48.6036,48.6036,247,0
AEPPL.US,5,20211013,194500,48.68,48.68,48.68,48.68,469,0
AEPPL.US,5,20211013,195000,48.68,48.69,48.68,48.68,1990,0
AEPPL.US,5,20211013,200500,48.706,48.71,48.706,48.7091,2300,0
AEPPL.US,5,20211013,202000,48.74,48.74,48.7399,48.7399,600,0
AEPPL.US,5,20211013,204000,48.7,48.7,48.7,48.7,190,0
AEPPL.US,5,20211013,205500,48.695,48.695,48.695,48.695,210,0
AEPPL.US,5,20211013,212000,48.72,48.72,48.72,48.72,1000,0
AEPPL.US,5,20211013,215000,48.76,48.7616,48.7,48.72,2749,0
AEPPL.US,5,20211013,215500,48.79,48.84,48.73,48.73,5404,0
AEPPL.US,5,20211014,153000,49.1,49.1,48.77,48.77,715,0
AEPPL.US,5,20211014,160500,49.02,49.02,49.02,49.02,200,0
AEPPL.US,5,20211014,161500,49.04,49.04,49.04,49.04,258,0
AEPPL.US,5,20211014,162000,49.01,49.01,49.01,49.01,100,0
AEPPL.US,5,20211014,163000,49,49.02,49,49.02,850,0
AEPPL.US,5,20211014,163500,49.02,49.02,49.02,49.02,1600,0
AEPPL.US,5,20211014,164500,48.9,48.9,48.9,48.9,100,0
AEPPL.US,5,20211014,165000,48.9939,48.9939,48.9939,48.9939,142,0
AEPPL.US,5,20211014,165500,48.96,48.96,48.96,48.96,285,0
AEPPL.US,5,20211014,175500,48.93,48.93,48.93,48.93,105,0
AEPPL.US,5,20211014,180000,48.9999,49,48.9999,49,305,0
AEPPL.US,5,20211014,183000,49.04,49.04,49.04,49.04,221,0
AEPPL.US,5,20211014,184000,49.07,49.07,49.07,49.07,100,0
AEPPL.US,5,20211014,184500,49.08,49.09,49.08,49.09,900,0
AEPPL.US,5,20211014,195000,49.15,49.16,49.15,49.16,1000,0
AEPPL.US,5,20211014,201000,49.14,49.14,49.12,49.12,275,0
AEPPL.US,5,20211014,202000,49.14,49.14,49.14,49.14,116,0
AEPPL.US,5,20211014,203000,49.0701,49.0701,49.0701,49.0701,164,0
AEPPL.US,5,20211014,212500,49.12,49.12,49.12,49.12,200,0
AEPPL.US,5,20211014,214500,49.1,49.1,49.09,49.09,1904,0
AEPPL.US,5,20211014,215000,49.13,49.13,49.1199,49.1199,304,0
AEPPL.US,5,20211014,215500,49.1,49.12,49,49.1,1100,0
AEPPL.US,5,20211015,153000,49.05,49.05,49.05,49.05,200,0
AEPPL.US,5,20211015,154000,48.998,48.998,48.998,48.998,148,0
AEPPL.US,5,20211015,155000,49.09,49.09,49.0016,49.0016,280,0
AEPPL.US,5,20211015,160000,49.18,49.18,49.18,49.18,125,0
AEPPL.US,5,20211015,162000,49.1136,49.1136,49.1136,49.1136,200,0
AEPPL.US,5,20211015,163000,49.1,49.1,49.1,49.1,100,0
AEPPL.US,5,20211015,165500,49.07,49.07,49.0629,49.0629,400,0
AEPPL.US,5,20211015,170000,49.07,49.07,49.06,49.06,400,0
AEPPL.US,5,20211015,170500,49.02,49.02,49.02,49.02,500,0
AEPPL.US,5,20211015,172000,49,49,49,49,600,0
AEPPL.US,5,20211015,172500,48.98,48.98,48.9716,48.98,700,0
AEPPL.US,5,20211015,185000,48.8866,48.95,48.8866,48.89,600,0
AEPPL.US,5,20211015,185500,48.9399,48.9399,48.88,48.93,1331,0
AEPPL.US,5,20211015,200500,48.92,48.92,48.92,48.92,408,0
AEPPL.US,5,20211015,204500,48.89,48.89,48.89,48.89,188,0
AEPPL.US,5,20211015,205000,48.8899,48.8899,48.78,48.78,1510,0
AEPPL.US,5,20211015,211500,48.9,48.9,48.9,48.9,100,0
AEPPL.US,5,20211015,213000,48.85,48.85,48.85,48.85,595,0
AEPPL.US,5,20211015,214500,48.795,48.795,48.795,48.795,400,0
AEPPL.US,5,20211015,215000,48.8,48.8,48.8,48.8,175,0
AEPPL.US,5,20211015,215500,48.85,48.85,48.8,48.8,993,0
AEPPL.US,5,20211018,162000,48.65,48.65,48.65,48.65,100,0
AEPPL.US,5,20211018,163500,48.69,48.69,48.68,48.68,350,0
AEPPL.US,5,20211018,164500,48.71,48.71,48.71,48.71,115,0
AEPPL.US,5,20211018,165500,48.7199,48.7199,48.7199,48.7199,100,0
AEPPL.US,5,20211018,171500,48.785,48.785,48.785,48.785,189,0
AEPPL.US,5,20211018,180500,48.82,48.82,48.81,48.81,600,0
AEPPL.US,5,20211018,181000,48.82,48.82,48.82,48.82,1000,0
AEPPL.US,5,20211018,182000,48.8066,48.8066,48.8066,48.8066,139,0
AEPPL.US,5,20211018,182500,48.8,48.8,48.8,48.8,711,0
AEPPL.US,5,20211018,183000,48.789,48.789,48.789,48.789,100,0
AEPPL.US,5,20211018,183500,48.8,48.8,48.8,48.8,300,0
AEPPL.US,5,20211018,184500,48.79,48.79,48.77,48.77,2500,0
AEPPL.US,5,20211018,185500,48.77,48.77,48.77,48.77,200,0
AEPPL.US,5,20211018,193000,48.79,48.8,48.775,48.775,2600,0
AEPPL.US,5,20211018,193500,48.7569,48.7569,48.7569,48.7569,205,0
AEPPL.US,5,20211018,194000,48.77,48.77,48.737,48.737,817,0
AEPPL.US,5,20211018,194500,48.7016,48.74,48.7016,48.74,305,0
AEPPL.US,5,20211018,200500,48.72,48.73,48.72,48.73,316,0
AEPPL.US,5,20211018,212500,48.73,48.73,48.73,48.73,437,0
AEPPL.US,5,20211018,213500,48.7051,48.7051,48.7051,48.7051,240,0
AEPPL.US,5,20211018,214000,48.683,48.683,48.683,48.683,600,0
AEPPL.US,5,20211018,215000,48.7973,48.7973,48.7973,48.7973,142,0
AEPPL.US,5,20211018,215500,48.76,48.77,48.76,48.77,300,0
AEPPL.US,5,20211019,153000,48.94,48.94,48.94,48.94,500,0
AEPPL.US,5,20211019,160500,48.91,48.91,48.91,48.91,100,0
AEPPL.US,5,20211019,163000,48.9,48.9,48.9,48.9,100,0
AEPPL.US,5,20211019,164000,48.85,48.8734,48.85,48.8734,203,0
AEPPL.US,5,20211019,165000,48.79,48.79,48.79,48.79,100,0
AEPPL.US,5,20211019,165500,48.81,48.81,48.81,48.81,210,0
AEPPL.US,5,20211019,171000,48.8216,48.8216,48.8216,48.8216,400,0
AEPPL.US,5,20211019,173500,48.84,48.84,48.84,48.84,300,0
AEPPL.US,5,20211019,175500,48.83,48.83,48.83,48.83,100,0
AEPPL.US,5,20211019,180000,48.83,48.83,48.83,48.83,300,0
AEPPL.US,5,20211019,181000,48.86,48.978,48.86,48.978,300,0
AEPPL.US,5,20211019,181500,48.99,48.99,48.99,48.99,200,0
AEPPL.US,5,20211019,182500,49.01,49.01,49.01,49.01,200,0
AEPPL.US,5,20211019,190500,48.97,48.97,48.9601,48.9601,745,0
AEPPL.US,5,20211019,191000,48.969,48.969,48.96,48.96,200,0
AEPPL.US,5,20211019,193000,48.8711,48.8711,48.8711,48.8711,107,0
AEPPL.US,5,20211019,193500,48.915,48.915,48.915,48.915,112,0
AEPPL.US,5,20211019,195500,48.95,48.95,48.83,48.83,632,0
AEPPL.US,5,20211019,200000,48.82,48.82,48.82,48.82,100,0
AEPPL.US,5,20211019,204500,48.94,48.94,48.93,48.93,700,0
AEPPL.US,5,20211019,205000,48.92,48.92,48.92,48.92,410,0
AEPPL.US,5,20211019,211000,48.93,48.93,48.915,48.915,424,0
AEPPL.US,5,20211019,215500,48.97,48.97,48.97,48.97,100,0
AEPPL.US,5,20211020,153500,49.06,49.06,49.06,49.06,125,0
AEPPL.US,5,20211020,161500,49.3199,49.3199,49.3199,49.3199,300,0
AEPPL.US,5,20211020,163000,49.32,49.32,49.32,49.32,500,0
AEPPL.US,5,20211020,163500,49.32,49.32,49.32,49.32,100,0
AEPPL.US,5,20211020,170500,49.32,49.32,49.32,49.32,2199,0
AEPPL.US,5,20211020,172500,49.29,49.29,49.29,49.29,100,0
AEPPL.US,5,20211020,180500,49.32,49.32,49.32,49.32,100,0
AEPPL.US,5,20211020,183000,49.32,49.32,49.32,49.32,259,0
AEPPL.US,5,20211020,184000,49.32,49.32,49.3188,49.3188,600,0
AEPPL.US,5,20211020,190000,49.47,49.47,49.47,49.47,190,0
AEPPL.US,5,20211020,191500,49.41,49.41,49.41,49.41,500,0
AEPPL.US,5,20211020,192500,49.4206,49.4206,49.4206,49.4206,375,0
AEPPL.US,5,20211020,200000,49.45,49.45,49.45,49.45,285,0
AEPPL.US,5,20211020,204500,49.377,49.377,49.377,49.377,200,0
AEPPL.US,5,20211020,211000,49.39,49.39,49.39,49.39,200,0
AEPPL.US,5,20211020,213000,49.36,49.36,49.292,49.292,1211,0
AEPPL.US,5,20211020,214500,49.3058,49.3058,49.3058,49.3058,800,0
AEPPL.US,5,20211020,215500,49.38,49.38,49.38,49.38,300,0
AEPPL.US,5,20211021,153500,49.45,49.75,49.4492,49.4492,2712,0
AEPPL.US,5,20211021,162000,49.41,49.41,49.41,49.41,100,0
AEPPL.US,5,20211021,181500,49.3784,49.48,49.3784,49.48,223,0
AEPPL.US,5,20211021,192000,49.443,49.443,49.443,49.443,290,0
AEPPL.US,5,20211021,192500,49.5,49.5,49.5,49.5,200,0
AEPPL.US,5,20211021,193500,49.31,49.31,49.31,49.31,206,0
AEPPL.US,5,20211021,194000,49.4048,49.4048,49.4048,49.4048,200,0
AEPPL.US,5,20211021,200000,49.52,49.52,49.33,49.33,334,0
AEPPL.US,5,20211021,204000,49.415,49.486,49.415,49.415,1000,0
AEPPL.US,5,20211021,204500,49.51,49.75,49.51,49.55,2758,0
AEPPL.US,5,20211021,205000,49.55,49.55,49.435,49.55,3235,0
AEPPL.US,5,20211021,205500,49.55,49.55,49.5,49.55,4103,0
AEPPL.US,5,20211021,210000,49.55,49.55,49.55,49.55,1000,0
AEPPL.US,5,20211021,213000,49.54,49.54,49.445,49.445,580,0
AEPPL.US,5,20211021,215500,49.57,49.58,49.57,49.58,544,0
AEPPL.US,5,20211022,153000,49.31,49.32,49.31,49.32,860,0
AEPPL.US,5,20211022,153500,49.5466,49.5466,49.5466,49.5466,200,0
AEPPL.US,5,20211022,154500,49.5803,49.5803,49.5803,49.5803,203,0
AEPPL.US,5,20211022,185000,49.6295,49.6295,49.6295,49.6295,400,0
AEPPL.US,5,20211022,185500,49.58,49.58,49.58,49.58,200,0
AEPPL.US,5,20211022,214000,49.5594,49.5594,49.5594,49.5594,200,0
AEPPL.US,5,20211022,215000,49.67,49.8,49.67,49.8,4876,0
AEPPL.US,5,20211022,215500,49.77,49.77,49.77,49.77,5226,0
AEPPL.US,5,20211025,153000,49.71,49.71,49.71,49.71,142,0
AEPPL.US,5,20211025,155000,49.57,49.57,49.57,49.57,100,0
AEPPL.US,5,20211025,161000,49.5102,49.5102,49.455,49.455,312,0
AEPPL.US,5,20211025,161500,49.455,49.455,49.455,49.455,100,0
AEPPL.US,5,20211025,164500,49.59,49.59,49.5487,49.5487,400,0
AEPPL.US,5,20211025,165500,49.62,49.67,49.62,49.67,3472,0
AEPPL.US,5,20211025,170500,49.66,49.71,49.66,49.71,219,0
AEPPL.US,5,20211025,171500,49.58,49.69,49.536,49.69,2200,0
AEPPL.US,5,20211025,180500,49.62,49.62,49.6,49.61,750,0
AEPPL.US,5,20211025,181000,49.67,49.69,49.6526,49.69,400,0
AEPPL.US,5,20211025,182000,49.65,49.65,49.65,49.65,100,0
AEPPL.US,5,20211025,194500,49.65,49.65,49.62,49.62,1422,0
AEPPL.US,5,20211025,200500,49.6,49.6,49.6,49.6,400,0
AEPPL.US,5,20211025,202000,49.65,49.65,49.4777,49.4777,1500,0
AEPPL.US,5,20211025,205000,49.55,49.55,49.54,49.55,693,0
AEPPL.US,5,20211025,214000,49.558,49.558,49.558,49.558,100,0
AEPPL.US,5,20211025,215000,49.5,49.5,49.5,49.5,200,0
AEPPL.US,5,20211025,215500,49.49,49.49,49.48,49.48,548,0
AEPPL.US,5,20211026,153000,49.46,49.5,49.46,49.5,250,0
AEPPL.US,5,20211026,164000,49.4589,49.4589,49.4589,49.4589,200,0
AEPPL.US,5,20211026,164500,49.45,49.46,49.45,49.46,500,0
AEPPL.US,5,20211026,165000,49.36,49.36,49.36,49.36,200,0
AEPPL.US,5,20211026,191500,49.43,49.43,49.43,49.43,250,0
AEPPL.US,5,20211026,192000,49.4306,49.4306,49.4306,49.4306,416,0
AEPPL.US,5,20211026,193500,49.58,49.58,49.5284,49.5284,649,0
AEPPL.US,5,20211026,194500,49.52,49.6,49.52,49.6,421,0
AEPPL.US,5,20211026,195000,49.58,49.6,49.58,49.6,200,0
AEPPL.US,5,20211026,204000,49.45,49.45,49.45,49.45,300,0
AEPPL.US,5,20211026,210500,49.58,49.58,49.58,49.58,400,0
AEPPL.US,5,20211026,213500,49.52,49.52,49.52,49.52,100,0
AEPPL.US,5,20211026,214000,49.51,49.51,49.5,49.5,1142,0
AEPPL.US,5,20211026,214500,49.45,49.45,49.45,49.45,100,0
AEPPL.US,5,20211026,215500,49.4,49.41,49.4,49.41,344,0
AEPPL.US,5,20211027,153000,49.8,49.8,49.63,49.63,423,0
AEPPL.US,5,20211027,181000,49.47,49.47,49.47,49.47,700,0
AEPPL.US,5,20211027,182000,49.44,49.44,49.44,49.44,100,0
AEPPL.US,5,20211027,182500,49.4404,49.4404,49.4404,49.4404,250,0
AEPPL.US,5,20211027,183000,49.44,49.44,49.42,49.42,354,0
AEPPL.US,5,20211027,191000,49.34,49.34,49.34,49.34,100,0
AEPPL.US,5,20211027,192500,49.33,49.33,49.33,49.33,100,0
AEPPL.US,5,20211027,211500,49.34,49.34,49.34,49.34,100,0
AEPPL.US,5,20211027,212500,49.35,49.35,49.34,49.34,1742,0
AEPPL.US,5,20211027,213500,49.3486,49.3486,49.3486,49.3486,100,0
AEPPL.US,5,20211027,215500,49.29,49.29,49.28,49.28,282,0
AEPPL.US,5,20211028,160000,49.33,49.33,49.33,49.33,125,0
AEPPL.US,5,20211028,161000,49.2,49.2,49.16,49.16,327,0
AEPPL.US,5,20211028,162000,49.07,49.07,49.07,49.07,100,0
AEPPL.US,5,20211028,165500,49.23,49.28,49.115,49.28,1300,0
AEPPL.US,5,20211028,170500,49.28,49.42,49.28,49.42,290,0
AEPPL.US,5,20211028,172500,49.45,49.45,49.45,49.45,500,0
AEPPL.US,5,20211028,184000,49.45,49.45,49.45,49.45,600,0
AEPPL.US,5,20211028,185000,49.46,49.46,49.46,49.46,1475,0
AEPPL.US,5,20211028,191500,49.41,49.41,49.41,49.41,100,0
AEPPL.US,5,20211028,200000,49.4,49.405,49.4,49.4,800,0
AEPPL.US,5,20211028,200500,49.41,49.41,49.41,49.41,100,0
AEPPL.US,5,20211028,201000,49.4,49.4,49.4,49.4,300,0
AEPPL.US,5,20211028,201500,49.4,49.4,49.39,49.39,500,0
AEPPL.US,5,20211028,202500,49.39,49.39,49.39,49.39,1500,0
AEPPL.US,5,20211028,203000,49.3901,49.3901,49.3901,49.3901,250,0
AEPPL.US,5,20211028,204000,49.4699,49.4699,49.4699,49.4699,100,0
AEPPL.US,5,20211028,210000,49.42,49.42,49.42,49.42,100,0
AEPPL.US,5,20211028,211000,49.39,49.39,49.39,49.39,260,0
AEPPL.US,5,20211028,212500,49.35,49.35,49.35,49.35,500,0
AEPPL.US,5,20211028,215500,49.47,49.47,49.47,49.47,100,0
AEPPL.US,5,20211029,160500,49.45,49.45,49.45,49.45,100,0
AEPPL.US,5,20211029,164000,49.46,49.46,49.46,49.46,250,0
AEPPL.US,5,20211029,171500,49.46,49.46,49.46,49.46,100,0
AEPPL.US,5,20211029,172000,49.45,49.45,49.45,49.45,300,0
AEPPL.US,5,20211029,172500,49.47,49.5,49.4698,49.5,558,0
AEPPL.US,5,20211029,175000,49.4828,49.4828,49.4828,49.4828,654,0
AEPPL.US,5,20211029,180500,49.5,49.5,49.5,49.5,200,0
AEPPL.US,5,20211029,181000,49.544,49.544,49.544,49.544,164,0
AEPPL.US,5,20211029,184500,49.5053,49.5053,49.5053,49.5053,205,0
AEPPL.US,5,20211029,193000,49.49,49.49,49.49,49.49,203,0
AEPPL.US,5,20211029,195500,49.425,49.425,49.425,49.425,200,0
AEPPL.US,5,20211029,200000,49.51,49.51,49.51,49.51,444,0
AEPPL.US,5,20211029,200500,49.45,49.45,49.45,49.45,454,0
AEPPL.US,5,20211029,202000,49.3772,49.3772,49.3772,49.3772,366,0
AEPPL.US,5,20211029,202500,49.43,49.43,49.43,49.43,1000,0
AEPPL.US,5,20211029,205000,49.4116,49.4116,49.4116,49.4116,243,0
AEPPL.US,5,20211029,205500,49.45,49.45,49.45,49.45,350,0
AEPPL.US,5,20211029,212500,49.36,49.36,49.36,49.36,100,0
AEPPL.US,5,20211029,213000,49.36,49.36,49.36,49.36,100,0
AEPPL.US,5,20211029,215000,49.46,49.59,49.46,49.59,5556,0
AEPPL.US,5,20211029,215500,49.56,49.73,49.53,49.73,16584,0
AEPPL.US,5,20211101,143000,49.55,49.55,49.49,49.49,200,0
AEPPL.US,5,20211101,145500,49.4448,49.5399,49.4448,49.5399,754,0
AEPPL.US,5,20211101,163000,49.55,49.55,49.55,49.55,100,0
AEPPL.US,5,20211101,164500,49.54,49.54,49.54,49.54,100,0
AEPPL.US,5,20211101,165000,49.53,49.53,49.5299,49.53,714,0
AEPPL.US,5,20211101,165500,49.52,49.52,49.52,49.52,100,0
AEPPL.US,5,20211101,170500,49.53,49.53,49.5297,49.5297,278,0
AEPPL.US,5,20211101,171000,49.51,49.51,49.51,49.51,100,0
AEPPL.US,5,20211101,190500,49.58,49.58,49.58,49.58,100,0
AEPPL.US,5,20211101,191500,49.59,49.59,49.59,49.59,200,0
AEPPL.US,5,20211101,193000,49.6,49.6,49.6,49.6,100,0
AEPPL.US,5,20211101,195000,49.67,49.67,49.67,49.67,200,0
AEPPL.US,5,20211101,195500,49.66,49.66,49.66,49.66,228,0
AEPPL.US,5,20211101,200000,49.66,49.66,49.66,49.66,600,0
AEPPL.US,5,20211101,201000,49.65,49.65,49.65,49.65,840,0
AEPPL.US,5,20211101,201500,49.64,49.64,49.64,49.64,100,0
AEPPL.US,5,20211101,202500,49.63,49.63,49.63,49.63,100,0
AEPPL.US,5,20211101,204000,49.63,49.63,49.63,49.63,200,0
AEPPL.US,5,20211101,204500,49.63,49.63,49.62,49.62,420,0
AEPPL.US,5,20211101,205500,49.64,49.66,49.64,49.65,692,0
AEPPL.US,5,20211102,143000,49.72,49.72,49.64,49.64,201,0
AEPPL.US,5,20211102,143500,49.55,49.55,49.55,49.55,100,0
AEPPL.US,5,20211102,144000,49.6,49.6,49.6,49.6,100,0
AEPPL.US,5,20211102,144500,49.61,49.61,49.6,49.6,505,0
AEPPL.US,5,20211102,145000,49.59,49.59,49.55,49.5666,764,0
AEPPL.US,5,20211102,150000,49.52,49.52,49.5,49.5,500,0
AEPPL.US,5,20211102,153500,49.33,49.33,49.33,49.33,335,0
AEPPL.US,5,20211102,155500,49.55,49.55,49.55,49.55,100,0
AEPPL.US,5,20211102,164500,49.437,49.437,49.437,49.437,300,0
AEPPL.US,5,20211102,165000,49.43,49.57,49.43,49.57,253,0
AEPPL.US,5,20211102,172000,49.53,49.53,49.39,49.5,500,0
AEPPL.US,5,20211102,173000,49.53,49.53,49.53,49.53,200,0
AEPPL.US,5,20211102,173500,49.53,49.53,49.53,49.53,100,0
AEPPL.US,5,20211102,174000,49.5,49.5,49.5,49.5,300,0
AEPPL.US,5,20211102,190500,49.588,49.59,49.588,49.59,500,0
AEPPL.US,5,20211102,191000,49.6,49.6,49.6,49.6,200,0
AEPPL.US,5,20211102,191500,49.6,49.6,49.6,49.6,869,0
AEPPL.US,5,20211102,192000,49.66,49.68,49.66,49.68,300,0
AEPPL.US,5,20211102,192500,49.63,49.64,49.63,49.6399,300,0
AEPPL.US,5,20211102,203500,49.63,49.63,49.62,49.62,400,0
AEPPL.US,5,20211102,205500,49.68,49.72,49.68,49.72,493,0
AEPPL.US,5,20211103,150000,49.6197,49.6197,49.6197,49.6197,178,0
AEPPL.US,5,20211103,152500,49.675,49.675,49.675,49.675,399,0
AEPPL.US,5,20211103,153500,49.61,49.61,49.61,49.61,150,0
AEPPL.US,5,20211103,155500,49.6876,49.6876,49.6876,49.6876,116,0
AEPPL.US,5,20211103,162500,49.55,49.55,49.55,49.55,322,0
AEPPL.US,5,20211103,163000,49.57,49.57,49.57,49.57,100,0
AEPPL.US,5,20211103,164000,49.5,49.5,49.5,49.5,200,0
AEPPL.US,5,20211103,183500,49.48,49.48,49.48,49.48,100,0
AEPPL.US,5,20211103,190000,49.48,49.48,49.48,49.48,200,0
AEPPL.US,5,20211103,191000,49.45,49.45,49.45,49.45,100,0
AEPPL.US,5,20211103,193500,49.46,49.46,49.46,49.46,100,0
AEPPL.US,5,20211103,194000,49.48,49.48,49.48,49.48,100,0
AEPPL.US,5,20211103,205000,49.5741,49.59,49.5741,49.59,465,0
AEPPL.US,5,20211103,205500,49.59,49.6,49.58,49.6,913,0
AEPPL.US,5,20211104,145500,49.5,49.5,49.5,49.5,100,0
AEPPL.US,5,20211104,150000,49.49,49.49,49.3901,49.3901,500,0
AEPPL.US,5,20211104,153000,49.55,49.56,49.55,49.56,400,0
AEPPL.US,5,20211104,153500,49.57,49.57,49.55,49.55,757,0
AEPPL.US,5,20211104,154000,49.53,49.53,49.53,49.53,520,0
AEPPL.US,5,20211104,154500,49.48,49.48,49.47,49.47,900,0
AEPPL.US,5,20211104,155500,49.475,49.475,49.475,49.475,200,0
AEPPL.US,5,20211104,161000,49.48,49.48,49.48,49.48,1000,0
AEPPL.US,5,20211104,164000,49.44,49.44,49.44,49.44,205,0
AEPPL.US,5,20211104,164500,49.42,49.42,49.42,49.42,100,0
AEPPL.US,5,20211104,165500,49.36,49.36,49.36,49.36,100,0
AEPPL.US,5,20211104,170500,49.32,49.32,49.32,49.32,1099,0
AEPPL.US,5,20211104,171000,49.32,49.32,49.32,49.32,901,0
AEPPL.US,5,20211104,171500,49.29,49.29,49.29,49.29,1000,0
AEPPL.US,5,20211104,174500,49.18,49.18,49.18,49.18,100,0
AEPPL.US,5,20211104,175000,49.16,49.16,49.14,49.14,1200,0
AEPPL.US,5,20211104,175500,49.13,49.15,49.08,49.08,1598,0
AEPPL.US,5,20211104,180000,49.08,49.08,49.08,49.08,130,0
AEPPL.US,5,20211104,182500,49.08,49.08,49.07,49.07,200,0
AEPPL.US,5,20211104,183000,49.06,49.06,49.06,49.06,200,0
AEPPL.US,5,20211104,185000,49.12,49.16,49.12,49.13,944,0
AEPPL.US,5,20211104,191500,49.06,49.06,49.06,49.06,280,0
AEPPL.US,5,20211104,204500,49.43,49.44,49.43,49.44,415,0
AEPPL.US,5,20211104,205000,49.34,49.44,49.33,49.33,300,0
AEPPL.US,5,20211104,205500,49.33,49.33,49.33,49.33,400,0
AEPPL.US,5,20211105,144000,49.6244,49.6244,49.6244,49.6244,1000,0
AEPPL.US,5,20211105,150000,49.71,49.71,49.71,49.71,100,0
AEPPL.US,5,20211105,151000,49.71,49.71,49.71,49.71,100,0
AEPPL.US,5,20211105,151500,49.67,49.67,49.67,49.67,100,0
AEPPL.US,5,20211105,152000,49.63,49.68,49.63,49.63,1200,0
AEPPL.US,5,20211105,154000,49.6401,49.65,49.64,49.65,1187,0
AEPPL.US,5,20211105,154500,49.63,49.63,49.63,49.63,100,0
AEPPL.US,5,20211105,155000,49.6429,49.6429,49.6429,49.6429,121,0
AEPPL.US,5,20211105,160500,49.6899,49.71,49.6899,49.71,1374,0
AEPPL.US,5,20211105,161500,49.65,49.65,49.65,49.65,255,0
AEPPL.US,5,20211105,170000,49.5051,49.5051,49.5051,49.5051,199,0
AEPPL.US,5,20211105,173500,49.59,49.59,49.59,49.59,100,0
AEPPL.US,5,20211105,180000,49.65,49.65,49.65,49.65,100,0
AEPPL.US,5,20211105,184000,49.615,49.66,49.615,49.65,1560,0
AEPPL.US,5,20211105,185500,49.68,49.68,49.68,49.68,118,0
AEPPL.US,5,20211105,192500,49.68,49.68,49.68,49.68,100,0
AEPPL.US,5,20211105,195500,49.65,49.65,49.63,49.64,692,0
AEPPL.US,5,20211105,200000,49.5908,49.5908,49.5908,49.5908,250,0
AEPPL.US,5,20211105,202500,49.71,49.71,49.685,49.685,200,0
AEPPL.US,5,20211105,203000,49.7,49.74,49.69,49.74,614,0
AEPPL.US,5,20211105,204000,49.7,49.7,49.7,49.7,500,0
AEPPL.US,5,20211105,204500,49.81,49.83,49.7,49.77,1400,0
AEPPL.US,5,20211105,205000,49.71,49.75,49.68,49.68,1100,0
AEPPL.US,5,20211105,205500,49.685,49.73,49.61,49.61,972,0
AEPPL.US,5,20211108,153000,49.63,49.63,49.36,49.36,200,0
AEPPL.US,5,20211108,164500,49.44,49.45,49.44,49.45,450,0
AEPPL.US,5,20211108,165500,49.35,49.35,49.35,49.35,100,0
AEPPL.US,5,20211108,170000,49.2679,49.2679,49.2679,49.2679,230,0
AEPPL.US,5,20211108,171000,49.28,49.28,49.28,49.28,100,0
AEPPL.US,5,20211108,180000,49.3188,49.3188,49.3188,49.3188,115,0
AEPPL.US,5,20211108,185000,49.3,49.3,49.3,49.3,100,0
AEPPL.US,5,20211108,190500,49.32,49.32,49.32,49.32,100,0
AEPPL.US,5,20211108,191000,49.3,49.36,49.3,49.32,1253,0
AEPPL.US,5,20211108,193500,49.2015,49.2015,49.2015,49.2015,107,0
AEPPL.US,5,20211108,194500,49.36,49.36,49.36,49.36,200,0
AEPPL.US,5,20211108,202000,49.3158,49.3158,49.3158,49.3158,200,0
AEPPL.US,5,20211108,204000,49.3,49.3,49.3,49.3,509,0
AEPPL.US,5,20211108,211500,49.311,49.311,49.311,49.311,210,0
AEPPL.US,5,20211108,212000,49.3,49.3,49.3,49.3,880,0
AEPPL.US,5,20211108,213500,49.22,49.22,49.22,49.22,100,0
AEPPL.US,5,20211108,214500,49.25,49.25,49.25,49.25,200,0
AEPPL.US,5,20211108,215500,49.28,49.36,49.28,49.36,250,0
AEPPL.US,5,20211109,154000,49.36,49.36,49.36,49.36,100,0
AEPPL.US,5,20211109,163500,49.23,49.27,49.21,49.21,988,0
AEPPL.US,5,20211109,165000,49.378,49.43,49.33,49.428,1100,0
AEPPL.US,5,20211109,165500,49.37,49.37,49.37,49.37,900,0
AEPPL.US,5,20211109,170000,49.4,49.4,49.4,49.4,130,0
AEPPL.US,5,20211109,170500,49.39,49.39,49.39,49.39,100,0
AEPPL.US,5,20211109,171000,49.29,49.29,49.285,49.285,299,0
AEPPL.US,5,20211109,172000,49.28,49.28,49.28,49.28,200,0
AEPPL.US,5,20211109,174500,49.25,49.25,49.25,49.25,293,0
AEPPL.US,5,20211109,182000,49.45,49.45,49.45,49.45,841,0
AEPPL.US,5,20211109,182500,49.35,49.35,49.35,49.35,600,0
AEPPL.US,5,20211109,205000,49.33,49.33,49.33,49.33,120,0
AEPPL.US,5,20211109,212000,49.3429,49.3429,49.3429,49.3429,561,0
AEPPL.US,5,20211109,215500,49.34,49.34,49.34,49.34,334,0
AEPPL.US,5,20211110,153000,49.41,49.41,49.27,49.32,731,0
AEPPL.US,5,20211110,153500,49.23,49.23,49.23,49.23,100,0
AEPPL.US,5,20211110,155500,49.279,49.28,49.2153,49.2304,800,0
AEPPL.US,5,20211110,161500,49.291,49.291,49.29,49.29,200,0
AEPPL.US,5,20211110,162000,49.37,49.37,49.37,49.37,300,0
AEPPL.US,5,20211110,162500,49.46,49.6518,49.46,49.6518,1137,0
AEPPL.US,5,20211110,163500,49.54,49.54,49.53,49.53,300,0
AEPPL.US,5,20211110,164000,49.4,49.4,49.4,49.4,471,0
AEPPL.US,5,20211110,164500,49.36,49.36,49.36,49.36,171,0
AEPPL.US,5,20211110,170000,49.52,49.58,49.52,49.58,300,0
AEPPL.US,5,20211110,172000,49.51,49.51,49.48,49.48,446,0
AEPPL.US,5,20211110,181500,49.56,49.58,49.56,49.58,755,0
AEPPL.US,5,20211110,183000,49.53,49.58,49.53,49.58,234,0
AEPPL.US,5,20211110,190500,49.41,49.41,49.41,49.41,100,0
AEPPL.US,5,20211110,200000,49.21,49.21,49.21,49.21,100,0
AEPPL.US,5,20211110,204000,49.46,49.481,49.46,49.48,1098,0
AEPPL.US,5,20211110,215500,49.29,49.29,49.25,49.25,200,0
AEPPL.US,5,20211111,155000,49.31,49.31,49.31,49.31,950,0
AEPPL.US,5,20211111,164000,49.34,49.43,49.34,49.406,2755,0
AEPPL.US,5,20211111,164500,49.37,49.37,49.36,49.37,300,0
AEPPL.US,5,20211111,165000,49.254,49.254,49.254,49.254,800,0
AEPPL.US,5,20211111,173500,49.2899,49.29,49.2899,49.2899,700,0
AEPPL.US,5,20211111,182000,49.15,49.15,49.15,49.15,250,0
AEPPL.US,5,20211111,185500,49.17,49.19,49.16,49.16,300,0
AEPPL.US,5,20211111,190000,49.16,49.16,49.16,49.16,100,0
AEPPL.US,5,20211111,191000,49.1,49.11,49.1,49.11,200,0
AEPPL.US,5,20211111,191500,49.11,49.11,49.11,49.11,100,0
AEPPL.US,5,20211111,194000,49.1499,49.1499,49.1276,49.1276,600,0
AEPPL.US,5,20211111,195000,49.1366,49.1366,49.1366,49.1366,119,0
AEPPL.US,5,20211111,195500,49.1112,49.1112,49.1112,49.1112,141,0
AEPPL.US,5,20211111,202500,49.13,49.13,49.13,49.13,100,0
AEPPL.US,5,20211111,203000,49.13,49.14,49.12,49.12,1045,0
AEPPL.US,5,20211111,204500,49.11,49.11,49.11,49.11,1492,0
AEPPL.US,5,20211111,205500,49.08,49.0807,49,49,1500,0
AEPPL.US,5,20211111,211500,48.85,48.85,48.85,48.85,100,0
AEPPL.US,5,20211111,213500,48.93,48.93,48.93,48.93,558,0
AEPPL.US,5,20211111,215000,48.85,48.85,48.85,48.85,100,0
AEPPL.US,5,20211111,215500,48.91,48.92,48.91,48.92,200,0
