<TICKER>,<PER>,<DATE>,<TIME>,<OPEN>,<HIGH>,<LOW>,<CLOSE>,<VOL>,<OPENINT>
CELC.US,5,20210922,165500,19.6381,19.755,19.6,19.755,3849,0
CELC.US,5,20210922,170000,19.63,19.75,19.63,19.75,800,0
CELC.US,5,20210922,172000,19.315,19.315,19.175,19.175,200,0
CELC.US,5,20210922,172500,19.21,19.21,19.06,19.06,300,0
CELC.US,5,20210922,173000,19.19,19.26,19.19,19.26,211,0
CELC.US,5,20210922,174500,19.1446,19.26,19.1,19.1,300,0
CELC.US,5,20210922,175000,19.38,19.38,19.38,19.38,1900,0
CELC.US,5,20210922,180500,19.26,19.26,19.26,19.26,100,0
CELC.US,5,20210922,181000,19.25,19.54,19.23,19.54,3375,0
CELC.US,5,20210922,182000,19.5,19.5,19.425,19.425,2070,0
CELC.US,5,20210922,182500,19.11,19.11,19.11,19.11,100,0
CELC.US,5,20210922,184000,19.15,19.15,19.07,19.11,400,0
CELC.US,5,20210922,185000,18.78,18.8718,18.74,18.74,450,0
CELC.US,5,20210922,185500,19.13,19.13,19.13,19.13,100,0
CELC.US,5,20210922,190000,19.15,19.43,19.15,19.43,4132,0
CELC.US,5,20210922,190500,19.35,19.35,19.35,19.35,100,0
CELC.US,5,20210922,192000,19.17,19.17,19.17,19.17,100,0
CELC.US,5,20210922,192500,18.99,18.99,18.99,18.99,100,0
CELC.US,5,20210922,193500,18.98,18.98,18.98,18.98,100,0
CELC.US,5,20210922,194000,19.01,19.01,18.93,18.93,200,0
CELC.US,5,20210922,200000,19,19.03,18.99,19.03,400,0
CELC.US,5,20210922,201500,19.19,19.25,19,19,4272,0
CELC.US,5,20210922,202000,19.53,19.53,19.15,19.15,200,0
CELC.US,5,20210922,202500,19.3832,19.3832,19.3832,19.3832,2500,0
CELC.US,5,20210922,211000,19.21,19.21,19.21,19.21,100,0
CELC.US,5,20210922,211500,19.17,19.17,19.16,19.16,300,0
CELC.US,5,20210922,212000,19.17,19.17,19.03,19.1,300,0
CELC.US,5,20210922,214000,19.05,19.05,19.05,19.05,100,0
CELC.US,5,20210922,214500,19.03,19.03,19.03,19.03,100,0
CELC.US,5,20210922,215000,19.18,19.18,19.18,19.18,100,0
CELC.US,5,20210922,215500,19.2,19.26,19.14,19.19,3297,0
CELC.US,5,20210923,153500,19.22,19.22,19.22,19.22,100,0
CELC.US,5,20210923,155500,19.99,19.99,19.99,19.99,100,0
CELC.US,5,20210923,162500,19.7538,19.7538,19.7538,19.7538,500,0
CELC.US,5,20210923,163500,19.525,19.525,19.3,19.3,400,0
CELC.US,5,20210923,172000,19.57,19.76,19.43,19.43,3481,0
CELC.US,5,20210923,172500,19.6985,19.6985,19.6985,19.6985,250,0
CELC.US,5,20210923,173000,19.49,19.49,19.49,19.49,100,0
CELC.US,5,20210923,173500,19.4977,19.5025,19.4977,19.5025,430,0
CELC.US,5,20210923,182500,19.76,19.9488,19.76,19.9488,400,0
CELC.US,5,20210923,185000,20,20,19.94,19.95,3055,0
CELC.US,5,20210923,191000,21,21,20.3,20.3,200,0
CELC.US,5,20210923,191500,20.24,20.24,20.24,20.24,100,0
CELC.US,5,20210923,193500,20.3146,20.3146,20.3146,20.3146,100,0
CELC.US,5,20210923,194000,20.29,20.3,20.29,20.29,708,0
CELC.US,5,20210923,195000,20.15,20.15,20.15,20.15,100,0
CELC.US,5,20210923,195500,20.43,20.7596,20.33,20.46,1400,0
CELC.US,5,20210923,200000,20.76,20.76,20.58,20.58,270,0
CELC.US,5,20210923,204000,20.525,20.525,20.525,20.525,100,0
CELC.US,5,20210923,205500,20.5,20.5,20.35,20.35,500,0
CELC.US,5,20210923,211500,20.49,20.49,20.49,20.49,100,0
CELC.US,5,20210923,212500,20.58,20.58,20.58,20.58,100,0
CELC.US,5,20210923,213000,20.49,20.49,20.36,20.36,2200,0
CELC.US,5,20210923,214500,20.62,20.62,20.62,20.62,100,0
CELC.US,5,20210923,215000,20.5,20.5,20.5,20.5,100,0
CELC.US,5,20210923,215500,20.32,20.56,20.32,20.5,3724,0
CELC.US,5,20210924,153000,20.4,20.4,19.6,20.21,2151,0
CELC.US,5,20210924,153500,19.93,19.93,19,19.35,1194,0
CELC.US,5,20210924,154000,19.095,19.095,19.095,19.095,100,0
CELC.US,5,20210924,154500,19.125,19.415,19.125,19.415,3857,0
CELC.US,5,20210924,155000,19.435,19.48,19.435,19.48,300,0
CELC.US,5,20210924,155500,19.48,19.48,19.04,19.075,1200,0
CELC.US,5,20210924,160000,19.275,19.275,19.01,19.05,600,0
CELC.US,5,20210924,160500,19.02,19.04,18.74,18.91,529,0
CELC.US,5,20210924,161000,18.93,18.93,18.48,18.48,1050,0
CELC.US,5,20210924,161500,18.41,18.5,18.41,18.42,700,0
CELC.US,5,20210924,162000,18.53,18.53,18.42,18.42,500,0
CELC.US,5,20210924,162500,18.475,18.7874,18.475,18.7,4900,0
CELC.US,5,20210924,163000,18.715,18.715,18.715,18.715,210,0
CELC.US,5,20210924,163500,18.789,19.21,18.685,19.21,1600,0
CELC.US,5,20210924,164000,19.21,19.46,18.91,19.165,3628,0
CELC.US,5,20210924,164500,19.18,19.18,18.61,18.6425,2000,0
CELC.US,5,20210924,165000,18.76,19.07,18.6,18.75,2056,0
CELC.US,5,20210924,165500,18.85,18.85,18.85,18.85,138,0
CELC.US,5,20210924,170000,18.73,18.815,18.65,18.815,610,0
CELC.US,5,20210924,170500,18.77,18.88,18.77,18.88,300,0
CELC.US,5,20210924,171000,19.13,19.13,18.97,18.97,805,0
CELC.US,5,20210924,171500,18.8401,19.005,18.7,19.005,2500,0
CELC.US,5,20210924,172000,18.88,18.88,18.86,18.86,500,0
CELC.US,5,20210924,172500,18.89,18.9737,18.7,18.85,4200,0
CELC.US,5,20210924,173000,18.77,18.8,18.605,18.765,1400,0
CELC.US,5,20210924,173500,18.7,18.74,18.69,18.69,300,0
CELC.US,5,20210924,174000,18.72,18.8936,18.615,18.66,2580,0
CELC.US,5,20210924,175000,18.75,18.8683,18.68,18.8683,800,0
CELC.US,5,20210924,180000,18.82,18.85,18.79,18.79,1422,0
CELC.US,5,20210924,180500,18.74,18.74,18.21,18.21,11283,0
CELC.US,5,20210924,181000,18.265,18.335,18.265,18.335,700,0
CELC.US,5,20210924,181500,18.3829,18.3829,18.27,18.27,600,0
CELC.US,5,20210924,182500,18.34,18.34,18.34,18.34,100,0
CELC.US,5,20210924,183500,18.285,18.285,17.9377,17.9377,1604,0
CELC.US,5,20210924,184000,17.97,18.12,17.8,17.945,3400,0
CELC.US,5,20210924,184500,17.94,17.94,17.805,17.94,2350,0
CELC.US,5,20210924,185000,17.82,18.215,17.8175,18.215,5971,0
CELC.US,5,20210924,185500,18.02,18.305,18,18.3,1000,0
CELC.US,5,20210924,190000,18.265,18.265,18,18.0994,1874,0
CELC.US,5,20210924,190500,18.22,18.22,18.055,18.15,500,0
CELC.US,5,20210924,191000,18.23,18.23,18.15,18.15,454,0
CELC.US,5,20210924,191500,18.23,18.4196,18.23,18.41,1226,0
CELC.US,5,20210924,192000,18.33,18.385,18.33,18.3705,400,0
CELC.US,5,20210924,192500,18.44,18.44,18.325,18.325,200,0
CELC.US,5,20210924,193000,18.35,18.35,18.35,18.35,100,0
CELC.US,5,20210924,193500,18.35,18.35,18.18,18.18,400,0
CELC.US,5,20210924,194000,18.19,18.19,18.19,18.19,100,0
CELC.US,5,20210924,194500,18.2794,18.2794,17.995,18.11,1300,0
CELC.US,5,20210924,195000,18.05,18.05,18.05,18.05,100,0
CELC.US,5,20210924,195500,18.09,18.14,17.92,18.025,2200,0
CELC.US,5,20210924,200000,18.07,18.07,18,18,200,0
CELC.US,5,20210924,200500,18,18.08,18,18.08,200,0
CELC.US,5,20210924,201000,18,18,17.92,18,700,0
CELC.US,5,20210924,201500,18,18.08,18,18.07,500,0
CELC.US,5,20210924,202000,17.985,18.05,17.985,17.985,906,0
CELC.US,5,20210924,202500,18.02,18.04,17.945,17.955,800,0
CELC.US,5,20210924,203000,17.945,18.03,17.87,17.87,500,0
CELC.US,5,20210924,203500,17.975,18.07,17.92,17.92,3445,0
CELC.US,5,20210924,204000,17.9,18.0737,17.9,18.01,5200,0
CELC.US,5,20210924,204500,18.005,18.01,18.005,18.01,989,0
CELC.US,5,20210924,205000,18.01,18.01,17.91,17.95,2700,0
CELC.US,5,20210924,205500,17.99,18.01,17.97,17.97,1500,0
CELC.US,5,20210924,210000,17.95,17.95,17.75,17.8,3582,0
CELC.US,5,20210924,210500,17.81,17.81,17.81,17.81,379,0
CELC.US,5,20210924,211000,17.82,18.215,17.82,18.105,1500,0
CELC.US,5,20210924,212000,18.1,18.1,17.92,17.9275,700,0
CELC.US,5,20210924,212500,18.05,18.05,18.05,18.05,300,0
CELC.US,5,20210924,213000,18,18.05,17.95,17.96,1702,0
CELC.US,5,20210924,213500,17.96,18.04,17.96,18.035,600,0
CELC.US,5,20210924,214000,18.02,18.02,17.84,17.94,2993,0
CELC.US,5,20210924,214500,17.89,17.925,17.765,17.925,1146,0
CELC.US,5,20210924,215000,17.99,18.06,17.93,18.04,9371,0
CELC.US,5,20210924,215500,18.035,18.15,18,18.02,11374,0
CELC.US,5,20210927,153000,17.83,18.79,17.83,18.79,670,0
CELC.US,5,20210927,154500,17.81,18.02,17.81,18.02,1223,0
CELC.US,5,20210927,155000,18.03,18.03,18.03,18.03,100,0
CELC.US,5,20210927,155500,17.92,17.92,17.92,17.92,100,0
CELC.US,5,20210927,160000,18.16,18.16,18.16,18.16,100,0
CELC.US,5,20210927,161000,18.035,18.035,18.035,18.035,100,0
CELC.US,5,20210927,161500,17.93,17.93,17.93,17.93,100,0
CELC.US,5,20210927,162000,17.99,17.99,17.99,17.99,100,0
CELC.US,5,20210927,162500,17.97,17.97,17.97,17.97,100,0
CELC.US,5,20210927,163000,17.91,17.91,17.91,17.91,700,0
CELC.US,5,20210927,164000,17.915,17.915,17.82,17.82,200,0
CELC.US,5,20210927,165500,17.875,17.875,17.875,17.875,100,0
CELC.US,5,20210927,170000,17.825,17.88,17.78,17.88,1173,0
CELC.US,5,20210927,170500,17.93,17.93,17.88,17.88,300,0
CELC.US,5,20210927,171500,17.85,17.94,17.85,17.895,400,0
CELC.US,5,20210927,172500,17.9414,17.9414,17.875,17.875,1663,0
CELC.US,5,20210927,173000,17.925,17.925,17.85,17.85,1600,0
CELC.US,5,20210927,173500,17.855,17.855,17.855,17.855,100,0
CELC.US,5,20210927,174000,17.76,17.76,17.7,17.7,500,0
CELC.US,5,20210927,174500,17.685,17.9,17.685,17.855,3131,0
CELC.US,5,20210927,175000,17.82,17.82,17.82,17.82,100,0
CELC.US,5,20210927,175500,17.72,17.72,17.72,17.72,100,0
CELC.US,5,20210927,180000,17.835,17.835,17.835,17.835,100,0
CELC.US,5,20210927,181000,17.835,17.84,17.755,17.795,3400,0
CELC.US,5,20210927,181500,17.795,17.81,17.69,17.795,900,0
CELC.US,5,20210927,182000,17.795,17.795,17.795,17.795,100,0
CELC.US,5,20210927,182500,17.795,17.8,17.68,17.8,1400,0
CELC.US,5,20210927,183000,17.69,17.8,17.69,17.795,3500,0
CELC.US,5,20210927,184000,17.815,17.88,17.72,17.775,4700,0
CELC.US,5,20210927,184500,17.775,17.775,17.775,17.775,700,0
CELC.US,5,20210927,185000,17.775,17.775,17.775,17.775,300,0
CELC.US,5,20210927,185500,17.8686,17.8686,17.8,17.86,700,0
CELC.US,5,20210927,190000,17.8,17.8,17.8,17.8,100,0
CELC.US,5,20210927,191000,17.79,17.79,17.79,17.79,417,0
CELC.US,5,20210927,191500,17.795,17.795,17.73,17.795,1000,0
CELC.US,5,20210927,192000,17.795,17.795,17.795,17.795,100,0
CELC.US,5,20210927,193000,17.8,17.8,17.72,17.72,1100,0
CELC.US,5,20210927,193500,17.785,17.785,17.785,17.785,100,0
CELC.US,5,20210927,194500,17.73,17.785,17.73,17.78,900,0
CELC.US,5,20210927,195000,17.83,17.83,17.78,17.78,200,0
CELC.US,5,20210927,195500,17.78,17.78,17.78,17.78,100,0
CELC.US,5,20210927,200000,17.78,17.82,17.7799,17.82,400,0
CELC.US,5,20210927,200500,17.82,17.82,17.785,17.79,300,0
CELC.US,5,20210927,201000,17.79,17.88,17.79,17.85,2058,0
CELC.US,5,20210927,201500,17.85,17.85,17.85,17.85,500,0
CELC.US,5,20210927,202000,17.9199,18,17.7711,17.885,4523,0
CELC.US,5,20210927,202500,18,18,17.895,18,727,0
CELC.US,5,20210927,203500,17.895,17.95,17.8,17.95,4000,0
CELC.US,5,20210927,204000,17.88,17.955,17.88,17.91,1133,0
CELC.US,5,20210927,205000,17.76,17.88,17.76,17.88,200,0
CELC.US,5,20210927,210000,17.79,17.79,17.78,17.78,200,0
CELC.US,5,20210927,211500,17.73,17.73,17.73,17.73,246,0
CELC.US,5,20210927,212000,17.735,17.84,17.73,17.795,800,0
CELC.US,5,20210927,212500,17.795,17.795,17.795,17.795,300,0
CELC.US,5,20210927,213000,17.74,18.26,17.74,18.26,15665,0
CELC.US,5,20210927,213500,18.235,18.25,18.235,18.25,793,0
CELC.US,5,20210927,215000,18.41,18.7,18.2,18.22,900,0
CELC.US,5,20210927,215500,18.19,18.51,18.19,18.36,4224,0
CELC.US,5,20210928,153000,18.08,18.08,17.925,17.94,1047,0
CELC.US,5,20210928,153500,17.955,17.955,17.61,17.73,300,0
CELC.US,5,20210928,154000,17.945,17.945,17.945,17.945,100,0
CELC.US,5,20210928,154500,17.94,17.945,17.94,17.945,200,0
CELC.US,5,20210928,155500,17.955,17.955,17.945,17.945,200,0
CELC.US,5,20210928,160000,17.955,17.955,17.71,17.71,200,0
CELC.US,5,20210928,160500,17.965,17.965,17.965,17.965,200,0
CELC.US,5,20210928,161000,17.975,17.975,17.975,17.975,100,0
CELC.US,5,20210928,161500,17.995,17.995,17.995,17.995,100,0
CELC.US,5,20210928,162500,18.08,18.08,18.08,18.08,200,0
CELC.US,5,20210928,164500,18,18.0175,17.925,17.93,1100,0
CELC.US,5,20210928,165000,17.87,17.875,17.85,17.85,400,0
CELC.US,5,20210928,165500,17.855,17.9988,17.72,17.74,1706,0
CELC.US,5,20210928,170000,17.725,17.725,17.65,17.705,400,0
CELC.US,5,20210928,171500,17.7,17.7,17.7,17.7,200,0
CELC.US,5,20210928,172000,17.62,17.79,17.62,17.725,1400,0
CELC.US,5,20210928,173000,17.63,17.65,17.5,17.61,5902,0
CELC.US,5,20210928,173500,17.61,17.61,17.51,17.595,400,0
CELC.US,5,20210928,174000,17.51,17.51,17.5,17.5,1813,0
CELC.US,5,20210928,174500,17.5,17.5,17.355,17.355,933,0
CELC.US,5,20210928,175000,17.1,17.48,17.1,17.33,1500,0
CELC.US,5,20210928,175500,17.33,17.49,17.33,17.46,300,0
CELC.US,5,20210928,180000,17.16,17.18,17.16,17.18,500,0
CELC.US,5,20210928,181000,17.22,17.35,17.22,17.35,300,0
CELC.US,5,20210928,181500,17.36,17.37,17,17.23,3640,0
CELC.US,5,20210928,182000,17.16,17.195,17.08,17.11,750,0
CELC.US,5,20210928,182500,17.29,17.31,17.29,17.31,200,0
CELC.US,5,20210928,183000,17.16,17.16,17.16,17.16,400,0
CELC.US,5,20210928,184000,17.19,17.21,17.19,17.21,200,0
CELC.US,5,20210928,184500,17.17,17.24,17.17,17.24,869,0
CELC.US,5,20210928,185000,17.135,17.135,17.03,17.03,200,0
CELC.US,5,20210928,185500,17,17,16.885,16.885,595,0
CELC.US,5,20210928,190000,16.885,17.13,16.885,17.13,1138,0
CELC.US,5,20210928,190500,17.21,17.23,17.13,17.23,1300,0
CELC.US,5,20210928,191000,17.43,17.65,17.43,17.57,400,0
CELC.US,5,20210928,192000,17.63,17.63,17.63,17.63,100,0
CELC.US,5,20210928,193000,17.805,17.805,17.7,17.7,200,0
CELC.US,5,20210928,193500,17.86,17.86,17.86,17.86,200,0
CELC.US,5,20210928,194000,17.88,17.88,17.74,17.74,200,0
CELC.US,5,20210928,194500,17.76,17.76,17.76,17.76,100,0
CELC.US,5,20210928,195000,17.8,17.88,17.8,17.805,500,0
CELC.US,5,20210928,195500,17.825,17.825,17.825,17.825,100,0
CELC.US,5,20210928,200000,17.81,17.81,17.74,17.74,200,0
CELC.US,5,20210928,200500,17.57,17.575,17.51,17.51,700,0
CELC.US,5,20210928,201000,17.41,17.73,17.41,17.73,200,0
CELC.US,5,20210928,201500,17.29,17.555,17.29,17.555,1700,0
CELC.US,5,20210928,202000,17.605,17.71,17.52,17.71,300,0
CELC.US,5,20210928,202500,17.61,17.61,17.61,17.61,100,0
CELC.US,5,20210928,203000,17.66,17.66,17.66,17.66,100,0
CELC.US,5,20210928,203500,17.66,17.67,17.66,17.67,1500,0
CELC.US,5,20210928,204000,17.73,17.835,17.67,17.81,900,0
CELC.US,5,20210928,204500,17.81,17.81,17.81,17.81,100,0
CELC.US,5,20210928,205000,17.81,17.81,17.81,17.81,100,0
CELC.US,5,20210928,205500,17.805,17.805,17.805,17.805,100,0
CELC.US,5,20210928,210000,17.81,17.81,17.8002,17.805,500,0
CELC.US,5,20210928,210500,17.72,17.79,17.72,17.79,200,0
CELC.US,5,20210928,211000,17.71,17.75,17.47,17.47,800,0
CELC.US,5,20210928,211500,17.45,17.575,17.45,17.575,200,0
CELC.US,5,20210928,212000,17.58,17.58,17.42,17.58,300,0
CELC.US,5,20210928,212500,17.565,17.565,17.46,17.515,300,0
CELC.US,5,20210928,213000,17.51,17.6,17.44,17.51,600,0
CELC.US,5,20210928,213500,17.44,17.6,17.34,17.41,4750,0
CELC.US,5,20210928,214000,17.485,17.49,17.485,17.49,534,0
CELC.US,5,20210928,214500,17.49,17.49,17.34,17.385,800,0
CELC.US,5,20210928,215000,17.235,17.35,17.17,17.27,1200,0
CELC.US,5,20210928,215500,17.27,17.59,17.24,17.35,15441,0
CELC.US,5,20210929,153000,17.5,17.5,17.5,17.5,195,0
CELC.US,5,20210929,153500,17.51,17.53,17.045,17.045,1847,0
CELC.US,5,20210929,154000,17.045,17.15,17.045,17.15,200,0
CELC.US,5,20210929,154500,17.09,17.49,17.09,17.49,1000,0
CELC.US,5,20210929,155000,17.18,17.18,17.15,17.15,300,0
CELC.US,5,20210929,155500,17.145,17.145,17.14,17.14,300,0
CELC.US,5,20210929,160000,17.14,17.275,17.14,17.275,700,0
CELC.US,5,20210929,160500,17.125,17.125,17.125,17.125,100,0
CELC.US,5,20210929,161000,17.105,17.18,17.1,17.11,500,0
CELC.US,5,20210929,161500,17.03,17.15,17.01,17.15,400,0
CELC.US,5,20210929,162000,17.15,17.15,17.11,17.15,500,0
CELC.US,5,20210929,162500,17.15,17.385,17.15,17.385,835,0
CELC.US,5,20210929,163000,17.4,17.55,17.3998,17.55,2395,0
CELC.US,5,20210929,163500,17.44,17.44,17.44,17.44,100,0
CELC.US,5,20210929,164000,17.39,17.52,17.39,17.52,300,0
CELC.US,5,20210929,164500,17.21,17.26,17.21,17.26,600,0
CELC.US,5,20210929,165000,17.26,17.38,17.23,17.23,500,0
CELC.US,5,20210929,165500,17.32,17.42,17.32,17.42,200,0
CELC.US,5,20210929,170000,17.15,17.15,17.15,17.15,100,0
CELC.US,5,20210929,170500,17.16,17.16,17.155,17.16,300,0
CELC.US,5,20210929,171000,17.15,17.16,17.04,17.15,725,0
CELC.US,5,20210929,171500,17.135,17.15,17,17.15,500,0
CELC.US,5,20210929,172000,17.15,17.15,17.15,17.15,200,0
CELC.US,5,20210929,172500,17.005,17.13,17,17.01,400,0
CELC.US,5,20210929,173000,17.02,17.02,17.02,17.02,200,0
CELC.US,5,20210929,173500,17.005,17.18,17,17.18,1650,0
CELC.US,5,20210929,174000,17.095,17.095,17,17,300,0
CELC.US,5,20210929,174500,17,17.16,16.74,16.74,6904,0
CELC.US,5,20210929,175000,16.775,16.775,16.63,16.63,200,0
CELC.US,5,20210929,175500,16.505,16.54,16.505,16.54,200,0
CELC.US,5,20210929,180000,16.5,16.7,16.5,16.7,1300,0
CELC.US,5,20210929,180500,16.965,17.13,16.965,17.13,1100,0
CELC.US,5,20210929,181000,17.12,17.12,17.12,17.12,100,0
CELC.US,5,20210929,181500,16.94,16.94,16.94,16.94,100,0
CELC.US,5,20210929,182000,16.82,16.8436,16.82,16.8436,240,0
CELC.US,5,20210929,182500,16.77,16.945,16.77,16.945,200,0
CELC.US,5,20210929,183000,16.855,16.945,16.855,16.86,400,0
CELC.US,5,20210929,183500,16.91,17.01,16.9,16.91,600,0
CELC.US,5,20210929,184000,16.91,16.91,16.901,16.91,400,0
CELC.US,5,20210929,184500,16.9,16.91,16.9,16.9,300,0
CELC.US,5,20210929,185000,16.915,16.915,16.83,16.83,450,0
CELC.US,5,20210929,190000,16.755,16.88,16.755,16.88,200,0
CELC.US,5,20210929,190500,16.811,16.811,16.81,16.81,200,0
CELC.US,5,20210929,191500,16.8,16.8,16.8,16.8,100,0
CELC.US,5,20210929,192000,16.765,16.875,16.765,16.875,200,0
CELC.US,5,20210929,192500,16.82,16.82,16.76,16.76,300,0
CELC.US,5,20210929,193500,16.77,16.77,16.77,16.77,100,0
CELC.US,5,20210929,194000,16.76,16.76,16.751,16.751,200,0
CELC.US,5,20210929,194500,16.75,16.75,16.62,16.62,1000,0
CELC.US,5,20210929,195000,16.715,16.715,16.715,16.715,100,0
CELC.US,5,20210929,195500,16.78,16.78,16.78,16.78,100,0
CELC.US,5,20210929,200000,16.63,16.735,16.63,16.735,200,0
CELC.US,5,20210929,200500,16.72,16.83,16.72,16.83,600,0
CELC.US,5,20210929,201000,16.99,17.275,16.83,17.275,1300,0
CELC.US,5,20210929,201500,16.95,16.95,16.95,16.95,300,0
CELC.US,5,20210929,202000,17.68,17.68,17.2,17.27,1302,0
CELC.US,5,20210929,202500,16.96,16.96,16.96,16.96,100,0
CELC.US,5,20210929,203500,17.06,17.25,17.06,17.25,600,0
CELC.US,5,20210929,204000,17.45,17.86,17.45,17.86,2200,0
CELC.US,5,20210929,204500,17.77,17.77,17.76,17.77,500,0
CELC.US,5,20210929,205000,17.47,17.66,17.46,17.66,300,0
CELC.US,5,20210929,205500,17.685,17.74,17.62,17.68,600,0
CELC.US,5,20210929,210000,17.56,17.56,17.56,17.56,100,0
CELC.US,5,20210929,210500,17.45,17.535,17.45,17.535,200,0
CELC.US,5,20210929,211000,17.57,17.57,17.57,17.57,100,0
CELC.US,5,20210929,211500,17.57,17.57,17.57,17.57,100,0
CELC.US,5,20210929,212000,17.53,17.53,17.53,17.53,100,0
CELC.US,5,20210929,212500,17.49,17.49,17.34,17.35,400,0
CELC.US,5,20210929,213000,17.35,17.415,17.33,17.415,500,0
CELC.US,5,20210929,213500,17.35,17.415,17.26,17.26,700,0
CELC.US,5,20210929,214000,17.26,17.43,17.26,17.43,1500,0
CELC.US,5,20210929,214500,17.49,17.49,17.365,17.365,600,0
CELC.US,5,20210929,215000,17.46,17.6,17.46,17.545,2300,0
CELC.US,5,20210929,215500,17.55,18.42,17.55,18.02,21981,0
CELC.US,5,20210930,153000,18,18,18,18,332,0
CELC.US,5,20210930,154000,18.63,18.63,18.51,18.51,200,0
CELC.US,5,20210930,155000,18.7,18.945,18.51,18.51,1001,0
CELC.US,5,20210930,155500,18.51,18.51,18.21,18.21,1000,0
CELC.US,5,20210930,160000,18.3316,18.34,18.3316,18.34,300,0
CELC.US,5,20210930,160500,18.555,18.555,18.34,18.34,200,0
CELC.US,5,20210930,161000,18.22,18.22,18.22,18.22,100,0
CELC.US,5,20210930,161500,18.34,18.34,18.01,18.025,4250,0
CELC.US,5,20210930,162000,18.25,18.25,18,18.21,1000,0
CELC.US,5,20210930,162500,18.07,18.07,18.07,18.07,100,0
CELC.US,5,20210930,163000,18,18.02,18,18.02,200,0
CELC.US,5,20210930,163500,18.05,18.54,18.01,18.54,5154,0
CELC.US,5,20210930,164000,18.53,18.68,18.4,18.67,1000,0
CELC.US,5,20210930,164500,18.75,19.17,18.62,19.13,2800,0
CELC.US,5,20210930,165000,19.76,19.76,18.8439,18.8838,450,0
CELC.US,5,20210930,165500,19.63,19.63,19.63,19.63,200,0
CELC.US,5,20210930,170000,18.87,19.395,18.87,19.395,300,0
CELC.US,5,20210930,170500,18.95,19.105,18.95,19.105,200,0
CELC.US,5,20210930,171000,18.96,18.96,18.88,18.88,300,0
CELC.US,5,20210930,171500,18.88,19.095,18.88,19.095,200,0
CELC.US,5,20210930,172000,18.92,19.04,18.88,19.0305,600,0
CELC.US,5,20210930,172500,18.9388,19.01,18.88,18.98,1300,0
CELC.US,5,20210930,173000,18.88,18.98,18.84,18.84,875,0
CELC.US,5,20210930,173500,18.42,18.42,18.42,18.42,100,0
CELC.US,5,20210930,174000,18.42,18.52,18.4,18.4,600,0
CELC.US,5,20210930,174500,18.31,18.32,18.31,18.32,300,0
CELC.US,5,20210930,175000,18.31,18.52,18.25,18.385,2173,0
CELC.US,5,20210930,175500,18.25,18.25,18.25,18.25,100,0
CELC.US,5,20210930,180000,18.25,18.26,18.25,18.25,700,0
CELC.US,5,20210930,180500,18.25,18.25,18.25,18.25,600,0
CELC.US,5,20210930,181000,18.25,18.25,18.25,18.25,100,0
CELC.US,5,20210930,181500,18.25,18.26,18.25,18.26,400,0
CELC.US,5,20210930,182500,18.26,18.345,18.26,18.26,400,0
CELC.US,5,20210930,183000,18.25,18.25,18.02,18.02,26000,0
CELC.US,5,20210930,183500,18.15,18.15,18.06,18.06,400,0
CELC.US,5,20210930,184000,18.075,18.0894,17.8,17.8,1570,0
CELC.US,5,20210930,184500,17.825,17.825,17.825,17.825,100,0
CELC.US,5,20210930,185000,17.72,17.72,17.62,17.62,200,0
CELC.US,5,20210930,185500,17.63,17.6855,17.545,17.545,1412,0
CELC.US,5,20210930,190000,17.495,17.77,17.495,17.77,1400,0
CELC.US,5,20210930,191000,18.04,18.04,18.04,18.04,100,0
CELC.US,5,20210930,191500,17.85,17.995,17.85,17.995,200,0
CELC.US,5,20210930,192000,17.86,17.87,17.86,17.87,200,0
CELC.US,5,20210930,192500,18.155,18.155,18.005,18.005,300,0
CELC.US,5,20210930,193000,17.87,18,17.83,18,400,0
CELC.US,5,20210930,193500,17.86,17.86,17.75,17.75,1368,0
CELC.US,5,20210930,194000,17.41,17.55,17.21,17.26,4676,0
CELC.US,5,20210930,194500,17.26,17.26,16.98,16.98,500,0
CELC.US,5,20210930,195000,16.73,17.09,16.73,17.085,500,0
CELC.US,5,20210930,195500,17.08,17.09,17.08,17.09,200,0
CELC.US,5,20210930,200000,17.24,17.44,17.12,17.345,1800,0
CELC.US,5,20210930,200500,17.345,17.535,17.345,17.535,600,0
CELC.US,5,20210930,201000,17.555,17.555,17.555,17.555,100,0
CELC.US,5,20210930,201500,17.48,17.55,17.38,17.55,400,0
CELC.US,5,20210930,202000,17.55,17.55,17.55,17.55,100,0
CELC.US,5,20210930,202500,17.36,17.545,17.36,17.545,300,0
CELC.US,5,20210930,203000,17.36,17.62,17.36,17.51,2345,0
CELC.US,5,20210930,203500,17.37,17.37,17.35,17.35,200,0
CELC.US,5,20210930,204000,17.37,17.39,17.34,17.38,726,0
CELC.US,5,20210930,204500,17.37,17.465,17.35,17.355,700,0
CELC.US,5,20210930,205000,17.23,17.47,17.23,17.28,400,0
CELC.US,5,20210930,205500,17.365,17.365,17.285,17.285,400,0
CELC.US,5,20210930,210000,17.32,17.32,17.29,17.29,300,0
CELC.US,5,20210930,210500,17.38,17.38,17.38,17.38,1000,0
CELC.US,5,20210930,211000,17.47,18.01,17.39,18.01,2954,0
CELC.US,5,20210930,211500,18.03,18.0375,18.03,18.0375,300,0
CELC.US,5,20210930,212000,18.02,18.2,17.89,17.89,1200,0
CELC.US,5,20210930,212500,17.83,18,17.8075,17.905,1000,0
CELC.US,5,20210930,213000,17.905,18.01,17.84,18.01,900,0
CELC.US,5,20210930,213500,18.005,18.225,18,18.19,3952,0
CELC.US,5,20210930,214000,18.03,18.165,18.03,18.04,2000,0
CELC.US,5,20210930,214500,18.135,18.2,18.03,18.09,2967,0
CELC.US,5,20210930,215000,18.08,18.23,17.85,18.23,10198,0
CELC.US,5,20210930,215500,18.21,18.23,17.89,18,291688,0
CELC.US,5,20211001,153000,18.18,18.18,18.18,18.18,183,0
CELC.US,5,20211001,154000,17.72,17.72,17.72,17.72,100,0
CELC.US,5,20211001,161000,17.7,17.7,17.7,17.7,100,0
CELC.US,5,20211001,161500,17.61,17.61,17.52,17.52,900,0
CELC.US,5,20211001,162500,17.22,17.81,17.22,17.46,600,0
CELC.US,5,20211001,163500,17.47,17.47,17.47,17.47,100,0
CELC.US,5,20211001,164500,17.545,17.75,17.21,17.75,400,0
CELC.US,5,20211001,165000,17.4,17.7,17.4,17.7,200,0
CELC.US,5,20211001,170500,17.64,17.64,17.22,17.22,1327,0
CELC.US,5,20211001,171000,17.41,17.61,17.28,17.28,1095,0
CELC.US,5,20211001,171500,17.72,17.72,17.72,17.72,100,0
CELC.US,5,20211001,172000,17.7,17.7,17.37,17.37,400,0
CELC.US,5,20211001,173000,17.735,17.735,17.735,17.735,200,0
CELC.US,5,20211001,174500,17.74,17.74,17.55,17.6009,400,0
CELC.US,5,20211001,175000,17.57,17.57,17.57,17.57,300,0
CELC.US,5,20211001,180000,17.61,17.61,17.61,17.61,200,0
CELC.US,5,20211001,180500,17.58,17.58,17.58,17.58,200,0
CELC.US,5,20211001,182000,17.58,17.58,17.58,17.58,100,0
CELC.US,5,20211001,182500,17.46,17.46,17.41,17.43,1000,0
CELC.US,5,20211001,183500,17.22,17.22,17.22,17.22,200,0
CELC.US,5,20211001,184000,17.68,17.72,17.31,17.7,4683,0
CELC.US,5,20211001,184500,17.62,17.62,17.62,17.62,100,0
CELC.US,5,20211001,185000,17.73,17.73,17.73,17.73,100,0
CELC.US,5,20211001,190500,17.74,17.74,17.57,17.57,200,0
CELC.US,5,20211001,191000,17.645,17.645,17.645,17.645,100,0
CELC.US,5,20211001,191500,17.43,17.43,17.43,17.43,200,0
CELC.US,5,20211001,192000,17.48,17.48,17.48,17.48,100,0
CELC.US,5,20211001,193500,17.51,17.52,17.51,17.52,200,0
CELC.US,5,20211001,195500,17.63,17.63,17.63,17.63,300,0
CELC.US,5,20211001,200000,17.55,17.57,17.55,17.57,200,0
CELC.US,5,20211001,200500,17.57,17.57,17.4,17.4,400,0
CELC.US,5,20211001,201000,17.43,17.43,17.43,17.43,200,0
CELC.US,5,20211001,201500,17.28,17.28,17.28,17.28,300,0
CELC.US,5,20211001,202000,17.28,17.37,17.26,17.35,400,0
CELC.US,5,20211001,202500,17.34,17.34,17.2,17.2,700,0
CELC.US,5,20211001,203000,17.17,17.17,16.82,16.94,500,0
CELC.US,5,20211001,203500,17.08,17.33,17.08,17.31,900,0
CELC.US,5,20211001,204000,17.34,17.34,17.26,17.26,238,0
CELC.US,5,20211001,205000,17.29,17.3,17.22,17.22,1100,0
CELC.US,5,20211001,205500,17.09,17.09,17.09,17.09,100,0
CELC.US,5,20211001,210000,17.07,17.19,17.07,17.19,300,0
CELC.US,5,20211001,210500,17.22,17.32,17.14,17.32,1000,0
CELC.US,5,20211001,211000,17.27,17.27,17.27,17.27,100,0
CELC.US,5,20211001,211500,17.295,17.38,17.295,17.38,200,0
CELC.US,5,20211001,212000,17.37,17.42,17.34,17.42,602,0
CELC.US,5,20211001,212500,17.47,17.69,17.43,17.69,1900,0
CELC.US,5,20211001,213000,17.6,17.6,17.6,17.6,100,0
CELC.US,5,20211001,213500,17.61,17.63,17.47,17.47,800,0
CELC.US,5,20211001,214000,17.52,17.59,17.39,17.59,1000,0
CELC.US,5,20211001,214500,17.62,17.6994,17.59,17.68,700,0
CELC.US,5,20211001,215000,17.7,17.785,17.66,17.785,900,0
CELC.US,5,20211001,215500,17.62,17.77,17.51,17.72,9403,0
CELC.US,5,20211004,153000,17.955,17.955,17.955,17.955,100,0
CELC.US,5,20211004,155500,17.27,17.27,17.27,17.27,100,0
CELC.US,5,20211004,162000,17.485,17.5,17.48,17.5,700,0
CELC.US,5,20211004,162500,17.3335,17.5,17.32,17.46,2624,0
CELC.US,5,20211004,163000,17.48,17.48,17.47,17.47,400,0
CELC.US,5,20211004,163500,17.3101,17.505,17.3101,17.5,1250,0
CELC.US,5,20211004,164000,17.495,17.495,17.495,17.495,100,0
CELC.US,5,20211004,164500,17.495,17.495,17.34,17.34,500,0
CELC.US,5,20211004,165000,17.495,17.495,17.495,17.495,200,0
CELC.US,5,20211004,165500,17.49,17.49,17.49,17.49,100,0
CELC.US,5,20211004,170000,17.35,17.575,17.22,17.22,1494,0
CELC.US,5,20211004,171500,17.225,17.225,17.225,17.225,200,0
CELC.US,5,20211004,172000,17.25,17.25,17.25,17.25,100,0
CELC.US,5,20211004,172500,17.45,17.45,17.21,17.4,1100,0
CELC.US,5,20211004,173000,17.29,17.36,16.91,16.91,1304,0
CELC.US,5,20211004,174000,16.88,17.07,16.88,17.07,864,0
CELC.US,5,20211004,174500,17.22,17.22,17,17.03,300,0
CELC.US,5,20211004,175500,17.11,17.25,17.11,17.2,700,0
CELC.US,5,20211004,180000,17.4,17.4,17.22,17.22,200,0
CELC.US,5,20211004,181500,17.39,17.39,17.36,17.36,300,0
CELC.US,5,20211004,183500,17.17,17.17,17.11,17.1616,400,0
CELC.US,5,20211004,184000,17.19,17.19,17.19,17.19,100,0
CELC.US,5,20211004,185500,17.17,17.17,17.17,17.17,100,0
CELC.US,5,20211004,190000,17.12,17.12,17.12,17.12,100,0
CELC.US,5,20211004,190500,16.8,17.025,16.8,17.025,200,0
CELC.US,5,20211004,192000,16.87,16.87,16.87,16.87,100,0
CELC.US,5,20211004,194000,16.92,16.92,16.92,16.92,100,0
CELC.US,5,20211004,194500,16.99,17,16.99,17,200,0
CELC.US,5,20211004,195500,16.87,16.87,16.86,16.86,200,0
CELC.US,5,20211004,203000,16.89,16.91,16.89,16.91,200,0
CELC.US,5,20211004,203500,16.87,16.87,16.86,16.86,300,0
CELC.US,5,20211004,204000,16.87,17.03,16.86,17.03,300,0
CELC.US,5,20211004,204500,16.81,16.81,16.81,16.81,100,0
CELC.US,5,20211004,205000,16.88,16.88,16.87,16.87,400,0
CELC.US,5,20211004,205500,16.8,16.8,16.8,16.8,100,0
CELC.US,5,20211004,210000,16.76,17.03,16.76,17.005,1524,0
CELC.US,5,20211004,211000,17.1,17.18,16.99,16.99,424,0
CELC.US,5,20211004,211500,17.075,17.09,16.74,16.74,500,0
CELC.US,5,20211004,212500,16.9,17.05,16.9,17.05,300,0
CELC.US,5,20211004,213000,16.95,16.95,16.95,16.95,200,0
CELC.US,5,20211004,214000,17.095,17.2,17.055,17.2,400,0
CELC.US,5,20211004,214500,17.16,17.16,17.01,17.095,1599,0
CELC.US,5,20211004,215000,17.09,17.09,17.005,17.02,500,0
CELC.US,5,20211004,215500,17.07,17.24,17.07,17.24,7845,0
CELC.US,5,20211005,153500,17.625,17.625,17.625,17.625,200,0
CELC.US,5,20211005,162500,17.1319,17.1319,17.1319,17.1319,100,0
CELC.US,5,20211005,170500,17.4,17.4,17.37,17.38,300,0
CELC.US,5,20211005,171000,17.38,17.48,17.35,17.48,500,0
CELC.US,5,20211005,171500,17.33,17.33,17.33,17.33,100,0
CELC.US,5,20211005,174000,17.26,17.26,17.26,17.26,200,0
CELC.US,5,20211005,190000,16.98,16.98,16.98,16.98,100,0
CELC.US,5,20211005,191500,16.99,17.07,16.83,16.95,1219,0
CELC.US,5,20211005,193500,16.8669,16.8669,16.8669,16.8669,100,0
CELC.US,5,20211005,205500,16.99,16.99,16.78,16.78,200,0
CELC.US,5,20211005,213500,16.93,16.93,16.93,16.93,800,0
CELC.US,5,20211005,214000,16.83,16.86,16.69,16.79,900,0
CELC.US,5,20211005,214500,16.72,16.73,16.72,16.73,300,0
CELC.US,5,20211005,215000,16.75,16.75,16.67,16.71,700,0
CELC.US,5,20211005,215500,16.67,16.82,16.58,16.79,6346,0
CELC.US,5,20211006,153000,16.72,16.87,16.72,16.87,200,0
CELC.US,5,20211006,161000,16.27,16.27,16.27,16.27,100,0
CELC.US,5,20211006,162000,16.445,16.8,16.445,16.75,4843,0
CELC.US,5,20211006,165000,16.75,16.8,16.75,16.8,300,0
CELC.US,5,20211006,170000,16.75,16.8,16.75,16.8,300,0
CELC.US,5,20211006,171000,16.89,16.89,16.89,16.89,100,0
CELC.US,5,20211006,171500,16.75,16.75,16.75,16.75,300,0
CELC.US,5,20211006,173500,16.75,16.75,16.545,16.55,1844,0
CELC.US,5,20211006,174000,16.45,16.59,16.23,16.59,1408,0
CELC.US,5,20211006,180000,16.46,16.68,16.46,16.68,1300,0
CELC.US,5,20211006,180500,16.53,16.595,16.53,16.595,200,0
CELC.US,5,20211006,182500,16.58,16.58,16.58,16.58,100,0
CELC.US,5,20211006,184500,16.46,16.685,16.46,16.685,600,0
CELC.US,5,20211006,185000,16.69,16.7,16.5,16.5,400,0
CELC.US,5,20211006,190500,16.69,16.7,16.51,16.7,800,0
CELC.US,5,20211006,191000,16.7,16.7,16.7,16.7,100,0
CELC.US,5,20211006,191500,16.69,16.89,16.69,16.89,500,0
CELC.US,5,20211006,192000,16.89,16.89,16.89,16.89,100,0
CELC.US,5,20211006,192500,16.89,16.96,16.89,16.96,200,0
CELC.US,5,20211006,193000,17.14,17.14,17.14,17.14,100,0
CELC.US,5,20211006,193500,17.12,17.12,16.87,16.87,600,0
CELC.US,5,20211006,194500,17.11,17.24,17.11,17.24,800,0
CELC.US,5,20211006,195000,17.35,17.37,17.35,17.37,200,0
CELC.US,5,20211006,195500,17.38,17.38,17.38,17.38,100,0
CELC.US,5,20211006,200000,17.36,17.36,17.19,17.19,200,0
CELC.US,5,20211006,200500,17.16,17.36,17.16,17.36,200,0
CELC.US,5,20211006,201000,17.38,17.38,17.38,17.38,200,0
CELC.US,5,20211006,201500,17.28,17.38,17.28,17.38,400,0
CELC.US,5,20211006,203500,17.3788,17.3788,17.3788,17.3788,100,0
CELC.US,5,20211006,204000,17.26,17.27,17.26,17.27,600,0
CELC.US,5,20211006,204500,17.32,17.32,17.31,17.32,300,0
CELC.US,5,20211006,210000,16.96,16.96,16.92,16.92,200,0
CELC.US,5,20211006,210500,17.09,17.09,16.88,16.9,590,0
CELC.US,5,20211006,212000,16.85,16.85,16.75,16.84,796,0
CELC.US,5,20211006,213000,16.751,16.751,16.63,16.63,600,0
CELC.US,5,20211006,213500,16.65,16.775,16.65,16.775,1100,0
CELC.US,5,20211006,214000,16.68,16.75,16.67,16.67,300,0
CELC.US,5,20211006,214500,16.69,16.79,16.68,16.79,500,0
CELC.US,5,20211006,215000,16.84,16.84,16.75,16.78,500,0
CELC.US,5,20211006,215500,16.76,16.76,16.59,16.71,5725,0
CELC.US,5,20211007,160000,16.9793,16.9793,16.9793,16.9793,100,0
CELC.US,5,20211007,164500,16.57,17.2727,16.57,17.2727,675,0
CELC.US,5,20211007,165500,16.73,16.73,16.73,16.73,100,0
CELC.US,5,20211007,170000,16.86,16.86,16.86,16.86,100,0
CELC.US,5,20211007,170500,16.93,17.515,16.93,17.515,200,0
CELC.US,5,20211007,174000,17.13,17.46,16.7,16.7,1798,0
CELC.US,5,20211007,174500,16.865,16.865,16.865,16.865,100,0
CELC.US,5,20211007,175000,16.97,16.97,16.97,16.97,103,0
CELC.US,5,20211007,180500,16.975,16.975,16.975,16.975,1000,0
CELC.US,5,20211007,182000,16.9764,16.98,16.87,16.87,970,0
CELC.US,5,20211007,184500,16.84,16.84,16.84,16.84,325,0
CELC.US,5,20211007,192000,16.77,16.98,16.77,16.98,200,0
CELC.US,5,20211007,194000,16.75,16.75,16.75,16.75,100,0
CELC.US,5,20211007,201000,16.98,17.03,16.9453,16.9453,300,0
CELC.US,5,20211007,202000,16.9801,16.9801,16.9801,16.9801,136,0
CELC.US,5,20211007,202500,16.96,16.96,16.96,16.96,100,0
CELC.US,5,20211007,203000,16.96,16.96,16.75,16.89,500,0
CELC.US,5,20211007,203500,17.07,17.07,16.89,16.89,200,0
CELC.US,5,20211007,204500,16.75,16.75,16.75,16.75,100,0
CELC.US,5,20211007,210000,16.9002,16.9002,16.85,16.85,1600,0
CELC.US,5,20211007,210500,16.885,16.885,16.77,16.805,500,0
CELC.US,5,20211007,211500,16.805,16.805,16.805,16.805,1100,0
CELC.US,5,20211007,212500,16.75,16.75,16.75,16.75,100,0
CELC.US,5,20211007,213000,16.76,16.815,16.76,16.8,500,0
CELC.US,5,20211007,213500,16.83,16.93,16.83,16.93,800,0
CELC.US,5,20211007,214500,16.95,16.98,16.84,16.98,1814,0
CELC.US,5,20211007,215000,16.935,16.935,16.87,16.9,300,0
CELC.US,5,20211007,215500,16.82,16.95,16.77,16.95,4159,0
CELC.US,5,20211008,153000,17.84,18.18,17.84,18.18,3754,0
CELC.US,5,20211008,153500,18.37,18.37,18.37,18.37,100,0
CELC.US,5,20211008,154000,18.18,18.18,18.1,18.15,931,0
CELC.US,5,20211008,154500,18.52,18.62,18.52,18.62,500,0
CELC.US,5,20211008,155000,18.72,18.72,18.72,18.72,200,0
CELC.US,5,20211008,155500,18.76,18.76,18.45,18.45,200,0
CELC.US,5,20211008,160000,18.54,18.54,18.23,18.23,200,0
CELC.US,5,20211008,161000,18.14,18.14,18.14,18.14,400,0
CELC.US,5,20211008,161500,18.14,18.14,18.14,18.14,100,0
CELC.US,5,20211008,162000,18.06,18.06,18.06,18.06,100,0
CELC.US,5,20211008,162500,18.2,18.315,18.15,18.2007,1297,0
CELC.US,5,20211008,163000,18.1,18.1,18,18,350,0
CELC.US,5,20211008,163500,17.77,17.77,17.56,17.7,1600,0
CELC.US,5,20211008,164500,17.57,17.64,17.42,17.57,1100,0
CELC.US,5,20211008,165500,17.65,17.76,17.647,17.76,300,0
CELC.US,5,20211008,170500,17.75,17.75,17.75,17.75,250,0
CELC.US,5,20211008,172000,17.77,17.78,17.53,17.53,400,0
CELC.US,5,20211008,173000,17.74,17.74,17.65,17.74,800,0
CELC.US,5,20211008,174000,17.94,17.96,17.94,17.956,2000,0
CELC.US,5,20211008,175500,18.25,18.25,18.25,18.25,100,0
CELC.US,5,20211008,180500,18.195,18.195,18.195,18.195,100,0
CELC.US,5,20211008,181500,18.34,18.34,18.34,18.34,200,0
CELC.US,5,20211008,182500,18.26,18.26,18.22,18.225,300,0
CELC.US,5,20211008,183000,18.05,18.05,18.05,18.05,100,0
CELC.US,5,20211008,183500,18.05,18.05,18.05,18.05,100,0
CELC.US,5,20211008,184000,17.79,17.7964,17.79,17.7964,200,0
CELC.US,5,20211008,184500,17.79,17.79,17.79,17.79,100,0
CELC.US,5,20211008,185500,17.97,17.97,17.97,17.97,100,0
CELC.US,5,20211008,190000,17.79,17.79,17.79,17.79,100,0
CELC.US,5,20211008,191500,17.97,17.97,17.97,17.97,140,0
CELC.US,5,20211008,192500,17.79,17.95,17.79,17.95,500,0
CELC.US,5,20211008,193500,17.93,17.94,17.79,17.79,1300,0
CELC.US,5,20211008,194000,17.77,17.88,17.55,17.55,2015,0
CELC.US,5,20211008,194500,17.47,17.6,17.39,17.39,1060,0
CELC.US,5,20211008,195000,17.4,17.4,17.4,17.4,200,0
CELC.US,5,20211008,195500,17.39,17.4887,17.39,17.4887,272,0
CELC.US,5,20211008,200000,17.42,17.42,17.42,17.42,100,0
CELC.US,5,20211008,200500,17.59,17.59,17.14,17.28,2138,0
CELC.US,5,20211008,201500,17.08,17.11,17.08,17.11,200,0
CELC.US,5,20211008,202000,17.3,17.48,17.3,17.405,1300,0
CELC.US,5,20211008,202500,17.425,17.495,17.39,17.4,2688,0
CELC.US,5,20211008,203000,17.41,17.41,17.41,17.41,100,0
CELC.US,5,20211008,203500,17.4,17.4,17.4,17.4,600,0
CELC.US,5,20211008,204000,17.25,17.27,17.04,17.2,1923,0
CELC.US,5,20211008,204500,17.04,17.04,17.04,17.04,100,0
CELC.US,5,20211008,205500,17.04,17.1,16.94,17.1,1666,0
CELC.US,5,20211008,210000,16.96,17.22,16.96,17.16,1796,0
CELC.US,5,20211008,210500,17.22,17.22,17.22,17.22,100,0
CELC.US,5,20211008,214000,17.08,17.08,17.06,17.06,200,0
CELC.US,5,20211008,214500,17.06,17.16,17.06,17.105,700,0
CELC.US,5,20211008,215000,17.07,17.31,17.07,17.31,500,0
CELC.US,5,20211008,215500,17.28,17.33,17.12,17.12,6378,0
CELC.US,5,20211011,160500,18.4783,18.4783,17.27,17.27,2101,0
CELC.US,5,20211011,161500,17.746,17.746,17.746,17.746,500,0
CELC.US,5,20211011,162000,17.76,17.76,17.65,17.65,200,0
CELC.US,5,20211011,170000,17.5,17.5,17.21,17.21,1658,0
CELC.US,5,20211011,171000,17.32,17.71,17.32,17.71,1897,0
CELC.US,5,20211011,171500,17.6,17.6,17.6,17.6,100,0
CELC.US,5,20211011,173500,17.75,17.98,17.73,17.98,300,0
CELC.US,5,20211011,174000,18.4799,18.4799,18.4799,18.4799,163,0
CELC.US,5,20211011,175000,17.94,17.94,17.94,17.94,100,0
CELC.US,5,20211011,175500,17.94,17.95,17.94,17.95,400,0
CELC.US,5,20211011,180000,17.91,17.92,17.8,17.8,500,0
CELC.US,5,20211011,184500,17.65,17.65,17.65,17.65,100,0
CELC.US,5,20211011,185000,17.56,17.56,17.5,17.5,300,0
CELC.US,5,20211011,185500,17.55,17.59,17.55,17.58,1100,0
CELC.US,5,20211011,201000,17.7199,17.7199,17.67,17.67,400,0
CELC.US,5,20211011,202000,17.74,17.91,17.63,17.91,1300,0
CELC.US,5,20211011,210000,17.92,17.96,17.92,17.96,1500,0
CELC.US,5,20211011,210500,18.18,18.18,17.9,17.9004,870,0
CELC.US,5,20211011,211000,17.81,17.81,17.81,17.81,100,0
CELC.US,5,20211011,211500,17.97,17.97,17.97,17.97,100,0
CELC.US,5,20211011,212000,17.8925,17.8925,17.8925,17.8925,100,0
CELC.US,5,20211011,212500,17.91,17.91,17.75,17.75,2463,0
CELC.US,5,20211011,213000,17.72,17.72,17.52,17.55,500,0
CELC.US,5,20211011,213500,17.65,17.65,17.65,17.65,100,0
CELC.US,5,20211011,214000,17.61,17.61,17.61,17.61,100,0
CELC.US,5,20211011,215000,17.51,17.63,17.51,17.61,2735,0
CELC.US,5,20211011,215500,17.54,17.63,17.5,17.59,3135,0
CELC.US,5,20211012,153000,17.6,17.6,17.6,17.6,194,0
CELC.US,5,20211012,161500,17.5,17.5,17.36,17.36,965,0
CELC.US,5,20211012,162000,17.18,17.39,17.18,17.39,300,0
CELC.US,5,20211012,164000,17.825,17.825,17.825,17.825,1000,0
CELC.US,5,20211012,165000,17.54,17.54,17.54,17.54,100,0
CELC.US,5,20211012,173000,17.64,17.7,17.64,17.7,600,0
CELC.US,5,20211012,173500,17.62,17.62,17.62,17.62,100,0
CELC.US,5,20211012,174500,17.7,17.7,17.59,17.59,400,0
CELC.US,5,20211012,180000,17.56,17.56,17.56,17.56,100,0
CELC.US,5,20211012,180500,17.56,17.67,17.5,17.5,2188,0
CELC.US,5,20211012,184500,17.455,17.5,17.455,17.5,300,0
CELC.US,5,20211012,185500,17.35,17.35,17.35,17.35,127,0
CELC.US,5,20211012,190500,17.37,17.37,17.37,17.37,100,0
CELC.US,5,20211012,192500,17.54,17.56,17.53,17.56,600,0
CELC.US,5,20211012,195500,17.55,17.55,17.42,17.42,1391,0
CELC.US,5,20211012,201500,17.4,17.4,17.4,17.4,101,0
CELC.US,5,20211012,203000,17.42,17.42,17.42,17.42,100,0
CELC.US,5,20211012,203500,17.46,17.54,17.405,17.515,1100,0
CELC.US,5,20211012,204000,17.55,17.55,17.53,17.53,300,0
CELC.US,5,20211012,210000,17.525,17.525,17.525,17.525,100,0
CELC.US,5,20211012,210500,17.4214,17.4214,17.4214,17.4214,1175,0
CELC.US,5,20211012,212000,17.43,17.5,17.43,17.5,980,0
CELC.US,5,20211012,212500,17.5975,17.5975,17.5975,17.5975,100,0
CELC.US,5,20211012,213000,17.605,17.605,17.605,17.605,100,0
CELC.US,5,20211012,214000,17.52,17.52,17.51,17.52,500,0
CELC.US,5,20211012,215000,17.51,17.57,17.51,17.535,403,0
CELC.US,5,20211012,215500,17.57,17.7,17.57,17.57,5249,0
CELC.US,5,20211013,155500,17.45,17.5,17.45,17.5,821,0
CELC.US,5,20211013,160000,17.485,17.485,17.485,17.485,100,0
CELC.US,5,20211013,161000,17.4,17.44,17.4,17.41,1971,0
CELC.US,5,20211013,161500,17.43,17.43,17.43,17.43,100,0
CELC.US,5,20211013,162500,17.64,17.69,17.47,17.47,300,0
CELC.US,5,20211013,165000,17.67,17.92,17.65,17.735,1900,0
CELC.US,5,20211013,171500,18.16,18.16,18.16,18.16,100,0
CELC.US,5,20211013,172500,18.04,18.04,18.01,18.01,400,0
CELC.US,5,20211013,175000,17.97,17.97,17.97,17.97,100,0
CELC.US,5,20211013,175500,17.97,17.97,17.97,17.97,100,0
CELC.US,5,20211013,180500,17.96,17.96,17.94,17.96,306,0
CELC.US,5,20211013,182000,18.31,18.31,18.31,18.31,100,0
CELC.US,5,20211013,190000,18,18,18,18,100,0
CELC.US,5,20211013,191000,18.5,18.82,18.5,18.82,2380,0
CELC.US,5,20211013,191500,18.62,18.66,18.62,18.66,200,0
CELC.US,5,20211013,192000,18.89,18.89,18.88,18.88,1914,0
CELC.US,5,20211013,192500,18.89,18.89,18.8505,18.86,317,0
CELC.US,5,20211013,193500,19.1,19.1,18.89,18.89,400,0
CELC.US,5,20211013,194000,18.85,18.85,18.66,18.66,1201,0
CELC.US,5,20211013,194500,18.81,18.81,18.77,18.77,1900,0
CELC.US,5,20211013,201000,18.78,18.78,18.78,18.78,100,0
CELC.US,5,20211013,202000,18.73,18.73,18.73,18.73,100,0
CELC.US,5,20211013,205000,18.73,18.79,18.73,18.77,400,0
CELC.US,5,20211013,205500,18.71,18.9,18.7,18.86,1400,0
CELC.US,5,20211013,211000,18.9,18.9,18.9,18.9,100,0
CELC.US,5,20211013,212500,18.75,18.75,18.75,18.75,100,0
CELC.US,5,20211013,213500,18.8,18.9,18.8,18.86,1010,0
CELC.US,5,20211013,214000,18.83,18.98,18.83,18.98,300,0
CELC.US,5,20211013,214500,18.93,18.93,18.91,18.91,500,0
CELC.US,5,20211013,215500,18.76,18.87,18.69,18.86,2657,0
CELC.US,5,20211014,153000,18.67,19.65,18.67,19.65,2257,0
CELC.US,5,20211014,154500,18.95,18.95,18.95,18.95,600,0
CELC.US,5,20211014,160500,19.33,19.67,19.13,19.21,6775,0
CELC.US,5,20211014,161500,19.18,19.18,19.18,19.18,100,0
CELC.US,5,20211014,162500,19.2,19.26,18.7,18.7,5863,0
CELC.US,5,20211014,163000,18.5211,18.5211,18.52,18.52,2100,0
CELC.US,5,20211014,163500,18.5,18.5,18.03,18.07,3823,0
CELC.US,5,20211014,164000,18.29,18.29,18.04,18.04,600,0
CELC.US,5,20211014,164500,18.03,18.25,17.93,18.09,1766,0
CELC.US,5,20211014,165000,18.3,18.3,18.3,18.3,100,0
CELC.US,5,20211014,165500,18.195,18.34,18.195,18.34,1200,0
CELC.US,5,20211014,170000,18.19,18.19,18.18,18.18,200,0
CELC.US,5,20211014,170500,18.2082,18.2082,18.2082,18.2082,200,0
CELC.US,5,20211014,172500,18.2,18.2,17.89,17.89,400,0
CELC.US,5,20211014,174000,17.87,17.87,17.87,17.87,120,0
CELC.US,5,20211014,180000,17.94,17.94,17.94,17.94,100,0
CELC.US,5,20211014,180500,17.94,17.94,17.94,17.94,400,0
CELC.US,5,20211014,181000,17.945,17.945,17.945,17.945,2000,0
CELC.US,5,20211014,182000,17.945,17.945,17.945,17.945,100,0
CELC.US,5,20211014,182500,17.94,18.12,17.94,18.12,1600,0
CELC.US,5,20211014,183000,17.98,17.98,17.98,17.98,100,0
CELC.US,5,20211014,191500,18,18,18,18,200,0
CELC.US,5,20211014,192500,18,18.1354,18,18.1354,2065,0
CELC.US,5,20211014,193000,18,18.04,18,18.04,200,0
CELC.US,5,20211014,193500,18,18.02,17.9525,18,900,0
CELC.US,5,20211014,194000,17.9475,17.9475,17.9475,17.9475,200,0
CELC.US,5,20211014,195000,17.89,17.9,17.885,17.885,800,0
CELC.US,5,20211014,195500,17.95,18.31,17.9,18.31,746,0
CELC.US,5,20211014,200500,18.34,18.6395,18.3,18.55,2774,0
CELC.US,5,20211014,201000,18.64,18.64,18.64,18.64,100,0
CELC.US,5,20211014,201500,18.81,19.02,18.81,19.02,1705,0
CELC.US,5,20211014,202000,18.41,18.41,18.41,18.41,100,0
CELC.US,5,20211014,203000,18.95,18.96,18.95,18.96,300,0
CELC.US,5,20211014,203500,18.865,19.15,18.865,19.15,349,0
CELC.US,5,20211014,204500,19.076,19.076,18.86,18.86,749,0
CELC.US,5,20211014,205000,18.7194,18.7194,18.68,18.68,700,0
CELC.US,5,20211014,205500,18.89,18.89,18.89,18.89,100,0
CELC.US,5,20211014,210000,18.89,18.95,18.87,18.9,1100,0
CELC.US,5,20211014,210500,18.75,19,18.75,19,923,0
CELC.US,5,20211014,211000,19.09,19.09,18.94,18.94,800,0
CELC.US,5,20211014,211500,18.71,18.71,18.67,18.67,200,0
CELC.US,5,20211014,212000,19.04,19.04,18.87,18.87,300,0
CELC.US,5,20211014,213000,18.835,18.835,18.835,18.835,100,0
CELC.US,5,20211014,213500,18.835,18.835,18.835,18.835,100,0
CELC.US,5,20211014,214000,18.67,18.67,18.51,18.65,1758,0
CELC.US,5,20211014,214500,18.67,18.72,18.55,18.55,500,0
CELC.US,5,20211014,215000,18.64,18.65,18.57,18.59,1314,0
CELC.US,5,20211014,215500,18.54,18.76,18.46,18.61,7886,0
CELC.US,5,20211015,153000,19.02,19.02,18.8992,18.8992,2267,0
CELC.US,5,20211015,153500,18.8425,18.8425,18.7,18.7,1060,0
CELC.US,5,20211015,154000,18.7,18.7,18.5401,18.5401,1083,0
CELC.US,5,20211015,154500,19.2427,19.2427,19.2427,19.2427,100,0
CELC.US,5,20211015,155000,18.7734,18.7734,18.7734,18.7734,150,0
CELC.US,5,20211015,160000,18.77,18.77,18.655,18.655,564,0
CELC.US,5,20211015,161500,18.69,18.69,18.5,18.5844,1887,0
CELC.US,5,20211015,162000,18.5,18.5038,18.24,18.24,2376,0
CELC.US,5,20211015,162500,18.45,18.6599,18.31,18.31,1877,0
CELC.US,5,20211015,163000,18.26,18.26,18.24,18.24,300,0
CELC.US,5,20211015,165500,18.2,18.2,18.2,18.2,100,0
CELC.US,5,20211015,170000,18.37,18.4806,18.35,18.35,307,0
CELC.US,5,20211015,171000,18.47,18.47,18.36,18.36,300,0
CELC.US,5,20211015,171500,18.54,18.54,18.54,18.54,100,0
CELC.US,5,20211015,173000,18.35,18.36,18.2,18.205,2430,0
CELC.US,5,20211015,174000,18.0231,18.0231,18.0231,18.0231,1000,0
CELC.US,5,20211015,175000,18.02,18.03,18.02,18.03,200,0
CELC.US,5,20211015,180500,18.205,18.205,18.205,18.205,250,0
CELC.US,5,20211015,181000,18.11,18.375,18.11,18.375,1074,0
CELC.US,5,20211015,184500,18.28,18.375,18.28,18.375,200,0
CELC.US,5,20211015,190000,18.3,18.3,18.3,18.3,100,0
CELC.US,5,20211015,192000,18.31,18.31,18.31,18.31,100,0
CELC.US,5,20211015,192500,18.25,18.27,18.25,18.25,3497,0
CELC.US,5,20211015,193000,18.25,18.25,18.0758,18.0758,630,0
CELC.US,5,20211015,193500,18.05,18.05,18.05,18.05,100,0
CELC.US,5,20211015,194500,18.13,18.13,18.13,18.13,100,0
CELC.US,5,20211015,195500,18.04,18.04,18.04,18.04,100,0
CELC.US,5,20211015,200500,18.24,18.31,18.135,18.295,1400,0
CELC.US,5,20211015,201000,18.3,18.3,18.3,18.3,190,0
CELC.US,5,20211015,204500,18.08,18.08,18.08,18.08,100,0
CELC.US,5,20211015,205500,18.11,18.11,18.11,18.11,100,0
CELC.US,5,20211015,211500,18.13,18.13,18.13,18.13,100,0
CELC.US,5,20211015,212000,18.15,18.15,18.15,18.15,100,0
CELC.US,5,20211015,212500,18.23,18.27,18.23,18.27,300,0
CELC.US,5,20211015,213000,18.11,18.11,18.11,18.11,100,0
CELC.US,5,20211015,213500,18.15,18.15,18.1,18.125,614,0
CELC.US,5,20211015,214000,18.1,18.12,18.01,18.01,1614,0
CELC.US,5,20211015,214500,18.06,18.07,18.01,18.01,1100,0
CELC.US,5,20211015,215000,18.1,18.24,18.1,18.17,1050,0
CELC.US,5,20211015,215500,18.29,18.33,18.1,18.2,7469,0
CELC.US,5,20211018,153000,18.3,18.3,18.05,18.05,207,0
CELC.US,5,20211018,153500,18.56,18.56,18.2,18.2,400,0
CELC.US,5,20211018,154000,18.19,18.19,18,18,800,0
CELC.US,5,20211018,155000,18.2237,18.2237,18.2237,18.2237,465,0
CELC.US,5,20211018,155500,18.035,18.035,18.035,18.035,100,0
CELC.US,5,20211018,161000,18,18,17.88,17.88,350,0
CELC.US,5,20211018,162000,17.88,17.88,17.88,17.88,138,0
CELC.US,5,20211018,162500,17.88,17.89,17.615,17.615,1089,0
CELC.US,5,20211018,164000,17.6,17.6,17.6,17.6,100,0
CELC.US,5,20211018,165000,17.61,17.61,17.265,17.265,365,0
CELC.US,5,20211018,170500,17.53,17.53,17.53,17.53,100,0
CELC.US,5,20211018,171000,17.64,17.64,17.58,17.58,200,0
CELC.US,5,20211018,171500,17.6717,17.6717,17.6717,17.6717,1000,0
CELC.US,5,20211018,172500,17.61,17.61,17.61,17.61,100,0
CELC.US,5,20211018,173000,17.61,17.61,17.61,17.61,100,0
CELC.US,5,20211018,174500,17.55,17.55,17.34,17.34,300,0
CELC.US,5,20211018,180000,17.34,17.34,17.34,17.34,100,0
CELC.US,5,20211018,182500,17.45,17.45,17.35,17.35,400,0
CELC.US,5,20211018,183000,17.04,17.04,17.04,17.04,100,0
CELC.US,5,20211018,183500,17.318,17.318,17.24,17.25,550,0
CELC.US,5,20211018,184000,17.33,17.47,17.33,17.47,1001,0
CELC.US,5,20211018,185000,17.4908,17.4908,17.4908,17.4908,750,0
CELC.US,5,20211018,190000,17.48,17.48,17.4366,17.4366,200,0
CELC.US,5,20211018,191500,17.6121,17.6121,17.6121,17.6121,2500,0
CELC.US,5,20211018,192000,17.534,17.55,17.38,17.4,1692,0
CELC.US,5,20211018,192500,17.455,17.455,17.455,17.455,100,0
CELC.US,5,20211018,193000,17.45,17.45,17.4,17.43,458,0
CELC.US,5,20211018,193500,17.295,17.295,17.04,17.14,400,0
CELC.US,5,20211018,194000,17.15,17.15,17.15,17.15,100,0
CELC.US,5,20211018,200500,17.105,17.105,17.105,17.105,100,0
CELC.US,5,20211018,201500,17.1,17.1,17.1,17.1,360,0
CELC.US,5,20211018,202000,17.295,17.295,17.295,17.295,500,0
CELC.US,5,20211018,202500,17.295,17.295,17.295,17.295,200,0
CELC.US,5,20211018,203000,17.22,17.22,17.22,17.22,100,0
CELC.US,5,20211018,204000,17.29,17.39,17.28,17.39,300,0
CELC.US,5,20211018,204500,17.3454,17.3454,17.3454,17.3454,100,0
CELC.US,5,20211018,210000,17.495,17.495,17.495,17.495,100,0
CELC.US,5,20211018,210500,17.425,17.425,17.425,17.425,100,0
CELC.US,5,20211018,211500,17.445,17.445,17.445,17.445,100,0
CELC.US,5,20211018,213000,17.48,17.48,17.48,17.48,200,0
CELC.US,5,20211018,213500,17.47,17.4878,17.47,17.4878,600,0
CELC.US,5,20211018,214000,17.57,17.57,17.5,17.5,451,0
CELC.US,5,20211018,214500,17.63,17.63,17.5,17.5,500,0
CELC.US,5,20211018,215000,17.64,17.65,17.58,17.625,901,0
CELC.US,5,20211018,215500,17.74,17.81,17.63,17.64,2752,0
CELC.US,5,20211019,153000,17.92,18,17.92,18,946,0
CELC.US,5,20211019,160000,18,18.1251,18,18.1251,250,0
CELC.US,5,20211019,164000,18.25,18.35,18.16,18.31,600,0
CELC.US,5,20211019,164500,18.27,18.27,18.27,18.27,200,0
CELC.US,5,20211019,170000,18.34,18.34,18.34,18.34,100,0
CELC.US,5,20211019,170500,18.35,18.35,18.35,18.35,190,0
CELC.US,5,20211019,172000,18.435,18.435,18.435,18.435,500,0
CELC.US,5,20211019,173000,18.5,18.535,18.46,18.535,540,0
CELC.US,5,20211019,173500,18.53,18.53,18.485,18.485,200,0
CELC.US,5,20211019,174500,18.495,18.495,18.495,18.495,100,0
CELC.US,5,20211019,175000,18.44,18.495,18.4,18.495,1562,0
CELC.US,5,20211019,175500,18.41,18.41,18.41,18.41,100,0
CELC.US,5,20211019,180500,18.4,18.4,18.35,18.35,657,0
CELC.US,5,20211019,181000,18.24,18.24,18.24,18.24,1100,0
CELC.US,5,20211019,182500,18.07,18.07,18.07,18.07,100,0
CELC.US,5,20211019,194500,18.22,18.31,18.22,18.27,700,0
CELC.US,5,20211019,195000,18.4,18.4,18.4,18.4,100,0
CELC.US,5,20211019,203000,18.29,18.29,18,18,2057,0
CELC.US,5,20211019,203500,18.145,18.145,18.145,18.145,100,0
CELC.US,5,20211019,204500,18.0412,18.1012,18.03,18.03,550,0
CELC.US,5,20211019,210000,18.145,18.145,18.145,18.145,250,0
CELC.US,5,20211019,211000,18.215,18.215,18.19,18.19,300,0
CELC.US,5,20211019,211500,18.19,18.19,18.19,18.19,100,0
CELC.US,5,20211019,212000,18.195,18.195,18.195,18.195,100,0
CELC.US,5,20211019,215000,18.1428,18.1428,18.1428,18.1428,100,0
CELC.US,5,20211019,215500,18.04,18.14,17.98,17.98,6265,0
CELC.US,5,20211020,153000,17.78,17.78,17.78,17.78,1050,0
CELC.US,5,20211020,154000,17.68,17.68,17.68,17.68,250,0
CELC.US,5,20211020,154500,17.685,17.685,17.4592,17.4592,428,0
CELC.US,5,20211020,160000,18.44,18.44,18.3876,18.3876,1122,0
CELC.US,5,20211020,164500,18.41,18.41,18.24,18.24,477,0
CELC.US,5,20211020,170500,18.2846,18.2846,18.2846,18.2846,150,0
CELC.US,5,20211020,173000,18.35,18.39,18.16,18.16,530,0
CELC.US,5,20211020,174500,18.37,18.37,18.37,18.37,100,0
CELC.US,5,20211020,175000,18.37,18.37,18.37,18.37,100,0
CELC.US,5,20211020,200000,18.47,18.5,18.4,18.4,2141,0
CELC.US,5,20211020,200500,18.41,18.48,18.405,18.405,700,0
CELC.US,5,20211020,202500,18.37,18.38,18.37,18.38,200,0
CELC.US,5,20211020,203000,18.4,18.4,18.4,18.4,300,0
CELC.US,5,20211020,212000,18.31,18.31,18.31,18.31,200,0
CELC.US,5,20211020,215000,18.02,18.06,18.02,18.04,400,0
CELC.US,5,20211020,215500,18.14,18.18,18,18.1,1860,0
CELC.US,5,20211021,153000,18.1,18.1,18.1,18.1,724,0
CELC.US,5,20211021,155500,18.02,18.1,18.02,18.02,1572,0
CELC.US,5,20211021,173000,18.3883,18.3883,18.3883,18.3883,100,0
CELC.US,5,20211021,181500,18.0725,18.0725,18.0725,18.0725,250,0
CELC.US,5,20211021,195000,18.2359,18.2359,18.2359,18.2359,500,0
CELC.US,5,20211021,200500,18.18,18.2,18,18,2380,0
CELC.US,5,20211021,201000,18.0095,18.0095,18.0095,18.0095,250,0
CELC.US,5,20211021,201500,17.73,17.75,17.55,17.55,510,0
CELC.US,5,20211021,203500,17.625,17.625,17.375,17.375,1200,0
CELC.US,5,20211021,204000,17.4,17.4,17.39,17.39,200,0
CELC.US,5,20211021,210500,17.6303,17.6303,17.6303,17.6303,523,0
CELC.US,5,20211021,211000,17.71,17.72,17.71,17.71,500,0
CELC.US,5,20211021,211500,17.68,17.72,17.68,17.7,300,0
CELC.US,5,20211021,213000,17.75,17.75,17.75,17.75,100,0
CELC.US,5,20211021,214500,17.625,17.625,17.54,17.54,200,0
CELC.US,5,20211021,215000,17.65,17.67,17.53,17.53,300,0
CELC.US,5,20211021,215500,17.61,17.68,17.465,17.58,5053,0
CELC.US,5,20211022,153000,17.4,17.4,17.4,17.4,100,0
CELC.US,5,20211022,160500,17.41,17.41,17.41,17.41,500,0
CELC.US,5,20211022,161000,17.575,17.575,17.575,17.575,200,0
CELC.US,5,20211022,162000,17.55,17.55,17.55,17.55,100,0
CELC.US,5,20211022,163000,17.52,17.6,17.52,17.6,1340,0
CELC.US,5,20211022,164000,17.615,17.615,17.615,17.615,101,0
CELC.US,5,20211022,170500,17.55,17.9,17.53,17.64,5708,0
CELC.US,5,20211022,171000,17.714,17.714,17.714,17.714,1500,0
CELC.US,5,20211022,172000,17.55,17.55,17.55,17.55,100,0
CELC.US,5,20211022,173000,17.4,17.41,17.4,17.4,300,0
CELC.US,5,20211022,174000,17.33,17.33,17.33,17.33,100,0
CELC.US,5,20211022,174500,17.35,17.35,17.35,17.35,100,0
CELC.US,5,20211022,183500,17.37,17.37,17.37,17.37,100,0
CELC.US,5,20211022,185000,17.5,17.5,17.5,17.5,340,0
CELC.US,5,20211022,185500,17.6,17.6,17.6,17.6,200,0
CELC.US,5,20211022,190000,17.46,17.46,17.42,17.42,800,0
CELC.US,5,20211022,191500,17.5,17.5,17.5,17.5,100,0
CELC.US,5,20211022,194500,17.5,17.5,17.4,17.41,1650,0
CELC.US,5,20211022,202500,17.6608,17.6608,17.6608,17.6608,300,0
CELC.US,5,20211022,203000,17.57,17.7,17.57,17.7,262,0
CELC.US,5,20211022,204500,17.69,17.69,17.65,17.66,400,0
CELC.US,5,20211022,211000,17.61,17.61,17.61,17.61,100,0
CELC.US,5,20211022,211500,17.435,17.435,17.435,17.435,100,0
CELC.US,5,20211022,213000,17.41,17.41,17.41,17.41,100,0
CELC.US,5,20211022,213500,17.44,17.44,17.4,17.4,200,0
CELC.US,5,20211022,214500,17.45,17.57,17.45,17.57,200,0
CELC.US,5,20211022,215000,17.505,17.51,17.505,17.51,1100,0
CELC.US,5,20211022,215500,17.51,17.54,17.51,17.54,2020,0
CELC.US,5,20211025,155000,17.37,17.5,17.36,17.5,1300,0
CELC.US,5,20211025,160500,17.655,17.86,17.655,17.86,200,0
CELC.US,5,20211025,172000,17.49,17.49,17.48,17.48,200,0
CELC.US,5,20211025,173000,17.1908,17.1908,17.1908,17.1908,100,0
CELC.US,5,20211025,173500,17.1,17.305,17.1,17.305,214,0
CELC.US,5,20211025,182000,17.4,17.4,17.4,17.4,100,0
CELC.US,5,20211025,182500,17.46,17.6128,17.46,17.6128,455,0
CELC.US,5,20211025,183500,17.505,17.62,17.505,17.525,650,0
CELC.US,5,20211025,184500,17.62,17.62,17.62,17.62,300,0
CELC.US,5,20211025,192500,17.5827,17.5827,17.5827,17.5827,1000,0
CELC.US,5,20211025,194000,17.61,17.61,17.61,17.61,100,0
CELC.US,5,20211025,194500,17.58,17.58,17.475,17.475,700,0
CELC.US,5,20211025,195500,17.2,17.2,17.2,17.2,100,0
CELC.US,5,20211025,200000,17.54,17.56,17.54,17.56,200,0
CELC.US,5,20211025,202000,17.4,17.4,17.26,17.4,2732,0
CELC.US,5,20211025,202500,17.4,17.4,17.4,17.4,500,0
CELC.US,5,20211025,205500,17.42,17.42,17.42,17.42,200,0
CELC.US,5,20211025,210000,17.6,17.6,17.6,17.6,115,0
CELC.US,5,20211025,214500,17.23,17.28,17.22,17.22,300,0
CELC.US,5,20211025,215000,17.24,17.24,17.24,17.24,100,0
CELC.US,5,20211025,215500,17.25,17.45,17.24,17.45,3305,0
CELC.US,5,20211026,153000,17.41,18,17.41,18,233,0
CELC.US,5,20211026,155000,17.56,17.56,17.56,17.56,499,0
CELC.US,5,20211026,155500,17.56,17.56,17.56,17.56,100,0
CELC.US,5,20211026,160000,17.4001,17.4001,17.4001,17.4001,100,0
CELC.US,5,20211026,160500,17.62,17.6624,17.62,17.6624,377,0
CELC.US,5,20211026,161000,17.68,17.68,17.68,17.68,200,0
CELC.US,5,20211026,161500,17.7038,17.7038,17.7038,17.7038,125,0
CELC.US,5,20211026,162000,17.65,17.65,17.65,17.65,100,0
CELC.US,5,20211026,163000,17.77,17.77,17.76,17.76,200,0
CELC.US,5,20211026,164000,17.72,17.72,17.72,17.72,100,0
CELC.US,5,20211026,164500,17.51,17.56,17.51,17.56,300,0
CELC.US,5,20211026,165000,17.4564,17.4564,17.4564,17.4564,250,0
CELC.US,5,20211026,165500,17.4001,17.4001,17.4001,17.4001,250,0
CELC.US,5,20211026,170000,17.41,17.41,17.41,17.41,250,0
CELC.US,5,20211026,170500,17.55,17.55,17.55,17.55,100,0
CELC.US,5,20211026,171000,17.41,17.41,17.41,17.41,100,0
CELC.US,5,20211026,180000,17.56,17.56,17.56,17.56,100,0
CELC.US,5,20211026,181500,17.57,17.58,17.57,17.58,200,0
CELC.US,5,20211026,182000,17.53,17.63,17.53,17.6,488,0
CELC.US,5,20211026,182500,17.6837,17.6837,17.6837,17.6837,500,0
CELC.US,5,20211026,183500,17.67,17.67,17.64,17.64,300,0
CELC.US,5,20211026,184500,17.6,17.64,17.6,17.6,1147,0
CELC.US,5,20211026,185000,17.62,17.62,17.62,17.62,100,0
CELC.US,5,20211026,185500,17.62,17.62,17.61,17.61,200,0
CELC.US,5,20211026,190000,17.6,17.69,17.6,17.69,200,0
CELC.US,5,20211026,190500,17.69,17.7,17.69,17.7,300,0
CELC.US,5,20211026,191500,17.96,18.02,17.87,17.87,908,0
CELC.US,5,20211026,193000,17.7,17.7,17.7,17.7,100,0
CELC.US,5,20211026,193500,17.7,17.7,17.65,17.65,1774,0
CELC.US,5,20211026,194000,17.65,17.65,17.65,17.65,600,0
CELC.US,5,20211026,194500,17.65,17.65,17.41,17.41,266,0
CELC.US,5,20211026,195000,17.4322,17.4322,17.4322,17.4322,150,0
CELC.US,5,20211026,200000,17.51,17.53,17.51,17.53,397,0
CELC.US,5,20211026,201000,17.5,17.5,17.49,17.5,1890,0
CELC.US,5,20211026,202500,17.51,17.51,17.49,17.49,400,0
CELC.US,5,20211026,203000,17.48,17.74,17.48,17.74,1074,0
CELC.US,5,20211026,204000,17.88,17.88,17.88,17.88,100,0
CELC.US,5,20211026,204500,17.6154,17.6154,17.6154,17.6154,196,0
CELC.US,5,20211026,210500,17.58,17.58,17.58,17.58,100,0
CELC.US,5,20211026,211000,17.71,17.71,17.71,17.71,100,0
CELC.US,5,20211026,211500,17.42,17.42,17.42,17.42,100,0
CELC.US,5,20211026,212500,17.51,17.51,17.46,17.51,600,0
CELC.US,5,20211026,213000,17.6,17.87,17.6,17.8,5536,0
CELC.US,5,20211026,213500,17.616,17.86,17.616,17.86,257,0
CELC.US,5,20211026,215000,17.73,17.73,17.73,17.73,100,0
CELC.US,5,20211026,215500,17.74,17.87,17.6,17.81,4240,0
CELC.US,5,20211027,153000,17.9,17.9,17.375,17.375,648,0
CELC.US,5,20211027,153500,17.4,17.4,17.4,17.4,200,0
CELC.US,5,20211027,160000,17.3901,17.4,17.3901,17.4,300,0
CELC.US,5,20211027,164500,17.2,17.2,17.2,17.2,991,0
CELC.US,5,20211027,171500,17.165,17.165,17.165,17.165,100,0
CELC.US,5,20211027,174000,17.01,17.075,16.88,17.02,2894,0
CELC.US,5,20211027,174500,16.98,17.0094,16.98,17.0094,200,0
CELC.US,5,20211027,180000,17.13,17.13,17.08,17.08,1376,0
CELC.US,5,20211027,182000,17.145,17.145,17.145,17.145,100,0
CELC.US,5,20211027,182500,17.145,17.145,17.145,17.145,600,0
CELC.US,5,20211027,185500,17.47,17.47,17.47,17.47,500,0
CELC.US,5,20211027,192000,17.2,17.2,17.01,17.01,300,0
CELC.US,5,20211027,194000,17.08,17.08,17.08,17.08,100,0
CELC.US,5,20211027,201500,17.03,17.03,17.03,17.03,100,0
CELC.US,5,20211027,204000,17.15,17.15,17.15,17.15,100,0
CELC.US,5,20211027,204500,17.25,17.25,17.21,17.23,1249,0
CELC.US,5,20211027,210000,17.33,17.33,17.33,17.33,100,0
CELC.US,5,20211027,210500,17.49,17.49,17.45,17.49,1100,0
CELC.US,5,20211027,211000,17.49,17.5,17.47,17.5,2972,0
CELC.US,5,20211027,212000,17.74,17.86,17.74,17.86,200,0
CELC.US,5,20211027,212500,17.88,17.88,17.88,17.88,100,0
CELC.US,5,20211027,213000,18.02,18.02,18.02,18.02,182,0
CELC.US,5,20211027,213500,17.75,17.75,17.52,17.52,655,0
CELC.US,5,20211027,214000,17.52,17.57,17.52,17.57,517,0
CELC.US,5,20211027,214500,17.565,17.565,17.5,17.5,6200,0
CELC.US,5,20211027,215000,17.41,17.41,17.34,17.34,406,0
CELC.US,5,20211027,215500,17.34,17.37,17.19,17.19,4346,0
CELC.US,5,20211028,153000,17.29,18.57,17.29,18.57,1339,0
CELC.US,5,20211028,160000,17.58,17.58,17.58,17.58,100,0
CELC.US,5,20211028,161500,17.77,17.77,17.77,17.77,100,0
CELC.US,5,20211028,162000,17.2,17.2,17.2,17.2,100,0
CELC.US,5,20211028,162500,17.46,17.46,17.46,17.46,100,0
CELC.US,5,20211028,164000,17.7564,17.7564,17.6,17.6854,1798,0
CELC.US,5,20211028,171500,17.59,17.59,17.57,17.5871,500,0
CELC.US,5,20211028,175000,17.72,17.72,17.46,17.46,1652,0
CELC.US,5,20211028,185500,17.62,17.62,17.62,17.62,100,0
CELC.US,5,20211028,193500,17.65,17.65,17.65,17.65,814,0
CELC.US,5,20211028,201500,18.15,18.15,18.15,18.15,110,0
CELC.US,5,20211028,204500,18.14,18.14,18.14,18.14,400,0
CELC.US,5,20211028,205500,18,18.01,18,18,300,0
CELC.US,5,20211028,214500,17.82,17.82,17.82,17.82,100,0
CELC.US,5,20211028,215500,17.62,17.82,17.62,17.75,3389,0
CELC.US,5,20211029,153000,17.49,17.6,17.49,17.6,889,0
CELC.US,5,20211029,160500,17.75,17.75,17.75,17.75,100,0
CELC.US,5,20211029,161500,17.75,17.75,17.75,17.75,200,0
CELC.US,5,20211029,162000,17.75,17.75,17.75,17.75,500,0
CELC.US,5,20211029,162500,17.74,17.77,17.725,17.75,1500,0
CELC.US,5,20211029,175000,17.8796,17.8796,17.8796,17.8796,100,0
CELC.US,5,20211029,182500,17.9601,17.9601,17.9594,17.9594,350,0
CELC.US,5,20211029,183000,17.885,17.885,17.885,17.885,500,0
CELC.US,5,20211029,193000,18.04,18.04,18.04,18.04,100,0
CELC.US,5,20211029,200500,18.04,18.04,18.04,18.04,100,0
CELC.US,5,20211029,204500,18.06,18.135,18.02,18.02,1192,0
CELC.US,5,20211029,210000,18.025,18.025,18.025,18.025,100,0
CELC.US,5,20211029,212500,18.05,18.05,18.05,18.05,100,0
CELC.US,5,20211029,213000,18.1,18.1,18.1,18.1,300,0
CELC.US,5,20211029,213500,18.23,18.23,18.23,18.23,200,0
CELC.US,5,20211029,214500,18.235,18.235,18.235,18.235,100,0
CELC.US,5,20211029,215000,18.24,18.245,18.14,18.245,1200,0
CELC.US,5,20211029,215500,18.245,18.245,18.1,18.1,6040,0
CELC.US,5,20211101,143000,18.23,18.23,17.925,17.925,205,0
CELC.US,5,20211101,144000,18.16,18.25,18.16,18.25,590,0
CELC.US,5,20211101,144500,18.35,18.78,17.93,18.78,993,0
CELC.US,5,20211101,150500,18.64,18.64,18.64,18.64,1293,0
CELC.US,5,20211101,151500,18.74,18.78,18.69,18.78,400,0
CELC.US,5,20211101,152000,18.74,19.02,18.74,18.955,1500,0
CELC.US,5,20211101,152500,19.09,19.09,19.09,19.09,100,0
CELC.US,5,20211101,160000,19.1124,19.27,19.1124,19.2375,500,0
CELC.US,5,20211101,163000,19.6889,19.6889,19.6889,19.6889,250,0
CELC.US,5,20211101,164500,19.49,19.49,19.17,19.43,2600,0
CELC.US,5,20211101,165000,18.51,18.51,18.51,18.51,250,0
CELC.US,5,20211101,172000,19.1375,19.1375,19.1375,19.1375,100,0
CELC.US,5,20211101,172500,19.13,19.13,19.13,19.13,100,0
CELC.US,5,20211101,175000,19.24,19.24,19.24,19.24,100,0
CELC.US,5,20211101,192500,19.1373,19.195,19.1373,19.195,300,0
CELC.US,5,20211101,193000,19.0599,19.195,19.0599,19.195,690,0
CELC.US,5,20211101,194000,19.2,19.2,19.2,19.2,100,0
CELC.US,5,20211101,200500,19.31,19.33,19.31,19.33,300,0
CELC.US,5,20211101,201000,19.12,19.12,19.12,19.12,100,0
CELC.US,5,20211101,202000,19.26,19.26,19.26,19.26,100,0
CELC.US,5,20211101,205000,19.23,19.23,19.23,19.23,522,0
CELC.US,5,20211101,205500,19.29,19.33,19.11,19.33,3028,0
CELC.US,5,20211102,150500,19.1652,19.1652,19.1652,19.1652,1000,0
CELC.US,5,20211102,153000,19.27,19.27,19.18,19.18,200,0
CELC.US,5,20211102,153500,19.1,19.1,18.88,18.99,985,0
CELC.US,5,20211102,155500,18.88,18.88,18.88,18.88,100,0
CELC.US,5,20211102,164000,18.66,18.66,18.66,18.66,100,0
CELC.US,5,20211102,173500,18.71,18.71,18.71,18.71,100,0
CELC.US,5,20211102,184500,18.69,18.69,18.69,18.69,100,0
CELC.US,5,20211102,190000,18.57,18.57,18.57,18.57,100,0
CELC.US,5,20211102,190500,18.51,18.51,18.46,18.46,400,0
CELC.US,5,20211102,191000,18.5776,18.5776,18.5776,18.5776,134,0
CELC.US,5,20211102,192500,18.74,18.74,18.74,18.74,100,0
CELC.US,5,20211102,194000,18.71,18.845,18.71,18.845,300,0
CELC.US,5,20211102,195000,18.9,18.9,18.9,18.9,100,0
CELC.US,5,20211102,201000,19.04,19.04,19.04,19.04,100,0
CELC.US,5,20211102,202500,19.16,19.16,19.16,19.16,100,0
CELC.US,5,20211102,203000,18.76,18.76,18.76,18.76,100,0
CELC.US,5,20211102,204500,19.18,19.18,19.18,19.18,110,0
CELC.US,5,20211102,205500,19.04,19.14,18.97,19.14,2304,0
CELC.US,5,20211103,143000,19.06,19.06,19.06,19.06,127,0
CELC.US,5,20211103,143500,19.218,19.218,19.218,19.218,279,0
CELC.US,5,20211103,152000,19.69,19.69,19.69,19.69,100,0
CELC.US,5,20211103,154500,19.67,19.75,19.67,19.75,637,0
CELC.US,5,20211103,155000,19.67,19.67,19.67,19.67,100,0
CELC.US,5,20211103,160500,19.57,19.57,19.57,19.57,100,0
CELC.US,5,20211103,162500,19.26,19.26,19.26,19.26,984,0
CELC.US,5,20211103,170000,19.38,19.38,19.38,19.38,100,0
CELC.US,5,20211103,172000,19.25,19.25,19.25,19.25,100,0
CELC.US,5,20211103,174000,19.25,19.25,19.25,19.25,100,0
CELC.US,5,20211103,184000,19.04,19.04,19.04,19.04,100,0
CELC.US,5,20211103,192000,19.28,19.28,19.28,19.28,100,0
CELC.US,5,20211103,193500,19.43,19.43,19.43,19.43,100,0
CELC.US,5,20211103,194000,19.54,19.54,19.54,19.54,100,0
CELC.US,5,20211103,194500,19.55,19.72,19.55,19.72,669,0
CELC.US,5,20211103,200000,19.59,19.59,19.59,19.59,100,0
CELC.US,5,20211103,205500,19.33,19.61,19.2,19.35,3784,0
CELC.US,5,20211104,143000,19.39,19.39,19.01,19.01,319,0
CELC.US,5,20211104,153500,19.18,19.18,19.18,19.18,100,0
CELC.US,5,20211104,154500,19.21,19.21,18.85,18.85,300,0
CELC.US,5,20211104,155500,19.135,19.135,19.135,19.135,241,0
CELC.US,5,20211104,161000,19.19,19.19,19.19,19.19,100,0
CELC.US,5,20211104,164000,18.66,18.66,18.53,18.53,238,0
CELC.US,5,20211104,164500,18.5,18.608,18.5,18.608,234,0
CELC.US,5,20211104,165000,18.61,18.61,18.61,18.61,200,0
CELC.US,5,20211104,165500,18.61,18.7,18.6,18.64,1100,0
CELC.US,5,20211104,170000,18.69,18.7,18.655,18.69,794,0
CELC.US,5,20211104,184000,19.005,19.3,19.005,19.3,200,0
CELC.US,5,20211104,192000,19.1484,19.1484,19.1484,19.1484,200,0
CELC.US,5,20211104,192500,19.02,19.02,18.89,18.89,200,0
CELC.US,5,20211104,195500,19.0356,19.0356,19.0356,19.0356,100,0
CELC.US,5,20211104,201000,19.01,19.01,19,19,266,0
CELC.US,5,20211104,204000,19.05,19.16,18.92,18.92,1437,0
CELC.US,5,20211104,204500,18.86,18.86,18.61,18.62,1792,0
CELC.US,5,20211104,205000,18.6,18.63,18.525,18.63,1061,0
CELC.US,5,20211104,205500,18.98,18.98,18.7,18.85,1536,0
CELC.US,5,20211105,143000,18.95,18.95,18.95,18.95,297,0
CELC.US,5,20211105,143500,18.675,18.675,18.675,18.675,1000,0
CELC.US,5,20211105,151000,18.8371,18.8371,18.8371,18.8371,100,0
CELC.US,5,20211105,154500,18.483,18.483,18.483,18.483,195,0
CELC.US,5,20211105,160000,19.34,19.34,19.34,19.34,500,0
CELC.US,5,20211105,161000,19.16,19.16,19.16,19.16,100,0
CELC.US,5,20211105,161500,19.34,19.34,19.32,19.32,800,0
CELC.US,5,20211105,162000,19.33,19.33,19.33,19.33,400,0
CELC.US,5,20211105,162500,19.42,19.42,19.42,19.42,100,0
CELC.US,5,20211105,163500,19.12,19.12,19.12,19.12,100,0
CELC.US,5,20211105,164500,19.4,19.4,19.4,19.4,100,0
CELC.US,5,20211105,165000,19.72,19.72,19.09,19.09,615,0
CELC.US,5,20211105,170500,19.19,19.19,19.12,19.12,300,0
CELC.US,5,20211105,171000,18.99,18.99,18.99,18.99,200,0
CELC.US,5,20211105,173000,19.28,19.28,19.28,19.28,100,0
CELC.US,5,20211105,174500,18.9,18.9,18.9,18.9,100,0
CELC.US,5,20211105,175500,19.18,19.18,18.9,18.9,559,0
CELC.US,5,20211105,182000,18.65,18.65,18.65,18.65,1111,0
CELC.US,5,20211105,185000,18.86,18.86,18.86,18.86,100,0
CELC.US,5,20211105,190500,18.87,18.89,18.87,18.89,576,0
CELC.US,5,20211105,191500,18.6101,18.67,18.6101,18.65,600,0
CELC.US,5,20211105,194000,19.13,19.13,19.13,19.13,100,0
CELC.US,5,20211105,201000,19.08,19.08,19.08,19.08,100,0
CELC.US,5,20211105,202500,19.13,19.14,19.13,19.14,800,0
CELC.US,5,20211105,203500,18.85,18.91,18.85,18.91,200,0
CELC.US,5,20211105,204500,18.96,18.96,18.8,18.8,760,0
CELC.US,5,20211105,205500,18.76,19.01,18.75,18.94,4904,0
CELC.US,5,20211108,153000,19.19,19.93,19.19,19.93,576,0
CELC.US,5,20211108,160000,19.08,19.08,19.08,19.08,100,0
CELC.US,5,20211108,161000,18.7441,18.7441,18.7441,18.7441,500,0
CELC.US,5,20211108,162500,19,19,19,19,1200,0
CELC.US,5,20211108,172500,18.89,18.89,18.88,18.88,300,0
CELC.US,5,20211108,175000,18.99,18.99,18.76,18.76,200,0
CELC.US,5,20211108,182500,18.94,18.94,18.94,18.94,100,0
CELC.US,5,20211108,190000,18.85,18.85,18.72,18.72,1313,0
CELC.US,5,20211108,190500,18.68,18.68,18.68,18.68,200,0
CELC.US,5,20211108,191500,18.7687,18.7687,18.7687,18.7687,100,0
CELC.US,5,20211108,194500,18.66,18.66,18.66,18.66,100,0
CELC.US,5,20211108,195500,18.75,18.75,18.75,18.75,200,0
CELC.US,5,20211108,201000,18.66,18.66,18.64,18.64,599,0
CELC.US,5,20211108,204500,18.725,18.85,18.6,18.6,1250,0
CELC.US,5,20211108,205000,18.6196,18.6196,18.57,18.57,622,0
CELC.US,5,20211108,210500,18.81,18.81,18.81,18.81,100,0
CELC.US,5,20211108,213500,18.83,18.83,18.83,18.83,500,0
CELC.US,5,20211108,214000,18.85,18.85,18.85,18.85,100,0
CELC.US,5,20211108,214500,18.69,18.69,18.69,18.69,200,0
CELC.US,5,20211108,215500,18.71,18.85,18.66,18.85,3279,0
CELC.US,5,20211109,153500,18.927,18.927,18.927,18.927,139,0
CELC.US,5,20211109,155500,18.5,18.5,18.5,18.5,592,0
CELC.US,5,20211109,160500,18.5,18.5,18.5,18.5,105,0
CELC.US,5,20211109,161000,18.48,18.48,18.48,18.48,137,0
CELC.US,5,20211109,162000,18.0903,18.0903,18.0903,18.0903,1000,0
CELC.US,5,20211109,162500,18.57,18.57,18.57,18.57,100,0
CELC.US,5,20211109,170000,18.34,18.34,18.34,18.34,100,0
CELC.US,5,20211109,172000,18.36,18.36,18.36,18.36,100,0
CELC.US,5,20211109,172500,18.1,18.1,18.1,18.1,100,0
CELC.US,5,20211109,181000,18.3516,18.3516,18.3516,18.3516,100,0
CELC.US,5,20211109,183000,18.21,18.22,18.21,18.22,200,0
CELC.US,5,20211109,183500,18.32,18.32,18.23,18.23,200,0
CELC.US,5,20211109,184000,18.31,18.31,18.29,18.29,200,0
CELC.US,5,20211109,190500,18.38,18.38,18.38,18.38,200,0
CELC.US,5,20211109,193500,18.48,18.48,18.48,18.48,100,0
CELC.US,5,20211109,195500,18.2741,18.2741,18.25,18.25,549,0
CELC.US,5,20211109,200000,18.26,18.26,18.26,18.26,100,0
CELC.US,5,20211109,202000,18.26,18.26,17.85,17.85,2101,0
CELC.US,5,20211109,202500,17.6,17.6,17.6,17.6,100,0
CELC.US,5,20211109,203000,17.6,18.14,17.6,18.14,1158,0
CELC.US,5,20211109,203500,17.885,18.09,17.885,18.09,1100,0
CELC.US,5,20211109,204000,17.68,17.68,17.68,17.68,100,0
CELC.US,5,20211109,205500,18.05,18.05,18.05,18.05,200,0
CELC.US,5,20211109,210000,18.01,18.01,18.01,18.01,100,0
CELC.US,5,20211109,212000,17.98,17.99,17.98,17.99,200,0
CELC.US,5,20211109,213000,17.98,17.98,17.98,17.98,100,0
CELC.US,5,20211109,214000,17.92,18.04,17.92,17.99,600,0
CELC.US,5,20211109,215000,17.99,18.05,17.67,17.67,608,0
CELC.US,5,20211109,215500,17.67,18.21,17.67,17.83,2035,0
CELC.US,5,20211110,153500,17.8,17.8247,17.8,17.8247,1799,0
CELC.US,5,20211110,165000,18.1156,18.1156,18.1156,18.1156,350,0
CELC.US,5,20211110,173000,17.89,17.89,17.83,17.83,236,0
CELC.US,5,20211110,175000,17.9,17.9,17.9,17.9,100,0
CELC.US,5,20211110,184500,17.8001,17.8001,17.8001,17.8001,225,0
CELC.US,5,20211110,190000,17.78,17.78,17.78,17.78,100,0
CELC.US,5,20211110,191000,17.62,17.65,17.48,17.55,1567,0
CELC.US,5,20211110,191500,17.4944,17.4944,17.07,17.07,895,0
CELC.US,5,20211110,192500,17.53,17.53,17.53,17.53,150,0
CELC.US,5,20211110,193000,17.2631,17.57,17.24,17.5,1832,0
CELC.US,5,20211110,193500,17.48,17.48,17.48,17.48,400,0
CELC.US,5,20211110,195000,17.5,17.5,17.48,17.48,1368,0
CELC.US,5,20211110,195500,17.11,17.11,17.08,17.08,200,0
CELC.US,5,20211110,201000,17.39,17.39,17.36,17.36,200,0
CELC.US,5,20211110,202500,17.07,17.07,17.07,17.07,100,0
CELC.US,5,20211110,204500,17.38,17.38,17.38,17.38,100,0
CELC.US,5,20211110,210000,17.13,17.2,17.03,17.2,3284,0
CELC.US,5,20211110,211000,17.3,17.3,17.05,17.05,212,0
CELC.US,5,20211110,211500,17.03,17.03,17.03,17.03,100,0
CELC.US,5,20211110,214500,17.37,17.42,17.37,17.42,300,0
CELC.US,5,20211110,215000,17.24,17.65,17.24,17.65,800,0
CELC.US,5,20211110,215500,17.34,17.84,17.34,17.8,3918,0
CELC.US,5,20211111,154000,17.525,17.525,17.525,17.525,500,0
CELC.US,5,20211111,161000,17.5852,17.5852,17.5852,17.5852,403,0
CELC.US,5,20211111,161500,17.905,17.905,17.905,17.905,100,0
CELC.US,5,20211111,163500,17.65,17.6994,17.65,17.6994,200,0
CELC.US,5,20211111,165000,17.72,17.72,17.72,17.72,1000,0
CELC.US,5,20211111,165500,17.74,17.74,17.71,17.71,200,0
CELC.US,5,20211111,185000,17.475,17.475,17.215,17.215,388,0
CELC.US,5,20211111,185500,17.7288,17.7288,17.7288,17.7288,113,0
CELC.US,5,20211111,194000,17.73,17.73,17.73,17.73,100,0
CELC.US,5,20211111,195500,17.73,17.75,17.63,17.63,1063,0
CELC.US,5,20211111,202500,17.675,17.675,17.675,17.675,100,0
CELC.US,5,20211111,205000,17.62,17.74,17.58,17.58,1400,0
CELC.US,5,20211111,205500,17.46,17.46,17.46,17.46,100,0
CELC.US,5,20211111,210500,17.37,17.37,17.37,17.37,100,0
CELC.US,5,20211111,211000,17.5,17.5,17.5,17.5,250,0
CELC.US,5,20211111,212000,17.51,17.51,17.25,17.25,200,0
CELC.US,5,20211111,213000,17.22,17.22,17.22,17.22,100,0
CELC.US,5,20211111,214500,17.46,17.46,17.46,17.46,100,0
CELC.US,5,20211111,215000,17.3,17.33,17.23,17.23,300,0
CELC.US,5,20211111,215500,17.4,17.41,17.25,17.25,1493,0
