<TICKER>,<PER>,<DATE>,<TIME>,<OPEN>,<HIGH>,<LOW>,<CLOSE>,<VOL>,<OPENINT>
DRTT.US,5,20210922,154000,3.205,3.205,3.205,3.205,150,0
DRTT.US,5,20210922,161500,3.22,3.22,3.2157,3.2157,1100,0
DRTT.US,5,20210922,162000,3.23,3.2458,3.23,3.2458,1300,0
DRTT.US,5,20210922,173500,3.23,3.24,3.23,3.24,400,0
DRTT.US,5,20210922,175500,3.2476,3.2476,3.2476,3.2476,1000,0
DRTT.US,5,20210922,180000,3.25,3.25,3.25,3.25,100,0
DRTT.US,5,20210922,181000,3.24,3.24,3.24,3.24,285,0
DRTT.US,5,20210922,181500,3.25,3.27,3.25,3.25,3552,0
DRTT.US,5,20210922,182500,3.2799,3.2799,3.2799,3.2799,150,0
DRTT.US,5,20210922,194500,3.25,3.26,3.25,3.25,1667,0
DRTT.US,5,20210922,201500,3.27,3.27,3.25,3.26,7400,0
DRTT.US,5,20210922,205000,3.2,3.22,3.19,3.2,3900,0
DRTT.US,5,20210922,212000,3.24,3.24,3.23,3.23,200,0
DRTT.US,5,20210922,213000,3.24,3.24,3.24,3.24,200,0
DRTT.US,5,20210922,214500,3.24,3.24,3.23,3.235,700,0
DRTT.US,5,20210922,215000,3.23,3.23,3.23,3.23,200,0
DRTT.US,5,20210922,215500,3.24,3.25,3.22,3.25,1990,0
DRTT.US,5,20210923,153000,3.23,3.23,3.23,3.23,214,0
DRTT.US,5,20210923,153500,3.29,3.29,3.29,3.29,100,0
DRTT.US,5,20210923,154000,3.29,3.29,3.2862,3.2862,300,0
DRTT.US,5,20210923,155000,3.29,3.3,3.29,3.29,4555,0
DRTT.US,5,20210923,160000,3.311,3.311,3.29,3.29,300,0
DRTT.US,5,20210923,161500,3.3177,3.3177,3.3,3.3,400,0
DRTT.US,5,20210923,162000,3.3001,3.3001,3.29,3.29,3000,0
DRTT.US,5,20210923,164000,3.3,3.3,3.3,3.3,300,0
DRTT.US,5,20210923,173000,3.2873,3.2873,3.285,3.285,200,0
DRTT.US,5,20210923,173500,3.29,3.31,3.29,3.29,1000,0
DRTT.US,5,20210923,191000,3.31,3.31,3.26,3.26,3800,0
DRTT.US,5,20210923,191500,3.28,3.28,3.23,3.23,16020,0
DRTT.US,5,20210923,192000,3.2577,3.2799,3.23,3.23,13500,0
DRTT.US,5,20210923,194000,3.26,3.265,3.26,3.265,600,0
DRTT.US,5,20210923,194500,3.28,3.28,3.26,3.26,600,0
DRTT.US,5,20210923,200000,3.2642,3.2642,3.2642,3.2642,100,0
DRTT.US,5,20210923,201000,3.2718,3.2718,3.26,3.26,200,0
DRTT.US,5,20210923,202500,3.2876,3.2899,3.25,3.26,4500,0
DRTT.US,5,20210923,203500,3.25,3.25,3.25,3.25,200,0
DRTT.US,5,20210923,205000,3.236,3.236,3.236,3.236,357,0
DRTT.US,5,20210923,213500,3.24,3.24,3.24,3.24,400,0
DRTT.US,5,20210923,214000,3.25,3.26,3.24,3.26,1300,0
DRTT.US,5,20210923,214500,3.27,3.27,3.2615,3.27,1800,0
DRTT.US,5,20210923,215000,3.27,3.27,3.27,3.27,100,0
DRTT.US,5,20210923,215500,3.26,3.26,3.25,3.25,893,0
DRTT.US,5,20210924,153000,3.15,3.15,3.15,3.15,3383,0
DRTT.US,5,20210924,154000,3.19,3.19,3.19,3.19,600,0
DRTT.US,5,20210924,154500,3.19,3.19,3.19,3.19,100,0
DRTT.US,5,20210924,161500,3.24,3.25,3.24,3.24,1300,0
DRTT.US,5,20210924,171000,3.24,3.2401,3.24,3.24,1950,0
DRTT.US,5,20210924,171500,3.24,3.26,3.24,3.26,300,0
DRTT.US,5,20210924,182000,3.26,3.26,3.26,3.26,100,0
DRTT.US,5,20210924,190000,3.28,3.295,3.28,3.295,500,0
DRTT.US,5,20210924,192000,3.29,3.29,3.26,3.26,5800,0
DRTT.US,5,20210924,195500,3.24,3.24,3.24,3.24,100,0
DRTT.US,5,20210924,201000,3.2399,3.2399,3.23,3.2399,328,0
DRTT.US,5,20210924,202500,3.23,3.24,3.22,3.23,700,0
DRTT.US,5,20210924,210500,3.24,3.25,3.24,3.25,700,0
DRTT.US,5,20210924,213000,3.24,3.25,3.24,3.25,200,0
DRTT.US,5,20210924,215500,3.2585,3.27,3.25,3.25,2060,0
DRTT.US,5,20210927,153000,3.04,3.19,3.04,3.16,33575,0
DRTT.US,5,20210927,153500,3.13,3.13,3.13,3.13,300,0
DRTT.US,5,20210927,154500,3.135,3.17,3.135,3.15,3350,0
DRTT.US,5,20210927,155000,3.14,3.15,3.14,3.15,930,0
DRTT.US,5,20210927,155500,3.115,3.115,3.115,3.115,100,0
DRTT.US,5,20210927,160500,3.1169,3.1199,3.1169,3.1199,3000,0
DRTT.US,5,20210927,161000,3.12,3.15,3.07,3.13,39192,0
DRTT.US,5,20210927,161500,3.11,3.15,3.11,3.15,7500,0
DRTT.US,5,20210927,162000,3.15,3.15,3.15,3.15,100,0
DRTT.US,5,20210927,162500,3.1514,3.1514,3.15,3.15,1551,0
DRTT.US,5,20210927,163500,3.16,3.16,3.16,3.16,100,0
DRTT.US,5,20210927,165000,3.2,3.2,3.18,3.18,600,0
DRTT.US,5,20210927,165500,3.1843,3.1843,3.1843,3.1843,1000,0
DRTT.US,5,20210927,174000,3.1498,3.1498,3.1498,3.1498,100,0
DRTT.US,5,20210927,175000,3.14,3.14,3.14,3.14,200,0
DRTT.US,5,20210927,182000,3.17,3.17,3.17,3.17,200,0
DRTT.US,5,20210927,182500,3.16,3.16,3.16,3.16,100,0
DRTT.US,5,20210927,183000,3.18,3.18,3.18,3.18,171,0
DRTT.US,5,20210927,183500,3.1701,3.1701,3.1701,3.1701,2500,0
DRTT.US,5,20210927,184500,3.185,3.2,3.185,3.2,1700,0
DRTT.US,5,20210927,185000,3.18,3.18,3.18,3.18,200,0
DRTT.US,5,20210927,190000,3.2,3.2,3.2,3.2,100,0
DRTT.US,5,20210927,190500,3.2,3.2,3.2,3.2,300,0
DRTT.US,5,20210927,191500,3.19,3.19,3.19,3.19,300,0
DRTT.US,5,20210927,192500,3.22,3.22,3.22,3.22,100,0
DRTT.US,5,20210927,193000,3.22,3.22,3.2,3.2,200,0
DRTT.US,5,20210927,194500,3.22,3.22,3.22,3.22,300,0
DRTT.US,5,20210927,195500,3.225,3.225,3.21,3.21,2700,0
DRTT.US,5,20210927,200500,3.245,3.245,3.245,3.245,100,0
DRTT.US,5,20210927,203000,3.25,3.25,3.25,3.25,400,0
DRTT.US,5,20210927,203500,3.25,3.25,3.22,3.22,600,0
DRTT.US,5,20210927,204000,3.23,3.23,3.21,3.21,3200,0
DRTT.US,5,20210927,204500,3.21,3.23,3.2,3.2,1100,0
DRTT.US,5,20210927,205000,3.2,3.2,3.18,3.18,600,0
DRTT.US,5,20210927,205500,3.2,3.2,3.2,3.2,100,0
DRTT.US,5,20210927,211000,3.2,3.2,3.19,3.19,1300,0
DRTT.US,5,20210927,211500,3.19,3.19,3.1875,3.1875,700,0
DRTT.US,5,20210927,212500,3.1801,3.22,3.17,3.17,700,0
DRTT.US,5,20210927,213000,3.18,3.18,3.18,3.18,100,0
DRTT.US,5,20210927,214500,3.185,3.19,3.185,3.19,400,0
DRTT.US,5,20210927,215000,3.19,3.19,3.19,3.19,300,0
DRTT.US,5,20210927,215500,3.2,3.21,3.19,3.2,1289,0
DRTT.US,5,20210928,153000,3.23,3.23,3.19,3.198,2609,0
DRTT.US,5,20210928,155000,3.1501,3.1501,3.1501,3.1501,375,0
DRTT.US,5,20210928,161000,3.1601,3.1601,3.1601,3.1601,250,0
DRTT.US,5,20210928,162500,3.166,3.1757,3.13,3.13,2100,0
DRTT.US,5,20210928,164500,3.1328,3.1328,3.1328,3.1328,1000,0
DRTT.US,5,20210928,170000,3.11,3.11,3.11,3.11,200,0
DRTT.US,5,20210928,180000,3.105,3.105,3.105,3.105,100,0
DRTT.US,5,20210928,181000,3.1256,3.1256,3.1256,3.1256,414,0
DRTT.US,5,20210928,190000,3.1,3.1,3.1,3.1,200,0
DRTT.US,5,20210928,194000,3.09,3.09,3.09,3.09,200,0
DRTT.US,5,20210928,194500,3.09,3.09,3.09,3.09,300,0
DRTT.US,5,20210928,195000,3.09,3.095,3.09,3.095,200,0
DRTT.US,5,20210928,195500,3.09,3.09,3.09,3.09,100,0
DRTT.US,5,20210928,200000,3.09,3.09,3.09,3.09,100,0
DRTT.US,5,20210928,200500,3.09,3.09,3.05,3.05,2790,0
DRTT.US,5,20210928,211000,3.0732,3.0837,3.0732,3.0837,550,0
DRTT.US,5,20210928,213000,3.06,3.06,3.06,3.06,500,0
DRTT.US,5,20210928,214000,3.05,3.05,3.05,3.05,100,0
DRTT.US,5,20210928,215000,3.05,3.05,3.04,3.04,800,0
DRTT.US,5,20210928,215500,3.03,3.04,3.02,3.02,900,0
DRTT.US,5,20210929,153000,3.04,3.04,3.04,3.04,151,0
DRTT.US,5,20210929,153500,3.0188,3.0188,3.0188,3.0188,200,0
DRTT.US,5,20210929,162000,3,3,2.9997,2.9998,1000,0
DRTT.US,5,20210929,162500,2.98,2.98,2.98,2.98,100,0
DRTT.US,5,20210929,164500,2.9826,2.9826,2.9826,2.9826,200,0
DRTT.US,5,20210929,165000,3,3.01,3,3.01,501,0
DRTT.US,5,20210929,171000,3.01,3.01,3.01,3.01,2297,0
DRTT.US,5,20210929,174000,3,3,3,3,100,0
DRTT.US,5,20210929,174500,3,3,3,3,200,0
DRTT.US,5,20210929,175000,3.0001,3.0001,3.0001,3.0001,440,0
DRTT.US,5,20210929,180000,3.0166,3.0166,3.0166,3.0166,330,0
DRTT.US,5,20210929,190500,3,3,3,3,5900,0
DRTT.US,5,20210929,191000,3,3,3,3,1000,0
DRTT.US,5,20210929,193500,3,3.01,3,3,1700,0
DRTT.US,5,20210929,195000,2.9901,2.9901,2.9901,2.9901,2000,0
DRTT.US,5,20210929,195500,2.995,3,2.995,3,360,0
DRTT.US,5,20210929,202000,3,3.02,3,3.02,4620,0
DRTT.US,5,20210929,203000,3.02,3.02,3.02,3.02,200,0
DRTT.US,5,20210929,203500,3.02,3.02,3.02,3.02,200,0
DRTT.US,5,20210929,204000,3.03,3.03,3.03,3.03,100,0
DRTT.US,5,20210929,211000,3.02,3.02,3.02,3.02,136,0
DRTT.US,5,20210929,211500,3.03,3.05,3.03,3.05,2000,0
DRTT.US,5,20210929,212000,3.05,3.07,3.05,3.07,3000,0
DRTT.US,5,20210929,213000,3.09,3.09,3.09,3.09,500,0
DRTT.US,5,20210929,213500,3.09,3.09,3.08,3.08,300,0
DRTT.US,5,20210929,214500,3.06,3.07,3.06,3.07,5754,0
DRTT.US,5,20210929,215000,3.08,3.08,3.08,3.08,300,0
DRTT.US,5,20210929,215500,3.07,3.07,3.07,3.07,246,0
DRTT.US,5,20210930,153000,3.09,3.09,3.06,3.0822,411,0
DRTT.US,5,20210930,154000,3.0861,3.0861,3.0861,3.0861,1000,0
DRTT.US,5,20210930,170000,3.085,3.085,3.085,3.085,100,0
DRTT.US,5,20210930,173500,3.08,3.085,3.07,3.07,10300,0
DRTT.US,5,20210930,174000,3.07,3.07,3.07,3.07,3200,0
DRTT.US,5,20210930,175000,3.07,3.07,3.07,3.07,300,0
DRTT.US,5,20210930,183500,3.0712,3.0712,3.07,3.07,700,0
DRTT.US,5,20210930,185500,3.07,3.07,3.07,3.07,700,0
DRTT.US,5,20210930,194000,3.09,3.09,3.07,3.07,1600,0
DRTT.US,5,20210930,201000,3.09,3.09,3.09,3.09,500,0
DRTT.US,5,20210930,202500,3.08,3.08,3.06,3.06,1000,0
DRTT.US,5,20210930,204000,3.06,3.06,3.06,3.06,800,0
DRTT.US,5,20210930,204500,3.0571,3.0571,3.0571,3.0571,300,0
DRTT.US,5,20210930,210000,3.0499,3.0499,3.0499,3.0499,200,0
DRTT.US,5,20210930,211500,3.04,3.08,3.04,3.07,2400,0
DRTT.US,5,20210930,212000,3.075,3.075,3.07,3.075,300,0
DRTT.US,5,20210930,212500,3.1,3.1,3.1,3.1,100,0
DRTT.US,5,20210930,215500,3.09,3.1,3.09,3.1,5710,0
DRTT.US,5,20211001,153000,3.12,3.12,3.11,3.11,300,0
DRTT.US,5,20211001,153500,3.08,3.08,3.08,3.08,200,0
DRTT.US,5,20211001,160000,3.08,3.08,3.08,3.08,100,0
DRTT.US,5,20211001,180500,3.11,3.1199,3.08,3.09,1600,0
DRTT.US,5,20211001,181000,3.12,3.12,3.12,3.12,100,0
DRTT.US,5,20211001,181500,3.13,3.13,3.09,3.1,600,0
DRTT.US,5,20211001,182000,3.1,3.14,3.1,3.11,300,0
DRTT.US,5,20211001,182500,3.16,3.16,3.13,3.13,1380,0
DRTT.US,5,20211001,183000,3.13,3.14,3.12,3.12,366,0
DRTT.US,5,20211001,183500,3.16,3.16,3.145,3.145,200,0
DRTT.US,5,20211001,184000,3.14,3.17,3.14,3.17,717,0
DRTT.US,5,20211001,184500,3.17,3.18,3.165,3.165,300,0
DRTT.US,5,20211001,185000,3.18,3.19,3.18,3.19,300,0
DRTT.US,5,20211001,185500,3.19,3.2,3.19,3.2,300,0
DRTT.US,5,20211001,190000,3.2,3.2,3.2,3.2,200,0
DRTT.US,5,20211001,190500,3.2,3.2,3.2,3.2,100,0
DRTT.US,5,20211001,191000,3.22,3.24,3.22,3.24,200,0
DRTT.US,5,20211001,191500,3.24,3.24,3.21,3.24,300,0
DRTT.US,5,20211001,192000,3.23,3.24,3.21,3.21,300,0
DRTT.US,5,20211001,192500,3.225,3.225,3.13,3.13,15651,0
DRTT.US,5,20211001,193000,3.1519,3.17,3.12,3.17,1550,0
DRTT.US,5,20211001,195000,3.15,3.15,3.15,3.15,320,0
DRTT.US,5,20211001,195500,3.1612,3.1612,3.1612,3.1612,100,0
DRTT.US,5,20211001,200000,3.1699,3.1699,3.1699,3.1699,100,0
DRTT.US,5,20211001,211500,3.13,3.13,3.13,3.13,1500,0
DRTT.US,5,20211001,212000,3.11,3.11,3.11,3.11,600,0
DRTT.US,5,20211001,213000,3.11,3.11,3.11,3.11,100,0
DRTT.US,5,20211001,215500,3.1,3.1,3.08,3.09,3278,0
DRTT.US,5,20211004,153000,3.08,3.19,3.08,3.131,636,0
DRTT.US,5,20211004,153500,3.13,3.13,3.12,3.12,400,0
DRTT.US,5,20211004,154000,3.07,3.07,3.07,3.07,100,0
DRTT.US,5,20211004,155500,3.0899,3.0899,3.04,3.0499,6400,0
DRTT.US,5,20211004,160000,3.0599,3.06,3.0499,3.0499,2672,0
DRTT.US,5,20211004,160500,3.05,3.05,3.05,3.05,300,0
DRTT.US,5,20211004,161500,3.04,3.05,3.03,3.0499,8364,0
DRTT.US,5,20211004,162500,3.0207,3.0207,3.0207,3.0207,150,0
DRTT.US,5,20211004,163500,3.0201,3.0268,3.01,3.01,4000,0
DRTT.US,5,20211004,164000,3.031,3.031,3.0126,3.0126,5000,0
DRTT.US,5,20211004,164500,3.0017,3.0017,3.0017,3.0017,1000,0
DRTT.US,5,20211004,170000,3.0001,3.0001,3.0001,3.0001,6000,0
DRTT.US,5,20211004,172000,3.01,3.01,3.01,3.01,300,0
DRTT.US,5,20211004,173000,3,3,3,3,100,0
DRTT.US,5,20211004,173500,3,3,3,3,100,0
DRTT.US,5,20211004,174000,2.95,2.98,2.95,2.98,200,0
DRTT.US,5,20211004,175500,2.98,2.98,2.9796,2.9796,800,0
DRTT.US,5,20211004,180000,2.9826,2.9826,2.9826,2.9826,1000,0
DRTT.US,5,20211004,181000,3,3,3,3,200,0
DRTT.US,5,20211004,181500,2.9861,2.9875,2.9861,2.9875,6473,0
DRTT.US,5,20211004,182500,3.01,3.01,3,3,1521,0
DRTT.US,5,20211004,184500,2.98,2.98,2.98,2.98,100,0
DRTT.US,5,20211004,185000,2.98,2.98,2.98,2.98,100,0
DRTT.US,5,20211004,185500,2.995,3.0087,2.98,2.98,3271,0
DRTT.US,5,20211004,190000,2.98,2.98,2.98,2.98,100,0
DRTT.US,5,20211004,190500,2.97,2.98,2.96,2.96,335,0
DRTT.US,5,20211004,191000,2.96,2.96,2.96,2.96,650,0
DRTT.US,5,20211004,195500,2.9737,2.9737,2.9737,2.9737,200,0
DRTT.US,5,20211004,200000,2.9776,2.9776,2.9776,2.9776,100,0
DRTT.US,5,20211004,203000,2.96,2.96,2.96,2.96,100,0
DRTT.US,5,20211004,203500,2.9602,2.9602,2.9602,2.9602,100,0
DRTT.US,5,20211004,210000,2.97,2.97,2.9689,2.9689,300,0
DRTT.US,5,20211004,214500,2.97,2.97,2.97,2.97,100,0
DRTT.US,5,20211004,215500,2.99,2.99,2.97,2.97,200,0
DRTT.US,5,20211005,153000,2.97,2.97,2.97,2.97,104,0
DRTT.US,5,20211005,160000,2.985,2.985,2.985,2.985,500,0
DRTT.US,5,20211005,162000,2.9865,2.9865,2.9865,2.9865,506,0
DRTT.US,5,20211005,163500,2.98,2.98,2.97,2.97,2850,0
DRTT.US,5,20211005,164500,2.94,2.94,2.94,2.94,600,0
DRTT.US,5,20211005,171000,2.951,2.96,2.951,2.96,900,0
DRTT.US,5,20211005,173000,2.96,2.96,2.96,2.96,300,0
DRTT.US,5,20211005,173500,2.96,2.96,2.96,2.96,100,0
DRTT.US,5,20211005,191000,2.955,2.955,2.955,2.955,175,0
DRTT.US,5,20211005,191500,2.97,2.9764,2.965,2.9764,2000,0
DRTT.US,5,20211005,192000,2.98,2.98,2.98,2.98,100,0
DRTT.US,5,20211005,201000,2.97,2.97,2.97,2.97,105,0
DRTT.US,5,20211005,212500,2.97,2.97,2.95,2.95,300,0
DRTT.US,5,20211005,215500,2.95,2.951,2.92,2.92,11932,0
DRTT.US,5,20211006,153000,2.9,2.9,2.895,2.9,1251,0
DRTT.US,5,20211006,153500,2.93,2.94,2.93,2.94,300,0
DRTT.US,5,20211006,154500,2.9573,2.9573,2.9573,2.9573,100,0
DRTT.US,5,20211006,160000,2.93,2.93,2.93,2.93,200,0
DRTT.US,5,20211006,161000,2.895,2.895,2.895,2.895,100,0
DRTT.US,5,20211006,161500,2.89,2.89,2.89,2.89,100,0
DRTT.US,5,20211006,162500,2.9,2.98,2.9,2.98,8800,0
DRTT.US,5,20211006,165000,2.9681,2.9681,2.9681,2.9681,200,0
DRTT.US,5,20211006,171000,2.94,2.95,2.94,2.94,6200,0
DRTT.US,5,20211006,171500,2.94,2.94,2.94,2.94,800,0
DRTT.US,5,20211006,172000,2.9489,2.9489,2.9489,2.9489,750,0
DRTT.US,5,20211006,174500,2.945,2.945,2.945,2.945,200,0
DRTT.US,5,20211006,175000,2.945,2.945,2.945,2.945,100,0
DRTT.US,5,20211006,180500,2.94,2.96,2.94,2.96,3999,0
DRTT.US,5,20211006,181000,2.95,2.95,2.95,2.95,400,0
DRTT.US,5,20211006,191500,2.94,2.94,2.94,2.94,300,0
DRTT.US,5,20211006,192500,2.9,2.9,2.89,2.89,1200,0
DRTT.US,5,20211006,193000,2.9454,2.9454,2.9454,2.9454,315,0
DRTT.US,5,20211006,205000,2.96,2.96,2.96,2.96,1750,0
DRTT.US,5,20211006,205500,2.96,2.96,2.96,2.96,300,0
DRTT.US,5,20211006,211500,2.9443,2.9443,2.9443,2.9443,145,0
DRTT.US,5,20211006,213000,2.95,2.95,2.95,2.95,150,0
DRTT.US,5,20211006,215500,2.959,2.959,2.93,2.94,610,0
DRTT.US,5,20211007,153000,2.93,3.0386,2.91,2.945,6622,0
DRTT.US,5,20211007,153500,3.0155,3.11,3.01,3.11,3542,0
DRTT.US,5,20211007,154000,3.12,3.15,3.12,3.15,1300,0
DRTT.US,5,20211007,154500,3.13,3.13,3.13,3.13,13600,0
DRTT.US,5,20211007,155000,3.135,3.135,3.135,3.135,200,0
DRTT.US,5,20211007,155500,3.135,3.135,3.12,3.12,1198,0
DRTT.US,5,20211007,160000,3.12,3.12,3.12,3.12,1000,0
DRTT.US,5,20211007,161000,3.13,3.13,3.13,3.13,100,0
DRTT.US,5,20211007,161500,3.14,3.15,3.14,3.15,2300,0
DRTT.US,5,20211007,162000,3.15,3.19,3.15,3.19,300,0
DRTT.US,5,20211007,162500,3.2,3.2,3.2,3.2,3088,0
DRTT.US,5,20211007,163000,3.21,3.21,3.19,3.19,5139,0
DRTT.US,5,20211007,163500,3.171,3.171,3.17,3.17,900,0
DRTT.US,5,20211007,164500,3.16,3.18,3.16,3.18,600,0
DRTT.US,5,20211007,170000,3.165,3.165,3.165,3.165,100,0
DRTT.US,5,20211007,170500,3.17,3.17,3.17,3.17,150,0
DRTT.US,5,20211007,171500,3.21,3.21,3.205,3.205,700,0
DRTT.US,5,20211007,172000,3.21,3.21,3.205,3.21,2900,0
DRTT.US,5,20211007,172500,3.202,3.202,3.202,3.202,500,0
DRTT.US,5,20211007,175000,3.18,3.18,3.18,3.18,100,0
DRTT.US,5,20211007,181000,3.14,3.1452,3.14,3.14,600,0
DRTT.US,5,20211007,185000,3.13,3.13,3.13,3.13,100,0
DRTT.US,5,20211007,191500,3.12,3.12,3.11,3.11,2800,0
DRTT.US,5,20211007,192000,3.12,3.12,3.12,3.12,100,0
DRTT.US,5,20211007,192500,3.14,3.19,3.14,3.19,400,0
DRTT.US,5,20211007,194000,3.19,3.19,3.19,3.19,100,0
DRTT.US,5,20211007,195000,3.18,3.18,3.18,3.18,100,0
DRTT.US,5,20211007,202000,3.18,3.18,3.17,3.17,300,0
DRTT.US,5,20211007,204000,3.1718,3.1718,3.17,3.17,2825,0
DRTT.US,5,20211007,204500,3.18,3.2,3.17,3.2,2169,0
DRTT.US,5,20211007,211500,3.2,3.2,3.18,3.18,1380,0
DRTT.US,5,20211007,212500,3.195,3.195,3.195,3.195,100,0
DRTT.US,5,20211007,213000,3.2,3.2,3.2,3.2,900,0
DRTT.US,5,20211007,213500,3.2,3.211,3.2,3.21,1373,0
DRTT.US,5,20211007,214000,3.2,3.2,3.19,3.19,4352,0
DRTT.US,5,20211007,214500,3.1978,3.1978,3.18,3.18,3515,0
DRTT.US,5,20211007,215000,3.2,3.2,3.2,3.2,100,0
DRTT.US,5,20211007,215500,3.2,3.2,3.19,3.19,600,0
DRTT.US,5,20211008,153000,3.17,3.17,3.17,3.17,108,0
DRTT.US,5,20211008,154000,3.279,3.279,3.23,3.23,200,0
DRTT.US,5,20211008,154500,3.25,3.25,3.25,3.25,100,0
DRTT.US,5,20211008,181500,3.2299,3.2299,3.18,3.18,516,0
DRTT.US,5,20211008,182500,3.17,3.17,3.17,3.17,100,0
DRTT.US,5,20211008,183000,3.2,3.2,3.17,3.17,200,0
DRTT.US,5,20211008,191500,3.2,3.2,3.2,3.2,100,0
DRTT.US,5,20211008,192000,3.1945,3.1945,3.17,3.17,250,0
DRTT.US,5,20211008,193500,3.175,3.175,3.175,3.175,100,0
DRTT.US,5,20211008,195000,3.175,3.175,3.17,3.17,200,0
DRTT.US,5,20211008,210500,3.17,3.17,3.17,3.17,100,0
DRTT.US,5,20211008,212500,3.18,3.18,3.15,3.15,200,0
DRTT.US,5,20211008,213500,3.18,3.18,3.18,3.18,100,0
DRTT.US,5,20211008,214000,3.18,3.18,3.15,3.15,200,0
DRTT.US,5,20211008,214500,3.17,3.17,3.17,3.17,100,0
DRTT.US,5,20211008,215000,3.17,3.18,3.14,3.17,400,0
DRTT.US,5,20211008,215500,3.14,3.18,3.14,3.18,200,0
DRTT.US,5,20211011,153000,3.15,3.15,3.15,3.15,187,0
DRTT.US,5,20211011,160500,3.15,3.15,3.11,3.11,949,0
DRTT.US,5,20211011,161500,3.13,3.13,3.13,3.13,318,0
DRTT.US,5,20211011,172500,3.1,3.1001,3.1,3.1001,2260,0
DRTT.US,5,20211011,174500,3.09,3.09,3.0852,3.0852,1000,0
DRTT.US,5,20211011,175000,3.063,3.063,3.063,3.063,500,0
DRTT.US,5,20211011,180000,3.06,3.09,3.06,3.06,1300,0
DRTT.US,5,20211011,180500,3.07,3.07,3.07,3.07,269,0
DRTT.US,5,20211011,181500,3.08,3.08,3.07,3.08,700,0
DRTT.US,5,20211011,182500,3.07,3.07,3.07,3.07,500,0
DRTT.US,5,20211011,183000,3.07,3.1,3.07,3.1,5501,0
DRTT.US,5,20211011,184000,3.1,3.1,3.1,3.1,100,0
DRTT.US,5,20211011,184500,3.1,3.1,3.1,3.1,500,0
DRTT.US,5,20211011,185000,3.1,3.1,3.1,3.1,500,0
DRTT.US,5,20211011,185500,3.1,3.1,3.1,3.1,400,0
DRTT.US,5,20211011,190000,3.1,3.1,3.1,3.1,400,0
DRTT.US,5,20211011,190500,3.1,3.1,3.1,3.1,500,0
DRTT.US,5,20211011,191000,3.1,3.1,3.1,3.1,400,0
DRTT.US,5,20211011,191500,3.1,3.1,3.1,3.1,500,0
DRTT.US,5,20211011,192000,3.1,3.1,3.1,3.1,400,0
DRTT.US,5,20211011,192500,3.1,3.1,3.1,3.1,300,0
DRTT.US,5,20211011,193000,3.1,3.1,3.1,3.1,400,0
DRTT.US,5,20211011,193500,3.1,3.1,3.1,3.1,500,0
DRTT.US,5,20211011,194000,3.1,3.1,3.1,3.1,400,0
DRTT.US,5,20211011,194500,3.1,3.1043,3.1,3.1,1000,0
DRTT.US,5,20211011,195000,3.1,3.1,3.1,3.1,500,0
DRTT.US,5,20211011,195500,3.1,3.1,3.1,3.1,400,0
DRTT.US,5,20211011,200000,3.1,3.1,3.1,3.1,500,0
DRTT.US,5,20211011,200500,3.1,3.11,3.1,3.11,300,0
DRTT.US,5,20211011,201000,3.1,3.1,3.1,3.1,300,0
DRTT.US,5,20211011,201500,3.1,3.1,3.1,3.1,200,0
DRTT.US,5,20211011,202000,3.08,3.08,3.07,3.07,200,0
DRTT.US,5,20211011,202500,3.07,3.1,3.07,3.1,300,0
DRTT.US,5,20211011,203000,3.07,3.07,3.07,3.07,300,0
DRTT.US,5,20211011,203500,3.07,3.07,3.07,3.07,200,0
DRTT.US,5,20211011,204000,3.07,3.07,3.07,3.07,300,0
DRTT.US,5,20211011,204500,3.07,3.07,3.07,3.07,300,0
DRTT.US,5,20211011,205000,3.07,3.07,3.07,3.07,300,0
DRTT.US,5,20211011,205500,3.07,3.07,3.07,3.07,400,0
DRTT.US,5,20211011,210000,3.07,3.07,3.07,3.07,300,0
DRTT.US,5,20211011,210500,3.09,3.09,3.09,3.09,300,0
DRTT.US,5,20211011,211000,3.09,3.09,3.09,3.09,400,0
DRTT.US,5,20211011,211500,3.09,3.13,3.09,3.13,7381,0
DRTT.US,5,20211011,212500,3.13,3.1399,3.13,3.13,4900,0
DRTT.US,5,20211011,213000,3.13,3.13,3.13,3.13,500,0
DRTT.US,5,20211011,213500,3.13,3.13,3.13,3.13,800,0
DRTT.US,5,20211011,214000,3.13,3.1302,3.13,3.13,8564,0
DRTT.US,5,20211011,214500,3.13,3.13,3.13,3.13,600,0
DRTT.US,5,20211011,215000,3.11,3.11,3.08,3.08,400,0
DRTT.US,5,20211011,215500,3.08,3.1,3.06,3.1,3270,0
DRTT.US,5,20211012,153000,3.05,3.05,3.05,3.05,900,0
DRTT.US,5,20211012,154000,3.14,3.23,3.13,3.19,8998,0
DRTT.US,5,20211012,154500,3.2001,3.24,3.2,3.24,1200,0
DRTT.US,5,20211012,161500,3.2299,3.2299,3.2,3.2,900,0
DRTT.US,5,20211012,162000,3.2101,3.23,3.21,3.23,1400,0
DRTT.US,5,20211012,162500,3.23,3.23,3.21,3.21,1400,0
DRTT.US,5,20211012,163000,3.23,3.23,3.23,3.23,100,0
DRTT.US,5,20211012,163500,3.23,3.23,3.23,3.23,100,0
DRTT.US,5,20211012,164000,3.23,3.2697,3.21,3.23,9527,0
DRTT.US,5,20211012,164500,3.27,3.27,3.26,3.26,800,0
DRTT.US,5,20211012,165000,3.28,3.29,3.28,3.29,400,0
DRTT.US,5,20211012,165500,3.28,3.28,3.2,3.21,12707,0
DRTT.US,5,20211012,170000,3.2035,3.2035,3.2,3.2,300,0
DRTT.US,5,20211012,170500,3.18,3.21,3.18,3.19,400,0
DRTT.US,5,20211012,171000,3.205,3.205,3.205,3.205,100,0
DRTT.US,5,20211012,171500,3.202,3.2101,3.202,3.2101,256,0
DRTT.US,5,20211012,172000,3.2,3.2,3.2,3.2,300,0
DRTT.US,5,20211012,172500,3.22,3.22,3.22,3.22,300,0
DRTT.US,5,20211012,173000,3.2,3.2145,3.2,3.2145,700,0
DRTT.US,5,20211012,174000,3.1835,3.1835,3.18,3.18,300,0
DRTT.US,5,20211012,174500,3.1835,3.1835,3.17,3.17,300,0
DRTT.US,5,20211012,175500,3.16,3.16,3.16,3.16,300,0
DRTT.US,5,20211012,180000,3.161,3.161,3.13,3.13,5000,0
DRTT.US,5,20211012,180500,3.13,3.14,3.13,3.13,300,0
DRTT.US,5,20211012,181500,3.13,3.14,3.13,3.13,300,0
DRTT.US,5,20211012,182000,3.12,3.13,3.12,3.13,300,0
DRTT.US,5,20211012,182500,3.14,3.14,3.14,3.14,100,0
DRTT.US,5,20211012,183000,3.1335,3.1335,3.13,3.13,200,0
DRTT.US,5,20211012,184000,3.15,3.15,3.13,3.1477,850,0
DRTT.US,5,20211012,185000,3.1335,3.1335,3.13,3.13,200,0
DRTT.US,5,20211012,185500,3.1499,3.1499,3.12,3.12,7800,0
DRTT.US,5,20211012,190000,3.12,3.12,3.12,3.12,100,0
DRTT.US,5,20211012,190500,3.12,3.12,3.12,3.12,600,0
DRTT.US,5,20211012,191000,3.14,3.14,3.14,3.14,200,0
DRTT.US,5,20211012,191500,3.13,3.13,3.13,3.13,200,0
DRTT.US,5,20211012,192000,3.14,3.14,3.14,3.14,400,0
DRTT.US,5,20211012,192500,3.13,3.13,3.13,3.13,200,0
DRTT.US,5,20211012,193000,3.1335,3.1335,3.13,3.13,200,0
DRTT.US,5,20211012,194000,3.13,3.13,3.13,3.13,200,0
DRTT.US,5,20211012,194500,3.14,3.14,3.13,3.13,2000,0
DRTT.US,5,20211012,195000,3.13,3.13,3.13,3.13,300,0
DRTT.US,5,20211012,195500,3.14,3.14,3.13,3.13,300,0
DRTT.US,5,20211012,200000,3.14,3.14,3.14,3.14,200,0
DRTT.US,5,20211012,200500,3.14,3.14,3.12,3.12,300,0
DRTT.US,5,20211012,201500,3.14,3.14,3.12,3.14,400,0
DRTT.US,5,20211012,202000,3.14,3.14,3.14,3.14,100,0
DRTT.US,5,20211012,202500,3.13,3.14,3.13,3.14,500,0
DRTT.US,5,20211012,203000,3.12,3.12,3.12,3.12,183,0
DRTT.US,5,20211012,204000,3.12,3.12,3.12,3.12,100,0
DRTT.US,5,20211012,204500,3.13,3.13,3.13,3.13,100,0
DRTT.US,5,20211012,205000,3.125,3.16,3.122,3.16,2100,0
DRTT.US,5,20211012,205500,3.16,3.16,3.16,3.16,600,0
DRTT.US,5,20211012,210000,3.16,3.16,3.1599,3.1599,900,0
DRTT.US,5,20211012,210500,3.17,3.17,3.17,3.17,100,0
DRTT.US,5,20211012,211500,3.17,3.17,3.17,3.17,100,0
DRTT.US,5,20211012,212000,3.175,3.175,3.175,3.175,200,0
DRTT.US,5,20211012,212500,3.1716,3.175,3.17,3.175,400,0
DRTT.US,5,20211012,213000,3.18,3.18,3.18,3.18,400,0
DRTT.US,5,20211012,213500,3.18,3.18,3.18,3.18,400,0
DRTT.US,5,20211012,214000,3.19,3.19,3.19,3.19,100,0
DRTT.US,5,20211012,214500,3.185,3.19,3.185,3.185,2100,0
DRTT.US,5,20211012,215000,3.18,3.18,3.18,3.18,300,0
DRTT.US,5,20211012,215500,3.19,3.19,3.18,3.19,1250,0
DRTT.US,5,20211013,153000,3.19,3.19,3.19,3.19,175,0
DRTT.US,5,20211013,155000,3.16,3.16,3.16,3.16,100,0
DRTT.US,5,20211013,164000,3.1577,3.1577,3.12,3.12,2694,0
DRTT.US,5,20211013,173500,3.15,3.15,3.13,3.13,2500,0
DRTT.US,5,20211013,182500,3.12,3.12,3.11,3.11,200,0
DRTT.US,5,20211013,203000,3.13,3.13,3.13,3.13,100,0
DRTT.US,5,20211013,205500,3.1395,3.1395,3.1395,3.1395,100,0
DRTT.US,5,20211013,210000,3.13,3.13,3.13,3.13,100,0
DRTT.US,5,20211013,212000,3.12,3.12,3.12,3.12,241,0
DRTT.US,5,20211013,215000,3.12,3.1217,3.11,3.11,3000,0
DRTT.US,5,20211013,215500,3.11,3.12,3.11,3.11,600,0
DRTT.US,5,20211014,153000,3.07,3.2,3.07,3.2,993,0
DRTT.US,5,20211014,153500,3.115,3.115,3.115,3.115,100,0
DRTT.US,5,20211014,160500,3.18,3.19,3.18,3.18,400,0
DRTT.US,5,20211014,161500,3.1999,3.1999,3.18,3.18,740,0
DRTT.US,5,20211014,162000,3.18,3.18,3.18,3.18,400,0
DRTT.US,5,20211014,171500,3.16,3.16,3.16,3.16,500,0
DRTT.US,5,20211014,175000,3.14,3.14,3.14,3.14,100,0
DRTT.US,5,20211014,180000,3.14,3.145,3.11,3.11,3500,0
DRTT.US,5,20211014,181000,3.14,3.15,3.12,3.12,1100,0
DRTT.US,5,20211014,191000,3.06,3.06,3.06,3.06,200,0
DRTT.US,5,20211014,191500,3.06,3.0833,3.06,3.0833,900,0
DRTT.US,5,20211014,203500,3.11,3.11,3.11,3.11,100,0
DRTT.US,5,20211015,153000,3.13,3.13,3.13,3.13,242,0
DRTT.US,5,20211015,155000,3.2272,3.2272,3.18,3.18,1400,0
DRTT.US,5,20211015,155500,3.17,3.17,3.16,3.16,600,0
DRTT.US,5,20211015,160500,3.21,3.21,3.19,3.19,200,0
DRTT.US,5,20211015,162500,3.17,3.17,3.13,3.13,400,0
DRTT.US,5,20211015,164000,3.13,3.13,3.1,3.1,700,0
DRTT.US,5,20211015,164500,3.1002,3.1002,3.1002,3.1002,5599,0
DRTT.US,5,20211015,165000,3.11,3.12,3.1,3.12,8600,0
DRTT.US,5,20211015,180000,3.1,3.1,3.1,3.1,200,0
DRTT.US,5,20211015,180500,3.1,3.1,3.1,3.1,300,0
DRTT.US,5,20211015,181000,3.1,3.1,3.1,3.1,400,0
DRTT.US,5,20211015,182000,3.1,3.16,3.1,3.16,489,0
DRTT.US,5,20211015,182500,3.16,3.17,3.16,3.17,200,0
DRTT.US,5,20211015,183000,3.17,3.21,3.17,3.21,800,0
DRTT.US,5,20211015,183500,3.21,3.24,3.21,3.24,500,0
DRTT.US,5,20211015,184000,3.28,3.28,3.2697,3.2697,200,0
DRTT.US,5,20211015,184500,3.28,3.28,3.28,3.28,300,0
DRTT.US,5,20211015,185000,3.29,3.29,3.29,3.29,200,0
DRTT.US,5,20211015,185500,3.29,3.29,3.29,3.29,200,0
DRTT.US,5,20211015,190000,3.3,3.34,3.3,3.34,200,0
DRTT.US,5,20211015,190500,3.31,3.31,3.31,3.31,200,0
DRTT.US,5,20211015,191000,3.31,3.33,3.31,3.33,606,0
DRTT.US,5,20211015,191500,3.33,3.33,3.27,3.27,800,0
DRTT.US,5,20211015,192000,3.2821,3.2821,3.24,3.24,1100,0
DRTT.US,5,20211015,192500,3.276,3.276,3.26,3.26,700,0
DRTT.US,5,20211015,193000,3.2658,3.2658,3.26,3.26,900,0
DRTT.US,5,20211015,193500,3.29,3.3,3.2818,3.2818,2700,0
DRTT.US,5,20211015,194000,3.2746,3.2746,3.2746,3.2746,500,0
DRTT.US,5,20211015,195500,3.275,3.275,3.275,3.275,200,0
DRTT.US,5,20211015,200000,3.2786,3.2786,3.2786,3.2786,500,0
DRTT.US,5,20211015,200500,3.2691,3.2746,3.2691,3.2746,2000,0
DRTT.US,5,20211015,201000,3.2747,3.2747,3.26,3.2655,3300,0
DRTT.US,5,20211015,211500,3.2572,3.2572,3.2572,3.2572,239,0
DRTT.US,5,20211015,213500,3.24,3.24,3.22,3.22,500,0
DRTT.US,5,20211015,214500,3.21,3.21,3.21,3.21,100,0
DRTT.US,5,20211015,215500,3.22,3.22,3.22,3.22,100,0
DRTT.US,5,20211018,153000,3.22,3.22,3.22,3.22,100,0
DRTT.US,5,20211018,155500,3.1601,3.1605,3.16,3.1605,722,0
DRTT.US,5,20211018,162000,3.1405,3.1405,3.1301,3.1301,458,0
DRTT.US,5,20211018,164000,3.1599,3.1599,3.1599,3.1599,100,0
DRTT.US,5,20211018,165000,3.14,3.14,3.14,3.14,200,0
DRTT.US,5,20211018,170500,3.14,3.1412,3.12,3.12,3110,0
DRTT.US,5,20211018,171500,3.121,3.121,3.11,3.11,3000,0
DRTT.US,5,20211018,172500,3.1399,3.1399,3.1,3.1399,400,0
DRTT.US,5,20211018,173000,3.12,3.1399,3.1,3.1399,617,0
DRTT.US,5,20211018,175000,3.11,3.11,3.1,3.1,400,0
DRTT.US,5,20211018,175500,3.14,3.14,3.11,3.11,300,0
DRTT.US,5,20211018,180500,3.11,3.11,3.11,3.11,100,0
DRTT.US,5,20211018,181000,3.12,3.12,3.12,3.12,100,0
DRTT.US,5,20211018,183500,3.121,3.121,3.1,3.1,2200,0
DRTT.US,5,20211018,184000,3.12,3.12,3.12,3.12,100,0
DRTT.US,5,20211018,185500,3.12,3.12,3.1,3.1,3010,0
DRTT.US,5,20211018,192500,3.0999,3.0999,3.0999,3.0999,4000,0
DRTT.US,5,20211018,193500,3.08,3.08,3.08,3.08,200,0
DRTT.US,5,20211018,195000,3.09,3.09,3.09,3.09,900,0
DRTT.US,5,20211018,201500,3.08,3.08,3.08,3.08,200,0
DRTT.US,5,20211018,203500,3.0801,3.0801,3.06,3.06,4286,0
DRTT.US,5,20211018,205000,3.07,3.07,3.07,3.07,100,0
DRTT.US,5,20211018,205500,3.07,3.07,3.05,3.05,7554,0
DRTT.US,5,20211018,210000,3.04,3.0401,3.04,3.0401,248,0
DRTT.US,5,20211018,211000,3.04,3.04,3.04,3.04,1997,0
DRTT.US,5,20211018,211500,3.04,3.04,3.04,3.04,103,0
DRTT.US,5,20211018,212500,3.07,3.07,3.0663,3.0663,300,0
DRTT.US,5,20211018,213000,3.0672,3.0672,3.0672,3.0672,250,0
DRTT.US,5,20211018,213500,3.08,3.08,3.0763,3.08,3558,0
DRTT.US,5,20211018,215000,3.095,3.1,3.095,3.1,468,0
DRTT.US,5,20211018,215500,3.095,3.095,3.08,3.08,747,0
DRTT.US,5,20211019,165000,3.1699,3.1755,3.15,3.15,1500,0
DRTT.US,5,20211019,172000,3.15,3.15,3.15,3.15,200,0
DRTT.US,5,20211019,174000,3.15,3.15,3.15,3.15,300,0
DRTT.US,5,20211019,180500,3.15,3.15,3.15,3.15,200,0
DRTT.US,5,20211019,190500,3.19,3.19,3.18,3.18,700,0
DRTT.US,5,20211019,193000,3.2024,3.2024,3.2,3.2,600,0
DRTT.US,5,20211019,193500,3.2,3.2,3.19,3.19,1725,0
DRTT.US,5,20211019,194000,3.2,3.2,3.2,3.2,157,0
DRTT.US,5,20211019,195500,3.1801,3.1801,3.1801,3.1801,200,0
DRTT.US,5,20211019,202500,3.18,3.18,3.17,3.17,700,0
DRTT.US,5,20211019,210500,3.165,3.165,3.165,3.165,100,0
DRTT.US,5,20211019,211500,3.1662,3.1662,3.155,3.155,400,0
DRTT.US,5,20211020,153000,3.16,3.16,3.16,3.16,268,0
DRTT.US,5,20211020,154000,3.2,3.2,3.2,3.2,225,0
DRTT.US,5,20211020,161500,3.2,3.2,3.1,3.1,9521,0
DRTT.US,5,20211020,162000,3.15,3.1653,3.15,3.1653,400,0
DRTT.US,5,20211020,162500,3.15,3.15,3.15,3.15,100,0
DRTT.US,5,20211020,163000,3.2,3.2,3.11,3.11,6700,0
DRTT.US,5,20211020,163500,3.1,3.16,3.1,3.15,1400,0
DRTT.US,5,20211020,171000,3.2,3.2,3.2,3.2,108,0
DRTT.US,5,20211020,171500,3.1989,3.1989,3.16,3.16,200,0
DRTT.US,5,20211020,173500,3.165,3.19,3.165,3.19,3740,0
DRTT.US,5,20211020,182000,3.19,3.19,3.19,3.19,100,0
DRTT.US,5,20211020,183000,3.168,3.168,3.168,3.168,125,0
DRTT.US,5,20211020,193500,3.18,3.18,3.18,3.18,592,0
DRTT.US,5,20211020,203500,3.16,3.16,3.16,3.16,200,0
DRTT.US,5,20211020,215000,3.16,3.17,3.16,3.17,200,0
DRTT.US,5,20211020,215500,3.15,3.17,3.15,3.17,1160,0
DRTT.US,5,20211021,153000,3.14,3.14,3.14,3.14,348,0
DRTT.US,5,20211021,165500,3.15,3.15,3.15,3.15,100,0
DRTT.US,5,20211021,170000,3.15,3.15,3.15,3.15,137,0
DRTT.US,5,20211021,180000,3.0702,3.0702,3.0702,3.0702,270,0
DRTT.US,5,20211021,184000,3.0901,3.13,3.0901,3.13,2300,0
DRTT.US,5,20211021,185500,3.1,3.1,3.1,3.1,250,0
DRTT.US,5,20211021,194000,3.0999,3.0999,3.0999,3.0999,800,0
DRTT.US,5,20211021,201500,3.1,3.1,3.1,3.1,100,0
DRTT.US,5,20211021,202000,3.1,3.1,3.1,3.1,100,0
DRTT.US,5,20211021,203000,3.09,3.09,3.09,3.09,100,0
DRTT.US,5,20211021,213000,3.07,3.07,3.07,3.07,390,0
DRTT.US,5,20211021,213500,3.08,3.09,3.07,3.09,1032,0
DRTT.US,5,20211021,214000,3.0899,3.09,3.0899,3.09,600,0
DRTT.US,5,20211021,215500,3.06,3.06,3.06,3.06,152,0
DRTT.US,5,20211022,153000,3.05,3.16,3.05,3.16,300,0
DRTT.US,5,20211022,154000,3.16,3.16,3.16,3.16,200,0
DRTT.US,5,20211022,160000,3.15,3.15,3.15,3.15,200,0
DRTT.US,5,20211022,161000,3.15,3.15,3.15,3.15,100,0
DRTT.US,5,20211022,161500,3.16,3.16,3.16,3.16,200,0
DRTT.US,5,20211022,162500,3.1964,3.1964,3.15,3.15,800,0
DRTT.US,5,20211022,163000,3.2099,3.2099,3.15,3.15,750,0
DRTT.US,5,20211022,163500,3.14,3.14,3.13,3.13,200,0
DRTT.US,5,20211022,165500,3.14,3.18,3.12,3.12,2730,0
DRTT.US,5,20211022,170000,3.17,3.17,3.14,3.14,200,0
DRTT.US,5,20211022,170500,3.14,3.14,3.14,3.14,400,0
DRTT.US,5,20211022,172000,3.15,3.18,3.15,3.18,300,0
DRTT.US,5,20211022,173500,3.17,3.17,3.17,3.17,110,0
DRTT.US,5,20211022,174000,3.18,3.18,3.18,3.18,100,0
DRTT.US,5,20211022,175500,3.1501,3.19,3.15,3.19,1420,0
DRTT.US,5,20211022,193500,3.165,3.165,3.1401,3.1401,325,0
DRTT.US,5,20211022,195500,3.165,3.19,3.12,3.145,5120,0
DRTT.US,5,20211022,200000,3.15,3.15,3.15,3.15,395,0
DRTT.US,5,20211022,202500,3.1369,3.1369,3.1369,3.1369,167,0
DRTT.US,5,20211022,215500,3.12,3.12,3.12,3.12,100,0
DRTT.US,5,20211025,153000,3.1,3.1,3.1,3.1,150,0
DRTT.US,5,20211025,155000,3.1499,3.1499,3.1,3.13,2035,0
DRTT.US,5,20211025,160000,3.15,3.15,3.15,3.15,300,0
DRTT.US,5,20211025,162000,3.1952,3.1952,3.15,3.15,2400,0
DRTT.US,5,20211025,181000,3.07,3.07,3.07,3.07,200,0
DRTT.US,5,20211025,184500,3.07,3.07,3.07,3.07,800,0
DRTT.US,5,20211025,185500,3.08,3.08,3.08,3.08,163,0
DRTT.US,5,20211025,193500,3.0682,3.07,3.0682,3.07,449,0
DRTT.US,5,20211025,211500,3.03,3.0383,3.03,3.0383,700,0
DRTT.US,5,20211025,212000,3.05,3.05,3.05,3.05,1000,0
DRTT.US,5,20211025,212500,3.06,3.08,3.06,3.08,3500,0
DRTT.US,5,20211025,213000,3.07,3.08,3.07,3.08,4900,0
DRTT.US,5,20211025,213500,3.08,3.08,3.08,3.08,2200,0
DRTT.US,5,20211025,214000,3.08,3.1,3.07,3.1,30100,0
DRTT.US,5,20211025,214500,3.1,3.1,3.1,3.1,36400,0
DRTT.US,5,20211025,215000,3.1,3.1,3.1,3.1,800,0
DRTT.US,5,20211025,215500,3.1,3.1,3.1,3.1,2700,0
DRTT.US,5,20211026,153500,3.07,3.12,3.04,3.12,3331,0
DRTT.US,5,20211026,154000,3.1,3.1,3.1,3.1,700,0
DRTT.US,5,20211026,154500,3.1298,3.2,3.07,3.125,13103,0
DRTT.US,5,20211026,155000,3.1,3.11,3.0946,3.0946,10928,0
DRTT.US,5,20211026,155500,3.125,3.125,3.125,3.125,300,0
DRTT.US,5,20211026,160000,3.1,3.125,3.1,3.11,2700,0
DRTT.US,5,20211026,161500,3.09,3.09,3.09,3.09,331,0
DRTT.US,5,20211026,162000,3.09,3.09,3.09,3.09,100,0
DRTT.US,5,20211026,162500,3.09,3.09,3.09,3.09,100,0
DRTT.US,5,20211026,163000,3.09,3.09,3.09,3.09,100,0
DRTT.US,5,20211026,165500,3.09,3.1,3.09,3.1,600,0
DRTT.US,5,20211026,170000,3.09,3.09,3.09,3.09,500,0
DRTT.US,5,20211026,170500,3.1,3.1,3.07,3.095,1000,0
DRTT.US,5,20211026,171000,3.09,3.09,3.084,3.09,1460,0
DRTT.US,5,20211026,171500,3.1,3.1,3.1,3.1,500,0
DRTT.US,5,20211026,173500,3.1,3.1002,3.1,3.1,7065,0
DRTT.US,5,20211026,174000,3.1,3.1,3.1,3.1,1100,0
DRTT.US,5,20211026,174500,3.1,3.1,3.1,3.1,100,0
DRTT.US,5,20211026,180000,3.1,3.1,3.1,3.1,4300,0
DRTT.US,5,20211026,180500,3.1,3.1,3.1,3.1,1200,0
DRTT.US,5,20211026,181000,3.1,3.1,3.1,3.1,6751,0
DRTT.US,5,20211026,181500,3.1,3.1,3.1,3.1,200,0
DRTT.US,5,20211026,182000,3.1,3.1,3.1,3.1,200,0
DRTT.US,5,20211026,182500,3.1,3.1,3.1,3.1,200,0
DRTT.US,5,20211026,183000,3.1,3.1,3.1,3.1,100,0
DRTT.US,5,20211026,183500,3.1,3.1,3.1,3.1,300,0
DRTT.US,5,20211026,184000,3.1,3.1,3.1,3.1,200,0
DRTT.US,5,20211026,184500,3.1,3.1,3.1,3.1,300,0
DRTT.US,5,20211026,185000,3.1,3.1,3.1,3.1,300,0
DRTT.US,5,20211026,185500,3.1,3.1,3.1,3.1,100,0
DRTT.US,5,20211026,190000,3.1,3.1,3.1,3.1,300,0
DRTT.US,5,20211026,190500,3.1,3.1,3.1,3.1,300,0
DRTT.US,5,20211026,191000,3.1,3.1,3.1,3.1,100,0
DRTT.US,5,20211026,191500,3.1,3.1,3.1,3.1,200,0
DRTT.US,5,20211026,192000,3.1,3.1,3.1,3.1,200,0
DRTT.US,5,20211026,193500,3.06,3.06,3.06,3.06,100,0
DRTT.US,5,20211026,194000,3.09,3.09,3.09,3.09,500,0
DRTT.US,5,20211026,194500,3.06,3.06,3.06,3.06,100,0
DRTT.US,5,20211026,195000,3.06,3.06,3.06,3.06,300,0
DRTT.US,5,20211026,195500,3.06,3.06,3.06,3.06,100,0
DRTT.US,5,20211026,200000,3.06,3.06,3.06,3.06,100,0
DRTT.US,5,20211026,200500,3.06,3.06,3.05,3.05,320,0
DRTT.US,5,20211026,201000,3.05,3.0501,3.05,3.05,10196,0
DRTT.US,5,20211026,201500,3.05,3.0583,3.05,3.0583,1099,0
DRTT.US,5,20211026,202000,3.05,3.05,3.05,3.05,100,0
DRTT.US,5,20211026,202500,3.05,3.05,3.05,3.05,300,0
DRTT.US,5,20211026,203000,3.05,3.05,3.05,3.05,100,0
DRTT.US,5,20211026,203500,3.05,3.05,3.05,3.05,200,0
DRTT.US,5,20211026,204000,3.05,3.05,3.05,3.05,400,0
DRTT.US,5,20211026,204500,3.05,3.05,3.05,3.05,100,0
DRTT.US,5,20211026,205500,3.0651,3.0651,3.0588,3.0601,540,0
DRTT.US,5,20211026,210000,3.0616,3.0616,3.0616,3.0616,500,0
DRTT.US,5,20211026,210500,3.05,3.05,3.05,3.05,200,0
DRTT.US,5,20211026,211000,3.05,3.05,3.05,3.05,100,0
DRTT.US,5,20211026,211500,3.05,3.05,3.05,3.05,200,0
DRTT.US,5,20211026,212500,3.05,3.06,3.05,3.05,2600,0
DRTT.US,5,20211026,213000,3.055,3.055,3.055,3.055,200,0
DRTT.US,5,20211026,215000,3.06,3.06,3.06,3.06,200,0
DRTT.US,5,20211026,215500,3.07,3.07,3.07,3.07,500,0
DRTT.US,5,20211027,154000,3.045,3.045,3.045,3.045,200,0
DRTT.US,5,20211027,155000,3.07,3.07,3.07,3.07,100,0
DRTT.US,5,20211027,160500,3.07,3.07,3.056,3.056,200,0
DRTT.US,5,20211027,161000,3.05,3.05,3.05,3.05,100,0
DRTT.US,5,20211027,165500,3.05,3.06,3.05,3.06,200,0
DRTT.US,5,20211027,171500,3.07,3.07,3.07,3.07,250,0
DRTT.US,5,20211027,172500,3.06,3.06,3.06,3.06,500,0
DRTT.US,5,20211027,173000,3.07,3.07,3.07,3.07,100,0
DRTT.US,5,20211027,174500,3.065,3.07,3.065,3.07,200,0
DRTT.US,5,20211027,180500,3.07,3.07,3.07,3.07,500,0
DRTT.US,5,20211027,181000,3.07,3.07,3.07,3.07,100,0
DRTT.US,5,20211027,181500,3.07,3.07,3.07,3.07,900,0
DRTT.US,5,20211027,183000,3.0702,3.0702,3.0702,3.0702,1000,0
DRTT.US,5,20211027,185000,3.09,3.09,3.08,3.08,300,0
DRTT.US,5,20211027,190000,3.08,3.08,3.08,3.08,500,0
DRTT.US,5,20211027,190500,3.0796,3.0796,3.0796,3.0796,500,0
DRTT.US,5,20211027,192500,3.08,3.08,3.08,3.08,400,0
DRTT.US,5,20211027,193500,3.0873,3.0873,3.0873,3.0873,1000,0
DRTT.US,5,20211027,194500,3.08,3.08,3.08,3.08,100,0
DRTT.US,5,20211027,195000,3.08,3.08,3.08,3.08,400,0
DRTT.US,5,20211027,200000,3.08,3.08,3.08,3.08,100,0
DRTT.US,5,20211027,202500,3.0701,3.0701,3.0701,3.0701,400,0
DRTT.US,5,20211027,210000,3.07,3.07,3.06,3.06,200,0
DRTT.US,5,20211027,211500,3.065,3.065,3.05,3.06,662,0
DRTT.US,5,20211027,213000,3.06,3.06,3.055,3.055,700,0
DRTT.US,5,20211027,214500,3.06,3.07,3.06,3.07,1010,0
DRTT.US,5,20211027,215000,3.06,3.06,3.06,3.06,348,0
DRTT.US,5,20211027,215500,3.055,3.07,3.05,3.07,3674,0
DRTT.US,5,20211028,153000,3.14,3.2,3.01,3.01,12206,0
DRTT.US,5,20211028,153500,3.0499,3.0499,3.0445,3.0445,1984,0
DRTT.US,5,20211028,154000,3.0363,3.0363,3.0259,3.0259,1600,0
DRTT.US,5,20211028,154500,3.0499,3.1,3.0499,3.0999,8475,0
DRTT.US,5,20211028,155000,3.1,3.12,3.0999,3.12,1600,0
DRTT.US,5,20211028,155500,3.1199,3.12,3.1,3.12,700,0
DRTT.US,5,20211028,160000,3.11,3.11,3.1,3.1,1100,0
DRTT.US,5,20211028,160500,3.0997,3.1,3.0997,3.1,600,0
DRTT.US,5,20211028,161000,3.1,3.1,3.0985,3.0985,400,0
DRTT.US,5,20211028,161500,3.1199,3.1199,3.0912,3.0912,2367,0
DRTT.US,5,20211028,162000,3.09,3.093,3.09,3.093,700,0
DRTT.US,5,20211028,162500,3.1,3.1,3.1,3.1,500,0
DRTT.US,5,20211028,163000,3.13,3.13,3.13,3.13,300,0
DRTT.US,5,20211028,163500,3.13,3.14,3.1296,3.13,1282,0
DRTT.US,5,20211028,164000,3.13,3.1488,3.1,3.1,1086,0
DRTT.US,5,20211028,164500,3.1,3.1,3.08,3.08,1696,0
DRTT.US,5,20211028,165500,3.1,3.1,3.1,3.1,100,0
DRTT.US,5,20211028,171000,3.15,3.15,3.1,3.11,5600,0
DRTT.US,5,20211028,171500,3.08,3.1,3.08,3.1,300,0
DRTT.US,5,20211028,172000,3.12,3.12,3.12,3.12,100,0
DRTT.US,5,20211028,172500,3.12,3.13,3.1,3.13,1000,0
DRTT.US,5,20211028,173000,3.11,3.14,3.11,3.14,298,0
DRTT.US,5,20211028,174000,3.14,3.15,3.13,3.14,2600,0
DRTT.US,5,20211028,174500,3.14,3.1472,3.13,3.14,1245,0
DRTT.US,5,20211028,175500,3.1351,3.15,3.1351,3.15,500,0
DRTT.US,5,20211028,180000,3.15,3.15,3.14,3.14,900,0
DRTT.US,5,20211028,180500,3.17,3.2,3.17,3.1896,5968,0
DRTT.US,5,20211028,181000,3.17,3.22,3.17,3.19,2994,0
DRTT.US,5,20211028,181500,3.22,3.22,3.19,3.19,1500,0
DRTT.US,5,20211028,183500,3.2253,3.2253,3.21,3.21,1000,0
DRTT.US,5,20211028,184000,3.21,3.21,3.17,3.17,5278,0
DRTT.US,5,20211028,184500,3.2,3.2,3.18,3.185,3718,0
DRTT.US,5,20211028,185000,3.2,3.2,3.2,3.2,300,0
DRTT.US,5,20211028,185500,3.2073,3.2073,3.18,3.195,900,0
DRTT.US,5,20211028,190000,3.187,3.2,3.187,3.1999,1720,0
DRTT.US,5,20211028,191500,3.1915,3.2,3.1915,3.2,400,0
DRTT.US,5,20211028,194000,3.24,3.245,3.23,3.245,2700,0
DRTT.US,5,20211028,195000,3.2799,3.2799,3.23,3.23,8135,0
DRTT.US,5,20211028,195500,3.21,3.2399,3.2,3.2,5550,0
DRTT.US,5,20211028,200000,3.2014,3.218,3.2,3.2,800,0
DRTT.US,5,20211028,200500,3.21,3.22,3.2,3.2,3200,0
DRTT.US,5,20211028,201500,3.21,3.22,3.21,3.2196,859,0
DRTT.US,5,20211028,202000,3.2299,3.23,3.22,3.22,640,0
DRTT.US,5,20211028,203000,3.235,3.24,3.22,3.2295,2000,0
DRTT.US,5,20211028,204000,3.22,3.22,3.18,3.195,3400,0
DRTT.US,5,20211028,210000,3.185,3.1997,3.185,3.1987,500,0
DRTT.US,5,20211028,210500,3.18,3.18,3.18,3.18,200,0
DRTT.US,5,20211028,211000,3.19,3.19,3.19,3.19,500,0
DRTT.US,5,20211028,211500,3.17,3.17,3.17,3.17,100,0
DRTT.US,5,20211028,212000,3.1923,3.1923,3.1923,3.1923,150,0
DRTT.US,5,20211028,213000,3.1732,3.1732,3.17,3.17,600,0
DRTT.US,5,20211028,213500,3.2,3.2,3.17,3.17,400,0
DRTT.US,5,20211028,214000,3.19,3.195,3.19,3.195,299,0
DRTT.US,5,20211028,214500,3.1912,3.2,3.1912,3.195,1100,0
DRTT.US,5,20211028,215000,3.1901,3.2,3.1901,3.2,3392,0
DRTT.US,5,20211028,215500,3.19,3.2,3.17,3.19,2248,0
DRTT.US,5,20211029,153000,3.19,3.19,3.19,3.19,1084,0
DRTT.US,5,20211029,153500,3.19,3.19,3.17,3.17,1358,0
DRTT.US,5,20211029,154000,3.21,3.2364,3.1701,3.18,2366,0
DRTT.US,5,20211029,154500,3.2,3.2,3.2,3.2,100,0
DRTT.US,5,20211029,155000,3.21,3.22,3.21,3.22,200,0
DRTT.US,5,20211029,155500,3.24,3.24,3.24,3.24,100,0
DRTT.US,5,20211029,160000,3.215,3.215,3.215,3.215,154,0
DRTT.US,5,20211029,161000,3.2,3.2,3.2,3.2,100,0
DRTT.US,5,20211029,163500,3.17,3.17,3.14,3.14,2573,0
DRTT.US,5,20211029,164000,3.1672,3.1672,3.14,3.14,2700,0
DRTT.US,5,20211029,164500,3.17,3.17,3.17,3.17,100,0
DRTT.US,5,20211029,165000,3.14,3.18,3.14,3.18,417,0
DRTT.US,5,20211029,165500,3.16,3.18,3.14,3.18,9300,0
DRTT.US,5,20211029,170000,3.185,3.23,3.185,3.23,2500,0
DRTT.US,5,20211029,170500,3.2399,3.2399,3.2399,3.2399,100,0
DRTT.US,5,20211029,171000,3.2396,3.25,3.22,3.22,800,0
DRTT.US,5,20211029,171500,3.2486,3.25,3.22,3.22,1040,0
DRTT.US,5,20211029,172000,3.24,3.25,3.22,3.22,850,0
DRTT.US,5,20211029,172500,3.25,3.25,3.22,3.22,200,0
DRTT.US,5,20211029,173000,3.22,3.22,3.21,3.21,700,0
DRTT.US,5,20211029,173500,3.21,3.21,3.21,3.21,100,0
DRTT.US,5,20211029,174000,3.21,3.21,3.21,3.21,100,0
DRTT.US,5,20211029,174500,3.21,3.21,3.21,3.21,100,0
DRTT.US,5,20211029,175000,3.21,3.22,3.21,3.22,398,0
DRTT.US,5,20211029,175500,3.23,3.23,3.22,3.22,300,0
DRTT.US,5,20211029,180000,3.21,3.21,3.21,3.21,100,0
DRTT.US,5,20211029,180500,3.23,3.23,3.23,3.23,400,0
DRTT.US,5,20211029,181000,3.23,3.23,3.21,3.23,300,0
DRTT.US,5,20211029,181500,3.23,3.23,3.21,3.21,300,0
DRTT.US,5,20211029,182000,3.23,3.23,3.21,3.21,200,0
DRTT.US,5,20211029,182500,3.23,3.24,3.21,3.24,1772,0
DRTT.US,5,20211029,183000,3.24,3.24,3.24,3.24,450,0
DRTT.US,5,20211029,183500,3.24,3.25,3.24,3.24,300,0
DRTT.US,5,20211029,184000,3.24,3.24,3.24,3.24,300,0
DRTT.US,5,20211029,184500,3.24,3.24,3.24,3.24,200,0
DRTT.US,5,20211029,185000,3.2399,3.2399,3.22,3.22,2600,0
DRTT.US,5,20211029,190000,3.24,3.24,3.22,3.22,1005,0
DRTT.US,5,20211029,190500,3.22,3.22,3.22,3.22,500,0
DRTT.US,5,20211029,191500,3.23,3.23,3.2,3.23,300,0
DRTT.US,5,20211029,192000,3.22,3.23,3.22,3.23,200,0
DRTT.US,5,20211029,192500,3.23,3.23,3.23,3.23,500,0
DRTT.US,5,20211029,193000,3.21,3.21,3.21,3.21,100,0
DRTT.US,5,20211029,193500,3.23,3.23,3.23,3.23,300,0
DRTT.US,5,20211029,194000,3.23,3.239,3.2299,3.2324,1400,0
DRTT.US,5,20211029,194500,3.239,3.25,3.22,3.22,6198,0
DRTT.US,5,20211029,202500,3.2399,3.2399,3.22,3.22,439,0
DRTT.US,5,20211029,203500,3.229,3.23,3.229,3.23,310,0
DRTT.US,5,20211029,204000,3.22,3.23,3.21,3.21,1000,0
DRTT.US,5,20211029,205500,3.21,3.22,3.2,3.22,2400,0
DRTT.US,5,20211029,211000,3.2136,3.2136,3.2136,3.2136,102,0
DRTT.US,5,20211029,213500,3.22,3.22,3.22,3.22,890,0
DRTT.US,5,20211029,214000,3.215,3.215,3.215,3.215,100,0
DRTT.US,5,20211029,214500,3.22,3.22,3.22,3.22,203,0
DRTT.US,5,20211029,215500,3.2,3.22,3.2,3.2,848,0
DRTT.US,5,20211101,143000,3.25,3.25,3.17,3.21,2721,0
DRTT.US,5,20211101,143500,3.205,3.205,3.205,3.205,150,0
DRTT.US,5,20211101,144500,3.2,3.2,3.2,3.2,5000,0
DRTT.US,5,20211101,150000,3.2058,3.2058,3.17,3.17,2580,0
DRTT.US,5,20211101,151500,3.1601,3.1606,3.13,3.1301,10400,0
DRTT.US,5,20211101,152000,3.1527,3.1527,3.13,3.13,2700,0
DRTT.US,5,20211101,152500,3.16,3.16,3.13,3.13,4200,0
DRTT.US,5,20211101,153500,3.16,3.16,3.15,3.15,300,0
DRTT.US,5,20211101,154500,3.15,3.15,3.13,3.14,400,0
DRTT.US,5,20211101,155500,3.15,3.15,3.145,3.15,300,0
DRTT.US,5,20211101,160000,3.1422,3.1422,3.13,3.13,2683,0
DRTT.US,5,20211101,160500,3.14,3.14,3.1,3.1,4500,0
DRTT.US,5,20211101,161000,3.1,3.1067,3.09,3.0902,3100,0
DRTT.US,5,20211101,161500,3.1,3.1,3.1,3.1,122,0
DRTT.US,5,20211101,162000,3.09,3.105,3.09,3.105,600,0
DRTT.US,5,20211101,162500,3.105,3.105,3.0919,3.0919,5500,0
DRTT.US,5,20211101,165000,3.1,3.1,3.1,3.1,1700,0
DRTT.US,5,20211101,165500,3.095,3.095,3.095,3.095,199,0
DRTT.US,5,20211101,170000,3.1,3.11,3.1,3.11,300,0
DRTT.US,5,20211101,172000,3.13,3.1355,3.13,3.1355,300,0
DRTT.US,5,20211101,172500,3.15,3.2,3.15,3.16,8537,0
DRTT.US,5,20211101,173000,3.14,3.14,3.14,3.14,300,0
DRTT.US,5,20211101,174000,3.14,3.14,3.14,3.14,100,0
DRTT.US,5,20211101,174500,3.1813,3.1813,3.1813,3.1813,100,0
DRTT.US,5,20211101,175000,3.15,3.17,3.13,3.155,4800,0
DRTT.US,5,20211101,180500,3.18,3.18,3.1792,3.1792,200,0
DRTT.US,5,20211101,181500,3.19,3.19,3.19,3.19,100,0
DRTT.US,5,20211101,182000,3.2,3.21,3.19,3.2,7000,0
DRTT.US,5,20211101,183000,3.18,3.2,3.17,3.18,4000,0
DRTT.US,5,20211101,184500,3.185,3.2,3.185,3.19,10600,0
DRTT.US,5,20211101,185500,3.2,3.205,3.19,3.205,5125,0
DRTT.US,5,20211101,190000,3.205,3.21,3.2,3.2,2900,0
DRTT.US,5,20211101,190500,3.2,3.2,3.195,3.195,1300,0
DRTT.US,5,20211101,192500,3.195,3.195,3.17,3.18,17000,0
DRTT.US,5,20211101,193000,3.18,3.185,3.16,3.17,44600,0
DRTT.US,5,20211101,193500,3.17,3.18,3.15,3.155,57100,0
DRTT.US,5,20211101,194000,3.155,3.155,3.12,3.12,6400,0
DRTT.US,5,20211101,194500,3.135,3.135,3.135,3.135,100,0
DRTT.US,5,20211101,195500,3.1,3.125,3.1,3.12,900,0
DRTT.US,5,20211101,203000,3.14,3.14,3.13,3.13,600,0
DRTT.US,5,20211101,203500,3.137,3.15,3.13,3.15,14206,0
DRTT.US,5,20211101,204000,3.15,3.15,3.149,3.15,21730,0
DRTT.US,5,20211101,204500,3.15,3.15,3.14,3.15,6896,0
DRTT.US,5,20211101,205000,3.15,3.18,3.14,3.17,9861,0
DRTT.US,5,20211101,205500,3.18,3.18,3.15,3.15,26950,0
DRTT.US,5,20211102,143000,3.19,3.195,3.19,3.195,11000,0
DRTT.US,5,20211102,144500,3.16,3.16,3.16,3.16,1267,0
DRTT.US,5,20211102,145000,3.15,3.15,3.1491,3.1491,258,0
DRTT.US,5,20211102,145500,3.14,3.14,3.14,3.14,100,0
DRTT.US,5,20211102,150500,3.1633,3.1633,3.1633,3.1633,100,0
DRTT.US,5,20211102,151000,3.19,3.19,3.19,3.19,100,0
DRTT.US,5,20211102,152000,3.14,3.14,3.14,3.14,100,0
DRTT.US,5,20211102,153500,3.14,3.14,3.14,3.14,900,0
DRTT.US,5,20211102,155000,3.13,3.13,3.13,3.13,950,0
DRTT.US,5,20211102,161000,3.12,3.12,3.11,3.11,2484,0
DRTT.US,5,20211102,162000,3.1,3.1,3.08,3.08,1700,0
DRTT.US,5,20211102,162500,3.06,3.1,3.05,3.1,3222,0
DRTT.US,5,20211102,163500,3.05,3.05,3.05,3.05,100,0
DRTT.US,5,20211102,164000,3.04,3.04,3.04,3.04,400,0
DRTT.US,5,20211102,164500,3.05,3.0501,3.05,3.0501,3000,0
DRTT.US,5,20211102,165000,3.04,3.04,3.04,3.04,350,0
DRTT.US,5,20211102,170000,3.02,3.02,3.01,3.01,800,0
DRTT.US,5,20211102,171000,3.01,3.01,3.01,3.01,1500,0
DRTT.US,5,20211102,171500,3,3.01,2.91,3,26532,0
DRTT.US,5,20211102,172500,3.03,3.05,3.03,3.05,200,0
DRTT.US,5,20211102,173500,3.04,3.04,3.02,3.02,1100,0
DRTT.US,5,20211102,174000,3.035,3.035,3.035,3.035,1800,0
DRTT.US,5,20211102,175000,3.03,3.045,3.03,3.035,2100,0
DRTT.US,5,20211102,180000,3.035,3.035,3.03,3.03,1200,0
DRTT.US,5,20211102,182000,3.06,3.06,3.06,3.06,644,0
DRTT.US,5,20211102,182500,3.065,3.065,3.065,3.065,200,0
DRTT.US,5,20211102,184000,3.05,3.05,3.035,3.035,1800,0
DRTT.US,5,20211102,185000,3.035,3.035,3.03,3.03,1000,0
DRTT.US,5,20211102,190000,3.025,3.025,3.025,3.025,500,0
DRTT.US,5,20211102,190500,3,3.015,3,3.015,1199,0
DRTT.US,5,20211102,191000,3.02,3.02,3.02,3.02,700,0
DRTT.US,5,20211102,191500,3.03,3.03,3.03,3.03,383,0
DRTT.US,5,20211102,192000,3.025,3.04,3.025,3.04,2700,0
DRTT.US,5,20211102,192500,3.05,3.05,3.04,3.04,1200,0
DRTT.US,5,20211102,193000,3.04,3.04,3.03,3.03,1100,0
DRTT.US,5,20211102,193500,3.05,3.05,3.035,3.035,1000,0
DRTT.US,5,20211102,194000,3.0201,3.0201,3.0201,3.0201,1345,0
DRTT.US,5,20211102,194500,3.05,3.05,3.025,3.04,2500,0
DRTT.US,5,20211102,195500,3.045,3.045,3.045,3.045,300,0
DRTT.US,5,20211102,200000,3.03,3.035,3.03,3.03,1100,0
DRTT.US,5,20211102,200500,3.02,3.035,3.02,3.035,900,0
DRTT.US,5,20211102,201500,3.035,3.035,3.03,3.03,6300,0
DRTT.US,5,20211102,202500,3.02,3.02,3.02,3.02,628,0
DRTT.US,5,20211102,203000,3.015,3.015,3.01,3.01,1800,0
DRTT.US,5,20211102,203500,3.01,3.01,3,3,2200,0
DRTT.US,5,20211102,204000,3.01,3.01,3,3,8200,0
DRTT.US,5,20211102,204500,3,3,3,3,900,0
DRTT.US,5,20211102,205000,3,3.015,2.95,2.98,3512,0
DRTT.US,5,20211102,205500,2.98,2.99,2.93,2.98,15964,0
DRTT.US,5,20211103,143000,3.01,3.02,3.01,3.02,2227,0
DRTT.US,5,20211103,144000,2.97,3.01,2.97,2.9941,1900,0
DRTT.US,5,20211103,144500,2.995,2.995,2.995,2.995,3000,0
DRTT.US,5,20211103,150000,3.005,3.005,3.005,3.005,300,0
DRTT.US,5,20211103,150500,2.99,2.99,2.97,2.97,1342,0
DRTT.US,5,20211103,151000,2.98,2.99,2.98,2.99,1300,0
DRTT.US,5,20211103,151500,2.99,2.9933,2.99,2.9933,1250,0
DRTT.US,5,20211103,152500,3,3.01,3,3,3200,0
DRTT.US,5,20211103,153000,3.02,3.0264,3.02,3.0264,300,0
DRTT.US,5,20211103,154500,3.029,3.0399,3.029,3.0399,5100,0
DRTT.US,5,20211103,160000,3.049,3.06,3.03,3.05,2600,0
DRTT.US,5,20211103,160500,3.03,3.03,3.03,3.03,198,0
DRTT.US,5,20211103,161000,3.0392,3.04,3.01,3.01,3400,0
DRTT.US,5,20211103,162000,3,3,3,3,2500,0
DRTT.US,5,20211103,162500,3,3.01,3,3.01,700,0
DRTT.US,5,20211103,165000,3.03,3.03,3.03,3.03,2000,0
DRTT.US,5,20211103,165500,3.0265,3.03,3.0265,3.03,3100,0
DRTT.US,5,20211103,171000,3.036,3.036,3.036,3.036,100,0
DRTT.US,5,20211103,171500,3.03,3.03,3.03,3.03,300,0
DRTT.US,5,20211103,172000,3.02,3.02,3.01,3.02,1042,0
DRTT.US,5,20211103,172500,3.01,3.02,3.01,3.02,2100,0
DRTT.US,5,20211103,173000,3,3.0299,3,3.0299,500,0
DRTT.US,5,20211103,173500,3.01,3.01,3.01,3.01,200,0
DRTT.US,5,20211103,174500,3,3.02,3,3,1200,0
DRTT.US,5,20211103,175000,3.0014,3.0014,3.0014,3.0014,2000,0
DRTT.US,5,20211103,180000,3.02,3.02,3.02,3.02,100,0
DRTT.US,5,20211103,181000,3.01,3.01,3.01,3.01,400,0
DRTT.US,5,20211103,182500,3.01,3.01,3,3,400,0
DRTT.US,5,20211103,183500,3.02,3.02,3,3.01,3000,0
DRTT.US,5,20211103,184000,3.01,3.01,3,3,600,0
DRTT.US,5,20211103,184500,3,3.01,3,3.01,6300,0
DRTT.US,5,20211103,190000,3.02,3.02,3.013,3.02,2373,0
DRTT.US,5,20211103,190500,3.015,3.03,3.015,3.03,2300,0
DRTT.US,5,20211103,192000,3.015,3.015,3.01,3.01,700,0
DRTT.US,5,20211103,192500,3.01,3.01,3.01,3.01,200,0
DRTT.US,5,20211103,193000,3,3.01,3,3.01,400,0
DRTT.US,5,20211103,193500,3.02,3.02,3.02,3.02,1029,0
DRTT.US,5,20211103,195000,3.02,3.025,3.02,3.025,1002,0
DRTT.US,5,20211103,200000,3.025,3.025,3.025,3.025,2800,0
DRTT.US,5,20211103,200500,3.01,3.01,2.99,2.99,2202,0
DRTT.US,5,20211103,201500,2.98,3,2.98,2.99,4000,0
DRTT.US,5,20211103,202000,2.99,2.99,2.99,2.99,400,0
DRTT.US,5,20211103,202500,3,3.01,3,3.005,1600,0
DRTT.US,5,20211103,203000,3.0099,3.0099,2.99,2.99,200,0
DRTT.US,5,20211103,203500,2.99,2.995,2.97,2.995,5600,0
DRTT.US,5,20211103,204000,3,3,2.9999,2.9999,200,0
DRTT.US,5,20211103,204500,2.99,3,2.99,3,2500,0
DRTT.US,5,20211103,205000,3,3.01,3,3,1232,0
DRTT.US,5,20211103,205500,3,3.01,3,3.01,2904,0
DRTT.US,5,20211104,143000,3.02,3.02,2.95,2.95,3218,0
DRTT.US,5,20211104,143500,2.91,2.91,2.87,2.8701,4449,0
DRTT.US,5,20211104,144000,2.87,2.88,2.8216,2.8601,6458,0
DRTT.US,5,20211104,144500,2.8613,2.87,2.83,2.87,3380,0
DRTT.US,5,20211104,145000,2.855,2.855,2.81,2.84,4771,0
DRTT.US,5,20211104,145500,2.8358,2.8589,2.82,2.8589,2395,0
DRTT.US,5,20211104,150000,2.8548,2.8548,2.83,2.83,1250,0
DRTT.US,5,20211104,150500,2.839,2.86,2.77,2.83,41569,0
DRTT.US,5,20211104,151000,2.8,2.8,2.79,2.8,400,0
DRTT.US,5,20211104,151500,2.78,2.7895,2.78,2.78,1355,0
DRTT.US,5,20211104,152000,2.78,2.78,2.75,2.75,4600,0
DRTT.US,5,20211104,152500,2.74,2.74,2.68,2.6942,7460,0
DRTT.US,5,20211104,153000,2.6908,2.6908,2.68,2.69,1700,0
DRTT.US,5,20211104,153500,2.7002,2.7002,2.7002,2.7002,745,0
DRTT.US,5,20211104,154000,2.7028,2.73,2.7,2.7182,4050,0
DRTT.US,5,20211104,154500,2.72,2.73,2.7001,2.7185,2920,0
DRTT.US,5,20211104,155000,2.72,2.72,2.7,2.7,3032,0
DRTT.US,5,20211104,155500,2.73,2.74,2.7152,2.72,7100,0
DRTT.US,5,20211104,160000,2.71,2.715,2.71,2.71,1500,0
DRTT.US,5,20211104,160500,2.72,2.72,2.71,2.7101,1400,0
DRTT.US,5,20211104,161000,2.71,2.71,2.71,2.71,1800,0
DRTT.US,5,20211104,161500,2.715,2.715,2.71,2.7101,1300,0
DRTT.US,5,20211104,162000,2.71,2.71,2.71,2.71,100,0
DRTT.US,5,20211104,162500,2.71,2.72,2.7,2.72,2357,0
DRTT.US,5,20211104,163000,2.71,2.72,2.7094,2.72,1541,0
DRTT.US,5,20211104,164500,2.71,2.71,2.71,2.71,673,0
DRTT.US,5,20211104,165000,2.7199,2.7199,2.65,2.6613,7674,0
DRTT.US,5,20211104,165500,2.67,2.67,2.67,2.67,100,0
DRTT.US,5,20211104,170000,2.65,2.65,2.65,2.65,100,0
DRTT.US,5,20211104,170500,2.66,2.66,2.66,2.66,300,0
DRTT.US,5,20211104,171000,2.66,2.6632,2.6511,2.6632,3000,0
DRTT.US,5,20211104,172000,2.665,2.665,2.665,2.665,2500,0
DRTT.US,5,20211104,172500,2.665,2.6726,2.66,2.6726,800,0
DRTT.US,5,20211104,173000,2.66,2.6699,2.66,2.6699,1513,0
DRTT.US,5,20211104,173500,2.6612,2.6612,2.6612,2.6612,175,0
DRTT.US,5,20211104,174500,2.6699,2.68,2.665,2.68,3980,0
DRTT.US,5,20211104,180500,2.68,2.68,2.66,2.66,3000,0
DRTT.US,5,20211104,181000,2.66,2.6678,2.6501,2.6501,799,0
DRTT.US,5,20211104,181500,2.67,2.68,2.6694,2.67,3781,0
DRTT.US,5,20211104,182000,2.655,2.655,2.655,2.655,100,0
DRTT.US,5,20211104,182500,2.65,2.65,2.62,2.62,13046,0
DRTT.US,5,20211104,183000,2.65,2.65,2.6,2.61,24789,0
DRTT.US,5,20211104,184500,2.61,2.61,2.61,2.61,300,0
DRTT.US,5,20211104,185000,2.61,2.6186,2.6056,2.61,21850,0
DRTT.US,5,20211104,190500,2.61,2.61,2.6,2.6,600,0
DRTT.US,5,20211104,191000,2.6005,2.6005,2.59,2.595,3609,0
DRTT.US,5,20211104,191500,2.59,2.59,2.59,2.59,5958,0
DRTT.US,5,20211104,192000,2.59,2.59,2.51,2.52,22523,0
DRTT.US,5,20211104,192500,2.52,2.52,2.51,2.51,2681,0
DRTT.US,5,20211104,193000,2.5101,2.52,2.5101,2.52,200,0
DRTT.US,5,20211104,194000,2.515,2.54,2.51,2.54,4812,0
DRTT.US,5,20211104,194500,2.55,2.58,2.55,2.58,2300,0
DRTT.US,5,20211104,195500,2.5406,2.5406,2.5406,2.5406,1916,0
DRTT.US,5,20211104,200000,2.55,2.55,2.545,2.55,2802,0
DRTT.US,5,20211104,200500,2.569,2.569,2.569,2.569,100,0
DRTT.US,5,20211104,201000,2.565,2.57,2.565,2.57,825,0
DRTT.US,5,20211104,201500,2.56,2.57,2.55,2.57,1900,0
DRTT.US,5,20211104,202500,2.57,2.58,2.57,2.58,900,0
DRTT.US,5,20211104,203000,2.59,2.61,2.59,2.6,1494,0
DRTT.US,5,20211104,203500,2.59,2.59,2.59,2.59,250,0
DRTT.US,5,20211104,204000,2.575,2.575,2.57,2.57,800,0
DRTT.US,5,20211104,204500,2.575,2.575,2.57,2.575,700,0
DRTT.US,5,20211104,205000,2.58,2.58,2.575,2.575,1066,0
DRTT.US,5,20211104,205500,2.575,2.58,2.57,2.57,11091,0
DRTT.US,5,20211105,143000,2.57,2.57,2.52,2.52,16406,0
DRTT.US,5,20211105,143500,2.525,2.5599,2.525,2.54,11031,0
DRTT.US,5,20211105,144000,2.55,2.57,2.54,2.57,750,0
DRTT.US,5,20211105,144500,2.57,2.5842,2.57,2.5842,1600,0
DRTT.US,5,20211105,145500,2.55,2.56,2.55,2.56,280,0
DRTT.US,5,20211105,151000,2.54,2.54,2.5218,2.5218,1560,0
DRTT.US,5,20211105,151500,2.52,2.52,2.5163,2.5163,600,0
DRTT.US,5,20211105,152000,2.52,2.52,2.52,2.52,300,0
DRTT.US,5,20211105,153000,2.52,2.55,2.515,2.55,4855,0
DRTT.US,5,20211105,153500,2.57,2.57,2.57,2.57,100,0
DRTT.US,5,20211105,154500,2.59,2.59,2.52,2.5222,6749,0
DRTT.US,5,20211105,155000,2.54,2.54,2.51,2.54,15200,0
DRTT.US,5,20211105,155500,2.5469,2.5469,2.535,2.535,2600,0
DRTT.US,5,20211105,160000,2.535,2.54,2.535,2.54,500,0
DRTT.US,5,20211105,160500,2.55,2.55,2.54,2.54,600,0
DRTT.US,5,20211105,161000,2.54,2.54,2.54,2.54,1100,0
DRTT.US,5,20211105,161500,2.54,2.54,2.53,2.53,400,0
DRTT.US,5,20211105,163500,2.553,2.553,2.553,2.553,200,0
DRTT.US,5,20211105,164000,2.56,2.56,2.545,2.56,12700,0
DRTT.US,5,20211105,165500,2.56,2.57,2.56,2.5602,2000,0
DRTT.US,5,20211105,171000,2.59,2.59,2.59,2.59,200,0
DRTT.US,5,20211105,172500,2.6,2.61,2.595,2.61,2655,0
DRTT.US,5,20211105,173000,2.6299,2.6299,2.6299,2.6299,1000,0
DRTT.US,5,20211105,173500,2.6399,2.64,2.63,2.63,900,0
DRTT.US,5,20211105,174000,2.61,2.61,2.61,2.61,200,0
DRTT.US,5,20211105,175000,2.59,2.6199,2.59,2.6199,800,0
DRTT.US,5,20211105,175500,2.61,2.61,2.6,2.6,759,0
DRTT.US,5,20211105,180000,2.6,2.6,2.6,2.6,100,0
DRTT.US,5,20211105,181500,2.597,2.597,2.597,2.597,100,0
DRTT.US,5,20211105,182500,2.58,2.58,2.57,2.575,2400,0
DRTT.US,5,20211105,184000,2.5796,2.5796,2.5796,2.5796,1000,0
DRTT.US,5,20211105,184500,2.5899,2.5899,2.5899,2.5899,1100,0
DRTT.US,5,20211105,190000,2.59,2.59,2.59,2.59,200,0
DRTT.US,5,20211105,190500,2.6,2.6,2.5965,2.6,800,0
DRTT.US,5,20211105,191000,2.605,2.619,2.605,2.619,500,0
DRTT.US,5,20211105,191500,2.605,2.605,2.6,2.6,200,0
DRTT.US,5,20211105,192000,2.6,2.6,2.6,2.6,100,0
DRTT.US,5,20211105,192500,2.6,2.6,2.59,2.59,300,0
DRTT.US,5,20211105,193000,2.6199,2.6199,2.605,2.608,900,0
DRTT.US,5,20211105,193500,2.6,2.6,2.6,2.6,200,0
DRTT.US,5,20211105,194000,2.6,2.6,2.6,2.6,200,0
DRTT.US,5,20211105,194500,2.6,2.6,2.6,2.6,200,0
DRTT.US,5,20211105,195000,2.6,2.6,2.6,2.6,300,0
DRTT.US,5,20211105,195500,2.6,2.6,2.5901,2.6,637,0
DRTT.US,5,20211105,200000,2.609,2.61,2.6,2.6,1936,0
DRTT.US,5,20211105,200500,2.6,2.61,2.6,2.6,1600,0
DRTT.US,5,20211105,201000,2.605,2.605,2.605,2.605,200,0
DRTT.US,5,20211105,201500,2.605,2.605,2.605,2.605,300,0
DRTT.US,5,20211105,202000,2.605,2.61,2.605,2.6097,400,0
DRTT.US,5,20211105,202500,2.62,2.62,2.6,2.6,5800,0
DRTT.US,5,20211105,203000,2.6099,2.6099,2.6,2.6,623,0
DRTT.US,5,20211105,203500,2.6081,2.6081,2.6,2.6,1000,0
DRTT.US,5,20211105,204000,2.6,2.6,2.6,2.6,700,0
DRTT.US,5,20211105,204500,2.63,2.65,2.63,2.64,4882,0
DRTT.US,5,20211105,205000,2.63,2.65,2.63,2.64,4000,0
DRTT.US,5,20211105,205500,2.63,2.64,2.62,2.63,6505,0
DRTT.US,5,20211108,153000,2.63,2.63,2.6,2.6,9362,0
DRTT.US,5,20211108,153500,2.6198,2.6198,2.6,2.6,650,0
DRTT.US,5,20211108,154000,2.6099,2.62,2.6,2.62,6255,0
DRTT.US,5,20211108,154500,2.62,2.62,2.6,2.6,1900,0
DRTT.US,5,20211108,155000,2.62,2.62,2.62,2.62,300,0
DRTT.US,5,20211108,155500,2.65,2.66,2.65,2.66,1500,0
DRTT.US,5,20211108,160000,2.7,2.7,2.67,2.67,800,0
DRTT.US,5,20211108,160500,2.65,2.71,2.65,2.71,7100,0
DRTT.US,5,20211108,161000,2.68,2.68,2.64,2.65,1300,0
DRTT.US,5,20211108,161500,2.64,2.64,2.64,2.64,200,0
DRTT.US,5,20211108,162500,2.64,2.64,2.64,2.64,100,0
DRTT.US,5,20211108,163000,2.64,2.64,2.64,2.64,100,0
DRTT.US,5,20211108,164500,2.64,2.64,2.64,2.64,900,0
DRTT.US,5,20211108,165000,2.625,2.625,2.61,2.61,2306,0
DRTT.US,5,20211108,170000,2.61,2.61,2.61,2.61,100,0
DRTT.US,5,20211108,171000,2.605,2.605,2.605,2.605,100,0
DRTT.US,5,20211108,171500,2.605,2.605,2.605,2.605,100,0
DRTT.US,5,20211108,172000,2.6,2.605,2.6,2.6005,700,0
DRTT.US,5,20211108,172500,2.6,2.6,2.6,2.6,549,0
DRTT.US,5,20211108,173000,2.6,2.64,2.6,2.625,1300,0
DRTT.US,5,20211108,173500,2.6001,2.615,2.6,2.615,12543,0
DRTT.US,5,20211108,174000,2.63,2.63,2.63,2.63,100,0
DRTT.US,5,20211108,174500,2.62,2.62,2.6,2.615,2575,0
DRTT.US,5,20211108,175000,2.6,2.61,2.6,2.61,300,0
DRTT.US,5,20211108,175500,2.6,2.61,2.6,2.61,700,0
DRTT.US,5,20211108,180000,2.6,2.6,2.6,2.6,100,0
DRTT.US,5,20211108,180500,2.6,2.6,2.6,2.6,100,0
DRTT.US,5,20211108,181000,2.6,2.605,2.6,2.605,200,0
DRTT.US,5,20211108,181500,2.605,2.605,2.605,2.605,444,0
DRTT.US,5,20211108,183000,2.605,2.605,2.605,2.605,100,0
DRTT.US,5,20211108,183500,2.6,2.605,2.6,2.605,900,0
DRTT.US,5,20211108,184000,2.6,2.6,2.6,2.6,500,0
DRTT.US,5,20211108,184500,2.6,2.6,2.6,2.6,1600,0
DRTT.US,5,20211108,185000,2.6,2.6,2.6,2.6,300,0
DRTT.US,5,20211108,190500,2.615,2.615,2.615,2.615,100,0
DRTT.US,5,20211108,191000,2.615,2.615,2.615,2.615,760,0
DRTT.US,5,20211108,191500,2.61,2.61,2.61,2.61,100,0
DRTT.US,5,20211108,192000,2.615,2.615,2.615,2.615,100,0
DRTT.US,5,20211108,192500,2.615,2.62,2.615,2.62,200,0
DRTT.US,5,20211108,193500,2.625,2.625,2.625,2.625,100,0
DRTT.US,5,20211108,194000,2.62,2.62,2.6,2.605,1544,0
DRTT.US,5,20211108,195500,2.61,2.6199,2.61,2.6199,773,0
DRTT.US,5,20211108,201500,2.605,2.605,2.605,2.605,100,0
DRTT.US,5,20211108,202000,2.605,2.605,2.6,2.6,600,0
DRTT.US,5,20211108,202500,2.615,2.615,2.615,2.615,100,0
DRTT.US,5,20211108,204000,2.615,2.615,2.615,2.615,100,0
DRTT.US,5,20211108,204500,2.6299,2.6299,2.6299,2.6299,500,0
DRTT.US,5,20211108,205000,2.615,2.62,2.615,2.62,575,0
DRTT.US,5,20211108,210000,2.625,2.625,2.625,2.625,100,0
DRTT.US,5,20211108,210500,2.625,2.625,2.625,2.625,100,0
DRTT.US,5,20211108,211500,2.625,2.625,2.625,2.625,100,0
DRTT.US,5,20211108,212000,2.625,2.625,2.625,2.625,100,0
DRTT.US,5,20211108,213000,2.625,2.625,2.625,2.625,100,0
DRTT.US,5,20211108,213500,2.66,2.66,2.66,2.66,1300,0
DRTT.US,5,20211108,214000,2.66,2.66,2.66,2.66,100,0
DRTT.US,5,20211108,214500,2.6687,2.6687,2.65,2.65,3548,0
DRTT.US,5,20211108,215000,2.6666,2.6666,2.65,2.65,10472,0
DRTT.US,5,20211108,215500,2.66,2.66,2.65,2.66,3726,0
DRTT.US,5,20211109,153000,2.65,2.65,2.65,2.65,1846,0
DRTT.US,5,20211109,153500,2.65,2.66,2.65,2.66,960,0
DRTT.US,5,20211109,154500,2.65,2.65,2.65,2.65,303,0
DRTT.US,5,20211109,155000,2.65,2.65,2.65,2.65,100,0
DRTT.US,5,20211109,155500,2.65,2.66,2.65,2.66,400,0
DRTT.US,5,20211109,160000,2.651,2.651,2.651,2.651,200,0
DRTT.US,5,20211109,160500,2.66,2.66,2.66,2.66,500,0
DRTT.US,5,20211109,161000,2.66,2.66,2.66,2.66,200,0
DRTT.US,5,20211109,161500,2.66,2.66,2.66,2.66,400,0
DRTT.US,5,20211109,162500,2.66,2.66,2.65,2.66,500,0
DRTT.US,5,20211109,163000,2.66,2.66,2.66,2.66,100,0
DRTT.US,5,20211109,163500,2.655,2.66,2.65,2.66,800,0
DRTT.US,5,20211109,164000,2.6504,2.6504,2.6503,2.6503,550,0
DRTT.US,5,20211109,164500,2.65,2.66,2.65,2.66,2400,0
DRTT.US,5,20211109,165000,2.66,2.66,2.64,2.64,1300,0
DRTT.US,5,20211109,165500,2.66,2.66,2.66,2.66,200,0
DRTT.US,5,20211109,170500,2.65,2.66,2.65,2.65,300,0
DRTT.US,5,20211109,172000,2.66,2.66,2.66,2.66,100,0
DRTT.US,5,20211109,172500,2.65,2.65,2.65,2.65,400,0
DRTT.US,5,20211109,173000,2.66,2.66,2.65,2.65,1027,0
DRTT.US,5,20211109,173500,2.65,2.65,2.65,2.65,100,0
DRTT.US,5,20211109,174000,2.66,2.66,2.65,2.65,400,0
DRTT.US,5,20211109,174500,2.66,2.66,2.66,2.66,100,0
DRTT.US,5,20211109,175000,2.65,2.66,2.65,2.66,448,0
DRTT.US,5,20211109,175500,2.66,2.66,2.66,2.66,200,0
DRTT.US,5,20211109,180500,2.66,2.6653,2.65,2.6653,7497,0
DRTT.US,5,20211109,181500,2.66,2.66,2.66,2.66,100,0
DRTT.US,5,20211109,182500,2.6609,2.6609,2.6609,2.6609,174,0
DRTT.US,5,20211109,183500,2.6635,2.6648,2.6601,2.6601,300,0
DRTT.US,5,20211109,184000,2.66,2.66,2.66,2.66,100,0
DRTT.US,5,20211109,191000,2.66,2.66,2.66,2.66,100,0
DRTT.US,5,20211109,191500,2.67,2.67,2.67,2.67,100,0
DRTT.US,5,20211109,192500,2.72,2.72,2.72,2.72,300,0
DRTT.US,5,20211109,193000,2.68,2.7032,2.68,2.7032,400,0
DRTT.US,5,20211109,194000,2.69,2.69,2.69,2.69,100,0
DRTT.US,5,20211109,194500,2.7,2.7,2.7,2.7,100,0
DRTT.US,5,20211109,195500,2.7,2.7,2.7,2.7,1100,0
DRTT.US,5,20211109,200000,2.7,2.7,2.69,2.69,900,0
DRTT.US,5,20211109,202500,2.69,2.69,2.69,2.69,100,0
DRTT.US,5,20211109,205000,2.69,2.69,2.69,2.69,200,0
DRTT.US,5,20211109,210000,2.6836,2.69,2.6836,2.69,290,0
DRTT.US,5,20211109,210500,2.695,2.695,2.695,2.695,100,0
DRTT.US,5,20211109,211500,2.6999,2.7,2.6999,2.7,2023,0
DRTT.US,5,20211109,212500,2.71,2.71,2.69,2.69,9780,0
DRTT.US,5,20211109,213500,2.695,2.695,2.695,2.695,200,0
DRTT.US,5,20211109,214000,2.69,2.74,2.69,2.74,4914,0
DRTT.US,5,20211109,214500,2.73,2.73,2.73,2.73,200,0
DRTT.US,5,20211109,215000,2.73,2.74,2.7,2.74,12800,0
DRTT.US,5,20211109,215500,2.73,2.76,2.72,2.74,26275,0
DRTT.US,5,20211110,153000,2.76,2.76,2.7,2.7,391,0
DRTT.US,5,20211110,153500,2.71,2.71,2.71,2.71,100,0
DRTT.US,5,20211110,154000,2.71,2.71,2.71,2.71,600,0
DRTT.US,5,20211110,154500,2.7165,2.72,2.7165,2.718,1000,0
DRTT.US,5,20211110,155000,2.71,2.71,2.69,2.7,1900,0
DRTT.US,5,20211110,155500,2.7,2.7,2.7,2.7,100,0
DRTT.US,5,20211110,160000,2.7,2.7,2.7,2.7,200,0
DRTT.US,5,20211110,160500,2.7,2.7,2.7,2.7,700,0
DRTT.US,5,20211110,161000,2.7,2.71,2.7,2.71,2200,0
DRTT.US,5,20211110,162000,2.7,2.7,2.7,2.7,100,0
DRTT.US,5,20211110,162500,2.7,2.71,2.69,2.71,1614,0
DRTT.US,5,20211110,163000,2.7,2.7,2.7,2.7,700,0
DRTT.US,5,20211110,164000,2.7,2.7,2.7,2.7,100,0
DRTT.US,5,20211110,165000,2.691,2.691,2.691,2.691,350,0
DRTT.US,5,20211110,165500,2.7099,2.7099,2.7099,2.7099,400,0
DRTT.US,5,20211110,173000,2.7,2.7,2.69,2.7,750,0
DRTT.US,5,20211110,175000,2.7,2.7,2.7,2.7,100,0
DRTT.US,5,20211110,175500,2.7,2.7,2.6748,2.68,1300,0
DRTT.US,5,20211110,181000,2.7,2.7,2.7,2.7,300,0
DRTT.US,5,20211110,182000,2.685,2.685,2.685,2.685,1500,0
DRTT.US,5,20211110,183000,2.6949,2.6949,2.6874,2.6874,5600,0
DRTT.US,5,20211110,185000,2.6817,2.6817,2.6817,2.6817,222,0
DRTT.US,5,20211110,190500,2.68,2.68,2.68,2.68,100,0
DRTT.US,5,20211110,191000,2.67,2.67,2.67,2.67,100,0
DRTT.US,5,20211110,191500,2.67,2.68,2.67,2.68,300,0
DRTT.US,5,20211110,192000,2.69,2.69,2.69,2.69,100,0
DRTT.US,5,20211110,192500,2.69,2.69,2.69,2.69,200,0
DRTT.US,5,20211110,193000,2.69,2.69,2.69,2.69,200,0
DRTT.US,5,20211110,193500,2.69,2.69,2.69,2.69,200,0
DRTT.US,5,20211110,194000,2.69,2.69,2.69,2.69,100,0
DRTT.US,5,20211110,194500,2.68,2.68,2.68,2.68,200,0
DRTT.US,5,20211110,195000,2.68,2.68,2.68,2.68,200,0
DRTT.US,5,20211110,195500,2.68,2.68,2.68,2.68,200,0
DRTT.US,5,20211110,200000,2.69,2.69,2.68,2.68,600,0
DRTT.US,5,20211110,200500,2.68,2.68,2.68,2.68,100,0
DRTT.US,5,20211110,201000,2.68,2.68,2.68,2.68,200,0
DRTT.US,5,20211110,201500,2.68,2.69,2.68,2.69,500,0
DRTT.US,5,20211110,202000,2.68,2.68,2.68,2.68,200,0
DRTT.US,5,20211110,202500,2.68,2.68,2.68,2.68,100,0
DRTT.US,5,20211110,203000,2.68,2.68,2.68,2.68,200,0
DRTT.US,5,20211110,203500,2.68,2.68,2.68,2.68,200,0
DRTT.US,5,20211110,204000,2.68,2.68,2.68,2.68,200,0
DRTT.US,5,20211110,204500,2.68,2.68,2.68,2.68,200,0
DRTT.US,5,20211110,205000,2.68,2.69,2.68,2.69,200,0
DRTT.US,5,20211110,205500,2.69,2.69,2.69,2.69,200,0
DRTT.US,5,20211110,210000,2.69,2.69,2.69,2.69,200,0
DRTT.US,5,20211110,210500,2.69,2.69,2.68,2.68,200,0
DRTT.US,5,20211110,211000,2.69,2.69,2.69,2.69,1100,0
DRTT.US,5,20211110,211500,2.7,2.72,2.7,2.71,2000,0
DRTT.US,5,20211110,212000,2.72,2.72,2.68,2.72,3000,0
DRTT.US,5,20211110,212500,2.71,2.71,2.69,2.69,200,0
DRTT.US,5,20211110,213000,2.68,2.7,2.68,2.7,200,0
DRTT.US,5,20211110,213500,2.68,2.69,2.67,2.68,1400,0
DRTT.US,5,20211110,214000,2.68,2.68,2.66,2.66,600,0
DRTT.US,5,20211110,214500,2.675,2.675,2.67,2.67,200,0
DRTT.US,5,20211110,215000,2.68,2.68,2.66,2.66,1608,0
DRTT.US,5,20211110,215500,2.66,2.69,2.66,2.68,1809,0
DRTT.US,5,20211111,154500,2.6501,2.6501,2.65,2.65,220,0
DRTT.US,5,20211111,155000,2.65,2.65,2.65,2.65,400,0
DRTT.US,5,20211111,155500,2.6203,2.63,2.6203,2.63,200,0
DRTT.US,5,20211111,160000,2.61,2.61,2.61,2.61,105,0
DRTT.US,5,20211111,160500,2.64,2.64,2.64,2.64,100,0
DRTT.US,5,20211111,161500,2.61,2.61,2.61,2.61,1130,0
DRTT.US,5,20211111,162500,2.63,2.64,2.63,2.6399,2130,0
DRTT.US,5,20211111,163000,2.655,2.655,2.645,2.65,600,0
DRTT.US,5,20211111,164500,2.64,2.64,2.64,2.64,1000,0
DRTT.US,5,20211111,165500,2.635,2.635,2.62,2.635,2400,0
DRTT.US,5,20211111,170000,2.65,2.65,2.63,2.63,400,0
DRTT.US,5,20211111,171500,2.63,2.63,2.63,2.63,100,0
DRTT.US,5,20211111,172000,2.63,2.63,2.63,2.63,100,0
DRTT.US,5,20211111,172500,2.65,2.65,2.65,2.65,400,0
DRTT.US,5,20211111,173000,2.65,2.65,2.65,2.65,300,0
DRTT.US,5,20211111,173500,2.64,2.64,2.64,2.64,100,0
DRTT.US,5,20211111,174000,2.64,2.655,2.64,2.655,300,0
DRTT.US,5,20211111,175000,2.64,2.64,2.64,2.64,100,0
DRTT.US,5,20211111,180000,2.63,2.63,2.63,2.63,100,0
DRTT.US,5,20211111,180500,2.63,2.63,2.63,2.63,100,0
DRTT.US,5,20211111,181000,2.63,2.645,2.63,2.645,200,0
DRTT.US,5,20211111,181500,2.645,2.645,2.645,2.645,200,0
DRTT.US,5,20211111,183500,2.63,2.63,2.63,2.63,100,0
DRTT.US,5,20211111,184000,2.63,2.63,2.63,2.63,200,0
DRTT.US,5,20211111,184500,2.63,2.63,2.63,2.63,100,0
DRTT.US,5,20211111,185000,2.63,2.63,2.63,2.63,200,0
DRTT.US,5,20211111,185500,2.6299,2.6299,2.6299,2.6299,400,0
DRTT.US,5,20211111,194500,2.625,2.625,2.625,2.625,500,0
DRTT.US,5,20211111,202000,2.625,2.625,2.61,2.61,7995,0
DRTT.US,5,20211111,202500,2.615,2.615,2.6001,2.6017,5200,0
DRTT.US,5,20211111,203500,2.61,2.61,2.61,2.61,7500,0
DRTT.US,5,20211111,211000,2.6167,2.6167,2.6167,2.6167,500,0
DRTT.US,5,20211111,215000,2.6018,2.6018,2.6018,2.6018,472,0
DRTT.US,5,20211111,215500,2.61,2.61,2.6,2.6,5230,0
