<TICKER>,<PER>,<DATE>,<TIME>,<OPEN>,<HIGH>,<LOW>,<CLOSE>,<VOL>,<OPENINT>
ADC_A.US,5,20210923,154000,25.1499,25.2,25.13,25.2,8522,0
ADC_A.US,5,20210923,154500,25.22,25.22,25.2,25.2,2300,0
ADC_A.US,5,20210923,155000,25.2,25.2,25.2,25.2,500,0
ADC_A.US,5,20210923,155500,25.2,25.24,25.199,25.23,4100,0
ADC_A.US,5,20210923,160000,25.22,25.25,25.22,25.25,5000,0
ADC_A.US,5,20210923,160500,25.25,25.25,25.25,25.25,9475,0
ADC_A.US,5,20210923,161000,25.25,25.25,25.235,25.25,1800,0
ADC_A.US,5,20210923,161500,25.25,25.3,25.235,25.29,1800,0
ADC_A.US,5,20210923,162000,25.29,25.3,25.29,25.3,800,0
ADC_A.US,5,20210923,162500,25.3,25.3,25.29,25.3,1200,0
ADC_A.US,5,20210923,163000,25.29,25.3,25.29,25.29,800,0
ADC_A.US,5,20210923,163500,25.29,25.29,25.29,25.29,800,0
ADC_A.US,5,20210923,164000,25.3,25.3,25.25,25.25,1500,0
ADC_A.US,5,20210923,164500,25.25,25.25,25.25,25.25,720,0
ADC_A.US,5,20210923,165000,25.27,25.27,25.27,25.27,100,0
ADC_A.US,5,20210923,165500,25.27,25.27,25.26,25.27,800,0
ADC_A.US,5,20210923,170000,25.27,25.27,25.24,25.24,2200,0
ADC_A.US,5,20210923,171000,25.23,25.23,25.23,25.23,100,0
ADC_A.US,5,20210923,171500,25.23,25.23,25.22,25.22,700,0
ADC_A.US,5,20210923,172000,25.21,25.21,25.15,25.15,6200,0
ADC_A.US,5,20210923,173000,25.15,25.15,25.15,25.15,49649,0
ADC_A.US,5,20210923,173500,25.11,25.15,25.07,25.15,2400,0
ADC_A.US,5,20210923,174000,25.08,25.15,25.07,25.15,6000,0
ADC_A.US,5,20210923,174500,25.11,25.13,25.11,25.13,1300,0
ADC_A.US,5,20210923,175000,25.13,25.24,25.13,25.23,2200,0
ADC_A.US,5,20210923,175500,25.2499,25.2499,25.22,25.22,700,0
ADC_A.US,5,20210923,180000,25.21,25.23,25.2,25.2,700,0
ADC_A.US,5,20210923,180500,25.2,25.2,25.18,25.19,700,0
ADC_A.US,5,20210923,181000,25.18,25.18,25.18,25.18,600,0
ADC_A.US,5,20210923,181500,25.18,25.18,25.16,25.16,700,0
ADC_A.US,5,20210923,182000,25.16,25.23,25.16,25.2,700,0
ADC_A.US,5,20210923,182500,25.2,25.2,25.2,25.2,600,0
ADC_A.US,5,20210923,183000,25.2,25.21,25.19,25.21,700,0
ADC_A.US,5,20210923,183500,25.21,25.21,25.21,25.21,600,0
ADC_A.US,5,20210923,184000,25.21,25.23,25.21,25.22,600,0
ADC_A.US,5,20210923,184500,25.22,25.22,25.21,25.21,700,0
ADC_A.US,5,20210923,185000,25.21,25.21,25.21,25.21,600,0
ADC_A.US,5,20210923,185500,25.21,25.21,25.2,25.2,700,0
ADC_A.US,5,20210923,190000,25.2,25.24,25.2,25.24,600,0
ADC_A.US,5,20210923,190500,25.24,25.24,25.2,25.22,600,0
ADC_A.US,5,20210923,191000,25.22,25.24,25.22,25.23,800,0
ADC_A.US,5,20210923,191500,25.22,25.24,25.22,25.24,700,0
ADC_A.US,5,20210923,192000,25.24,25.24,25.24,25.24,600,0
ADC_A.US,5,20210923,192500,25.24,25.24,25.24,25.24,700,0
ADC_A.US,5,20210923,193000,25.24,25.24,25.205,25.24,1500,0
ADC_A.US,5,20210923,193500,25.24,25.24,25.205,25.205,1100,0
ADC_A.US,5,20210923,194000,25.24,25.24,25.205,25.24,1000,0
ADC_A.US,5,20210923,194500,25.24,25.24,25.23,25.24,800,0
ADC_A.US,5,20210923,195000,25.24,25.24,25.24,25.24,600,0
ADC_A.US,5,20210923,195500,25.24,25.24,25.2174,25.2174,800,0
ADC_A.US,5,20210923,200500,25.24,25.24,25.215,25.24,600,0
ADC_A.US,5,20210923,201000,25.24,25.24,25.24,25.24,800,0
ADC_A.US,5,20210923,201500,25.24,25.24,25.24,25.24,700,0
ADC_A.US,5,20210923,202000,25.24,25.24,25.24,25.24,800,0
ADC_A.US,5,20210923,202500,25.24,25.24,25.24,25.24,700,0
ADC_A.US,5,20210923,203000,25.24,25.24,25.155,25.19,13900,0
ADC_A.US,5,20210923,203500,25.1901,25.191,25.19,25.19,3944,0
ADC_A.US,5,20210923,204000,25.24,25.24,25.23,25.24,600,0
ADC_A.US,5,20210923,204500,25.24,25.25,25.24,25.25,1200,0
ADC_A.US,5,20210923,205000,25.25,25.25,25.25,25.25,700,0
ADC_A.US,5,20210923,205500,25.25,25.25,25.25,25.25,800,0
ADC_A.US,5,20210923,210000,25.25,25.25,25.24,25.24,2300,0
ADC_A.US,5,20210923,211000,25.245,25.245,25.245,25.245,200,0
ADC_A.US,5,20210923,211500,25.245,25.25,25.245,25.245,14300,0
ADC_A.US,5,20210923,212000,25.25,25.25,25.16,25.16,10600,0
ADC_A.US,5,20210923,212500,25.19,25.19,25.19,25.19,1300,0
ADC_A.US,5,20210923,213000,25.2,25.2,25.19,25.2,500,0
ADC_A.US,5,20210923,213500,25.2,25.23,25.19,25.19,2400,0
ADC_A.US,5,20210923,214000,25.21,25.21,25.21,25.21,1800,0
ADC_A.US,5,20210923,214500,25.21,25.21,25.185,25.2,1300,0
ADC_A.US,5,20210923,215000,25.2,25.25,25.2,25.25,14049,0
ADC_A.US,5,20210923,215500,25.25,25.25,25.21,25.23,11300,0
ADC_A.US,5,20210924,153000,25.19,25.19,25.19,25.19,400,0
ADC_A.US,5,20210924,171000,25.13,25.13,25.13,25.13,1000,0
ADC_A.US,5,20210924,174000,25.13,25.13,25.13,25.13,261,0
ADC_A.US,5,20210924,210000,25.09,25.09,25.09,25.09,600,0
ADC_A.US,5,20210924,211000,25.12,25.12,25.12,25.12,500,0
ADC_A.US,5,20210924,214500,25.1,25.1,25.1,25.1,1001,0
ADC_A.US,5,20210924,215500,25.1,25.1,25.08,25.08,600,0
ADC_A.US,5,20210927,154000,25.06,25.06,25.04,25.05,650,0
ADC_A.US,5,20210927,155000,25.04,25.04,25.04,25.04,400,0
ADC_A.US,5,20210927,155500,25.05,25.05,25.04,25.04,200,0
ADC_A.US,5,20210927,160000,25.05,25.05,25.025,25.05,20100,0
ADC_A.US,5,20210927,160500,25.03,25.05,25.03,25.05,5500,0
ADC_A.US,5,20210927,161000,25.05,25.05,25.03,25.05,4800,0
ADC_A.US,5,20210927,161500,25.05,25.05,25.035,25.05,5500,0
ADC_A.US,5,20210927,162000,25.05,25.09,25.05,25.09,10400,0
ADC_A.US,5,20210927,162500,25.1,25.16,25.1,25.12,8200,0
ADC_A.US,5,20210927,163000,25.12,25.15,25.12,25.15,1000,0
ADC_A.US,5,20210927,163500,25.15,25.15,25.125,25.15,6410,0
ADC_A.US,5,20210927,164000,25.15,25.15,25.14,25.15,2200,0
ADC_A.US,5,20210927,164500,25.15,25.22,25.15,25.22,2000,0
ADC_A.US,5,20210927,165000,25.22,25.26,25.21,25.22,6200,0
ADC_A.US,5,20210927,165500,25.22,25.3,25.215,25.25,2100,0
ADC_A.US,5,20210927,170000,25.215,25.22,25.215,25.215,700,0
ADC_A.US,5,20210927,170500,25.215,25.28,25.215,25.25,800,0
ADC_A.US,5,20210927,171000,25.25,25.25,25.23,25.23,300,0
ADC_A.US,5,20210927,171500,25.24,25.24,25.18,25.18,3062,0
ADC_A.US,5,20210927,172000,25.165,25.18,25.165,25.18,600,0
ADC_A.US,5,20210927,172500,25.15,25.15,25.15,25.15,2100,0
ADC_A.US,5,20210927,173000,25.165,25.165,25.165,25.165,500,0
ADC_A.US,5,20210927,173500,25.18,25.22,25.165,25.185,900,0
ADC_A.US,5,20210927,174000,25.22,25.22,25.185,25.21,1494,0
ADC_A.US,5,20210927,174500,25.15,25.21,25.15,25.15,1400,0
ADC_A.US,5,20210927,175000,25.2,25.2,25.17,25.18,1400,0
ADC_A.US,5,20210927,175500,25.18,25.2,25.18,25.18,900,0
ADC_A.US,5,20210927,180000,25.23,25.23,25.18,25.18,1000,0
ADC_A.US,5,20210927,180500,25.21,25.21,25.18,25.18,1000,0
ADC_A.US,5,20210927,181000,25.22,25.22,25.15,25.15,12040,0
ADC_A.US,5,20210927,181500,25.15,25.15,25.15,25.15,900,0
ADC_A.US,5,20210927,182000,25.13,25.15,25.13,25.14,3400,0
ADC_A.US,5,20210927,182500,25.14,25.15,25.14,25.145,2300,0
ADC_A.US,5,20210927,183000,25.15,25.15,25.14,25.14,3638,0
ADC_A.US,5,20210927,183500,25.145,25.15,25.145,25.15,2825,0
ADC_A.US,5,20210927,184000,25.15,25.15,25.14,25.145,5725,0
ADC_A.US,5,20210927,184500,25.1449,25.145,25.14,25.14,600,0
ADC_A.US,5,20210927,185000,25.14,25.145,25.14,25.14,3900,0
ADC_A.US,5,20210927,185500,25.12,25.14,25.12,25.12,1500,0
ADC_A.US,5,20210927,190000,25.14,25.14,25.14,25.14,200,0
ADC_A.US,5,20210927,190500,25.14,25.14,25.11,25.14,1100,0
ADC_A.US,5,20210927,191000,25.11,25.14,25.11,25.14,800,0
ADC_A.US,5,20210927,191500,25.11,25.14,25.11,25.14,300,0
ADC_A.US,5,20210927,192000,25.14,25.14,25.125,25.14,800,0
ADC_A.US,5,20210927,192500,25.14,25.15,25.125,25.15,1000,0
ADC_A.US,5,20210927,193000,25.15,25.15,25.13,25.15,1100,0
ADC_A.US,5,20210927,193500,25.15,25.17,25.145,25.16,2800,0
ADC_A.US,5,20210927,194000,25.16,25.22,25.15,25.21,4884,0
ADC_A.US,5,20210927,194500,25.21,25.21,25.175,25.21,900,0
ADC_A.US,5,20210927,195000,25.21,25.21,25.15,25.2,1524,0
ADC_A.US,5,20210927,195500,25.2,25.2,25.17,25.2,1100,0
ADC_A.US,5,20210927,200000,25.2,25.2,25.17,25.2,900,0
ADC_A.US,5,20210927,200500,25.2,25.2,25.185,25.2,1900,0
ADC_A.US,5,20210927,201000,25.2,25.22,25.185,25.22,1000,0
ADC_A.US,5,20210927,201500,25.22,25.22,25.2,25.22,1100,0
ADC_A.US,5,20210927,202000,25.22,25.22,25.2,25.22,900,0
ADC_A.US,5,20210927,202500,25.22,25.22,25.2,25.22,1200,0
ADC_A.US,5,20210927,203000,25.22,25.22,25.2,25.22,1000,0
ADC_A.US,5,20210927,203500,25.22,25.22,25.2,25.2,1000,0
ADC_A.US,5,20210927,204000,25.22,25.22,25.2,25.22,1000,0
ADC_A.US,5,20210927,204500,25.22,25.22,25.2,25.22,1200,0
ADC_A.US,5,20210927,205000,25.2,25.22,25.2,25.22,1100,0
ADC_A.US,5,20210927,205500,25.22,25.22,25.2,25.22,1100,0
ADC_A.US,5,20210927,210000,25.22,25.22,25.2,25.22,1000,0
ADC_A.US,5,20210927,210500,25.22,25.22,25.2,25.22,1100,0
ADC_A.US,5,20210927,211000,25.22,25.26,25.22,25.25,1600,0
ADC_A.US,5,20210927,211500,25.26,25.26,25.22,25.22,1400,0
ADC_A.US,5,20210927,212000,25.25,25.25,25.215,25.25,1300,0
ADC_A.US,5,20210927,212500,25.25,25.25,25.23,25.25,1400,0
ADC_A.US,5,20210927,213000,25.25,25.25,25.225,25.24,1300,0
ADC_A.US,5,20210927,213500,25.25,25.25,25.23,25.25,1400,0
ADC_A.US,5,20210927,214000,25.25,25.25,25.23,25.25,1400,0
ADC_A.US,5,20210927,214500,25.25,25.25,25.24,25.25,5500,0
ADC_A.US,5,20210927,215000,25.25,25.29,25.23,25.23,2500,0
ADC_A.US,5,20210927,215500,25.27,25.3,25.25,25.3,1581,0
ADC_A.US,5,20210928,153000,25.25,25.25,25.23,25.25,6100,0
ADC_A.US,5,20210928,153500,25.24,25.24,25.22,25.22,400,0
ADC_A.US,5,20210928,154500,25.2,25.225,25.2,25.22,5700,0
ADC_A.US,5,20210928,155000,25.165,25.25,25.165,25.18,20700,0
ADC_A.US,5,20210928,155500,25.22,25.25,25.145,25.25,26933,0
ADC_A.US,5,20210928,160000,25.15,25.15,25.15,25.15,100,0
ADC_A.US,5,20210928,160500,25.135,25.19,25.135,25.14,500,0
ADC_A.US,5,20210928,161000,25.105,25.14,25.105,25.14,200,0
ADC_A.US,5,20210928,161500,25.105,25.15,25.105,25.15,600,0
ADC_A.US,5,20210928,162000,25.135,25.19,25.125,25.125,500,0
ADC_A.US,5,20210928,162500,25.16,25.19,25.14,25.19,800,0
ADC_A.US,5,20210928,163000,25.14,25.19,25.135,25.135,500,0
ADC_A.US,5,20210928,163500,25.19,25.19,25.18,25.19,1200,0
ADC_A.US,5,20210928,164000,25.19,25.19,25.19,25.19,200,0
ADC_A.US,5,20210928,164500,25.19,25.2,25.15,25.19,5700,0
ADC_A.US,5,20210928,165000,25.19,25.19,25.155,25.19,2000,0
ADC_A.US,5,20210928,165500,25.19,25.19,25.19,25.19,200,0
ADC_A.US,5,20210928,170000,25.19,25.19,25.155,25.155,400,0
ADC_A.US,5,20210928,170500,25.19,25.2,25.155,25.16,1100,0
ADC_A.US,5,20210928,171000,25.16,25.19,25.15,25.15,2200,0
ADC_A.US,5,20210928,171500,25.15,25.18,25.15,25.15,19594,0
ADC_A.US,5,20210928,172000,25.15,25.15,25.15,25.15,900,0
ADC_A.US,5,20210928,172500,25.18,25.18,25.18,25.18,200,0
ADC_A.US,5,20210928,173000,25.18,25.18,25.18,25.18,200,0
ADC_A.US,5,20210928,173500,25.15,25.18,25.15,25.18,2000,0
ADC_A.US,5,20210928,174000,25.195,25.195,25.19,25.19,800,0
ADC_A.US,5,20210928,174500,25.19,25.19,25.19,25.19,200,0
ADC_A.US,5,20210928,175000,25.19,25.19,25.19,25.19,200,0
ADC_A.US,5,20210928,175500,25.195,25.2,25.19,25.19,1800,0
ADC_A.US,5,20210928,180000,25.19,25.19,25.16,25.19,2300,0
ADC_A.US,5,20210928,180500,25.18,25.19,25.17,25.19,1867,0
ADC_A.US,5,20210928,181000,25.19,25.19,25.19,25.19,200,0
ADC_A.US,5,20210928,181500,25.19,25.19,25.17,25.18,2300,0
ADC_A.US,5,20210928,182000,25.18,25.185,25.18,25.185,300,0
ADC_A.US,5,20210928,183000,25.185,25.19,25.18,25.18,3200,0
ADC_A.US,5,20210928,184000,25.16,25.18,25.16,25.16,400,0
ADC_A.US,5,20210928,184500,25.19,25.19,25.16,25.16,1300,0
ADC_A.US,5,20210928,185000,25.165,25.18,25.165,25.18,400,0
ADC_A.US,5,20210928,185500,25.18,25.18,25.157,25.165,2275,0
ADC_A.US,5,20210928,190000,25.18,25.18,25.15,25.15,6400,0
ADC_A.US,5,20210928,190500,25.165,25.165,25.165,25.165,400,0
ADC_A.US,5,20210928,191000,25.15,25.15,25.15,25.15,200,0
ADC_A.US,5,20210928,191500,25.165,25.165,25.165,25.165,1700,0
ADC_A.US,5,20210928,192000,25.165,25.165,25.165,25.165,200,0
ADC_A.US,5,20210928,192500,25.165,25.18,25.165,25.165,9106,0
ADC_A.US,5,20210928,193000,25.18,25.18,25.165,25.165,3900,0
ADC_A.US,5,20210928,193500,25.18,25.18,25.17,25.175,10922,0
ADC_A.US,5,20210928,194000,25.175,25.175,25.171,25.175,6100,0
ADC_A.US,5,20210928,194500,25.175,25.175,25.175,25.175,4500,0
ADC_A.US,5,20210928,195000,25.175,25.18,25.17,25.175,5378,0
ADC_A.US,5,20210928,195500,25.175,25.18,25.17,25.175,8709,0
ADC_A.US,5,20210928,200000,25.175,25.1895,25.175,25.175,52508,0
ADC_A.US,5,20210928,200500,25.175,25.18,25.175,25.175,500,0
ADC_A.US,5,20210928,201000,25.18,25.18,25.18,25.18,2800,0
ADC_A.US,5,20210928,201500,25.175,25.18,25.175,25.18,200,0
ADC_A.US,5,20210928,202500,25.19,25.19,25.185,25.185,2900,0
ADC_A.US,5,20210928,203000,25.185,25.185,25.185,25.185,200,0
ADC_A.US,5,20210928,203500,25.185,25.185,25.185,25.185,200,0
ADC_A.US,5,20210928,204000,25.17,25.17,25.17,25.17,11300,0
ADC_A.US,5,20210928,205000,25.17,25.18,25.17,25.18,300,0
ADC_A.US,5,20210928,205500,25.18,25.18,25.18,25.18,1700,0
ADC_A.US,5,20210928,210000,25.18,25.18,25.18,25.18,700,0
ADC_A.US,5,20210928,210500,25.18,25.18,25.18,25.18,200,0
ADC_A.US,5,20210928,211000,25.18,25.19,25.18,25.18,1600,0
ADC_A.US,5,20210928,211500,25.19,25.19,25.18,25.18,400,0
ADC_A.US,5,20210928,212000,25.18,25.19,25.18,25.18,2000,0
ADC_A.US,5,20210928,212500,25.18,25.19,25.18,25.18,1600,0
ADC_A.US,5,20210928,213000,25.18,25.18,25.15,25.17,23600,0
ADC_A.US,5,20210928,213500,25.18,25.18,25.17,25.17,900,0
ADC_A.US,5,20210928,214000,25.17,25.18,25.17,25.17,3300,0
ADC_A.US,5,20210928,214500,25.175,25.175,25.17,25.17,3500,0
ADC_A.US,5,20210928,215000,25.175,25.175,25.17,25.175,2300,0
ADC_A.US,5,20210928,215500,25.175,25.18,25.1,25.12,16593,0
ADC_A.US,5,20210929,153000,25.3,25.3,25.3,25.3,100,0
ADC_A.US,5,20210929,154000,25.07,25.07,25.07,25.07,100,0
ADC_A.US,5,20210929,154500,25.08,25.08,25.08,25.08,100,0
ADC_A.US,5,20210929,155000,25.09,25.09,25.08,25.08,200,0
ADC_A.US,5,20210929,155500,25.1,25.1,25.1,25.1,200,0
ADC_A.US,5,20210929,160000,25.12,25.12,25.12,25.12,300,0
ADC_A.US,5,20210929,160500,25.13,25.14,25.13,25.14,300,0
ADC_A.US,5,20210929,161000,25.08,25.11,25.06,25.1,1800,0
ADC_A.US,5,20210929,161500,25.13,25.13,25.13,25.13,157,0
ADC_A.US,5,20210929,162000,25.19,25.2,25.17,25.2,2500,0
ADC_A.US,5,20210929,162500,25.23,25.25,25.205,25.205,10564,0
ADC_A.US,5,20210929,163000,25.17,25.17,25.16,25.16,900,0
ADC_A.US,5,20210929,164000,25.17,25.17,25.17,25.17,200,0
ADC_A.US,5,20210929,165000,25.18,25.18,25.18,25.18,100,0
ADC_A.US,5,20210929,165500,25.18,25.18,25.18,25.18,100,0
ADC_A.US,5,20210929,170000,25.17,25.17,25.17,25.17,100,0
ADC_A.US,5,20210929,171000,25.18,25.18,25.18,25.18,100,0
ADC_A.US,5,20210929,171500,25.18,25.18,25.17,25.18,300,0
ADC_A.US,5,20210929,173000,25.18,25.18,25.18,25.18,600,0
ADC_A.US,5,20210929,173500,25.18,25.18,25.18,25.18,500,0
ADC_A.US,5,20210929,174000,25.18,25.18,25.18,25.18,100,0
ADC_A.US,5,20210929,174500,25.18,25.18,25.18,25.18,100,0
ADC_A.US,5,20210929,175000,25.18,25.18,25.18,25.18,100,0
ADC_A.US,5,20210929,180000,25.18,25.18,25.18,25.18,100,0
ADC_A.US,5,20210929,180500,25.18,25.18,25.18,25.18,100,0
ADC_A.US,5,20210929,181000,25.18,25.18,25.18,25.18,100,0
ADC_A.US,5,20210929,181500,25.18,25.18,25.18,25.18,100,0
ADC_A.US,5,20210929,182500,25.18,25.18,25.18,25.18,100,0
ADC_A.US,5,20210929,183000,25.18,25.18,25.18,25.18,100,0
ADC_A.US,5,20210929,184000,25.18,25.18,25.18,25.18,200,0
ADC_A.US,5,20210929,185000,25.2,25.2,25.2,25.2,300,0
ADC_A.US,5,20210929,185500,25.2,25.2,25.18,25.2,1300,0
ADC_A.US,5,20210929,190000,25.19,25.2,25.19,25.2,1399,0
ADC_A.US,5,20210929,190500,25.24,25.24,25.215,25.215,1385,0
ADC_A.US,5,20210929,193000,25.18,25.18,25.18,25.18,205,0
ADC_A.US,5,20210929,193500,25.18,25.18,25.18,25.18,100,0
ADC_A.US,5,20210929,194000,25.18,25.18,25.18,25.18,100,0
ADC_A.US,5,20210929,194500,25.18,25.18,25.18,25.18,100,0
ADC_A.US,5,20210929,195000,25.18,25.18,25.18,25.18,200,0
ADC_A.US,5,20210929,200000,25.18,25.18,25.18,25.18,400,0
ADC_A.US,5,20210929,200500,25.18,25.18,25.18,25.18,200,0
ADC_A.US,5,20210929,201500,25.19,25.19,25.19,25.19,100,0
ADC_A.US,5,20210929,202500,25.19,25.25,25.19,25.25,500,0
ADC_A.US,5,20210929,203000,25.18,25.25,25.18,25.25,300,0
ADC_A.US,5,20210929,203500,25.18,25.18,25.18,25.18,100,0
ADC_A.US,5,20210929,204000,25.18,25.18,25.18,25.18,200,0
ADC_A.US,5,20210929,204500,25.18,25.18,25.18,25.18,100,0
ADC_A.US,5,20210929,205000,25.19,25.19,25.19,25.19,100,0
ADC_A.US,5,20210929,210000,25.19,25.19,25.19,25.19,200,0
ADC_A.US,5,20210929,210500,25.19,25.25,25.19,25.25,200,0
ADC_A.US,5,20210929,211500,25.19,25.19,25.19,25.19,200,0
ADC_A.US,5,20210929,212000,25.18,25.18,25.18,25.18,200,0
ADC_A.US,5,20210929,212500,25.19,25.19,25.19,25.19,100,0
ADC_A.US,5,20210929,213000,25.19,25.25,25.19,25.22,1300,0
ADC_A.US,5,20210929,213500,25.235,25.25,25.235,25.235,300,0
ADC_A.US,5,20210929,214000,25.22,25.23,25.22,25.22,4600,0
ADC_A.US,5,20210929,214500,25.2,25.25,25.2,25.22,300,0
ADC_A.US,5,20210929,215000,25.22,25.22,25.19,25.22,2480,0
ADC_A.US,5,20210929,215500,25.22,25.25,25.22,25.23,4285,0
ADC_A.US,5,20210930,153000,25.3,25.3,25.3,25.3,3700,0
ADC_A.US,5,20210930,153500,25.3,25.34,25.3,25.3,4900,0
ADC_A.US,5,20210930,154000,25.33,25.33,25.33,25.33,100,0
ADC_A.US,5,20210930,155500,25.3,25.3,25.3,25.3,1000,0
ADC_A.US,5,20210930,160000,25.3,25.3,25.3,25.3,250,0
ADC_A.US,5,20210930,161000,25.3,25.3,25.3,25.3,100,0
ADC_A.US,5,20210930,162000,25.26,25.26,25.25,25.25,1400,0
ADC_A.US,5,20210930,162500,25.226,25.226,25.19,25.19,1000,0
ADC_A.US,5,20210930,170000,25.19,25.19,25.17,25.17,6100,0
ADC_A.US,5,20210930,172500,25.17,25.17,25.17,25.17,800,0
ADC_A.US,5,20210930,173500,25.17,25.17,25.17,25.17,300,0
ADC_A.US,5,20210930,181000,25.17,25.17,25.17,25.17,800,0
ADC_A.US,5,20210930,181500,25.17,25.17,25.17,25.17,6700,0
ADC_A.US,5,20210930,184500,25.12,25.12,25.12,25.12,800,0
ADC_A.US,5,20210930,190000,25.3,25.3,25.3,25.3,100,0
ADC_A.US,5,20210930,192000,25.15,25.17,25.15,25.17,800,0
ADC_A.US,5,20210930,194500,25.17,25.17,25.15,25.15,700,0
ADC_A.US,5,20210930,195500,25.24,25.24,25.24,25.24,100,0
ADC_A.US,5,20210930,200000,25.23,25.24,25.19,25.22,5400,0
ADC_A.US,5,20210930,200500,25.19,25.24,25.185,25.24,2550,0
ADC_A.US,5,20210930,201000,25.24,25.25,25.24,25.25,4700,0
ADC_A.US,5,20210930,201500,25.25,25.25,25.25,25.25,4000,0
ADC_A.US,5,20210930,202000,25.25,25.27,25.25,25.25,3800,0
ADC_A.US,5,20210930,202500,25.25,25.25,25.25,25.25,3300,0
ADC_A.US,5,20210930,203000,25.25,25.25,25.25,25.25,3200,0
ADC_A.US,5,20210930,203500,25.25,25.25,25.24,25.25,4400,0
ADC_A.US,5,20210930,204000,25.25,25.25,25.25,25.25,3300,0
ADC_A.US,5,20210930,204500,25.25,25.25,25.25,25.25,6600,0
ADC_A.US,5,20210930,205000,25.25,25.25,25.21,25.21,4200,0
ADC_A.US,5,20210930,205500,25.28,25.29,25.24,25.28,4000,0
ADC_A.US,5,20210930,210000,25.28,25.29,25.24,25.28,3900,0
ADC_A.US,5,20210930,210500,25.28,25.28,25.28,25.28,3700,0
ADC_A.US,5,20210930,211000,25.28,25.28,25.24,25.28,3300,0
ADC_A.US,5,20210930,211500,25.28,25.28,25.24,25.28,3721,0
ADC_A.US,5,20210930,212000,25.28,25.28,25.24,25.24,3800,0
ADC_A.US,5,20210930,212500,25.28,25.28,25.25,25.25,3000,0
ADC_A.US,5,20210930,213000,25.25,25.25,25.25,25.25,900,0
ADC_A.US,5,20210930,213500,25.25,25.25,25.25,25.25,100,0
ADC_A.US,5,20210930,214500,25.25,25.25,25.23,25.25,900,0
ADC_A.US,5,20210930,215000,25.25,25.28,25.19,25.27,3759,0
ADC_A.US,5,20210930,215500,25.27,25.27,25.13,25.14,534026,0
ADC_A.US,5,20211001,153000,25.07,25.24,25.07,25.22,26200,0
ADC_A.US,5,20211001,155500,25.11,25.22,25,25.01,14741,0
ADC_A.US,5,20211001,160500,25.05,25.05,25.05,25.05,400,0
ADC_A.US,5,20211001,161000,25.09,25.09,25.09,25.09,505,0
ADC_A.US,5,20211001,161500,25.05,25.135,25.05,25.05,4300,0
ADC_A.US,5,20211001,170000,25.15,25.15,25.15,25.15,600,0
ADC_A.US,5,20211001,171000,25.04,25.04,25.04,25.04,400,0
ADC_A.US,5,20211001,171500,25.05,25.05,25.05,25.05,300,0
ADC_A.US,5,20211001,172500,25.06,25.07,25.05,25.07,1300,0
ADC_A.US,5,20211001,173000,25.05,25.05,25.05,25.05,1100,0
ADC_A.US,5,20211001,174000,25.08,25.08,25.08,25.08,100,0
ADC_A.US,5,20211001,181500,25.08,25.08,25.08,25.08,200,0
ADC_A.US,5,20211001,183500,25.08,25.08,25.08,25.08,100,0
ADC_A.US,5,20211001,190000,25.08,25.08,25.08,25.08,983,0
ADC_A.US,5,20211001,191000,25.08,25.08,25.08,25.08,600,0
ADC_A.US,5,20211001,192500,25.06,25.07,25.05,25.065,6200,0
ADC_A.US,5,20211001,201500,25.1,25.13,25.1,25.13,990,0
ADC_A.US,5,20211001,202000,25.115,25.115,25.08,25.09,1481,0
ADC_A.US,5,20211001,204500,25.09,25.09,25.09,25.09,100,0
ADC_A.US,5,20211001,210500,25.1,25.1,25.1,25.1,200,0
ADC_A.US,5,20211001,211000,25.11,25.12,25.11,25.12,500,0
ADC_A.US,5,20211001,211500,25.1,25.1,25.1,25.1,100,0
ADC_A.US,5,20211001,212000,25.1,25.1,25.1,25.1,100,0
ADC_A.US,5,20211001,212500,25.1,25.1,25.1,25.1,381,0
ADC_A.US,5,20211001,213000,25.09,25.09,25.09,25.09,1106,0
ADC_A.US,5,20211001,213500,25.09,25.09,25.09,25.09,300,0
ADC_A.US,5,20211001,214000,25.09,25.09,25.09,25.09,981,0
ADC_A.US,5,20211001,214500,25.09,25.09,25.08,25.09,3981,0
ADC_A.US,5,20211001,215000,25.07,25.07,25.07,25.07,300,0
ADC_A.US,5,20211001,215500,25.1,25.1,25.1,25.1,200,0
ADC_A.US,5,20211004,153000,25.08,25.21,25.08,25.21,1931,0
ADC_A.US,5,20211004,154500,25.1,25.1,25.07,25.07,324,0
ADC_A.US,5,20211004,155000,25.05,25.05,25.05,25.05,126,0
ADC_A.US,5,20211004,160000,25.02,25.02,25.02,25.02,2431,0
ADC_A.US,5,20211004,160500,25.02,25.035,25.02,25.02,2677,0
ADC_A.US,5,20211004,161500,25,25,25,25,1700,0
ADC_A.US,5,20211004,162000,25,25,25,25,400,0
ADC_A.US,5,20211004,163500,24.98,25,24.98,24.98,4000,0
ADC_A.US,5,20211004,171000,24.96,24.995,24.96,24.97,2918,0
ADC_A.US,5,20211004,175500,25.01,25.01,25.01,25.01,300,0
ADC_A.US,5,20211004,180000,24.99,25.01,24.99,25.01,1200,0
ADC_A.US,5,20211004,184000,25.02,25.02,25.02,25.02,25000,0
ADC_A.US,5,20211004,190500,24.99,25.02,24.99,24.99,500,0
ADC_A.US,5,20211004,195500,24.98,24.98,24.98,24.98,400,0
ADC_A.US,5,20211004,202500,24.98,24.985,24.95,24.95,3798,0
ADC_A.US,5,20211004,205000,24.965,24.965,24.965,24.965,4000,0
ADC_A.US,5,20211004,211000,24.98,24.98,24.965,24.965,864,0
ADC_A.US,5,20211004,211500,24.96,24.96,24.96,24.96,400,0
ADC_A.US,5,20211004,212000,24.98,24.98,24.98,24.98,200,0
ADC_A.US,5,20211004,212500,24.98,24.98,24.98,24.98,300,0
ADC_A.US,5,20211004,215000,24.98,25.05,24.98,25.0425,9688,0
ADC_A.US,5,20211004,215500,25.02,25.04,24.95,24.99,13497,0
ADC_A.US,5,20211005,153000,25,25.07,24.99,25.06,2031,0
ADC_A.US,5,20211005,154000,25.04,25.04,25.04,25.04,900,0
ADC_A.US,5,20211005,160000,24.99,24.99,24.96,24.96,1300,0
ADC_A.US,5,20211005,160500,24.99,24.99,24.97,24.99,600,0
ADC_A.US,5,20211005,161000,24.989,24.989,24.93,24.93,8080,0
ADC_A.US,5,20211005,162500,24.9,24.9,24.9,24.9,310,0
ADC_A.US,5,20211005,163000,24.9,24.9,24.84,24.84,500,0
ADC_A.US,5,20211005,164000,24.84,24.84,24.84,24.84,801,0
ADC_A.US,5,20211005,175000,24.91,24.92,24.91,24.92,1930,0
ADC_A.US,5,20211005,180000,24.88,24.88,24.88,24.88,100,0
ADC_A.US,5,20211005,183000,24.89,24.89,24.89,24.89,100,0
ADC_A.US,5,20211005,183500,24.87,24.87,24.87,24.87,100,0
ADC_A.US,5,20211005,191500,24.85,24.88,24.84,24.84,500,0
ADC_A.US,5,20211005,192000,24.84,24.88,24.83,24.83,700,0
ADC_A.US,5,20211005,192500,24.83,24.83,24.83,24.83,900,0
ADC_A.US,5,20211005,193000,24.8728,24.8728,24.81,24.81,2967,0
ADC_A.US,5,20211005,193500,24.81,24.81,24.81,24.81,800,0
ADC_A.US,5,20211005,194000,24.81,24.81,24.81,24.81,700,0
ADC_A.US,5,20211005,202000,24.87,24.87,24.87,24.87,100,0
ADC_A.US,5,20211005,205500,24.81,24.81,24.81,24.81,100,0
ADC_A.US,5,20211005,210500,24.77,24.77,24.76,24.76,1809,0
ADC_A.US,5,20211005,213500,24.78,24.78,24.78,24.78,100,0
ADC_A.US,5,20211005,214500,24.775,24.775,24.775,24.775,1000,0
ADC_A.US,5,20211005,215000,24.775,24.775,24.77,24.77,200,0
ADC_A.US,5,20211005,215500,24.78,24.78,24.74,24.75,8100,0
ADC_A.US,5,20211006,155500,24.74,24.74,24.7,24.7,2486,0
ADC_A.US,5,20211006,160000,24.7,24.72,24.65,24.65,2230,0
ADC_A.US,5,20211006,160500,24.65,24.65,24.65,24.65,400,0
ADC_A.US,5,20211006,162500,24.62,24.64,24.62,24.64,500,0
ADC_A.US,5,20211006,165500,24.625,24.625,24.62,24.62,24900,0
ADC_A.US,5,20211006,170000,24.625,24.63,24.62,24.62,12200,0
ADC_A.US,5,20211006,173500,24.63,24.63,24.63,24.63,569,0
ADC_A.US,5,20211006,180500,24.62,24.62,24.62,24.62,2267,0
ADC_A.US,5,20211006,193500,24.55,24.56,24.55,24.55,3000,0
ADC_A.US,5,20211006,195500,24.55,24.55,24.55,24.55,500,0
ADC_A.US,5,20211006,200000,24.56,24.56,24.54,24.55,1522,0
ADC_A.US,5,20211006,200500,24.55,24.56,24.55,24.56,200,0
ADC_A.US,5,20211006,201500,24.55,24.57,24.55,24.57,3000,0
ADC_A.US,5,20211006,202500,24.55,24.55,24.52,24.52,500,0
ADC_A.US,5,20211006,203500,24.58,24.58,24.58,24.58,300,0
ADC_A.US,5,20211006,211000,24.64,24.73,24.59,24.59,3500,0
ADC_A.US,5,20211006,213000,24.745,24.745,24.6,24.61,1557,0
ADC_A.US,5,20211006,214500,24.65,24.755,24.62,24.62,3294,0
ADC_A.US,5,20211006,215000,24.74,24.74,24.64,24.64,250,0
ADC_A.US,5,20211006,215500,24.63,24.65,24.6,24.65,1963,0
ADC_A.US,5,20211007,153000,24.62,24.7,24.62,24.7,2100,0
ADC_A.US,5,20211007,160500,24.7899,24.7899,24.7899,24.7899,100,0
ADC_A.US,5,20211007,162500,24.65,24.65,24.63,24.63,409,0
ADC_A.US,5,20211007,170000,24.64,24.64,24.62,24.62,1000,0
ADC_A.US,5,20211007,171000,24.6,24.6,24.6,24.6,1500,0
ADC_A.US,5,20211007,173000,24.6,24.6,24.59,24.59,200,0
ADC_A.US,5,20211007,174500,24.65,24.65,24.65,24.65,100,0
ADC_A.US,5,20211007,175000,24.62,24.62,24.55,24.55,28318,0
ADC_A.US,5,20211007,180500,24.61,24.61,24.61,24.61,100,0
ADC_A.US,5,20211007,181000,24.6,24.6,24.6,24.6,902,0
ADC_A.US,5,20211007,182000,24.58,24.58,24.58,24.58,500,0
ADC_A.US,5,20211007,182500,24.58,24.58,24.58,24.58,400,0
ADC_A.US,5,20211007,183000,24.58,24.58,24.58,24.58,100,0
ADC_A.US,5,20211007,185000,24.58,24.58,24.58,24.58,200,0
ADC_A.US,5,20211007,185500,24.5999,24.5999,24.5999,24.5999,800,0
ADC_A.US,5,20211007,194500,24.59,24.59,24.59,24.59,200,0
ADC_A.US,5,20211007,195000,24.58,24.58,24.58,24.58,600,0
ADC_A.US,5,20211007,200000,24.58,24.58,24.58,24.58,600,0
ADC_A.US,5,20211007,201000,24.5937,24.5937,24.58,24.58,800,0
ADC_A.US,5,20211007,201500,24.53,24.5599,24.53,24.5599,1585,0
ADC_A.US,5,20211007,205000,24.5,24.515,24.5,24.5,6673,0
ADC_A.US,5,20211007,205500,24.5,24.5,24.5,24.5,100,0
ADC_A.US,5,20211007,212500,24.5,24.5,24.5,24.5,100,0
ADC_A.US,5,20211007,215000,24.485,24.485,24.48,24.48,1200,0
ADC_A.US,5,20211008,153000,24.52,24.59,24.52,24.59,1916,0
ADC_A.US,5,20211008,154000,24.535,24.57,24.525,24.535,760,0
ADC_A.US,5,20211008,161500,24.5,24.5,24.5,24.5,200,0
ADC_A.US,5,20211008,163000,24.49,24.49,24.49,24.49,300,0
ADC_A.US,5,20211008,163500,24.48,24.48,24.36,24.4,58234,0
ADC_A.US,5,20211008,171000,24.4486,24.45,24.448,24.45,1506,0
ADC_A.US,5,20211008,172000,24.45,24.45,24.45,24.45,200,0
ADC_A.US,5,20211008,172500,24.44,24.5,24.44,24.5,13500,0
ADC_A.US,5,20211008,174000,24.445,24.445,24.445,24.445,300,0
ADC_A.US,5,20211008,174500,24.4,24.42,24.4,24.4,11113,0
ADC_A.US,5,20211008,181500,24.35,24.35,24.2501,24.2501,3150,0
ADC_A.US,5,20211008,183000,24.26,24.26,24.26,24.26,600,0
ADC_A.US,5,20211008,190500,24.265,24.265,24.265,24.265,100,0
ADC_A.US,5,20211008,194000,24.29,24.29,24.2894,24.2894,368,0
ADC_A.US,5,20211008,194500,24.33,24.39,24.33,24.37,1764,0
ADC_A.US,5,20211008,195000,24.37,24.37,24.37,24.37,930,0
ADC_A.US,5,20211008,195500,24.355,24.355,24.355,24.355,400,0
ADC_A.US,5,20211008,202500,24.4,24.4,24.4,24.4,100,0
ADC_A.US,5,20211008,204000,24.4,24.4,24.4,24.4,660,0
ADC_A.US,5,20211008,213500,24.44,24.44,24.44,24.44,100,0
ADC_A.US,5,20211008,214000,24.44,24.46,24.41,24.41,1100,0
ADC_A.US,5,20211008,214500,24.405,24.405,24.405,24.405,600,0
ADC_A.US,5,20211008,215000,24.42,24.45,24.4,24.44,1900,0
ADC_A.US,5,20211008,215500,24.41,24.41,24.4,24.41,1400,0
ADC_A.US,5,20211011,153000,24.41,24.41,24.41,24.41,100,0
ADC_A.US,5,20211011,153500,24.4388,24.4388,24.4388,24.4388,600,0
ADC_A.US,5,20211011,155000,24.425,24.425,24.425,24.425,200,0
ADC_A.US,5,20211011,160000,24.43,24.43,24.43,24.43,20000,0
ADC_A.US,5,20211011,163000,24.4,24.41,24.4,24.41,200,0
ADC_A.US,5,20211011,174500,24.3824,24.3824,24.3824,24.3824,205,0
ADC_A.US,5,20211011,185500,24.38,24.38,24.38,24.38,122,0
ADC_A.US,5,20211011,190000,24.3501,24.39,24.35,24.39,898,0
ADC_A.US,5,20211011,191500,24.39,24.39,24.39,24.39,1114,0
ADC_A.US,5,20211011,211500,24.41,24.42,24.41,24.41,1800,0
ADC_A.US,5,20211011,214000,24.35,24.35,24.35,24.35,137,0
ADC_A.US,5,20211011,215000,24.375,24.375,24.375,24.375,100,0
ADC_A.US,5,20211012,171000,24.45,24.45,24.45,24.45,700,0
ADC_A.US,5,20211012,172000,24.48,24.48,24.48,24.48,354,0
ADC_A.US,5,20211012,181500,24.48,24.48,24.48,24.48,100,0
ADC_A.US,5,20211012,182000,24.48,24.48,24.47,24.48,332,0
ADC_A.US,5,20211012,184000,24.5346,24.5346,24.5346,24.5346,100,0
ADC_A.US,5,20211012,184500,24.47,24.47,24.47,24.47,100,0
ADC_A.US,5,20211012,190500,24.47,24.47,24.47,24.47,100,0
ADC_A.US,5,20211012,191000,24.47,24.47,24.47,24.47,100,0
ADC_A.US,5,20211012,202500,24.39,24.39,24.39,24.39,169,0
ADC_A.US,5,20211012,214000,24.45,24.45,24.45,24.45,400,0
ADC_A.US,5,20211012,215500,24.44,24.44,24.42,24.42,250,0
ADC_A.US,5,20211013,153000,24.39,24.39,24.39,24.39,900,0
ADC_A.US,5,20211013,154000,24.49,24.49,24.49,24.49,100,0
ADC_A.US,5,20211013,155500,24.49,24.49,24.49,24.49,100,0
ADC_A.US,5,20211013,160000,24.49,24.49,24.49,24.49,100,0
ADC_A.US,5,20211013,161500,24.52,24.52,24.52,24.52,100,0
ADC_A.US,5,20211013,163000,24.52,24.52,24.52,24.52,200,0
ADC_A.US,5,20211013,164000,24.52,24.52,24.52,24.52,100,0
ADC_A.US,5,20211013,164500,24.52,24.52,24.52,24.52,200,0
ADC_A.US,5,20211013,170500,24.56,24.56,24.56,24.56,100,0
ADC_A.US,5,20211013,173000,24.56,24.56,24.56,24.56,100,0
ADC_A.US,5,20211013,175500,24.55,24.55,24.55,24.55,100,0
ADC_A.US,5,20211013,181500,24.55,24.55,24.55,24.55,100,0
ADC_A.US,5,20211013,185000,24.58,24.58,24.58,24.58,100,0
ADC_A.US,5,20211013,185500,24.595,24.595,24.595,24.595,3000,0
ADC_A.US,5,20211013,190500,24.57,24.57,24.57,24.57,100,0
ADC_A.US,5,20211013,201000,24.58,24.58,24.56,24.56,600,0
ADC_A.US,5,20211013,202500,24.56,24.56,24.56,24.56,200,0
ADC_A.US,5,20211013,212000,24.6,24.6,24.6,24.6,325,0
ADC_A.US,5,20211013,213500,24.63,24.63,24.63,24.63,500,0
ADC_A.US,5,20211013,214500,24.6,24.6,24.6,24.6,200,0
ADC_A.US,5,20211013,215500,24.6,24.61,24.5979,24.61,850,0
ADC_A.US,5,20211014,153000,24.72,24.81,24.72,24.81,1200,0
ADC_A.US,5,20211014,154000,24.8,24.8,24.8,24.8,100,0
ADC_A.US,5,20211014,155500,24.79,24.8,24.79,24.8,223,0
ADC_A.US,5,20211014,160000,24.8,24.8,24.8,24.8,112,0
ADC_A.US,5,20211014,160500,24.8,24.8,24.8,24.8,223,0
ADC_A.US,5,20211014,161000,24.8,24.8,24.7665,24.7665,1270,0
ADC_A.US,5,20211014,161500,24.8,24.8,24.8,24.8,100,0
ADC_A.US,5,20211014,162000,24.8,24.8,24.8,24.8,218,0
ADC_A.US,5,20211014,163000,24.8,24.8,24.8,24.8,295,0
ADC_A.US,5,20211014,163500,24.8,24.8,24.8,24.8,122,0
ADC_A.US,5,20211014,164500,24.8,24.8,24.8,24.8,383,0
ADC_A.US,5,20211014,170000,24.9,24.9,24.8626,24.8626,923,0
ADC_A.US,5,20211014,171000,24.9,24.9,24.9,24.9,223,0
ADC_A.US,5,20211014,171500,24.87,24.87,24.87,24.87,100,0
ADC_A.US,5,20211014,172000,24.91,24.91,24.91,24.91,100,0
ADC_A.US,5,20211014,172500,24.88,24.88,24.88,24.88,100,0
ADC_A.US,5,20211014,173000,24.81,24.81,24.81,24.81,100,0
ADC_A.US,5,20211014,173500,24.8,24.8,24.8,24.8,100,0
ADC_A.US,5,20211014,174000,24.93,24.93,24.9,24.9,300,0
ADC_A.US,5,20211014,174500,24.93,24.93,24.93,24.93,100,0
ADC_A.US,5,20211014,175000,24.93,24.93,24.93,24.93,100,0
ADC_A.US,5,20211014,175500,24.9,24.92,24.89,24.92,663,0
ADC_A.US,5,20211014,180500,24.92,24.92,24.92,24.92,100,0
ADC_A.US,5,20211014,182000,24.92,24.92,24.92,24.92,223,0
ADC_A.US,5,20211014,185000,24.93,24.93,24.93,24.93,100,0
ADC_A.US,5,20211014,185500,24.94,24.94,24.94,24.94,102,0
ADC_A.US,5,20211014,190000,24.94,24.94,24.94,24.94,100,0
ADC_A.US,5,20211014,191000,24.94,24.94,24.94,24.94,123,0
ADC_A.US,5,20211014,191500,24.94,24.94,24.94,24.94,100,0
ADC_A.US,5,20211014,192000,24.9421,24.9421,24.9421,24.9421,100,0
ADC_A.US,5,20211014,192500,24.95,24.95,24.95,24.95,123,0
ADC_A.US,5,20211014,193000,24.95,24.95,24.9,24.9,477,0
ADC_A.US,5,20211014,193500,24.9,24.9,24.9,24.9,123,0
ADC_A.US,5,20211014,195000,24.96,24.96,24.96,24.96,123,0
ADC_A.US,5,20211014,195500,24.97,24.98,24.97,24.98,400,0
ADC_A.US,5,20211014,200500,24.97,24.97,24.97,24.97,123,0
ADC_A.US,5,20211014,201000,24.97,24.97,24.97,24.97,100,0
ADC_A.US,5,20211014,201500,24.97,24.97,24.97,24.97,123,0
ADC_A.US,5,20211014,202000,24.97,24.97,24.97,24.97,200,0
ADC_A.US,5,20211014,203000,24.97,24.97,24.9451,24.9451,861,0
ADC_A.US,5,20211014,204000,24.97,24.98,24.97,24.98,636,0
ADC_A.US,5,20211014,204500,24.98,24.98,24.98,24.98,100,0
ADC_A.US,5,20211014,205500,24.98,24.98,24.98,24.98,300,0
ADC_A.US,5,20211014,210000,24.94,24.94,24.94,24.94,342,0
ADC_A.US,5,20211014,210500,24.91,24.91,24.91,24.91,300,0
ADC_A.US,5,20211014,211000,24.96,24.96,24.8911,24.8911,213,0
ADC_A.US,5,20211014,211500,24.95,24.95,24.95,24.95,100,0
ADC_A.US,5,20211014,212000,24.94,24.94,24.94,24.94,113,0
ADC_A.US,5,20211014,212500,24.94,24.94,24.94,24.94,100,0
ADC_A.US,5,20211014,213000,24.9,24.9,24.88,24.9,700,0
ADC_A.US,5,20211014,213500,24.94,24.94,24.94,24.94,123,0
ADC_A.US,5,20211014,214000,24.94,24.94,24.92,24.92,292,0
ADC_A.US,5,20211014,215000,24.92,24.92,24.92,24.92,123,0
ADC_A.US,5,20211014,215500,24.97,24.97,24.97,24.97,1211,0
ADC_A.US,5,20211015,153000,24.97,24.97,24.97,24.97,109,0
ADC_A.US,5,20211015,165000,24.8807,24.9,24.8807,24.9,1000,0
ADC_A.US,5,20211015,215000,24.88,24.88,24.88,24.88,200,0
ADC_A.US,5,20211015,215500,24.85,24.9,24.85,24.9,4525,0
ADC_A.US,5,20211018,153000,24.9,24.9,24.89,24.89,1300,0
ADC_A.US,5,20211018,154500,24.88,24.88,24.88,24.88,100,0
ADC_A.US,5,20211018,164500,24.8,24.8,24.8,24.8,200,0
ADC_A.US,5,20211018,170500,24.79,24.79,24.79,24.79,400,0
ADC_A.US,5,20211018,171000,24.72,24.75,24.57,24.57,3000,0
ADC_A.US,5,20211018,174500,24.85,24.85,24.84,24.84,300,0
ADC_A.US,5,20211018,212500,24.94,24.94,24.94,24.94,400,0
ADC_A.US,5,20211018,215000,24.91,24.91,24.91,24.91,224,0
ADC_A.US,5,20211019,155000,24.93,24.93,24.93,24.93,500,0
ADC_A.US,5,20211019,155500,24.92,24.92,24.9151,24.9151,300,0
ADC_A.US,5,20211019,160000,24.92,24.92,24.9198,24.9198,912,0
ADC_A.US,5,20211019,162500,24.96,24.96,24.96,24.96,190,0
ADC_A.US,5,20211019,163500,24.91,24.91,24.91,24.91,100,0
ADC_A.US,5,20211019,180500,24.87,24.87,24.8,24.8,2015,0
ADC_A.US,5,20211019,194500,24.8,24.8,24.8,24.8,100,0
ADC_A.US,5,20211019,195000,24.8283,24.8283,24.8283,24.8283,241,0
ADC_A.US,5,20211020,163000,24.85,24.85,24.84,24.84,200,0
ADC_A.US,5,20211020,164000,24.84,24.84,24.84,24.84,200,0
ADC_A.US,5,20211020,181000,24.8,24.8,24.75,24.75,900,0
ADC_A.US,5,20211020,184500,24.78,24.78,24.78,24.78,500,0
ADC_A.US,5,20211020,190500,24.8,24.8,24.8,24.8,225,0
ADC_A.US,5,20211020,191000,24.8,24.8,24.8,24.8,775,0
ADC_A.US,5,20211020,191500,24.8,24.8,24.8,24.8,293,0
ADC_A.US,5,20211020,194000,24.8,24.8,24.8,24.8,300,0
ADC_A.US,5,20211020,194500,24.8,24.8,24.8,24.8,200,0
ADC_A.US,5,20211020,195000,24.8,24.8,24.8,24.8,200,0
ADC_A.US,5,20211020,200000,24.8,24.8,24.8,24.8,1168,0
ADC_A.US,5,20211020,202000,24.78,24.78,24.71,24.71,4149,0
ADC_A.US,5,20211020,212000,24.74,24.76,24.74,24.76,919,0
ADC_A.US,5,20211021,155500,24.81,24.93,24.81,24.86,500,0
ADC_A.US,5,20211021,165500,24.8,24.8,24.77,24.77,4513,0
ADC_A.US,5,20211021,170500,24.77,24.77,24.76,24.77,2451,0
ADC_A.US,5,20211021,172000,24.635,24.635,24.57,24.635,4881,0
ADC_A.US,5,20211021,172500,24.57,24.5701,24.49,24.49,5262,0
ADC_A.US,5,20211021,193500,24.68,24.69,24.68,24.68,2000,0
ADC_A.US,5,20211021,205500,24.675,24.68,24.671,24.671,600,0
ADC_A.US,5,20211021,215500,24.67,24.67,24.67,24.67,130,0
ADC_A.US,5,20211022,154500,24.535,24.535,24.535,24.535,400,0
ADC_A.US,5,20211022,190500,24.52,24.52,24.52,24.52,243,0
ADC_A.US,5,20211022,193000,24.515,24.515,24.5,24.5,729,0
ADC_A.US,5,20211022,194000,24.5297,24.5297,24.5297,24.5297,135,0
ADC_A.US,5,20211022,204000,24.53,24.53,24.53,24.53,334,0
ADC_A.US,5,20211022,213000,24.51,24.53,24.51,24.53,544,0
ADC_A.US,5,20211025,153000,24.5,24.5,24.5,24.5,186,0
ADC_A.US,5,20211025,183500,24.6,24.6,24.6,24.6,100,0
ADC_A.US,5,20211025,184500,24.6,24.6,24.6,24.6,600,0
ADC_A.US,5,20211025,193500,24.57,24.57,24.565,24.57,2077,0
ADC_A.US,5,20211025,214500,24.55,24.55,24.55,24.55,1174,0
ADC_A.US,5,20211026,190000,24.51,24.51,24.51,24.51,300,0
ADC_A.US,5,20211027,180000,24.55,24.55,24.55,24.55,170,0
ADC_A.US,5,20211027,182500,24.5499,24.55,24.5499,24.55,200,0
ADC_A.US,5,20211027,193500,24.53,24.53,24.53,24.53,100,0
ADC_A.US,5,20211027,195500,24.52,24.52,24.52,24.52,170,0
ADC_A.US,5,20211027,201000,24.5001,24.5001,24.5001,24.5001,100,0
ADC_A.US,5,20211027,203500,24.525,24.525,24.525,24.525,723,0
ADC_A.US,5,20211027,204500,24.5308,24.5308,24.5308,24.5308,600,0
ADC_A.US,5,20211027,211500,24.5,24.5,24.5,24.5,400,0
ADC_A.US,5,20211027,215000,24.4806,24.5,24.4806,24.5,900,0
ADC_A.US,5,20211028,160500,24.55,24.6,24.55,24.6,200,0
ADC_A.US,5,20211028,164500,24.55,24.6,24.55,24.6,300,0
ADC_A.US,5,20211028,171500,24.55,24.59,24.55,24.59,281,0
ADC_A.US,5,20211028,175000,24.6,24.6,24.6,24.6,300,0
ADC_A.US,5,20211028,184000,24.55,24.55,24.55,24.55,200,0
ADC_A.US,5,20211028,190500,24.57,24.57,24.55,24.55,900,0
ADC_A.US,5,20211028,200000,24.55,24.55,24.55,24.55,261,0
ADC_A.US,5,20211028,205000,24.55,24.55,24.55,24.55,153,0
ADC_A.US,5,20211029,153000,24.54,24.54,24.5,24.5,1360,0
ADC_A.US,5,20211029,154500,24.55,24.55,24.55,24.55,3400,0
ADC_A.US,5,20211029,170000,24.55,24.55,24.55,24.55,1334,0
ADC_A.US,5,20211029,170500,24.55,24.55,24.49,24.49,200,0
ADC_A.US,5,20211029,174500,24.52,24.62,24.52,24.62,2786,0
ADC_A.US,5,20211029,190000,24.595,24.595,24.595,24.595,100,0
ADC_A.US,5,20211029,194000,24.59,24.6,24.59,24.6,2849,0
ADC_A.US,5,20211029,211500,24.64,24.64,24.64,24.64,1000,0
ADC_A.US,5,20211029,212000,24.65,24.65,24.65,24.65,100,0
ADC_A.US,5,20211029,215500,24.7,24.7,24.55,24.55,3427,0
ADC_A.US,5,20211101,143000,24.65,24.65,24.53,24.53,2100,0
ADC_A.US,5,20211101,165500,24.555,24.58,24.555,24.58,700,0
ADC_A.US,5,20211101,170000,24.58,24.6,24.58,24.6,1832,0
ADC_A.US,5,20211101,181000,24.6,24.6,24.6,24.6,500,0
ADC_A.US,5,20211101,190500,24.6,24.6,24.6,24.6,900,0
ADC_A.US,5,20211101,194000,24.61,24.61,24.6,24.6,400,0
ADC_A.US,5,20211101,201000,24.64,24.64,24.64,24.64,100,0
ADC_A.US,5,20211101,202000,24.65,24.65,24.65,24.65,1000,0
ADC_A.US,5,20211101,204500,24.68,24.69,24.65,24.65,761,0
ADC_A.US,5,20211101,205500,24.64,24.74,24.6,24.74,613,0
ADC_A.US,5,20211102,145000,24.67,24.67,24.67,24.67,100,0
ADC_A.US,5,20211102,163000,24.75,24.75,24.74,24.74,390,0
ADC_A.US,5,20211102,174500,24.74,24.74,24.74,24.74,200,0
ADC_A.US,5,20211102,181500,24.79,24.79,24.79,24.79,202,0
ADC_A.US,5,20211103,143000,24.66,24.66,24.66,24.66,100,0
ADC_A.US,5,20211103,152500,24.7173,24.7173,24.7173,24.7173,200,0
ADC_A.US,5,20211103,191000,24.65,24.65,24.65,24.65,239,0
ADC_A.US,5,20211103,194500,24.7,24.7,24.7,24.7,1032,0
ADC_A.US,5,20211103,202500,24.7,24.7029,24.7,24.7029,1150,0
ADC_A.US,5,20211103,203000,24.66,24.66,24.66,24.66,100,0
ADC_A.US,5,20211103,205000,24.7,24.72,24.7,24.72,1998,0
ADC_A.US,5,20211103,205500,24.73,24.73,24.73,24.73,200,0
ADC_A.US,5,20211104,153500,24.77,24.78,24.77,24.78,412,0
ADC_A.US,5,20211104,154000,24.8,24.8,24.8,24.8,100,0
ADC_A.US,5,20211104,161500,24.825,24.825,24.825,24.825,129,0
ADC_A.US,5,20211104,165000,24.88,24.88,24.88,24.88,200,0
ADC_A.US,5,20211104,175500,24.855,24.855,24.81,24.81,200,0
ADC_A.US,5,20211104,204500,24.87,24.87,24.87,24.87,100,0
ADC_A.US,5,20211104,205000,24.87,24.88,24.87,24.88,268,0
ADC_A.US,5,20211104,205500,24.91,24.91,24.91,24.91,110,0
ADC_A.US,5,20211105,150000,24.9402,24.9402,24.9402,24.9402,1004,0
ADC_A.US,5,20211105,151000,24.94,24.94,24.94,24.94,100,0
ADC_A.US,5,20211105,151500,24.94,24.94,24.94,24.94,900,0
ADC_A.US,5,20211105,153000,24.94,24.94,24.94,24.94,300,0
ADC_A.US,5,20211105,155000,24.91,24.98,24.83,24.84,1151,0
ADC_A.US,5,20211105,161500,24.97,24.98,24.88,24.88,700,0
ADC_A.US,5,20211105,165000,24.92,24.92,24.83,24.83,782,0
ADC_A.US,5,20211105,170000,24.875,24.875,24.875,24.875,100,0
ADC_A.US,5,20211105,170500,24.875,24.92,24.83,24.83,1700,0
ADC_A.US,5,20211105,171000,24.83,24.835,24.83,24.835,200,0
ADC_A.US,5,20211105,172000,24.822,24.822,24.822,24.822,1000,0
ADC_A.US,5,20211105,174000,24.8,24.8,24.8,24.8,300,0
ADC_A.US,5,20211105,174500,24.8,24.8,24.8,24.8,200,0
ADC_A.US,5,20211105,175000,24.78,24.78,24.78,24.78,100,0
ADC_A.US,5,20211105,175500,24.78,24.78,24.78,24.78,200,0
ADC_A.US,5,20211105,180000,24.66,24.66,24.64,24.66,300,0
ADC_A.US,5,20211105,180500,24.67,24.805,24.65,24.805,1140,0
ADC_A.US,5,20211105,181000,24.67,24.67,24.66,24.66,200,0
ADC_A.US,5,20211105,181500,24.68,24.68,24.66,24.66,200,0
ADC_A.US,5,20211105,182000,24.67,24.67,24.67,24.67,100,0
ADC_A.US,5,20211105,183500,24.75,24.75,24.75,24.75,100,0
ADC_A.US,5,20211105,184000,24.75,24.75,24.75,24.75,200,0
ADC_A.US,5,20211105,184500,24.855,24.855,24.855,24.855,500,0
ADC_A.US,5,20211105,185500,24.8,24.8,24.8,24.8,668,0
ADC_A.US,5,20211105,194000,24.8,24.8,24.8,24.8,150,0
ADC_A.US,5,20211105,201500,24.84,24.96,24.84,24.96,2000,0
ADC_A.US,5,20211105,202500,24.84,24.84,24.84,24.84,100,0
ADC_A.US,5,20211105,203500,24.85,24.85,24.85,24.85,112,0
ADC_A.US,5,20211105,205000,24.88,24.88,24.88,24.88,112,0
ADC_A.US,5,20211105,205500,24.96,24.96,24.96,24.96,100,0
ADC_A.US,5,20211108,153500,24.9018,24.9018,24.9018,24.9018,400,0
ADC_A.US,5,20211108,170000,24.83,24.85,24.7999,24.85,1190,0
ADC_A.US,5,20211108,172000,24.85,24.85,24.7884,24.7884,500,0
ADC_A.US,5,20211108,175500,24.85,24.85,24.8181,24.85,650,0
ADC_A.US,5,20211108,181000,24.85,24.85,24.85,24.85,500,0
ADC_A.US,5,20211108,184500,24.85,24.85,24.85,24.85,1000,0
ADC_A.US,5,20211108,191000,24.82,24.82,24.82,24.82,400,0
ADC_A.US,5,20211108,192500,24.92,24.94,24.87,24.94,1120,0
ADC_A.US,5,20211108,195000,24.9499,24.95,24.9499,24.95,600,0
ADC_A.US,5,20211108,200000,24.95,24.95,24.95,24.95,300,0
ADC_A.US,5,20211108,213500,24.94,24.96,24.94,24.96,1379,0
ADC_A.US,5,20211109,153000,25,25,25,25,200,0
ADC_A.US,5,20211109,155000,24.99,24.99,24.9345,24.9345,280,0
ADC_A.US,5,20211109,171000,25,25,24.875,24.875,1996,0
ADC_A.US,5,20211109,173000,24.85,24.85,24.85,24.85,100,0
ADC_A.US,5,20211109,181500,24.98,24.98,24.978,24.978,249,0
ADC_A.US,5,20211109,193500,24.85,24.85,24.85,24.85,1100,0
ADC_A.US,5,20211109,194000,24.99,24.99,24.99,24.99,200,0
ADC_A.US,5,20211109,194500,24.85,24.85,24.85,24.85,479,0
ADC_A.US,5,20211109,203500,24.85,24.85,24.78,24.85,2100,0
ADC_A.US,5,20211109,214000,24.85,24.85,24.85,24.85,380,0
ADC_A.US,5,20211110,170000,24.91,24.91,24.91,24.91,400,0
ADC_A.US,5,20211110,180500,24.75,24.75,24.75,24.75,200,0
ADC_A.US,5,20211110,181000,24.7543,24.7543,24.7543,24.7543,1000,0
ADC_A.US,5,20211110,185000,24.715,24.715,24.65,24.65,1244,0
ADC_A.US,5,20211110,192500,24.61,24.61,24.6,24.6,700,0
ADC_A.US,5,20211110,193000,24.6,24.6,24.6,24.6,100,0
ADC_A.US,5,20211110,194000,24.6,24.6,24.6,24.6,749,0
ADC_A.US,5,20211110,200000,24.64,24.64,24.64,24.64,300,0
ADC_A.US,5,20211110,201500,24.595,24.595,24.595,24.595,400,0
ADC_A.US,5,20211110,202500,24.62,24.7,24.62,24.63,424,0
ADC_A.US,5,20211110,204500,24.62,24.62,24.61,24.61,200,0
ADC_A.US,5,20211110,211500,24.65,24.65,24.65,24.65,200,0
ADC_A.US,5,20211110,212500,24.6572,24.6572,24.6572,24.6572,750,0
ADC_A.US,5,20211110,213000,24.66,24.66,24.66,24.66,200,0
ADC_A.US,5,20211110,214000,24.645,24.645,24.6,24.62,2100,0
ADC_A.US,5,20211110,214500,24.6,24.61,24.6,24.61,600,0
ADC_A.US,5,20211110,215500,24.55,24.6,24.55,24.6,300,0
ADC_A.US,5,20211111,153500,24.7,24.7,24.7,24.7,200,0
ADC_A.US,5,20211111,154500,24.64,24.708,24.64,24.708,1100,0
ADC_A.US,5,20211111,155500,24.6,24.6,24.6,24.6,200,0
ADC_A.US,5,20211111,165000,24.6,24.6,24.6,24.6,100,0
ADC_A.US,5,20211111,174500,24.6,24.6,24.6,24.6,430,0
ADC_A.US,5,20211111,180000,24.5795,24.5795,24.5795,24.5795,800,0
ADC_A.US,5,20211111,183000,24.55,24.55,24.55,24.55,100,0
ADC_A.US,5,20211111,184500,24.569,24.569,24.55,24.555,300,0
ADC_A.US,5,20211111,192500,24.569,24.569,24.569,24.569,196,0
ADC_A.US,5,20211111,200000,24.53,24.53,24.5,24.5,1200,0
ADC_A.US,5,20211111,200500,24.5,24.5,24.5,24.5,200,0
ADC_A.US,5,20211111,202500,24.46,24.46,24.46,24.46,100,0
