<TICKER>,<PER>,<DATE>,<TIME>,<OPEN>,<HIGH>,<LOW>,<CLOSE>,<VOL>,<OPENINT>
BKKT-WS.US,5,20211019,153000,1.64,1.66,1.61,1.61,3957,0
BKKT-WS.US,5,20211019,153500,1.57,1.6501,1.57,1.65,5268,0
BKKT-WS.US,5,20211019,154000,1.63,1.63,1.61,1.61,1732,0
BKKT-WS.US,5,20211019,154500,1.61,1.63,1.61,1.61,535,0
BKKT-WS.US,5,20211019,155000,1.63,1.65,1.61,1.61,7900,0
BKKT-WS.US,5,20211019,155500,1.61,1.62,1.61,1.62,1900,0
BKKT-WS.US,5,20211019,160000,1.62,1.6254,1.61,1.62,6200,0
BKKT-WS.US,5,20211019,160500,1.62,1.62,1.62,1.62,400,0
BKKT-WS.US,5,20211019,161000,1.62,1.62,1.62,1.62,400,0
BKKT-WS.US,5,20211019,161500,1.62,1.635,1.6,1.625,6200,0
BKKT-WS.US,5,20211019,162000,1.6,1.64,1.6,1.6,3900,0
BKKT-WS.US,5,20211019,162500,1.6,1.6001,1.6,1.6,900,0
BKKT-WS.US,5,20211019,163000,1.6,1.61,1.6,1.61,200,0
BKKT-WS.US,5,20211019,163500,1.61,1.62,1.61,1.61,1350,0
BKKT-WS.US,5,20211019,164000,1.61,1.61,1.6,1.6,1375,0
BKKT-WS.US,5,20211019,164500,1.6,1.6,1.6,1.6,1900,0
BKKT-WS.US,5,20211019,165000,1.6,1.6,1.6,1.6,300,0
BKKT-WS.US,5,20211019,165500,1.6,1.6099,1.6,1.6,1200,0
BKKT-WS.US,5,20211019,170500,1.58,1.6,1.58,1.6,10375,0
BKKT-WS.US,5,20211019,171000,1.6,1.6,1.6,1.6,200,0
BKKT-WS.US,5,20211019,171500,1.6,1.6,1.59,1.59,1400,0
BKKT-WS.US,5,20211019,172000,1.595,1.6,1.58,1.58,9400,0
BKKT-WS.US,5,20211019,172500,1.64,1.65,1.63,1.65,8517,0
BKKT-WS.US,5,20211019,173000,1.65,1.65,1.6,1.65,2249,0
BKKT-WS.US,5,20211019,173500,1.65,1.65,1.62,1.63,4954,0
BKKT-WS.US,5,20211019,174000,1.64,1.64,1.63,1.63,394,0
BKKT-WS.US,5,20211019,174500,1.63,1.64,1.63,1.64,294,0
BKKT-WS.US,5,20211019,175000,1.64,1.64,1.63,1.63,2300,0
BKKT-WS.US,5,20211019,175500,1.62,1.625,1.62,1.625,200,0
BKKT-WS.US,5,20211019,180000,1.62,1.62,1.61,1.61,700,0
BKKT-WS.US,5,20211019,180500,1.6,1.625,1.6,1.6,5300,0
BKKT-WS.US,5,20211019,181000,1.6,1.63,1.6,1.63,800,0
BKKT-WS.US,5,20211019,181500,1.625,1.625,1.6,1.6,1400,0
BKKT-WS.US,5,20211019,182000,1.6,1.6,1.59,1.59,200,0
BKKT-WS.US,5,20211019,183000,1.5866,1.5866,1.58,1.58,2500,0
BKKT-WS.US,5,20211019,183500,1.56,1.5782,1.56,1.5782,700,0
BKKT-WS.US,5,20211019,184000,1.5799,1.585,1.5799,1.585,6200,0
BKKT-WS.US,5,20211019,185000,1.585,1.585,1.58,1.58,200,0
BKKT-WS.US,5,20211019,185500,1.58,1.58,1.58,1.58,100,0
BKKT-WS.US,5,20211019,190000,1.58,1.58,1.58,1.58,1000,0
BKKT-WS.US,5,20211019,191500,1.54,1.5415,1.51,1.51,9893,0
BKKT-WS.US,5,20211019,192000,1.51,1.51,1.51,1.51,300,0
BKKT-WS.US,5,20211019,192500,1.5245,1.56,1.52,1.52,4950,0
BKKT-WS.US,5,20211019,194500,1.5401,1.57,1.54,1.56,1985,0
BKKT-WS.US,5,20211019,195000,1.56,1.58,1.56,1.57,1079,0
BKKT-WS.US,5,20211019,195500,1.57,1.58,1.57,1.58,673,0
BKKT-WS.US,5,20211019,200000,1.56,1.56,1.56,1.56,730,0
BKKT-WS.US,5,20211019,200500,1.56,1.56,1.56,1.56,381,0
BKKT-WS.US,5,20211019,201000,1.55,1.55,1.53,1.53,1694,0
BKKT-WS.US,5,20211019,202000,1.5701,1.5707,1.5701,1.5707,800,0
BKKT-WS.US,5,20211019,202500,1.576,1.576,1.56,1.56,300,0
BKKT-WS.US,5,20211019,203000,1.56,1.56,1.56,1.56,100,0
BKKT-WS.US,5,20211019,203500,1.58,1.58,1.58,1.58,4427,0
BKKT-WS.US,5,20211019,204000,1.585,1.62,1.585,1.605,6300,0
BKKT-WS.US,5,20211019,210500,1.605,1.605,1.605,1.605,550,0
BKKT-WS.US,5,20211019,211000,1.605,1.605,1.605,1.605,625,0
BKKT-WS.US,5,20211019,211500,1.62,1.62,1.61,1.61,700,0
BKKT-WS.US,5,20211019,212000,1.61,1.61,1.61,1.61,100,0
BKKT-WS.US,5,20211019,213000,1.62,1.62,1.62,1.62,400,0
BKKT-WS.US,5,20211019,213500,1.615,1.6191,1.615,1.6191,300,0
BKKT-WS.US,5,20211019,214000,1.615,1.615,1.6,1.6,1700,0
BKKT-WS.US,5,20211019,214500,1.59,1.61,1.5701,1.61,3856,0
BKKT-WS.US,5,20211019,215000,1.62,1.62,1.6,1.62,3600,0
BKKT-WS.US,5,20211019,215500,1.6299,1.6299,1.6,1.62,11900,0
BKKT-WS.US,5,20211020,153000,1.68,1.68,1.6001,1.6001,1271,0
BKKT-WS.US,5,20211020,154500,1.74,1.74,1.74,1.74,500,0
BKKT-WS.US,5,20211020,155500,1.73,1.73,1.7299,1.7299,200,0
BKKT-WS.US,5,20211020,160000,1.61,1.6101,1.6,1.61,1100,0
BKKT-WS.US,5,20211020,160500,1.6807,1.6807,1.6807,1.6807,200,0
BKKT-WS.US,5,20211020,163500,1.62,1.63,1.62,1.6235,2400,0
BKKT-WS.US,5,20211020,164000,1.619,1.6325,1.6,1.6,1700,0
BKKT-WS.US,5,20211020,164500,1.5999,1.6,1.5999,1.5999,2200,0
BKKT-WS.US,5,20211020,165000,1.635,1.67,1.635,1.67,1335,0
BKKT-WS.US,5,20211020,165500,1.7,1.8499,1.68,1.8499,29600,0
BKKT-WS.US,5,20211020,170000,1.83,1.83,1.82,1.82,2542,0
BKKT-WS.US,5,20211020,171000,1.7256,1.7256,1.7256,1.7256,161,0
BKKT-WS.US,5,20211020,171500,1.7448,1.745,1.74,1.74,10750,0
BKKT-WS.US,5,20211020,172000,1.74,1.7495,1.74,1.7495,1500,0
BKKT-WS.US,5,20211020,172500,1.74,1.75,1.715,1.715,10522,0
BKKT-WS.US,5,20211020,173500,1.725,1.725,1.725,1.725,500,0
BKKT-WS.US,5,20211020,174500,1.745,1.745,1.745,1.745,500,0
BKKT-WS.US,5,20211020,175500,1.75,1.75,1.74,1.74,10300,0
BKKT-WS.US,5,20211020,180000,1.74,1.74,1.74,1.74,100,0
BKKT-WS.US,5,20211020,181500,1.74,1.74,1.7,1.7,600,0
BKKT-WS.US,5,20211020,182000,1.725,1.75,1.725,1.75,10000,0
BKKT-WS.US,5,20211020,183000,1.7301,1.7301,1.73,1.73,800,0
BKKT-WS.US,5,20211020,183500,1.75,1.75,1.75,1.75,100,0
BKKT-WS.US,5,20211020,184000,1.74,1.7401,1.7,1.73,2700,0
BKKT-WS.US,5,20211020,184500,1.74,1.75,1.73,1.74,15600,0
BKKT-WS.US,5,20211020,185000,1.74,1.74,1.74,1.74,3000,0
BKKT-WS.US,5,20211020,190000,1.7395,1.7395,1.7,1.7,4800,0
BKKT-WS.US,5,20211020,191500,1.7,1.7,1.7,1.7,100,0
BKKT-WS.US,5,20211020,193500,1.7,1.7,1.7,1.7,1000,0
BKKT-WS.US,5,20211020,194000,1.69,1.69,1.69,1.69,3000,0
BKKT-WS.US,5,20211020,195000,1.69,1.69,1.68,1.69,8699,0
BKKT-WS.US,5,20211020,195500,1.67,1.67,1.67,1.67,2000,0
BKKT-WS.US,5,20211020,200000,1.68,1.68,1.66,1.66,600,0
BKKT-WS.US,5,20211020,201500,1.6734,1.6734,1.66,1.66,500,0
BKKT-WS.US,5,20211020,202000,1.676,1.68,1.676,1.68,200,0
BKKT-WS.US,5,20211020,202500,1.6608,1.67,1.6608,1.67,3100,0
BKKT-WS.US,5,20211020,203000,1.668,1.668,1.668,1.668,220,0
BKKT-WS.US,5,20211020,203500,1.668,1.668,1.668,1.668,3700,0
BKKT-WS.US,5,20211020,204500,1.6601,1.6601,1.6601,1.6601,500,0
BKKT-WS.US,5,20211020,205000,1.6678,1.6678,1.6678,1.6678,300,0
BKKT-WS.US,5,20211020,210000,1.66,1.66,1.66,1.66,500,0
BKKT-WS.US,5,20211020,210500,1.66,1.6605,1.66,1.6605,903,0
BKKT-WS.US,5,20211020,211000,1.65,1.65,1.65,1.65,600,0
BKKT-WS.US,5,20211020,212000,1.6601,1.6799,1.6601,1.6799,300,0
BKKT-WS.US,5,20211020,213500,1.66,1.6799,1.66,1.6799,663,0
BKKT-WS.US,5,20211020,214000,1.66,1.66,1.66,1.66,606,0
BKKT-WS.US,5,20211020,215000,1.66,1.6605,1.65,1.65,4890,0
BKKT-WS.US,5,20211020,215500,1.65,1.65,1.63,1.63,1500,0
BKKT-WS.US,5,20211021,153000,1.6,1.6,1.6,1.6,100,0
BKKT-WS.US,5,20211021,154500,1.7399,1.74,1.7399,1.74,200,0
BKKT-WS.US,5,20211021,155000,1.7054,1.7054,1.7054,1.7054,100,0
BKKT-WS.US,5,20211021,162500,1.67,1.67,1.67,1.67,180,0
BKKT-WS.US,5,20211021,164500,1.655,1.66,1.655,1.66,300,0
BKKT-WS.US,5,20211021,172000,1.6999,1.7,1.6999,1.7,6000,0
BKKT-WS.US,5,20211021,175000,1.6501,1.6501,1.65,1.65,3400,0
BKKT-WS.US,5,20211021,175500,1.6499,1.6499,1.6499,1.6499,300,0
BKKT-WS.US,5,20211021,180500,1.63,1.63,1.63,1.63,3000,0
BKKT-WS.US,5,20211021,182000,1.6486,1.6486,1.6486,1.6486,600,0
BKKT-WS.US,5,20211021,184000,1.6316,1.6316,1.6316,1.6316,100,0
BKKT-WS.US,5,20211021,185500,1.64,1.65,1.635,1.65,600,0
BKKT-WS.US,5,20211021,193000,1.62,1.62,1.61,1.61,2860,0
BKKT-WS.US,5,20211021,193500,1.61,1.61,1.61,1.61,200,0
BKKT-WS.US,5,20211021,200000,1.61,1.62,1.61,1.62,7490,0
BKKT-WS.US,5,20211021,202000,1.62,1.62,1.62,1.62,150,0
BKKT-WS.US,5,20211021,211000,1.6236,1.6236,1.6236,1.6236,200,0
BKKT-WS.US,5,20211021,213000,1.62,1.65,1.61,1.61,12330,0
BKKT-WS.US,5,20211021,213500,1.605,1.605,1.605,1.605,200,0
BKKT-WS.US,5,20211021,214000,1.6,1.61,1.6,1.61,1157,0
BKKT-WS.US,5,20211022,153000,1.61,1.61,1.6,1.61,1694,0
BKKT-WS.US,5,20211022,153500,1.67,1.73,1.67,1.73,946,0
BKKT-WS.US,5,20211022,155000,1.7434,1.75,1.71,1.71,1300,0
BKKT-WS.US,5,20211022,155500,1.685,1.69,1.685,1.69,1200,0
BKKT-WS.US,5,20211022,161000,1.75,1.79,1.75,1.79,1150,0
BKKT-WS.US,5,20211022,162000,1.7,1.7,1.66,1.7,2000,0
BKKT-WS.US,5,20211022,163000,1.7099,1.7099,1.67,1.67,2700,0
BKKT-WS.US,5,20211022,164000,1.65,1.66,1.65,1.65,3565,0
BKKT-WS.US,5,20211022,165000,1.72,1.72,1.72,1.72,125,0
BKKT-WS.US,5,20211022,170500,1.73,1.73,1.73,1.73,285,0
BKKT-WS.US,5,20211022,171000,1.7,1.7,1.7,1.7,1000,0
BKKT-WS.US,5,20211022,171500,1.695,1.72,1.695,1.72,2000,0
BKKT-WS.US,5,20211022,172000,1.72,1.73,1.72,1.73,1800,0
BKKT-WS.US,5,20211022,172500,1.73,1.83,1.7299,1.83,7800,0
BKKT-WS.US,5,20211022,173500,1.72,1.72,1.7,1.7,1300,0
BKKT-WS.US,5,20211022,174000,1.725,1.725,1.725,1.725,100,0
BKKT-WS.US,5,20211022,174500,1.7499,1.75,1.7499,1.75,7600,0
BKKT-WS.US,5,20211022,181000,1.71,1.71,1.7,1.7,1600,0
BKKT-WS.US,5,20211022,182500,1.72,1.72,1.71,1.71,873,0
BKKT-WS.US,5,20211022,183000,1.72,1.72,1.72,1.72,12128,0
BKKT-WS.US,5,20211022,183500,1.75,1.75,1.7499,1.7499,1100,0
BKKT-WS.US,5,20211022,184000,1.7499,1.7499,1.7499,1.7499,1000,0
BKKT-WS.US,5,20211022,184500,1.72,1.72,1.72,1.72,100,0
BKKT-WS.US,5,20211022,185000,1.72,1.75,1.72,1.75,63300,0
BKKT-WS.US,5,20211022,185500,1.75,1.93,1.7492,1.93,60787,0
BKKT-WS.US,5,20211022,190000,1.89,1.8987,1.8001,1.8001,4400,0
BKKT-WS.US,5,20211022,190500,1.81,1.85,1.8,1.85,2250,0
BKKT-WS.US,5,20211022,191000,1.87,1.87,1.82,1.82,200,0
BKKT-WS.US,5,20211022,191500,1.8201,1.8212,1.8,1.8,3600,0
BKKT-WS.US,5,20211022,192000,1.83,1.87,1.8,1.87,4800,0
BKKT-WS.US,5,20211022,192500,1.87,1.87,1.83,1.8699,18670,0
BKKT-WS.US,5,20211022,193000,1.8506,1.855,1.8,1.8001,5000,0
BKKT-WS.US,5,20211022,193500,1.84,1.85,1.78,1.804,14020,0
BKKT-WS.US,5,20211022,194000,1.8,1.8,1.8,1.8,8400,0
BKKT-WS.US,5,20211022,194500,1.8,1.87,1.7999,1.87,23675,0
BKKT-WS.US,5,20211022,195000,1.87,1.87,1.8601,1.87,44533,0
BKKT-WS.US,5,20211022,195500,1.87,1.95,1.87,1.9,16730,0
BKKT-WS.US,5,20211022,200000,1.89,1.89,1.86,1.875,4910,0
BKKT-WS.US,5,20211022,200500,1.88,1.93,1.88,1.93,11400,0
BKKT-WS.US,5,20211022,201000,1.92,1.92,1.89,1.9001,7760,0
BKKT-WS.US,5,20211022,201500,1.92,1.93,1.9,1.9,3802,0
BKKT-WS.US,5,20211022,202500,1.89,1.9,1.89,1.9,1905,0
BKKT-WS.US,5,20211022,203000,1.8701,1.89,1.85,1.86,14955,0
BKKT-WS.US,5,20211022,203500,1.88,1.88,1.88,1.88,3000,0
BKKT-WS.US,5,20211022,204000,1.9,1.9,1.9,1.9,2732,0
BKKT-WS.US,5,20211022,204500,1.88,1.9398,1.8786,1.9398,4100,0
BKKT-WS.US,5,20211022,205000,1.94,1.97,1.87,1.87,108003,0
BKKT-WS.US,5,20211022,205500,1.95,1.95,1.74,1.85,37993,0
BKKT-WS.US,5,20211022,210000,1.9,1.9,1.85,1.85,14287,0
BKKT-WS.US,5,20211022,210500,1.85,1.88,1.82,1.87,2214,0
BKKT-WS.US,5,20211022,211000,1.85,1.86,1.85,1.85,2480,0
BKKT-WS.US,5,20211022,211500,1.84,1.9,1.84,1.9,4250,0
BKKT-WS.US,5,20211022,212000,1.85,1.91,1.83,1.91,3900,0
BKKT-WS.US,5,20211022,212500,1.8,1.8,1.7701,1.8,3150,0
BKKT-WS.US,5,20211022,213000,1.83,1.85,1.8,1.8,13751,0
BKKT-WS.US,5,20211022,213500,1.8799,1.8863,1.85,1.85,9600,0
BKKT-WS.US,5,20211022,214000,1.8499,1.85,1.8484,1.8484,1600,0
BKKT-WS.US,5,20211022,214500,1.875,1.875,1.875,1.875,400,0
BKKT-WS.US,5,20211022,215000,1.88,1.9185,1.84,1.84,12193,0
BKKT-WS.US,5,20211022,215500,1.84,1.855,1.83,1.83,7075,0
BKKT-WS.US,5,20211025,153000,3.71,3.71,3.1,3.1,162882,0
BKKT-WS.US,5,20211025,153500,3.1,3.103,2.8,2.8,112767,0
BKKT-WS.US,5,20211025,154000,2.8401,2.8401,2.58,2.5999,84210,0
BKKT-WS.US,5,20211025,154500,2.57,2.64,2.35,2.55,73424,0
BKKT-WS.US,5,20211025,155000,2.57,2.57,2.37,2.54,60399,0
BKKT-WS.US,5,20211025,155500,2.5245,2.7,2.48,2.6999,195778,0
BKKT-WS.US,5,20211025,160000,2.7,2.75,2.6498,2.7,78957,0
BKKT-WS.US,5,20211025,160500,2.75,3.38,2.7,3.34,353951,0
BKKT-WS.US,5,20211025,161000,3.34,3.88,3.3,3.68,338897,0
BKKT-WS.US,5,20211025,161500,3.7,3.81,3.07,3.73,858876,0
BKKT-WS.US,5,20211025,162000,3.73,3.99,3.65,3.96,379804,0
BKKT-WS.US,5,20211025,162500,3.95,4.6925,3.95,4.5601,381650,0
BKKT-WS.US,5,20211025,163000,4.6101,4.8,4.3,4.385,397419,0
BKKT-WS.US,5,20211025,163500,4.385,4.5,4.21,4.45,298437,0
BKKT-WS.US,5,20211025,164000,4.48,4.48,3.81,3.92,263401,0
BKKT-WS.US,5,20211025,164500,3.92,4,3.71,3.71,139925,0
BKKT-WS.US,5,20211025,165000,3.7401,3.99,3.66,3.89,206227,0
BKKT-WS.US,5,20211025,165500,3.885,3.94,3.72,3.79,78196,0
BKKT-WS.US,5,20211025,170000,3.79,3.88,3.76,3.84,58803,0
BKKT-WS.US,5,20211025,170500,3.79,3.79,3.25,3.4901,190837,0
BKKT-WS.US,5,20211025,171000,3.49,3.85,3.4512,3.85,45606,0
BKKT-WS.US,5,20211025,171500,3.83,4,3.805,4,59476,0
BKKT-WS.US,5,20211025,172000,4,4.2,3.8001,3.9201,86906,0
BKKT-WS.US,5,20211025,172500,3.9899,4.0683,3.83,3.83,32102,0
BKKT-WS.US,5,20211025,173000,3.88,4.19,3.85,4.19,29505,0
BKKT-WS.US,5,20211025,173500,4.1783,4.39,4.08,4.15,68006,0
BKKT-WS.US,5,20211025,174000,4.23,4.37,3.93,3.99,62941,0
BKKT-WS.US,5,20211025,174500,3.934,3.99,3.82,3.9,39362,0
BKKT-WS.US,5,20211025,175000,3.9199,4.14,3.9,4.14,53807,0
BKKT-WS.US,5,20211025,175500,4.125,4.4,4.1,4.2901,54189,0
BKKT-WS.US,5,20211025,180000,4.3599,4.3599,4.15,4.2,33076,0
BKKT-WS.US,5,20211025,180500,4.3,4.3,4.2,4.2599,21511,0
BKKT-WS.US,5,20211025,181000,4.24,4.4,4.24,4.355,79485,0
BKKT-WS.US,5,20211025,181500,4.375,4.59,4.27,4.3,78931,0
BKKT-WS.US,5,20211025,182000,4.3792,4.55,4.35,4.39,16777,0
BKKT-WS.US,5,20211025,182500,4.49,4.49,4.2,4.36,34869,0
BKKT-WS.US,5,20211025,183000,4.45,4.45,4.25,4.38,18743,0
BKKT-WS.US,5,20211025,183500,4.26,4.39,4.03,4.3326,19600,0
BKKT-WS.US,5,20211025,184000,4.39,5,4.3742,4.8101,91073,0
BKKT-WS.US,5,20211025,184500,4.84,4.9,4.69,4.8,46088,0
BKKT-WS.US,5,20211025,185000,4.7022,5.2,4.69,5.1499,136520,0
BKKT-WS.US,5,20211025,185500,5.09,5.1496,4.8,5.05,48607,0
BKKT-WS.US,5,20211025,190000,5.04,6,4.94,5.9053,320286,0
BKKT-WS.US,5,20211025,190500,5.86,6.03,5.67,5.71,226098,0
BKKT-WS.US,5,20211025,194500,6.2,9.11,6.16,9,849617,0
BKKT-WS.US,5,20211025,195000,9,11,7.64,8.4,769173,0
BKKT-WS.US,5,20211025,195500,8.3995,10,8.19,9.5,418993,0
BKKT-WS.US,5,20211025,200000,9.36,10,8.3,8.39,418841,0
BKKT-WS.US,5,20211025,200500,8.39,9.28,8.31,8.78,282326,0
BKKT-WS.US,5,20211025,201000,8.6,8.95,8.31,8.52,146300,0
BKKT-WS.US,5,20211025,201500,8.61,9.26,8.44,8.66,494029,0
BKKT-WS.US,5,20211025,202000,8.77,8.88,8.4,8.65,192310,0
BKKT-WS.US,5,20211025,202500,8.62,8.87,7.1,7.28,226714,0
BKKT-WS.US,5,20211025,203000,7.4409,8,7.25,7.6,124323,0
BKKT-WS.US,5,20211025,203500,7.6,7.69,6.31,6.7994,239271,0
BKKT-WS.US,5,20211025,204000,6.74,7.48,6.5748,7.42,157655,0
BKKT-WS.US,5,20211025,204500,7.4,7.94,7.3,7.86,165445,0
BKKT-WS.US,5,20211025,205000,7.86,8.35,7.7,7.7,118411,0
BKKT-WS.US,5,20211025,205500,7.66,7.7,6.55,7.3,79843,0
BKKT-WS.US,5,20211025,210000,7.3,7.91,7.02,7.7612,79816,0
BKKT-WS.US,5,20211025,210500,7.7,7.75,7.1,7.63,60961,0
BKKT-WS.US,5,20211025,211000,7.75,8.9,7.2,7.82,279173,0
BKKT-WS.US,5,20211025,211500,7.81,8.5,7.72,8.1303,96946,0
BKKT-WS.US,5,20211025,212000,8.3,8.3,7.5,7.6467,93092,0
BKKT-WS.US,5,20211025,212500,7.5,7.88,7.42,7.64,59868,0
BKKT-WS.US,5,20211025,213000,7.65,7.93,7.53,7.846,157700,0
BKKT-WS.US,5,20211025,213500,7.89,8.08,7.54,7.69,52663,0
BKKT-WS.US,5,20211025,214000,7.75,8.9,7.75,8.8,241745,0
BKKT-WS.US,5,20211025,214500,8.59,9.5,8.59,9.3501,294855,0
BKKT-WS.US,5,20211025,215000,9.4,10.99,9.29,10.2,511843,0
BKKT-WS.US,5,20211025,215500,10.38,10.5,9.69,10.48,311768,0
BKKT-WS.US,5,20211026,153000,10.38,10.67,6.24,8.2901,473672,0
BKKT-WS.US,5,20211026,153500,8.38,9.48,7.5276,7.8,260399,0
BKKT-WS.US,5,20211026,154000,7.8202,10.845,7.8202,10.7099,309037,0
BKKT-WS.US,5,20211026,154500,10.71,11.2512,10.0801,10.3,216762,0
BKKT-WS.US,5,20211026,155000,10.3,10.395,8.01,8.36,148931,0
BKKT-WS.US,5,20211026,155500,8.343,8.8,7.8,7.9,75433,0
BKKT-WS.US,5,20211026,160000,8.2357,8.75,7.9,8.45,92015,0
BKKT-WS.US,5,20211026,160500,8.535,8.5391,7.21,7.75,141681,0
BKKT-WS.US,5,20211026,161000,7.7103,8.6799,7.7,7.87,119315,0
BKKT-WS.US,5,20211026,161500,7.87,8.86,7.87,8.05,81160,0
BKKT-WS.US,5,20211026,162000,8.01,8.2,7.68,7.91,57242,0
BKKT-WS.US,5,20211026,162500,8.0099,8.2,7.5648,7.81,66013,0
BKKT-WS.US,5,20211026,163000,7.81,7.95,7.15,7.7394,116375,0
BKKT-WS.US,5,20211026,163500,7.61,7.7567,6.5,7,142443,0
BKKT-WS.US,5,20211026,164000,7,7.92,7,7.71,68992,0
BKKT-WS.US,5,20211026,164500,7.6,8.15,7.5,7.6808,66480,0
BKKT-WS.US,5,20211026,165000,7.6825,8.5,7.6631,8.44,49442,0
BKKT-WS.US,5,20211026,165500,8.4,8.57,7.935,8.33,29353,0
BKKT-WS.US,5,20211026,170000,8.34,8.44,8.18,8.18,19505,0
BKKT-WS.US,5,20211026,170500,8.18,8.5,8,8.02,24824,0
BKKT-WS.US,5,20211026,171000,8.05,8.36,8.01,8.18,21154,0
BKKT-WS.US,5,20211026,171500,8.37,8.37,8.09,8.12,7713,0
BKKT-WS.US,5,20211026,172000,8.05,8.27,7.5701,7.73,55616,0
BKKT-WS.US,5,20211026,172500,7.6413,7.89,7.6413,7.75,18759,0
BKKT-WS.US,5,20211026,173000,7.7,7.81,6.95,6.96,29728,0
BKKT-WS.US,5,20211026,173500,6.9895,7.1,6.84,7.1,103288,0
BKKT-WS.US,5,20211026,174000,7,7.15,6.9,7,66351,0
BKKT-WS.US,5,20211026,174500,7,7.15,6.94,7.1002,27129,0
BKKT-WS.US,5,20211026,175000,7.1,7.44,7.02,7.23,25802,0
BKKT-WS.US,5,20211026,175500,7.2282,7.44,7.1,7.2099,31062,0
BKKT-WS.US,5,20211026,180000,7.265,7.3101,7.1,7.17,14462,0
BKKT-WS.US,5,20211026,180500,7.11,7.24,7.11,7.2,6971,0
BKKT-WS.US,5,20211026,181000,7.2,7.51,7.16,7.4594,11220,0
BKKT-WS.US,5,20211026,181500,7.4428,7.6106,7.4,7.5,26760,0
BKKT-WS.US,5,20211026,182000,7.48,7.7,7.41,7.5339,16613,0
BKKT-WS.US,5,20211026,182500,7.5,7.7272,7.46,7.6,17219,0
BKKT-WS.US,5,20211026,183000,7.69,7.7,7.4,7.4,16311,0
BKKT-WS.US,5,20211026,183500,7.4,7.41,7.16,7.4,25141,0
BKKT-WS.US,5,20211026,184000,7.2,7.37,7.2,7.27,4750,0
BKKT-WS.US,5,20211026,184500,7.2,7.3014,7.15,7.17,18205,0
BKKT-WS.US,5,20211026,185000,7.27,7.415,7.1,7.11,26379,0
BKKT-WS.US,5,20211026,185500,7.1067,7.2528,7.1,7.2528,23380,0
BKKT-WS.US,5,20211026,190000,7.2,7.36,7.2,7.3598,14000,0
BKKT-WS.US,5,20211026,190500,7.27,7.47,7.25,7.402,8203,0
BKKT-WS.US,5,20211026,191000,7.2671,7.3824,6.97,6.995,32077,0
BKKT-WS.US,5,20211026,191500,6.99,7.16,6.9501,7.1299,18624,0
BKKT-WS.US,5,20211026,192000,7.1,7.115,6.91,6.91,12744,0
BKKT-WS.US,5,20211026,192500,6.9529,6.96,6.69,6.745,21806,0
BKKT-WS.US,5,20211026,193000,6.8384,6.9,6.68,6.8099,4493,0
BKKT-WS.US,5,20211026,193500,6.6801,6.9,6.6801,6.89,8284,0
BKKT-WS.US,5,20211026,194000,6.89,6.9,6.7194,6.82,4740,0
BKKT-WS.US,5,20211026,194500,6.75,6.85,6.5,6.5992,21111,0
BKKT-WS.US,5,20211026,195000,6.56,6.66,6.52,6.6051,46019,0
BKKT-WS.US,5,20211026,195500,6.6,6.6,6.25,6.437,67068,0
BKKT-WS.US,5,20211026,200000,6.41,6.5015,6.2001,6.4,27459,0
BKKT-WS.US,5,20211026,200500,6.4234,6.4694,6.35,6.45,13439,0
BKKT-WS.US,5,20211026,201000,6.35,6.47,6.2465,6.465,20966,0
BKKT-WS.US,5,20211026,201500,6.475,6.55,6.43,6.55,10705,0
BKKT-WS.US,5,20211026,202000,6.55,6.66,6.5,6.5,19816,0
BKKT-WS.US,5,20211026,202500,6.4501,6.57,6.33,6.44,24737,0
BKKT-WS.US,5,20211026,203000,6.5341,6.64,6.32,6.5,26197,0
BKKT-WS.US,5,20211026,203500,6.6,6.6,6.45,6.465,16253,0
BKKT-WS.US,5,20211026,204000,6.48,6.5,6.325,6.36,10672,0
BKKT-WS.US,5,20211026,204500,6.335,6.42,6.23,6.25,38631,0
BKKT-WS.US,5,20211026,205000,6.25,6.25,6.23,6.25,10263,0
BKKT-WS.US,5,20211026,205500,6.23,6.2399,5.88,6.12,56244,0
BKKT-WS.US,5,20211026,210000,6.1199,6.12,5.9,6,26218,0
BKKT-WS.US,5,20211026,210500,5.95,6.05,5.95,5.98,29840,0
BKKT-WS.US,5,20211026,211000,6,6.05,5.92,5.9475,6503,0
BKKT-WS.US,5,20211026,211500,5.9115,6.25,5.9097,6.0652,56111,0
BKKT-WS.US,5,20211026,212000,6,6.01,5.9274,6,8527,0
BKKT-WS.US,5,20211026,212500,6,6.22,5.95,6.19,42305,0
BKKT-WS.US,5,20211026,213000,6.24,6.24,6.1,6.2,8600,0
BKKT-WS.US,5,20211026,213500,6.2,6.39,6.1101,6.135,30813,0
BKKT-WS.US,5,20211026,214000,6.15,6.28,6.01,6.2308,17897,0
BKKT-WS.US,5,20211026,214500,6.195,6.3499,6.1739,6.3499,24601,0
BKKT-WS.US,5,20211026,215000,6.2793,6.43,6.2401,6.31,40723,0
BKKT-WS.US,5,20211026,215500,6.31,6.43,6.24,6.24,25832,0
BKKT-WS.US,5,20211027,153000,5.34,5.49,5.02,5.4,25351,0
BKKT-WS.US,5,20211027,153500,5.49,5.86,5.08,5.8389,72650,0
BKKT-WS.US,5,20211027,154000,5.8,5.8599,5.25,5.64,55927,0
BKKT-WS.US,5,20211027,154500,5.5794,5.66,5.25,5.625,40480,0
BKKT-WS.US,5,20211027,155000,5.61,5.67,5.57,5.6,15114,0
BKKT-WS.US,5,20211027,155500,5.64,5.68,5.5001,5.51,15818,0
BKKT-WS.US,5,20211027,160000,5.569,5.569,5.25,5.44,14782,0
BKKT-WS.US,5,20211027,160500,5.44,5.69,5.3,5.58,43996,0
BKKT-WS.US,5,20211027,161000,5.58,5.58,5.3,5.405,13784,0
BKKT-WS.US,5,20211027,161500,5.33,5.4399,5.2602,5.33,10500,0
BKKT-WS.US,5,20211027,162000,5.35,5.4175,5.27,5.36,5583,0
BKKT-WS.US,5,20211027,162500,5.43,5.59,5.28,5.475,38877,0
BKKT-WS.US,5,20211027,163000,5.5384,5.6208,5.36,5.5,7750,0
BKKT-WS.US,5,20211027,163500,5.5001,5.87,5.5001,5.735,49215,0
BKKT-WS.US,5,20211027,164000,5.7315,5.9299,5.65,5.85,19424,0
BKKT-WS.US,5,20211027,164500,5.94,6.06,5.85,5.86,12794,0
BKKT-WS.US,5,20211027,165000,5.86,5.9369,5.75,5.9369,9761,0
BKKT-WS.US,5,20211027,165500,5.8694,5.9369,5.8,5.88,4025,0
BKKT-WS.US,5,20211027,170000,5.9782,6,5.94,6,24015,0
BKKT-WS.US,5,20211027,170500,5.921,6.17,5.9,6.015,23421,0
BKKT-WS.US,5,20211027,171000,6.05,6.35,6.05,6.22,10718,0
BKKT-WS.US,5,20211027,171500,6.45,7.6,6.34,7.335,105125,0
BKKT-WS.US,5,20211027,172000,7.46,7.91,7.22,7.43,140514,0
BKKT-WS.US,5,20211027,172500,7.43,7.66,7.2104,7.65,50451,0
BKKT-WS.US,5,20211027,173000,7.57,7.57,6.955,7.2195,47942,0
BKKT-WS.US,5,20211027,173500,7.2001,7.24,6.95,6.95,7045,0
BKKT-WS.US,5,20211027,174000,6.8395,7.3,6.44,7.21,31158,0
BKKT-WS.US,5,20211027,174500,7.155,7.255,7.0101,7.0576,33222,0
BKKT-WS.US,5,20211027,175000,7.1981,7.5,7.11,7.415,69584,0
BKKT-WS.US,5,20211027,175500,7.3959,7.5,7.172,7.4611,24913,0
BKKT-WS.US,5,20211027,180000,7.435,7.89,7.39,7.8342,204675,0
BKKT-WS.US,5,20211027,180500,7.84,8.3,7.76,7.85,118019,0
BKKT-WS.US,5,20211027,181000,7.85,8.5,7.8492,8.4687,197349,0
BKKT-WS.US,5,20211027,181500,8.405,8.82,8.33,8.8,142820,0
BKKT-WS.US,5,20211027,182000,8.725,8.788,8.5,8.6,61138,0
BKKT-WS.US,5,20211027,182500,8.6,8.6,7.55,7.95,52777,0
BKKT-WS.US,5,20211027,183000,8.02,8.2208,7.61,7.6616,34275,0
BKKT-WS.US,5,20211027,183500,7.52,7.73,7.15,7.3,64008,0
BKKT-WS.US,5,20211027,184000,7.53,8,7.4999,7.8,44934,0
BKKT-WS.US,5,20211027,184500,7.76,8,7.6201,7.85,14721,0
BKKT-WS.US,5,20211027,185000,7.85,7.85,7.63,7.78,8900,0
BKKT-WS.US,5,20211027,185500,7.62,7.65,7.4,7.4,16817,0
BKKT-WS.US,5,20211027,190000,7.41,7.5,7.24,7.32,21508,0
BKKT-WS.US,5,20211027,190500,7.3976,7.5729,7.3976,7.4001,20137,0
BKKT-WS.US,5,20211027,191000,7.51,7.76,7.4101,7.4101,7131,0
BKKT-WS.US,5,20211027,191500,7.6,7.82,7.53,7.82,22625,0
BKKT-WS.US,5,20211027,192000,7.8,7.9,7.76,7.8764,15324,0
BKKT-WS.US,5,20211027,192500,7.9,8.25,7.845,8.01,67072,0
BKKT-WS.US,5,20211027,193000,8,8.24,7.91,8.18,28248,0
BKKT-WS.US,5,20211027,193500,8.24,8.3,7.54,8,44169,0
BKKT-WS.US,5,20211027,194000,8.0185,8.045,7.57,7.8209,25954,0
BKKT-WS.US,5,20211027,194500,7.75,7.77,7.6,7.68,6185,0
BKKT-WS.US,5,20211027,195000,7.7068,8.05,7.6404,7.952,39099,0
BKKT-WS.US,5,20211027,195500,7.975,8.48,7.95,8.42,127080,0
BKKT-WS.US,5,20211027,200000,8.4106,8.89,7.97,8.8483,201989,0
BKKT-WS.US,5,20211027,200500,8.83,9.07,8.52,8.573,98254,0
BKKT-WS.US,5,20211027,201000,8.6,8.6,8.4405,8.46,13243,0
BKKT-WS.US,5,20211027,201500,8.6,8.8,8.11,8.79,32748,0
BKKT-WS.US,5,20211027,202000,8.79,8.863,8.03,8.15,38884,0
BKKT-WS.US,5,20211027,202500,8.13,8.4,8,8.321,19850,0
BKKT-WS.US,5,20211027,203000,8.42,8.78,8.31,8.4654,27082,0
BKKT-WS.US,5,20211027,203500,8.4,8.5,8.35,8.5,18026,0
BKKT-WS.US,5,20211027,204000,8.46,8.7999,8.46,8.6123,16700,0
BKKT-WS.US,5,20211027,204500,8.6253,9.3599,8.6,9.0944,66026,0
BKKT-WS.US,5,20211027,205000,8.91,9.31,8.82,8.82,104592,0
BKKT-WS.US,5,20211027,205500,8.8371,9.29,8.6826,9.29,54590,0
BKKT-WS.US,5,20211027,210000,9.05,9.21,9,9.15,50084,0
BKKT-WS.US,5,20211027,210500,9.13,9.29,9,9,44717,0
BKKT-WS.US,5,20211027,211000,9,9.1,9,9,40055,0
BKKT-WS.US,5,20211027,211500,9.01,9.1,9,9.0204,22930,0
BKKT-WS.US,5,20211027,212000,9.06,9.06,8.85,8.86,73043,0
BKKT-WS.US,5,20211027,212500,8.7952,9.06,8.45,8.8465,33213,0
BKKT-WS.US,5,20211027,213000,8.71,8.72,8.43,8.525,25617,0
BKKT-WS.US,5,20211027,213500,8.4,8.79,8.11,8.4201,19440,0
BKKT-WS.US,5,20211027,214000,8.56,8.56,7.67,8.06,53048,0
BKKT-WS.US,5,20211027,214500,8.06,8.6899,7.995,8.6899,20049,0
BKKT-WS.US,5,20211027,215000,8.3401,8.6899,8.3401,8.6029,11560,0
BKKT-WS.US,5,20211027,215500,8.6156,9,8.6156,8.71,60477,0
BKKT-WS.US,5,20211028,153000,9.2,9.9999,9.05,9.99,31622,0
BKKT-WS.US,5,20211028,153500,9.83,10.12,8.71,8.9633,64938,0
BKKT-WS.US,5,20211028,154000,8.92,9.19,8.66,9,28511,0
BKKT-WS.US,5,20211028,154500,9,9.505,9,9.48,13288,0
BKKT-WS.US,5,20211028,155000,9.27,9.3418,8.8001,8.86,7243,0
BKKT-WS.US,5,20211028,155500,8.7601,9.2,8.7601,8.8,20048,0
BKKT-WS.US,5,20211028,160000,9.01,9.5399,9.01,9.3,17700,0
BKKT-WS.US,5,20211028,160500,9.2,10.24,9.1,10.24,39810,0
BKKT-WS.US,5,20211028,161000,10.25,10.25,9.83,9.99,31097,0
BKKT-WS.US,5,20211028,161500,10,10.02,9.7,9.81,26284,0
BKKT-WS.US,5,20211028,162000,9.9,10.1485,9.84,10.1,16751,0
BKKT-WS.US,5,20211028,162500,10,10.2,9.74,10.1881,22577,0
BKKT-WS.US,5,20211028,163000,10.1696,10.5,10.03,10.2,45380,0
BKKT-WS.US,5,20211028,163500,10.18,10.18,9.7,9.7,7305,0
BKKT-WS.US,5,20211028,164000,9.77,9.98,9.75,9.915,12655,0
BKKT-WS.US,5,20211028,164500,9.98,10,9.52,9.52,6907,0
BKKT-WS.US,5,20211028,165000,9.46,9.67,8.99,9.1527,35572,0
BKKT-WS.US,5,20211028,165500,9.14,9.5,9.14,9.5,25752,0
BKKT-WS.US,5,20211028,170000,9.28,9.49,9.15,9.25,7786,0
BKKT-WS.US,5,20211028,170500,9.25,9.5,9.25,9.5,970,0
BKKT-WS.US,5,20211028,171000,9.4799,9.5699,9.4142,9.5699,4080,0
BKKT-WS.US,5,20211028,171500,9.53,9.65,9.4001,9.65,5367,0
BKKT-WS.US,5,20211028,172000,9.65,9.8,9.64,9.67,13986,0
BKKT-WS.US,5,20211028,172500,9.6404,9.73,9.5,9.6,12414,0
BKKT-WS.US,5,20211028,173000,9.5,9.6,9.16,9.16,8169,0
BKKT-WS.US,5,20211028,173500,9.16,9.65,9.16,9.65,13066,0
BKKT-WS.US,5,20211028,174000,9.65,9.88,9.65,9.88,4466,0
BKKT-WS.US,5,20211028,174500,9.75,9.75,9.32,9.59,1886,0
BKKT-WS.US,5,20211028,175000,9.33,9.5499,9.33,9.5499,13305,0
BKKT-WS.US,5,20211028,175500,9.5499,9.5499,9.27,9.3634,7500,0
BKKT-WS.US,5,20211028,180000,9.45,10.1622,9.42,10.0633,42813,0
BKKT-WS.US,5,20211028,180500,10.055,10.21,9.99,10.139,24840,0
BKKT-WS.US,5,20211028,181000,10.0001,10.29,9.92,9.97,9027,0
BKKT-WS.US,5,20211028,181500,9.96,10.04,9.95,10.04,7961,0
BKKT-WS.US,5,20211028,182000,10.05,10.1,10.01,10.0163,2600,0
BKKT-WS.US,5,20211028,182500,10.17,10.3,10.095,10.095,5502,0
BKKT-WS.US,5,20211028,183000,10.02,10.18,10,10.18,3466,0
BKKT-WS.US,5,20211028,183500,10.18,10.5,10.14,10.4975,40753,0
BKKT-WS.US,5,20211028,184000,10.31,10.5,10.3,10.3818,15570,0
BKKT-WS.US,5,20211028,184500,10.31,10.35,10.25,10.2501,17194,0
BKKT-WS.US,5,20211028,185000,10.25,10.4643,10.25,10.4201,9863,0
BKKT-WS.US,5,20211028,185500,10.45,10.5,10,10.36,26537,0
BKKT-WS.US,5,20211028,190000,10.33,10.36,10.06,10.06,6257,0
BKKT-WS.US,5,20211028,190500,10.05,10.26,10.05,10.25,12890,0
BKKT-WS.US,5,20211028,191000,10.28,10.35,10.05,10.1,7098,0
BKKT-WS.US,5,20211028,191500,10.05,10.1,9.8,10.0986,9866,0
BKKT-WS.US,5,20211028,192000,10.0501,10.0501,9.8,9.9951,7341,0
BKKT-WS.US,5,20211028,192500,9.95,9.99,9.6,9.73,11603,0
BKKT-WS.US,5,20211028,193000,9.76,9.905,9.25,9.25,34345,0
BKKT-WS.US,5,20211028,193500,9.2001,9.95,9.0901,9.94,28313,0
BKKT-WS.US,5,20211028,194000,9.98,10,9.6,9.89,18591,0
BKKT-WS.US,5,20211028,194500,9.707,9.9,9.4,9.71,18949,0
BKKT-WS.US,5,20211028,195000,9.56,9.72,9.45,9.4683,18069,0
BKKT-WS.US,5,20211028,195500,9.42,9.5499,9.21,9.5499,5000,0
BKKT-WS.US,5,20211028,200000,9.425,9.425,9.3,9.31,2418,0
BKKT-WS.US,5,20211028,200500,9.41,9.4481,9.25,9.4481,6965,0
BKKT-WS.US,5,20211028,201000,9.32,9.32,9.2,9.2,14400,0
BKKT-WS.US,5,20211028,201500,9.2,9.2,9.1,9.1001,5727,0
BKKT-WS.US,5,20211028,202000,9.1,9.1,9.0434,9.0999,5743,0
BKKT-WS.US,5,20211028,202500,9.0004,9.0004,8.01,8.7997,15922,0
BKKT-WS.US,5,20211028,203000,8.9799,8.9899,8.82,8.9899,12732,0
BKKT-WS.US,5,20211028,203500,8.87,9,8.7708,9,3100,0
BKKT-WS.US,5,20211028,204000,8.77,9,8.77,8.9899,3966,0
BKKT-WS.US,5,20211028,204500,8.8801,8.99,8.8801,8.99,2750,0
BKKT-WS.US,5,20211028,205000,8.92,9,8.92,8.92,3086,0
BKKT-WS.US,5,20211028,205500,8.9078,8.9078,8.8,8.8,4100,0
BKKT-WS.US,5,20211028,210000,8.85,8.96,8.74,8.74,5195,0
BKKT-WS.US,5,20211028,210500,8.71,8.9,8.7,8.9,9712,0
BKKT-WS.US,5,20211028,211000,8.825,8.9,8.6,8.62,9014,0
BKKT-WS.US,5,20211028,211500,8.78,8.78,8.59,8.7585,19507,0
BKKT-WS.US,5,20211028,212000,8.6881,8.75,8.59,8.67,4439,0
BKKT-WS.US,5,20211028,212500,8.69,8.8999,8.62,8.71,19684,0
BKKT-WS.US,5,20211028,213000,8.71,8.85,8.52,8.6895,10650,0
BKKT-WS.US,5,20211028,213500,8.56,8.75,8.54,8.7,2990,0
BKKT-WS.US,5,20211028,214000,8.6,8.73,8.5006,8.61,7134,0
BKKT-WS.US,5,20211028,214500,8.6699,8.89,8.64,8.7501,6151,0
BKKT-WS.US,5,20211028,215000,8.75,8.81,8.48,8.5,25855,0
BKKT-WS.US,5,20211028,215500,8.5,8.5,8.2201,8.5,8103,0
BKKT-WS.US,5,20211029,153000,8.44,9.3,8.34,9,59245,0
BKKT-WS.US,5,20211029,153500,9.0001,9.2369,8.15,8.15,49048,0
BKKT-WS.US,5,20211029,154000,8.1867,8.55,8.1106,8.3599,29629,0
BKKT-WS.US,5,20211029,154500,8.42,8.42,8.25,8.39,6643,0
BKKT-WS.US,5,20211029,155000,8.3,8.39,8.1473,8.2361,6498,0
BKKT-WS.US,5,20211029,155500,8.21,8.39,8.21,8.39,2441,0
BKKT-WS.US,5,20211029,160000,8.3674,9.48,8.3674,9.095,34251,0
BKKT-WS.US,5,20211029,160500,9.0944,9.0944,8.53,8.86,8600,0
BKKT-WS.US,5,20211029,161000,8.8499,9.0997,8.76,8.7921,7735,0
BKKT-WS.US,5,20211029,161500,8.7654,9.3999,8.7654,9.2799,27831,0
BKKT-WS.US,5,20211029,162000,9.2091,9.28,9.07,9.103,16413,0
BKKT-WS.US,5,20211029,162500,9.2,9.58,9.1703,9.365,29793,0
BKKT-WS.US,5,20211029,163000,9.45,9.4999,9.2181,9.47,18182,0
BKKT-WS.US,5,20211029,163500,9.41,9.54,9.2,9.5,29950,0
BKKT-WS.US,5,20211029,164000,9.43,9.5,9.2416,9.33,11330,0
BKKT-WS.US,5,20211029,164500,9.33,9.33,9,9.17,20317,0
BKKT-WS.US,5,20211029,165000,9.1463,9.1463,9,9,7250,0
BKKT-WS.US,5,20211029,165500,9,9.3107,8.9665,9.25,11962,0
BKKT-WS.US,5,20211029,170000,9.22,9.4639,9.15,9.1829,5695,0
BKKT-WS.US,5,20211029,170500,9.3,9.3,9.15,9.17,900,0
BKKT-WS.US,5,20211029,171000,9.18,9.53,9.15,9.2229,20827,0
BKKT-WS.US,5,20211029,171500,9.36,9.36,9.1233,9.2884,13329,0
BKKT-WS.US,5,20211029,172000,9.288,9.55,9.2723,9.36,22675,0
BKKT-WS.US,5,20211029,172500,9.2101,9.45,9.2101,9.45,870,0
BKKT-WS.US,5,20211029,173000,9.41,9.6,9.35,9.6,4751,0
BKKT-WS.US,5,20211029,173500,9.53,9.79,9.53,9.71,12374,0
BKKT-WS.US,5,20211029,174000,9.7,9.74,9.6,9.6,33197,0
BKKT-WS.US,5,20211029,174500,9.6799,9.7,9.6,9.6001,17674,0
BKKT-WS.US,5,20211029,175000,9.6,9.7,9.6,9.7,15222,0
BKKT-WS.US,5,20211029,175500,9.675,9.72,9.35,9.35,15209,0
BKKT-WS.US,5,20211029,180000,9.368,9.37,9.35,9.35,7730,0
BKKT-WS.US,5,20211029,180500,9.4,9.4871,9.2,9.47,12588,0
BKKT-WS.US,5,20211029,181000,9.45,9.6,9.4499,9.5,16043,0
BKKT-WS.US,5,20211029,181500,9.6,9.6,9.49,9.49,500,0
BKKT-WS.US,5,20211029,182000,9.45,9.54,9.32,9.54,20040,0
BKKT-WS.US,5,20211029,182500,9.4847,9.4847,9.35,9.35,1590,0
BKKT-WS.US,5,20211029,183000,9.35,9.5115,9.35,9.46,6125,0
BKKT-WS.US,5,20211029,183500,9.5182,9.58,9.49,9.52,1800,0
BKKT-WS.US,5,20211029,184000,9.59,9.65,9.56,9.56,5870,0
BKKT-WS.US,5,20211029,184500,9.56,9.95,9.56,9.95,17041,0
BKKT-WS.US,5,20211029,185000,9.92,10,9.51,9.51,22680,0
BKKT-WS.US,5,20211029,185500,9.714,9.89,9.68,9.89,3400,0
BKKT-WS.US,5,20211029,190000,9.8254,10.25,9.8,10.19,72379,0
BKKT-WS.US,5,20211029,190500,10.075,11,10,10.6,131495,0
BKKT-WS.US,5,20211029,191000,10.87,11.3569,10.75,11.15,107061,0
BKKT-WS.US,5,20211029,191500,11.1499,12,11.06,11.5,93611,0
BKKT-WS.US,5,20211029,192000,11.48,11.5,10.7562,10.7562,39542,0
BKKT-WS.US,5,20211029,192500,10.876,11.17,10.72,10.825,49944,0
BKKT-WS.US,5,20211029,193000,10.78,11.2,10.59,10.79,24235,0
BKKT-WS.US,5,20211029,193500,10.88,11.2,10.78,11.19,17519,0
BKKT-WS.US,5,20211029,194000,11.1,11.87,10.76,11.5637,82014,0
BKKT-WS.US,5,20211029,194500,11.505,11.59,11.2,11.445,20117,0
BKKT-WS.US,5,20211029,195000,11.32,11.95,11.3105,11.75,33593,0
BKKT-WS.US,5,20211029,195500,11.7,11.97,11.52,11.77,29381,0
BKKT-WS.US,5,20211029,200000,11.7274,12.1722,11.52,12,72096,0
BKKT-WS.US,5,20211029,200500,11.955,12.45,11.91,12.45,62012,0
BKKT-WS.US,5,20211029,201000,12.2895,12.58,12.12,12.18,47876,0
BKKT-WS.US,5,20211029,201500,12.265,12.3099,11.72,11.845,48605,0
BKKT-WS.US,5,20211029,202000,11.95,12.14,11.75,12,25649,0
BKKT-WS.US,5,20211029,202500,12.13,12.49,12.0001,12.45,25093,0
BKKT-WS.US,5,20211029,203000,12.3372,12.9,12.32,12.8455,73898,0
BKKT-WS.US,5,20211029,203500,12.9,12.99,12.45,12.54,82130,0
BKKT-WS.US,5,20211029,204000,12.55,12.75,12.25,12.48,49272,0
BKKT-WS.US,5,20211029,204500,12.48,12.6842,12.41,12.46,32247,0
BKKT-WS.US,5,20211029,205000,12.49,13,12.41,12.6,69836,0
BKKT-WS.US,5,20211029,205500,12.5413,12.605,12.2,12.49,44054,0
BKKT-WS.US,5,20211029,210000,12.48,14,12.3498,13.34,62123,0
BKKT-WS.US,5,20211029,210500,13.42,14.2,13.3001,14.04,45271,0
BKKT-WS.US,5,20211029,211000,14.21,14.45,13.82,14.15,59781,0
BKKT-WS.US,5,20211029,211500,13.93,14.4,13.9,14.4,45231,0
BKKT-WS.US,5,20211029,212000,14.4,14.4,14.01,14.26,64797,0
BKKT-WS.US,5,20211029,212500,14.2,14.75,14.15,14.75,61987,0
BKKT-WS.US,5,20211029,213000,14.8,15.3799,14.67,15.2,87812,0
BKKT-WS.US,5,20211029,213500,15.38,15.79,15.01,15.579,43130,0
BKKT-WS.US,5,20211029,214000,15.57,16.3,15.5,16,80245,0
BKKT-WS.US,5,20211029,214500,15.99,16.34,15.85,16.1213,73124,0
BKKT-WS.US,5,20211029,215000,16.25,17.2,16.24,16.9,179517,0
BKKT-WS.US,5,20211029,215500,16.84,17.67,16.3,17.67,296944,0
BKKT-WS.US,5,20211101,143000,14.88,15.96,14.6,14.6,74334,0
BKKT-WS.US,5,20211101,143500,14.99,15,14,14.9871,32256,0
BKKT-WS.US,5,20211101,144000,14.845,15.47,14.75,15.13,51289,0
BKKT-WS.US,5,20211101,144500,15.29,17.4,15.18,17.4,141258,0
BKKT-WS.US,5,20211101,145000,17.38,17.45,16.17,16.17,80856,0
BKKT-WS.US,5,20211101,145500,16.285,16.285,15.04,15.5,33680,0
BKKT-WS.US,5,20211101,150000,15.35,15.5,14.63,14.63,12164,0
BKKT-WS.US,5,20211101,150500,14.89,15.39,14.75,15.39,7111,0
BKKT-WS.US,5,20211101,151000,15.19,15.39,14.6,14.7285,12974,0
BKKT-WS.US,5,20211101,151500,14.8,14.8,14.15,14.41,23629,0
BKKT-WS.US,5,20211101,152000,14.35,14.7893,14.3245,14.5,9124,0
BKKT-WS.US,5,20211101,152500,14.89,14.93,14.51,14.8,9392,0
BKKT-WS.US,5,20211101,153000,14.72,14.96,14.68,14.68,6010,0
BKKT-WS.US,5,20211101,153500,14.85,15.29,14.7,15.29,86945,0
BKKT-WS.US,5,20211101,154000,15.2899,15.2899,15,15.1004,12769,0
BKKT-WS.US,5,20211101,154500,15.2522,15.2522,14.84,14.91,12994,0
BKKT-WS.US,5,20211101,155000,14.76,15.26,14.5101,15.25,13712,0
BKKT-WS.US,5,20211101,155500,15.14,15.26,14.89,15.16,5680,0
BKKT-WS.US,5,20211101,160000,15.05,15.19,14.89,15.04,23358,0
BKKT-WS.US,5,20211101,160500,15.05,15.07,14.84,14.964,44153,0
BKKT-WS.US,5,20211101,161000,14.97,15.03,14.81,14.95,35891,0
BKKT-WS.US,5,20211101,161500,14.93,14.95,14.67,14.7,35251,0
BKKT-WS.US,5,20211101,162000,14.65,14.75,14.3901,14.62,14713,0
BKKT-WS.US,5,20211101,162500,14.7,14.7,14.61,14.7,8210,0
BKKT-WS.US,5,20211101,163000,14.75,14.75,14.16,14.35,9110,0
BKKT-WS.US,5,20211101,163500,14.5,14.5,14.15,14.25,15874,0
BKKT-WS.US,5,20211101,164000,14.15,14.25,14.1,14.21,13693,0
BKKT-WS.US,5,20211101,164500,14.3,14.3,13.85,14,7418,0
BKKT-WS.US,5,20211101,165000,14,14,13.72,13.95,13394,0
BKKT-WS.US,5,20211101,165500,14,14,13.8188,14,11720,0
BKKT-WS.US,5,20211101,170000,13.925,13.925,13.56,13.61,6039,0
BKKT-WS.US,5,20211101,170500,13.61,13.7318,13.27,13.27,33751,0
BKKT-WS.US,5,20211101,171000,13.26,13.47,12.87,13.2324,19079,0
BKKT-WS.US,5,20211101,171500,13.2,13.96,13.2,13.65,89613,0
BKKT-WS.US,5,20211101,172000,13.7499,14.28,13.6,13.9,28354,0
BKKT-WS.US,5,20211101,172500,13.875,14.47,13.875,14.39,21838,0
BKKT-WS.US,5,20211101,173000,14.4,15.29,14.4,15.09,42899,0
BKKT-WS.US,5,20211101,173500,15.2,15.2613,14.65,14.855,41512,0
BKKT-WS.US,5,20211101,174000,14.9,16.05,14.675,15.6,68937,0
BKKT-WS.US,5,20211101,174500,15.73,16.93,15.5,16.66,90901,0
BKKT-WS.US,5,20211101,175000,16.65,17.6999,16.62,17.6999,111072,0
BKKT-WS.US,5,20211101,175500,17.555,18.26,17.15,17.9791,125697,0
BKKT-WS.US,5,20211101,180000,17.98,18.64,17.35,18.2949,120452,0
BKKT-WS.US,5,20211101,180500,18.275,18.3999,17.26,17.29,60809,0
BKKT-WS.US,5,20211101,181000,17.36,17.95,16.06,17.4,63982,0
BKKT-WS.US,5,20211101,181500,17.4,17.6,17.1,17.25,55183,0
BKKT-WS.US,5,20211101,182000,17.3,17.51,17,17.32,26989,0
BKKT-WS.US,5,20211101,182500,17.49,17.99,17.07,17.3,107818,0
BKKT-WS.US,5,20211101,183000,17.1001,17.5,16.5,16.968,23087,0
BKKT-WS.US,5,20211101,183500,16.9,17,15.7,15.88,46341,0
BKKT-WS.US,5,20211101,184000,15.9414,16.28,15.6201,16.05,44054,0
BKKT-WS.US,5,20211101,184500,16.04,16.4399,15.8,16.1705,11305,0
BKKT-WS.US,5,20211101,185000,16.075,16.42,15.8,15.81,11250,0
BKKT-WS.US,5,20211101,185500,15.8,16.05,15.08,15.17,26330,0
BKKT-WS.US,5,20211101,190000,15.2971,15.5,15.01,15.5,16709,0
BKKT-WS.US,5,20211101,190500,15.3,15.55,15.01,15.55,14248,0
BKKT-WS.US,5,20211101,191000,15.38,15.38,14.88,14.9825,41259,0
BKKT-WS.US,5,20211101,191500,15.02,15.21,14.92,15.12,15457,0
BKKT-WS.US,5,20211101,192000,15.13,15.19,14.81,15.03,30807,0
BKKT-WS.US,5,20211101,192500,14.84,15.05,14.81,14.83,17187,0
BKKT-WS.US,5,20211101,193000,14.81,14.8608,14.5,14.848,24853,0
BKKT-WS.US,5,20211101,193500,14.85,15,14.68,14.98,58024,0
BKKT-WS.US,5,20211101,194000,14.89,14.89,14.5006,14.61,8555,0
BKKT-WS.US,5,20211101,194500,14.6,14.69,13.87,14.29,39025,0
BKKT-WS.US,5,20211101,195000,14.28,14.33,13.92,14.23,11463,0
BKKT-WS.US,5,20211101,195500,14.44,14.75,14.375,14.74,20963,0
BKKT-WS.US,5,20211101,200000,14.7499,14.89,14.5,14.7499,10247,0
BKKT-WS.US,5,20211101,200500,14.75,14.75,14.3601,14.3601,9109,0
BKKT-WS.US,5,20211101,201000,14.4632,14.465,14.35,14.4,4030,0
BKKT-WS.US,5,20211101,201500,14.525,14.525,14.08,14.11,9063,0
BKKT-WS.US,5,20211101,202000,14.13,14.275,13.86,13.98,10204,0
BKKT-WS.US,5,20211101,202500,13.97,14.16,13.75,14,7090,0
BKKT-WS.US,5,20211101,203000,13.94,14.39,13.89,14.39,7901,0
BKKT-WS.US,5,20211101,203500,14.38,14.38,13.88,13.88,20060,0
BKKT-WS.US,5,20211101,204000,13.87,13.9,13.6,13.61,6958,0
BKKT-WS.US,5,20211101,204500,13.7,13.85,13.4,13.5,18879,0
BKKT-WS.US,5,20211101,205000,13.6299,13.79,12.91,13.1873,72374,0
BKKT-WS.US,5,20211101,205500,13.06,13.1393,12.3,12.3,122795,0
BKKT-WS.US,5,20211102,143000,12.69,12.89,12.36,12.7342,17680,0
BKKT-WS.US,5,20211102,143500,12.52,12.8358,11.7501,11.7501,24708,0
BKKT-WS.US,5,20211102,144000,11.75,12.09,11.75,12,20944,0
BKKT-WS.US,5,20211102,144500,12,12.3999,11.9,12,34076,0
BKKT-WS.US,5,20211102,145000,11.94,12.2,11.87,12.2,65795,0
BKKT-WS.US,5,20211102,145500,12.1,12.146,11.8,11.99,12882,0
BKKT-WS.US,5,20211102,150000,11.98,12,11.81,11.81,21302,0
BKKT-WS.US,5,20211102,150500,11.9999,12.295,11.9,12.2,9210,0
BKKT-WS.US,5,20211102,151000,12.2,12.52,12.2,12.3,6109,0
BKKT-WS.US,5,20211102,151500,12.42,12.55,12.22,12.22,19122,0
BKKT-WS.US,5,20211102,152000,12.18,12.18,12,12,11755,0
BKKT-WS.US,5,20211102,152500,12,12,11.75,11.875,25459,0
BKKT-WS.US,5,20211102,153000,11.84,11.84,11.42,11.58,20111,0
BKKT-WS.US,5,20211102,153500,11.57,11.625,10.68,10.98,39045,0
BKKT-WS.US,5,20211102,154000,10.98,10.98,10.55,10.9,20842,0
BKKT-WS.US,5,20211102,154500,10.8799,11,10.85,11,26483,0
BKKT-WS.US,5,20211102,155000,11,11,10.84,10.89,26118,0
BKKT-WS.US,5,20211102,155500,10.8,10.9196,10.71,10.74,37539,0
BKKT-WS.US,5,20211102,160000,10.88,11,10.88,10.99,3397,0
BKKT-WS.US,5,20211102,160500,10.95,11,10.94,10.997,5485,0
BKKT-WS.US,5,20211102,161000,11.135,11.135,10.75,10.75,3202,0
BKKT-WS.US,5,20211102,161500,10.81,10.81,10.81,10.81,100,0
BKKT-WS.US,5,20211102,162000,10.92,10.94,10.72,10.87,2090,0
BKKT-WS.US,5,20211102,162500,10.86,10.86,10.71,10.74,7764,0
BKKT-WS.US,5,20211102,163000,10.7373,10.9,10.71,10.8221,10902,0
BKKT-WS.US,5,20211102,163500,10.855,10.97,10.72,10.72,11431,0
BKKT-WS.US,5,20211102,164000,10.79,10.9,10.76,10.76,1800,0
BKKT-WS.US,5,20211102,164500,10.7804,10.98,10.71,10.98,8470,0
BKKT-WS.US,5,20211102,165000,10.9,11.1,10.9,11.05,23792,0
BKKT-WS.US,5,20211102,165500,11.0475,11.99,11.0101,11.88,73660,0
BKKT-WS.US,5,20211102,170000,11.99,12.66,11.56,12,87526,0
BKKT-WS.US,5,20211102,170500,12,12.41,11.78,12.35,56175,0
BKKT-WS.US,5,20211102,171000,12.07,12.1,11.76,12.1,7779,0
BKKT-WS.US,5,20211102,171500,12,12,11.51,11.7,4374,0
BKKT-WS.US,5,20211102,172000,11.53,12.25,11.5,11.75,22345,0
BKKT-WS.US,5,20211102,172500,11.68,11.6801,11.4301,11.4301,5710,0
BKKT-WS.US,5,20211102,173000,11.5,11.6,11.4317,11.5714,3837,0
BKKT-WS.US,5,20211102,173500,11.65,11.86,11.58,11.86,9116,0
BKKT-WS.US,5,20211102,174000,11.87,11.87,11.72,11.72,1200,0
BKKT-WS.US,5,20211102,174500,11.8185,11.8185,11.6,11.6,2104,0
BKKT-WS.US,5,20211102,175000,11.4601,11.87,11.4601,11.8699,7164,0
BKKT-WS.US,5,20211102,175500,11.8699,11.896,11.54,11.8592,4346,0
BKKT-WS.US,5,20211102,180000,11.6,11.6,11.52,11.52,300,0
BKKT-WS.US,5,20211102,180500,11.625,11.6738,11.03,11.1106,9089,0
BKKT-WS.US,5,20211102,181000,11.205,11.205,11.205,11.205,500,0
BKKT-WS.US,5,20211102,181500,11.15,11.315,11.13,11.25,2800,0
BKKT-WS.US,5,20211102,182000,11.07,11.07,11.07,11.07,100,0
BKKT-WS.US,5,20211102,182500,11.3334,11.3334,11.0401,11.185,1300,0
BKKT-WS.US,5,20211102,183000,11.05,11.15,11.01,11.01,8604,0
BKKT-WS.US,5,20211102,183500,11.0199,11.0199,10.8001,10.9,11293,0
BKKT-WS.US,5,20211102,184000,10.95,11.0001,10.8406,11,3500,0
BKKT-WS.US,5,20211102,184500,10.84,11.25,10.84,11.19,4681,0
BKKT-WS.US,5,20211102,185000,11.19,11.3,11.18,11.3,1600,0
BKKT-WS.US,5,20211102,185500,11.29,11.4356,11.09,11.09,3166,0
BKKT-WS.US,5,20211102,190000,11.4085,11.4085,11.0005,11.1,1177,0
BKKT-WS.US,5,20211102,191000,11.1,11.5,11.1,11.325,3260,0
BKKT-WS.US,5,20211102,191500,11.2669,11.3,11.2501,11.29,1610,0
BKKT-WS.US,5,20211102,192500,11.3,11.35,11.3,11.35,1744,0
BKKT-WS.US,5,20211102,193000,11.3,12,11.12,11.14,3310,0
BKKT-WS.US,5,20211102,193500,11.12,11.12,10.94,11,3736,0
BKKT-WS.US,5,20211102,194000,11,11.13,11,11.13,225,0
BKKT-WS.US,5,20211102,194500,11.02,11.49,11.0114,11.4407,2898,0
BKKT-WS.US,5,20211102,195000,11.4,11.48,11.1004,11.1339,10262,0
BKKT-WS.US,5,20211102,195500,11.301,11.301,11,11,2101,0
BKKT-WS.US,5,20211102,200000,11.13,11.15,11.02,11.145,3749,0
BKKT-WS.US,5,20211102,200500,11.06,11.59,10.88,11.155,43990,0
BKKT-WS.US,5,20211102,201000,11.39,11.47,11.07,11.36,30244,0
BKKT-WS.US,5,20211102,201500,11.3618,11.71,11.15,11.25,42022,0
BKKT-WS.US,5,20211102,202000,11.17,11.35,11.07,11.35,3223,0
BKKT-WS.US,5,20211102,202500,11.0801,11.3478,10.81,10.9029,56899,0
BKKT-WS.US,5,20211102,203000,10.98,11.145,10.95,10.98,34731,0
BKKT-WS.US,5,20211102,203500,11,11.16,10.75,10.83,18667,0
BKKT-WS.US,5,20211102,204000,10.9452,11.39,10.9452,11.39,25929,0
BKKT-WS.US,5,20211102,204500,11.25,11.45,11.1972,11.45,4021,0
BKKT-WS.US,5,20211102,205000,11.4799,11.4799,11.27,11.4,9772,0
BKKT-WS.US,5,20211102,205500,11.3,11.45,10.92,11.34,10755,0
BKKT-WS.US,5,20211103,143000,11.07,11.5,11.07,11.375,5554,0
BKKT-WS.US,5,20211103,143500,11.2301,11.83,11.2301,11.616,8663,0
BKKT-WS.US,5,20211103,144000,11.7472,11.85,11.52,11.52,6471,0
BKKT-WS.US,5,20211103,144500,11.27,11.5,11.27,11.5,4924,0
BKKT-WS.US,5,20211103,145000,11.62,11.95,11.505,11.95,6454,0
BKKT-WS.US,5,20211103,145500,12.02,12.22,11.9201,12.0001,14136,0
BKKT-WS.US,5,20211103,150000,11.7201,11.7201,11.7201,11.7201,200,0
BKKT-WS.US,5,20211103,150500,11.6,11.6,11.27,11.35,5685,0
BKKT-WS.US,5,20211103,151000,11.3049,11.32,11.3049,11.32,216,0
BKKT-WS.US,5,20211103,151500,11.315,11.69,11.315,11.69,2802,0
BKKT-WS.US,5,20211103,152000,11.54,11.585,11.54,11.585,1500,0
BKKT-WS.US,5,20211103,152500,11.3201,11.3201,11.3201,11.3201,3000,0
BKKT-WS.US,5,20211103,153000,11.43,11.43,11.36,11.36,800,0
BKKT-WS.US,5,20211103,153500,11.4,11.49,11.4,11.49,1025,0
BKKT-WS.US,5,20211103,154000,11.5,11.7,11.5,11.64,5713,0
BKKT-WS.US,5,20211103,155000,11.58,11.58,11.47,11.51,800,0
BKKT-WS.US,5,20211103,155500,11.4501,11.4501,11.4501,11.4501,1200,0
BKKT-WS.US,5,20211103,160000,11.65,11.65,11.65,11.65,900,0
BKKT-WS.US,5,20211103,160500,11.69,12.18,11.69,12.1799,13994,0
BKKT-WS.US,5,20211103,161000,12.1256,12.1256,12.0257,12.045,3741,0
BKKT-WS.US,5,20211103,161500,12,12,11.55,11.575,3811,0
BKKT-WS.US,5,20211103,162000,11.59,11.62,11.55,11.55,2972,0
BKKT-WS.US,5,20211103,162500,11.55,11.7391,11.55,11.64,1550,0
BKKT-WS.US,5,20211103,163000,11.55,11.55,11.55,11.55,100,0
BKKT-WS.US,5,20211103,163500,11.64,11.73,11.62,11.62,1058,0
BKKT-WS.US,5,20211103,164000,11.73,11.9,11.7,11.7,2440,0
BKKT-WS.US,5,20211103,164500,11.795,11.8999,11.7416,11.8999,600,0
BKKT-WS.US,5,20211103,165000,11.69,11.7193,11.69,11.7193,500,0
BKKT-WS.US,5,20211103,165500,11.69,11.7193,11.53,11.715,2900,0
BKKT-WS.US,5,20211103,170000,11.5306,11.56,11.28,11.3001,6932,0
BKKT-WS.US,5,20211103,170500,11.3701,11.4,11.37,11.4,600,0
BKKT-WS.US,5,20211103,171000,11.45,11.47,11.28,11.34,10325,0
BKKT-WS.US,5,20211103,171500,11.34,11.34,11.23,11.23,2200,0
BKKT-WS.US,5,20211103,172000,11.15,11.25,11.15,11.25,1550,0
BKKT-WS.US,5,20211103,172500,11.2,11.2,11.1499,11.1499,6096,0
BKKT-WS.US,5,20211103,173000,11.15,11.15,11.14,11.15,2400,0
BKKT-WS.US,5,20211103,173500,11.15,11.15,11.125,11.15,7023,0
BKKT-WS.US,5,20211103,174000,11.15,11.15,11.12,11.12,3708,0
BKKT-WS.US,5,20211103,175000,11.05,11.0501,11,11.05,2313,0
BKKT-WS.US,5,20211103,175500,11,11.0001,11,11.0001,200,0
BKKT-WS.US,5,20211103,180000,11.075,11.15,11.075,11.15,520,0
BKKT-WS.US,5,20211103,180500,11.15,11.15,11.14,11.15,4313,0
BKKT-WS.US,5,20211103,181000,11.0877,11.0877,11.0877,11.0877,200,0
BKKT-WS.US,5,20211103,181500,11.095,11.1,11.095,11.1,1000,0
BKKT-WS.US,5,20211103,182000,11.0401,11.15,11.0401,11.15,866,0
BKKT-WS.US,5,20211103,183000,11.06,11.0876,11.05,11.05,430,0
BKKT-WS.US,5,20211103,183500,11.07,11.0777,11.04,11.05,1801,0
BKKT-WS.US,5,20211103,184000,11.02,11.03,10.9,10.945,10971,0
BKKT-WS.US,5,20211103,184500,10.92,10.92,10.875,10.875,1138,0
BKKT-WS.US,5,20211103,185000,10.82,10.8201,10.64,10.815,7592,0
BKKT-WS.US,5,20211103,185500,10.84,11,10.65,10.65,2152,0
BKKT-WS.US,5,20211103,190000,10.935,11.055,10.88,11.05,3600,0
BKKT-WS.US,5,20211103,190500,11.1558,11.1558,10.97,11.03,1200,0
BKKT-WS.US,5,20211103,191000,11.03,11.03,10.89,10.89,3331,0
BKKT-WS.US,5,20211103,191500,10.76,10.76,10.76,10.76,100,0
BKKT-WS.US,5,20211103,192000,10.82,10.9,10.82,10.9,400,0
BKKT-WS.US,5,20211103,192500,10.88,10.88,10.76,10.76,942,0
BKKT-WS.US,5,20211103,193000,11.0699,11.1279,11.0699,11.1279,225,0
BKKT-WS.US,5,20211103,193500,10.78,10.78,10.72,10.72,681,0
BKKT-WS.US,5,20211103,194000,10.75,10.75,10.72,10.72,1285,0
BKKT-WS.US,5,20211103,194500,10.77,10.77,10.77,10.77,100,0
BKKT-WS.US,5,20211103,195000,10.905,10.9558,10.905,10.91,2020,0
BKKT-WS.US,5,20211103,195500,10.9798,10.9999,10.75,10.75,2215,0
BKKT-WS.US,5,20211103,200500,10.77,10.87,10.65,10.66,3065,0
BKKT-WS.US,5,20211103,201000,10.765,10.765,10.65,10.65,730,0
BKKT-WS.US,5,20211103,201500,10.7,10.75,10.66,10.71,3130,0
BKKT-WS.US,5,20211103,202000,10.7988,10.84,10.76,10.79,21650,0
BKKT-WS.US,5,20211103,202500,10.8,10.89,10.58,10.625,14220,0
BKKT-WS.US,5,20211103,203000,10.615,10.66,10.54,10.66,1954,0
BKKT-WS.US,5,20211103,203500,10.6699,10.855,10.55,10.85,61848,0
BKKT-WS.US,5,20211103,204000,10.82,10.82,10.75,10.75,6427,0
BKKT-WS.US,5,20211103,204500,10.6504,10.6504,10.53,10.53,4161,0
BKKT-WS.US,5,20211103,205000,10.5,10.67,10.1,10.67,10041,0
BKKT-WS.US,5,20211103,205500,10.575,10.906,10.37,10.37,6834,0
BKKT-WS.US,5,20211104,143000,10.17,10.9999,10.17,10.9999,2404,0
BKKT-WS.US,5,20211104,143500,10.835,11,10.75,10.7769,21008,0
BKKT-WS.US,5,20211104,144000,10.8,11.44,10.75,11.2758,42917,0
BKKT-WS.US,5,20211104,144500,11.24,11.47,10.9,10.9,7670,0
BKKT-WS.US,5,20211104,145000,10.82,11.04,10.58,11,9851,0
BKKT-WS.US,5,20211104,145500,10.98,11,10.64,10.75,11729,0
BKKT-WS.US,5,20211104,150000,10.67,10.795,10.65,10.66,1260,0
BKKT-WS.US,5,20211104,150500,10.771,10.82,10.64,10.6401,2351,0
BKKT-WS.US,5,20211104,151000,10.64,10.73,10.58,10.58,14013,0
BKKT-WS.US,5,20211104,151500,10.6301,10.6301,10.6301,10.6301,300,0
BKKT-WS.US,5,20211104,152000,10.75,11.095,10.725,10.94,12799,0
BKKT-WS.US,5,20211104,152500,10.8797,10.8797,10.8797,10.8797,1800,0
BKKT-WS.US,5,20211104,153000,10.86,10.8942,10.67,10.67,724,0
BKKT-WS.US,5,20211104,153500,10.71,10.78,10.71,10.7705,500,0
BKKT-WS.US,5,20211104,154000,10.99,10.99,10.76,10.9,8500,0
BKKT-WS.US,5,20211104,154500,10.724,10.99,10.71,10.93,5907,0
BKKT-WS.US,5,20211104,155000,10.92,10.92,10.5,10.88,9705,0
BKKT-WS.US,5,20211104,155500,10.768,11.3,10.75,11.15,17764,0
BKKT-WS.US,5,20211104,160000,11,11.02,10.75,10.75,7708,0
BKKT-WS.US,5,20211104,160500,10.74,10.74,10.74,10.74,1800,0
BKKT-WS.US,5,20211104,161000,10.6,10.78,10.51,10.77,2588,0
BKKT-WS.US,5,20211104,161500,10.745,10.8,10.09,10.1034,9539,0
BKKT-WS.US,5,20211104,162000,10.11,10.23,10.0806,10.1001,2656,0
BKKT-WS.US,5,20211104,162500,10.15,10.2,10.0812,10.2,3090,0
BKKT-WS.US,5,20211104,163000,10.13,10.51,10.1227,10.31,2317,0
BKKT-WS.US,5,20211104,163500,10.11,10.11,10.11,10.11,100,0
BKKT-WS.US,5,20211104,164000,10.25,10.62,10.25,10.62,1815,0
BKKT-WS.US,5,20211104,164500,10.42,10.42,10.38,10.38,1100,0
BKKT-WS.US,5,20211104,165000,10.37,10.37,10.25,10.25,1390,0
BKKT-WS.US,5,20211104,165500,10.305,10.49,10.305,10.49,4061,0
BKKT-WS.US,5,20211104,170500,10.32,10.325,10.16,10.325,4781,0
BKKT-WS.US,5,20211104,171000,10.2,10.2,10.2,10.2,998,0
BKKT-WS.US,5,20211104,171500,10.25,10.28,10.23,10.25,13464,0
BKKT-WS.US,5,20211104,173000,10.37,10.37,10.23,10.23,800,0
BKKT-WS.US,5,20211104,173500,10.34,10.48,10.3,10.44,5349,0
BKKT-WS.US,5,20211104,174000,10.37,10.37,10.25,10.25,1100,0
BKKT-WS.US,5,20211104,174500,10.1101,10.2,10.1101,10.19,1500,0
BKKT-WS.US,5,20211104,175000,10.15,10.15,10.15,10.15,100,0
BKKT-WS.US,5,20211104,175500,10.18,10.29,10.18,10.25,8975,0
BKKT-WS.US,5,20211104,180000,10.25,10.34,10.25,10.25,6645,0
BKKT-WS.US,5,20211104,180500,10.25,10.3,10.25,10.26,2199,0
BKKT-WS.US,5,20211104,181000,10.25,10.25,10.23,10.25,3292,0
BKKT-WS.US,5,20211104,181500,10.25,10.25,10.12,10.12,1398,0
BKKT-WS.US,5,20211104,182000,10.12,10.25,10.12,10.14,2850,0
BKKT-WS.US,5,20211104,182500,10.13,10.13,9.95,9.95,4268,0
BKKT-WS.US,5,20211104,183000,9.92,9.92,9.92,9.92,2000,0
BKKT-WS.US,5,20211104,183500,10,10,9.78,9.78,8395,0
BKKT-WS.US,5,20211104,184000,9.835,10.01,9.7872,10,2409,0
BKKT-WS.US,5,20211104,184500,10,10,9.78,9.82,7164,0
BKKT-WS.US,5,20211104,185000,9.78,9.995,9.78,9.985,3365,0
BKKT-WS.US,5,20211104,185500,9.98,9.98,9.98,9.98,257,0
BKKT-WS.US,5,20211104,190500,10.08,10.08,9.78,9.885,3212,0
BKKT-WS.US,5,20211104,191500,9.99,9.99,9.8,9.8,1129,0
BKKT-WS.US,5,20211104,192000,9.76,9.77,9.54,9.5806,13833,0
BKKT-WS.US,5,20211104,192500,9.58,9.66,9.58,9.6,2200,0
BKKT-WS.US,5,20211104,193000,9.7,9.73,9.6,9.6,4960,0
BKKT-WS.US,5,20211104,193500,9.6,9.62,9.6,9.6,2369,0
BKKT-WS.US,5,20211104,194000,9.61,9.61,9.59,9.6099,4350,0
BKKT-WS.US,5,20211104,194500,9.61,9.61,9.61,9.61,109,0
BKKT-WS.US,5,20211104,195000,9.75,9.75,9.6,9.6016,4561,0
BKKT-WS.US,5,20211104,195500,9.6,9.74,9.6,9.6,22424,0
BKKT-WS.US,5,20211104,200000,9.675,9.75,9.6353,9.65,6698,0
BKKT-WS.US,5,20211104,200500,9.72,10,9.72,9.9,23840,0
BKKT-WS.US,5,20211104,201000,9.89,9.89,9.82,9.82,350,0
BKKT-WS.US,5,20211104,201500,9.805,9.9,9.76,9.9,4981,0
BKKT-WS.US,5,20211104,202000,9.875,9.875,9.655,9.69,10913,0
BKKT-WS.US,5,20211104,202500,9.7336,9.7336,9.59,9.6,13057,0
BKKT-WS.US,5,20211104,203000,9.61,9.765,9.61,9.765,300,0
BKKT-WS.US,5,20211104,203500,9.71,9.71,9.7,9.7,300,0
BKKT-WS.US,5,20211104,204000,9.6,9.6,9.5,9.5,3153,0
BKKT-WS.US,5,20211104,204500,9.51,9.51,9.38,9.4839,22191,0
BKKT-WS.US,5,20211104,205000,9.47,9.57,9.45,9.5,14131,0
BKKT-WS.US,5,20211104,205500,9.45,9.58,9.38,9.38,18200,0
BKKT-WS.US,5,20211105,143000,11.07,11.07,10.65,10.65,13410,0
BKKT-WS.US,5,20211105,143500,10.605,11.53,10.55,11.49,26173,0
BKKT-WS.US,5,20211105,144000,11.42,11.42,10.75,10.75,17722,0
BKKT-WS.US,5,20211105,144500,10.75,10.9,10.55,10.7047,15679,0
BKKT-WS.US,5,20211105,145000,11,11.2,10.84,11.1763,10404,0
BKKT-WS.US,5,20211105,145500,11.165,11.165,10.7,10.7,8621,0
BKKT-WS.US,5,20211105,150000,10.845,10.8848,10.58,10.675,14236,0
BKKT-WS.US,5,20211105,150500,10.6884,10.8256,10.5,10.63,15476,0
BKKT-WS.US,5,20211105,151000,10.54,10.79,10.5,10.74,17552,0
BKKT-WS.US,5,20211105,151500,10.73,11.128,10.72,11.128,11253,0
BKKT-WS.US,5,20211105,152000,10.96,11.0299,10.7,10.7,15095,0
BKKT-WS.US,5,20211105,152500,10.735,10.85,10.735,10.85,550,0
BKKT-WS.US,5,20211105,153000,11,11.44,11,11.285,25653,0
BKKT-WS.US,5,20211105,153500,11.22,11.32,11.1906,11.3182,3986,0
BKKT-WS.US,5,20211105,154000,11.2928,11.4879,11.22,11.4879,1153,0
BKKT-WS.US,5,20211105,154500,11.2101,11.3,10.8406,11.2,7261,0
BKKT-WS.US,5,20211105,155000,11.01,11.13,10.74,10.9,8486,0
BKKT-WS.US,5,20211105,155500,11.0106,11.0106,10.8001,10.8001,9000,0
BKKT-WS.US,5,20211105,160000,10.81,10.925,10.81,10.81,1400,0
BKKT-WS.US,5,20211105,160500,10.81,10.81,10.71,10.71,6673,0
BKKT-WS.US,5,20211105,161000,10.63,10.66,10.5,10.55,33349,0
BKKT-WS.US,5,20211105,161500,10.5001,10.77,10.5001,10.77,9439,0
BKKT-WS.US,5,20211105,162000,10.78,10.78,10.7,10.7,800,0
BKKT-WS.US,5,20211105,162500,10.7037,11.07,10.7037,11.0593,19261,0
BKKT-WS.US,5,20211105,163000,11.0063,11.2183,11,11.16,12040,0
BKKT-WS.US,5,20211105,163500,11.1,11.1599,11,11,4888,0
BKKT-WS.US,5,20211105,164000,10.795,10.795,10.795,10.795,1000,0
BKKT-WS.US,5,20211105,164500,11,11,10.94,10.94,1788,0
BKKT-WS.US,5,20211105,165000,10.94,11.14,10.94,11.14,13011,0
BKKT-WS.US,5,20211105,165500,11.065,11.065,10.67,10.9549,6955,0
BKKT-WS.US,5,20211105,170000,11.119,11.703,11.06,11.703,18987,0
BKKT-WS.US,5,20211105,170500,11.52,12.12,11.51,12.12,30799,0
BKKT-WS.US,5,20211105,171000,12,12.06,11.6,11.61,14841,0
BKKT-WS.US,5,20211105,171500,11.5848,11.99,11.5848,11.9653,6515,0
BKKT-WS.US,5,20211105,172000,11.96,12.04,11.71,11.9,41473,0
BKKT-WS.US,5,20211105,172500,11.7379,11.8838,11.7379,11.84,1550,0
BKKT-WS.US,5,20211105,173000,11.7594,11.8639,11.6,11.6003,8574,0
BKKT-WS.US,5,20211105,173500,11.61,11.75,11.61,11.7499,3240,0
BKKT-WS.US,5,20211105,174000,11.75,11.75,11.38,11.38,15205,0
BKKT-WS.US,5,20211105,174500,11.34,11.35,11.3,11.3,14650,0
BKKT-WS.US,5,20211105,175000,11.3,11.3,10.93,11.005,29046,0
BKKT-WS.US,5,20211105,175500,11.02,11.08,11.02,11.08,1200,0
BKKT-WS.US,5,20211105,180000,11.225,11.225,11.18,11.2,1006,0
BKKT-WS.US,5,20211105,180500,11.14,11.1999,11.14,11.19,7006,0
BKKT-WS.US,5,20211105,181000,11.155,11.155,11.1001,11.1001,280,0
BKKT-WS.US,5,20211105,182000,11.1,11.1,11.1,11.1,1200,0
BKKT-WS.US,5,20211105,182500,10.9,10.9,10.65,10.66,1847,0
BKKT-WS.US,5,20211105,183000,10.8389,10.8389,10.8389,10.8389,100,0
BKKT-WS.US,5,20211105,183500,10.75,10.9,10.75,10.805,700,0
BKKT-WS.US,5,20211105,184000,10.75,10.7501,10.75,10.7501,1879,0
BKKT-WS.US,5,20211105,184500,10.89,10.89,10.7847,10.7847,300,0
BKKT-WS.US,5,20211105,185000,10.76,10.76,10.75,10.75,700,0
BKKT-WS.US,5,20211105,185500,10.75,10.75,10.75,10.75,100,0
BKKT-WS.US,5,20211105,190000,10.75,10.75,10.7374,10.7495,3865,0
BKKT-WS.US,5,20211105,190500,10.75,11.07,10.74,11.055,8494,0
BKKT-WS.US,5,20211105,191000,10.965,11.1,10.965,11.055,4577,0
BKKT-WS.US,5,20211105,191500,11.31,11.5,11.29,11.32,2888,0
BKKT-WS.US,5,20211105,192000,11.2337,11.2337,11.175,11.175,200,0
BKKT-WS.US,5,20211105,192500,11.18,11.18,11.15,11.15,2537,0
BKKT-WS.US,5,20211105,193000,11.15,11.19,11.145,11.19,700,0
BKKT-WS.US,5,20211105,193500,11.15,11.15,11.08,11.08,200,0
BKKT-WS.US,5,20211105,194000,11.075,11.075,11.05,11.05,350,0
BKKT-WS.US,5,20211105,195000,11.01,11.01,11,11,460,0
BKKT-WS.US,5,20211105,200500,11,11,11,11,400,0
BKKT-WS.US,5,20211105,201000,11,11,11,11,400,0
BKKT-WS.US,5,20211105,201500,10.93,11,10.93,11,1350,0
BKKT-WS.US,5,20211105,202000,10.91,10.91,10.77,10.7969,2109,0
BKKT-WS.US,5,20211105,202500,10.8,10.8,10.21,10.2505,14331,0
BKKT-WS.US,5,20211105,203000,10.26,10.58,10.25,10.4,34947,0
BKKT-WS.US,5,20211105,203500,10.426,10.59,10.4,10.4,2486,0
BKKT-WS.US,5,20211105,204000,10.55,10.55,10.545,10.545,519,0
BKKT-WS.US,5,20211105,204500,10.56,10.83,10.5,10.83,3280,0
BKKT-WS.US,5,20211105,205000,10.51,10.51,10.5,10.5,500,0
BKKT-WS.US,5,20211105,205500,10.8499,10.8499,10.5001,10.56,2100,0
BKKT-WS.US,5,20211108,153000,11.15,11.15,10.75,11.05,15285,0
BKKT-WS.US,5,20211108,153500,11.1,11.1,10.62,10.62,5221,0
BKKT-WS.US,5,20211108,154000,10.7,10.8,10.7,10.75,8898,0
BKKT-WS.US,5,20211108,154500,10.75,10.75,10.64,10.7,4836,0
BKKT-WS.US,5,20211108,155000,10.75,10.8,10.75,10.8,4944,0
BKKT-WS.US,5,20211108,155500,10.6,10.61,10.42,10.42,5037,0
BKKT-WS.US,5,20211108,160000,10.5,10.619,10.465,10.619,4400,0
BKKT-WS.US,5,20211108,160500,10.45,10.45,10.2,10.25,8761,0
BKKT-WS.US,5,20211108,161000,10.317,10.45,10.3,10.31,10579,0
BKKT-WS.US,5,20211108,161500,10.27,10.27,9.92,10,6270,0
BKKT-WS.US,5,20211108,162000,10.4,10.475,10.14,10.3499,23782,0
BKKT-WS.US,5,20211108,162500,10.33,10.5,10.33,10.35,1000,0
BKKT-WS.US,5,20211108,163000,10.42,10.43,10.4,10.415,420,0
BKKT-WS.US,5,20211108,163500,10.53,10.73,10.53,10.68,10134,0
BKKT-WS.US,5,20211108,164000,10.58,10.75,10.58,10.59,1772,0
BKKT-WS.US,5,20211108,164500,10.48,10.7001,10.48,10.7001,3409,0
BKKT-WS.US,5,20211108,165000,10.735,10.735,10.48,10.48,2600,0
BKKT-WS.US,5,20211108,170000,10.7099,10.7099,10.7099,10.7099,400,0
BKKT-WS.US,5,20211108,170500,10.69,10.7099,10.16,10.17,5113,0
BKKT-WS.US,5,20211108,171000,10.1716,10.49,10.1716,10.49,1942,0
BKKT-WS.US,5,20211108,171500,10.415,10.415,10.415,10.415,1000,0
BKKT-WS.US,5,20211108,172000,10.415,10.415,10.415,10.415,1000,0
BKKT-WS.US,5,20211108,172500,10.35,10.35,10.35,10.35,100,0
BKKT-WS.US,5,20211108,173500,10.3859,10.3859,10.35,10.36,400,0
BKKT-WS.US,5,20211108,174000,10.29,10.29,10.29,10.29,100,0
BKKT-WS.US,5,20211108,174500,10.35,10.36,10.18,10.18,3647,0
BKKT-WS.US,5,20211108,175000,10.2,10.2,10.2,10.2,100,0
BKKT-WS.US,5,20211108,175500,10.11,10.19,9.97,10.05,4532,0
BKKT-WS.US,5,20211108,180000,10.18,10.18,10.18,10.18,507,0
BKKT-WS.US,5,20211108,180500,10.18,10.18,10.18,10.18,500,0
BKKT-WS.US,5,20211108,181000,10.3499,10.3499,10.33,10.33,5500,0
BKKT-WS.US,5,20211108,181500,10.3098,10.3098,10.3098,10.3098,800,0
BKKT-WS.US,5,20211108,183000,10.28,10.2805,10.28,10.2805,1087,0
BKKT-WS.US,5,20211108,183500,10.358,10.37,10.2801,10.2801,600,0
BKKT-WS.US,5,20211108,184000,10.345,10.4,10.345,10.4,650,0
BKKT-WS.US,5,20211108,184500,10.42,11.05,10.42,11.0499,27057,0
BKKT-WS.US,5,20211108,185000,11.07,11.2,11.045,11.2,11563,0
BKKT-WS.US,5,20211108,185500,11.025,12.35,11,12.23,33916,0
BKKT-WS.US,5,20211108,190000,12.23,12.5,11.8,11.865,29659,0
BKKT-WS.US,5,20211108,190500,11.91,11.91,11.7,11.75,19458,0
BKKT-WS.US,5,20211108,191000,11.65,11.85,11.65,11.84,14550,0
BKKT-WS.US,5,20211108,191500,11.6601,11.85,11.6601,11.7,10768,0
BKKT-WS.US,5,20211108,192000,11.4,11.5,11.4,11.43,12672,0
BKKT-WS.US,5,20211108,192500,11.6,11.63,11.6,11.63,2302,0
BKKT-WS.US,5,20211108,193000,11.74,11.85,11.7,11.7,8000,0
BKKT-WS.US,5,20211108,193500,11.8484,11.8484,11.69,11.69,1161,0
BKKT-WS.US,5,20211108,194000,11.49,11.49,11.46,11.46,2300,0
BKKT-WS.US,5,20211108,194500,11.4401,11.625,11.37,11.37,1150,0
BKKT-WS.US,5,20211108,195000,11.58,11.67,11.58,11.668,10000,0
BKKT-WS.US,5,20211108,200500,11.66,11.67,11.66,11.67,299,0
BKKT-WS.US,5,20211108,201000,11.77,11.8,11.4501,11.4501,1928,0
BKKT-WS.US,5,20211108,202000,11.45,11.48,11.35,11.35,3250,0
BKKT-WS.US,5,20211108,202500,11.3,11.3486,11.25,11.25,2700,0
BKKT-WS.US,5,20211108,203000,11.25,11.45,11.25,11.45,924,0
BKKT-WS.US,5,20211108,203500,11.55,11.75,11.52,11.75,3090,0
BKKT-WS.US,5,20211108,204000,11.51,11.78,11.5,11.6,4431,0
BKKT-WS.US,5,20211108,204500,11.7099,11.8,11.7,11.8,2300,0
BKKT-WS.US,5,20211108,205000,11.64,11.8,11.64,11.8,2691,0
BKKT-WS.US,5,20211108,205500,11.5737,11.99,11.5737,11.64,13392,0
BKKT-WS.US,5,20211108,210000,11.65,11.65,11.635,11.64,840,0
BKKT-WS.US,5,20211108,210500,11.65,11.65,11.65,11.65,1369,0
BKKT-WS.US,5,20211108,211000,11.65,11.65,11.4,11.4,1100,0
BKKT-WS.US,5,20211108,211500,11.65,11.65,11.56,11.65,8400,0
BKKT-WS.US,5,20211108,212000,11.67,11.67,11.67,11.67,2173,0
BKKT-WS.US,5,20211108,212500,11.67,11.83,11.67,11.83,4177,0
BKKT-WS.US,5,20211108,213000,11.535,11.7,11.535,11.655,4326,0
BKKT-WS.US,5,20211108,213500,11.69,11.72,11.69,11.72,3990,0
BKKT-WS.US,5,20211108,214000,11.69,11.77,11.64,11.655,3970,0
BKKT-WS.US,5,20211108,214500,11.53,11.56,10.85,11.21,19981,0
BKKT-WS.US,5,20211108,215000,11.38,11.43,11.08,11.18,8743,0
BKKT-WS.US,5,20211108,215500,11.29,11.39,11.29,11.35,25548,0
BKKT-WS.US,5,20211109,153000,11.6,11.6,11.07,11.3568,19070,0
BKKT-WS.US,5,20211109,153500,11.13,11.3447,10.78,10.8,7491,0
BKKT-WS.US,5,20211109,154000,10.73,10.97,10.55,10.8,14378,0
BKKT-WS.US,5,20211109,154500,10.8,10.8,10.45,10.6999,14262,0
BKKT-WS.US,5,20211109,155000,10.45,10.9199,10.45,10.8081,1500,0
BKKT-WS.US,5,20211109,155500,10.8099,10.8099,10.6,10.6,2398,0
BKKT-WS.US,5,20211109,160000,10.38,10.38,10.11,10.38,3800,0
BKKT-WS.US,5,20211109,160500,10.33,10.45,10.3,10.45,8686,0
BKKT-WS.US,5,20211109,161000,10.39,10.61,10.24,10.61,12503,0
BKKT-WS.US,5,20211109,161500,10.6,10.65,10.45,10.5,18550,0
BKKT-WS.US,5,20211109,162000,10.605,10.76,10.3,10.61,10070,0
BKKT-WS.US,5,20211109,162500,10.56,10.75,10.46,10.5,16500,0
BKKT-WS.US,5,20211109,163000,10.38,10.72,10.38,10.6,2480,0
BKKT-WS.US,5,20211109,163500,10.66,10.85,10.66,10.85,1813,0
BKKT-WS.US,5,20211109,164000,10.9003,11.38,10.85,11.25,8280,0
BKKT-WS.US,5,20211109,164500,11.34,11.59,11.33,11.5,3806,0
BKKT-WS.US,5,20211109,165000,11.7899,11.7999,11.1,11.1,11051,0
BKKT-WS.US,5,20211109,165500,11.1,11.1,10.79,10.79,5745,0
BKKT-WS.US,5,20211109,170000,10.7501,10.85,10.61,10.65,15271,0
BKKT-WS.US,5,20211109,170500,10.65,10.75,10.6,10.75,1350,0
BKKT-WS.US,5,20211109,171000,10.77,10.9899,10.77,10.9899,1765,0
BKKT-WS.US,5,20211109,171500,10.92,10.92,10.65,10.66,4394,0
BKKT-WS.US,5,20211109,172000,10.724,10.724,10.71,10.71,2000,0
BKKT-WS.US,5,20211109,172500,10.97,11.05,10.97,11.05,1809,0
BKKT-WS.US,5,20211109,173000,11.02,11.02,11,11.01,8214,0
BKKT-WS.US,5,20211109,173500,11,11,10.6401,10.65,3915,0
BKKT-WS.US,5,20211109,174000,10.85,10.85,10.81,10.85,7600,0
BKKT-WS.US,5,20211109,174500,10.7,10.825,10.66,10.75,6943,0
BKKT-WS.US,5,20211109,175000,10.67,10.67,10.35,10.35,13993,0
BKKT-WS.US,5,20211109,175500,10.35,10.35,10.1,10.1,18053,0
BKKT-WS.US,5,20211109,180000,10.06,10.18,10.01,10.05,19747,0
BKKT-WS.US,5,20211109,180500,10.01,10.1,10.01,10.01,1500,0
BKKT-WS.US,5,20211109,181000,10.1,10.1,9.61,9.7,18156,0
BKKT-WS.US,5,20211109,181500,9.81,9.85,9.65,9.75,2293,0
BKKT-WS.US,5,20211109,182000,9.8,9.9,9.605,9.8,4830,0
BKKT-WS.US,5,20211109,182500,9.6,9.7,9.55,9.7,20473,0
BKKT-WS.US,5,20211109,183000,9.7,9.75,9.7,9.75,1825,0
BKKT-WS.US,5,20211109,184000,9.95,10.0386,9.95,10,1520,0
BKKT-WS.US,5,20211109,184500,9.97,10,9.97,10,2333,0
BKKT-WS.US,5,20211109,185000,10.0151,10.04,10.0151,10.04,400,0
BKKT-WS.US,5,20211109,185500,10.1,10.1,10.1,10.1,100,0
BKKT-WS.US,5,20211109,190000,9.95,10.1005,9.9,10.04,23713,0
BKKT-WS.US,5,20211109,190500,9.9,9.9,9.9,9.9,1000,0
BKKT-WS.US,5,20211109,191000,10,10.15,10,10.14,7920,0
BKKT-WS.US,5,20211109,191500,10.1,10.1,9.9,9.9,1092,0
BKKT-WS.US,5,20211109,192000,9.95,10.15,9.95,10.15,17430,0
BKKT-WS.US,5,20211109,192500,10.35,10.42,10.35,10.42,4500,0
BKKT-WS.US,5,20211109,193000,10.37,10.44,10.37,10.44,200,0
BKKT-WS.US,5,20211109,194000,10.33,10.33,10.31,10.31,300,0
BKKT-WS.US,5,20211109,194500,10.31,10.32,10.31,10.32,922,0
BKKT-WS.US,5,20211109,195000,10.14,10.15,10.13,10.13,645,0
BKKT-WS.US,5,20211109,195500,9.995,9.995,9.995,9.995,400,0
BKKT-WS.US,5,20211109,200000,9.8901,9.8901,9.85,9.85,5355,0
BKKT-WS.US,5,20211109,200500,9.87,9.87,9.6999,9.7,7350,0
BKKT-WS.US,5,20211109,201000,9.7,9.79,9.7,9.79,4250,0
BKKT-WS.US,5,20211109,201500,9.79,9.8,9.79,9.8,400,0
BKKT-WS.US,5,20211109,202000,9.75,9.75,9.68,9.7,1110,0
BKKT-WS.US,5,20211109,202500,9.69,9.7,9.623,9.7,5530,0
BKKT-WS.US,5,20211109,203000,9.7,9.775,9.6982,9.75,2815,0
BKKT-WS.US,5,20211109,203500,9.7,9.7,9.59,9.59,750,0
BKKT-WS.US,5,20211109,204000,9.635,9.635,9.57,9.5938,780,0
BKKT-WS.US,5,20211109,204500,9.645,9.645,9.55,9.55,774,0
BKKT-WS.US,5,20211109,205000,9.6483,9.65,9.64,9.65,1010,0
BKKT-WS.US,5,20211109,205500,9.6,9.65,9.6,9.65,4154,0
BKKT-WS.US,5,20211109,210000,9.66,9.78,9.6,9.6001,3350,0
BKKT-WS.US,5,20211109,210500,9.7,9.7,9.5,9.5,7115,0
BKKT-WS.US,5,20211109,211000,9.3,9.3,9.3,9.3,400,0
BKKT-WS.US,5,20211109,211500,9.445,9.445,9.25,9.25,10300,0
BKKT-WS.US,5,20211109,212000,9.25,9.53,9.25,9.52,2060,0
BKKT-WS.US,5,20211109,212500,9.3,9.3,9.28,9.28,200,0
BKKT-WS.US,5,20211109,213000,9.09,9.2,9.0101,9.2,5556,0
BKKT-WS.US,5,20211109,213500,9.2,9.3,9.19,9.19,4206,0
BKKT-WS.US,5,20211109,214000,9.51,9.53,9.51,9.53,7851,0
BKKT-WS.US,5,20211109,214500,9.54,9.55,9.54,9.55,410,0
BKKT-WS.US,5,20211109,215000,9.5,9.58,9.5,9.53,9809,0
BKKT-WS.US,5,20211109,215500,9.54,9.6899,9.31,9.31,8107,0
BKKT-WS.US,5,20211110,153000,10.2988,10.2988,9.8,9.8,4758,0
BKKT-WS.US,5,20211110,153500,10.29,10.8,9.89,10.73,51112,0
BKKT-WS.US,5,20211110,154000,10.64,10.76,10.3,10.3,22396,0
BKKT-WS.US,5,20211110,154500,10.2999,10.37,10.105,10.105,8413,0
BKKT-WS.US,5,20211110,155000,10.02,10.02,9.51,9.726,12578,0
BKKT-WS.US,5,20211110,155500,9.75,9.9,9.75,9.9,2256,0
BKKT-WS.US,5,20211110,160000,9.94,9.94,9.94,9.94,500,0
BKKT-WS.US,5,20211110,160500,9.76,9.77,9.63,9.77,3946,0
BKKT-WS.US,5,20211110,161000,9.8,10,9.73,9.7342,4909,0
BKKT-WS.US,5,20211110,161500,9.86,10.46,9.86,10.25,11346,0
BKKT-WS.US,5,20211110,162000,10.25,10.29,9.9,10.24,15567,0
BKKT-WS.US,5,20211110,162500,10.37,10.81,10.24,10.34,27440,0
BKKT-WS.US,5,20211110,163000,10.3,10.3,10.18,10.18,2400,0
BKKT-WS.US,5,20211110,163500,10.05,10.05,9.85,9.85,2630,0
BKKT-WS.US,5,20211110,164000,10.035,10.035,10.035,10.035,200,0
BKKT-WS.US,5,20211110,164500,9.9,9.9,9.9,9.9,500,0
BKKT-WS.US,5,20211110,165000,9.9,9.9,9.9,9.9,280,0
BKKT-WS.US,5,20211110,165500,9.85,9.85,9.846,9.85,14970,0
BKKT-WS.US,5,20211110,170000,9.6901,9.7,9.54,9.65,4880,0
BKKT-WS.US,5,20211110,171000,9.716,9.716,9.68,9.7,2837,0
BKKT-WS.US,5,20211110,171500,9.81,9.81,9.77,9.77,200,0
BKKT-WS.US,5,20211110,172000,9.77,9.77,9.7,9.7,1929,0
BKKT-WS.US,5,20211110,172500,9.73,10.0999,9.73,10.0999,10061,0
BKKT-WS.US,5,20211110,173000,9.955,9.955,9.81,9.81,1485,0
BKKT-WS.US,5,20211110,174000,9.71,9.7501,9.7,9.75,438,0
BKKT-WS.US,5,20211110,174500,9.82,10.17,9.82,10.17,3566,0
BKKT-WS.US,5,20211110,175000,10.12,10.12,10.12,10.12,630,0
BKKT-WS.US,5,20211110,175500,9.89,10,9.89,10,1948,0
BKKT-WS.US,5,20211110,180000,10.1,10.1113,10.0001,10.1113,4000,0
BKKT-WS.US,5,20211110,180500,10.23,10.75,10.2,10.5,14204,0
BKKT-WS.US,5,20211110,181000,10.5,10.54,9.99,10.23,4659,0
BKKT-WS.US,5,20211110,182500,10.18,10.2,10.18,10.2,400,0
BKKT-WS.US,5,20211110,183000,10.24,10.24,10.15,10.15,1000,0
BKKT-WS.US,5,20211110,183500,10.23,10.2301,10.23,10.2301,604,0
BKKT-WS.US,5,20211110,184500,10.15,10.15,10.15,10.15,100,0
BKKT-WS.US,5,20211110,185000,10.01,10.01,9.88,10,6338,0
BKKT-WS.US,5,20211110,190000,9.88,9.89,9.88,9.89,1999,0
BKKT-WS.US,5,20211110,190500,9.9116,9.9116,9.9116,9.9116,200,0
BKKT-WS.US,5,20211110,191500,9.9,9.9,9.9,9.9,100,0
BKKT-WS.US,5,20211110,192000,9.94,10,9.7601,9.7601,5475,0
BKKT-WS.US,5,20211110,192500,9.76,9.9,9.75,9.75,1586,0
BKKT-WS.US,5,20211110,193000,9.75,9.75,9.75,9.75,100,0
BKKT-WS.US,5,20211110,193500,9.75,9.75,9.66,9.66,290,0
BKKT-WS.US,5,20211110,194000,9.8,9.8,9.66,9.66,3300,0
BKKT-WS.US,5,20211110,194500,9.76,9.76,9.66,9.66,700,0
BKKT-WS.US,5,20211110,195000,9.7,9.7,9.5,9.5,6597,0
BKKT-WS.US,5,20211110,195500,9.5,9.5,9.24,9.31,950,0
BKKT-WS.US,5,20211110,200000,9.48,9.49,9.25,9.29,10110,0
BKKT-WS.US,5,20211110,200500,9.26,9.5,9.26,9.5,7677,0
BKKT-WS.US,5,20211110,201000,9.45,9.5,9.45,9.45,1400,0
BKKT-WS.US,5,20211110,201500,9.41,9.45,9.4,9.4,11764,0
BKKT-WS.US,5,20211110,202000,9.4,9.4,9.3,9.34,1650,0
BKKT-WS.US,5,20211110,202500,9.26,9.33,9.18,9.18,3397,0
BKKT-WS.US,5,20211110,203000,9.277,9.31,9.25,9.31,2600,0
BKKT-WS.US,5,20211110,203500,9.31,9.31,9.11,9.11,4892,0
BKKT-WS.US,5,20211110,204000,9.11,9.13,9.11,9.11,2100,0
BKKT-WS.US,5,20211110,204500,9.12,9.27,9.02,9.05,5529,0
BKKT-WS.US,5,20211110,205000,9.06,9.06,8.99,8.99,3130,0
BKKT-WS.US,5,20211110,205500,9.06,9.29,9.06,9.27,6356,0
BKKT-WS.US,5,20211110,210000,9.2,9.23,9.06,9.23,16664,0
BKKT-WS.US,5,20211110,211000,9.235,9.32,9.235,9.3,14157,0
BKKT-WS.US,5,20211110,211500,9.3,9.75,9.26,9.74,20025,0
BKKT-WS.US,5,20211110,212000,9.655,9.95,9.54,9.54,13864,0
BKKT-WS.US,5,20211110,212500,9.65,9.89,9.46,9.46,23025,0
BKKT-WS.US,5,20211110,213000,9.55,9.55,9.16,9.3869,12763,0
BKKT-WS.US,5,20211110,213500,9.37,9.37,9.2,9.36,6650,0
BKKT-WS.US,5,20211110,214000,9.37,9.6,9.37,9.52,13797,0
BKKT-WS.US,5,20211110,214500,9.412,9.412,9.3064,9.3999,1653,0
BKKT-WS.US,5,20211110,215000,9.38,9.435,9.37,9.4,9349,0
BKKT-WS.US,5,20211110,215500,9.12,9.38,9.1,9.295,5700,0
BKKT-WS.US,5,20211111,153000,10,10.27,9.72,9.85,32609,0
BKKT-WS.US,5,20211111,153500,9.9,10.21,9.84,9.9002,35717,0
BKKT-WS.US,5,20211111,154000,9.67,9.75,9.6,9.6,18435,0
BKKT-WS.US,5,20211111,154500,9.56,9.7,9.56,9.7,680,0
BKKT-WS.US,5,20211111,155000,9.77,9.97,9.75,9.97,13898,0
BKKT-WS.US,5,20211111,155500,9.95,10.41,9.95,10.1213,21843,0
BKKT-WS.US,5,20211111,160000,10.08,10.12,10.02,10.04,4539,0
BKKT-WS.US,5,20211111,160500,9.83,9.99,9.83,9.99,300,0
BKKT-WS.US,5,20211111,161000,9.83,9.9,9.83,9.9,250,0
BKKT-WS.US,5,20211111,161500,9.895,9.895,9.65,9.65,11714,0
BKKT-WS.US,5,20211111,162000,9.65,9.65,9.45,9.45,5921,0
BKKT-WS.US,5,20211111,162500,9.45,9.4539,9.45,9.4539,600,0
BKKT-WS.US,5,20211111,163000,9.5,10,9.5,9.75,17432,0
BKKT-WS.US,5,20211111,163500,9.75,9.9176,9.74,9.9,11053,0
BKKT-WS.US,5,20211111,164000,9.8999,9.9,9.84,9.84,2300,0
BKKT-WS.US,5,20211111,164500,9.9,9.9,9.67,9.8499,1891,0
BKKT-WS.US,5,20211111,165000,9.85,9.85,9.64,9.66,800,0
BKKT-WS.US,5,20211111,165500,9.775,9.88,9.775,9.88,758,0
BKKT-WS.US,5,20211111,170000,9.7,9.7,9.7,9.7,100,0
BKKT-WS.US,5,20211111,170500,9.78,9.9,9.78,9.9,6485,0
BKKT-WS.US,5,20211111,171000,9.99,10.03,9.72,9.99,10800,0
BKKT-WS.US,5,20211111,172000,9.95,10.1132,9.9,10.1,6618,0
BKKT-WS.US,5,20211111,172500,10.04,10.13,9.87,10.08,14891,0
BKKT-WS.US,5,20211111,173000,9.95,9.95,9.785,9.93,10100,0
BKKT-WS.US,5,20211111,173500,9.9599,9.9599,9.7,9.88,3862,0
BKKT-WS.US,5,20211111,174000,9.88,9.88,9.88,9.88,200,0
BKKT-WS.US,5,20211111,174500,9.75,9.86,9.75,9.86,1237,0
BKKT-WS.US,5,20211111,175000,9.8799,9.88,9.56,9.7,10900,0
BKKT-WS.US,5,20211111,175500,9.5779,9.7499,9.5,9.7499,13211,0
BKKT-WS.US,5,20211111,180000,9.78,9.79,9.71,9.71,2155,0
BKKT-WS.US,5,20211111,180500,9.6632,9.7499,9.6632,9.7499,2110,0
BKKT-WS.US,5,20211111,181000,9.6,9.6,9.6,9.6,2600,0
BKKT-WS.US,5,20211111,181500,9.54,9.65,9.525,9.535,4221,0
BKKT-WS.US,5,20211111,182000,9.61,9.61,9.4,9.45,7120,0
BKKT-WS.US,5,20211111,182500,9.5,9.5,9.44,9.44,400,0
BKKT-WS.US,5,20211111,183000,9.46,9.67,9.43,9.67,2759,0
BKKT-WS.US,5,20211111,183500,9.79,9.86,9.53,9.53,2100,0
BKKT-WS.US,5,20211111,184000,9.83,9.89,9.58,9.58,3904,0
BKKT-WS.US,5,20211111,184500,9.62,9.73,9.38,9.73,5971,0
BKKT-WS.US,5,20211111,185000,9.43,9.6,9.43,9.5101,1300,0
BKKT-WS.US,5,20211111,185500,9.515,9.8,9.515,9.71,6000,0
BKKT-WS.US,5,20211111,190000,9.71,9.71,9.71,9.71,600,0
BKKT-WS.US,5,20211111,191000,9.71,9.71,9.57,9.57,500,0
BKKT-WS.US,5,20211111,191500,9.52,9.64,9.52,9.64,584,0
BKKT-WS.US,5,20211111,192500,9.66,9.66,9.51,9.51,3300,0
BKKT-WS.US,5,20211111,195000,9.6,9.71,9.53,9.71,14704,0
BKKT-WS.US,5,20211111,195500,9.655,9.71,9.52,9.71,21572,0
BKKT-WS.US,5,20211111,200000,9.56,9.72,9.53,9.72,107901,0
BKKT-WS.US,5,20211111,200500,9.72,9.8,9.72,9.8,1444,0
BKKT-WS.US,5,20211111,201000,9.769,10.45,9.75,10.3732,14384,0
BKKT-WS.US,5,20211111,201500,10.44,10.7,9.98,10.605,32258,0
BKKT-WS.US,5,20211111,202000,10.65,10.74,10.39,10.5701,3679,0
BKKT-WS.US,5,20211111,202500,10.535,10.5499,10.4,10.4,505,0
BKKT-WS.US,5,20211111,203000,10.655,10.94,10.47,10.795,54983,0
BKKT-WS.US,5,20211111,203500,10.81,10.845,10.12,10.12,11768,0
BKKT-WS.US,5,20211111,204000,10.5,10.7,10.44,10.7,15545,0
BKKT-WS.US,5,20211111,204500,10.69,10.69,10.15,10.16,6785,0
BKKT-WS.US,5,20211111,205000,10.39,10.39,10.38,10.38,200,0
BKKT-WS.US,5,20211111,205500,10.48,10.48,10.36,10.36,250,0
BKKT-WS.US,5,20211111,210500,10.33,10.82,10.33,10.76,9902,0
BKKT-WS.US,5,20211111,211000,10.37,10.55,10.35,10.55,900,0
BKKT-WS.US,5,20211111,211500,10.54,10.63,10.54,10.63,1700,0
BKKT-WS.US,5,20211111,212000,10.76,10.91,10.64,10.75,15191,0
BKKT-WS.US,5,20211111,212500,10.701,10.93,10.68,10.8,7166,0
BKKT-WS.US,5,20211111,213000,10.71,10.8,10.41,10.41,6000,0
BKKT-WS.US,5,20211111,213500,10.545,10.5894,10.5,10.5001,2206,0
BKKT-WS.US,5,20211111,214000,10.4,10.4999,10.28,10.2901,3003,0
BKKT-WS.US,5,20211111,214500,10.5,10.5,10.5,10.5,697,0
BKKT-WS.US,5,20211111,215000,10.5,10.7862,10.5,10.7862,925,0
BKKT-WS.US,5,20211111,215500,10.46,10.56,10.13,10.265,12490,0
