<TICKER>,<PER>,<DATE>,<TIME>,<OPEN>,<HIGH>,<LOW>,<CLOSE>,<VOL>,<OPENINT>
CPUH-U.US,5,20210922,153000,9.99,9.99,9.99,9.99,250,0
CPUH-U.US,5,20210922,154000,9.98,9.98,9.98,9.98,500,0
CPUH-U.US,5,20210922,155000,9.99,9.99,9.99,9.99,500,0
CPUH-U.US,5,20210922,155500,10,10,10,10,1743,0
CPUH-U.US,5,20210922,161500,10,10,10,10,600,0
CPUH-U.US,5,20210922,162000,10,10,10,10,190,0
CPUH-U.US,5,20210922,163500,10,10.0001,10,10,600,0
CPUH-U.US,5,20210922,165500,10,10,10,10,100,0
CPUH-U.US,5,20210922,170500,10.0078,10.0078,10.0078,10.0078,111,0
CPUH-U.US,5,20210922,173500,10,10,10,10,200,0
CPUH-U.US,5,20210922,174500,10,10,10,10,1200,0
CPUH-U.US,5,20210922,181500,10,10,10,10,1200,0
CPUH-U.US,5,20210922,182000,10,10.0045,10,10.0045,3000,0
CPUH-U.US,5,20210922,183000,10.0001,10.0001,10.0001,10.0001,100,0
CPUH-U.US,5,20210922,183500,10.0042,10.0042,10,10,220,0
CPUH-U.US,5,20210922,184500,10.0001,10.0001,10,10,1080,0
CPUH-U.US,5,20210922,195500,10,10,10,10,100,0
CPUH-U.US,5,20210922,213500,10.0022,10.0022,10,10,500,0
CPUH-U.US,5,20210922,215000,10.0002,10.0002,10,10,400,0
CPUH-U.US,5,20210922,215500,10.01,10.01,10,10,967,0
CPUH-U.US,5,20210923,153000,10,10,10,10,100,0
CPUH-U.US,5,20210923,154000,10,10,10,10,10181,0
CPUH-U.US,5,20210923,160500,10,10.0022,10,10.0022,200,0
CPUH-U.US,5,20210923,163000,10,10,10,10,100,0
CPUH-U.US,5,20210923,164500,10,10,10,10,200,0
CPUH-U.US,5,20210923,173000,10.005,10.005,10.005,10.005,100,0
CPUH-U.US,5,20210923,174000,10,10,10,10,814,0
CPUH-U.US,5,20210923,175500,10,10,10,10,500,0
CPUH-U.US,5,20210923,182000,10,10.0022,10,10,300,0
CPUH-U.US,5,20210923,195000,10.0001,10.0001,10.0001,10.0001,200,0
CPUH-U.US,5,20210923,195500,10.005,10.005,10.005,10.005,585,0
CPUH-U.US,5,20210923,200500,10.01,10.01,10.005,10.01,7580,0
CPUH-U.US,5,20210923,201000,10.01,10.01,10.005,10.01,1700,0
CPUH-U.US,5,20210923,201500,10.01,10.01,10.0001,10.01,2600,0
CPUH-U.US,5,20210923,202000,10.01,10.01,10.005,10.01,1500,0
CPUH-U.US,5,20210923,202500,10.01,10.01,10,10.01,2715,0
CPUH-U.US,5,20210923,203000,10.01,10.01,10.0036,10.01,4600,0
CPUH-U.US,5,20210923,203500,10.01,10.01,10.005,10.01,1800,0
CPUH-U.US,5,20210923,204000,10.01,10.01,10.01,10.01,1900,0
CPUH-U.US,5,20210923,204500,10.01,10.01,10.005,10.01,1900,0
CPUH-U.US,5,20210923,205000,10.01,10.01,10.005,10.01,1700,0
CPUH-U.US,5,20210923,205500,10.01,10.01,10.005,10.01,2000,0
CPUH-U.US,5,20210923,210000,10.01,10.01,10,10.005,2100,0
CPUH-U.US,5,20210923,210500,10.01,10.01,10,10.01,2800,0
CPUH-U.US,5,20210923,211000,10.01,10.01,10.01,10.01,1700,0
CPUH-U.US,5,20210923,211500,10.01,10.01,10.01,10.01,2000,0
CPUH-U.US,5,20210923,212000,10.01,10.01,10.01,10.01,1800,0
CPUH-U.US,5,20210923,212500,10.01,10.01,10.005,10.005,2000,0
CPUH-U.US,5,20210923,213000,10.01,10.01,10.005,10.01,1700,0
CPUH-U.US,5,20210923,213500,10.01,10.01,10.005,10.005,1900,0
CPUH-U.US,5,20210923,214000,10.01,10.01,10.005,10.005,1800,0
CPUH-U.US,5,20210923,214500,10.01,10.01,10.005,10.01,1890,0
CPUH-U.US,5,20210923,215000,10.01,10.01,10.005,10.01,2000,0
CPUH-U.US,5,20210923,215500,10.01,10.01,10,10.01,2600,0
CPUH-U.US,5,20210924,153500,9.97,9.97,9.97,9.97,116,0
CPUH-U.US,5,20210924,161500,10.01,10.01,10.01,10.01,100,0
CPUH-U.US,5,20210924,162000,10.005,10.005,10.005,10.005,200,0
CPUH-U.US,5,20210924,163500,10.005,10.005,10.005,10.005,500,0
CPUH-U.US,5,20210924,171500,10,10.0026,10,10.0026,3126,0
CPUH-U.US,5,20210924,182000,10.01,10.01,10.005,10.01,1500,0
CPUH-U.US,5,20210924,182500,10.01,10.01,10.01,10.01,2000,0
CPUH-U.US,5,20210924,183000,10.01,10.01,10.01,10.01,1800,0
CPUH-U.US,5,20210924,183500,10.01,10.01,10.01,10.01,2300,0
CPUH-U.US,5,20210924,184000,10.01,10.01,10.01,10.01,2400,0
CPUH-U.US,5,20210924,184500,10.01,10.01,10.01,10.01,2400,0
CPUH-U.US,5,20210924,185000,10.01,10.01,10.01,10.01,2000,0
CPUH-U.US,5,20210924,185500,10.01,10.01,10.01,10.01,2400,0
CPUH-U.US,5,20210924,190000,10.01,10.01,10.01,10.01,2400,0
CPUH-U.US,5,20210924,190500,10.01,10.01,10.01,10.01,2000,0
CPUH-U.US,5,20210924,191000,10.01,10.01,10.01,10.01,2400,0
CPUH-U.US,5,20210924,191500,10.01,10.01,10.01,10.01,2600,0
CPUH-U.US,5,20210924,192000,10.01,10.01,10.01,10.01,2000,0
CPUH-U.US,5,20210924,192500,10.01,10.01,10.01,10.01,2200,0
CPUH-U.US,5,20210924,193000,10.01,10.01,10.01,10.01,2400,0
CPUH-U.US,5,20210924,193500,10.01,10.01,10.01,10.01,2000,0
CPUH-U.US,5,20210924,194000,10.01,10.01,10.01,10.01,2300,0
CPUH-U.US,5,20210924,215500,10,10,10,10,2291,0
CPUH-U.US,5,20210927,153000,9.98,9.98,9.98,9.98,100,0
CPUH-U.US,5,20210927,153500,9.99,10.01,9.99,10.01,2089,0
CPUH-U.US,5,20210927,155500,9.99,9.99,9.98,9.98,1298,0
CPUH-U.US,5,20210927,160000,9.985,9.985,9.98,9.98,1000,0
CPUH-U.US,5,20210927,160500,9.99,10.01,9.99,10.01,1200,0
CPUH-U.US,5,20210927,161500,9.99,9.99,9.99,9.99,597,0
CPUH-U.US,5,20210927,162000,10,10,10,10,300,0
CPUH-U.US,5,20210927,163000,9.99,9.99,9.99,9.99,1800,0
CPUH-U.US,5,20210927,164000,9.99,10,9.99,10,3000,0
CPUH-U.US,5,20210927,164500,10,10,9.99,9.99,8600,0
CPUH-U.US,5,20210927,165000,10.0001,10.0001,10,10,1340,0
CPUH-U.US,5,20210927,170500,10,10,10,10,200,0
CPUH-U.US,5,20210927,171500,10,10,10,10,200,0
CPUH-U.US,5,20210927,181000,10,10,10,10,600,0
CPUH-U.US,5,20210927,181500,10,10,10,10,600,0
CPUH-U.US,5,20210927,190000,10.01,10.01,10.01,10.01,400,0
CPUH-U.US,5,20210927,190500,9.99,9.99,9.99,9.99,590,0
CPUH-U.US,5,20210927,202000,10.01,10.01,10.01,10.01,800,0
CPUH-U.US,5,20210927,203500,10.005,10.005,10.005,10.005,1000,0
CPUH-U.US,5,20210927,205000,10.01,10.01,10.01,10.01,400,0
CPUH-U.US,5,20210927,213000,10.01,10.01,10.01,10.01,400,0
CPUH-U.US,5,20210927,215500,10,10.0022,10,10,10292,0
CPUH-U.US,5,20210928,153000,9.92,10,9.92,10,1065,0
CPUH-U.US,5,20210928,153500,9.98,10.01,9.98,10,1237,0
CPUH-U.US,5,20210928,154500,9.99,9.99,9.97,9.97,1100,0
CPUH-U.US,5,20210928,155500,9.98,9.98,9.98,9.98,1000,0
CPUH-U.US,5,20210928,162000,9.99,9.99,9.99,9.99,100,0
CPUH-U.US,5,20210928,162500,9.99,9.99,9.99,9.99,200,0
CPUH-U.US,5,20210928,165500,10,10,10,10,100,0
CPUH-U.US,5,20210928,170500,10,10,10,10,1350,0
CPUH-U.US,5,20210928,172000,10,10,10,10,500,0
CPUH-U.US,5,20210928,181000,10,10,10,10,7800,0
CPUH-U.US,5,20210928,182000,10,10,10,10,480,0
CPUH-U.US,5,20210928,185500,10.01,10.01,10.01,10.01,937,0
CPUH-U.US,5,20210928,192500,10.01,10.01,10.005,10.01,400,0
CPUH-U.US,5,20210928,194000,10.005,10.01,10.005,10.01,1070,0
CPUH-U.US,5,20210928,202000,10,10,10,10,200,0
CPUH-U.US,5,20210928,202500,10.01,10.01,10,10.01,12820,0
CPUH-U.US,5,20210928,203000,10.0001,10.0001,10.0001,10.0001,200,0
CPUH-U.US,5,20210928,203500,10.01,10.01,10.01,10.01,1590,0
CPUH-U.US,5,20210928,205000,10.01,10.01,10.01,10.01,1253,0
CPUH-U.US,5,20210928,205500,10.01,10.01,10.01,10.01,642,0
CPUH-U.US,5,20210928,210000,10.01,10.01,10.01,10.01,100,0
CPUH-U.US,5,20210928,211000,10.01,10.01,10.01,10.01,400,0
CPUH-U.US,5,20210928,211500,10.01,10.01,10.01,10.01,1700,0
CPUH-U.US,5,20210928,212500,10.01,10.01,10.01,10.01,9550,0
CPUH-U.US,5,20210928,213000,10,10.0004,10,10.0004,1400,0
CPUH-U.US,5,20210928,214500,10.01,10.01,10.01,10.01,3121,0
CPUH-U.US,5,20210928,215500,10.01,10.01,10,10.01,54236,0
CPUH-U.US,5,20210929,153000,10,10.01,10,10.01,460,0
CPUH-U.US,5,20210929,154500,10.01,10.01,10.01,10.01,5300,0
CPUH-U.US,5,20210929,155000,10.01,10.01,10.01,10.01,9600,0
CPUH-U.US,5,20210929,155500,10.01,10.01,10.01,10.01,9600,0
CPUH-U.US,5,20210929,160000,10.01,10.02,10.01,10.02,130686,0
CPUH-U.US,5,20210929,161000,10.01,10.01,10.01,10.01,300,0
CPUH-U.US,5,20210929,161500,10.02,10.03,10.01,10.02,1509,0
CPUH-U.US,5,20210929,163500,10.01,10.01,10.01,10.01,100,0
CPUH-U.US,5,20210929,164000,10.02,10.02,10.02,10.02,1666,0
CPUH-U.US,5,20210929,172000,10.0101,10.0101,10.0101,10.0101,500,0
CPUH-U.US,5,20210929,172500,10.02,10.02,10.02,10.02,856,0
CPUH-U.US,5,20210929,185500,10.015,10.015,10.015,10.015,250,0
CPUH-U.US,5,20210929,193000,10.01,10.0101,10.01,10.0101,2600,0
CPUH-U.US,5,20210929,194000,10.0103,10.0103,10.0103,10.0103,900,0
CPUH-U.US,5,20210929,202500,10.0102,10.0102,10.01,10.01,562,0
CPUH-U.US,5,20210929,213500,10.01,10.01,10.01,10.01,420,0
CPUH-U.US,5,20210929,215000,10.01,10.01,10.01,10.01,660,0
CPUH-U.US,5,20210929,215500,10.01,10.01,10.01,10.01,400,0
CPUH-U.US,5,20210930,153000,9.94,10,9.94,10,1943,0
CPUH-U.US,5,20210930,153500,10,10,10,10,330,0
CPUH-U.US,5,20210930,165000,10.01,10.01,10.01,10.01,5030,0
CPUH-U.US,5,20210930,165500,10.01,10.01,10,10,1266,0
CPUH-U.US,5,20210930,171500,10.01,10.01,10.01,10.01,708,0
CPUH-U.US,5,20210930,175000,10,10,10,10,300,0
CPUH-U.US,5,20210930,180500,10,10.0014,10,10.0014,1150,0
CPUH-U.US,5,20210930,181000,10,10.0004,10,10.0004,2172,0
CPUH-U.US,5,20210930,190500,10,10.0012,10,10.0012,4972,0
CPUH-U.US,5,20210930,191000,10,10,10,10,3903,0
CPUH-U.US,5,20210930,191500,10.0001,10.0001,10.0001,10.0001,400,0
CPUH-U.US,5,20210930,193500,10.0011,10.0011,10,10,2300,0
CPUH-U.US,5,20210930,201000,10.005,10.01,10.005,10.01,300,0
CPUH-U.US,5,20210930,201500,10.01,10.01,10.005,10.01,1600,0
CPUH-U.US,5,20210930,202000,10.0031,10.005,10.0031,10.005,600,0
CPUH-U.US,5,20210930,204000,10,10,10,10,1086,0
CPUH-U.US,5,20210930,210500,10,10,10,10,868,0
CPUH-U.US,5,20210930,212500,10,10.0001,10,10.0001,400,0
CPUH-U.US,5,20210930,215500,10,10,10,10,100,0
CPUH-U.US,5,20211001,153000,9.95,9.95,9.95,9.95,300,0
CPUH-U.US,5,20211001,154000,10,10,10,10,1295,0
CPUH-U.US,5,20211001,154500,10,10,10,10,850,0
CPUH-U.US,5,20211001,155500,9.9701,9.9701,9.9701,9.9701,600,0
CPUH-U.US,5,20211001,162000,9.99,9.99,9.99,9.99,705,0
CPUH-U.US,5,20211001,162500,10,10,10,10,1100,0
CPUH-U.US,5,20211001,163000,10,10,9.99,9.99,972,0
CPUH-U.US,5,20211001,164000,9.99,9.99,9.99,9.99,300,0
CPUH-U.US,5,20211001,164500,9.99,10,9.99,10,550,0
CPUH-U.US,5,20211001,171000,9.99,9.99,9.99,9.99,300,0
CPUH-U.US,5,20211001,171500,9.99,10.01,9.99,10.01,1500,0
CPUH-U.US,5,20211001,173500,10,10,10,10,100,0
CPUH-U.US,5,20211001,185000,10.01,10.01,10.01,10.01,9787,0
CPUH-U.US,5,20211001,185500,10.01,10.01,10.01,10.01,18143,0
CPUH-U.US,5,20211001,190000,10.01,10.01,10.01,10.01,9021,0
CPUH-U.US,5,20211001,191500,10.01,10.01,10.01,10.01,10092,0
CPUH-U.US,5,20211001,192000,10.01,10.01,10,10.01,5462,0
CPUH-U.US,5,20211001,192500,10.01,10.01,10.01,10.01,1150,0
CPUH-U.US,5,20211001,193000,10.005,10.01,10.005,10.01,200,0
CPUH-U.US,5,20211001,193500,10.01,10.01,10.01,10.01,300,0
CPUH-U.US,5,20211001,194000,10.01,10.01,10.01,10.01,1450,0
CPUH-U.US,5,20211001,194500,10.01,10.01,10.01,10.01,100,0
CPUH-U.US,5,20211001,195000,10.01,10.01,10.01,10.01,400,0
CPUH-U.US,5,20211001,195500,10.01,10.01,10.01,10.01,100,0
CPUH-U.US,5,20211001,200000,10.01,10.01,10.01,10.01,300,0
CPUH-U.US,5,20211001,200500,10.01,10.01,10.01,10.01,500,0
CPUH-U.US,5,20211001,201000,10.01,10.01,10.01,10.01,500,0
CPUH-U.US,5,20211001,201500,10.01,10.01,10.01,10.01,400,0
CPUH-U.US,5,20211001,202000,10.01,10.01,10.01,10.01,100,0
CPUH-U.US,5,20211001,202500,10.01,10.01,10.01,10.01,600,0
CPUH-U.US,5,20211001,203000,10.01,10.01,10.01,10.01,300,0
CPUH-U.US,5,20211001,204000,10.01,10.01,10.01,10.01,100,0
CPUH-U.US,5,20211001,204500,10.01,10.01,10.01,10.01,800,0
CPUH-U.US,5,20211001,205000,10.01,10.01,10.01,10.01,550,0
CPUH-U.US,5,20211001,205500,10.01,10.01,10.01,10.01,1300,0
CPUH-U.US,5,20211001,210000,10.01,10.01,10.01,10.01,2600,0
CPUH-U.US,5,20211001,212000,10.01,10.01,10.01,10.01,2900,0
CPUH-U.US,5,20211001,212500,10.01,10.01,10.01,10.01,3300,0
CPUH-U.US,5,20211001,214000,10.01,10.01,10.01,10.01,7200,0
CPUH-U.US,5,20211001,214500,10.01,10.01,10,10.01,2891,0
CPUH-U.US,5,20211001,215000,10.01,10.01,10,10,590,0
CPUH-U.US,5,20211001,215500,10.01,10.01,10.01,10.01,500,0
CPUH-U.US,5,20211004,153000,9.95,9.98,9.95,9.98,1725,0
CPUH-U.US,5,20211004,153500,9.99,9.995,9.98,9.98,1292,0
CPUH-U.US,5,20211004,154000,10,10,10,10,800,0
CPUH-U.US,5,20211004,155000,9.99,9.99,9.9804,9.9804,1980,0
CPUH-U.US,5,20211004,155500,10,10,10,10,1100,0
CPUH-U.US,5,20211004,160000,10,10,10,10,800,0
CPUH-U.US,5,20211004,161000,10,10.01,10,10.01,882,0
CPUH-U.US,5,20211004,162500,10,10.01,10,10,4250,0
CPUH-U.US,5,20211004,164500,10,10,10,10,600,0
CPUH-U.US,5,20211004,165000,10,10,10,10,374,0
CPUH-U.US,5,20211004,170000,10,10.01,10,10,1600,0
CPUH-U.US,5,20211004,171000,10.01,10.03,10,10,47444,0
CPUH-U.US,5,20211004,171500,10,10.01,10,10.01,1765,0
CPUH-U.US,5,20211004,172000,10.01,10.01,10.01,10.01,3025,0
CPUH-U.US,5,20211004,172500,10.01,10.01,10.005,10.005,2452,0
CPUH-U.US,5,20211004,173000,10.01,10.01,10.01,10.01,2870,0
CPUH-U.US,5,20211004,173500,10.01,10.01,10.01,10.01,215,0
CPUH-U.US,5,20211004,174000,10.01,10.01,10.0061,10.0061,2901,0
CPUH-U.US,5,20211004,174500,10.01,10.01,10.01,10.01,453,0
CPUH-U.US,5,20211004,175000,10.01,10.01,10.01,10.01,122,0
CPUH-U.US,5,20211004,175500,10.01,10.01,10.01,10.01,2305,0
CPUH-U.US,5,20211004,180000,10.01,10.02,10.01,10.01,4222,0
CPUH-U.US,5,20211004,181000,10,10,10,10,300,0
CPUH-U.US,5,20211004,181500,10.01,10.01,10.01,10.01,100,0
CPUH-U.US,5,20211004,182000,10.01,10.01,10.01,10.01,593,0
CPUH-U.US,5,20211004,183000,10.01,10.02,10.01,10.02,77375,0
CPUH-U.US,5,20211004,183500,10.01,10.02,10.01,10.02,198500,0
CPUH-U.US,5,20211004,184000,10.01,10.01,10.01,10.01,294,0
CPUH-U.US,5,20211004,184500,10.02,10.02,10.02,10.02,100,0
CPUH-U.US,5,20211004,185000,10.02,10.02,10.01,10.02,5000,0
CPUH-U.US,5,20211004,190000,10.02,10.02,10.02,10.02,7897,0
CPUH-U.US,5,20211004,191000,10.02,10.02,10.02,10.02,420,0
CPUH-U.US,5,20211004,192500,10.02,10.02,10.02,10.02,6400,0
CPUH-U.US,5,20211004,194000,10.0159,10.02,10.0159,10.017,1720,0
CPUH-U.US,5,20211004,195500,10.02,10.02,10.02,10.02,5000,0
CPUH-U.US,5,20211004,200500,10.01,10.02,10.01,10.02,1100,0
CPUH-U.US,5,20211004,201000,10.02,10.02,10.02,10.02,1000,0
CPUH-U.US,5,20211004,204500,10.02,10.02,10.02,10.02,200,0
CPUH-U.US,5,20211004,205000,10.0209,10.0209,10.0209,10.0209,600,0
CPUH-U.US,5,20211004,211500,10.02,10.02,10.02,10.02,200,0
CPUH-U.US,5,20211004,212500,10.02,10.02,10.02,10.02,300,0
CPUH-U.US,5,20211004,213500,10.02,10.02,10.02,10.02,100,0
CPUH-U.US,5,20211004,214500,10.02,10.02,10.02,10.02,100,0
CPUH-U.US,5,20211004,215500,10.03,10.03,10.03,10.03,100,0
CPUH-U.US,5,20211005,154000,10.0001,10.01,10,10.01,12300,0
CPUH-U.US,5,20211005,154500,10.01,10.01,10.01,10.01,200,0
CPUH-U.US,5,20211005,160000,10.015,10.015,10.015,10.015,100,0
CPUH-U.US,5,20211005,161000,10.0101,10.0101,10.0101,10.0101,500,0
CPUH-U.US,5,20211005,161500,10.01,10.01,10.01,10.01,280,0
CPUH-U.US,5,20211005,162000,10.02,10.02,10.02,10.02,150000,0
CPUH-U.US,5,20211005,162500,10.0101,10.0101,10.01,10.01,200,0
CPUH-U.US,5,20211005,165000,10.02,10.02,10.02,10.02,78000,0
CPUH-U.US,5,20211005,170000,10.02,10.02,10.02,10.02,73340,0
CPUH-U.US,5,20211005,175000,10.02,10.02,10.01,10.01,380,0
CPUH-U.US,5,20211005,180000,10.02,10.02,10.02,10.02,200,0
CPUH-U.US,5,20211005,181000,10.02,10.02,10.02,10.02,500,0
CPUH-U.US,5,20211005,181500,10.01,10.01,10.01,10.01,400,0
CPUH-U.US,5,20211005,182000,10.02,10.02,10.02,10.02,1000,0
CPUH-U.US,5,20211005,194500,10.02,10.02,10.02,10.02,3100,0
CPUH-U.US,5,20211005,202000,10.0185,10.0185,10.0185,10.0185,104,0
CPUH-U.US,5,20211005,204500,10.01,10.01,10.01,10.01,301,0
CPUH-U.US,5,20211005,211000,10.015,10.015,10,10.015,10562,0
CPUH-U.US,5,20211006,153000,10.02,10.02,10.02,10.02,2050,0
CPUH-U.US,5,20211006,153500,9.985,10.02,9.985,10.02,2300,0
CPUH-U.US,5,20211006,155000,10,10,10,10,100,0
CPUH-U.US,5,20211006,155500,10.0113,10.02,10.01,10.02,1294,0
CPUH-U.US,5,20211006,162000,10.02,10.02,10.01,10.01,3595,0
CPUH-U.US,5,20211006,162500,10,10,10,10,2500,0
CPUH-U.US,5,20211006,163500,10,10,10,10,7569,0
CPUH-U.US,5,20211006,170000,10.0001,10.0001,10.0001,10.0001,500,0
CPUH-U.US,5,20211006,174000,10.0075,10.0075,10.0075,10.0075,100,0
CPUH-U.US,5,20211006,181000,10.0075,10.0075,10,10.005,1200,0
CPUH-U.US,5,20211006,200500,10.005,10.005,10.005,10.005,184,0
CPUH-U.US,5,20211006,201000,10,10.005,10,10.005,603,0
CPUH-U.US,5,20211006,201500,10.005,10.01,10.005,10.01,547,0
CPUH-U.US,5,20211006,202500,10.005,10.005,10.005,10.005,200,0
CPUH-U.US,5,20211006,203000,10.005,10.005,10.005,10.005,520,0
CPUH-U.US,5,20211006,204000,10,10,10,10,600,0
CPUH-U.US,5,20211006,205000,10.005,10.005,10.005,10.005,126,0
CPUH-U.US,5,20211006,210000,10.005,10.005,10.005,10.005,200,0
CPUH-U.US,5,20211006,210500,10.005,10.005,10.005,10.005,105,0
CPUH-U.US,5,20211006,211000,10.005,10.005,10.005,10.005,100,0
CPUH-U.US,5,20211006,211500,10.0095,10.0095,10,10,200,0
CPUH-U.US,5,20211006,212000,10.005,10.005,10.005,10.005,327,0
CPUH-U.US,5,20211006,212500,10.005,10.005,10.005,10.005,137,0
CPUH-U.US,5,20211006,213500,10,10,10,10,200,0
CPUH-U.US,5,20211006,214500,10.005,10.005,10.005,10.005,401,0
CPUH-U.US,5,20211006,215000,10.0036,10.005,10,10.005,606,0
CPUH-U.US,5,20211006,215500,10,10.005,10,10,6588,0
CPUH-U.US,5,20211007,160000,10,10,10,10,1500,0
CPUH-U.US,5,20211007,160500,10.005,10.005,10.005,10.005,280,0
CPUH-U.US,5,20211007,161500,10,10.0001,10,10,300,0
CPUH-U.US,5,20211007,162000,10.0041,10.0041,10.0041,10.0041,100,0
CPUH-U.US,5,20211007,163500,10,10,10,10,1000,0
CPUH-U.US,5,20211007,164500,10.01,10.01,10.01,10.01,455,0
CPUH-U.US,5,20211007,165000,10.01,10.01,10.01,10.01,200,0
CPUH-U.US,5,20211007,170500,10.01,10.01,10.01,10.01,200,0
CPUH-U.US,5,20211007,171000,10.0022,10.0022,10.0022,10.0022,100,0
CPUH-U.US,5,20211007,171500,10.01,10.01,10.01,10.01,188,0
CPUH-U.US,5,20211007,172500,10.01,10.01,10.01,10.01,200,0
CPUH-U.US,5,20211007,173500,10.0097,10.01,10.005,10.01,5800,0
CPUH-U.US,5,20211007,174000,10.0183,10.0183,10.0183,10.0183,341,0
CPUH-U.US,5,20211007,175000,10.01,10.01,10.01,10.01,100,0
CPUH-U.US,5,20211007,183000,10.01,10.01,10.01,10.01,200,0
CPUH-U.US,5,20211007,183500,10.006,10.006,10,10,820,0
CPUH-U.US,5,20211007,184000,10,10.02,10,10.02,884,0
CPUH-U.US,5,20211007,190500,10.0004,10.0004,9.98,9.98,11160,0
CPUH-U.US,5,20211007,200500,9.98,9.98,9.98,9.98,140,0
CPUH-U.US,5,20211007,201500,9.99,9.99,9.99,9.99,500,0
CPUH-U.US,5,20211007,205500,9.97,9.97,9.97,9.97,700,0
CPUH-U.US,5,20211007,211000,9.995,10,9.995,10,712,0
CPUH-U.US,5,20211007,213500,9.995,9.995,9.995,9.995,100,0
CPUH-U.US,5,20211008,153000,9.92,10,9.92,10,1760,0
CPUH-U.US,5,20211008,153500,10,10.01,10,10.01,1855,0
CPUH-U.US,5,20211008,162000,9.97,9.97,9.97,9.97,277,0
CPUH-U.US,5,20211008,190000,10.005,10.005,10.005,10.005,450,0
CPUH-U.US,5,20211008,205500,10.005,10.005,10.005,10.005,900,0
CPUH-U.US,5,20211008,213500,10.005,10.005,10.005,10.005,180,0
CPUH-U.US,5,20211008,215000,10,10,10,10,245,0
CPUH-U.US,5,20211011,154500,9.98,9.98,9.98,9.98,400,0
CPUH-U.US,5,20211011,155000,9.9601,9.9601,9.9601,9.9601,200,0
CPUH-U.US,5,20211011,155500,9.98,9.98,9.98,9.98,100,0
CPUH-U.US,5,20211011,160000,9.98,9.98,9.98,9.98,100,0
CPUH-U.US,5,20211011,161000,9.9875,9.9875,9.985,9.986,688,0
CPUH-U.US,5,20211011,161500,10,10,9.985,10,67029,0
CPUH-U.US,5,20211011,162000,10,10,10,10,5972,0
CPUH-U.US,5,20211011,162500,10,10,10,10,1453,0
CPUH-U.US,5,20211011,163000,10,10,10,10,1650,0
CPUH-U.US,5,20211011,163500,10,10,9.99,10,11200,0
CPUH-U.US,5,20211011,164000,10,10,9.99,10,11160,0
CPUH-U.US,5,20211011,164500,10,10,10,10,200,0
CPUH-U.US,5,20211011,173000,9.9801,10,9.9801,10,3692,0
CPUH-U.US,5,20211011,173500,9.995,10,9.995,10,770,0
CPUH-U.US,5,20211011,175500,10,10,10,10,100,0
CPUH-U.US,5,20211011,181500,9.99,9.99,9.99,9.99,300,0
CPUH-U.US,5,20211011,183500,9.996,9.996,9.996,9.996,120,0
CPUH-U.US,5,20211011,184000,10,10,10,10,650,0
CPUH-U.US,5,20211011,191000,10,10,10,10,200,0
CPUH-U.US,5,20211011,192500,9.9938,9.9938,9.9938,9.9938,3000,0
CPUH-U.US,5,20211011,194500,9.995,10,9.995,10,1300,0
CPUH-U.US,5,20211011,200000,9.995,9.995,9.995,9.995,200,0
CPUH-U.US,5,20211011,200500,10,10,10,10,550,0
CPUH-U.US,5,20211011,201000,10,10,10,10,400,0
CPUH-U.US,5,20211011,202000,10,10,10,10,450,0
CPUH-U.US,5,20211011,202500,10,10,10,10,9350,0
CPUH-U.US,5,20211011,215000,9.99,9.9901,9.98,9.98,1600,0
CPUH-U.US,5,20211011,215500,9.98,9.98,9.98,9.98,300,0
CPUH-U.US,5,20211012,153000,10,10,10,10,1464,0
CPUH-U.US,5,20211012,153500,10,10,10,10,388,0
CPUH-U.US,5,20211012,155500,9.9999,9.9999,9.9999,9.9999,100,0
CPUH-U.US,5,20211012,160500,10,10,10,10,40100,0
CPUH-U.US,5,20211012,161500,10,10,10,10,40000,0
CPUH-U.US,5,20211012,162000,10,10,10,10,20000,0
CPUH-U.US,5,20211012,163000,10,10,10,10,33394,0
CPUH-U.US,5,20211012,172000,10.0001,10.0001,10.0001,10.0001,360,0
CPUH-U.US,5,20211012,174000,10,10,10,10,100,0
CPUH-U.US,5,20211012,180000,10,10,9.99,9.99,7913,0
CPUH-U.US,5,20211012,180500,9.98,9.98,9.98,9.98,500,0
CPUH-U.US,5,20211012,185000,9.98,9.9867,9.98,9.9867,400,0
CPUH-U.US,5,20211012,194000,9.98,9.98,9.98,9.98,100,0
CPUH-U.US,5,20211012,194500,9.98,9.9815,9.98,9.98,10000,0
CPUH-U.US,5,20211012,204000,9.995,9.995,9.995,9.995,800,0
CPUH-U.US,5,20211012,212500,9.9896,9.9896,9.9896,9.9896,500,0
CPUH-U.US,5,20211012,215500,10,10.01,9.99,10.01,11971,0
CPUH-U.US,5,20211013,153000,9.95,9.95,9.95,9.95,2500,0
CPUH-U.US,5,20211013,153500,9.99,9.99,9.99,9.99,600,0
CPUH-U.US,5,20211013,154000,9.99,9.99,9.99,9.99,100,0
CPUH-U.US,5,20211013,160500,9.99,9.99,9.99,9.99,100,0
CPUH-U.US,5,20211013,161000,9.99,9.99,9.99,9.99,100,0
CPUH-U.US,5,20211013,162500,9.99,9.99,9.99,9.99,769,0
CPUH-U.US,5,20211013,163000,9.99,9.99,9.99,9.99,100,0
CPUH-U.US,5,20211013,163500,9.99,9.99,9.99,9.99,100,0
CPUH-U.US,5,20211013,164000,9.99,9.99,9.99,9.99,100,0
CPUH-U.US,5,20211013,164500,9.99,10,9.99,9.99,1000,0
CPUH-U.US,5,20211013,171000,9.99,9.99,9.99,9.99,100,0
CPUH-U.US,5,20211013,173500,9.99,9.99,9.99,9.99,1300,0
CPUH-U.US,5,20211013,174000,9.99,9.99,9.99,9.99,100,0
CPUH-U.US,5,20211013,174500,9.99,10,9.99,10,300300,0
CPUH-U.US,5,20211013,175000,9.99,9.99,9.99,9.99,400,0
CPUH-U.US,5,20211013,180000,9.99,10,9.99,9.99,1000,0
CPUH-U.US,5,20211013,180500,9.99,9.99,9.99,9.99,100,0
CPUH-U.US,5,20211013,181000,9.99,9.99,9.99,9.99,200000,0
CPUH-U.US,5,20211013,181500,9.99,9.99,9.99,9.99,100,0
CPUH-U.US,5,20211013,190000,9.985,9.985,9.985,9.985,1132,0
CPUH-U.US,5,20211013,194000,9.99,10,9.98,9.995,305384,0
CPUH-U.US,5,20211013,194500,10,10,9.9975,10,3348,0
CPUH-U.US,5,20211013,195000,10,10,10,10,26500,0
CPUH-U.US,5,20211013,195500,9.99,9.99,9.99,9.99,2700,0
CPUH-U.US,5,20211013,200000,9.99,9.99,9.99,9.99,600,0
CPUH-U.US,5,20211013,201000,9.99,9.99,9.99,9.99,100,0
CPUH-U.US,5,20211013,201500,9.99,9.99,9.99,9.99,100,0
CPUH-U.US,5,20211013,202000,9.99,9.99,9.99,9.99,200,0
CPUH-U.US,5,20211013,202500,9.99,9.99,9.99,9.99,200,0
CPUH-U.US,5,20211013,203000,9.99,9.99,9.99,9.99,100,0
CPUH-U.US,5,20211013,203500,9.99,9.99,9.99,9.99,200,0
CPUH-U.US,5,20211013,204000,9.99,9.99,9.99,9.99,100,0
CPUH-U.US,5,20211013,204500,9.99,9.99,9.99,9.99,200,0
CPUH-U.US,5,20211013,205000,9.99,9.99,9.99,9.99,100,0
CPUH-U.US,5,20211013,205500,9.99,9.99,9.99,9.99,100,0
CPUH-U.US,5,20211013,210000,9.99,9.99,9.99,9.99,100,0
CPUH-U.US,5,20211013,210500,9.99,9.9909,9.99,9.9909,300,0
CPUH-U.US,5,20211013,211000,9.99,9.99,9.99,9.99,200,0
CPUH-U.US,5,20211013,212000,9.99,9.99,9.99,9.99,200,0
CPUH-U.US,5,20211013,213000,9.99,9.99,9.99,9.99,200,0
CPUH-U.US,5,20211013,213500,9.99,9.99,9.99,9.99,200,0
CPUH-U.US,5,20211013,214500,9.99,9.99,9.99,9.99,200,0
CPUH-U.US,5,20211013,215000,9.99,9.99,9.99,9.99,100,0
CPUH-U.US,5,20211013,215500,9.99,9.99,9.99,9.99,133,0
CPUH-U.US,5,20211014,153000,9.98,9.98,9.98,9.98,151,0
CPUH-U.US,5,20211014,161500,9.98,9.98,9.98,9.98,200,0
CPUH-U.US,5,20211014,163000,9.9601,9.9601,9.9601,9.9601,5000,0
CPUH-U.US,5,20211014,165000,10,10,10,10,180,0
CPUH-U.US,5,20211014,170500,9.985,9.985,9.985,9.985,1000,0
CPUH-U.US,5,20211014,175000,10,10,10,10,2110,0
CPUH-U.US,5,20211014,175500,10,10,10,10,2221,0
CPUH-U.US,5,20211014,180000,10,10,10,10,1268,0
CPUH-U.US,5,20211014,181000,10.02,10.02,10,10,202250,0
CPUH-U.US,5,20211014,181500,10,10.02,10,10,2576,0
CPUH-U.US,5,20211014,182000,10,10,10,10,100,0
CPUH-U.US,5,20211014,182500,10,10,10,10,853,0
CPUH-U.US,5,20211014,183000,10,10,10,10,600,0
CPUH-U.US,5,20211014,183500,10,10,9.995,10,42500,0
CPUH-U.US,5,20211014,190000,9.99,9.99,9.99,9.99,1605,0
CPUH-U.US,5,20211014,190500,10,10,10,10,700,0
CPUH-U.US,5,20211014,191000,10,10,9.995,10,5967,0
CPUH-U.US,5,20211014,192500,10,10,10,10,30000,0
CPUH-U.US,5,20211014,193000,9.995,9.995,9.995,9.995,300,0
CPUH-U.US,5,20211014,194000,10,10,10,10,292,0
CPUH-U.US,5,20211014,194500,10,10,10,10,200,0
CPUH-U.US,5,20211014,195000,10,10,10,10,100,0
CPUH-U.US,5,20211014,200000,10,10,9.995,10,10000,0
CPUH-U.US,5,20211014,200500,10,10,10,10,6390,0
CPUH-U.US,5,20211014,203000,9.99,9.9987,9.99,9.9987,1559,0
CPUH-U.US,5,20211014,203500,10,10,10,10,300,0
CPUH-U.US,5,20211014,204000,10.01,10.01,10.01,10.01,223,0
CPUH-U.US,5,20211014,215000,10.01,10.01,10.0099,10.01,1448,0
CPUH-U.US,5,20211014,215500,10.02,10.02,10.02,10.02,100,0
CPUH-U.US,5,20211015,153000,9.97,9.97,9.97,9.97,250,0
CPUH-U.US,5,20211015,153500,9.98,9.98,9.98,9.98,344,0
CPUH-U.US,5,20211015,154000,9.99,9.99,9.9845,9.9845,955,0
CPUH-U.US,5,20211015,160500,9.995,9.995,9.995,9.995,200,0
CPUH-U.US,5,20211015,162500,9.9801,9.9801,9.9801,9.9801,100,0
CPUH-U.US,5,20211015,163500,9.98,9.98,9.98,9.98,600,0
CPUH-U.US,5,20211015,170500,10,10,10,10,200,0
CPUH-U.US,5,20211015,171000,10,10,10,10,948,0
CPUH-U.US,5,20211015,172500,9.99,9.99,9.99,9.99,100,0
CPUH-U.US,5,20211015,180000,9.99,9.99,9.99,9.99,319,0
CPUH-U.US,5,20211015,181000,9.99,9.99,9.99,9.99,181,0
CPUH-U.US,5,20211015,182000,9.99,9.99,9.99,9.99,120,0
CPUH-U.US,5,20211015,182500,10.005,10.005,10.005,10.005,100,0
CPUH-U.US,5,20211015,183000,9.99,9.99,9.99,9.99,200,0
CPUH-U.US,5,20211015,183500,10,10,10,10,100,0
CPUH-U.US,5,20211015,184500,9.99,9.99,9.99,9.99,196,0
CPUH-U.US,5,20211015,185500,9.99,9.99,9.99,9.99,274,0
CPUH-U.US,5,20211015,190500,9.99,9.99,9.99,9.99,300,0
CPUH-U.US,5,20211015,191000,10.01,10.01,10.01,10.01,200,0
CPUH-U.US,5,20211015,193000,10,10,10,10,206,0
CPUH-U.US,5,20211015,193500,9.99,10,9.99,10,2239,0
CPUH-U.US,5,20211015,194000,10,10,10,10,370,0
CPUH-U.US,5,20211015,194500,10,10,10,10,100,0
CPUH-U.US,5,20211015,195500,9.99,9.99,9.99,9.99,319,0
CPUH-U.US,5,20211015,201000,9.99,10,9.99,10,419,0
CPUH-U.US,5,20211015,202000,9.99,10,9.99,10,262,0
CPUH-U.US,5,20211015,203000,10,10.01,9.99,10,954,0
CPUH-U.US,5,20211015,204500,9.99,10,9.99,10,5959,0
CPUH-U.US,5,20211015,205000,10,10,10,10,100,0
CPUH-U.US,5,20211015,210500,10,10,10,10,719,0
CPUH-U.US,5,20211015,211000,10,10.0031,10,10.0031,800,0
CPUH-U.US,5,20211015,211500,10,10,10,10,400,0
CPUH-U.US,5,20211015,212000,10,10,10,10,3266,0
CPUH-U.US,5,20211015,213000,10,10.0001,10,10.0001,565,0
CPUH-U.US,5,20211015,213500,10,10,10,10,200,0
CPUH-U.US,5,20211015,215000,10.0001,10.0001,10.0001,10.0001,200,0
CPUH-U.US,5,20211018,153000,10,10,10,10,960,0
CPUH-U.US,5,20211018,153500,10,10,10,10,500,0
CPUH-U.US,5,20211018,154000,10.016,10.016,10.0084,10.0084,900,0
CPUH-U.US,5,20211018,155500,10,10,10,10,1000,0
CPUH-U.US,5,20211018,160500,10,10.0002,10,10.0002,610,0
CPUH-U.US,5,20211018,161500,10,10,10,10,200,0
CPUH-U.US,5,20211018,170000,10.005,10.005,10.005,10.005,100,0
CPUH-U.US,5,20211018,171500,10.0082,10.0082,10.0082,10.0082,400,0
CPUH-U.US,5,20211018,181000,10,10,10,10,500,0
CPUH-U.US,5,20211018,182500,10,10.0001,10,10.0001,300,0
CPUH-U.US,5,20211018,185000,10,10.005,10,10.005,4700,0
CPUH-U.US,5,20211018,190000,10.005,10.005,10,10,600,0
CPUH-U.US,5,20211018,191500,10.0051,10.0051,10.0051,10.0051,3100,0
CPUH-U.US,5,20211018,193000,10.01,10.01,10.01,10.01,2500,0
CPUH-U.US,5,20211018,194000,10.0065,10.0065,10.0065,10.0065,500,0
CPUH-U.US,5,20211018,201000,10.0001,10.0001,10.0001,10.0001,397,0
CPUH-U.US,5,20211018,205500,10,10,10,10,1392,0
CPUH-U.US,5,20211018,210000,10,10,10,10,800,0
CPUH-U.US,5,20211018,213500,10,10,10,10,500,0
CPUH-U.US,5,20211018,215500,10.0044,10.02,10,10,944,0
CPUH-U.US,5,20211019,153000,10,10,10,10,1043,0
CPUH-U.US,5,20211019,153500,10,10,9.98,10,3643,0
CPUH-U.US,5,20211019,154000,9.996,10,9.99,9.99,600,0
CPUH-U.US,5,20211019,155000,10.01,10.01,10,10.01,300,0
CPUH-U.US,5,20211019,155500,9.99,10.01,9.99,10.01,600,0
CPUH-U.US,5,20211019,160000,10,10,10,10,400,0
CPUH-U.US,5,20211019,160500,10,10,10,10,200,0
CPUH-U.US,5,20211019,161000,10,10,10,10,200,0
CPUH-U.US,5,20211019,161500,10,10,10,10,200,0
CPUH-U.US,5,20211019,162000,10,10,10,10,200,0
CPUH-U.US,5,20211019,162500,10,10,10,10,200,0
CPUH-U.US,5,20211019,163000,10,10,10,10,200,0
CPUH-U.US,5,20211019,163500,10,10,10,10,300,0
CPUH-U.US,5,20211019,164000,10,10,10,10,200,0
CPUH-U.US,5,20211019,164500,10,10,10,10,300,0
CPUH-U.US,5,20211019,165000,10,10,10,10,200,0
CPUH-U.US,5,20211019,165500,10,10,10,10,200,0
CPUH-U.US,5,20211019,170000,10,10,10,10,200,0
CPUH-U.US,5,20211019,170500,10,10,9.99,9.99,1200,0
CPUH-U.US,5,20211019,171000,9.99,9.995,9.98,9.98,253580,0
CPUH-U.US,5,20211019,173000,9.98,9.98,9.98,9.98,100,0
CPUH-U.US,5,20211019,174000,9.985,9.985,9.98,9.98,49250,0
CPUH-U.US,5,20211019,175000,9.98,9.98,9.98,9.98,100,0
CPUH-U.US,5,20211019,180000,9.99,9.99,9.99,9.99,288,0
CPUH-U.US,5,20211019,180500,9.99,9.99,9.99,9.99,563,0
CPUH-U.US,5,20211019,181000,9.98,9.99,9.98,9.99,700,0
CPUH-U.US,5,20211019,181500,9.99,9.99,9.99,9.99,200,0
CPUH-U.US,5,20211019,182000,9.99,9.99,9.99,9.99,300,0
CPUH-U.US,5,20211019,182500,9.99,9.99,9.99,9.99,300,0
CPUH-U.US,5,20211019,183000,9.99,9.99,9.99,9.99,200,0
CPUH-U.US,5,20211019,183500,9.99,9.99,9.99,9.99,200,0
CPUH-U.US,5,20211019,184000,9.99,9.99,9.985,9.99,700,0
CPUH-U.US,5,20211019,184500,9.99,9.99,9.99,9.99,200,0
CPUH-U.US,5,20211019,185000,9.99,9.99,9.99,9.99,200,0
CPUH-U.US,5,20211019,185500,9.99,9.99,9.99,9.99,100,0
CPUH-U.US,5,20211019,190000,9.99,9.99,9.99,9.99,400,0
CPUH-U.US,5,20211019,190500,9.99,9.99,9.99,9.99,200,0
CPUH-U.US,5,20211019,191000,9.99,9.99,9.99,9.99,200,0
CPUH-U.US,5,20211019,191500,9.99,9.99,9.99,9.99,200,0
CPUH-U.US,5,20211019,192000,9.99,9.99,9.99,9.99,400,0
CPUH-U.US,5,20211019,192500,9.99,9.99,9.99,9.99,200,0
CPUH-U.US,5,20211019,193000,9.99,9.99,9.99,9.99,6848,0
CPUH-U.US,5,20211019,193500,9.99,9.99,9.99,9.99,100,0
CPUH-U.US,5,20211019,194000,9.99,9.99,9.99,9.99,100,0
CPUH-U.US,5,20211019,194500,9.99,9.99,9.99,9.99,23760,0
CPUH-U.US,5,20211019,195000,9.99,9.99,9.985,9.985,1006,0
CPUH-U.US,5,20211019,200000,9.99,9.99,9.99,9.99,300,0
CPUH-U.US,5,20211019,200500,9.99,9.99,9.99,9.99,1200,0
CPUH-U.US,5,20211019,201000,9.99,9.99,9.99,9.99,200,0
CPUH-U.US,5,20211019,201500,9.99,9.99,9.99,9.99,300,0
CPUH-U.US,5,20211019,202000,9.99,9.99,9.99,9.99,300,0
CPUH-U.US,5,20211019,202500,9.99,10,9.99,9.99,800,0
CPUH-U.US,5,20211019,203000,9.99,9.99,9.99,9.99,200,0
CPUH-U.US,5,20211019,203500,9.9801,9.99,9.98,9.99,3026,0
CPUH-U.US,5,20211019,204000,9.99,9.99,9.975,9.975,44350,0
CPUH-U.US,5,20211019,204500,9.97,9.98,9.97,9.98,17100,0
CPUH-U.US,5,20211019,205000,9.98,9.98,9.98,9.98,200,0
CPUH-U.US,5,20211019,205500,9.985,9.985,9.985,9.985,200,0
CPUH-U.US,5,20211019,210500,9.98,9.98,9.98,9.98,300,0
CPUH-U.US,5,20211019,211000,9.99,9.99,9.99,9.99,200,0
CPUH-U.US,5,20211019,211500,9.9875,9.99,9.9875,9.99,400,0
CPUH-U.US,5,20211019,212000,9.99,9.99,9.99,9.99,200,0
CPUH-U.US,5,20211019,212500,9.99,9.99,9.99,9.99,300,0
CPUH-U.US,5,20211019,213000,9.99,9.99,9.98,9.98,2500,0
CPUH-U.US,5,20211019,213500,9.99,9.99,9.99,9.99,200,0
CPUH-U.US,5,20211019,214000,9.99,9.99,9.99,9.99,200,0
CPUH-U.US,5,20211019,214500,9.99,9.99,9.98,9.98,800,0
CPUH-U.US,5,20211019,215000,9.985,9.99,9.985,9.99,200,0
CPUH-U.US,5,20211019,215500,9.99,10,9.99,10,696,0
CPUH-U.US,5,20211020,153500,9.99,9.99,9.99,9.99,100,0
CPUH-U.US,5,20211020,154000,9.99,9.99,9.98,9.98,200,0
CPUH-U.US,5,20211020,154500,9.99,9.99,9.99,9.99,100,0
CPUH-U.US,5,20211020,155000,9.99,9.99,9.975,9.99,600,0
CPUH-U.US,5,20211020,155500,10,10,10,10,100,0
CPUH-U.US,5,20211020,160000,10,10,10,10,100,0
CPUH-U.US,5,20211020,160500,10,10,10,10,100,0
CPUH-U.US,5,20211020,161000,10,10,10,10,100,0
CPUH-U.US,5,20211020,161500,10,10,10,10,100,0
CPUH-U.US,5,20211020,162000,10,10,10,10,100,0
CPUH-U.US,5,20211020,162500,10,10,10,10,100,0
CPUH-U.US,5,20211020,163000,10,10,10,10,100,0
CPUH-U.US,5,20211020,163500,10,10,10,10,100,0
CPUH-U.US,5,20211020,164000,10,10,10,10,100,0
CPUH-U.US,5,20211020,164500,9.97,10,9.97,10,550,0
CPUH-U.US,5,20211020,165000,10,10,9.98,9.98,475,0
CPUH-U.US,5,20211020,170000,10,10,10,10,100,0
CPUH-U.US,5,20211020,171000,10,10,10,10,100,0
CPUH-U.US,5,20211020,171500,10,10,10,10,200,0
CPUH-U.US,5,20211020,172500,10,10,10,10,200,0
CPUH-U.US,5,20211020,173000,9.98,10,9.98,10,1245,0
CPUH-U.US,5,20211020,173500,10,10,10,10,100,0
CPUH-U.US,5,20211020,174000,10,10,10,10,100,0
CPUH-U.US,5,20211020,174500,10,10,10,10,200,0
CPUH-U.US,5,20211020,175000,10,10,10,10,100,0
CPUH-U.US,5,20211020,175500,10,10,10,10,100,0
CPUH-U.US,5,20211020,180000,10,10,10,10,100,0
CPUH-U.US,5,20211020,180500,10,10,10,10,200,0
CPUH-U.US,5,20211020,181000,10,10,10,10,100,0
CPUH-U.US,5,20211020,181500,9.99,9.99,9.99,9.99,300,0
CPUH-U.US,5,20211020,182500,10,10,10,10,200,0
CPUH-U.US,5,20211020,183000,10,10,10,10,100,0
CPUH-U.US,5,20211020,184000,10,10,10,10,100,0
CPUH-U.US,5,20211020,184500,10,10,10,10,100,0
CPUH-U.US,5,20211020,185000,10,10,10,10,100,0
CPUH-U.US,5,20211020,185500,10,10,10,10,100,0
CPUH-U.US,5,20211020,190000,10,10,10,10,100,0
CPUH-U.US,5,20211020,190500,10,10,10,10,100,0
CPUH-U.US,5,20211020,191000,10,10,10,10,100,0
CPUH-U.US,5,20211020,191500,10,10,9.99,9.99,200,0
CPUH-U.US,5,20211020,194000,10,10,10,10,200,0
CPUH-U.US,5,20211020,194500,10,10,10,10,100,0
CPUH-U.US,5,20211020,195000,10,10,10,10,100,0
CPUH-U.US,5,20211020,200000,10.02,10.02,10.02,10.02,200,0
CPUH-U.US,5,20211020,200500,10.02,10.02,10.02,10.02,100,0
CPUH-U.US,5,20211020,201000,10.02,10.02,10.02,10.02,100,0
CPUH-U.US,5,20211020,201500,10.02,10.02,10.02,10.02,100,0
CPUH-U.US,5,20211020,202000,10.02,10.02,10.02,10.02,100,0
CPUH-U.US,5,20211020,202500,10.02,10.02,10.02,10.02,100,0
CPUH-U.US,5,20211020,203000,10.01,10.01,10.01,10.01,100,0
CPUH-U.US,5,20211020,203500,9.9972,10.02,9.9972,10.02,280,0
CPUH-U.US,5,20211020,204000,10.02,10.02,10.02,10.02,100,0
CPUH-U.US,5,20211020,204500,10.02,10.02,10.02,10.02,100,0
CPUH-U.US,5,20211020,205000,10.02,10.02,10.02,10.02,200,0
CPUH-U.US,5,20211020,205500,10.02,10.02,10.02,10.02,100,0
CPUH-U.US,5,20211020,210000,10.02,10.02,10.02,10.02,100,0
CPUH-U.US,5,20211020,210500,10,10,9.98,9.98,2156,0
CPUH-U.US,5,20211020,211500,10.02,10.02,10.02,10.02,100,0
CPUH-U.US,5,20211020,212000,10.02,10.02,10.02,10.02,100,0
CPUH-U.US,5,20211020,212500,10.02,10.02,10.01,10.01,200,0
CPUH-U.US,5,20211020,213000,10.01,10.01,10.01,10.01,100,0
CPUH-U.US,5,20211020,213500,10.02,10.02,10.02,10.02,100,0
CPUH-U.US,5,20211020,214000,10.02,10.02,10.02,10.02,100,0
CPUH-U.US,5,20211020,214500,10.005,10.005,10.005,10.005,647,0
CPUH-U.US,5,20211020,215000,10.01,10.01,10.01,10.01,200,0
CPUH-U.US,5,20211020,215500,10.01,10.03,10.01,10.03,500,0
CPUH-U.US,5,20211021,153000,9.96,9.99,9.96,9.99,5200,0
CPUH-U.US,5,20211021,153500,9.99,10,9.99,10,1321,0
CPUH-U.US,5,20211021,154000,10.02,10.02,10.02,10.02,100,0
CPUH-U.US,5,20211021,154500,10.02,10.02,10.02,10.02,100,0
CPUH-U.US,5,20211021,155000,10.02,10.02,10.02,10.02,200,0
CPUH-U.US,5,20211021,155500,10.02,10.02,10.02,10.02,100,0
CPUH-U.US,5,20211021,160000,10.02,10.02,10.02,10.02,100,0
CPUH-U.US,5,20211021,160500,10.02,10.02,10.02,10.02,100,0
CPUH-U.US,5,20211021,161000,10.01,10.02,10.01,10.01,700,0
CPUH-U.US,5,20211021,162000,10.01,10.01,10.01,10.01,100,0
CPUH-U.US,5,20211021,162500,10.01,10.01,10.01,10.01,100,0
CPUH-U.US,5,20211021,163000,10.01,10.01,10.01,10.01,100,0
CPUH-U.US,5,20211021,163500,10.01,10.01,10.01,10.01,100,0
CPUH-U.US,5,20211021,164000,10.01,10.01,10.01,10.01,100,0
CPUH-U.US,5,20211021,164500,10.01,10.01,10.01,10.01,200,0
CPUH-U.US,5,20211021,165500,10.02,10.02,10.02,10.02,100,0
CPUH-U.US,5,20211021,170000,10.02,10.02,10.02,10.02,100,0
CPUH-U.US,5,20211021,170500,10.02,10.02,10.02,10.02,200,0
CPUH-U.US,5,20211021,171000,10.02,10.02,10.02,10.02,100,0
CPUH-U.US,5,20211021,171500,10.02,10.02,10.02,10.02,100,0
CPUH-U.US,5,20211021,172000,10.03,10.03,10.03,10.03,100,0
CPUH-U.US,5,20211021,172500,10.03,10.03,10.03,10.03,200,0
CPUH-U.US,5,20211021,173000,10.03,10.03,10.03,10.03,100,0
CPUH-U.US,5,20211021,173500,10.03,10.03,10.03,10.03,100,0
CPUH-U.US,5,20211021,174000,10.04,10.04,10.04,10.04,100,0
CPUH-U.US,5,20211021,174500,10.04,10.04,10.014,10.014,567,0
CPUH-U.US,5,20211021,175000,10.04,10.04,10.04,10.04,100,0
CPUH-U.US,5,20211021,175500,10.04,10.04,10.04,10.04,100,0
CPUH-U.US,5,20211021,180000,10.04,10.04,10.04,10.04,100,0
CPUH-U.US,5,20211021,180500,10.02,10.02,10.02,10.02,200,0
CPUH-U.US,5,20211021,181000,10.02,10.02,10.02,10.02,100,0
CPUH-U.US,5,20211021,181500,10.02,10.02,10.02,10.02,100,0
CPUH-U.US,5,20211021,182000,10.02,10.02,10.02,10.02,100,0
CPUH-U.US,5,20211021,182500,10.02,10.02,10.02,10.02,200,0
CPUH-U.US,5,20211021,183000,10.02,10.02,10.02,10.02,100,0
CPUH-U.US,5,20211021,183500,10.02,10.02,10.02,10.02,100,0
CPUH-U.US,5,20211021,184000,10.03,10.03,10.03,10.03,100,0
CPUH-U.US,5,20211021,185000,10.02,10.02,10.02,10.02,200,0
CPUH-U.US,5,20211021,185500,10.02,10.02,10.02,10.02,100,0
CPUH-U.US,5,20211021,190000,10.03,10.03,10.03,10.03,100,0
CPUH-U.US,5,20211021,190500,10.02,10.02,10.02,10.02,100,0
CPUH-U.US,5,20211021,191000,10.02,10.02,10.02,10.02,100,0
CPUH-U.US,5,20211021,191500,10.02,10.02,10.02,10.02,100,0
CPUH-U.US,5,20211021,193500,10.03,10.03,10.03,10.03,100,0
CPUH-U.US,5,20211021,194000,10.03,10.03,10.03,10.03,100,0
CPUH-U.US,5,20211021,194500,10.03,10.03,10.03,10.03,100,0
CPUH-U.US,5,20211021,195000,10.03,10.04,10.03,10.04,200,0
CPUH-U.US,5,20211021,201000,10.0001,10.0001,10.0001,10.0001,240,0
CPUH-U.US,5,20211021,202000,10.04,10.04,10.04,10.04,200,0
CPUH-U.US,5,20211021,202500,10.04,10.04,10.04,10.04,219,0
CPUH-U.US,5,20211021,203000,10.03,10.03,10.03,10.03,100,0
CPUH-U.US,5,20211021,203500,10.015,10.015,10,10,1900,0
CPUH-U.US,5,20211021,210500,10.03,10.03,10.03,10.03,100,0
CPUH-U.US,5,20211021,211000,10.03,10.03,10,10,800,0
CPUH-U.US,5,20211021,212000,10.03,10.03,10.03,10.03,100,0
CPUH-U.US,5,20211021,212500,10.03,10.03,10.03,10.03,100,0
CPUH-U.US,5,20211021,213000,10.03,10.03,10.03,10.03,200,0
CPUH-U.US,5,20211021,213500,10.03,10.03,10.03,10.03,100,0
CPUH-U.US,5,20211021,214000,10.03,10.03,10.03,10.03,100,0
CPUH-U.US,5,20211021,214500,10.03,10.03,10.03,10.03,100,0
CPUH-U.US,5,20211021,215000,10.04,10.04,10.04,10.04,100,0
CPUH-U.US,5,20211021,215500,10.04,10.04,10.04,10.04,233,0
CPUH-U.US,5,20211022,154500,10,10,10,10,100,0
CPUH-U.US,5,20211022,160000,10.0001,10.0001,10,10,300,0
CPUH-U.US,5,20211022,163000,10.0348,10.0348,10.0348,10.0348,600,0
CPUH-U.US,5,20211022,163500,10.02,10.02,10.02,10.02,500,0
CPUH-U.US,5,20211022,174000,10.0001,10.0001,10.0001,10.0001,100,0
CPUH-U.US,5,20211022,180500,10.0003,10.0003,10.0003,10.0003,1100,0
CPUH-U.US,5,20211022,182000,10,10,10,10,100,0
CPUH-U.US,5,20211022,184500,10.009,10.009,10.009,10.009,150,0
CPUH-U.US,5,20211022,203000,10.015,10.015,10.015,10.015,250,0
CPUH-U.US,5,20211022,214000,10,10,10,10,125,0
CPUH-U.US,5,20211025,153000,9.99,10,9.98,9.98,4801,0
CPUH-U.US,5,20211025,154500,10,10.02,10,10.02,900,0
CPUH-U.US,5,20211025,155500,10,10,10,10,100,0
CPUH-U.US,5,20211025,162500,10.01,10.01,10.01,10.01,500,0
CPUH-U.US,5,20211025,171000,10.01,10.01,10.01,10.01,100,0
CPUH-U.US,5,20211025,172500,10.01,10.01,10.01,10.01,100,0
CPUH-U.US,5,20211025,173500,10.01,10.01,10.01,10.01,100,0
CPUH-U.US,5,20211025,175500,10.01,10.01,10.01,10.01,300,0
CPUH-U.US,5,20211025,180500,10.01,10.01,10.01,10.01,100,0
CPUH-U.US,5,20211025,183000,10.0074,10.0074,10.0074,10.0074,935,0
CPUH-U.US,5,20211025,184500,10.0095,10.01,10.0095,10.01,559,0
CPUH-U.US,5,20211025,190500,10.01,10.01,10.01,10.01,500,0
CPUH-U.US,5,20211025,193000,10.0001,10.0001,10.0001,10.0001,1500,0
CPUH-U.US,5,20211025,193500,10.01,10.01,10.01,10.01,1200,0
CPUH-U.US,5,20211025,204000,10.01,10.01,10.01,10.01,100,0
CPUH-U.US,5,20211025,211500,10.0001,10.0001,10,10,200,0
CPUH-U.US,5,20211025,212000,10,10,10,10,100,0
CPUH-U.US,5,20211025,213000,10,10,10,10,100,0
CPUH-U.US,5,20211025,215000,10.01,10.01,10.01,10.01,250,0
CPUH-U.US,5,20211025,215500,10.02,10.02,10.02,10.02,422,0
CPUH-U.US,5,20211026,161000,10.03,10.03,10.03,10.03,349,0
CPUH-U.US,5,20211026,162000,10.0175,10.0175,10.0175,10.0175,500,0
CPUH-U.US,5,20211026,164500,10.03,10.05,10.03,10.05,1598,0
CPUH-U.US,5,20211026,174000,10.0205,10.0205,10.0205,10.0205,200,0
CPUH-U.US,5,20211026,180000,10.0217,10.0217,10.0217,10.0217,194,0
CPUH-U.US,5,20211026,180500,10.031,10.031,10.031,10.031,1001,0
CPUH-U.US,5,20211026,182000,10.02,10.02,10.02,10.02,400,0
CPUH-U.US,5,20211026,182500,10.031,10.031,10.031,10.031,200,0
CPUH-U.US,5,20211026,183500,10.04,10.04,10.04,10.04,200,0
CPUH-U.US,5,20211026,185500,10.04,10.04,10.04,10.04,100,0
CPUH-U.US,5,20211026,191000,10.03,10.03,10.03,10.03,400,0
CPUH-U.US,5,20211026,193000,10.03,10.03,10.03,10.03,500,0
CPUH-U.US,5,20211026,194500,10.04,10.0499,10.02,10.02,5100,0
CPUH-U.US,5,20211026,202500,10.02,10.02,10.02,10.02,1000,0
CPUH-U.US,5,20211026,203000,10.04,10.04,10.04,10.04,900,0
CPUH-U.US,5,20211026,212500,10.04,10.04,10.03,10.04,4500,0
CPUH-U.US,5,20211026,213000,10.04,10.04,10.03,10.04,5800,0
CPUH-U.US,5,20211026,214000,10.03,10.03,10.03,10.03,100,0
CPUH-U.US,5,20211026,214500,10.03,10.03,10.03,10.03,4953,0
CPUH-U.US,5,20211026,215500,10.03,10.04,10.02,10.03,13969,0
CPUH-U.US,5,20211027,153000,10,10.05,10,10.03,1251,0
CPUH-U.US,5,20211027,164000,10.02,10.03,10.02,10.03,1159,0
CPUH-U.US,5,20211027,164500,10.03,10.03,10.03,10.03,370,0
CPUH-U.US,5,20211027,165000,10.03,10.03,10.03,10.03,7144,0
CPUH-U.US,5,20211027,170500,10.03,10.05,10.02,10.02,3000,0
CPUH-U.US,5,20211027,172000,10.02,10.02,10.02,10.02,9801,0
CPUH-U.US,5,20211027,174500,10.02,10.02,10.02,10.02,16960,0
CPUH-U.US,5,20211027,180000,10.02,10.02,10.02,10.02,800,0
CPUH-U.US,5,20211027,183000,10.02,10.02,10.02,10.02,400,0
CPUH-U.US,5,20211027,183500,10.01,10.01,10.01,10.01,5500,0
CPUH-U.US,5,20211027,184500,10.01,10.01,10.01,10.01,900,0
CPUH-U.US,5,20211027,191000,10.03,10.03,10.03,10.03,900,0
CPUH-U.US,5,20211027,192000,10.02,10.02,10.02,10.02,1200,0
CPUH-U.US,5,20211027,192500,10.02,10.03,10.02,10.02,7932,0
CPUH-U.US,5,20211027,193000,10.02,10.02,10.02,10.02,500,0
CPUH-U.US,5,20211027,193500,10.01,10.01,10.01,10.01,700,0
CPUH-U.US,5,20211027,200000,10.0101,10.0104,10.0101,10.0104,1000,0
CPUH-U.US,5,20211027,200500,10.015,10.03,10.015,10.02,4782,0
CPUH-U.US,5,20211027,201500,10.02,10.02,10.02,10.02,1200,0
CPUH-U.US,5,20211027,202000,10.02,10.03,10.02,10.02,17450,0
CPUH-U.US,5,20211027,202500,10.03,10.03,10.02,10.02,14700,0
CPUH-U.US,5,20211027,203000,10.01,10.01,10.01,10.01,100,0
CPUH-U.US,5,20211027,210000,10.02,10.03,10.02,10.03,2000,0
CPUH-U.US,5,20211027,211000,10.02,10.02,10.02,10.02,1500,0
CPUH-U.US,5,20211027,212500,10.015,10.02,10.015,10.02,200,0
CPUH-U.US,5,20211027,213000,10.01,10.01,10.01,10.01,1500,0
CPUH-U.US,5,20211027,213500,10.01,10.01,10.01,10.01,800,0
CPUH-U.US,5,20211027,214000,10.01,10.01,10.01,10.01,500,0
CPUH-U.US,5,20211027,214500,10.01,10.01,10,10,1100,0
CPUH-U.US,5,20211027,215000,10,10.025,10,10.025,2000,0
CPUH-U.US,5,20211027,215500,10.025,10.025,10,10,3699,0
CPUH-U.US,5,20211028,153000,10,10.02,10,10.02,2410,0
CPUH-U.US,5,20211028,154500,10,10,10,10,10100,0
CPUH-U.US,5,20211028,162000,10.02,10.02,10.02,10.02,500,0
CPUH-U.US,5,20211028,164000,10,10.03,10,10.03,413599,0
CPUH-U.US,5,20211028,164500,10.025,10.025,10,10,207600,0
CPUH-U.US,5,20211028,170500,10.03,10.03,10.0275,10.0275,1000,0
CPUH-U.US,5,20211028,171000,10.0101,10.0101,10.0101,10.0101,500,0
CPUH-U.US,5,20211028,171500,10.05,10.05,10.05,10.05,7700,0
CPUH-U.US,5,20211028,185000,10.045,10.05,10.0104,10.0104,2100,0
CPUH-U.US,5,20211028,192000,10.018,10.018,10.018,10.018,2396,0
CPUH-U.US,5,20211028,195500,10.01,10.01,10.01,10.01,100,0
CPUH-U.US,5,20211028,202500,10.025,10.03,10,10,22095,0
CPUH-U.US,5,20211028,203000,10.01,10.01,10.01,10.01,2500,0
CPUH-U.US,5,20211028,203500,10.02,10.02,10.01,10.01,12000,0
CPUH-U.US,5,20211028,210500,10.01,10.01,10.01,10.01,500,0
CPUH-U.US,5,20211028,211500,10.01,10.01,10.01,10.01,400,0
CPUH-U.US,5,20211028,212000,10.01,10.01,10.01,10.01,2000,0
CPUH-U.US,5,20211028,212500,10.01,10.01,10.01,10.01,1600,0
CPUH-U.US,5,20211028,213000,10.01,10.01,10.01,10.01,1850,0
CPUH-U.US,5,20211028,213500,10.01,10.01,10,10,2824,0
CPUH-U.US,5,20211028,214000,10,10.01,10,10.01,7946,0
CPUH-U.US,5,20211028,214500,10.01,10.01,10.01,10.01,1700,0
CPUH-U.US,5,20211028,215000,10.01,10.015,10.01,10.015,4300,0
CPUH-U.US,5,20211028,215500,10.015,10.02,10.01,10.01,5222,0
CPUH-U.US,5,20211029,153000,10,10,10,10,1150,0
CPUH-U.US,5,20211029,154500,10.0001,10.0001,10,10,200,0
CPUH-U.US,5,20211029,155000,10.0001,10.0001,10.0001,10.0001,1000,0
CPUH-U.US,5,20211029,163000,10,10,10,10,100,0
CPUH-U.US,5,20211029,165000,10.0196,10.0196,10.0196,10.0196,1000,0
CPUH-U.US,5,20211029,165500,10.01,10.01,10.01,10.01,1458,0
CPUH-U.US,5,20211029,173000,10.01,10.01,10.01,10.01,3243,0
CPUH-U.US,5,20211029,173500,10.01,10.01,10.01,10.01,400,0
CPUH-U.US,5,20211029,175500,10,10,10,10,19848,0
CPUH-U.US,5,20211029,181500,9.99,10,9.99,10,12600,0
CPUH-U.US,5,20211029,182500,10.0026,10.0026,10.0026,10.0026,200,0
CPUH-U.US,5,20211029,183000,10,10.01,10,10,2200,0
CPUH-U.US,5,20211029,184000,10.01,10.01,9.99,9.99,5480,0
CPUH-U.US,5,20211029,190000,9.9901,9.9901,9.9901,9.9901,1000,0
CPUH-U.US,5,20211029,192000,9.99,9.99,9.99,9.99,351,0
CPUH-U.US,5,20211029,194000,9.99,9.99,9.99,9.99,4300,0
CPUH-U.US,5,20211029,194500,9.99,10,9.99,9.99,7374,0
CPUH-U.US,5,20211029,200000,9.9901,9.9901,9.9901,9.9901,100,0
CPUH-U.US,5,20211029,203000,9.995,9.995,9.995,9.995,100,0
CPUH-U.US,5,20211029,203500,9.995,9.995,9.995,9.995,200,0
CPUH-U.US,5,20211029,204000,9.995,10,9.995,10,8523,0
CPUH-U.US,5,20211029,205500,10.01,10.01,10.01,10.01,400,0
CPUH-U.US,5,20211029,210000,10.02,10.03,10.02,10.03,5451,0
CPUH-U.US,5,20211029,211000,10.01,10.01,10.01,10.01,100,0
CPUH-U.US,5,20211029,215500,10.005,10.01,10,10.01,1364,0
CPUH-U.US,5,20211101,143000,9.97,9.99,9.97,9.99,1741,0
CPUH-U.US,5,20211101,143500,10.02,10.05,9.99,9.99,644,0
CPUH-U.US,5,20211101,144000,10,10,10,10,2000,0
CPUH-U.US,5,20211101,145500,10,10.01,9.99,9.99,18100,0
CPUH-U.US,5,20211101,153500,10.02,10.02,10.02,10.02,100,0
CPUH-U.US,5,20211101,154000,9.99,10.015,9.99,9.99,39650,0
CPUH-U.US,5,20211101,160500,10,10,10,10,418,0
CPUH-U.US,5,20211101,165500,10.015,10.015,10.015,10.015,400,0
CPUH-U.US,5,20211101,171500,9.99,10,9.99,9.99,31900,0
CPUH-U.US,5,20211101,172000,9.99,10.0062,9.99,10,1935,0
CPUH-U.US,5,20211101,172500,10,10,9.99,9.99,21832,0
CPUH-U.US,5,20211101,174500,10,10,9.99,9.99,19868,0
CPUH-U.US,5,20211101,175000,9.99,10,9.99,10,6067,0
CPUH-U.US,5,20211101,180500,10.01,10.01,10.01,10.01,200,0
CPUH-U.US,5,20211101,181500,10.01,10.01,10.01,10.01,2900,0
CPUH-U.US,5,20211101,190500,10.0101,10.0101,10.01,10.0101,2201,0
CPUH-U.US,5,20211101,200500,10.01,10.01,10.01,10.01,400,0
CPUH-U.US,5,20211102,143000,10,10.01,10,10.01,1367,0
CPUH-U.US,5,20211102,153000,9.9903,9.9903,9.9903,9.9903,200,0
CPUH-U.US,5,20211102,154500,10.02,10.02,10.02,10.02,500,0
CPUH-U.US,5,20211102,155500,10.01,10.01,10.01,10.01,500,0
CPUH-U.US,5,20211102,160000,10.01,10.01,10.01,10.01,200,0
CPUH-U.US,5,20211102,160500,10.03,10.04,10.03,10.03,478,0
CPUH-U.US,5,20211102,172000,10.02,10.02,10.02,10.02,500,0
CPUH-U.US,5,20211102,173500,10.01,10.01,10.01,10.01,200,0
CPUH-U.US,5,20211102,182000,10.03,10.03,10.02,10.0201,1954,0
CPUH-U.US,5,20211102,184000,10.01,10.01,10.01,10.01,100,0
CPUH-U.US,5,20211102,185000,10.0188,10.0188,10.0188,10.0188,176,0
CPUH-U.US,5,20211102,185500,10.02,10.02,10.02,10.02,100,0
CPUH-U.US,5,20211102,190500,10.03,10.03,10.03,10.03,746,0
CPUH-U.US,5,20211102,191000,10.02,10.02,10.02,10.02,16037,0
CPUH-U.US,5,20211102,191500,10.02,10.02,10.02,10.02,2900,0
CPUH-U.US,5,20211102,192000,10.015,10.02,10.015,10.02,8400,0
CPUH-U.US,5,20211102,192500,10.015,10.03,10.015,10.02,7700,0
CPUH-U.US,5,20211102,193000,10.015,10.015,10.015,10.015,100,0
CPUH-U.US,5,20211102,195500,10.02,10.03,10.02,10.02,700,0
CPUH-U.US,5,20211102,200500,10.015,10.02,10.015,10.02,900,0
CPUH-U.US,5,20211102,201000,10.02,10.04,10.01,10.03,70372,0
CPUH-U.US,5,20211102,201500,10.035,10.035,10.03,10.03,1500,0
CPUH-U.US,5,20211102,202500,10.031,10.031,10.031,10.031,100,0
CPUH-U.US,5,20211102,203000,10.03,10.03,10.03,10.03,4950,0
CPUH-U.US,5,20211102,203500,10.03,10.03,10.03,10.03,40895,0
CPUH-U.US,5,20211102,204000,10.03,10.03,10.02,10.02,18041,0
CPUH-U.US,5,20211102,204500,10.02,10.02,10.01,10.01,20186,0
CPUH-U.US,5,20211102,205000,10.01,10.02,10,10,34750,0
CPUH-U.US,5,20211103,143000,10.04,10.04,10.03,10.03,600,0
CPUH-U.US,5,20211103,143500,10.04,10.04,10.04,10.04,1200,0
CPUH-U.US,5,20211103,144000,10.03,10.03,10.03,10.03,200,0
CPUH-U.US,5,20211103,145000,10.03,10.03,10.03,10.03,400,0
CPUH-U.US,5,20211103,150000,10.035,10.035,10.035,10.035,498,0
CPUH-U.US,5,20211103,152000,10.04,10.04,10.04,10.04,6900,0
CPUH-U.US,5,20211103,152500,10.04,10.04,10.04,10.04,7200,0
CPUH-U.US,5,20211103,155000,10.04,10.04,10.04,10.04,400,0
CPUH-U.US,5,20211103,162000,10.04,10.04,10.04,10.04,4200,0
CPUH-U.US,5,20211103,180000,10.03,10.03,10.03,10.03,100,0
CPUH-U.US,5,20211103,181500,10.03,10.03,10.03,10.03,4900,0
CPUH-U.US,5,20211103,182500,10.05,10.05,10.03,10.03,2359,0
CPUH-U.US,5,20211103,193500,10.04,10.04,10.04,10.04,11326,0
CPUH-U.US,5,20211103,200500,10.04,10.04,10.04,10.04,3968,0
CPUH-U.US,5,20211103,202000,10.033,10.033,10.03,10.03,400,0
CPUH-U.US,5,20211103,205500,10.04,10.04,10.04,10.04,314,0
CPUH-U.US,5,20211104,143000,10.05,10.05,10.05,10.05,1135,0
CPUH-U.US,5,20211104,150000,10.0201,10.0201,10.02,10.02,800,0
CPUH-U.US,5,20211104,154500,10.03,10.03,10.03,10.03,500,0
CPUH-U.US,5,20211104,155000,10.02,10.02,10.02,10.02,201,0
CPUH-U.US,5,20211104,163000,10.02,10.02,10.02,10.02,1714,0
CPUH-U.US,5,20211104,171000,10.04,10.05,10.04,10.05,710,0
CPUH-U.US,5,20211104,172000,10.02,10.02,10.02,10.02,100,0
CPUH-U.US,5,20211104,201000,10.04,10.04,10.04,10.04,150000,0
CPUH-U.US,5,20211104,205000,10.03,10.03,10.03,10.03,300,0
CPUH-U.US,5,20211105,143000,10.05,10.05,10.05,10.05,681,0
CPUH-U.US,5,20211105,150500,10.04,10.05,10.04,10.04,1430,0
CPUH-U.US,5,20211105,151500,10.0381,10.0381,10.0381,10.0381,340,0
CPUH-U.US,5,20211105,152000,10.04,10.04,10.04,10.04,100,0
CPUH-U.US,5,20211105,153000,10.04,10.04,10.04,10.04,600,0
CPUH-U.US,5,20211105,153500,10.03,10.0301,10.03,10.0301,250,0
CPUH-U.US,5,20211105,171500,10.0379,10.0379,10.0379,10.0379,100,0
CPUH-U.US,5,20211105,201000,10.03,10.03,10.03,10.03,100,0
CPUH-U.US,5,20211105,204500,10.04,10.04,10.01,10.01,18413,0
CPUH-U.US,5,20211105,205000,10.02,10.03,10.02,10.03,780,0
CPUH-U.US,5,20211105,205500,10.02,10.04,10.02,10.02,2900,0
CPUH-U.US,5,20211108,153000,10,10,10,10,5065,0
CPUH-U.US,5,20211108,153500,10.02,10.02,10.02,10.02,400,0
CPUH-U.US,5,20211108,154000,10.01,10.01,10.01,10.01,550,0
CPUH-U.US,5,20211108,155500,10.02,10.03,10.02,10.03,788,0
CPUH-U.US,5,20211108,160000,10.01,10.01,10.01,10.01,130,0
CPUH-U.US,5,20211108,160500,10.01,10.01,10.01,10.01,200,0
CPUH-U.US,5,20211108,162500,10.005,10.01,10,10,50000,0
CPUH-U.US,5,20211108,164000,10.015,10.015,10,10,650,0
CPUH-U.US,5,20211108,165500,10.01,10.01,10.01,10.01,100,0
CPUH-U.US,5,20211108,173000,10.01,10.01,10,10,1660,0
CPUH-U.US,5,20211108,175500,10.01,10.01,10.002,10.01,1000,0
CPUH-U.US,5,20211108,180500,10.01,10.01,10.01,10.01,1000,0
CPUH-U.US,5,20211108,181000,10.01,10.01,10.01,10.01,100,0
CPUH-U.US,5,20211108,181500,10.0298,10.0298,10.0298,10.0298,5000,0
CPUH-U.US,5,20211108,190000,10.01,10.01,10.01,10.01,100,0
CPUH-U.US,5,20211108,192000,10.01,10.015,10,10,1300,0
CPUH-U.US,5,20211108,192500,10.01,10.01,10,10.0004,900,0
CPUH-U.US,5,20211108,194000,10.01,10.01,10.01,10.01,300,0
CPUH-U.US,5,20211108,201000,10.01,10.01,10.01,10.01,100,0
CPUH-U.US,5,20211108,202000,10,10,10,10,200,0
CPUH-U.US,5,20211108,202500,10.01,10.01,10.01,10.01,200,0
CPUH-U.US,5,20211108,210000,10,10,10,10,100,0
CPUH-U.US,5,20211108,212000,10.01,10.01,10.01,10.01,2000,0
CPUH-U.US,5,20211108,213000,10.02,10.02,10.01,10.01,2593,0
CPUH-U.US,5,20211108,214500,10.0171,10.0171,10.0171,10.0171,160,0
CPUH-U.US,5,20211108,215500,10.02,10.02,10.02,10.02,3500,0
CPUH-U.US,5,20211109,153000,10,10,10,10,154,0
CPUH-U.US,5,20211109,153500,10.0101,10.0101,10.0101,10.0101,110,0
CPUH-U.US,5,20211109,162000,10.02,10.02,10.02,10.02,100,0
CPUH-U.US,5,20211109,162500,10.03,10.03,10.03,10.03,100,0
CPUH-U.US,5,20211109,163000,10.0222,10.0222,10.0222,10.0222,100,0
CPUH-U.US,5,20211109,165500,10.01,10.01,10.01,10.01,100,0
CPUH-U.US,5,20211109,171500,10.03,10.04,10.02,10.04,6436,0
CPUH-U.US,5,20211109,173500,10.03,10.03,10.03,10.03,9776,0
CPUH-U.US,5,20211109,174500,10.03,10.03,10.03,10.03,3800,0
CPUH-U.US,5,20211109,183000,10.0415,10.0415,10.0415,10.0415,500,0
CPUH-U.US,5,20211109,183500,10.03,10.03,10.03,10.03,200,0
CPUH-U.US,5,20211109,191000,10.03,10.03,10.02,10.02,9900,0
CPUH-U.US,5,20211109,191500,10.03,10.03,10.025,10.025,301,0
CPUH-U.US,5,20211109,194500,10.02,10.02,10.02,10.02,100,0
CPUH-U.US,5,20211109,213500,10.02,10.02,10.02,10.02,600,0
CPUH-U.US,5,20211110,153000,10.01,10.0162,10.01,10.0162,403,0
CPUH-U.US,5,20211110,153500,10.0162,10.0162,10.0162,10.0162,100,0
CPUH-U.US,5,20211110,162500,10.04,10.04,10.04,10.04,100,0
CPUH-U.US,5,20211110,181500,10.03,10.03,10.03,10.03,100,0
CPUH-U.US,5,20211110,184500,10.02,10.02,10.02,10.02,3200,0
CPUH-U.US,5,20211110,190500,10.0202,10.0202,10.0202,10.0202,150,0
CPUH-U.US,5,20211110,194500,10.0201,10.0201,10.0201,10.0201,100,0
CPUH-U.US,5,20211110,200000,10.02,10.02,10.02,10.02,10200,0
CPUH-U.US,5,20211110,202500,10.01,10.01,10.01,10.01,300,0
CPUH-U.US,5,20211110,205000,10.0104,10.0104,10.0104,10.0104,450,0
CPUH-U.US,5,20211110,211500,10.01,10.02,10.01,10.02,1261,0
CPUH-U.US,5,20211110,212500,10.015,10.015,10.01,10.01,1100,0
CPUH-U.US,5,20211110,215000,10.01,10.01,10.01,10.01,100,0
CPUH-U.US,5,20211110,215500,10.02,10.02,10.02,10.02,1797,0
CPUH-U.US,5,20211111,153000,10,10,10,10,115,0
CPUH-U.US,5,20211111,153500,10.0113,10.0113,10.0113,10.0113,500,0
CPUH-U.US,5,20211111,155000,10.0114,10.0114,10.0114,10.0114,200,0
CPUH-U.US,5,20211111,163500,10.025,10.025,10.025,10.025,500,0
CPUH-U.US,5,20211111,164500,10.025,10.025,10.025,10.025,500,0
CPUH-U.US,5,20211111,182000,10.0158,10.0158,10.0158,10.0158,100,0
CPUH-U.US,5,20211111,183500,10.02,10.02,10.02,10.02,200,0
CPUH-U.US,5,20211111,190500,10.0103,10.0103,10.0103,10.0103,1250,0
CPUH-U.US,5,20211111,191000,10.03,10.03,10.01,10.01,144349,0
CPUH-U.US,5,20211111,192000,10.02,10.02,10.02,10.02,900,0
CPUH-U.US,5,20211111,192500,10.02,10.02,10.02,10.02,600,0
CPUH-U.US,5,20211111,193500,10.02,10.02,10.02,10.02,100,0
CPUH-U.US,5,20211111,201000,10.02,10.02,10.02,10.02,628,0
CPUH-U.US,5,20211111,202000,10.025,10.025,10.02,10.02,23322,0
CPUH-U.US,5,20211111,202500,10.02,10.02,10.02,10.02,9700,0
CPUH-U.US,5,20211111,205500,10.01,10.01,10.01,10.01,300,0
CPUH-U.US,5,20211111,210500,10.01,10.01,10.01,10.01,2737,0
CPUH-U.US,5,20211111,211000,10.015,10.015,10,10,400,0
