<TICKER>,<PER>,<DATE>,<TIME>,<OPEN>,<HIGH>,<LOW>,<CLOSE>,<VOL>,<OPENINT>
CPUH-WS.US,5,20210922,154000,1.08,1.08,1.08,1.08,100,0
CPUH-WS.US,5,20210922,163500,1.0799,1.0799,1.0799,1.0799,100,0
CPUH-WS.US,5,20210922,202000,1.05,1.05,1.05,1.05,1100,0
CPUH-WS.US,5,20210922,203000,1.07,1.07,1.07,1.07,100,0
CPUH-WS.US,5,20210922,212000,1.0601,1.0601,1.0601,1.0601,400,0
CPUH-WS.US,5,20210922,213500,1.06,1.07,1.06,1.07,800,0
CPUH-WS.US,5,20210923,153000,1.04,1.04,1.04,1.04,100,0
CPUH-WS.US,5,20210923,153500,1.0699,1.07,1.0699,1.07,200,0
CPUH-WS.US,5,20210923,155500,1.06,1.06,1.06,1.06,500,0
CPUH-WS.US,5,20210923,162500,1.065,1.065,1.06,1.0622,700,0
CPUH-WS.US,5,20210923,174000,1.07,1.07,1.07,1.07,100,0
CPUH-WS.US,5,20210923,181500,1.08,1.08,1.07,1.07,600,0
CPUH-WS.US,5,20210923,200000,1.08,1.08,1.08,1.08,100,0
CPUH-WS.US,5,20210923,201500,1.06,1.0601,1.06,1.0601,400,0
CPUH-WS.US,5,20210923,203000,1.0601,1.0601,1.06,1.0601,1200,0
CPUH-WS.US,5,20210923,203500,1.05,1.05,1.045,1.0499,2190,0
CPUH-WS.US,5,20210923,204000,1.06,1.0601,1.06,1.0601,470,0
CPUH-WS.US,5,20210923,213500,1.07,1.07,1.07,1.07,111,0
CPUH-WS.US,5,20210923,214000,1.07,1.07,1.07,1.07,166,0
CPUH-WS.US,5,20210923,215500,1.07,1.07,1.07,1.07,100,0
CPUH-WS.US,5,20210924,153000,1.08,1.08,1.08,1.08,353,0
CPUH-WS.US,5,20210924,153500,1.09,1.09,1.0899,1.09,5475,0
CPUH-WS.US,5,20210924,155500,1.075,1.08,1.075,1.075,1400,0
CPUH-WS.US,5,20210924,171000,1.075,1.075,1.075,1.075,125,0
CPUH-WS.US,5,20210924,172000,1.0899,1.0899,1.0899,1.0899,100,0
CPUH-WS.US,5,20210924,183000,1.0601,1.0601,1.06,1.06,600,0
CPUH-WS.US,5,20210924,184500,1.06,1.07,1.05,1.07,1111,0
CPUH-WS.US,5,20210924,185000,1.07,1.07,1.05,1.05,400,0
CPUH-WS.US,5,20210924,185500,1.05,1.05,1.05,1.05,700,0
CPUH-WS.US,5,20210924,191000,1.07,1.07,1.07,1.07,202,0
CPUH-WS.US,5,20210924,194000,1.05,1.05,1.04,1.04,300,0
CPUH-WS.US,5,20210924,194500,1.0499,1.0499,1.0499,1.0499,1905,0
CPUH-WS.US,5,20210924,195000,1.04,1.04,1.04,1.04,847,0
CPUH-WS.US,5,20210924,195500,1.0499,1.0499,1.0499,1.0499,100,0
CPUH-WS.US,5,20210924,215000,1.0401,1.0401,1.0401,1.0401,500,0
CPUH-WS.US,5,20210924,215500,1.05,1.05,1.05,1.05,718,0
CPUH-WS.US,5,20210927,155500,1.04,1.04,1.04,1.04,200,0
CPUH-WS.US,5,20210927,160500,1.03,1.03,1.03,1.03,200,0
CPUH-WS.US,5,20210927,161500,1.0411,1.0411,1.0411,1.0411,125,0
CPUH-WS.US,5,20210927,162000,1.03,1.04,1.01,1.01,5399,0
CPUH-WS.US,5,20210927,162500,1.02,1.02,1.01,1.01,200,0
CPUH-WS.US,5,20210927,163000,1.01,1.01,1.01,1.01,400,0
CPUH-WS.US,5,20210927,170500,1.03,1.03,1.03,1.03,306,0
CPUH-WS.US,5,20210927,171500,1.03,1.03,1.03,1.03,479,0
CPUH-WS.US,5,20210927,181500,1.07,1.07,1.07,1.07,400,0
CPUH-WS.US,5,20210927,182000,1.08,1.08,1.08,1.08,500,0
CPUH-WS.US,5,20210927,182500,1.07,1.08,1.07,1.08,500,0
CPUH-WS.US,5,20210927,183000,1.06,1.08,1.06,1.065,400,0
CPUH-WS.US,5,20210927,183500,1.06,1.09,1.06,1.065,700,0
CPUH-WS.US,5,20210927,184000,1.06,1.09,1.06,1.065,800,0
CPUH-WS.US,5,20210927,184500,1.08,1.09,1.08,1.09,500,0
CPUH-WS.US,5,20210927,185000,1.09,1.09,1.09,1.09,500,0
CPUH-WS.US,5,20210927,185500,1.09,1.09,1.09,1.09,900,0
CPUH-WS.US,5,20210927,190000,1.065,1.09,1.065,1.09,750,0
CPUH-WS.US,5,20210927,190500,1.09,1.09,1.09,1.09,500,0
CPUH-WS.US,5,20210927,191000,1.09,1.09,1.09,1.09,400,0
CPUH-WS.US,5,20210927,191500,1.09,1.09,1.09,1.09,400,0
CPUH-WS.US,5,20210927,192000,1.09,1.09,1.09,1.09,400,0
CPUH-WS.US,5,20210927,192500,1.09,1.09,1.07,1.09,900,0
CPUH-WS.US,5,20210927,193000,1.09,1.09,1.09,1.09,900,0
CPUH-WS.US,5,20210927,193500,1.08,1.09,1.08,1.09,600,0
CPUH-WS.US,5,20210927,194000,1.09,1.09,1.09,1.09,200,0
CPUH-WS.US,5,20210927,194500,1.09,1.1,1.09,1.1,500,0
CPUH-WS.US,5,20210927,195000,1.1,1.1,1.1,1.1,500,0
CPUH-WS.US,5,20210927,195500,1.1,1.1,1.075,1.1,900,0
CPUH-WS.US,5,20210927,200000,1.1,1.1,1.1,1.1,800,0
CPUH-WS.US,5,20210927,200500,1.09,1.09,1.09,1.09,500,0
CPUH-WS.US,5,20210927,201000,1.09,1.09,1.075,1.075,600,0
CPUH-WS.US,5,20210927,201500,1.075,1.1,1.075,1.1,600,0
CPUH-WS.US,5,20210927,202000,1.1,1.1,1.1,1.1,700,0
CPUH-WS.US,5,20210927,202500,1.1,1.1,1.1,1.1,500,0
CPUH-WS.US,5,20210927,203000,1.1,1.1,1.09,1.09,400,0
CPUH-WS.US,5,20210927,203500,1.09,1.09,1.09,1.09,500,0
CPUH-WS.US,5,20210927,204000,1.09,1.1,1.09,1.1,400,0
CPUH-WS.US,5,20210927,204500,1.1,1.1,1.075,1.075,900,0
CPUH-WS.US,5,20210927,205000,1.1,1.1,1.1,1.1,900,0
CPUH-WS.US,5,20210927,205500,1.075,1.1,1.075,1.1,300,0
CPUH-WS.US,5,20210927,210000,1.1,1.1,1.1,1.1,1000,0
CPUH-WS.US,5,20210927,210500,1.1,1.1,1.1,1.1,500,0
CPUH-WS.US,5,20210927,211000,1.1,1.1,1.1,1.1,500,0
CPUH-WS.US,5,20210927,211500,1.09,1.09,1.09,1.09,500,0
CPUH-WS.US,5,20210927,212000,1.09,1.09,1.09,1.09,500,0
CPUH-WS.US,5,20210927,212500,1.1,1.1,1.075,1.075,700,0
CPUH-WS.US,5,20210927,213000,1.1,1.1,1.1,1.1,500,0
CPUH-WS.US,5,20210927,213500,1.1,1.1,1.1,1.1,875,0
CPUH-WS.US,5,20210927,214000,1.09,1.09,1.09,1.09,200,0
CPUH-WS.US,5,20210927,214500,1.1,1.1,1.075,1.075,1200,0
CPUH-WS.US,5,20210927,215000,1.09,1.09,1.09,1.09,500,0
CPUH-WS.US,5,20210927,215500,1.09,1.09,1.09,1.09,500,0
CPUH-WS.US,5,20210928,153000,1.05,1.05,1.05,1.05,100,0
CPUH-WS.US,5,20210928,153500,1.05,1.05,1.05,1.05,100,0
CPUH-WS.US,5,20210928,154500,1.05,1.05,1.05,1.05,124,0
CPUH-WS.US,5,20210928,160000,1.07,1.07,1.05,1.05,1100,0
CPUH-WS.US,5,20210928,163000,1.08,1.08,1.08,1.08,600,0
CPUH-WS.US,5,20210928,164000,1.08,1.08,1.065,1.08,500,0
CPUH-WS.US,5,20210928,164500,1.09,1.09,1.075,1.075,400,0
CPUH-WS.US,5,20210928,165000,1.1,1.1,1.1,1.1,200,0
CPUH-WS.US,5,20210928,165500,1.1,1.1,1.1,1.1,300,0
CPUH-WS.US,5,20210928,170000,1.1,1.1,1.1,1.1,200,0
CPUH-WS.US,5,20210928,170500,1.1,1.1,1.1,1.1,200,0
CPUH-WS.US,5,20210928,171000,1.1,1.1,1.075,1.075,600,0
CPUH-WS.US,5,20210928,171500,1.1,1.1,1.075,1.075,400,0
CPUH-WS.US,5,20210928,172000,1.09,1.1,1.09,1.1,1478,0
CPUH-WS.US,5,20210928,172500,1.075,1.09,1.075,1.09,200,0
CPUH-WS.US,5,20210928,173000,1.1,1.1,1.1,1.1,400,0
CPUH-WS.US,5,20210928,173500,1.1,1.1,1.1,1.1,300,0
CPUH-WS.US,5,20210928,174000,1.1,1.1,1.1,1.1,200,0
CPUH-WS.US,5,20210928,174500,1.1,1.1,1.075,1.075,700,0
CPUH-WS.US,5,20210928,175000,1.09,1.1,1.09,1.1,400,0
CPUH-WS.US,5,20210928,175500,1.1,1.1,1.1,1.1,500,0
CPUH-WS.US,5,20210928,180500,1.1,1.1,1.1,1.1,600,0
CPUH-WS.US,5,20210928,181000,1.1,1.1,1.1,1.1,500,0
CPUH-WS.US,5,20210928,182000,1.1,1.11,1.1,1.11,400,0
CPUH-WS.US,5,20210928,182500,1.1,1.1,1.1,1.1,200,0
CPUH-WS.US,5,20210928,183000,1.1,1.1,1.1,1.1,500,0
CPUH-WS.US,5,20210928,183500,1.1,1.1,1.075,1.1,500,0
CPUH-WS.US,5,20210928,184000,1.11,1.11,1.11,1.11,500,0
CPUH-WS.US,5,20210928,184500,1.11,1.11,1.11,1.11,200,0
CPUH-WS.US,5,20210928,185000,1.11,1.11,1.07,1.07,400,0
CPUH-WS.US,5,20210928,185500,1.08,1.08,1.08,1.08,150,0
CPUH-WS.US,5,20210928,190000,1.1,1.1,1.1,1.1,465,0
CPUH-WS.US,5,20210928,190500,1.1,1.1,1.1,1.1,483,0
CPUH-WS.US,5,20210928,191000,1.11,1.11,1.11,1.11,348,0
CPUH-WS.US,5,20210928,192000,1.11,1.11,1.11,1.11,700,0
CPUH-WS.US,5,20210928,192500,1.11,1.11,1.11,1.11,500,0
CPUH-WS.US,5,20210928,193500,1.11,1.11,1.08,1.085,600,0
CPUH-WS.US,5,20210928,194000,1.12,1.12,1.09,1.12,424,0
CPUH-WS.US,5,20210928,195000,1.12,1.12,1.09,1.11,713,0
CPUH-WS.US,5,20210928,195500,1.12,1.12,1.09,1.09,500,0
CPUH-WS.US,5,20210928,200500,1.11,1.11,1.11,1.11,400,0
CPUH-WS.US,5,20210928,201000,1.11,1.11,1.11,1.11,200,0
CPUH-WS.US,5,20210928,201500,1.11,1.11,1.0905,1.0905,1000,0
CPUH-WS.US,5,20210928,202000,1.11,1.11,1.11,1.11,355,0
CPUH-WS.US,5,20210928,202500,1.09,1.12,1.06,1.11,1350,0
CPUH-WS.US,5,20210928,203500,1.11,1.11,1.09,1.11,695,0
CPUH-WS.US,5,20210928,204000,1.11,1.11,1.1,1.11,340,0
CPUH-WS.US,5,20210928,205000,1.11,1.11,1.11,1.11,354,0
CPUH-WS.US,5,20210928,205500,1.11,1.12,1.11,1.11,400,0
CPUH-WS.US,5,20210928,210000,1.12,1.12,1.11,1.11,355,0
CPUH-WS.US,5,20210928,211000,1.1,1.1,1.06,1.06,3398,0
CPUH-WS.US,5,20210928,212000,1.07,1.1,1.07,1.1,400,0
CPUH-WS.US,5,20210928,213000,1.09,1.09,1.06,1.06,575,0
CPUH-WS.US,5,20210928,213500,1.08,1.09,1.08,1.08,300,0
CPUH-WS.US,5,20210928,214000,1.1,1.11,1.1,1.11,300,0
CPUH-WS.US,5,20210928,215000,1.1,1.1,1.1,1.1,200,0
CPUH-WS.US,5,20210928,215500,1.11,1.11,1.07,1.07,515,0
CPUH-WS.US,5,20210929,153000,1.06,1.06,1.06,1.06,250,0
CPUH-WS.US,5,20210929,153500,1.05,1.05,1.05,1.05,900,0
CPUH-WS.US,5,20210929,155000,1.04,1.04,1.04,1.04,200,0
CPUH-WS.US,5,20210929,161000,1.05,1.05,1.05,1.05,200,0
CPUH-WS.US,5,20210929,161500,1.05,1.06,1.02,1.02,2278,0
CPUH-WS.US,5,20210929,162000,1.02,1.02,1.01,1.01,1000,0
CPUH-WS.US,5,20210929,162500,1.01,1.02,1.01,1.02,1700,0
CPUH-WS.US,5,20210929,163000,1.02,1.02,1.01,1.02,1000,0
CPUH-WS.US,5,20210929,163500,1.01,1.02,1.01,1.01,1500,0
CPUH-WS.US,5,20210929,164000,1.01,1.02,1.01,1.02,1686,0
CPUH-WS.US,5,20210929,164500,1.03,1.03,1.01,1.02,1400,0
CPUH-WS.US,5,20210929,165000,1.02,1.02,1.01,1.01,1500,0
CPUH-WS.US,5,20210929,165500,1.01,1.01,1.01,1.01,1800,0
CPUH-WS.US,5,20210929,170000,1.01,1.01,1.01,1.01,1129,0
CPUH-WS.US,5,20210929,170500,1.01,1.02,1.01,1.02,1700,0
CPUH-WS.US,5,20210929,171000,1.01,1.01,1.01,1.01,1200,0
CPUH-WS.US,5,20210929,171500,1.01,1.01,1.01,1.01,1600,0
CPUH-WS.US,5,20210929,172000,1.01,1.01,1.01,1.01,1800,0
CPUH-WS.US,5,20210929,172500,1.01,1.01,1.01,1.01,1500,0
CPUH-WS.US,5,20210929,173000,1.01,1.01,1.01,1.01,400,0
CPUH-WS.US,5,20210929,174000,1,1.01,1,1.01,789,0
CPUH-WS.US,5,20210929,175500,1.01,1.01,1.01,1.01,300,0
CPUH-WS.US,5,20210929,180000,1.01,1.01,1.01,1.01,163,0
CPUH-WS.US,5,20210929,181500,1,1,0.9901,0.9901,15818,0
CPUH-WS.US,5,20210929,182000,1.0099,1.0099,1,1,1100,0
CPUH-WS.US,5,20210929,190000,0.993,0.993,0.96,0.96,9965,0
CPUH-WS.US,5,20210929,193000,0.9801,0.9801,0.9801,0.9801,333,0
CPUH-WS.US,5,20210929,193500,1.01,1.01,1.01,1.01,300,0
CPUH-WS.US,5,20210929,194500,0.9999,0.9999,0.9999,0.9999,100,0
CPUH-WS.US,5,20210929,201000,1.01,1.01,1.01,1.01,3691,0
CPUH-WS.US,5,20210929,201500,1.01,1.01,1.01,1.01,195,0
CPUH-WS.US,5,20210929,212000,0.9999,0.9999,0.9999,0.9999,300,0
CPUH-WS.US,5,20210929,213000,0.9902,0.9999,0.9902,0.9999,500,0
CPUH-WS.US,5,20210929,213500,0.9901,0.9902,0.9901,0.9902,400,0
CPUH-WS.US,5,20210929,214500,0.9801,0.99,0.98,0.99,2907,0
CPUH-WS.US,5,20210929,215500,0.9701,0.9701,0.9701,0.9701,916,0
CPUH-WS.US,5,20210930,153000,0.9649,0.9649,0.9649,0.9649,500,0
CPUH-WS.US,5,20210930,153500,0.9706,0.9706,0.9703,0.9703,200,0
CPUH-WS.US,5,20210930,160000,0.9809,0.9809,0.9809,0.9809,100,0
CPUH-WS.US,5,20210930,165000,0.9955,1.01,0.98,0.98,2053,0
CPUH-WS.US,5,20210930,170500,0.9612,0.9612,0.9612,0.9612,375,0
CPUH-WS.US,5,20210930,172500,0.988,0.988,0.988,0.988,100,0
CPUH-WS.US,5,20210930,173000,0.984,1,0.984,0.985,6566,0
CPUH-WS.US,5,20210930,184000,0.9701,0.9701,0.97,0.97,1402,0
CPUH-WS.US,5,20210930,184500,0.97,0.9701,0.96555,0.9701,2350,0
CPUH-WS.US,5,20210930,185500,0.98,0.98,0.97,0.97,200,0
CPUH-WS.US,5,20210930,190500,0.97,0.97,0.961,0.961,519,0
CPUH-WS.US,5,20210930,191000,0.965,0.965,0.965,0.965,363,0
CPUH-WS.US,5,20210930,192500,0.9999,0.9999,0.985,0.985,3000,0
CPUH-WS.US,5,20210930,193000,0.99,0.99,0.99,0.99,300,0
CPUH-WS.US,5,20210930,193500,0.97,0.97,0.97,0.97,250,0
CPUH-WS.US,5,20210930,195000,0.9875,0.9875,0.9875,0.9875,263,0
CPUH-WS.US,5,20210930,201000,0.9875,1,0.9875,1,200,0
CPUH-WS.US,5,20210930,201500,1,1,0.9875,1,2667,0
CPUH-WS.US,5,20210930,204000,0.975,0.98,0.975,0.98,480,0
CPUH-WS.US,5,20210930,204500,0.9775,0.9775,0.9775,0.9775,100,0
CPUH-WS.US,5,20210930,211000,0.9775,0.9775,0.9774,0.9775,1434,0
CPUH-WS.US,5,20210930,211500,0.975,0.975,0.975,0.975,5629,0
CPUH-WS.US,5,20210930,212500,0.9653,0.97,0.9653,0.9699,2912,0
CPUH-WS.US,5,20210930,213500,0.96765,0.97,0.96765,0.97,500,0
CPUH-WS.US,5,20210930,215500,0.9653,0.9653,0.9653,0.9653,500,0
CPUH-WS.US,5,20211001,153500,0.98,0.98,0.9601,0.9601,5305,0
CPUH-WS.US,5,20211001,154500,0.98,0.98,0.98,0.98,936,0
CPUH-WS.US,5,20211001,155000,0.979899,0.98,0.979899,0.9799,3000,0
CPUH-WS.US,5,20211001,155500,0.9602,0.979899,0.9601,0.9602,4580,0
CPUH-WS.US,5,20211001,160500,0.97,0.97,0.95,0.95,8447,0
CPUH-WS.US,5,20211001,161000,0.9403,0.9403,0.94025,0.940267,4840,0
CPUH-WS.US,5,20211001,161500,0.94025,0.95,0.94015,0.9402,23650,0
CPUH-WS.US,5,20211001,162000,0.95,0.959899,0.95,0.959899,451,0
CPUH-WS.US,5,20211001,162500,0.96,0.96,0.955,0.96,50309,0
CPUH-WS.US,5,20211001,163000,0.96,0.96,0.96,0.96,50477,0
CPUH-WS.US,5,20211001,163500,0.965,0.97,0.96,0.96,51770,0
CPUH-WS.US,5,20211001,165000,0.965,0.97,0.9551,0.97,15845,0
CPUH-WS.US,5,20211001,173500,0.97,0.97,0.97,0.97,5470,0
CPUH-WS.US,5,20211001,174500,0.97,0.97,0.97,0.97,6801,0
CPUH-WS.US,5,20211001,185500,1,1,1,1,301,0
CPUH-WS.US,5,20211001,190000,0.99,0.99,0.99,0.99,1400,0
CPUH-WS.US,5,20211001,191500,1,1,1,1,50000,0
CPUH-WS.US,5,20211001,192500,1.005,1.005,1.005,1.005,1000,0
CPUH-WS.US,5,20211001,193500,1,1,0.99,0.99,100464,0
CPUH-WS.US,5,20211001,194000,1,1,0.995,1,19154,0
CPUH-WS.US,5,20211001,195000,1.0001,1.0001,1.0001,1.0001,999,0
CPUH-WS.US,5,20211001,205500,1.01,1.01,1.01,1.01,884,0
CPUH-WS.US,5,20211001,212000,1.025,1.025,1.025,1.025,1000,0
CPUH-WS.US,5,20211001,212500,1.01,1.01,1.01,1.01,100,0
CPUH-WS.US,5,20211001,214000,1.01,1.01,1.01,1.01,2577,0
CPUH-WS.US,5,20211001,215000,1,1.02,1,1.02,750,0
CPUH-WS.US,5,20211001,215500,1,1,1,1,103,0
CPUH-WS.US,5,20211004,153000,1.05,1.05,0.995,0.995,300,0
CPUH-WS.US,5,20211004,153500,0.9402,0.9402,0.9402,0.9402,1500,0
CPUH-WS.US,5,20211004,154000,0.9501,1,0.9501,0.9751,369,0
CPUH-WS.US,5,20211004,155000,0.9502,0.9502,0.9502,0.9502,110,0
CPUH-WS.US,5,20211004,155500,0.9506,0.9506,0.95,0.95,200,0
CPUH-WS.US,5,20211004,162500,0.97,0.985,0.97,0.985,550,0
CPUH-WS.US,5,20211004,164500,1,1,0.97,0.97,418,0
CPUH-WS.US,5,20211004,165000,0.985,0.985,0.985,0.985,200,0
CPUH-WS.US,5,20211004,170000,0.97,0.9824,0.97,0.97,915,0
CPUH-WS.US,5,20211004,171000,0.97,0.985,0.97,0.985,5025,0
CPUH-WS.US,5,20211004,171500,0.97,0.97,0.97,0.97,100,0
CPUH-WS.US,5,20211004,172000,0.985,0.985,0.97,0.97,217,0
CPUH-WS.US,5,20211004,172500,0.97,0.97,0.97,0.97,200,0
CPUH-WS.US,5,20211004,173000,0.97,0.97,0.97,0.97,300,0
CPUH-WS.US,5,20211004,173500,0.97,0.97,0.97,0.97,100,0
CPUH-WS.US,5,20211004,174000,0.97,0.97,0.97,0.97,216,0
CPUH-WS.US,5,20211004,174500,0.97,0.97,0.97,0.97,200,0
CPUH-WS.US,5,20211004,180000,0.97,0.97,0.97,0.97,300,0
CPUH-WS.US,5,20211004,183000,0.97,0.97,0.97,0.97,13662,0
CPUH-WS.US,5,20211004,183500,0.97,0.97,0.97,0.97,44298,0
CPUH-WS.US,5,20211004,184000,0.97,0.97,0.9625,0.97,14171,0
CPUH-WS.US,5,20211004,185000,0.97,0.97,0.97,0.97,200,0
CPUH-WS.US,5,20211004,185500,0.98,0.98,0.98,0.98,100,0
CPUH-WS.US,5,20211004,190500,0.985,0.99,0.985,0.9898,900,0
CPUH-WS.US,5,20211004,192000,0.98,0.98,0.98,0.98,3485,0
CPUH-WS.US,5,20211004,192500,0.99,1,0.99,1,16121,0
CPUH-WS.US,5,20211004,193000,0.98,0.98,0.98,0.98,134,0
CPUH-WS.US,5,20211004,204000,0.985,0.985,0.985,0.985,1000,0
CPUH-WS.US,5,20211004,212000,0.975,0.98,0.975,0.98,1000,0
CPUH-WS.US,5,20211004,212500,1,1,0.9999,1,4235,0
CPUH-WS.US,5,20211004,213000,1,1,0.9999,1,2100,0
CPUH-WS.US,5,20211004,214500,0.9999,0.99995,0.9999,0.9999,500,0
CPUH-WS.US,5,20211005,154000,0.9602,0.9602,0.96,0.96,1263,0
CPUH-WS.US,5,20211005,155000,0.97,0.979949,0.97,0.97,1200,0
CPUH-WS.US,5,20211005,160000,0.97,0.97,0.97,0.97,450,0
CPUH-WS.US,5,20211005,162000,0.968449,0.968449,0.968449,0.968449,415,0
CPUH-WS.US,5,20211005,165000,0.9685,0.9685,0.9685,0.9685,100,0
CPUH-WS.US,5,20211005,170000,0.9601,0.98,0.95,0.98,76351,0
CPUH-WS.US,5,20211005,173000,0.97,0.97,0.97,0.97,200,0
CPUH-WS.US,5,20211005,175000,0.9759,1,0.9759,1,1324,0
CPUH-WS.US,5,20211005,180500,0.984949,0.984949,0.984949,0.984949,350,0
CPUH-WS.US,5,20211005,192000,0.999699,0.999699,0.999699,0.999699,1000,0
CPUH-WS.US,5,20211005,193000,0.984,0.984,0.984,0.984,200,0
CPUH-WS.US,5,20211005,193500,0.9701,0.9701,0.96,0.96,6387,0
CPUH-WS.US,5,20211005,205000,0.979901,0.979901,0.979901,0.979901,1000,0
CPUH-WS.US,5,20211005,205500,0.97,0.97,0.97,0.97,200,0
CPUH-WS.US,5,20211005,210000,0.984901,0.984901,0.984901,0.984901,250,0
CPUH-WS.US,5,20211005,215500,0.97,0.97,0.96,0.97,1700,0
CPUH-WS.US,5,20211006,153000,0.9996,1,0.9996,1,1476,0
CPUH-WS.US,5,20211006,153500,1,1,1,1,200,0
CPUH-WS.US,5,20211006,154000,1.0001,1.0002,0.9504,0.9504,9009,0
CPUH-WS.US,5,20211006,155000,0.97025,0.97025,0.97025,0.97025,250,0
CPUH-WS.US,5,20211006,155500,0.97,0.97,0.97,0.97,100,0
CPUH-WS.US,5,20211006,160000,0.97,0.97,0.97,0.97,200,0
CPUH-WS.US,5,20211006,161000,0.97,0.9701,0.96,0.96,2163,0
CPUH-WS.US,5,20211006,162000,0.96,0.96,0.96,0.96,371,0
CPUH-WS.US,5,20211006,163000,0.965,0.965,0.96,0.96,2969,0
CPUH-WS.US,5,20211006,163500,0.96,0.96,0.9579,0.9579,1600,0
CPUH-WS.US,5,20211006,164000,0.96,0.9658,0.96,0.9629,400,0
CPUH-WS.US,5,20211006,170000,0.9601,0.9602,0.96,0.9602,400,0
CPUH-WS.US,5,20211006,171500,0.9551,0.96,0.9551,0.96,1110,0
CPUH-WS.US,5,20211006,181000,0.9503,0.9503,0.9502,0.9502,352,0
CPUH-WS.US,5,20211006,185500,0.9502,0.950397,0.9502,0.950397,352,0
CPUH-WS.US,5,20211006,201500,0.96,0.96,0.96,0.96,695,0
CPUH-WS.US,5,20211006,202000,0.9551,0.9597,0.9551,0.9597,500,0
CPUH-WS.US,5,20211006,210000,0.9599,0.9599,0.9599,0.9599,500,0
CPUH-WS.US,5,20211007,153000,1.01,1.01,0.9748,0.9748,400,0
CPUH-WS.US,5,20211007,155000,0.97,0.97,0.97,0.97,100,0
CPUH-WS.US,5,20211007,170500,0.97,0.97,0.9699,0.9699,200,0
CPUH-WS.US,5,20211007,171000,0.969066,0.97,0.969066,0.97,200,0
CPUH-WS.US,5,20211007,171500,0.97,0.97,0.97,0.97,150,0
CPUH-WS.US,5,20211007,173000,0.9605,0.9605,0.9605,0.9605,200,0
CPUH-WS.US,5,20211007,175500,0.96,0.96,0.96,0.96,4907,0
CPUH-WS.US,5,20211007,180500,0.96,0.96,0.95,0.95,1306,0
CPUH-WS.US,5,20211007,182500,0.952,0.952,0.952,0.952,100,0
CPUH-WS.US,5,20211007,190500,0.952,0.952,0.9404,0.9404,4297,0
CPUH-WS.US,5,20211007,191000,0.95,0.95,0.9404,0.9404,3719,0
CPUH-WS.US,5,20211007,191500,0.946723,0.95,0.946723,0.95,1500,0
CPUH-WS.US,5,20211007,193000,0.95,0.95,0.95,0.95,404,0
CPUH-WS.US,5,20211007,193500,0.9401,0.9401,0.9401,0.9401,100,0
CPUH-WS.US,5,20211007,194500,0.94,0.94,0.93,0.9301,2298,0
CPUH-WS.US,5,20211007,205000,0.95,0.95,0.95,0.95,2079,0
CPUH-WS.US,5,20211007,205500,0.9401,0.9401,0.9351,0.9351,204,0
CPUH-WS.US,5,20211007,211000,0.9403,0.9403,0.9403,0.9403,100,0
CPUH-WS.US,5,20211007,212000,0.9403,0.9403,0.935,0.935,1077,0
CPUH-WS.US,5,20211007,214500,0.95,0.95,0.95,0.95,1500,0
CPUH-WS.US,5,20211008,153000,0.9303,0.9303,0.93,0.93,265,0
CPUH-WS.US,5,20211008,153500,0.93,0.93,0.9201,0.9201,400,0
CPUH-WS.US,5,20211008,154000,0.94,0.94,0.94,0.94,100,0
CPUH-WS.US,5,20211008,162500,0.931,0.931,0.931,0.931,284,0
CPUH-WS.US,5,20211008,173000,0.940001,0.940001,0.940001,0.940001,1000,0
CPUH-WS.US,5,20211008,193500,0.9401,0.9401,0.9401,0.9401,412,0
CPUH-WS.US,5,20211008,202000,0.9402,0.9402,0.94,0.94,1100,0
CPUH-WS.US,5,20211008,204500,0.944209,0.944209,0.9401,0.9401,610,0
CPUH-WS.US,5,20211008,210500,0.9401,0.95,0.94,0.94,6000,0
CPUH-WS.US,5,20211011,161500,0.93,0.93,0.92,0.93,2935,0
CPUH-WS.US,5,20211011,162000,0.93,0.93,0.93,0.93,398,0
CPUH-WS.US,5,20211011,163000,0.959799,0.959799,0.959799,0.959799,100,0
CPUH-WS.US,5,20211011,163500,0.92,0.922,0.9199,0.92,990,0
CPUH-WS.US,5,20211011,164000,0.92,0.92,0.91,0.91,3188,0
CPUH-WS.US,5,20211011,164500,0.9102,0.9102,0.91,0.91,300,0
CPUH-WS.US,5,20211011,165000,0.91,0.91,0.91,0.91,375,0
CPUH-WS.US,5,20211011,173000,0.92,0.92,0.92,0.92,1200,0
CPUH-WS.US,5,20211011,175500,0.915,0.915,0.915,0.915,250,0
CPUH-WS.US,5,20211011,184000,0.93,0.93,0.93,0.93,162,0
CPUH-WS.US,5,20211011,191000,0.92,0.92,0.915,0.915,3300,0
CPUH-WS.US,5,20211011,191500,0.91,0.9102,0.91,0.9102,225,0
CPUH-WS.US,5,20211011,202000,0.92,0.92,0.92,0.92,110,0
CPUH-WS.US,5,20211011,202500,0.93,0.94,0.93,0.94,414,0
CPUH-WS.US,5,20211011,210500,0.95,0.95,0.95,0.95,100,0
CPUH-WS.US,5,20211011,211500,0.92,0.92,0.92,0.92,100,0
CPUH-WS.US,5,20211011,214500,0.9201,0.9201,0.9201,0.9201,542,0
CPUH-WS.US,5,20211011,215500,0.92,0.92,0.92,0.92,200,0
CPUH-WS.US,5,20211012,153000,0.92,0.92,0.92,0.92,550,0
CPUH-WS.US,5,20211012,153500,0.93995,0.93995,0.93995,0.93995,1000,0
CPUH-WS.US,5,20211012,160500,0.9102,0.9102,0.91,0.91,4890,0
CPUH-WS.US,5,20211012,161000,0.9099,0.91,0.9099,0.9099,904,0
CPUH-WS.US,5,20211012,161500,0.91,0.91,0.91,0.91,5154,0
CPUH-WS.US,5,20211012,162000,0.91,0.91,0.90735,0.90735,11474,0
CPUH-WS.US,5,20211012,163000,0.925,0.9299,0.925,0.9299,7485,0
CPUH-WS.US,5,20211012,170500,0.9299,0.9299,0.9299,0.9299,5000,0
CPUH-WS.US,5,20211012,173500,0.9297,0.9297,0.9297,0.9297,100,0
CPUH-WS.US,5,20211012,180000,0.925,0.925,0.925,0.925,450,0
CPUH-WS.US,5,20211012,182000,0.9225,0.927763,0.92,0.927763,6000,0
CPUH-WS.US,5,20211012,182500,0.9288,0.9288,0.9288,0.9288,362,0
CPUH-WS.US,5,20211012,184000,0.92,0.9236,0.92,0.92,4081,0
CPUH-WS.US,5,20211012,185500,0.9299,0.93,0.9299,0.93,503,0
CPUH-WS.US,5,20211012,194500,0.9473,0.9473,0.93,0.93,300,0
CPUH-WS.US,5,20211012,200000,0.93,0.93,0.93,0.93,4397,0
CPUH-WS.US,5,20211012,211500,0.9349,0.9349,0.93,0.93,500,0
CPUH-WS.US,5,20211013,153000,0.947,0.947,0.947,0.947,900,0
CPUH-WS.US,5,20211013,160500,0.94,0.9467,0.93,0.9333,16058,0
CPUH-WS.US,5,20211013,161000,0.93,0.94,0.93,0.94,1347,0
CPUH-WS.US,5,20211013,164500,0.93,0.93,0.93,0.93,125,0
CPUH-WS.US,5,20211013,173500,0.93,0.93,0.9203,0.9203,1256,0
CPUH-WS.US,5,20211013,180000,0.93005,0.94,0.93,0.94,5422,0
CPUH-WS.US,5,20211013,183000,0.922,0.922,0.922,0.922,138,0
CPUH-WS.US,5,20211013,185500,0.9494,0.9494,0.9494,0.9494,100,0
CPUH-WS.US,5,20211013,194500,0.93485,0.94,0.9348,0.94,300,0
CPUH-WS.US,5,20211013,215000,0.93,0.93,0.93,0.93,100,0
CPUH-WS.US,5,20211014,153000,0.91,0.91,0.91,0.91,100,0
CPUH-WS.US,5,20211014,153500,0.91,0.92,0.91,0.92,5975,0
CPUH-WS.US,5,20211014,154000,0.92,0.93,0.92,0.92,643,0
CPUH-WS.US,5,20211014,165000,0.94,0.94,0.934,0.934,1000,0
CPUH-WS.US,5,20211014,170000,0.938,0.9399,0.938,0.9399,1000,0
CPUH-WS.US,5,20211014,170500,0.93815,0.94,0.93815,0.94,698,0
CPUH-WS.US,5,20211014,171000,0.94,0.9471,0.94,0.9471,600,0
CPUH-WS.US,5,20211014,171500,0.9453,0.9481,0.942,0.942,2000,0
CPUH-WS.US,5,20211014,172000,0.942,0.949,0.942,0.948,2634,0
CPUH-WS.US,5,20211014,172500,0.948,0.948,0.948,0.948,600,0
CPUH-WS.US,5,20211014,173000,0.948,0.9489,0.948,0.9489,750,0
CPUH-WS.US,5,20211014,173500,0.949,0.949,0.949,0.949,850,0
CPUH-WS.US,5,20211014,174000,0.949,0.949,0.949,0.949,900,0
CPUH-WS.US,5,20211014,174500,0.949,0.95245,0.949,0.95245,1749,0
CPUH-WS.US,5,20211014,175000,0.9525,0.96135,0.9525,0.9613,2700,0
CPUH-WS.US,5,20211014,175500,0.9613,0.9647,0.9613,0.96465,900,0
CPUH-WS.US,5,20211014,180000,0.9699,0.9699,0.9623,0.9647,1052,0
CPUH-WS.US,5,20211014,180500,0.9699,0.9699,0.96465,0.96475,1393,0
CPUH-WS.US,5,20211014,181000,0.96475,0.97,0.96475,0.9674,1077,0
CPUH-WS.US,5,20211014,181500,0.97,0.97,0.96475,0.96475,1602,0
CPUH-WS.US,5,20211014,182000,0.97,0.9799,0.96475,0.9799,1377,0
CPUH-WS.US,5,20211014,182500,0.9697,0.9799,0.9697,0.9799,963,0
CPUH-WS.US,5,20211014,183000,0.96975,0.9747,0.96975,0.9747,400,0
CPUH-WS.US,5,20211014,183500,0.989,0.989,0.94,0.94,6253,0
CPUH-WS.US,5,20211014,184000,0.95,0.95,0.9352,0.95,800,0
CPUH-WS.US,5,20211014,184500,0.95,0.95,0.9402,0.95,1800,0
CPUH-WS.US,5,20211014,185000,0.95,0.95,0.95,0.95,1800,0
CPUH-WS.US,5,20211014,185500,0.95,0.9547,0.95,0.9547,2500,0
CPUH-WS.US,5,20211014,190000,0.9549,0.9549,0.9305,0.9402,715,0
CPUH-WS.US,5,20211014,190500,0.95,0.95,0.945,0.95,1525,0
CPUH-WS.US,5,20211014,191000,0.95,0.95,0.95,0.95,1700,0
CPUH-WS.US,5,20211014,191500,0.95,0.95,0.95,0.95,1800,0
CPUH-WS.US,5,20211014,192000,0.9498,0.95,0.9496,0.95,1319,0
CPUH-WS.US,5,20211014,192500,0.95,0.955,0.95,0.95,3500,0
CPUH-WS.US,5,20211014,193000,0.95,0.95,0.9475,0.9479,800,0
CPUH-WS.US,5,20211014,193500,0.9479,0.95,0.9479,0.95,1715,0
CPUH-WS.US,5,20211014,194000,0.95,0.95,0.95,0.95,1692,0
CPUH-WS.US,5,20211014,194500,0.95,0.95,0.9475,0.9475,1576,0
CPUH-WS.US,5,20211014,195000,0.95,0.9525,0.95,0.9525,1791,0
CPUH-WS.US,5,20211014,195500,0.9525,0.9525,0.9525,0.9525,1800,0
CPUH-WS.US,5,20211014,200000,0.9525,0.9525,0.9475,0.95,1779,0
CPUH-WS.US,5,20211014,200500,0.95,0.97215,0.95,0.97215,1628,0
CPUH-WS.US,5,20211014,201000,0.97215,0.9722,0.97215,0.9722,1464,0
CPUH-WS.US,5,20211014,201500,0.97215,0.9799,0.97215,0.979,1841,0
CPUH-WS.US,5,20211014,202000,0.979,0.9799,0.97575,0.9799,1700,0
CPUH-WS.US,5,20211014,202500,0.97575,0.9897,0.97575,0.9896,2000,0
CPUH-WS.US,5,20211014,203000,0.9896,0.9896,0.98595,0.9896,1800,0
CPUH-WS.US,5,20211014,203500,0.9896,0.9896,0.98595,0.9896,1616,0
CPUH-WS.US,5,20211014,204000,0.98595,0.9897,0.98595,0.9897,2040,0
CPUH-WS.US,5,20211014,204500,0.9897,0.99,0.986,0.98905,2025,0
CPUH-WS.US,5,20211014,205000,0.99,0.99,0.9881,0.99,1800,0
CPUH-WS.US,5,20211014,205500,0.99,0.99,0.9873,0.9873,2150,0
CPUH-WS.US,5,20211014,210000,0.9888,0.99,0.9881,0.9883,2200,0
CPUH-WS.US,5,20211014,210500,0.99,1,0.99,0.9916,1530,0
CPUH-WS.US,5,20211014,211000,0.9916,1,0.9916,1,1800,0
CPUH-WS.US,5,20211014,211500,1,1,0.9916,1,1800,0
CPUH-WS.US,5,20211014,212000,1,1,0.9916,1,2100,0
CPUH-WS.US,5,20211014,212500,0.9966,1,0.9932,1,1900,0
CPUH-WS.US,5,20211014,213000,0.9966,1,0.9966,1,1900,0
CPUH-WS.US,5,20211014,213500,0.9966,1,0.9966,1,2200,0
CPUH-WS.US,5,20211014,214000,0.9966,1,0.9966,1,2200,0
CPUH-WS.US,5,20211014,214500,1,1,0.9966,1,2000,0
CPUH-WS.US,5,20211014,215000,1,1,0.9966,1,2400,0
CPUH-WS.US,5,20211014,215500,1,1,0.99,0.99,8150,0
CPUH-WS.US,5,20211015,154000,0.96,0.96,0.96,0.96,120,0
CPUH-WS.US,5,20211015,154500,0.96,0.9601,0.9501,0.9501,970,0
CPUH-WS.US,5,20211015,160000,0.989799,0.989799,0.989799,0.989799,1500,0
CPUH-WS.US,5,20211015,160500,0.989799,0.989799,0.989799,0.989799,1000,0
CPUH-WS.US,5,20211015,162000,0.989799,0.989799,0.97,0.97,619,0
CPUH-WS.US,5,20211015,162500,0.9684,0.9684,0.961,0.961,206,0
CPUH-WS.US,5,20211015,163500,0.961,0.961,0.96,0.960599,6238,0
CPUH-WS.US,5,20211015,164000,0.95505,0.960599,0.9501,0.9501,7360,0
CPUH-WS.US,5,20211015,164500,0.9501,0.9501,0.9501,0.9501,106,0
CPUH-WS.US,5,20211015,165000,0.9501,0.9501,0.95,0.95,3068,0
CPUH-WS.US,5,20211015,165500,0.95,0.95,0.95,0.95,232,0
CPUH-WS.US,5,20211015,170000,0.95,0.95,0.95,0.95,337,0
CPUH-WS.US,5,20211015,170500,0.95,0.95,0.95,0.95,424,0
CPUH-WS.US,5,20211015,173500,0.9501,0.9501,0.9501,0.9501,259,0
CPUH-WS.US,5,20211015,174000,0.95,0.95,0.95,0.95,338,0
CPUH-WS.US,5,20211015,174500,0.9501,0.9501,0.9501,0.9501,225,0
CPUH-WS.US,5,20211015,175000,0.9501,0.9501,0.9501,0.9501,229,0
CPUH-WS.US,5,20211015,175500,0.95,0.95,0.95,0.95,118,0
CPUH-WS.US,5,20211015,180000,0.95,0.95,0.95,0.95,112,0
CPUH-WS.US,5,20211015,180500,0.95,0.95,0.95,0.95,106,0
CPUH-WS.US,5,20211015,181000,0.95,0.9739,0.95,0.9579,324,0
CPUH-WS.US,5,20211015,181500,0.96,0.96,0.95,0.95,3100,0
CPUH-WS.US,5,20211015,182000,0.95,0.95,0.95,0.95,200,0
CPUH-WS.US,5,20211015,182500,0.95,0.95,0.95,0.95,200,0
CPUH-WS.US,5,20211015,183000,0.95,0.96,0.95,0.95,1300,0
CPUH-WS.US,5,20211015,184000,0.95,0.95,0.95,0.95,118,0
CPUH-WS.US,5,20211015,184500,0.95,0.9699,0.95,0.95,338,0
CPUH-WS.US,5,20211015,185000,0.95,0.95,0.95,0.95,206,0
CPUH-WS.US,5,20211015,185500,0.95,0.95,0.95,0.95,112,0
CPUH-WS.US,5,20211015,190000,0.95,0.95,0.95,0.95,106,0
CPUH-WS.US,5,20211015,190500,0.95,0.95,0.95,0.95,112,0
CPUH-WS.US,5,20211015,191000,0.95,0.95,0.95,0.95,218,0
CPUH-WS.US,5,20211015,191500,0.95,0.96,0.95,0.95,2718,0
CPUH-WS.US,5,20211015,192000,0.95,0.95,0.95,0.95,100,0
CPUH-WS.US,5,20211015,192500,0.95,0.95,0.95,0.95,206,0
CPUH-WS.US,5,20211015,193000,0.95,0.95,0.95,0.95,112,0
CPUH-WS.US,5,20211015,193500,0.95,0.95,0.95,0.95,217,0
CPUH-WS.US,5,20211015,194000,0.95,0.95,0.95,0.95,106,0
CPUH-WS.US,5,20211015,194500,0.95,0.95,0.95,0.95,106,0
CPUH-WS.US,5,20211015,195000,0.95,0.95,0.95,0.95,106,0
CPUH-WS.US,5,20211015,200000,0.95,0.95,0.95,0.95,106,0
CPUH-WS.US,5,20211015,200500,0.95,0.95,0.95,0.95,106,0
CPUH-WS.US,5,20211015,201000,0.95,0.95,0.95,0.95,106,0
CPUH-WS.US,5,20211015,201500,0.95,0.95,0.95,0.95,106,0
CPUH-WS.US,5,20211015,202000,0.95,0.95,0.95,0.95,106,0
CPUH-WS.US,5,20211015,202500,0.97,0.97,0.97,0.97,500,0
CPUH-WS.US,5,20211015,203000,0.95,0.95,0.95,0.95,106,0
CPUH-WS.US,5,20211015,203500,0.95,0.95,0.95,0.95,100,0
CPUH-WS.US,5,20211015,204000,0.95,0.95,0.95,0.95,106,0
CPUH-WS.US,5,20211015,205000,0.95,0.950101,0.95,0.950101,606,0
CPUH-WS.US,5,20211015,205500,0.9699,0.9699,0.9699,0.9699,500,0
CPUH-WS.US,5,20211015,210000,0.95,0.9899,0.95,0.95,3341,0
CPUH-WS.US,5,20211015,210500,0.95,0.95,0.95,0.95,112,0
CPUH-WS.US,5,20211015,211000,0.95,0.95,0.95,0.95,397,0
CPUH-WS.US,5,20211015,211500,0.95,0.95,0.95,0.95,106,0
CPUH-WS.US,5,20211015,213000,0.95,0.95,0.9499,0.9499,1380,0
CPUH-WS.US,5,20211015,214000,0.940501,0.940501,0.940501,0.940501,250,0
CPUH-WS.US,5,20211015,215500,0.95,0.95,0.95,0.95,4194,0
CPUH-WS.US,5,20211018,153000,0.95,0.95,0.95,0.95,227,0
CPUH-WS.US,5,20211018,155500,0.955,0.955,0.955,0.955,236,0
CPUH-WS.US,5,20211018,160000,0.955,0.955,0.9403,0.9403,3516,0
CPUH-WS.US,5,20211018,162000,0.920901,0.920901,0.920901,0.920901,400,0
CPUH-WS.US,5,20211018,182500,0.94,0.94,0.94,0.94,125,0
CPUH-WS.US,5,20211018,183000,0.94,0.94,0.94,0.94,475,0
CPUH-WS.US,5,20211018,184500,0.94,0.94,0.94,0.94,100,0
CPUH-WS.US,5,20211018,193000,0.94,0.94,0.93,0.93,500,0
CPUH-WS.US,5,20211019,170000,0.932,0.932,0.932,0.932,200,0
CPUH-WS.US,5,20211019,171000,0.93,0.932,0.92,0.921,12038,0
CPUH-WS.US,5,20211019,171500,0.93,0.93,0.93,0.93,100,0
CPUH-WS.US,5,20211019,173000,0.95,0.95,0.95,0.95,100,0
CPUH-WS.US,5,20211019,174000,0.911,0.92,0.9003,0.92,5273,0
CPUH-WS.US,5,20211019,174500,0.92,0.94,0.92,0.92,4135,0
CPUH-WS.US,5,20211019,175500,0.92,0.92,0.92,0.92,200,0
CPUH-WS.US,5,20211019,180000,0.9243,0.93,0.9243,0.93,200,0
CPUH-WS.US,5,20211019,193000,0.92,0.92,0.92,0.92,322,0
CPUH-WS.US,5,20211019,193500,0.92,0.92,0.92,0.92,462,0
CPUH-WS.US,5,20211019,194500,0.92,0.92,0.92,0.92,7689,0
CPUH-WS.US,5,20211019,195000,0.9314,0.9357,0.9314,0.9314,300,0
CPUH-WS.US,5,20211019,195500,0.92,0.92,0.92,0.92,100,0
CPUH-WS.US,5,20211019,202000,0.9007,0.9011,0.9006,0.9006,6850,0
CPUH-WS.US,5,20211019,203000,0.9007,0.9007,0.9007,0.9007,100,0
CPUH-WS.US,5,20211019,203500,0.9129,0.9129,0.9008,0.9008,4500,0
CPUH-WS.US,5,20211019,204000,0.91,0.91,0.901,0.901,2100,0
CPUH-WS.US,5,20211019,204500,0.9006,0.91335,0.9006,0.9042,1700,0
CPUH-WS.US,5,20211019,205000,0.9007,0.901,0.8806,0.9,20909,0
CPUH-WS.US,5,20211019,205500,0.9,0.9002,0.9,0.9002,200,0
CPUH-WS.US,5,20211019,210000,0.9,0.915051,0.9,0.9001,850,0
CPUH-WS.US,5,20211019,213500,0.915,0.915,0.915,0.915,422,0
CPUH-WS.US,5,20211019,215500,0.92,0.925,0.92,0.92,4822,0
CPUH-WS.US,5,20211020,153000,0.92,0.92,0.92,0.92,100,0
CPUH-WS.US,5,20211020,154000,0.92,0.92,0.9197,0.9197,1774,0
CPUH-WS.US,5,20211020,154500,0.923317,0.923317,0.923317,0.923317,900,0
CPUH-WS.US,5,20211020,170500,0.9279,0.9289,0.9279,0.9289,200,0
CPUH-WS.US,5,20211020,173500,0.9279,0.9279,0.9279,0.9279,300,0
CPUH-WS.US,5,20211020,182000,0.9278,0.9279,0.92395,0.92395,1600,0
CPUH-WS.US,5,20211020,182500,0.9279,0.9299,0.9279,0.9299,600,0
CPUH-WS.US,5,20211020,190000,0.95,0.95,0.95,0.95,225,0
CPUH-WS.US,5,20211020,210500,0.94495,0.94495,0.94495,0.94495,100,0
CPUH-WS.US,5,20211020,214000,0.95,0.95,0.95,0.95,620,0
CPUH-WS.US,5,20211021,153000,0.9,0.9,0.9,0.9,100,0
CPUH-WS.US,5,20211021,153500,0.92,0.92,0.92,0.92,105,0
CPUH-WS.US,5,20211021,154500,0.92,0.93,0.92,0.93,69100,0
CPUH-WS.US,5,20211021,155500,0.93,0.93,0.93,0.93,300,0
CPUH-WS.US,5,20211021,160000,0.93,0.949,0.93,0.949,311,0
CPUH-WS.US,5,20211021,160500,0.948,0.948,0.948,0.948,400,0
CPUH-WS.US,5,20211021,161000,0.948,0.948,0.948,0.948,400,0
CPUH-WS.US,5,20211021,161500,0.947,0.947,0.947,0.947,400,0
CPUH-WS.US,5,20211021,162000,0.947,0.947,0.947,0.947,400,0
CPUH-WS.US,5,20211021,162500,0.947,0.947,0.947,0.947,400,0
CPUH-WS.US,5,20211021,163000,0.947,0.947,0.94,0.947,955,0
CPUH-WS.US,5,20211021,163500,0.947,0.947,0.947,0.947,400,0
CPUH-WS.US,5,20211021,164000,0.947,0.9499,0.947,0.9499,1300,0
CPUH-WS.US,5,20211021,164500,0.9693,0.9693,0.9693,0.9693,169,0
CPUH-WS.US,5,20211021,165000,0.9693,0.9693,0.9594,0.9693,450,0
CPUH-WS.US,5,20211021,165500,0.9693,0.9693,0.9643,0.9648,1300,0
CPUH-WS.US,5,20211021,170000,0.9648,0.9648,0.9647,0.9647,1000,0
CPUH-WS.US,5,20211021,170500,0.95065,0.95065,0.95065,0.95065,300,0
CPUH-WS.US,5,20211021,171000,0.9526,0.96225,0.9526,0.96225,400,0
CPUH-WS.US,5,20211021,171500,0.96225,0.96225,0.96225,0.96225,600,0
CPUH-WS.US,5,20211021,172000,0.96225,0.96225,0.96225,0.96225,500,0
CPUH-WS.US,5,20211021,172500,0.96225,0.96225,0.96225,0.96225,400,0
CPUH-WS.US,5,20211021,173000,0.96225,0.96225,0.96225,0.96225,400,0
CPUH-WS.US,5,20211021,173500,0.96225,0.96225,0.96225,0.96225,400,0
CPUH-WS.US,5,20211021,174000,0.96225,0.96225,0.96225,0.96225,400,0
CPUH-WS.US,5,20211021,174500,0.96225,0.96225,0.96225,0.96225,400,0
CPUH-WS.US,5,20211021,175000,0.9559,0.9559,0.9559,0.9559,500,0
CPUH-WS.US,5,20211021,175500,0.9559,0.9559,0.95365,0.95365,400,0
CPUH-WS.US,5,20211021,180000,0.95365,0.95365,0.95365,0.95365,400,0
CPUH-WS.US,5,20211021,180500,0.95365,0.95365,0.95365,0.95365,400,0
CPUH-WS.US,5,20211021,181000,0.95365,0.95365,0.95365,0.95365,400,0
CPUH-WS.US,5,20211021,181500,0.95365,0.95365,0.95365,0.95365,500,0
CPUH-WS.US,5,20211021,182000,0.95365,0.95365,0.95365,0.95365,400,0
CPUH-WS.US,5,20211021,182500,0.95365,0.95365,0.95365,0.95365,400,0
CPUH-WS.US,5,20211021,183000,0.9473,0.9473,0.9303,0.9303,4995,0
CPUH-WS.US,5,20211021,184000,0.96,0.96,0.96,0.96,200,0
CPUH-WS.US,5,20211021,184500,0.96,0.96,0.955,0.955,700,0
CPUH-WS.US,5,20211021,185000,0.955,0.955,0.955,0.955,200,0
CPUH-WS.US,5,20211021,185500,0.95625,0.96,0.9558,0.95625,4000,0
CPUH-WS.US,5,20211021,190000,0.95625,0.95625,0.95625,0.95625,400,0
CPUH-WS.US,5,20211021,190500,0.95625,0.95625,0.95625,0.95625,400,0
CPUH-WS.US,5,20211021,191000,0.95625,0.95625,0.95625,0.95625,500,0
CPUH-WS.US,5,20211021,191500,0.95625,0.959999,0.9562,0.95625,2000,0
CPUH-WS.US,5,20211021,192000,0.95625,0.95625,0.95625,0.95625,400,0
CPUH-WS.US,5,20211021,192500,0.95625,0.95625,0.95625,0.95625,500,0
CPUH-WS.US,5,20211021,193000,0.95625,0.95625,0.95625,0.95625,300,0
CPUH-WS.US,5,20211021,193500,0.95625,0.95625,0.95625,0.95625,500,0
CPUH-WS.US,5,20211021,194000,0.95625,0.95785,0.95255,0.95785,900,0
CPUH-WS.US,5,20211021,194500,0.95835,0.95835,0.9579,0.9579,200,0
CPUH-WS.US,5,20211021,195000,0.95835,0.95835,0.95835,0.95835,400,0
CPUH-WS.US,5,20211021,195500,0.95835,0.95835,0.95835,0.95835,400,0
CPUH-WS.US,5,20211021,200000,0.95835,0.95835,0.9567,0.9567,800,0
CPUH-WS.US,5,20211021,200500,0.95835,0.95835,0.9579,0.95835,300,0
CPUH-WS.US,5,20211021,201000,0.9579,0.95885,0.9579,0.95885,400,0
CPUH-WS.US,5,20211021,201500,0.95885,0.95885,0.95885,0.95885,400,0
CPUH-WS.US,5,20211021,202000,0.95885,0.95885,0.95885,0.95885,400,0
CPUH-WS.US,5,20211021,202500,0.95885,0.95885,0.95885,0.95885,400,0
CPUH-WS.US,5,20211021,203000,0.95885,0.95885,0.95885,0.95885,400,0
CPUH-WS.US,5,20211021,203500,0.95885,0.95885,0.9577,0.9579,402,0
CPUH-WS.US,5,20211021,204000,0.9593,0.9593,0.9593,0.9593,400,0
CPUH-WS.US,5,20211021,204500,0.9593,0.9593,0.9593,0.9593,400,0
CPUH-WS.US,5,20211021,205000,0.9593,0.9593,0.9,0.9,11904,0
CPUH-WS.US,5,20211021,210500,0.95,0.95,0.95,0.95,400,0
CPUH-WS.US,5,20211021,211000,0.95,0.95,0.9365,0.95,500,0
CPUH-WS.US,5,20211021,211500,0.9599,0.9599,0.95,0.95,400,0
CPUH-WS.US,5,20211021,212000,0.9515,0.9599,0.9515,0.9576,600,0
CPUH-WS.US,5,20211021,212500,0.955,0.955,0.955,0.955,400,0
CPUH-WS.US,5,20211021,213000,0.955,0.955,0.955,0.955,400,0
CPUH-WS.US,5,20211021,213500,0.955,0.955,0.955,0.955,600,0
CPUH-WS.US,5,20211021,214000,0.955,0.955,0.955,0.955,400,0
CPUH-WS.US,5,20211021,214500,0.955,0.955,0.955,0.955,600,0
CPUH-WS.US,5,20211021,215000,0.955,0.955,0.95,0.95,600,0
CPUH-WS.US,5,20211021,215500,0.95,0.96,0.95,0.95,800,0
CPUH-WS.US,5,20211022,153000,0.96,0.96,0.96,0.96,100,0
CPUH-WS.US,5,20211022,155000,0.940751,0.940751,0.94,0.940751,2320,0
CPUH-WS.US,5,20211022,162500,0.949899,0.949899,0.949899,0.949899,1000,0
CPUH-WS.US,5,20211022,163500,0.95,0.95,0.9497,0.9497,800,0
CPUH-WS.US,5,20211022,185500,0.9301,0.938318,0.912,0.912,3720,0
CPUH-WS.US,5,20211022,191000,0.94,0.94,0.94,0.94,400,0
CPUH-WS.US,5,20211022,192500,0.94,0.94,0.94,0.94,160,0
CPUH-WS.US,5,20211022,193500,0.94,0.940001,0.94,0.940001,5213,0
CPUH-WS.US,5,20211022,200500,0.92515,0.92515,0.9251,0.92515,500,0
CPUH-WS.US,5,20211022,202500,0.939703,0.939703,0.939703,0.939703,700,0
CPUH-WS.US,5,20211022,203000,0.92515,0.92515,0.9251,0.9251,500,0
CPUH-WS.US,5,20211022,205000,0.92515,0.92515,0.9251,0.9251,2000,0
CPUH-WS.US,5,20211022,215500,0.93,0.9375,0.93,0.9375,4230,0
CPUH-WS.US,5,20211025,153000,0.95,0.95,0.93,0.95,8696,0
CPUH-WS.US,5,20211025,153500,0.94,0.94,0.921,0.921,10188,0
CPUH-WS.US,5,20211025,154000,0.9234,0.9399,0.9234,0.939801,1880,0
CPUH-WS.US,5,20211025,154500,0.9263,0.93,0.9263,0.93,210,0
CPUH-WS.US,5,20211025,155000,0.9399,0.9583,0.93,0.9583,3530,0
CPUH-WS.US,5,20211025,155500,0.9696,0.97,0.9551,0.9551,2870,0
CPUH-WS.US,5,20211025,160000,0.94,0.94,0.94,0.94,200,0
CPUH-WS.US,5,20211025,160500,0.9649,0.9649,0.9649,0.9649,600,0
CPUH-WS.US,5,20211025,161500,0.97,0.97,0.969801,0.969801,200,0
CPUH-WS.US,5,20211025,163000,0.9799,0.9879,0.9799,0.9879,1890,0
CPUH-WS.US,5,20211025,165000,0.9899,0.9899,0.9872,0.9872,1700,0
CPUH-WS.US,5,20211025,172000,0.98,0.98,0.98,0.98,1000,0
CPUH-WS.US,5,20211025,175000,0.9898,0.99,0.9898,0.99,1200,0
CPUH-WS.US,5,20211025,184500,0.97,0.97,0.97,0.97,1900,0
CPUH-WS.US,5,20211025,191500,0.97,0.98,0.97,0.98,17707,0
CPUH-WS.US,5,20211025,193500,0.96,0.96,0.96,0.96,100,0
CPUH-WS.US,5,20211025,200000,0.96,0.96,0.96,0.96,100,0
CPUH-WS.US,5,20211025,202500,0.96,0.96,0.96,0.96,20789,0
CPUH-WS.US,5,20211025,215500,0.9688,0.9688,0.9688,0.9688,300,0
CPUH-WS.US,5,20211026,153000,0.9899,1,0.9899,0.9999,3501,0
CPUH-WS.US,5,20211026,153500,0.99,0.99,0.99,0.99,5907,0
CPUH-WS.US,5,20211026,155000,0.98,0.98,0.98,0.98,7500,0
CPUH-WS.US,5,20211026,155500,0.9733,0.9733,0.9733,0.9733,700,0
CPUH-WS.US,5,20211026,160000,0.9729,0.9729,0.97,0.9701,4400,0
CPUH-WS.US,5,20211026,161000,0.98,0.98,0.98,0.98,2747,0
CPUH-WS.US,5,20211026,161500,0.99,0.99,0.9898,0.9899,5500,0
CPUH-WS.US,5,20211026,162000,0.99,0.99,0.99,0.99,3481,0
CPUH-WS.US,5,20211026,162500,0.9999,0.9999,0.9999,0.9999,7300,0
CPUH-WS.US,5,20211026,163500,1,1,0.9999,1,3300,0
CPUH-WS.US,5,20211026,164000,1.0099,1.02,1,1.02,7050,0
CPUH-WS.US,5,20211026,164500,1.02,1.02,1.02,1.02,550,0
CPUH-WS.US,5,20211026,170000,1.0242,1.025,1,1.0149,9747,0
CPUH-WS.US,5,20211026,181500,1.02,1.02,1.01,1.01,1900,0
CPUH-WS.US,5,20211026,182000,1,1.0299,1,1.0299,1100,0
CPUH-WS.US,5,20211026,183000,1,1.01,1,1.01,6500,0
CPUH-WS.US,5,20211026,183500,1.0299,1.0299,1.01,1.01,513,0
CPUH-WS.US,5,20211026,193000,1.01,1.01,1.01,1.01,500,0
CPUH-WS.US,5,20211026,194500,1.01,1.01,1.01,1.01,200,0
CPUH-WS.US,5,20211026,205000,1.01,1.01,1.01,1.01,475,0
CPUH-WS.US,5,20211026,212500,0.9999,1,0.99,1,14546,0
CPUH-WS.US,5,20211026,213000,1,1,1,1,3002,0
CPUH-WS.US,5,20211026,214500,1,1,1,1,1063,0
CPUH-WS.US,5,20211026,215000,1,1,1,1,100,0
CPUH-WS.US,5,20211026,215500,1,1,1,1,3350,0
CPUH-WS.US,5,20211027,153500,1,1,1,1,400,0
CPUH-WS.US,5,20211027,154500,0.9999,1,0.9999,1,4000,0
CPUH-WS.US,5,20211027,163500,0.9999,1,0.9999,1,3024,0
CPUH-WS.US,5,20211027,164500,1,1,1,1,3200,0
CPUH-WS.US,5,20211027,165000,1,1,1,1,536,0
CPUH-WS.US,5,20211027,170500,0.9804,0.9804,0.9804,0.9804,100,0
CPUH-WS.US,5,20211027,171000,0.9804,0.9804,0.9804,0.9804,125,0
CPUH-WS.US,5,20211027,172000,0.9801,0.9801,0.98,0.98,1251,0
CPUH-WS.US,5,20211027,174500,0.9672,0.9674,0.951,0.951,2847,0
CPUH-WS.US,5,20211027,180000,0.9512,0.9512,0.9512,0.9512,100,0
CPUH-WS.US,5,20211027,183000,0.96,0.96,0.96,0.96,100,0
CPUH-WS.US,5,20211027,183500,0.9528,0.9528,0.951,0.951,577,0
CPUH-WS.US,5,20211027,185000,0.9528,0.96,0.9528,0.9599,1706,0
CPUH-WS.US,5,20211027,190500,0.96,0.9601,0.96,0.9601,725,0
CPUH-WS.US,5,20211027,191000,0.96,0.96,0.96,0.96,146,0
CPUH-WS.US,5,20211027,192000,0.96,0.96,0.96,0.96,300,0
CPUH-WS.US,5,20211027,192500,0.97,0.97,0.9527,0.9528,1822,0
CPUH-WS.US,5,20211027,195000,0.9528,0.9528,0.95,0.95,1000,0
CPUH-WS.US,5,20211027,200500,0.95,0.95,0.95,0.95,702,0
CPUH-WS.US,5,20211027,201500,0.96,0.96,0.96,0.96,200,0
CPUH-WS.US,5,20211027,202000,0.951,0.951,0.95,0.95,2325,0
CPUH-WS.US,5,20211027,202500,0.95,0.9501,0.9403,0.9403,3300,0
CPUH-WS.US,5,20211027,203000,0.9404,0.9404,0.9404,0.9404,100,0
CPUH-WS.US,5,20211027,203500,0.9404,0.9404,0.9404,0.9404,100,0
CPUH-WS.US,5,20211027,204000,0.95,0.95,0.95,0.95,100,0
CPUH-WS.US,5,20211027,205500,0.9404,0.95,0.9404,0.95,2800,0
CPUH-WS.US,5,20211027,210000,0.95,0.9501,0.95,0.95,500,0
CPUH-WS.US,5,20211027,210500,0.963751,0.963751,0.95,0.95,450,0
CPUH-WS.US,5,20211027,211000,0.9412,0.9413,0.9412,0.9413,325,0
CPUH-WS.US,5,20211027,211500,0.9413,0.9413,0.9413,0.9413,200,0
CPUH-WS.US,5,20211027,212000,0.9413,0.9413,0.9413,0.9413,100,0
CPUH-WS.US,5,20211027,212500,0.9413,0.9413,0.9413,0.9413,250,0
CPUH-WS.US,5,20211027,214500,0.975,0.988,0.975,0.98,2125,0
CPUH-WS.US,5,20211028,153000,0.97,0.97,0.97,0.97,680,0
CPUH-WS.US,5,20211028,153500,0.98,0.98,0.98,0.98,1020,0
CPUH-WS.US,5,20211028,160500,0.9839,0.9839,0.9839,0.9839,1000,0
CPUH-WS.US,5,20211028,163000,0.9898,0.9898,0.9898,0.9898,1000,0
CPUH-WS.US,5,20211028,164500,0.97,0.97,0.96,0.97,600,0
CPUH-WS.US,5,20211028,165000,0.97,0.97,0.97,0.97,100,0
CPUH-WS.US,5,20211028,165500,0.96,0.9675,0.96,0.9675,600,0
CPUH-WS.US,5,20211028,170500,0.96,0.96,0.96,0.96,2165,0
CPUH-WS.US,5,20211028,171000,0.96,0.96,0.96,0.96,100,0
CPUH-WS.US,5,20211028,171500,0.96,0.96035,0.954,0.96035,1850,0
CPUH-WS.US,5,20211028,172000,0.9675,0.97,0.9675,0.97,2000,0
CPUH-WS.US,5,20211028,174000,0.97,0.97,0.97,0.97,2500,0
CPUH-WS.US,5,20211028,174500,0.97,0.97,0.97,0.97,310,0
CPUH-WS.US,5,20211028,182500,0.97,0.97,0.97,0.97,1000,0
CPUH-WS.US,5,20211028,185000,0.96,0.96,0.96,0.96,200,0
CPUH-WS.US,5,20211028,190500,0.96,0.96,0.96,0.96,100,0
CPUH-WS.US,5,20211028,194000,0.965,0.9652,0.96,0.9652,1900,0
CPUH-WS.US,5,20211028,200000,0.96,0.96,0.96,0.96,1000,0
CPUH-WS.US,5,20211028,200500,0.96,0.96,0.96,0.96,160,0
CPUH-WS.US,5,20211028,201000,0.96,0.96,0.96,0.96,617,0
CPUH-WS.US,5,20211028,202500,0.9551,0.9551,0.9501,0.9501,1125,0
CPUH-WS.US,5,20211028,203000,0.9551,0.9551,0.9551,0.9551,100,0
CPUH-WS.US,5,20211028,203500,0.9501,0.9501,0.95,0.95,3222,0
CPUH-WS.US,5,20211028,205000,0.95,0.95,0.95,0.95,1047,0
CPUH-WS.US,5,20211028,210000,0.95,0.95,0.9498,0.9498,1200,0
CPUH-WS.US,5,20211028,212500,0.949899,0.949899,0.949899,0.949899,1000,0
CPUH-WS.US,5,20211028,213500,0.9411,0.9411,0.9411,0.9411,100,0
CPUH-WS.US,5,20211028,214000,0.9411,0.95,0.9411,0.95,2450,0
CPUH-WS.US,5,20211028,215000,0.9501,0.9501,0.9499,0.95,4704,0
CPUH-WS.US,5,20211028,215500,0.95,0.96,0.95,0.96,7336,0
CPUH-WS.US,5,20211029,155000,0.9797,0.9798,0.97,0.9798,5000,0
CPUH-WS.US,5,20211029,173000,0.9505,0.9505,0.9505,0.9505,817,0
CPUH-WS.US,5,20211029,174000,0.9505,0.9505,0.95,0.95,8317,0
CPUH-WS.US,5,20211029,174500,0.95,0.95,0.95,0.95,1600,0
CPUH-WS.US,5,20211029,175500,0.9489,0.9489,0.9412,0.9489,500,0
CPUH-WS.US,5,20211029,181500,0.94,0.94,0.94,0.94,1389,0
CPUH-WS.US,5,20211029,183000,0.94,0.94,0.94,0.94,400,0
CPUH-WS.US,5,20211029,184000,0.96,0.96,0.9401,0.9401,1200,0
CPUH-WS.US,5,20211029,185000,0.940201,0.940201,0.940201,0.940201,150,0
CPUH-WS.US,5,20211029,192000,0.95,0.95,0.95,0.95,100,0
CPUH-WS.US,5,20211029,194000,0.9401,0.9401,0.9401,0.9401,587,0
CPUH-WS.US,5,20211029,194500,0.94,0.94,0.94,0.94,1744,0
CPUH-WS.US,5,20211029,201500,0.95,0.9505,0.95,0.9505,919,0
CPUH-WS.US,5,20211029,202000,0.9599,0.9599,0.9598,0.9598,1000,0
CPUH-WS.US,5,20211029,210000,0.9599,0.9599,0.9599,0.9599,725,0
CPUH-WS.US,5,20211029,212500,0.9599,0.9599,0.9599,0.9599,1000,0
CPUH-WS.US,5,20211029,215500,0.95,0.95,0.95,0.95,100,0
CPUH-WS.US,5,20211101,143000,0.93,0.9504,0.93,0.9504,1364,0
CPUH-WS.US,5,20211101,143500,0.9504,0.9504,0.9504,0.9504,136,0
CPUH-WS.US,5,20211101,144000,0.9504,0.9504,0.95,0.95,300,0
CPUH-WS.US,5,20211101,145500,0.95,0.95,0.94,0.94,1325,0
CPUH-WS.US,5,20211101,150500,0.94,0.94,0.94,0.94,300,0
CPUH-WS.US,5,20211101,154000,0.9402,0.9403,0.93,0.93,9425,0
CPUH-WS.US,5,20211101,160500,0.94,0.94,0.94,0.94,105,0
CPUH-WS.US,5,20211101,162000,0.9579,0.9579,0.9579,0.9579,100,0
CPUH-WS.US,5,20211101,162500,0.9759,0.9759,0.975799,0.975799,1100,0
CPUH-WS.US,5,20211101,163500,0.96,0.96,0.96,0.96,300,0
CPUH-WS.US,5,20211101,165500,0.9401,0.9401,0.9401,0.9401,385,0
CPUH-WS.US,5,20211101,171500,0.9428,0.9428,0.9303,0.935,4070,0
CPUH-WS.US,5,20211101,172000,0.9305,0.9305,0.9305,0.9305,525,0
CPUH-WS.US,5,20211101,172500,0.9306,0.931,0.93,0.931,4800,0
CPUH-WS.US,5,20211101,174500,0.934,0.934,0.93,0.93,5140,0
CPUH-WS.US,5,20211101,181500,0.9301,0.9301,0.9301,0.9301,1798,0
CPUH-WS.US,5,20211101,185500,0.955,0.955,0.955,0.955,100,0
CPUH-WS.US,5,20211101,191000,0.93,0.9425,0.93,0.94,24748,0
CPUH-WS.US,5,20211101,195500,0.9486,0.9486,0.9486,0.9486,300,0
CPUH-WS.US,5,20211101,200500,0.95,0.95,0.95,0.95,953,0
CPUH-WS.US,5,20211101,201000,0.9462,0.9462,0.9462,0.9462,100,0
CPUH-WS.US,5,20211101,203000,0.946,0.946,0.946,0.946,1000,0
CPUH-WS.US,5,20211101,204000,0.946,0.946,0.946,0.946,100,0
CPUH-WS.US,5,20211101,205500,0.95,0.95,0.9486,0.9486,594,0
CPUH-WS.US,5,20211102,145000,0.948799,0.948799,0.948799,0.948799,100,0
CPUH-WS.US,5,20211102,145500,0.948799,0.948799,0.948799,0.948799,200,0
CPUH-WS.US,5,20211102,151000,0.94,0.95,0.94,0.95,3746,0
CPUH-WS.US,5,20211102,152000,0.954,0.954,0.954,0.954,600,0
CPUH-WS.US,5,20211102,152500,0.9598,0.9598,0.9598,0.9598,600,0
CPUH-WS.US,5,20211102,153000,0.955,0.955,0.955,0.955,281,0
CPUH-WS.US,5,20211102,153500,0.9589,0.9589,0.955,0.955,750,0
CPUH-WS.US,5,20211102,154500,0.9305,0.9305,0.9303,0.9303,1994,0
CPUH-WS.US,5,20211102,155000,0.9304,0.95,0.9303,0.95,1200,0
CPUH-WS.US,5,20211102,155500,0.952699,0.952699,0.952699,0.952699,1600,0
CPUH-WS.US,5,20211102,164000,0.9304,0.9305,0.9303,0.9303,2000,0
CPUH-WS.US,5,20211102,165000,0.9524,0.9524,0.9524,0.9524,200,0
CPUH-WS.US,5,20211102,171000,0.9523,0.9523,0.9523,0.9523,200,0
CPUH-WS.US,5,20211102,172000,0.94,0.94,0.94,0.94,100,0
CPUH-WS.US,5,20211102,174500,0.9521,0.9521,0.950101,0.9515,1850,0
CPUH-WS.US,5,20211102,182000,0.9529,0.9529,0.9529,0.9529,100,0
CPUH-WS.US,5,20211102,183500,0.953,0.953,0.953,0.953,900,0
CPUH-WS.US,5,20211102,184000,0.953,0.953,0.953,0.953,3200,0
CPUH-WS.US,5,20211102,184500,0.953,0.97,0.953,0.9699,3334,0
CPUH-WS.US,5,20211102,185000,0.9699,0.97,0.96,0.97,3900,0
CPUH-WS.US,5,20211102,185500,0.97,0.97,0.96,0.97,4200,0
CPUH-WS.US,5,20211102,190000,0.97,0.9899,0.97,0.9893,3515,0
CPUH-WS.US,5,20211102,190500,0.9893,1,0.9893,1,1307,0
CPUH-WS.US,5,20211102,191000,1.02,1.02,0.9663,0.9821,2525,0
CPUH-WS.US,5,20211102,191500,1.01,1.01,1,1.01,2800,0
CPUH-WS.US,5,20211102,192000,1.02,1.02,1.01,1.02,3688,0
CPUH-WS.US,5,20211102,192500,1.02,1.03,1.01,1.03,6325,0
CPUH-WS.US,5,20211102,193000,1.03,1.03,1.03,1.03,600,0
CPUH-WS.US,5,20211102,194000,1.03,1.03,1.02,1.02,3700,0
CPUH-WS.US,5,20211102,195500,1.03,1.03,1.03,1.03,300,0
CPUH-WS.US,5,20211102,200500,1.03,1.03,1.03,1.03,200,0
CPUH-WS.US,5,20211102,201000,1.01,1.03,1,1.03,15350,0
CPUH-WS.US,5,20211102,201500,1.03,1.03,1.03,1.03,14351,0
CPUH-WS.US,5,20211102,203000,1,1.03,1,1.03,1100,0
CPUH-WS.US,5,20211102,203500,1.01,1.03,1.01,1.03,3377,0
CPUH-WS.US,5,20211102,204000,1.02,1.04,1.01,1.03,7120,0
CPUH-WS.US,5,20211102,204500,1.02,1.04,1.01,1.03,13390,0
CPUH-WS.US,5,20211102,205000,1.03,1.05,1.01,1.03,17289,0
CPUH-WS.US,5,20211102,205500,1.0398,1.05,1.0398,1.05,4904,0
CPUH-WS.US,5,20211103,145000,1,1,1,1,100,0
CPUH-WS.US,5,20211103,151000,1.015,1.04,1,1.02,4200,0
CPUH-WS.US,5,20211103,152000,1,1,1,1,100,0
CPUH-WS.US,5,20211103,152500,0.9955,0.9955,0.9955,0.9955,100,0
CPUH-WS.US,5,20211103,154000,1.015,1.015,1.015,1.015,100,0
CPUH-WS.US,5,20211103,160500,1.00805,1.02,1.00805,1.02,500,0
CPUH-WS.US,5,20211103,161500,1.02,1.02,1.02,1.02,770,0
CPUH-WS.US,5,20211103,162000,1.0199,1.02,1.00805,1.02,5000,0
CPUH-WS.US,5,20211103,164500,1.01,1.01,1.003,1.003,400,0
CPUH-WS.US,5,20211103,170000,1.0081,1.0081,1.0081,1.0081,300,0
CPUH-WS.US,5,20211103,172500,1,1,1,1,1000,0
CPUH-WS.US,5,20211103,174000,1.0299,1.0299,1,1,2000,0
CPUH-WS.US,5,20211103,175500,1.0299,1.0299,1.025,1.025,301,0
CPUH-WS.US,5,20211103,180500,1.0207,1.0207,1.0207,1.0207,525,0
CPUH-WS.US,5,20211103,182000,1.03,1.03,1.03,1.03,850,0
CPUH-WS.US,5,20211103,182500,1.02,1.02,1.02,1.02,150,0
CPUH-WS.US,5,20211103,184500,1.02,1.02,1.02,1.02,100,0
CPUH-WS.US,5,20211103,192500,1.0201,1.0201,1.0201,1.0201,2995,0
CPUH-WS.US,5,20211103,200500,1.04,1.04,1.04,1.04,250,0
CPUH-WS.US,5,20211103,204500,1.04,1.04,1.04,1.04,150,0
CPUH-WS.US,5,20211104,143000,1.04,1.04,1.04,1.04,900,0
CPUH-WS.US,5,20211104,161000,1.04,1.04,1.04,1.04,1786,0
CPUH-WS.US,5,20211104,170000,1.04,1.04,1.0399,1.0399,2000,0
CPUH-WS.US,5,20211104,170500,1.035,1.035,1.035,1.035,500,0
CPUH-WS.US,5,20211104,173500,1.035,1.035,1.03,1.03,1000,0
CPUH-WS.US,5,20211104,175500,1.04,1.04,1.04,1.04,100,0
CPUH-WS.US,5,20211104,180000,1.06,1.06,1.06,1.06,500,0
CPUH-WS.US,5,20211104,181000,1.065,1.065,1.0598,1.0598,1934,0
CPUH-WS.US,5,20211104,184500,1.055,1.055,1.055,1.055,1000,0
CPUH-WS.US,5,20211104,190000,1.055,1.055,1.055,1.055,100,0
CPUH-WS.US,5,20211104,191000,1.06,1.06,1.06,1.06,500,0
CPUH-WS.US,5,20211104,201000,1.05,1.0501,1.05,1.0501,2400,0
CPUH-WS.US,5,20211104,202500,1.04,1.04,1.04,1.04,300,0
CPUH-WS.US,5,20211104,203000,1.04,1.04,1.02,1.02,6865,0
CPUH-WS.US,5,20211104,203500,1.01,1.01,1,1,1800,0
CPUH-WS.US,5,20211104,204000,1,1,1,1,226,0
CPUH-WS.US,5,20211104,205500,1.01,1.01,1.01,1.01,800,0
CPUH-WS.US,5,20211105,150000,1.01,1.01,0.9903,0.9903,700,0
CPUH-WS.US,5,20211105,150500,1.01,1.01,1,1,950,0
CPUH-WS.US,5,20211105,152000,1,1.02,1,1.02,1000,0
CPUH-WS.US,5,20211105,153500,1.0052,1.0052,1.0052,1.0052,250,0
CPUH-WS.US,5,20211105,162500,1.0199,1.0199,1.0199,1.0199,100,0
CPUH-WS.US,5,20211105,171000,0.9907,0.9907,0.9907,0.9907,1000,0
CPUH-WS.US,5,20211105,171500,1,1,1,1,4000,0
CPUH-WS.US,5,20211105,173500,0.9953,0.9953,0.9953,0.9953,100,0
CPUH-WS.US,5,20211105,174000,0.9999,0.9999,0.9999,0.9999,100,0
CPUH-WS.US,5,20211105,174500,1,1,1,1,200,0
CPUH-WS.US,5,20211105,175500,1,1,0.9999,0.9999,500,0
CPUH-WS.US,5,20211105,180500,1,1,1,1,2200,0
CPUH-WS.US,5,20211105,182000,1,1,1,1,950,0
CPUH-WS.US,5,20211105,184000,0.9906,0.9906,0.9906,0.9906,1000,0
CPUH-WS.US,5,20211105,185500,1,1,1,1,1000,0
CPUH-WS.US,5,20211105,192500,0.9913,0.9953,0.9913,0.9953,552,0
CPUH-WS.US,5,20211105,200500,0.990899,0.991,0.990899,0.991,600,0
CPUH-WS.US,5,20211105,202000,0.9915,0.9916,0.9915,0.9916,200,0
CPUH-WS.US,5,20211105,203500,0.9952,0.9952,0.9952,0.9952,200,0
CPUH-WS.US,5,20211105,204500,0.9999,1,0.99,0.99,5088,0
CPUH-WS.US,5,20211105,205000,0.99,0.99,0.99,0.99,170,0
CPUH-WS.US,5,20211105,205500,1,1,0.99,0.99,12513,0
CPUH-WS.US,5,20211108,153000,1.02,1.02,1.02,1.02,100,0
CPUH-WS.US,5,20211108,154000,1.02,1.02,1.02,1.02,200,0
CPUH-WS.US,5,20211108,161500,0.9812,0.9813,0.98,0.98,12490,0
CPUH-WS.US,5,20211108,162500,0.98,0.98,0.9606,0.98,7206,0
CPUH-WS.US,5,20211108,163000,0.98,0.9999,0.98,0.9999,368,0
CPUH-WS.US,5,20211108,164000,0.9979,0.9979,0.9979,0.9979,400,0
CPUH-WS.US,5,20211108,165500,0.9979,1,0.9979,1,4132,0
CPUH-WS.US,5,20211108,170000,1,1.0002,1,1.0002,2136,0
CPUH-WS.US,5,20211108,173500,0.9904,0.9904,0.9904,0.9904,125,0
CPUH-WS.US,5,20211108,174500,0.9904,0.9904,0.9904,0.9904,400,0
CPUH-WS.US,5,20211108,181500,0.98,0.98,0.98,0.98,250,0
CPUH-WS.US,5,20211108,183000,0.9701,0.9701,0.9701,0.9701,377,0
CPUH-WS.US,5,20211108,183500,0.9701,0.9701,0.9701,0.9701,623,0
CPUH-WS.US,5,20211108,190500,0.9701,0.9701,0.970098,0.970098,2251,0
CPUH-WS.US,5,20211108,191000,0.9801,0.9801,0.9801,0.9801,114,0
CPUH-WS.US,5,20211108,191500,0.99,0.99,0.99,0.99,500,0
CPUH-WS.US,5,20211108,200500,0.9999,0.9999,0.9999,0.9999,1000,0
CPUH-WS.US,5,20211108,202500,0.9999,0.9999,0.9999,0.9999,120,0
CPUH-WS.US,5,20211108,203000,0.99,0.99,0.99,0.99,208,0
CPUH-WS.US,5,20211108,210000,0.98,0.98,0.98,0.98,100,0
CPUH-WS.US,5,20211108,210500,0.970101,0.970101,0.970101,0.970101,732,0
CPUH-WS.US,5,20211108,211500,0.98,0.98,0.9751,0.9751,500,0
CPUH-WS.US,5,20211108,212000,0.98,0.98,0.98,0.98,2375,0
CPUH-WS.US,5,20211108,213000,0.9701,0.9701,0.9701,0.9701,237,0
CPUH-WS.US,5,20211108,215500,0.977029,0.98,0.977029,0.98,1800,0
CPUH-WS.US,5,20211109,153000,0.99,0.99,0.99,0.99,850,0
CPUH-WS.US,5,20211109,160000,1.01,1.01,1.01,1.01,500,0
CPUH-WS.US,5,20211109,162500,0.98,0.98,0.98,0.98,2500,0
CPUH-WS.US,5,20211109,165000,0.9801,0.9801,0.9801,0.9801,200,0
CPUH-WS.US,5,20211109,171500,1,1.01,1,1.01,3725,0
CPUH-WS.US,5,20211109,174000,1.01,1.01,1.01,1.01,1000,0
CPUH-WS.US,5,20211109,182500,0.9951,0.9951,0.9951,0.9951,400,0
CPUH-WS.US,5,20211109,191000,0.99,0.99,0.98,0.98,2565,0
CPUH-WS.US,5,20211109,191500,1,1,1,1,100,0
CPUH-WS.US,5,20211109,192000,0.980101,0.980101,0.98,0.98,275,0
CPUH-WS.US,5,20211109,192500,0.98,0.98,0.98,0.98,132,0
CPUH-WS.US,5,20211109,202000,0.98,0.98,0.98,0.98,3200,0
CPUH-WS.US,5,20211109,203000,0.98,0.987264,0.98,0.987264,239,0
CPUH-WS.US,5,20211109,205500,0.995,0.995,0.995,0.995,300,0
CPUH-WS.US,5,20211109,213500,0.9701,0.9701,0.9701,0.9701,100,0
CPUH-WS.US,5,20211110,153000,1.01,1.01,0.9999,1.01,9695,0
CPUH-WS.US,5,20211110,153500,1.01,1.01,1.01,1.01,200,0
CPUH-WS.US,5,20211110,154000,1.01,1.0102,1.01,1.0102,1205,0
CPUH-WS.US,5,20211110,161000,1,1,0.99,0.99,2500,0
CPUH-WS.US,5,20211110,162500,0.99,0.99,0.99,0.99,119,0
CPUH-WS.US,5,20211110,163500,0.9902,0.9902,0.9804,0.9804,1325,0
CPUH-WS.US,5,20211110,164000,1,1,1,1,1019,0
CPUH-WS.US,5,20211110,165000,0.9804,0.9804,0.98,0.98,2479,0
CPUH-WS.US,5,20211110,165500,0.975,0.975,0.97,0.97,3656,0
CPUH-WS.US,5,20211110,170000,0.9552,0.9552,0.955,0.955,3878,0
CPUH-WS.US,5,20211110,175000,0.960201,0.960201,0.960201,0.960201,1000,0
CPUH-WS.US,5,20211110,180500,0.9775,0.98,0.9775,0.98,218,0
CPUH-WS.US,5,20211110,184500,0.966,0.966,0.966,0.966,400,0
CPUH-WS.US,5,20211110,185000,0.97,0.97,0.97,0.97,35040,0
CPUH-WS.US,5,20211110,191000,0.966,0.966,0.96,0.9606,7403,0
CPUH-WS.US,5,20211110,193000,0.97,0.97,0.97,0.97,2500,0
CPUH-WS.US,5,20211110,195000,0.96,0.965,0.96,0.965,1000,0
CPUH-WS.US,5,20211110,203000,0.96,0.96,0.96,0.96,2382,0
CPUH-WS.US,5,20211110,205000,0.96,0.96,0.96,0.96,112,0
CPUH-WS.US,5,20211110,205500,0.96,0.96,0.96,0.96,150,0
CPUH-WS.US,5,20211110,211500,0.9699,0.9699,0.9699,0.9699,200,0
CPUH-WS.US,5,20211110,212500,0.964999,0.964999,0.964999,0.964999,500,0
CPUH-WS.US,5,20211110,214500,0.97,0.97,0.97,0.97,1000,0
CPUH-WS.US,5,20211110,215000,0.97,0.97,0.97,0.97,1500,0
CPUH-WS.US,5,20211110,215500,0.9666,0.97,0.9665,0.9675,1175,0
CPUH-WS.US,5,20211111,153000,1.01,1.01,1.01,1.01,200,0
CPUH-WS.US,5,20211111,154000,0.989899,0.989899,0.989899,0.989899,990,0
CPUH-WS.US,5,20211111,164500,0.979899,0.979899,0.979899,0.979899,3000,0
CPUH-WS.US,5,20211111,171500,0.9898,0.9898,0.9898,0.9898,300,0
CPUH-WS.US,5,20211111,180000,0.9898,0.99,0.9898,0.99,2050,0
CPUH-WS.US,5,20211111,182000,0.9801,0.9801,0.9801,0.9801,125,0
CPUH-WS.US,5,20211111,183000,0.98,0.98,0.98,0.98,700,0
CPUH-WS.US,5,20211111,184500,0.98,0.98,0.98,0.98,2611,0
CPUH-WS.US,5,20211111,194500,0.99,0.99,0.9899,0.9899,200,0
CPUH-WS.US,5,20211111,200500,0.985,0.985,0.9802,0.9802,589,0
CPUH-WS.US,5,20211111,201000,0.98,0.98,0.9799,0.98,600,0
CPUH-WS.US,5,20211111,202000,0.98,0.98,0.98,0.98,100,0
CPUH-WS.US,5,20211111,202500,0.9704,0.98,0.97,0.98,6407,0
CPUH-WS.US,5,20211111,204000,0.98,0.99,0.98,0.99,4000,0
CPUH-WS.US,5,20211111,204500,0.99,0.99,0.99,0.99,5000,0
CPUH-WS.US,5,20211111,210500,0.9701,0.9701,0.9701,0.9701,600,0
CPUH-WS.US,5,20211111,211000,0.9899,0.9902,0.9899,0.9901,2545,0
