<TICKER>,<PER>,<DATE>,<TIME>,<OPEN>,<HIGH>,<LOW>,<CLOSE>,<VOL>,<OPENINT>
DKL.US,5,20210922,153000,44.51,44.51,44.51,44.51,160,0
DKL.US,5,20210922,155500,44.5436,44.5436,44.5436,44.5436,625,0
DKL.US,5,20210922,161000,44.34,44.34,44.34,44.34,100,0
DKL.US,5,20210922,171000,44.99,44.99,44.66,44.71,400,0
DKL.US,5,20210922,171500,45.46,45.46,45.46,45.46,250,0
DKL.US,5,20210922,172000,45.45,45.45,44.99,44.99,405,0
DKL.US,5,20210922,173000,44.84,44.84,44.84,44.84,100,0
DKL.US,5,20210922,184500,44.55,44.55,44.55,44.55,150,0
DKL.US,5,20210922,204000,44.75,45.35,44.57,45.35,2703,0
DKL.US,5,20210922,210000,45.42,45.42,45.42,45.42,100,0
DKL.US,5,20210922,213500,45.26,45.32,44.955,44.955,800,0
DKL.US,5,20210922,215000,44.96,45,44.86,45,1144,0
DKL.US,5,20210922,215500,44.99,45.4,44.99,45.09,6280,0
DKL.US,5,20210923,153000,45.37,45.37,45.37,45.37,217,0
DKL.US,5,20210923,155000,45.4,45.4,45.4,45.4,285,0
DKL.US,5,20210923,155500,45.62,45.75,45.6,45.6,1578,0
DKL.US,5,20210923,163000,45.1635,45.1635,45.1635,45.1635,100,0
DKL.US,5,20210923,170000,45.52,45.71,45.52,45.71,400,0
DKL.US,5,20210923,171500,45.63,45.66,45.63,45.66,300,0
DKL.US,5,20210923,173000,45.87,45.87,45.87,45.87,107,0
DKL.US,5,20210923,173500,45.6015,45.6015,45.6015,45.6015,100,0
DKL.US,5,20210923,174500,45.64,45.64,45.64,45.64,200,0
DKL.US,5,20210923,183000,45.6,45.75,45.6,45.75,700,0
DKL.US,5,20210923,184000,45.95,45.95,45.7838,45.7838,750,0
DKL.US,5,20210923,192500,45.765,45.765,45.765,45.765,140,0
DKL.US,5,20210923,194000,45.74,45.75,45.74,45.74,540,0
DKL.US,5,20210923,200500,45.888,45.888,45.888,45.888,500,0
DKL.US,5,20210923,211500,45.85,45.85,45.85,45.85,500,0
DKL.US,5,20210923,212000,46.14,46.25,46.14,46.25,638,0
DKL.US,5,20210923,213000,46.09,46.09,46.09,46.09,100,0
DKL.US,5,20210923,213500,46.0541,46.0541,45.99,45.99,1057,0
DKL.US,5,20210923,214000,45.98,46,45.98,46,200,0
DKL.US,5,20210923,214500,46,46.0331,45.88,45.98,1245,0
DKL.US,5,20210923,215500,45.79,45.93,45.65,45.66,1300,0
DKL.US,5,20210924,153000,45.71,45.71,45.71,45.71,389,0
DKL.US,5,20210924,153500,45.58,45.58,45.58,45.58,100,0
DKL.US,5,20210924,160000,45.8,45.8,45.8,45.8,110,0
DKL.US,5,20210924,160500,45.47,45.47,45.47,45.47,100,0
DKL.US,5,20210924,164000,45.73,45.73,45.73,45.73,100,0
DKL.US,5,20210924,164500,46,46,46,46,100,0
DKL.US,5,20210924,170500,45.8,45.8,45.8,45.8,100,0
DKL.US,5,20210924,174500,45.31,45.33,45.25,45.25,1100,0
DKL.US,5,20210924,175000,45.25,45.25,45.25,45.25,100,0
DKL.US,5,20210924,175500,45.25,45.4,45.25,45.4,3644,0
DKL.US,5,20210924,180500,45.245,45.34,45.245,45.34,200,0
DKL.US,5,20210924,181000,45.1,45.1,45.1,45.1,746,0
DKL.US,5,20210924,183000,45.295,45.295,45.295,45.295,160,0
DKL.US,5,20210924,192500,45.21,45.21,45.21,45.21,300,0
DKL.US,5,20210924,204000,45.35,45.35,45.35,45.35,218,0
DKL.US,5,20210924,204500,45.3513,45.3513,45.3513,45.3513,150,0
DKL.US,5,20210924,211000,45.3902,45.3902,45.3902,45.3902,153,0
DKL.US,5,20210924,212000,45.5,45.54,45.5,45.54,302,0
DKL.US,5,20210924,214000,45.48,45.68,45.48,45.68,400,0
DKL.US,5,20210924,215500,45.34,45.34,45.24,45.24,2459,0
DKL.US,5,20210927,153000,45.6,45.6,45.6,45.6,302,0
DKL.US,5,20210927,154000,45.99,45.99,45.99,45.99,100,0
DKL.US,5,20210927,155500,45.32,45.56,45.32,45.4,479,0
DKL.US,5,20210927,162500,46.1594,46.1594,46.1594,46.1594,100,0
DKL.US,5,20210927,163000,45.4,45.4,45.4,45.4,173,0
DKL.US,5,20210927,164500,46,46,46,46,229,0
DKL.US,5,20210927,171000,46.26,46.35,46.26,46.35,949,0
DKL.US,5,20210927,172000,46.5,46.78,46.5,46.78,750,0
DKL.US,5,20210927,172500,46.52,46.52,46.4135,46.4135,1022,0
DKL.US,5,20210927,173000,46.78,46.78,46.78,46.78,100,0
DKL.US,5,20210927,173500,46.76,47.3621,46.76,47.3621,6834,0
DKL.US,5,20210927,174000,47.37,47.4,47.36,47.365,1066,0
DKL.US,5,20210927,174500,47.06,47.06,47.06,47.06,166,0
DKL.US,5,20210927,180500,47.44,47.67,46.58,46.76,2609,0
DKL.US,5,20210927,181000,46.595,46.595,46.4725,46.4725,771,0
DKL.US,5,20210927,182000,46.89,46.89,46.89,46.89,100,0
DKL.US,5,20210927,184500,46.65,46.65,46.65,46.65,200,0
DKL.US,5,20210927,190500,46.3246,46.49,46.3246,46.3609,354,0
DKL.US,5,20210927,191000,46.3318,46.3318,46.3318,46.3318,500,0
DKL.US,5,20210927,192000,46.718,46.718,46.718,46.718,100,0
DKL.US,5,20210927,195000,46.73,46.73,46.7,46.7,200,0
DKL.US,5,20210927,200000,46.71,46.71,46.71,46.71,100,0
DKL.US,5,20210927,201000,46.7,46.7,46.7,46.7,100,0
DKL.US,5,20210927,202000,46.75,46.8,46.75,46.8,648,0
DKL.US,5,20210927,203000,46.8,46.8,46.8,46.8,210,0
DKL.US,5,20210927,205500,46.8,46.8,46.43,46.444,1098,0
DKL.US,5,20210927,211500,46.7,46.7,46.7,46.7,100,0
DKL.US,5,20210927,212000,46.7,46.7,46.68,46.68,200,0
DKL.US,5,20210927,213000,46.64,46.64,46.64,46.64,200,0
DKL.US,5,20210927,213500,46.69,46.69,46.64,46.64,400,0
DKL.US,5,20210927,214000,46.62,46.8,46.62,46.8,300,0
DKL.US,5,20210927,214500,46.78,46.79,46.74,46.79,400,0
DKL.US,5,20210927,215000,46.77,46.77,46.3993,46.76,1664,0
DKL.US,5,20210927,215500,46.76,46.8,46.31,46.56,4504,0
DKL.US,5,20210928,153000,46.56,46.56,46.445,46.445,226,0
DKL.US,5,20210928,160500,46.3295,47.45,45.83,45.83,2200,0
DKL.US,5,20210928,163500,45.9,46,45.9,46,450,0
DKL.US,5,20210928,165500,46.465,46.465,46.465,46.465,400,0
DKL.US,5,20210928,171500,46.205,46.205,46.205,46.205,108,0
DKL.US,5,20210928,173000,46.51,46.51,46.51,46.51,500,0
DKL.US,5,20210928,173500,46.42,46.42,46.42,46.42,500,0
DKL.US,5,20210928,175000,46.5,46.5,46.5,46.5,100,0
DKL.US,5,20210928,180000,46.3799,46.3799,45.84,45.84,620,0
DKL.US,5,20210928,201500,45.77,45.95,45.77,45.95,200,0
DKL.US,5,20210928,204500,46.16,46.16,46.16,46.16,115,0
DKL.US,5,20210928,205500,46.116,46.116,46.116,46.116,150,0
DKL.US,5,20210928,211500,46,46,46,46,789,0
DKL.US,5,20210928,213000,45.58,45.58,45.57,45.57,200,0
DKL.US,5,20210928,214000,45.56,45.6799,45.56,45.6799,302,0
DKL.US,5,20210928,214500,45.63,45.86,45.63,45.86,500,0
DKL.US,5,20210928,215000,45.92,45.92,45.92,45.92,200,0
DKL.US,5,20210928,215500,45.98,46.04,45.54,45.67,2344,0
DKL.US,5,20210929,153000,45.45,45.5103,45.45,45.5063,1620,0
DKL.US,5,20210929,160000,46.15,46.15,46.04,46.04,200,0
DKL.US,5,20210929,161000,45.39,46.1,45.39,46.1,200,0
DKL.US,5,20210929,161500,45.41,45.41,45.41,45.41,100,0
DKL.US,5,20210929,162000,45.785,45.785,45.5106,45.5106,500,0
DKL.US,5,20210929,162500,45.7,45.7,45.25,45.2561,1150,0
DKL.US,5,20210929,163000,45.07,45.07,44.4801,44.49,1212,0
DKL.US,5,20210929,163500,44.945,44.945,44.68,44.68,1000,0
DKL.US,5,20210929,164000,44.53,44.53,44.53,44.53,100,0
DKL.US,5,20210929,164500,44.7,44.7,44.7,44.7,100,0
DKL.US,5,20210929,165000,44.95,45.39,44.79,44.79,818,0
DKL.US,5,20210929,165500,45.42,45.42,45.4,45.4,200,0
DKL.US,5,20210929,170000,44.83,45.41,44.83,45.41,300,0
DKL.US,5,20210929,170500,44.89,44.89,44.89,44.89,100,0
DKL.US,5,20210929,171000,45.41,45.5,45.41,45.41,300,0
DKL.US,5,20210929,171500,45.01,45.67,45.01,45.5,300,0
DKL.US,5,20210929,172000,45.07,45.07,45.07,45.07,100,0
DKL.US,5,20210929,172500,45.7,45.8,45.12,45.12,400,0
DKL.US,5,20210929,173000,45.06,45.06,45.06,45.06,100,0
DKL.US,5,20210929,173500,45.12,45.12,45.12,45.12,100,0
DKL.US,5,20210929,174000,45.88,45.88,45.11,45.11,200,0
DKL.US,5,20210929,174500,45.93,45.93,45.13,45.13,200,0
DKL.US,5,20210929,175000,45.93,45.93,45.93,45.93,100,0
DKL.US,5,20210929,175500,45.14,45.9,45.14,45.9,200,0
DKL.US,5,20210929,180000,45.27,45.27,45.27,45.27,100,0
DKL.US,5,20210929,180500,45.94,45.99,45.31,45.31,493,0
DKL.US,5,20210929,181000,45.96,45.96,45.33,45.91,300,0
DKL.US,5,20210929,181500,45.32,45.32,45.32,45.32,100,0
DKL.US,5,20210929,182000,45.76,45.76,45.76,45.76,200,0
DKL.US,5,20210929,182500,45.35,45.39,45.35,45.39,200,0
DKL.US,5,20210929,183000,45.39,45.71,45.39,45.71,300,0
DKL.US,5,20210929,183500,45.74,45.76,45.37,45.37,300,0
DKL.US,5,20210929,184000,45.44,45.73,45.44,45.7,300,0
DKL.US,5,20210929,184500,45.35,45.35,45.35,45.35,100,0
DKL.US,5,20210929,185000,45.97,45.97,45.3,45.3,200,0
DKL.US,5,20210929,190000,45.29,45.92,45.29,45.92,200,0
DKL.US,5,20210929,190500,45.31,45.93,45.31,45.93,300,0
DKL.US,5,20210929,191000,45.35,45.9,45.35,45.9,200,0
DKL.US,5,20210929,191500,45.645,45.7,45.38,45.7,400,0
DKL.US,5,20210929,192000,45.39,45.39,45.39,45.39,100,0
DKL.US,5,20210929,192500,45.655,45.92,45.43,45.43,400,0
DKL.US,5,20210929,193000,45.47,45.47,45.47,45.47,100,0
DKL.US,5,20210929,193500,45.48,45.65,45.48,45.65,300,0
DKL.US,5,20210929,194000,45.49,45.6,45.49,45.6,200,0
DKL.US,5,20210929,194500,45.5,45.645,45.5,45.645,200,0
DKL.US,5,20210929,195000,45.81,45.81,45.5,45.5,300,0
DKL.US,5,20210929,195500,45.61,45.63,45.51,45.63,300,0
DKL.US,5,20210929,200000,45.51,45.625,45.51,45.625,200,0
DKL.US,5,20210929,200500,45.51,45.7619,45.51,45.7619,200,0
DKL.US,5,20210929,201000,45.51,45.63,45.51,45.63,200,0
DKL.US,5,20210929,201500,45.51,45.625,45.51,45.625,200,0
DKL.US,5,20210929,202000,45.5,45.625,45.5,45.625,200,0
DKL.US,5,20210929,202500,45.5,45.79,45.5,45.79,300,0
DKL.US,5,20210929,203000,45.57,45.95,45.57,45.8601,700,0
DKL.US,5,20210929,203500,45.58,45.58,45.58,45.58,100,0
DKL.US,5,20210929,204000,45.62,45.84,45.62,45.84,200,0
DKL.US,5,20210929,204500,45.63,45.85,45.63,45.85,300,0
DKL.US,5,20210929,205000,45.64,45.845,45.64,45.66,300,0
DKL.US,5,20210929,205500,45.845,45.845,45.66,45.66,200,0
DKL.US,5,20210929,210000,45.83,45.83,45.66,45.66,200,0
DKL.US,5,20210929,210500,45.825,45.825,45.67,45.67,200,0
DKL.US,5,20210929,211000,45.815,45.815,45.67,45.67,200,0
DKL.US,5,20210929,211500,45.81,45.81,45.67,45.8,300,0
DKL.US,5,20210929,212000,45.85,45.85,45.67,45.67,500,0
DKL.US,5,20210929,212500,45.81,45.85,45.65,45.65,1372,0
DKL.US,5,20210929,213000,45.67,45.67,45.67,45.67,200,0
DKL.US,5,20210929,213500,45.67,45.7,45.67,45.7,200,0
DKL.US,5,20210929,214000,46.04,46.04,45.72,46.03,700,0
DKL.US,5,20210929,214500,45.73,46.01,45.73,46.01,923,0
DKL.US,5,20210929,215000,45.73,45.88,45.73,45.88,400,0
DKL.US,5,20210929,215500,45.73,46.09,45.52,45.92,9352,0
DKL.US,5,20210930,153000,45.9,45.9,45.61,45.61,380,0
DKL.US,5,20210930,153500,45.04,45.04,45.04,45.04,100,0
DKL.US,5,20210930,155000,45.23,46.05,45.23,45.23,400,0
DKL.US,5,20210930,155500,45.9233,45.9233,45.9233,45.9233,726,0
DKL.US,5,20210930,160000,45.27,45.27,45.27,45.27,100,0
DKL.US,5,20210930,161000,45.605,45.605,45.605,45.605,100,0
DKL.US,5,20210930,161500,45.25,45.25,45.25,45.25,100,0
DKL.US,5,20210930,162000,45.8474,45.8474,45.8474,45.8474,1150,0
DKL.US,5,20210930,163000,45.25,46.01,45.12,45.3271,600,0
DKL.US,5,20210930,164000,45.52,45.78,45.52,45.78,517,0
DKL.US,5,20210930,165500,45.59,45.59,45.59,45.59,100,0
DKL.US,5,20210930,170500,45.8457,45.8457,45.8457,45.8457,200,0
DKL.US,5,20210930,171000,45.6,46.28,45.6,46.25,1050,0
DKL.US,5,20210930,171500,46.2226,46.2226,46.2226,46.2226,200,0
DKL.US,5,20210930,172500,46.44,46.44,45.97,45.97,200,0
DKL.US,5,20210930,173000,46.24,46.27,45.64,45.64,900,0
DKL.US,5,20210930,174000,45.87,46.24,45.87,46.24,200,0
DKL.US,5,20210930,174500,45.77,45.77,45.77,45.77,100,0
DKL.US,5,20210930,175000,45.73,45.97,45.73,45.97,200,0
DKL.US,5,20210930,175500,45.8,45.8,45.8,45.8,100,0
DKL.US,5,20210930,180500,45.85,46.02,45.85,46.02,200,0
DKL.US,5,20210930,181000,45.85,46.02,45.85,46.02,200,0
DKL.US,5,20210930,181500,45.76,45.955,45.76,45.955,200,0
DKL.US,5,20210930,182000,45.69,45.84,45.69,45.84,300,0
DKL.US,5,20210930,183000,45.57,45.81,45.57,45.81,200,0
DKL.US,5,20210930,183500,45.805,45.805,45.6,45.6,200,0
DKL.US,5,20210930,184000,45.795,45.795,45.61,45.61,200,0
DKL.US,5,20210930,184500,45.6,45.6,45.6,45.6,100,0
DKL.US,5,20210930,185000,45.735,45.86,45.735,45.86,200,0
DKL.US,5,20210930,185500,45.61,45.61,45.61,45.61,100,0
DKL.US,5,20210930,190000,45.57,45.72,45.57,45.72,300,0
DKL.US,5,20210930,190500,45.57,45.715,45.57,45.715,200,0
DKL.US,5,20210930,191000,45.57,45.685,45.57,45.685,200,0
DKL.US,5,20210930,191500,45.7,45.7,45.7,45.7,100,0
DKL.US,5,20210930,192000,45.57,45.57,45.57,45.57,100,0
DKL.US,5,20210930,192500,45.71,45.71,45.55,45.55,500,0
DKL.US,5,20210930,193000,45.53,45.53,45.3703,45.4,610,0
DKL.US,5,20210930,194000,45.41,45.52,45.41,45.52,200,0
DKL.US,5,20210930,194500,45.42,45.66,45.42,45.66,300,0
DKL.US,5,20210930,195000,45.42,45.525,45.42,45.525,200,0
DKL.US,5,20210930,195500,45.42,45.42,45.42,45.42,100,0
DKL.US,5,20210930,200000,45.525,45.525,45.525,45.525,100,0
DKL.US,5,20210930,200500,45.42,45.52,45.42,45.52,200,0
DKL.US,5,20210930,201000,45.42,45.52,45.42,45.52,200,0
DKL.US,5,20210930,201500,45.42,45.52,45.42,45.52,300,0
DKL.US,5,20210930,202000,45.42,45.52,45.42,45.52,200,0
DKL.US,5,20210930,202500,45.4,45.4,45.4,45.4,100,0
DKL.US,5,20210930,203500,45.4,45.4,45.4,45.4,100,0
DKL.US,5,20210930,204000,45.525,45.525,45.4,45.4,200,0
DKL.US,5,20210930,204500,45.4,45.4,45.4,45.4,100,0
DKL.US,5,20210930,205000,45.41,45.41,45.41,45.41,100,0
DKL.US,5,20210930,205500,45.53,45.53,45.53,45.53,100,0
DKL.US,5,20210930,210000,45.44,45.53,45.44,45.53,200,0
DKL.US,5,20210930,210500,45.46,45.46,45.46,45.46,100,0
DKL.US,5,20210930,211000,45.53,45.53,45.46,45.46,200,0
DKL.US,5,20210930,211500,45.54,46.295,45.525,46.295,2687,0
DKL.US,5,20210930,212000,46.34,46.34,45.83,45.83,720,0
DKL.US,5,20210930,212500,45.85,45.86,45.85,45.86,200,0
DKL.US,5,20210930,213000,45.87,45.88,45.87,45.88,200,0
DKL.US,5,20210930,213500,45.86,45.935,45.86,45.915,500,0
DKL.US,5,20210930,214000,45.84,45.915,45.84,45.85,300,0
DKL.US,5,20210930,214500,45.94,46.08,45.86,45.86,900,0
DKL.US,5,20210930,215000,45.86,45.86,45.45,45.63,1479,0
DKL.US,5,20210930,215500,45.45,45.78,45.23,45.23,15980,0
DKL.US,5,20211001,153000,45.63,46.27,45.63,46.27,722,0
DKL.US,5,20211001,154000,45.21,45.21,45.21,45.21,100,0
DKL.US,5,20211001,155000,45.28,46.28,45.28,46.28,200,0
DKL.US,5,20211001,160000,45.535,45.535,45.535,45.535,100,0
DKL.US,5,20211001,160500,46.34,46.34,46.34,46.34,100,0
DKL.US,5,20211001,161000,45.56,45.56,45.56,45.56,100,0
DKL.US,5,20211001,161500,46.21,46.24,46.21,46.24,400,0
DKL.US,5,20211001,162000,45.5101,45.5101,45.5101,45.5101,300,0
DKL.US,5,20211001,162500,45.55,45.55,45.55,45.55,100,0
DKL.US,5,20211001,163000,45.55,46.06,45.55,46.06,200,0
DKL.US,5,20211001,163500,45.53,45.53,45.53,45.53,100,0
DKL.US,5,20211001,164000,46.01,46.01,46.01,46.01,100,0
DKL.US,5,20211001,164500,45.699,46.06,45.699,46.06,392,0
DKL.US,5,20211001,165000,45.57,46.01,45.57,46.01,200,0
DKL.US,5,20211001,170000,46.1,46.13,45.78,45.78,400,0
DKL.US,5,20211001,170500,47,47,46.9855,46.9855,1300,0
DKL.US,5,20211001,171000,46.85,46.85,46.065,46.065,200,0
DKL.US,5,20211001,171500,46.893,46.893,46.893,46.893,200,0
DKL.US,5,20211001,172000,46.045,46.045,46.045,46.045,100,0
DKL.US,5,20211001,172500,46.88,46.88,46.88,46.88,100,0
DKL.US,5,20211001,173000,46.06,46.8,46.06,46.8,200,0
DKL.US,5,20211001,173500,46.345,46.345,46.34,46.34,300,0
DKL.US,5,20211001,174000,46.8,46.8,46.51,46.51,200,0
DKL.US,5,20211001,174500,46.8899,46.8899,46.8899,46.8899,100,0
DKL.US,5,20211001,175000,46.5,46.695,46.5,46.695,200,0
DKL.US,5,20211001,175500,46.6,46.6,46.07,46.205,680,0
DKL.US,5,20211001,180000,46.7,46.7,45.795,45.795,200,0
DKL.US,5,20211001,180500,46.68,46.68,45.775,45.775,200,0
DKL.US,5,20211001,181000,46.74,46.74,45.905,45.905,200,0
DKL.US,5,20211001,181500,46.0645,46.69,45.615,45.615,741,0
DKL.US,5,20211001,182000,46,46.6,46,46.6,200,0
DKL.US,5,20211001,182500,45.65,45.65,45.65,45.65,100,0
DKL.US,5,20211001,183000,45.69,45.69,45.69,45.69,100,0
DKL.US,5,20211001,183500,46.155,46.155,46.155,46.155,100,0
DKL.US,5,20211001,184000,46.18,46.18,46.18,46.18,100,0
DKL.US,5,20211001,184500,46.59,46.62,46.59,46.62,300,0
DKL.US,5,20211001,185000,46.21,46.21,46.21,46.21,100,0
DKL.US,5,20211001,185500,46.16,46.6913,46.16,46.5001,500,0
DKL.US,5,20211001,190000,46.33,46.33,46.33,46.33,100,0
DKL.US,5,20211001,190500,46.35,46.35,46.35,46.35,100,0
DKL.US,5,20211001,191000,46.33,46.33,46.33,46.33,100,0
DKL.US,5,20211001,191500,46.86,46.9,46.485,46.485,411,0
DKL.US,5,20211001,192000,46.555,46.6,46.555,46.6,300,0
DKL.US,5,20211001,192500,46.5501,46.95,46.5501,46.95,475,0
DKL.US,5,20211001,193000,46.58,47.04,46.58,46.84,324,0
DKL.US,5,20211001,193500,46.585,46.585,46.585,46.585,100,0
DKL.US,5,20211001,194000,46.94,46.96,46.625,46.96,300,0
DKL.US,5,20211001,194500,46.705,46.96,46.705,46.96,200,0
DKL.US,5,20211001,195000,46.715,46.8,46.69,46.69,1050,0
DKL.US,5,20211001,195500,46.56,46.91,46.56,46.56,300,0
DKL.US,5,20211001,200000,46.55,46.55,46.55,46.55,100,0
DKL.US,5,20211001,200500,46.96,46.96,46.56,46.56,200,0
DKL.US,5,20211001,201000,46.57,46.57,46.57,46.57,100,0
DKL.US,5,20211001,201500,46.61,46.61,46.61,46.61,100,0
DKL.US,5,20211001,202000,46.87,46.87,46.56,46.56,200,0
DKL.US,5,20211001,202500,46.89,46.95,46.59,46.59,3287,0
DKL.US,5,20211001,203000,46.59,46.59,46.59,46.59,200,0
DKL.US,5,20211001,203500,46.58,46.88,46.58,46.88,300,0
DKL.US,5,20211001,204000,46.97,46.97,46.62,46.62,200,0
DKL.US,5,20211001,204500,46.98,46.98,46.61,46.9255,600,0
DKL.US,5,20211001,205000,46.97,47.0005,46.97,47.0005,952,0
DKL.US,5,20211001,205500,47,47,46.595,46.98,300,0
DKL.US,5,20211001,210000,46.575,46.98,46.575,46.98,200,0
DKL.US,5,20211001,210500,46.615,46.615,46.615,46.615,100,0
DKL.US,5,20211001,211000,46.65,46.65,46.65,46.65,100,0
DKL.US,5,20211001,211500,46.635,46.6375,46.635,46.6375,200,0
DKL.US,5,20211001,212500,46.81,46.98,46.81,46.98,400,0
DKL.US,5,20211001,213000,46.54,46.95,46.54,46.555,400,0
DKL.US,5,20211001,213500,46.555,46.95,46.54,46.54,300,0
DKL.US,5,20211001,214000,46.54,46.87,46.54,46.87,300,0
DKL.US,5,20211001,214500,46.59,46.92,46.58,46.77,400,0
DKL.US,5,20211001,215000,46.79,46.79,46.5206,46.5206,500,0
DKL.US,5,20211001,215500,46.42,46.94,46.42,46.93,8623,0
DKL.US,5,20211004,153000,46.96,47,46.93,46.93,1369,0
DKL.US,5,20211004,153500,46.25,46.25,46.25,46.25,100,0
DKL.US,5,20211004,154000,47.05,47.05,46.9,47.05,300,0
DKL.US,5,20211004,154500,46.3,46.3,46.3,46.3,100,0
DKL.US,5,20211004,155000,47.09,48.03,47.03,47.9516,4162,0
DKL.US,5,20211004,155500,48.45,48.45,48.45,48.45,100,0
DKL.US,5,20211004,160500,48.29,48.31,47.99,48.31,400,0
DKL.US,5,20211004,161000,47.83,47.83,47.58,47.58,550,0
DKL.US,5,20211004,161500,47.51,47.6,47.48,47.6,1210,0
DKL.US,5,20211004,162000,47.59,47.59,47.12,47.12,800,0
DKL.US,5,20211004,162500,46.53,47.56,46.53,47.56,300,0
DKL.US,5,20211004,163000,46.98,46.98,46.98,46.98,100,0
DKL.US,5,20211004,164000,46.58,46.58,46.58,46.58,100,0
DKL.US,5,20211004,164500,47.35,47.35,47.35,47.35,100,0
DKL.US,5,20211004,165000,47.29,47.5,47.23,47.23,1800,0
DKL.US,5,20211004,165500,47.95,47.95,47.95,47.95,100,0
DKL.US,5,20211004,170000,47.76,47.76,47.76,47.76,100,0
DKL.US,5,20211004,170500,47.26,47.41,47.26,47.41,200,0
DKL.US,5,20211004,171000,47.51,47.6446,47.41,47.6446,500,0
DKL.US,5,20211004,171500,47.58,47.9057,47.4,47.9057,1525,0
DKL.US,5,20211004,172000,47.8916,47.8916,47.765,47.89,781,0
DKL.US,5,20211004,172500,47.4714,47.95,47.4714,47.95,1077,0
DKL.US,5,20211004,173500,47.74,47.74,47.74,47.74,100,0
DKL.US,5,20211004,174000,47.98,47.98,47.98,47.98,100,0
DKL.US,5,20211004,174500,47.96,47.96,47.96,47.96,100,0
DKL.US,5,20211004,175000,48.29,48.29,48.29,48.29,100,0
DKL.US,5,20211004,175500,47.85,48.14,47.85,48.14,400,0
DKL.US,5,20211004,180000,47.745,47.745,47.54,47.54,200,0
DKL.US,5,20211004,180500,47.71,47.71,47.71,47.71,100,0
DKL.US,5,20211004,181000,47.51,47.51,47.51,47.51,100,0
DKL.US,5,20211004,181500,47.52,47.81,47.52,47.81,200,0
DKL.US,5,20211004,182000,47.73,47.73,47.73,47.73,100,0
DKL.US,5,20211004,182500,47.615,47.615,47.52,47.52,200,0
DKL.US,5,20211004,183500,47.52,47.52,47.52,47.52,100,0
DKL.US,5,20211004,184000,47.61,47.61,47.49,47.49,200,0
DKL.US,5,20211004,184500,47.61,47.73,47.61,47.73,614,0
DKL.US,5,20211004,185000,47.75,47.75,47.75,47.75,100,0
DKL.US,5,20211004,185500,47.51,47.75,47.4785,47.605,800,0
DKL.US,5,20211004,190000,47.52,47.605,47.52,47.605,300,0
DKL.US,5,20211004,190500,47.49,47.7599,47.49,47.6,300,0
DKL.US,5,20211004,191000,47.49,47.49,47.49,47.49,100,0
DKL.US,5,20211004,191500,47.5,47.6,47.111,47.111,1853,0
DKL.US,5,20211004,192000,46.74,46.74,46.725,46.725,231,0
DKL.US,5,20211004,192500,46.48,47.32,46.48,47.32,200,0
DKL.US,5,20211004,193500,46.7149,46.7149,46.63,46.63,300,0
DKL.US,5,20211004,194000,46.65,46.925,46.65,46.925,200,0
DKL.US,5,20211004,194500,46.68,46.68,46.68,46.68,100,0
DKL.US,5,20211004,195000,46.94,46.94,46.74,46.74,200,0
DKL.US,5,20211004,195500,47.16,47.22,47.16,47.22,300,0
DKL.US,5,20211004,200000,47.235,47.235,46.94,46.94,200,0
DKL.US,5,20211004,200500,47.0999,47.225,46.97,47.225,315,0
DKL.US,5,20211004,201000,47.15,47.32,47.15,47.32,200,0
DKL.US,5,20211004,201500,47.17,47.32,47.17,47.32,200,0
DKL.US,5,20211004,202000,47.2,47.2,47.2,47.2,100,0
DKL.US,5,20211004,202500,47.22,47.22,47.22,47.22,100,0
DKL.US,5,20211004,203000,47.23,47.23,47.23,47.23,100,0
DKL.US,5,20211004,203500,47.22,47.22,47.22,47.22,100,0
DKL.US,5,20211004,204000,47.13,47.13,46.66,46.885,421,0
DKL.US,5,20211004,204500,46.4,46.4,46.4,46.4,100,0
DKL.US,5,20211004,205000,46.88,46.9,46.88,46.9,480,0
DKL.US,5,20211004,205500,47.11,47.14,47.11,47.14,200,0
DKL.US,5,20211004,210000,47.14,47.16,47.14,47.16,400,0
DKL.US,5,20211004,211000,46.91,46.91,46.91,46.91,100,0
DKL.US,5,20211004,211500,46.91,46.91,46.91,46.91,905,0
DKL.US,5,20211004,212000,46.8,46.8,46.8,46.8,100,0
DKL.US,5,20211004,212500,46.74,47.18,46.74,47.18,500,0
DKL.US,5,20211004,213500,46.82,46.83,46.82,46.83,200,0
DKL.US,5,20211004,214000,46.83,47.14,46.83,46.985,400,0
DKL.US,5,20211004,214500,47.0149,47.15,46.86,47.15,710,0
DKL.US,5,20211004,215000,46.84,47.01,46.84,46.89,600,0
DKL.US,5,20211004,215500,47.01,47.23,46.9,47.1,9974,0
DKL.US,5,20211005,153000,47.51,47.51,47.51,47.51,104,0
DKL.US,5,20211005,153500,47.9916,47.9916,47.26,47.26,1100,0
DKL.US,5,20211005,154000,47.92,47.92,47.92,47.92,100,0
DKL.US,5,20211005,154500,47.585,47.585,47.585,47.585,100,0
DKL.US,5,20211005,155000,47.92,47.96,47.24,47.96,406,0
DKL.US,5,20211005,155500,47.19,47.95,47.19,47.95,200,0
DKL.US,5,20211005,160000,47.91,48,47.785,47.8309,2600,0
DKL.US,5,20211005,160500,47.8177,47.8177,47.8177,47.8177,208,0
DKL.US,5,20211005,161000,47.91,47.91,47.3,47.63,300,0
DKL.US,5,20211005,161500,47.91,47.91,47.91,47.91,100,0
DKL.US,5,20211005,162000,47.97,48.62,47.94,48.62,1200,0
DKL.US,5,20211005,162500,48.175,48.64,47.79,48.64,400,0
DKL.US,5,20211005,163000,48.215,48.63,48.215,48.63,750,0
DKL.US,5,20211005,163500,47.79,47.79,47.79,47.79,100,0
DKL.US,5,20211005,164000,48.49,48.49,47.75,47.75,200,0
DKL.US,5,20211005,164500,48.45,48.45,48.45,48.45,100,0
DKL.US,5,20211005,165000,48.47,48.49,47.8,47.8,600,0
DKL.US,5,20211005,165500,47.84,48.1,47.58,47.59,2104,0
DKL.US,5,20211005,170000,47.65,48.15,47.65,48.15,600,0
DKL.US,5,20211005,170500,48.15,48.15,47.55,47.55,600,0
DKL.US,5,20211005,171000,48.1,48.1,47.4,47.4,200,0
DKL.US,5,20211005,171500,48.09,48.09,48.09,48.09,100,0
DKL.US,5,20211005,172000,47.45,47.91,47.45,47.91,200,0
DKL.US,5,20211005,172500,47.7,47.7,47.28,47.28,200,0
DKL.US,5,20211005,173500,47.36,47.8,47.36,47.8,300,0
DKL.US,5,20211005,174000,47.535,47.535,47.38,47.525,300,0
DKL.US,5,20211005,174500,47.675,47.675,47.36,47.49,310,0
DKL.US,5,20211005,175000,47.558,47.73,47.558,47.73,623,0
DKL.US,5,20211005,175500,47.73,47.73,47.6051,47.6051,650,0
DKL.US,5,20211005,180000,47.6755,47.82,47.6,47.82,865,0
DKL.US,5,20211005,180500,47.77,47.77,47.48,47.5,1200,0
DKL.US,5,20211005,182000,47.25,47.485,47.15,47.25,5061,0
DKL.US,5,20211005,182500,47.1,47.1,47.05,47.05,200,0
DKL.US,5,20211005,183000,47.285,47.295,47.285,47.295,206,0
DKL.US,5,20211005,183500,47.12,47.12,47.12,47.12,100,0
DKL.US,5,20211005,184500,47.12,47.275,47.12,47.275,1300,0
DKL.US,5,20211005,185000,47.14,47.275,47.14,47.275,200,0
DKL.US,5,20211005,185500,47.14,47.285,47.14,47.285,200,0
DKL.US,5,20211005,190000,47.51,47.51,47.16,47.27,300,0
DKL.US,5,20211005,190500,47.17,47.17,47.17,47.17,100,0
DKL.US,5,20211005,191000,47.295,47.295,47.2,47.2,200,0
DKL.US,5,20211005,192000,47.22,47.22,47.22,47.22,100,0
DKL.US,5,20211005,192500,47.22,47.5,47.22,47.5,1069,0
DKL.US,5,20211005,193000,47.59,47.59,47.59,47.59,100,0
DKL.US,5,20211005,194000,47.83,48.125,47.828,48.125,400,0
DKL.US,5,20211005,194500,48.13,48.13,48.13,48.13,100,0
DKL.US,5,20211005,195000,48.125,48.125,48.125,48.125,310,0
DKL.US,5,20211005,195500,48.38,48.38,48.38,48.38,100,0
DKL.US,5,20211005,200000,48.1681,48.1681,47.86,48.0854,500,0
DKL.US,5,20211005,200500,47.87,47.9,47.87,47.9,200,0
DKL.US,5,20211005,201000,48.11,48.11,47.91,47.91,200,0
DKL.US,5,20211005,201500,48.13,48.13,47.95,47.95,200,0
DKL.US,5,20211005,202000,48.13,48.13,47.92,47.92,400,0
DKL.US,5,20211005,202500,47.93,47.93,47.74,47.74,200,0
DKL.US,5,20211005,203500,47.79,47.89,47.79,47.89,200,0
DKL.US,5,20211005,204000,48.015,48.015,47.6,47.6,200,0
DKL.US,5,20211005,204500,47.7,47.7,47.7,47.7,100,0
DKL.US,5,20211005,205000,47.7746,48.15,47.71,47.71,315,0
DKL.US,5,20211005,205500,47.73,47.87,47.73,47.87,200,0
DKL.US,5,20211005,210000,48.1577,48.1577,47.56,47.56,200,0
DKL.US,5,20211005,210500,48.09,48.09,48.09,48.09,100,0
DKL.US,5,20211005,211000,48.13,48.13,47.72,47.72,200,0
DKL.US,5,20211005,211500,47.73,47.89,47.73,47.74,300,0
DKL.US,5,20211005,212000,47.895,48.07,47.75,47.895,400,0
DKL.US,5,20211005,212500,47.76,48.13,47.76,47.895,738,0
DKL.US,5,20211005,213000,47.895,47.895,47.895,47.895,100,0
DKL.US,5,20211005,213500,47.77,47.88,47.77,47.87,400,0
DKL.US,5,20211005,214000,48.03,48.03,47.68,47.68,400,0
DKL.US,5,20211005,214500,47.68,47.93,47.68,47.93,400,0
DKL.US,5,20211005,215000,47.94,47.94,47.855,47.9399,1140,0
DKL.US,5,20211005,215500,47.94,48.22,47.89,48.04,11252,0
DKL.US,5,20211006,153000,47.32,48.3,47.32,48.3,1419,0
DKL.US,5,20211006,154000,48,48,48,48,100,0
DKL.US,5,20211006,155000,48,48,48,48,650,0
DKL.US,5,20211006,155500,47.33,47.98,47.22,47.52,400,0
DKL.US,5,20211006,160000,47.52,47.52,47.1,47.1,785,0
DKL.US,5,20211006,160500,47.755,47.755,47.755,47.755,100,0
DKL.US,5,20211006,161000,47.55,47.8973,46.4948,46.4948,1427,0
DKL.US,5,20211006,161500,46.65,47.39,46.65,46.69,1376,0
DKL.US,5,20211006,162000,46.5567,46.75,46.5567,46.75,540,0
DKL.US,5,20211006,163000,47.08,47.66,46.915,47.27,3398,0
DKL.US,5,20211006,163500,46.69,47.485,46.69,46.9,500,0
DKL.US,5,20211006,164000,46.7948,47.19,46.7948,46.84,400,0
DKL.US,5,20211006,164500,46.66,47.75,46.66,47.205,800,0
DKL.US,5,20211006,165000,46.76,46.8,46.76,46.8,200,0
DKL.US,5,20211006,171000,47.7876,47.9751,47.7876,47.9751,768,0
DKL.US,5,20211006,171500,46.87,47.8,46.87,47.8,200,0
DKL.US,5,20211006,175500,47.49,47.58,46.93,46.93,400,0
DKL.US,5,20211006,182000,47.99,47.99,47.02,47.02,614,0
DKL.US,5,20211006,195000,47.4,47.4,47.4,47.4,194,0
DKL.US,5,20211006,201500,47.5445,47.99,47.15,47.15,1173,0
DKL.US,5,20211006,202000,47.98,48.29,47.71,47.76,800,0
DKL.US,5,20211006,203000,48.1195,48.1195,48.1195,48.1195,200,0
DKL.US,5,20211006,203500,48.3108,48.3108,47.79,47.79,300,0
DKL.US,5,20211006,204000,48.35,48.42,47.81,47.81,1600,0
DKL.US,5,20211006,204500,47.9,47.9,47.9,47.9,100,0
DKL.US,5,20211006,210000,47.9,48.045,47.9,48.045,300,0
DKL.US,5,20211006,211500,47.75,47.75,47.75,47.75,100,0
DKL.US,5,20211006,214500,47.4367,47.4367,47.4367,47.4367,231,0
DKL.US,5,20211006,215500,47.44,47.44,47.07,47.29,2564,0
DKL.US,5,20211007,153000,47.79,47.79,47.79,47.79,149,0
DKL.US,5,20211007,153500,47.06,47.06,47.06,47.06,100,0
DKL.US,5,20211007,154000,48.16,48.16,47.76,47.76,200,0
DKL.US,5,20211007,154500,48.18,48.18,48.18,48.18,100,0
DKL.US,5,20211007,155000,47.18,48.09,47.18,48.09,200,0
DKL.US,5,20211007,155500,47.63,47.7891,47.625,47.625,600,0
DKL.US,5,20211007,160000,47.29,47.61,47.29,47.61,200,0
DKL.US,5,20211007,160500,47.2,47.605,47.2,47.605,200,0
DKL.US,5,20211007,161000,47.34,47.78,47.34,47.685,300,0
DKL.US,5,20211007,161500,47.33,47.755,47.33,47.755,1178,0
DKL.US,5,20211007,162000,47.55,47.93,47.55,47.93,320,0
DKL.US,5,20211007,163500,47.33,47.33,47.33,47.33,100,0
DKL.US,5,20211007,164000,47.5675,47.585,47.35,47.585,300,0
DKL.US,5,20211007,164500,47.37,47.585,47.37,47.585,434,0
DKL.US,5,20211007,165000,47.39,47.695,47.39,47.5,300,0
DKL.US,5,20211007,165500,47.57,47.57,47.41,47.41,200,0
DKL.US,5,20211007,170500,47.69,47.69,47.44,47.56,300,0
DKL.US,5,20211007,171000,47.46,47.46,47.46,47.46,100,0
DKL.US,5,20211007,171500,47.47,47.47,47.47,47.47,100,0
DKL.US,5,20211007,172000,47.55,47.8,47.48,47.48,1150,0
DKL.US,5,20211007,172500,47.54,47.6,47.535,47.6,1400,0
DKL.US,5,20211007,173000,47.75,47.82,47.62,47.82,1000,0
DKL.US,5,20211007,173500,47.81,47.81,47.81,47.81,100,0
DKL.US,5,20211007,174000,47.81,47.81,47.63,47.63,200,0
DKL.US,5,20211007,174500,47.685,47.685,47.45,47.45,310,0
DKL.US,5,20211007,175000,47.685,47.685,47.46,47.46,200,0
DKL.US,5,20211007,175500,47.625,47.95,47.625,47.905,354,0
DKL.US,5,20211007,180000,47.905,47.905,47.905,47.905,100,0
DKL.US,5,20211007,180500,47.905,47.905,47.6,47.67,300,0
DKL.US,5,20211007,181000,47.9,47.9,47.61,47.61,200,0
DKL.US,5,20211007,182000,47.63,47.87,47.63,47.87,200,0
DKL.US,5,20211007,182500,47.7,47.91,47.7,47.81,300,0
DKL.US,5,20211007,183000,47.71,47.81,47.71,47.81,200,0
DKL.US,5,20211007,183500,47.71,47.83,47.71,47.83,200,0
DKL.US,5,20211007,184000,47.74,47.83,47.74,47.83,200,0
DKL.US,5,20211007,184500,47.75,47.75,47.67,47.67,400,0
DKL.US,5,20211007,185000,47.46,47.575,47.46,47.575,200,0
DKL.US,5,20211007,185500,47.575,47.575,47.46,47.46,200,0
DKL.US,5,20211007,190000,47.575,47.575,47.47,47.47,200,0
DKL.US,5,20211007,190500,47.555,47.555,47.555,47.555,100,0
DKL.US,5,20211007,191000,47.47,47.545,47.47,47.545,200,0
DKL.US,5,20211007,191500,47.48,47.59,47.48,47.59,300,0
DKL.US,5,20211007,192000,47.5,47.755,47.5,47.755,711,0
DKL.US,5,20211007,192500,47.75,47.75,47.75,47.75,100,0
DKL.US,5,20211007,193000,47.725,47.725,47.725,47.725,100,0
DKL.US,5,20211007,193500,47.25,47.25,47.25,47.25,100,0
DKL.US,5,20211007,194000,47.6,47.6,47.6,47.6,100,0
DKL.US,5,20211007,194500,47.495,47.495,47.495,47.495,100,0
DKL.US,5,20211007,195500,47.2501,47.5,47.2501,47.5,618,0
DKL.US,5,20211007,200000,47.54,47.64,47.54,47.64,200,0
DKL.US,5,20211007,200500,47.625,47.625,47.625,47.625,100,0
DKL.US,5,20211007,201000,47.6,47.6,47.6,47.6,100,0
DKL.US,5,20211007,202000,47.7,47.915,47.6,47.915,1189,0
DKL.US,5,20211007,202500,47.915,47.915,47.915,47.915,100,0
DKL.US,5,20211007,203000,47.915,47.915,47.915,47.915,100,0
DKL.US,5,20211007,203500,47.915,47.915,47.75,47.78,500,0
DKL.US,5,20211007,204000,47.9071,47.9071,47.655,47.655,450,0
DKL.US,5,20211007,204500,47.6973,47.6973,47.645,47.65,300,0
DKL.US,5,20211007,205500,47.65,47.78,47.65,47.78,200,0
DKL.US,5,20211007,210000,47.64,47.645,47.47,47.47,300,0
DKL.US,5,20211007,210500,47.63,47.8,47.63,47.66,600,0
DKL.US,5,20211007,211000,47.82,47.915,47.82,47.915,516,0
DKL.US,5,20211007,211500,47.9968,47.9968,47.935,47.96,400,0
DKL.US,5,20211007,212000,47.74,47.98,47.74,47.775,500,0
DKL.US,5,20211007,212500,47.845,47.845,47.705,47.705,200,0
DKL.US,5,20211007,213000,47.685,47.685,47.63,47.63,200,0
DKL.US,5,20211007,213500,47.42,47.42,47.42,47.42,100,0
DKL.US,5,20211007,214000,47.7,47.7,47.67,47.67,200,0
DKL.US,5,20211007,214500,47.7,47.81,47.51,47.55,1032,0
DKL.US,5,20211007,215000,47.58,47.58,47.44,47.44,200,0
DKL.US,5,20211007,215500,47.45,47.88,47.45,47.64,9983,0
DKL.US,5,20211008,153000,48.02,48.02,48.02,48.02,410,0
DKL.US,5,20211008,153500,47.04,47.04,47.04,47.04,100,0
DKL.US,5,20211008,154000,47.565,47.565,47.22,47.565,300,0
DKL.US,5,20211008,154500,47.56,47.56,47.3,47.3,200,0
DKL.US,5,20211008,155500,47.39,47.69,47.39,47.69,200,0
DKL.US,5,20211008,160000,47.715,47.715,47.41,47.41,200,0
DKL.US,5,20211008,160500,47.72,47.72,47.43,47.43,200,0
DKL.US,5,20211008,161000,47.46,47.725,47.46,47.725,300,0
DKL.US,5,20211008,161500,47.55,47.97,47.55,47.97,200,0
DKL.US,5,20211008,162000,47.5246,47.98,47.5246,47.98,723,0
DKL.US,5,20211008,163000,48,48,48,48,300,0
DKL.US,5,20211008,163500,47.88,48.04,47.88,48.04,200,0
DKL.US,5,20211008,164000,47.88,48.04,47.87,47.87,300,0
DKL.US,5,20211008,164500,47.86,48.18,47.86,48.18,1370,0
DKL.US,5,20211008,165000,48.055,48.055,47.86,47.86,200,0
DKL.US,5,20211008,165500,48.055,48.055,47.88,47.88,450,0
DKL.US,5,20211008,170000,48.055,48.055,48.055,48.055,100,0
DKL.US,5,20211008,170500,47.86,48.02,47.86,48.02,200,0
DKL.US,5,20211008,171000,47.88,47.88,47.88,47.88,100,0
DKL.US,5,20211008,171500,48.025,48.025,47.65,47.65,600,0
DKL.US,5,20211008,172000,47.6,47.6,47.6,47.6,100,0
DKL.US,5,20211008,172500,48.04,48.04,48.04,48.04,400,0
DKL.US,5,20211008,173500,47.62,47.62,47.62,47.62,100,0
DKL.US,5,20211008,174000,47.65,47.795,47.65,47.795,200,0
DKL.US,5,20211008,174500,47.65,47.79,47.62,47.62,300,0
DKL.US,5,20211008,175000,47.66,47.96,47.66,47.96,300,0
DKL.US,5,20211008,175500,47.6965,47.785,47.67,47.785,1457,0
DKL.US,5,20211008,180000,47.67,47.745,47.67,47.745,200,0
DKL.US,5,20211008,180500,47.745,47.745,47.745,47.745,200,0
DKL.US,5,20211008,181000,47.67,47.67,47.31,47.31,800,0
DKL.US,5,20211008,181500,47.65,47.65,47.65,47.65,506,0
DKL.US,5,20211008,182500,47.76,47.76,47.33,47.33,200,0
DKL.US,5,20211008,183000,47.465,47.465,47.465,47.465,100,0
DKL.US,5,20211008,183500,47.3,47.4,47.3,47.4,200,0
DKL.US,5,20211008,184000,47.31,47.65,47.31,47.65,349,0
DKL.US,5,20211008,185500,47.46,47.55,47.46,47.55,200,0
DKL.US,5,20211008,190000,47.5,47.5,47.5,47.5,100,0
DKL.US,5,20211008,190500,47.55,47.725,47.55,47.725,228,0
DKL.US,5,20211008,191000,47.86,47.86,47.56,47.56,200,0
DKL.US,5,20211008,192000,47.55,47.83,47.55,47.8,300,0
DKL.US,5,20211008,192500,47.4,47.63,47.33,47.63,400,0
DKL.US,5,20211008,193500,47.36,47.36,47.36,47.36,100,0
DKL.US,5,20211008,194000,47.61,47.62,47.61,47.62,236,0
DKL.US,5,20211008,194500,47.625,47.625,47.625,47.625,100,0
DKL.US,5,20211008,195500,47.47,47.615,47.47,47.615,200,0
DKL.US,5,20211008,200000,47.48,47.48,47.48,47.48,100,0
DKL.US,5,20211008,200500,47.85,47.9,47.76,47.76,1255,0
DKL.US,5,20211008,202000,47.73,47.86,47.73,47.86,200,0
DKL.US,5,20211008,202500,47.51,47.51,47.51,47.51,100,0
DKL.US,5,20211008,203000,47.715,47.715,47.57,47.715,300,0
DKL.US,5,20211008,203500,47.64,47.64,47.64,47.64,100,0
DKL.US,5,20211008,204000,47.58,47.7,47.58,47.7,200,0
DKL.US,5,20211008,204500,47.6,47.85,47.6,47.85,200,0
DKL.US,5,20211008,205000,47.555,47.8,47.555,47.76,797,0
DKL.US,5,20211008,210500,47.61,47.98,47.61,47.9,300,0
DKL.US,5,20211008,211000,47.85,47.85,47.765,47.78,500,0
DKL.US,5,20211008,212000,47.97,47.97,47.97,47.97,100,0
DKL.US,5,20211008,212500,47.835,47.96,47.71,47.96,800,0
DKL.US,5,20211008,213000,47.93,48.05,47.93,48.05,1821,0
DKL.US,5,20211008,213500,48.175,48.175,48.175,48.175,100,0
DKL.US,5,20211008,214000,48.175,48.175,48.04,48.175,400,0
DKL.US,5,20211008,214500,48.175,48.175,48.01,48.16,1001,0
DKL.US,5,20211008,215000,48.04,48.055,47.97,48.055,500,0
DKL.US,5,20211008,215500,47.99,48.15,47.99,48.01,11393,0
DKL.US,5,20211011,153000,47.98,47.98,47.98,47.98,741,0
DKL.US,5,20211011,153500,47.95,48.78,47.91,48.01,600,0
DKL.US,5,20211011,154000,48.8,48.8,48.8,48.8,100,0
DKL.US,5,20211011,154500,48.03,48.72,48.03,48.7,300,0
DKL.US,5,20211011,155000,47.94,48.31,47.94,48.31,200,0
DKL.US,5,20211011,155500,48.3,48.71,48.01,48.01,500,0
DKL.US,5,20211011,160000,48.63,48.63,48.03,48.03,200,0
DKL.US,5,20211011,160500,48.62,48.62,48.06,48.06,400,0
DKL.US,5,20211011,161000,48.7,49.1,48.3,48.95,2222,0
DKL.US,5,20211011,161500,48.95,48.9595,48.95,48.95,400,0
DKL.US,5,20211011,162000,48.95,49.0143,48.95,49.0143,700,0
DKL.US,5,20211011,162500,48.77,48.96,48.75,48.96,300,0
DKL.US,5,20211011,163000,49.1377,49.17,48.96,48.96,900,0
DKL.US,5,20211011,163500,49.1,49.1,48.82,48.82,400,0
DKL.US,5,20211011,164000,48.97,48.97,48.78,48.78,1000,0
DKL.US,5,20211011,164500,49.16,49.16,48.86,48.86,200,0
DKL.US,5,20211011,165000,48.78,48.979,48.78,48.979,1150,0
DKL.US,5,20211011,165500,48.92,48.985,48.25,48.5,3238,0
DKL.US,5,20211011,170000,48.455,48.54,48.25,48.43,2658,0
DKL.US,5,20211011,170500,48.5,48.6,48.5,48.6,900,0
DKL.US,5,20211011,171000,48.6,48.73,48.41,48.565,1100,0
DKL.US,5,20211011,171500,48.605,48.605,48.605,48.605,100,0
DKL.US,5,20211011,172000,48.58,48.58,48.58,48.58,100,0
DKL.US,5,20211011,172500,48.41,48.78,48.35,48.75,600,0
DKL.US,5,20211011,173000,48.6,48.6,48.6,48.6,341,0
DKL.US,5,20211011,173500,48.59,48.75,48.5,48.57,1400,0
DKL.US,5,20211011,174000,48.775,48.775,48.6,48.6,200,0
DKL.US,5,20211011,174500,48.58,48.95,48.58,48.95,500,0
DKL.US,5,20211011,175000,48.58,48.58,48.58,48.58,100,0
DKL.US,5,20211011,175500,48.8,48.8494,48.6,48.6,700,0
DKL.US,5,20211011,180000,48.83,48.83,48.83,48.83,100,0
DKL.US,5,20211011,180500,48.64,48.65,48.64,48.65,200,0
DKL.US,5,20211011,181000,48.87,48.87,48.87,48.87,100,0
DKL.US,5,20211011,181500,48.79,48.79,48.79,48.79,100,0
DKL.US,5,20211011,182000,47.91,47.91,47.91,47.91,200,0
DKL.US,5,20211011,182500,48.46,48.75,48.46,48.75,600,0
DKL.US,5,20211011,183000,48.67,48.67,48.67,48.67,100,0
DKL.US,5,20211011,183500,48.28,48.28,48.28,48.28,100,0
DKL.US,5,20211011,184000,48.28,48.55,48.28,48.55,441,0
DKL.US,5,20211011,184500,48.4602,48.65,48.4602,48.64,556,0
DKL.US,5,20211011,185000,48.89,48.89,48.89,48.89,100,0
DKL.US,5,20211011,190000,48.3,48.36,48.3,48.36,300,0
DKL.US,5,20211011,190500,48.69,48.72,48.4,48.4,300,0
DKL.US,5,20211011,191500,48.335,48.65,48.335,48.65,200,0
DKL.US,5,20211011,192000,48.33,48.7,48.33,48.5,400,0
DKL.US,5,20211011,192500,48.86,48.86,48.86,48.86,100,0
DKL.US,5,20211011,193000,48.9,48.9,48.9,48.9,100,0
DKL.US,5,20211011,194000,48.46,48.46,48.46,48.46,100,0
DKL.US,5,20211011,194500,48.84,48.84,48.42,48.42,200,0
DKL.US,5,20211011,195000,48.82,48.82,48.655,48.655,300,0
DKL.US,5,20211011,195500,48.45,48.45,48.45,48.45,100,0
DKL.US,5,20211011,200000,48.555,48.75,48.555,48.65,300,0
DKL.US,5,20211011,200500,48.76,48.76,48.76,48.76,100,0
DKL.US,5,20211011,201500,48.47,48.47,48.47,48.47,100,0
DKL.US,5,20211011,202000,48.61,48.61,48.47,48.47,200,0
DKL.US,5,20211011,202500,48.72,48.72,48.72,48.72,100,0
DKL.US,5,20211011,203000,48.48,48.72,48.48,48.72,200,0
DKL.US,5,20211011,203500,48.45,48.45,48.45,48.45,100,0
DKL.US,5,20211011,204000,48.45,48.45,48.45,48.45,100,0
DKL.US,5,20211011,204500,48.48,48.48,48.48,48.48,100,0
DKL.US,5,20211011,205000,48.71,48.71,48.71,48.71,100,0
DKL.US,5,20211011,205500,48.48,48.7,48.48,48.7,200,0
DKL.US,5,20211011,210000,48.5,48.5,48.48,48.49,547,0
DKL.US,5,20211011,210500,48.68,48.68,48.48,48.585,300,0
DKL.US,5,20211011,211000,48.5,48.69,48.5,48.69,200,0
DKL.US,5,20211011,211500,48.72,48.89,48.69,48.69,400,0
DKL.US,5,20211011,212000,48.45,48.84,48.45,48.54,404,0
DKL.US,5,20211011,213000,48.675,48.675,48.675,48.675,150,0
DKL.US,5,20211011,213500,48.81,48.81,48.52,48.52,950,0
DKL.US,5,20211011,214000,48.55,48.7,48.55,48.605,1096,0
DKL.US,5,20211011,214500,48.63,48.63,48.455,48.455,1411,0
DKL.US,5,20211011,215000,48.31,48.58,48.14,48.4,1424,0
DKL.US,5,20211011,215500,48.52,48.79,48.3,48.54,5212,0
DKL.US,5,20211012,153500,48.5963,49.05,48.5963,49.05,416,0
DKL.US,5,20211012,154000,48.62,48.62,48.62,48.62,100,0
DKL.US,5,20211012,154500,48.62,49.04,48.62,49.04,200,0
DKL.US,5,20211012,155000,48.64,48.815,48.64,48.815,300,0
DKL.US,5,20211012,155500,48.815,48.815,48.7,48.7,1100,0
DKL.US,5,20211012,160000,49.03,49.03,49.03,49.03,100,0
DKL.US,5,20211012,160500,49.01,49.01,49.01,49.01,100,0
DKL.US,5,20211012,161000,48.62,49.0299,48.62,49.02,400,0
DKL.US,5,20211012,161500,48.65,48.98,48.65,48.98,200,0
DKL.US,5,20211012,162000,48.69,48.96,48.69,48.96,300,0
DKL.US,5,20211012,162500,48.93,49,48.71,49,414,0
DKL.US,5,20211012,163000,48.905,48.905,48.905,48.905,200,0
DKL.US,5,20211012,164000,49.07,49.07,48.83,48.83,200,0
DKL.US,5,20211012,164500,48.92,49.1,48.81,48.93,688,0
DKL.US,5,20211012,165500,48.83,49.09,48.83,49.09,300,0
DKL.US,5,20211012,170000,48.85,48.85,48.85,48.85,100,0
DKL.US,5,20211012,170500,49.03,49.03,49,49,200,0
DKL.US,5,20211012,171000,48.94,48.94,48.785,48.785,1100,0
DKL.US,5,20211012,171500,49.01,49.01,49.01,49.01,100,0
DKL.US,5,20211012,172000,49.1,49.1,49.1,49.1,100,0
DKL.US,5,20211012,172500,48.955,49.16,48.82,49.1,640,0
DKL.US,5,20211012,173500,48.85,49.08,48.85,49.08,200,0
DKL.US,5,20211012,174000,49.1,49.1,49.09,49.09,200,0
DKL.US,5,20211012,174500,49.12,49.43,49.12,49.43,869,0
DKL.US,5,20211012,175000,49.43,49.43,49.43,49.43,100,0
DKL.US,5,20211012,175500,49.31,49.31,49.31,49.31,100,0
DKL.US,5,20211012,180000,49.08,49.08,49.08,49.08,100,0
DKL.US,5,20211012,180500,49.1418,49.1418,49.11,49.11,200,0
DKL.US,5,20211012,181000,49.34,49.34,49.21,49.21,200,0
DKL.US,5,20211012,181500,49.12,49.12,49.12,49.12,100,0
DKL.US,5,20211012,182000,49.05,49.05,49.05,49.05,100,0
DKL.US,5,20211012,182500,49.32,49.32,49.07,49.07,200,0
DKL.US,5,20211012,183500,49.48,49.48,49.48,49.48,100,0
DKL.US,5,20211012,184000,49.3666,49.3666,49.3666,49.3666,343,0
DKL.US,5,20211012,184500,49.45,49.5,49.15,49.15,417,0
DKL.US,5,20211012,185000,49.42,49.42,49.42,49.42,100,0
DKL.US,5,20211012,185500,49.15,49.36,49.15,49.36,200,0
DKL.US,5,20211012,190000,49.2619,49.36,49.25,49.359,627,0
DKL.US,5,20211012,190500,49.27,49.45,49.27,49.45,200,0
DKL.US,5,20211012,191500,49.46,49.9,49.35,49.9,400,0
DKL.US,5,20211012,192500,49.97,49.97,49.97,49.97,100,0
DKL.US,5,20211012,193000,49.44,49.49,49.4273,49.4273,930,0
DKL.US,5,20211012,194500,49.605,49.605,49.605,49.605,100,0
DKL.US,5,20211012,195000,49.32,49.64,49.32,49.64,300,0
DKL.US,5,20211012,195500,49.63,49.63,49.63,49.63,100,0
DKL.US,5,20211012,200500,49.47,49.47,49.47,49.47,200,0
DKL.US,5,20211012,201500,49.55,50.03,49.55,50.03,1547,0
DKL.US,5,20211012,202000,50.29,50.29,49.935,49.935,200,0
DKL.US,5,20211012,202500,49.935,49.935,49.935,49.935,100,0
DKL.US,5,20211012,203000,49.6506,49.6506,49.6506,49.6506,100,0
DKL.US,5,20211012,203500,50.2533,50.2533,50.2533,50.2533,1394,0
DKL.US,5,20211012,204000,49.92,50.2,49.67,49.89,400,0
DKL.US,5,20211012,204500,50.17,50.17,50.17,50.17,100,0
DKL.US,5,20211012,205000,49.69,49.935,49.69,49.875,300,0
DKL.US,5,20211012,205500,49.83,50.11,49.83,50.11,829,0
DKL.US,5,20211012,210500,49.895,50.0899,49.895,50.0899,200,0
DKL.US,5,20211012,211000,50.04,50.04,50.04,50.04,100,0
DKL.US,5,20211012,211500,49.73,49.98,49.73,49.98,200,0
DKL.US,5,20211012,212000,49.75,49.86,49.75,49.83,300,0
DKL.US,5,20211012,212500,49.76,49.845,49.76,49.845,300,0
DKL.US,5,20211012,213500,49.73,49.9,49.7,49.7,1174,0
DKL.US,5,20211012,214000,49.85,49.85,49.73,49.73,304,0
DKL.US,5,20211012,214500,49.71,49.84,49.58,49.84,900,0
DKL.US,5,20211012,215000,49.63,49.715,49.63,49.705,500,0
DKL.US,5,20211012,215500,49.65,49.99,49.61,49.74,7142,0
DKL.US,5,20211013,153000,49.61,49.85,49.61,49.85,469,0
DKL.US,5,20211013,153500,49.85,49.85,49.7,49.7,540,0
DKL.US,5,20211013,154000,49.8896,49.8896,49.77,49.77,600,0
DKL.US,5,20211013,154500,49.71,49.71,49.7,49.7,200,0
DKL.US,5,20211013,155000,49.65,49.7895,49.25,49.465,1700,0
DKL.US,5,20211013,155500,49.08,49.5,49.08,49.5,248,0
DKL.US,5,20211013,160000,49.26,49.26,49.26,49.26,100,0
DKL.US,5,20211013,160500,49.27,49.58,49.25,49.25,600,0
DKL.US,5,20211013,161000,49.1,49.11,48.31,48.31,1178,0
DKL.US,5,20211013,161500,48.2,48.49,48.16,48.235,2800,0
DKL.US,5,20211013,162000,48.26,48.26,48.26,48.26,400,0
DKL.US,5,20211013,162500,48.26,48.86,48.26,48.86,1354,0
DKL.US,5,20211013,163000,48.95,48.975,48.95,48.975,400,0
DKL.US,5,20211013,163500,48.99,48.99,48.33,48.33,700,0
DKL.US,5,20211013,164000,48.31,48.55,48.21,48.41,500,0
DKL.US,5,20211013,164500,48.93,48.93,48.26,48.5,1402,0
DKL.US,5,20211013,165000,48.02,48.27,47.72,47.96,719,0
DKL.US,5,20211013,165500,47.75,47.79,47.71,47.71,400,0
DKL.US,5,20211013,170000,47.7,47.7,47.7,47.7,350,0
DKL.US,5,20211013,170500,48.37,48.39,48.17,48.17,300,0
DKL.US,5,20211013,171000,48.04,48.04,48.04,48.04,100,0
DKL.US,5,20211013,172500,48.215,48.215,48.215,48.215,100,0
DKL.US,5,20211013,173500,48.38,48.4,48.38,48.4,200,0
DKL.US,5,20211013,174500,48.2673,48.5,48.2301,48.2301,1250,0
DKL.US,5,20211013,175000,48.21,48.21,48.06,48.06,200,0
DKL.US,5,20211013,175500,48.24,48.24,48,48,900,0
DKL.US,5,20211013,181500,47.8641,47.8641,47.8641,47.8641,900,0
DKL.US,5,20211013,182000,47.91,48.19,47.91,48.19,850,0
DKL.US,5,20211013,182500,48.1,48.31,48.03,48.31,1200,0
DKL.US,5,20211013,183000,48.32,48.485,48.2253,48.25,1800,0
DKL.US,5,20211013,184000,48.11,48.11,48.11,48.11,200,0
DKL.US,5,20211013,184500,48.13,48.13,48.08,48.08,300,0
DKL.US,5,20211013,185000,48.13,48.13,48.07,48.0792,700,0
DKL.US,5,20211013,190500,48.135,48.135,48.135,48.135,100,0
DKL.US,5,20211013,191000,48.24,48.24,48.03,48.03,600,0
DKL.US,5,20211013,192000,48.1416,48.1416,48.1416,48.1416,200,0
DKL.US,5,20211013,192500,48.2578,48.2578,48.2578,48.2578,200,0
DKL.US,5,20211013,193000,48.24,48.97,48.15,48.31,1500,0
DKL.US,5,20211013,193500,48.33,48.76,48.3,48.76,400,0
DKL.US,5,20211013,194000,48.34,48.47,48.34,48.47,200,0
DKL.US,5,20211013,194500,48.3,48.3,48.3,48.3,750,0
DKL.US,5,20211013,195500,48.41,48.6,48.41,48.6,900,0
DKL.US,5,20211013,200000,48.52,48.52,48.52,48.52,100,0
DKL.US,5,20211013,200500,48.9,48.9,48.9,48.9,100,0
DKL.US,5,20211013,201500,48.8899,48.8899,48.8899,48.8899,100,0
DKL.US,5,20211013,202500,48.88,48.88,48.88,48.88,100,0
DKL.US,5,20211013,210000,48.52,48.52,48.52,48.52,388,0
DKL.US,5,20211013,212000,48.84,49,48.84,49,937,0
DKL.US,5,20211013,212500,48.775,48.775,48.775,48.775,100,0
DKL.US,5,20211013,214500,48.99,48.99,48.54,48.54,3993,0
DKL.US,5,20211013,215000,48.71,48.72,48.54,48.72,700,0
DKL.US,5,20211013,215500,48.72,48.92,48.37,48.69,12296,0
DKL.US,5,20211014,153000,49.04,49.04,49.04,49.04,119,0
DKL.US,5,20211014,153500,49.13,49.14,49.13,49.14,200,0
DKL.US,5,20211014,154000,49.0018,49.0018,48.72,48.72,712,0
DKL.US,5,20211014,161000,48.71,48.71,48.71,48.71,206,0
DKL.US,5,20211014,162500,49.1208,49.1208,48.75,48.75,200,0
DKL.US,5,20211014,163000,48.77,48.77,48.77,48.77,100,0
DKL.US,5,20211014,164000,49.09,49.2,49.09,49.2,200,0
DKL.US,5,20211014,164500,49.49,49.5757,49.26,49.26,1500,0
DKL.US,5,20211014,165000,49.4,49.4,48.9,49.215,783,0
DKL.US,5,20211014,165500,48.9,48.9,48.9,48.9,100,0
DKL.US,5,20211014,170000,49.38,49.43,49.38,49.43,300,0
DKL.US,5,20211014,171000,49.3758,49.3758,48.99,48.99,200,0
DKL.US,5,20211014,173500,49.15,49.15,49,49,441,0
DKL.US,5,20211014,174000,49.1207,49.1207,48.67,48.72,745,0
DKL.US,5,20211014,174500,48.56,48.56,48.51,48.56,400,0
DKL.US,5,20211014,181000,48.62,48.69,48.5,48.5,4247,0
DKL.US,5,20211014,181500,48.5,48.5,48.5,48.5,700,0
DKL.US,5,20211014,182500,48.55,48.55,48.55,48.55,100,0
DKL.US,5,20211014,184000,48.4524,48.4524,48.4524,48.4524,300,0
DKL.US,5,20211014,190000,48.28,48.28,48.28,48.28,100,0
DKL.US,5,20211014,191500,48.9,48.9,48.9,48.9,100,0
DKL.US,5,20211014,192000,48.5,48.5,48.5,48.5,100,0
DKL.US,5,20211014,195500,48.66,48.77,48.4788,48.4788,1000,0
DKL.US,5,20211014,200500,48.68,48.7,48.68,48.69,357,0
DKL.US,5,20211014,202000,48.58,48.58,48.58,48.58,100,0
DKL.US,5,20211014,202500,48.3514,48.3514,48.3514,48.3514,1000,0
DKL.US,5,20211014,210000,48.56,48.56,48.56,48.56,200,0
DKL.US,5,20211014,210500,48.38,48.38,48.38,48.38,100,0
DKL.US,5,20211014,211500,48.5686,48.5686,48.5686,48.5686,400,0
DKL.US,5,20211014,212500,48.51,49.7,48.51,49.7,1600,0
DKL.US,5,20211014,213000,48.4697,48.4697,48.4697,48.4697,310,0
DKL.US,5,20211014,214500,48.63,49.08,48.61,49.08,600,0
DKL.US,5,20211014,215000,49.2628,49.32,49.2628,49.32,400,0
DKL.US,5,20211014,215500,49.13,49.3095,48.62,48.86,2387,0
DKL.US,5,20211015,153000,48.92,48.92,48.92,48.92,228,0
DKL.US,5,20211015,154000,48.9501,48.9501,48.9501,48.9501,200,0
DKL.US,5,20211015,154500,49.2823,49.2823,49.2823,49.2823,200,0
DKL.US,5,20211015,160000,49.28,49.84,49.28,49.8163,2165,0
DKL.US,5,20211015,161000,49.555,49.555,49.555,49.555,100,0
DKL.US,5,20211015,163000,49.3949,49.3949,49.3949,49.3949,100,0
DKL.US,5,20211015,163500,49.42,49.42,49.42,49.42,288,0
DKL.US,5,20211015,164000,49.697,49.697,49.4905,49.4905,691,0
DKL.US,5,20211015,171500,49.58,49.58,49.58,49.58,100,0
DKL.US,5,20211015,172500,49.75,49.75,49.75,49.75,1400,0
DKL.US,5,20211015,173500,49.8377,49.8377,49.8377,49.8377,100,0
DKL.US,5,20211015,174000,49.7512,49.7512,49.7512,49.7512,104,0
DKL.US,5,20211015,175000,49.87,50.03,49.87,50.02,698,0
DKL.US,5,20211015,180000,50.07,50.25,50.06,50.25,698,0
DKL.US,5,20211015,180500,49.8082,49.8082,49.8082,49.8082,100,0
DKL.US,5,20211015,184000,50.28,50.36,50.28,50.36,253,0
DKL.US,5,20211015,185000,50.359,50.98,49.93,49.93,11220,0
DKL.US,5,20211015,185500,49.85,49.85,49.85,49.85,170,0
DKL.US,5,20211015,191500,49.87,49.9147,49.87,49.9147,218,0
DKL.US,5,20211015,192500,49.91,49.91,49.91,49.91,200,0
DKL.US,5,20211015,193500,50.068,50.068,50.068,50.068,500,0
DKL.US,5,20211015,194000,50.05,50.05,50.05,50.05,350,0
DKL.US,5,20211015,195000,50.19,50.2,50.19,50.2,200,0
DKL.US,5,20211015,201000,50.4716,50.4716,50.4716,50.4716,250,0
DKL.US,5,20211015,201500,50.45,50.45,50.45,50.45,100,0
DKL.US,5,20211015,202000,50.4005,50.4005,50.4005,50.4005,110,0
DKL.US,5,20211015,202500,50.79,50.79,50.5762,50.74,632,0
DKL.US,5,20211015,203500,50.3669,50.3669,50.3669,50.3669,400,0
DKL.US,5,20211015,204000,50.7104,50.73,50.21,50.45,2500,0
DKL.US,5,20211015,204500,50.195,50.195,50.195,50.195,100,0
DKL.US,5,20211015,205500,50.19,50.19,50,50.03,1600,0
DKL.US,5,20211015,210500,50,50,49.85,49.85,990,0
DKL.US,5,20211015,211000,49.8974,49.8974,49.8974,49.8974,115,0
DKL.US,5,20211015,212000,50,50.28,50,50.28,796,0
DKL.US,5,20211015,213000,50,50,49.91,49.91,361,0
DKL.US,5,20211015,215500,49.67,50.68,49.35,49.98,3885,0
DKL.US,5,20211018,153000,50,50,50,50,717,0
DKL.US,5,20211018,154000,50.8,50.8,50.8,50.8,100,0
DKL.US,5,20211018,154500,50.85,50.98,50.85,50.98,495,0
DKL.US,5,20211018,155500,50.45,50.45,50.45,50.45,100,0
DKL.US,5,20211018,161000,50.261,50.43,50.0998,50.0998,742,0
DKL.US,5,20211018,161500,50.4969,50.4969,50.4969,50.4969,1000,0
DKL.US,5,20211018,162000,50.51,50.51,50.395,50.395,3429,0
DKL.US,5,20211018,163000,50,50,49.98,49.98,654,0
DKL.US,5,20211018,163500,49.75,50.06,49.75,50.06,250,0
DKL.US,5,20211018,164500,49.835,49.835,49.58,49.64,300,0
DKL.US,5,20211018,165000,50.1699,50.1699,50.1699,50.1699,100,0
DKL.US,5,20211018,170000,49.9,49.9,49.9,49.9,100,0
DKL.US,5,20211018,171500,49.602,49.602,49.602,49.602,105,0
DKL.US,5,20211018,172000,50.26,50.5,50.24,50.48,1543,0
DKL.US,5,20211018,172500,50.78,51.3316,50.69,51.3316,1658,0
DKL.US,5,20211018,174000,50.055,50.055,50.055,50.055,100,0
DKL.US,5,20211018,184000,50.3688,50.3688,50.3688,50.3688,300,0
DKL.US,5,20211018,184500,49.935,50.39,49.85,49.99,4140,0
DKL.US,5,20211018,185000,49.92,50,49.26,49.26,1000,0
DKL.US,5,20211018,185500,49.8702,49.94,49.8702,49.94,200,0
DKL.US,5,20211018,190000,49.26,49.26,49.26,49.26,201,0
DKL.US,5,20211018,190500,49.63,49.695,49.63,49.695,700,0
DKL.US,5,20211018,191000,49.81,49.97,49.81,49.97,200,0
DKL.US,5,20211018,191500,49.84,49.84,49.84,49.84,100,0
DKL.US,5,20211018,192500,49.8983,49.8983,49.8983,49.8983,200,0
DKL.US,5,20211018,193500,49.9632,49.9632,49.9632,49.9632,100,0
DKL.US,5,20211018,195500,49.73,49.73,49.64,49.73,2000,0
DKL.US,5,20211018,200000,49.49,49.515,49.49,49.515,300,0
DKL.US,5,20211018,201500,49.46,49.46,49.46,49.46,500,0
DKL.US,5,20211018,204000,49.48,49.48,49.48,49.48,100,0
DKL.US,5,20211018,204500,49.4575,49.4575,49.4575,49.4575,425,0
DKL.US,5,20211018,210000,49.45,49.45,49.26,49.26,800,0
DKL.US,5,20211018,210500,49.4,49.45,49.345,49.42,800,0
DKL.US,5,20211018,212000,49.5,49.5,49.5,49.5,153,0
DKL.US,5,20211018,213500,49.64,49.655,49.6,49.6,300,0
DKL.US,5,20211018,214000,49.8495,49.8495,49.8495,49.8495,100,0
DKL.US,5,20211018,214500,49.65,49.65,49.65,49.65,200,0
DKL.US,5,20211018,215000,49.81,49.81,49.66,49.66,200,0
DKL.US,5,20211018,215500,49.66,49.97,49.65,49.71,851,0
DKL.US,5,20211019,153000,50,50,50,50,300,0
DKL.US,5,20211019,155000,50.1807,50.1807,50.1807,50.1807,408,0
DKL.US,5,20211019,155500,49.9287,49.9287,49.9287,49.9287,100,0
DKL.US,5,20211019,162500,49.9,49.9,49.9,49.9,100,0
DKL.US,5,20211019,163000,49.9835,49.9835,49.9835,49.9835,100,0
DKL.US,5,20211019,163500,49.805,49.98,49.805,49.98,1307,0
DKL.US,5,20211019,164000,49.7994,49.7994,49.7994,49.7994,199,0
DKL.US,5,20211019,171000,49.92,49.92,49.9,49.9,300,0
DKL.US,5,20211019,171500,49.93,49.93,49.9,49.9,200,0
DKL.US,5,20211019,175000,50.15,50.15,49.98,49.98,1100,0
DKL.US,5,20211019,175500,50.01,50.01,49.99,49.99,200,0
DKL.US,5,20211019,180000,50.01,50.01,49.98,49.98,200,0
DKL.US,5,20211019,181000,49.9707,49.9707,49.9707,49.9707,290,0
DKL.US,5,20211019,193000,50.12,50.12,50.12,50.12,100,0
DKL.US,5,20211019,195500,50.1,50.1,50.1,50.1,720,0
DKL.US,5,20211019,200500,50.015,50.015,50.015,50.015,159,0
DKL.US,5,20211019,201000,49.976,49.976,49.976,49.976,100,0
DKL.US,5,20211019,201500,49.9,50.02,49.9,49.9,406,0
DKL.US,5,20211019,202500,49.9,49.9,49.8005,49.8005,300,0
DKL.US,5,20211019,203000,49.71,49.71,49.71,49.71,440,0
DKL.US,5,20211019,205000,49.88,49.88,49.88,49.88,100,0
DKL.US,5,20211019,212500,49.9,49.9,49.9,49.9,200,0
DKL.US,5,20211019,213500,50.11,50.11,50.11,50.11,100,0
DKL.US,5,20211019,214000,49.9,50.12,49.88,49.88,1040,0
DKL.US,5,20211019,215000,49.885,49.9,49.885,49.9,500,0
DKL.US,5,20211019,215500,49.88,49.88,49.88,49.88,323,0
DKL.US,5,20211020,154000,50.4261,50.4261,50.4261,50.4261,150,0
DKL.US,5,20211020,154500,50.4211,50.4211,50.4211,50.4211,100,0
DKL.US,5,20211020,155000,50.48,50.48,50.17,50.45,500,0
DKL.US,5,20211020,155500,50.325,50.325,50.325,50.325,200,0
DKL.US,5,20211020,160500,50.3,50.3,49.31,49.31,300,0
DKL.US,5,20211020,161000,50.32,50.4,50.32,50.4,400,0
DKL.US,5,20211020,172000,50.37,50.83,50.37,50.76,300,0
DKL.US,5,20211020,172500,50.1024,50.1024,50.1024,50.1024,1070,0
DKL.US,5,20211020,173000,50.29,50.39,49.87,50.2,1747,0
DKL.US,5,20211020,173500,50.24,50.4053,50.24,50.4053,518,0
DKL.US,5,20211020,174000,50.02,50.02,50.02,50.02,100,0
DKL.US,5,20211020,175500,49.7884,49.7884,49.7884,49.7884,500,0
DKL.US,5,20211020,190500,49.88,49.88,49.88,49.88,100,0
DKL.US,5,20211020,213500,49.878,49.878,49.878,49.878,212,0
DKL.US,5,20211020,214500,51.17,51.17,51.17,51.17,100,0
DKL.US,5,20211020,215500,51.05,51.05,50.33,50.99,2310,0
DKL.US,5,20211021,153000,50.51,50.51,50.51,50.51,209,0
DKL.US,5,20211021,154000,50.59,50.59,50.51,50.51,505,0
DKL.US,5,20211021,161500,50.4699,50.4699,50.4699,50.4699,100,0
DKL.US,5,20211021,164000,50.05,50.05,50.05,50.05,100,0
DKL.US,5,20211021,170500,50.49,50.49,50.49,50.49,262,0
DKL.US,5,20211021,171500,50.49,50.49,50.49,50.49,200,0
DKL.US,5,20211021,172000,50.42,50.42,50.42,50.42,100,0
DKL.US,5,20211021,172500,50.1028,50.1028,50.1028,50.1028,349,0
DKL.US,5,20211021,173000,50.11,50.11,50.06,50.06,1100,0
DKL.US,5,20211021,174500,50.06,50.06,50.06,50.06,100,0
DKL.US,5,20211021,181500,49.9001,49.9001,49.9,49.9,894,0
DKL.US,5,20211021,182000,49.693,49.693,49.693,49.693,185,0
DKL.US,5,20211021,185000,50.12,50.12,50.12,50.12,100,0
DKL.US,5,20211021,194500,49.77,49.77,49.7,49.7,920,0
DKL.US,5,20211021,195000,49.7,49.7,49.7,49.7,1537,0
DKL.US,5,20211021,200500,49.69,49.69,49.69,49.69,100,0
DKL.US,5,20211021,203500,49.79,49.79,49.79,49.79,100,0
DKL.US,5,20211021,210000,49.84,49.84,49.84,49.84,1096,0
DKL.US,5,20211021,212500,50.09,50.09,50.09,50.09,100,0
DKL.US,5,20211021,214500,50.1023,50.1023,50.1023,50.1023,288,0
DKL.US,5,20211021,215000,50.39,50.39,50.39,50.39,100,0
DKL.US,5,20211021,215500,50.33,50.49,50.29,50.29,829,0
DKL.US,5,20211022,153000,50.09,50.09,50.09,50.09,529,0
DKL.US,5,20211022,153500,49.9636,49.9636,49.905,49.905,220,0
DKL.US,5,20211022,154000,50.0725,50.0725,50.0725,50.0725,100,0
DKL.US,5,20211022,155000,50.055,50.055,50.055,50.055,100,0
DKL.US,5,20211022,162500,50.3,50.3,50.3,50.3,212,0
DKL.US,5,20211022,171500,50.255,50.255,50.255,50.255,494,0
DKL.US,5,20211022,173500,50.11,50.11,50,50,600,0
DKL.US,5,20211022,175500,50.323,50.323,50.323,50.323,200,0
DKL.US,5,20211022,181000,50.1308,50.1308,50.1308,50.1308,100,0
DKL.US,5,20211022,181500,50.075,50.075,50.075,50.075,200,0
DKL.US,5,20211022,193500,50.1432,50.1432,50.1432,50.1432,200,0
DKL.US,5,20211022,194500,49.99,49.99,49.99,49.99,100,0
DKL.US,5,20211022,200500,50.16,50.16,50.16,50.16,200,0
DKL.US,5,20211022,215000,50.215,50.215,50.215,50.215,1000,0
DKL.US,5,20211022,215500,50.13,50.13,50.13,50.13,176,0
DKL.US,5,20211025,153000,50.16,50.16,50.16,50.16,200,0
DKL.US,5,20211025,154500,50.09,50.1,49.28,49.28,3412,0
DKL.US,5,20211025,155000,50.1956,50.1956,50.1956,50.1956,300,0
DKL.US,5,20211025,161500,49.9,49.9,49.9,49.9,100,0
DKL.US,5,20211025,162000,49.9397,49.9397,49.668,49.668,300,0
DKL.US,5,20211025,163000,49.7447,49.7447,49.7447,49.7447,200,0
DKL.US,5,20211025,165000,49.97,49.97,49.8462,49.8462,200,0
DKL.US,5,20211025,171500,50,50,50,50,100,0
DKL.US,5,20211025,172000,50,50,49.99,49.99,200,0
DKL.US,5,20211025,172500,49.85,49.88,49.77,49.77,520,0
DKL.US,5,20211025,182000,49.794,49.794,49.794,49.794,100,0
DKL.US,5,20211025,182500,49.98,49.98,49.98,49.98,100,0
DKL.US,5,20211025,183000,49.77,49.77,49.7,49.7,1170,0
DKL.US,5,20211025,183500,49.4778,50.05,49.4778,50.05,700,0
DKL.US,5,20211025,193500,49.69,49.69,49.69,49.69,150,0
DKL.US,5,20211025,194000,49.86,49.86,49.86,49.86,100,0
DKL.US,5,20211025,210500,49.825,49.825,49.825,49.825,100,0
DKL.US,5,20211025,212000,49.88,49.88,49.8558,49.8558,572,0
DKL.US,5,20211025,213000,49.82,49.82,49.74,49.74,321,0
DKL.US,5,20211025,214500,49.9299,49.93,49.88,49.88,350,0
DKL.US,5,20211025,215000,49.93,50,49.93,50,500,0
DKL.US,5,20211025,215500,50,50,49.96,50,1062,0
DKL.US,5,20211026,153000,49.51,49.62,49.51,49.62,1369,0
DKL.US,5,20211026,154000,49.975,49.975,49.975,49.975,300,0
DKL.US,5,20211026,154500,50.352,50.352,50.352,50.352,200,0
DKL.US,5,20211026,155000,49.8,49.8,49.8,49.8,100,0
DKL.US,5,20211026,161500,50.025,50.025,50.025,50.025,400,0
DKL.US,5,20211026,163000,50,50,50,50,100,0
DKL.US,5,20211026,163500,50.035,50.035,50.035,50.035,100,0
DKL.US,5,20211026,164000,50.0283,50.0283,50.0283,50.0283,192,0
DKL.US,5,20211026,165000,50,50,49.8344,49.8344,1382,0
DKL.US,5,20211026,171500,50.2556,50.2556,50.2556,50.2556,200,0
DKL.US,5,20211026,175500,50.277,50.277,50.27,50.27,596,0
DKL.US,5,20211026,180000,50.015,50.015,50.015,50.015,100,0
DKL.US,5,20211026,180500,50,50,50,50,200,0
DKL.US,5,20211026,181000,49.885,49.885,49.885,49.885,100,0
DKL.US,5,20211026,181500,49.785,49.785,49.785,49.785,100,0
DKL.US,5,20211026,182500,49.8,49.8,49.7641,49.7641,387,0
DKL.US,5,20211026,184000,49.555,49.555,49.31,49.31,400,0
DKL.US,5,20211026,185000,49.315,49.315,49.315,49.315,100,0
DKL.US,5,20211026,190000,49.36,49.36,49.36,49.36,100,0
DKL.US,5,20211026,190500,49.325,49.325,49.325,49.325,100,0
DKL.US,5,20211026,193000,49.3,49.3,49.3,49.3,100,0
DKL.US,5,20211026,200500,49.31,49.31,49.31,49.31,100,0
DKL.US,5,20211026,201000,49.26,49.26,49.26,49.26,100,0
DKL.US,5,20211026,202000,49.29,49.29,49.29,49.29,100,0
DKL.US,5,20211026,203000,49.26,49.26,49.26,49.26,100,0
DKL.US,5,20211026,203500,49.26,49.26,49.26,49.26,100,0
DKL.US,5,20211026,204000,49.26,49.26,49.26,49.26,100,0
DKL.US,5,20211026,204500,49.26,49.3527,49.26,49.3527,300,0
DKL.US,5,20211026,205500,49.07,49.07,48.98,49.0229,1100,0
DKL.US,5,20211026,210500,49.165,49.165,49.165,49.165,100,0
DKL.US,5,20211026,212500,49.11,49.11,49.11,49.11,100,0
DKL.US,5,20211026,213500,49.15,49.15,49.07,49.15,643,0
DKL.US,5,20211026,214000,49.21,49.21,49.21,49.21,100,0
DKL.US,5,20211026,214500,48.98,48.98,48.95,48.95,887,0
DKL.US,5,20211026,215000,48.965,49.045,48.965,49.045,200,0
DKL.US,5,20211026,215500,49.18,49.29,49.05,49.12,713,0
DKL.US,5,20211027,153000,49.18,49.66,49.18,49.66,718,0
DKL.US,5,20211027,154000,49.72,49.72,49.72,49.72,164,0
DKL.US,5,20211027,154500,49.1515,49.68,49.1515,49.68,623,0
DKL.US,5,20211027,155000,49.68,49.68,49.68,49.68,250,0
DKL.US,5,20211027,160000,49.09,49.09,49.09,49.09,100,0
DKL.US,5,20211027,161500,49.2377,49.2377,49.2377,49.2377,100,0
DKL.US,5,20211027,162000,49.19,49.635,49.19,49.635,525,0
DKL.US,5,20211027,163000,49.896,49.896,49.896,49.896,100,0
DKL.US,5,20211027,164000,49.305,49.4931,49.305,49.4931,200,0
DKL.US,5,20211027,165000,49.28,49.28,49.28,49.28,100,0
DKL.US,5,20211027,170000,49.535,49.535,49.535,49.535,100,0
DKL.US,5,20211027,171000,49.28,49.28,49.28,49.28,100,0
DKL.US,5,20211027,171500,49.53,49.53,49.53,49.53,600,0
DKL.US,5,20211027,172000,49.325,49.53,49.325,49.53,200,0
DKL.US,5,20211027,172500,49.525,49.525,49.525,49.525,100,0
DKL.US,5,20211027,173000,49.36,49.36,49.36,49.36,100,0
DKL.US,5,20211027,173500,49.625,49.73,49.53,49.53,1825,0
DKL.US,5,20211027,174000,49.56,49.725,49.53,49.68,1843,0
DKL.US,5,20211027,174500,49.75,49.75,49.32,49.55,1226,0
DKL.US,5,20211027,175000,49.45,49.45,49.16,49.16,200,0
DKL.US,5,20211027,175500,49.7119,49.7119,49.7119,49.7119,500,0
DKL.US,5,20211027,180500,49.16,49.16,49.16,49.16,100,0
DKL.US,5,20211027,181500,49.5,49.5,49.5,49.5,1200,0
DKL.US,5,20211027,183000,49.2,49.2936,49.2,49.2936,300,0
DKL.US,5,20211027,184000,49.185,49.185,49.185,49.185,100,0
DKL.US,5,20211027,185000,49.27,49.27,49.26,49.26,300,0
DKL.US,5,20211027,190000,49.6899,49.6899,49.6899,49.6899,400,0
DKL.US,5,20211027,191000,49.155,49.155,49.155,49.155,100,0
DKL.US,5,20211027,192000,49.4,49.4,49.15,49.15,600,0
DKL.US,5,20211027,193500,49.155,49.155,49.155,49.155,100,0
DKL.US,5,20211027,195000,49.15,49.15,49.15,49.15,100,0
DKL.US,5,20211027,200000,49.15,49.15,49.135,49.135,200,0
DKL.US,5,20211027,201000,49.225,49.225,49.225,49.225,100,0
DKL.US,5,20211027,202500,49.2,49.63,49.2,49.415,700,0
DKL.US,5,20211027,203500,49.12,49.12,49.12,49.12,100,0
DKL.US,5,20211027,204500,49.12,49.12,49.1,49.1,1460,0
DKL.US,5,20211027,205000,49.1,49.15,49,49.15,14903,0
DKL.US,5,20211027,205500,48.835,48.835,48.835,48.835,100,0
DKL.US,5,20211027,210000,49.07,49.07,48.9,48.9,1200,0
DKL.US,5,20211027,210500,48.63,48.805,48.26,48.62,3852,0
DKL.US,5,20211027,211500,48.44,48.82,48.44,48.7681,1937,0
DKL.US,5,20211027,212000,48.3601,49.12,48.3601,48.445,300,0
DKL.US,5,20211027,213000,48.66,49.025,48.66,49.025,200,0
DKL.US,5,20211027,213500,49.04,49.42,48.49,48.49,400,0
DKL.US,5,20211027,214000,49.3853,49.3853,48.775,48.775,681,0
DKL.US,5,20211027,215000,48.925,48.925,48.925,48.925,100,0
DKL.US,5,20211027,215500,48.95,49.23,48.8,49.07,2271,0
DKL.US,5,20211028,153000,48.72,49.59,48.72,49.59,1158,0
DKL.US,5,20211028,153500,48.405,48.405,48.405,48.405,100,0
DKL.US,5,20211028,154500,49.58,49.58,48.99,49.53,1200,0
DKL.US,5,20211028,155000,48.475,49.52,48.475,49.52,400,0
DKL.US,5,20211028,160000,48.55,48.55,48.55,48.55,100,0
DKL.US,5,20211028,160500,49.44,49.6,49.44,49.6,6200,0
DKL.US,5,20211028,161000,50.19,50.19,50.0231,50.14,500,0
DKL.US,5,20211028,161500,50.1699,50.1699,49.41,49.41,1759,0
DKL.US,5,20211028,162000,49.99,49.99,49.98,49.98,200,0
DKL.US,5,20211028,162500,49.98,49.98,49.98,49.98,300,0
DKL.US,5,20211028,163000,49.725,50.03,49.725,50.03,200,0
DKL.US,5,20211028,163500,50.01,50.05,49.8794,50.05,1076,0
DKL.US,5,20211028,164000,49.96,50.02,49.96,49.97,500,0
DKL.US,5,20211028,164500,49.625,50.21,49.625,50.21,200,0
DKL.US,5,20211028,165000,49.885,50.135,49.885,50.135,200,0
DKL.US,5,20211028,165500,50.0974,50.0974,49.6,49.6,2895,0
DKL.US,5,20211028,170000,49.8,50.2,49.8,50.2,418,0
DKL.US,5,20211028,170500,50.2,50.2,50.2,50.2,100,0
DKL.US,5,20211028,171000,50.18,50.18,50.18,50.18,100,0
DKL.US,5,20211028,171500,49.6,50.14,49.6,49.72,300,0
DKL.US,5,20211028,172000,50.19,50.19,50.19,50.19,100,0
DKL.US,5,20211028,172500,49.6,50.14,49.6,50.14,200,0
DKL.US,5,20211028,173000,50.175,50.175,50.175,50.175,100,0
DKL.US,5,20211028,173500,50.19,50.44,50.19,50.44,652,0
DKL.US,5,20211028,174500,49.8644,50.39,49.68,50.39,300,0
DKL.US,5,20211028,175000,50.42,50.42,50.42,50.42,100,0
DKL.US,5,20211028,175500,49.7132,49.7132,49.7132,49.7132,485,0
DKL.US,5,20211028,180000,50.194,50.32,49.73,49.73,400,0
DKL.US,5,20211028,181000,49.575,49.575,49.575,49.575,100,0
DKL.US,5,20211028,181500,49.9,50.2,49.9,50.2,200,0
DKL.US,5,20211028,182500,49.675,49.945,49.675,49.945,200,0
DKL.US,5,20211028,183500,49.65,49.65,49.65,49.65,100,0
DKL.US,5,20211028,184500,49.915,50.26,49.915,50.26,200,0
DKL.US,5,20211028,185000,49.635,49.635,49.635,49.635,100,0
DKL.US,5,20211028,190000,49.65,49.65,49.65,49.65,100,0
DKL.US,5,20211028,191500,49.67,49.67,49.67,49.67,100,0
DKL.US,5,20211028,192500,49.69,49.69,49.69,49.69,100,0
DKL.US,5,20211028,194000,49.66,49.66,49.6,49.6,250,0
DKL.US,5,20211028,195000,50.05,50.05,49.845,49.845,200,0
DKL.US,5,20211028,200500,49.675,49.675,49.675,49.675,100,0
DKL.US,5,20211028,201000,49.8,49.8,49.8,49.8,196,0
DKL.US,5,20211028,201500,49.81,50,49.81,50,200,0
DKL.US,5,20211028,202000,50.04,50.04,50.04,50.04,443,0
DKL.US,5,20211028,202500,50.24,50.24,50.16,50.16,300,0
DKL.US,5,20211028,203000,50.05,50.08,49.8,49.8,750,0
DKL.US,5,20211028,203500,50.34,50.34,49.835,49.835,200,0
DKL.US,5,20211028,205000,49.845,50.3782,49.845,50.27,548,0
DKL.US,5,20211028,205500,49.85,49.85,49.85,49.85,100,0
DKL.US,5,20211028,210000,50.0797,50.0797,50.0797,50.0797,400,0
DKL.US,5,20211028,210500,49.825,49.825,49.825,49.825,100,0
DKL.US,5,20211028,211000,49.84,49.85,49.8,49.85,300,0
DKL.US,5,20211028,211500,49.91,49.91,49.68,49.68,300,0
DKL.US,5,20211028,213000,50.13,50.13,49.809,49.809,400,0
DKL.US,5,20211028,213500,50.17,50.17,49.7706,49.7792,300,0
DKL.US,5,20211028,214000,49.88,50.05,49.88,49.89,600,0
DKL.US,5,20211028,214500,49.7443,49.7443,49.7443,49.7443,100,0
DKL.US,5,20211028,215500,49.98,50.5,49.98,50.17,2429,0
DKL.US,5,20211029,153000,50.17,50.4294,50.17,50.4294,1048,0
DKL.US,5,20211029,154000,49.8229,49.99,49.8229,49.99,200,0
DKL.US,5,20211029,160500,49.7001,49.7001,49.7001,49.7001,100,0
DKL.US,5,20211029,161000,49.73,49.73,49.7,49.7,300,0
DKL.US,5,20211029,161500,49.6,49.6,49.37,49.37,200,0
DKL.US,5,20211029,163000,49.3,49.3,49.3,49.3,250,0
DKL.US,5,20211029,164500,49.8914,49.8914,49.8914,49.8914,200,0
DKL.US,5,20211029,165000,49.5,49.5,49.5,49.5,100,0
DKL.US,5,20211029,165500,49.5,50.005,49.5,50.005,1500,0
DKL.US,5,20211029,171000,49.99,49.99,49.99,49.99,100,0
DKL.US,5,20211029,173000,49.8181,49.8181,49.6383,49.6383,443,0
DKL.US,5,20211029,173500,50.1722,50.1722,50.1722,50.1722,100,0
DKL.US,5,20211029,174500,50.2199,50.2199,50.2199,50.2199,500,0
DKL.US,5,20211029,175000,49.75,49.76,49.75,49.76,200,0
DKL.US,5,20211029,180000,49.75,49.95,49.75,49.8,600,0
DKL.US,5,20211029,181000,50.44,50.44,50.44,50.44,100,0
DKL.US,5,20211029,182000,49.91,49.91,49.91,49.91,100,0
DKL.US,5,20211029,182500,49.9,49.9,49.9,49.9,100,0
DKL.US,5,20211029,183000,49.94,49.94,49.75,49.75,1399,0
DKL.US,5,20211029,183500,49.75,49.75,49.75,49.75,100,0
DKL.US,5,20211029,184000,49.75,49.75,49.75,49.75,200,0
DKL.US,5,20211029,185000,49.71,49.73,49.7,49.7,500,0
DKL.US,5,20211029,191000,49.7175,49.7175,49.7175,49.7175,100,0
DKL.US,5,20211029,193500,49.815,49.815,49.815,49.815,100,0
DKL.US,5,20211029,194000,50.0499,50.0499,49.71,49.71,716,0
DKL.US,5,20211029,194500,49.72,49.72,49.68,49.68,500,0
DKL.US,5,20211029,200000,49.69,49.69,49.69,49.69,100,0
DKL.US,5,20211029,202000,49.5,49.5,49.5,49.5,200,0
DKL.US,5,20211029,202500,49.33,49.33,49.32,49.32,650,0
DKL.US,5,20211029,203000,49.32,49.46,49.28,49.29,2015,0
DKL.US,5,20211029,210000,49.7,49.83,49.7,49.83,200,0
DKL.US,5,20211029,210500,49.42,49.565,49.25,49.565,1288,0
DKL.US,5,20211029,212000,49.375,49.375,49.375,49.375,125,0
DKL.US,5,20211029,213000,49.49,49.5,49.465,49.465,825,0
DKL.US,5,20211029,214000,49.8591,49.8591,49.26,49.8,1600,0
DKL.US,5,20211029,214500,49.5,49.76,49.5,49.76,820,0
DKL.US,5,20211029,215000,49.58,49.58,49.43,49.49,1276,0
DKL.US,5,20211029,215500,49.5,50.26,49.415,50.26,4864,0
DKL.US,5,20211101,143000,50.26,50.26,50.26,50.26,516,0
DKL.US,5,20211101,143500,50.21,50.64,50.1891,50.64,866,0
DKL.US,5,20211101,144500,49.5,49.5,49.5,49.5,100,0
DKL.US,5,20211101,145000,50.85,50.85,50.85,50.85,296,0
DKL.US,5,20211101,150000,50.63,50.63,50.63,50.63,100,0
DKL.US,5,20211101,150500,50.68,50.68,50.68,50.68,100,0
DKL.US,5,20211101,152500,50.73,50.73,50.67,50.67,200,0
DKL.US,5,20211101,153500,49.735,49.735,49.735,49.735,100,0
DKL.US,5,20211101,155000,49.95,49.95,49.95,49.95,100,0
DKL.US,5,20211101,160500,49.965,49.965,49.965,49.965,100,0
DKL.US,5,20211101,161500,50.62,51.49,50.61,51.49,5398,0
DKL.US,5,20211101,162500,51.41,51.41,51.03,51.03,700,0
DKL.US,5,20211101,163000,50.42,50.42,50.42,50.42,100,0
DKL.US,5,20211101,164000,50.78,50.81,50.78,50.81,200,0
DKL.US,5,20211101,165500,50.435,50.435,50.435,50.435,100,0
DKL.US,5,20211101,170000,50.42,50.42,50.42,50.42,100,0
DKL.US,5,20211101,170500,50.49,50.49,50.49,50.49,100,0
DKL.US,5,20211101,171000,50.42,50.42,50.42,50.42,100,0
DKL.US,5,20211101,171500,50.475,50.475,50.475,50.475,100,0
DKL.US,5,20211101,172500,50.495,50.495,50.495,50.495,100,0
DKL.US,5,20211101,173500,50.7538,50.7538,50.7538,50.7538,400,0
DKL.US,5,20211101,174000,50.525,50.525,50.525,50.525,100,0
DKL.US,5,20211101,174500,50.525,50.525,50.525,50.525,100,0
DKL.US,5,20211101,175500,50.1,50.1,50.1,50.1,100,0
DKL.US,5,20211101,180000,50.175,50.725,50.175,50.725,2175,0
DKL.US,5,20211101,180500,50.28,50.7,50.28,50.7,823,0
DKL.US,5,20211101,181500,50.07,50.07,50.07,50.07,100,0
DKL.US,5,20211101,182000,50,50,49.88,49.88,796,0
DKL.US,5,20211101,182500,49.715,49.715,49.715,49.715,100,0
DKL.US,5,20211101,183500,49.875,49.875,49.875,49.875,200,0
DKL.US,5,20211101,184000,49.75,49.75,49.75,49.75,100,0
DKL.US,5,20211101,184500,49.88,49.97,49.8,49.825,2600,0
DKL.US,5,20211101,185000,49.825,49.825,49.825,49.825,100,0
DKL.US,5,20211101,185500,49.825,51,49.825,51,500,0
DKL.US,5,20211101,190000,49.85,50.9876,49.85,50.9876,800,0
DKL.US,5,20211101,190500,49.75,49.825,49.75,49.825,500,0
DKL.US,5,20211101,191000,49.775,49.775,49.775,49.775,100,0
DKL.US,5,20211101,191500,49.775,49.775,49.775,49.775,100,0
DKL.US,5,20211101,192000,49.795,49.795,49.795,49.795,100,0
DKL.US,5,20211101,192500,49.795,49.795,49.795,49.795,100,0
DKL.US,5,20211101,193000,49.775,49.775,49.775,49.775,100,0
DKL.US,5,20211101,193500,49.795,49.795,49.795,49.795,100,0
DKL.US,5,20211101,194000,49.815,49.815,49.815,49.815,100,0
DKL.US,5,20211101,194500,49.805,49.805,49.805,49.805,100,0
DKL.US,5,20211101,195000,49.825,49.825,49.825,49.825,100,0
DKL.US,5,20211101,195500,49.885,49.885,49.885,49.885,100,0
DKL.US,5,20211101,200000,50.445,50.445,49.925,49.925,200,0
DKL.US,5,20211101,200500,49.895,49.895,49.895,49.895,100,0
DKL.US,5,20211101,201000,49.895,49.895,49.895,49.895,100,0
DKL.US,5,20211101,201500,49.9,50.44,49.9,49.915,303,0
DKL.US,5,20211101,202000,49.915,49.97,49.915,49.925,300,0
DKL.US,5,20211101,202500,49.95,49.95,49.88,49.88,200,0
DKL.US,5,20211101,203000,49.96,49.96,49.955,49.955,200,0
DKL.US,5,20211101,203500,49.895,49.895,49.895,49.895,200,0
DKL.US,5,20211101,204000,49.9,49.9,49.9,49.9,100,0
DKL.US,5,20211101,204500,49.905,49.94,49.9,49.9,300,0
DKL.US,5,20211101,205000,49.945,50.4805,49.86,49.88,1101,0
DKL.US,5,20211101,205500,49.885,49.885,49.86,49.86,249,0
DKL.US,5,20211102,143000,50.36,50.36,50.36,50.36,573,0
DKL.US,5,20211102,144000,49.97,49.97,49.97,49.97,100,0
DKL.US,5,20211102,144500,50.045,50.045,50,50,600,0
DKL.US,5,20211102,145000,51.3689,51.3689,50.05,50.77,340,0
DKL.US,5,20211102,145500,50.045,50.045,50.045,50.045,100,0
DKL.US,5,20211102,150000,50.1,51.54,50.02,50.02,1931,0
DKL.US,5,20211102,150500,50.1,50.1,50.1,50.1,100,0
DKL.US,5,20211102,151000,50.025,50.025,50.025,50.025,100,0
DKL.US,5,20211102,151500,50.05,50.05,50.05,50.05,100,0
DKL.US,5,20211102,152000,50.07,50.5,50.07,50.5,200,0
DKL.US,5,20211102,152500,50.115,50.77,50.115,50.115,300,0
DKL.US,5,20211102,153000,50.15,50.15,50,50.1,300,0
DKL.US,5,20211102,153500,50.25,50.25,50,50,1027,0
DKL.US,5,20211102,154000,49.86,49.86,49.62,49.69,979,0
DKL.US,5,20211102,154500,49.5,49.5,49.5,49.5,100,0
DKL.US,5,20211102,160000,49.31,49.31,49.25,49.25,204,0
DKL.US,5,20211102,160500,49.285,49.5,49.285,49.5,300,0
DKL.US,5,20211102,161000,49.345,50.58,49.345,50.57,744,0
DKL.US,5,20211102,161500,50.1,50.1,49.37,49.83,1100,0
DKL.US,5,20211102,162000,49.7064,50.28,49.6957,50.18,1534,0
DKL.US,5,20211102,162500,49.435,49.435,49.435,49.435,100,0
DKL.US,5,20211102,163000,49.78,49.78,49.78,49.78,100,0
DKL.US,5,20211102,163500,49.78,50.3176,49.78,50.3176,400,0
DKL.US,5,20211102,164000,49.55,49.55,49.55,49.55,100,0
DKL.US,5,20211102,164500,49.575,49.93,49.5,49.5,1099,0
DKL.US,5,20211102,165000,49.37,49.37,49.37,49.37,100,0
DKL.US,5,20211102,165500,49.4,49.4,49.4,49.4,100,0
DKL.US,5,20211102,170000,49.3,49.33,49.01,49.01,4732,0
DKL.US,5,20211102,170500,49.05,49.05,49.05,49.05,100,0
DKL.US,5,20211102,171000,49.03,49.03,49.03,49.03,100,0
DKL.US,5,20211102,171500,49.3744,49.3744,49.055,49.055,425,0
DKL.US,5,20211102,172000,49.1,49.371,49.1,49.371,200,0
DKL.US,5,20211102,172500,49.125,49.125,49.125,49.125,100,0
DKL.US,5,20211102,173000,49.125,49.2865,49.125,49.2865,258,0
DKL.US,5,20211102,173500,49.105,49.73,49.105,49.73,900,0
DKL.US,5,20211102,174000,49.475,49.475,49.475,49.475,100,0
DKL.US,5,20211102,174500,49.39,49.39,49.39,49.39,197,0
DKL.US,5,20211102,175000,49.175,49.24,49.15,49.15,1002,0
DKL.US,5,20211102,175500,49.775,50.1727,49.16,49.16,350,0
DKL.US,5,20211102,180000,49.15,49.15,49.15,49.15,113,0
DKL.US,5,20211102,180500,49.16,49.65,49.15,49.65,400,0
DKL.US,5,20211102,181500,50.0915,50.0915,50.0915,50.0915,100,0
DKL.US,5,20211102,182000,49.55,49.55,49.04,49.04,300,0
DKL.US,5,20211102,183000,50.0397,50.0397,50.0397,50.0397,320,0
DKL.US,5,20211102,184000,49.295,49.295,49.055,49.055,300,0
DKL.US,5,20211102,184500,49.065,49.065,49.065,49.065,100,0
DKL.US,5,20211102,185000,49.045,49.12,49.045,49.12,200,0
DKL.US,5,20211102,190500,49.02,49.06,49.02,49.06,209,0
DKL.US,5,20211102,191000,49.02,49.02,49,49,200,0
DKL.US,5,20211102,191500,48.56,48.56,48.56,48.56,100,0
DKL.US,5,20211102,192000,48.655,48.655,48.655,48.655,100,0
DKL.US,5,20211102,192500,48.5,48.5,48.5,48.5,100,0
DKL.US,5,20211102,193000,48.865,48.865,48.515,48.515,200,0
DKL.US,5,20211102,193500,48.645,48.665,48.645,48.665,200,0
DKL.US,5,20211102,194000,49.11,49.11,48.68,48.68,200,0
DKL.US,5,20211102,194500,48.685,48.685,48.68,48.68,200,0
DKL.US,5,20211102,195000,48.85,48.9,48.7,48.9,405,0
DKL.US,5,20211102,195500,48.69,48.8067,48.645,48.645,350,0
DKL.US,5,20211102,200000,48.79,48.79,48.65,48.65,200,0
DKL.US,5,20211102,200500,48.645,48.965,48.645,48.965,310,0
DKL.US,5,20211102,201000,48.92,49.34,48.24,48.24,3773,0
DKL.US,5,20211102,201500,48.3,48.855,48.295,48.295,400,0
DKL.US,5,20211102,202000,48.3,48.81,48.3,48.5,700,0
DKL.US,5,20211102,202500,48.365,48.855,48.31,48.33,400,0
DKL.US,5,20211102,203000,48.48,48.65,48.3,48.65,609,0
DKL.US,5,20211102,203500,48.305,49.12,48.305,48.305,700,0
DKL.US,5,20211102,204000,48.7,48.71,48.7,48.71,400,0
DKL.US,5,20211102,204500,48.96,48.99,48.8393,48.99,600,0
DKL.US,5,20211102,205000,48.75,48.75,48.75,48.75,300,0
DKL.US,5,20211102,205500,49.25,49.25,48.98,48.98,200,0
DKL.US,5,20211103,143000,49.19,49.19,49.19,49.19,695,0
DKL.US,5,20211103,143500,49.0342,49.8838,48.9,49.5098,2312,0
DKL.US,5,20211103,144500,48.855,48.855,48.495,48.495,200,0
DKL.US,5,20211103,145000,48.87,48.87,48.87,48.87,200,0
DKL.US,5,20211103,145500,48.52,48.52,48.52,48.52,100,0
DKL.US,5,20211103,150000,48.83,48.83,48.76,48.77,300,0
DKL.US,5,20211103,150500,48.77,48.77,48.75,48.75,565,0
DKL.US,5,20211103,151000,48.68,48.945,48.68,48.68,300,0
DKL.US,5,20211103,151500,48.875,48.875,48.68,48.68,700,0
DKL.US,5,20211103,152000,48.66,48.725,48.66,48.725,200,0
DKL.US,5,20211103,152500,48.905,48.905,48.8,48.8,1125,0
DKL.US,5,20211103,153000,48.875,50.0453,48.77,49.35,11643,0
DKL.US,5,20211103,153500,48.755,49.982,48.755,49.982,3129,0
DKL.US,5,20211103,154000,50,50.54,49.73,50.54,5089,0
DKL.US,5,20211103,154500,49.8219,50.55,49.8219,49.96,4275,0
DKL.US,5,20211103,155000,50.6935,50.74,50.03,50.1,750,0
DKL.US,5,20211103,155500,50.66,50.66,50.12,50.125,400,0
DKL.US,5,20211103,160000,50.38,50.56,50.38,50.56,1300,0
DKL.US,5,20211103,160500,50.39,50.39,50.19,50.19,1689,0
DKL.US,5,20211103,161000,49.995,49.995,49.25,49.25,400,0
DKL.US,5,20211103,161500,49.7,50.17,49.7,49.97,917,0
DKL.US,5,20211103,162500,49.98,50.07,49.9701,50.0119,17028,0
DKL.US,5,20211103,163000,50.355,50.355,49.97,50.355,800,0
DKL.US,5,20211103,163500,49.99,49.99,49.82,49.82,300,0
DKL.US,5,20211103,164000,49.82,49.82,49.345,49.345,200,0
DKL.US,5,20211103,164500,49.35,49.35,49.35,49.35,200,0
DKL.US,5,20211103,165000,49.36,49.36,49.36,49.36,100,0
DKL.US,5,20211103,165500,49.8,49.8,49.69,49.69,1200,0
DKL.US,5,20211103,170000,49.85,49.85,49.645,49.8,600,0
DKL.US,5,20211103,170500,49.65,49.65,49.295,49.295,1726,0
DKL.US,5,20211103,171000,49.335,49.335,49.335,49.335,100,0
DKL.US,5,20211103,171500,49.325,49.66,49.3,49.33,400,0
DKL.US,5,20211103,172000,49.6781,49.6781,49.32,49.34,700,0
DKL.US,5,20211103,172500,49.34,49.34,49.325,49.325,200,0
DKL.US,5,20211103,173000,49.31,49.31,49.19,49.2,300,0
DKL.US,5,20211103,173500,48.84,49.98,48.74,49.98,900,0
DKL.US,5,20211103,174000,48.77,48.79,48.77,48.79,200,0
DKL.US,5,20211103,174500,48.79,48.86,48.79,48.86,730,0
DKL.US,5,20211103,175000,48.77,48.77,48.76,48.76,200,0
DKL.US,5,20211103,175500,48.875,48.875,48.875,48.875,100,0
DKL.US,5,20211103,180000,48.85,48.97,48.83,48.97,1000,0
DKL.US,5,20211103,180500,48.98,49.9997,48.98,49.9997,1400,0
DKL.US,5,20211103,182000,49.9999,49.9999,49.4,49.4,1200,0
DKL.US,5,20211103,183000,50,50,49.85,49.95,394,0
DKL.US,5,20211103,185000,49.89,49.89,49.89,49.89,200,0
DKL.US,5,20211103,185500,49.85,49.89,49.85,49.88,500,0
DKL.US,5,20211103,190000,50,50,50,50,598,0
DKL.US,5,20211103,190500,49.355,49.89,49.355,49.89,200,0
DKL.US,5,20211103,191000,49.37,49.37,49.315,49.315,400,0
DKL.US,5,20211103,191500,49.32,49.4,49.32,49.4,272,0
DKL.US,5,20211103,192000,49.5,49.74,49.5,49.74,200,0
DKL.US,5,20211103,192500,49.83,50.49,49.83,50.49,450,0
DKL.US,5,20211103,193000,50.1182,50.1182,50.1182,50.1182,100,0
DKL.US,5,20211103,194500,49.9,49.9,49.49,49.505,400,0
DKL.US,5,20211103,195000,49.95,49.95,49.45,49.46,1321,0
DKL.US,5,20211103,195500,49.28,49.28,48.9,49.05,791,0
DKL.US,5,20211103,200000,49.06,49.1676,48.825,48.825,2000,0
DKL.US,5,20211103,200500,48.79,49.0753,48.65,48.65,1115,0
DKL.US,5,20211103,201000,48.84,49.0955,48.65,48.675,900,0
DKL.US,5,20211103,201500,48.855,49.09,48.65,48.74,2113,0
DKL.US,5,20211103,202000,49.1,49.1,48.7,48.725,1354,0
DKL.US,5,20211103,202500,48.76,48.765,48.76,48.765,400,0
DKL.US,5,20211103,203000,48.76,48.83,48.76,48.815,400,0
DKL.US,5,20211103,203500,49.205,49.205,48.69,48.69,796,0
DKL.US,5,20211103,204000,48.88,48.89,48.665,48.76,500,0
DKL.US,5,20211103,204500,49,49,48.77,48.77,200,0
DKL.US,5,20211103,205000,48.61,48.97,48.61,48.97,917,0
DKL.US,5,20211103,205500,49.04,49.25,49.012,49.04,2795,0
DKL.US,5,20211104,143000,47.9,47.96,47.46,47.46,3436,0
DKL.US,5,20211104,143500,48.01,48.01,48.01,48.01,100,0
DKL.US,5,20211104,144000,47.465,47.65,47.465,47.65,400,0
DKL.US,5,20211104,144500,47.6699,47.6699,47.35,47.35,738,0
DKL.US,5,20211104,145000,47.26,47.59,46.955,47.1226,6504,0
DKL.US,5,20211104,145500,47.1,47.63,46.955,47.62,1800,0
DKL.US,5,20211104,150000,47.6,47.6,47.6,47.6,100,0
DKL.US,5,20211104,150500,47.86,47.8899,47.48,47.48,1100,0
DKL.US,5,20211104,151000,47.3729,47.3729,47.3729,47.3729,300,0
DKL.US,5,20211104,151500,47.21,47.21,47.18,47.18,1368,0
DKL.US,5,20211104,152000,46.87,47.02,44.51,46.51,22809,0
DKL.US,5,20211104,152500,46.45,46.49,46.4,46.4,2850,0
DKL.US,5,20211104,153000,46.22,46.53,46.1,46.53,2447,0
DKL.US,5,20211104,153500,46.29,46.29,46.29,46.29,530,0
DKL.US,5,20211104,154000,46.58,46.765,46.58,46.765,1886,0
DKL.US,5,20211104,154500,46.59,46.79,46.59,46.79,300,0
DKL.US,5,20211104,155000,46.62,46.8,46.56,46.56,1892,0
DKL.US,5,20211104,155500,46.54,46.8,46.54,46.795,910,0
DKL.US,5,20211104,160000,47.07,47.07,46.765,46.765,200,0
DKL.US,5,20211104,160500,46.79,46.79,46.79,46.79,100,0
DKL.US,5,20211104,161000,46.75,46.75,46.7,46.7,3395,0
DKL.US,5,20211104,161500,46.84,46.95,46.84,46.95,1590,0
DKL.US,5,20211104,162000,46.765,46.765,46.765,46.765,100,0
DKL.US,5,20211104,162500,46.93,46.93,46.75,46.75,200,0
DKL.US,5,20211104,163000,46.715,46.715,46.715,46.715,100,0
DKL.US,5,20211104,163500,46.71,46.71,46.71,46.71,100,0
DKL.US,5,20211104,164000,46.71,46.71,46.71,46.71,100,0
DKL.US,5,20211104,164500,46.71,46.8013,46.7,46.8013,400,0
DKL.US,5,20211104,165500,46.565,46.9,46.565,46.9,200,0
DKL.US,5,20211104,170000,46.86,46.88,46.82,46.86,400,0
DKL.US,5,20211104,170500,46.61,46.61,46.61,46.61,100,0
DKL.US,5,20211104,171000,46.89,46.89,46.7461,46.7461,405,0
DKL.US,5,20211104,172000,46.5,46.5,46.3,46.3,1735,0
DKL.US,5,20211104,172500,46.01,46.195,46.01,46.195,213,0
DKL.US,5,20211104,173000,46.17,46.19,46.002,46.002,1100,0
DKL.US,5,20211104,173500,46.03,46.03,46.03,46.03,100,0
DKL.US,5,20211104,174000,46,46,45.88,45.88,982,0
DKL.US,5,20211104,174500,45.8,45.9,45.135,45.135,2400,0
DKL.US,5,20211104,175000,45.0801,45.175,45.0801,45.175,450,0
DKL.US,5,20211104,175500,45.49,46.09,45.49,45.8043,2100,0
DKL.US,5,20211104,180000,47.15,47.15,47.15,47.15,100,0
DKL.US,5,20211104,180500,45.775,46.74,45.775,46.415,2872,0
DKL.US,5,20211104,181000,45.705,45.93,45.705,45.75,950,0
DKL.US,5,20211104,181500,45.55,45.85,45.55,45.85,200,0
DKL.US,5,20211104,182000,45.555,46.2,45.555,46.2,200,0
DKL.US,5,20211104,182500,45.605,45.7773,45.605,45.7773,250,0
DKL.US,5,20211104,183000,45.7725,45.7725,45.73,45.73,300,0
DKL.US,5,20211104,183500,45.81,45.81,45.81,45.81,100,0
DKL.US,5,20211104,184000,45.77,45.77,45.77,45.77,100,0
DKL.US,5,20211104,184500,46.3,46.3,46.3,46.3,100,0
DKL.US,5,20211104,185000,46.35,46.36,46.35,46.36,300,0
DKL.US,5,20211104,185500,45.605,45.93,45.605,45.93,200,0
DKL.US,5,20211104,190000,46.83,46.83,45.775,45.775,400,0
DKL.US,5,20211104,190500,46.3,46.3,45.775,45.775,200,0
DKL.US,5,20211104,191000,46.29,46.29,46.29,46.29,211,0
DKL.US,5,20211104,195000,47.43,47.43,46.5001,46.5001,1100,0
DKL.US,5,20211104,202000,47.0301,47.0301,47.0301,47.0301,150,0
DKL.US,5,20211104,202500,46.75,46.8,46.6,46.6,631,0
DKL.US,5,20211104,203000,46.8,46.8,46.8,46.8,107,0
DKL.US,5,20211104,205500,46.81,47.3399,46.81,46.9,724,0
DKL.US,5,20211105,143000,46.76,46.76,46.76,46.76,786,0
DKL.US,5,20211105,143500,46.155,46.155,46.155,46.155,590,0
DKL.US,5,20211105,144000,46.16,46.75,46.16,46.75,300,0
DKL.US,5,20211105,152500,46.45,46.7529,46.43,46.435,1305,0
DKL.US,5,20211105,154000,46.1377,46.1377,46.12,46.12,750,0
DKL.US,5,20211105,154500,45.8425,45.8425,45.45,45.635,2175,0
DKL.US,5,20211105,155000,45.635,45.98,45.36,45.4841,1080,0
DKL.US,5,20211105,160000,45.37,45.635,45.29,45.635,1176,0
DKL.US,5,20211105,160500,45.26,45.26,45.26,45.26,852,0
DKL.US,5,20211105,161000,45.61,45.9599,45.61,45.9599,300,0
DKL.US,5,20211105,162000,45.47,45.47,45.465,45.465,200,0
DKL.US,5,20211105,163000,45.475,45.475,45.475,45.475,102,0
DKL.US,5,20211105,164500,45.47,45.47,45.47,45.47,100,0
DKL.US,5,20211105,170000,45.4,45.4,45.4,45.4,100,0
DKL.US,5,20211105,170500,45.1626,45.7,45.1626,45.7,452,0
DKL.US,5,20211105,171000,45.65,45.65,45.65,45.65,183,0
DKL.US,5,20211105,171500,45.6,45.6,45.5,45.5,400,0
DKL.US,5,20211105,172000,45.345,45.345,45.345,45.345,100,0
DKL.US,5,20211105,172500,45.67,46.092,45.62,46.092,875,0
DKL.US,5,20211105,173000,45.693,45.78,45.4989,45.78,865,0
DKL.US,5,20211105,173500,45.5017,46.41,45.2916,45.64,690,0
DKL.US,5,20211105,175000,45.6871,45.6871,45.6871,45.6871,100,0
DKL.US,5,20211105,175500,45.81,45.81,45.81,45.81,220,0
DKL.US,5,20211105,182000,45.71,45.82,45.595,45.595,1200,0
DKL.US,5,20211105,182500,45.565,45.565,45.565,45.565,922,0
DKL.US,5,20211105,183500,45.445,45.445,45.445,45.445,150,0
DKL.US,5,20211105,184000,45.6321,45.6321,45.6321,45.6321,100,0
DKL.US,5,20211105,184500,45.63,45.71,45.63,45.71,10099,0
DKL.US,5,20211105,185000,45.72,45.81,45.445,45.81,400,0
DKL.US,5,20211105,185500,46.46,46.46,46.46,46.46,600,0
DKL.US,5,20211105,190000,46.98,46.98,46.98,46.98,100,0
DKL.US,5,20211105,192000,46.715,46.98,46.715,46.98,1822,0
DKL.US,5,20211105,193000,46.87,46.87,46.87,46.87,891,0
DKL.US,5,20211105,193500,47.2,47.2,47.2,47.2,100,0
DKL.US,5,20211105,194500,46.9708,47.15,46.9708,47.15,200,0
DKL.US,5,20211105,201500,46.5501,46.5501,46.5501,46.5501,200,0
DKL.US,5,20211105,204500,47.08,47.08,47.03,47.08,300,0
DKL.US,5,20211105,205000,47.04,47.04,47.04,47.04,100,0
DKL.US,5,20211105,205500,46.64,46.85,46.64,46.84,1722,0
DKL.US,5,20211108,153000,47.1,47.1976,46.8713,46.8713,730,0
DKL.US,5,20211108,153500,47.2,47.3,46.87,47.3,1156,0
DKL.US,5,20211108,155000,47.3,47.3,47.3,47.3,611,0
DKL.US,5,20211108,160000,47.49,47.49,47.49,47.49,200,0
DKL.US,5,20211108,160500,47.47,47.47,47.47,47.47,100,0
DKL.US,5,20211108,161500,47.36,47.98,47.1,47.98,2268,0
DKL.US,5,20211108,162000,47.46,47.46,47.46,47.46,100,0
DKL.US,5,20211108,162500,47.81,47.81,47.3324,47.3324,581,0
DKL.US,5,20211108,163000,47.4,47.4,47.4,47.4,150,0
DKL.US,5,20211108,163500,48,48.3799,48,48.3799,805,0
DKL.US,5,20211108,164000,47.49,47.49,47.49,47.49,200,0
DKL.US,5,20211108,165000,47.75,47.75,47.75,47.75,101,0
DKL.US,5,20211108,170000,47.6914,47.6914,47.6914,47.6914,100,0
DKL.US,5,20211108,171000,47.8251,48.2,47.8251,48.09,2370,0
DKL.US,5,20211108,174000,47.93,47.93,47.93,47.93,100,0
DKL.US,5,20211108,175000,47.49,47.49,47.49,47.49,100,0
DKL.US,5,20211108,180500,46.8445,46.8445,46.8445,46.8445,1000,0
DKL.US,5,20211108,181000,47.8257,47.8257,47.8257,47.8257,300,0
DKL.US,5,20211108,181500,47.78,47.78,47.78,47.78,100,0
DKL.US,5,20211108,182500,47.345,47.345,47.34,47.34,1600,0
DKL.US,5,20211108,183000,47.5945,47.5945,47,47,700,0
DKL.US,5,20211108,192500,47.635,47.635,47.635,47.635,100,0
DKL.US,5,20211108,193500,47.71,47.71,47.71,47.71,100,0
DKL.US,5,20211108,195000,47.58,47.58,47.58,47.58,100,0
DKL.US,5,20211108,200000,47.65,47.65,47.65,47.65,100,0
DKL.US,5,20211108,201500,47.63,47.63,47.63,47.63,100,0
DKL.US,5,20211108,203000,47.63,47.66,47.505,47.66,300,0
DKL.US,5,20211108,203500,47.66,47.66,47.66,47.66,100,0
DKL.US,5,20211108,205000,47.67,47.67,47.67,47.67,100,0
DKL.US,5,20211108,210000,47.71,47.71,47.71,47.71,100,0
DKL.US,5,20211108,212500,47.61,47.7,47.29,47.37,1290,0
DKL.US,5,20211108,213500,47.56,47.56,47.56,47.56,106,0
DKL.US,5,20211108,214000,47.67,47.67,47.67,47.67,100,0
DKL.US,5,20211108,214500,47.47,47.47,47.47,47.47,100,0
DKL.US,5,20211108,215000,47.56,47.56,47.56,47.56,100,0
DKL.US,5,20211108,215500,47.23,47.69,47.23,47.53,893,0
DKL.US,5,20211109,153000,47.38,47.38,47.38,47.38,261,0
DKL.US,5,20211109,154000,47.1903,47.3368,47.1903,47.3368,226,0
DKL.US,5,20211109,154500,47.9,47.9,47.9,47.9,100,0
DKL.US,5,20211109,155000,47.995,47.995,47.995,47.995,200,0
DKL.US,5,20211109,155500,47.72,47.72,47.61,47.61,300,0
DKL.US,5,20211109,160000,47.52,47.52,47.52,47.52,167,0
DKL.US,5,20211109,162000,47.5955,47.5955,47.5955,47.5955,100,0
DKL.US,5,20211109,162500,47.43,47.65,47.43,47.65,800,0
DKL.US,5,20211109,163000,47.733,48.02,47.733,48.02,600,0
DKL.US,5,20211109,164500,47.7132,47.7132,47.7132,47.7132,200,0
DKL.US,5,20211109,171500,47.5,47.5,47.27,47.27,200,0
DKL.US,5,20211109,172000,47.28,47.28,47.28,47.28,250,0
DKL.US,5,20211109,172500,47.27,47.325,47.06,47.06,2450,0
DKL.US,5,20211109,173000,46.943,47.24,46.943,47.24,568,0
DKL.US,5,20211109,173500,46.88,46.88,46.84,46.84,300,0
DKL.US,5,20211109,175000,47.04,47.04,46.81,46.81,200,0
DKL.US,5,20211109,175500,46.6,46.79,46.42,46.7894,1199,0
DKL.US,5,20211109,181000,46.545,46.6994,46.545,46.6994,200,0
DKL.US,5,20211109,181500,46.565,46.5994,46.565,46.5994,200,0
DKL.US,5,20211109,182000,47,47,47,47,100,0
DKL.US,5,20211109,182500,46.97,47.52,46.35,46.35,2085,0
DKL.US,5,20211109,185500,46.9001,47.6,46.9001,47.6,1494,0
DKL.US,5,20211109,201500,47.32,47.33,47.32,47.33,300,0
DKL.US,5,20211109,202500,47.32,47.32,47.32,47.32,100,0
DKL.US,5,20211109,205500,47,47,47,47,200,0
DKL.US,5,20211109,210000,47.5118,47.5118,47.5118,47.5118,650,0
DKL.US,5,20211109,210500,47.27,47.27,47.27,47.27,100,0
DKL.US,5,20211109,212500,47.39,47.45,46.97,47.38,800,0
DKL.US,5,20211109,213500,47.1969,47.1969,47.19,47.19,310,0
DKL.US,5,20211109,214500,47.165,47.165,47.02,47.02,600,0
DKL.US,5,20211109,215000,46.99,47.15,46.99,47.15,500,0
DKL.US,5,20211109,215500,47.29,47.45,47.03,47.45,1545,0
DKL.US,5,20211110,153000,47.47,47.47,47.355,47.355,1705,0
DKL.US,5,20211110,153500,47.261,47.515,47.2567,47.515,906,0
DKL.US,5,20211110,155000,47.515,47.515,47.515,47.515,248,0
DKL.US,5,20211110,155500,47.59,47.59,47.5,47.57,400,0
DKL.US,5,20211110,160000,47.15,47.15,47.15,47.15,2600,0
DKL.US,5,20211110,160500,47.56,47.8995,47.22,47.45,1701,0
DKL.US,5,20211110,161000,47.66,48.105,47.54,47.6,1000,0
DKL.US,5,20211110,161500,47.666,47.96,47.47,47.47,1270,0
DKL.US,5,20211110,162500,47.92,47.92,47.92,47.92,100,0
DKL.US,5,20211110,164000,47.31,47.31,47.31,47.31,200,0
DKL.US,5,20211110,165000,46.8104,46.8104,46.8104,46.8104,410,0
DKL.US,5,20211110,171000,47.355,47.355,47.355,47.355,100,0
DKL.US,5,20211110,171500,47.78,47.78,47.5548,47.5548,300,0
DKL.US,5,20211110,184500,46.76,46.76,46.76,46.76,100,0
DKL.US,5,20211110,194500,47,47,46.55,46.92,1005,0
DKL.US,5,20211110,195000,46.5,46.5,46.5,46.5,572,0
DKL.US,5,20211110,202500,46.68,46.68,46.68,46.68,100,0
DKL.US,5,20211110,204000,46.26,46.26,46.25,46.25,200,0
DKL.US,5,20211110,205500,46.62,46.62,46.62,46.62,100,0
DKL.US,5,20211110,210500,46.56,46.56,46.56,46.56,100,0
DKL.US,5,20211110,211500,46.67,46.72,46.67,46.72,600,0
DKL.US,5,20211110,213000,46.6345,46.6345,46.6345,46.6345,500,0
DKL.US,5,20211110,213500,46.61,46.61,46.61,46.61,100,0
DKL.US,5,20211110,214000,46.455,46.455,46.32,46.32,300,0
DKL.US,5,20211110,215500,46.19,46.43,46.19,46.43,1264,0
DKL.US,5,20211111,153000,46.3,46.8654,46.3,46.8654,609,0
DKL.US,5,20211111,153500,47.06,47.06,47.06,47.06,100,0
DKL.US,5,20211111,154000,46.68,46.7398,46.68,46.7398,300,0
DKL.US,5,20211111,154500,46.62,47.025,46.62,47.025,666,0
DKL.US,5,20211111,155500,46.94,46.94,46.68,46.68,200,0
DKL.US,5,20211111,160000,46.92,47.45,46.91,47.45,2401,0
DKL.US,5,20211111,160500,47.505,47.505,47.505,47.505,100,0
DKL.US,5,20211111,161000,47.0017,47.23,46.87,47.22,5646,0
DKL.US,5,20211111,161500,47.27,47.47,47.16,47.43,1943,0
DKL.US,5,20211111,162000,47.08,47.08,47.08,47.08,100,0
DKL.US,5,20211111,162500,47.65,47.65,46.74,46.74,300,0
DKL.US,5,20211111,163000,47.085,47.085,47.075,47.075,200,0
DKL.US,5,20211111,163500,47.065,47.065,47.06,47.06,200,0
DKL.US,5,20211111,164000,47.055,47.055,47.055,47.055,100,0
DKL.US,5,20211111,164500,46.63,46.63,46.63,46.63,100,0
DKL.US,5,20211111,165000,47.035,47.035,47.035,47.035,100,0
DKL.US,5,20211111,165500,46.74,46.74,46.74,46.74,100,0
DKL.US,5,20211111,170500,46.74,46.74,46.74,46.74,100,0
DKL.US,5,20211111,171000,46.72,47.07,46.72,47.07,300,0
DKL.US,5,20211111,171500,47.395,47.395,46.76,46.76,200,0
DKL.US,5,20211111,172000,47.07,47.07,46.73,46.73,200,0
DKL.US,5,20211111,172500,46.8,47.035,46.8,47.035,200,0
DKL.US,5,20211111,173000,46.81,46.81,46.68,46.68,200,0
DKL.US,5,20211111,173500,46.915,46.915,46.91,46.91,239,0
DKL.US,5,20211111,174000,46.81,46.83,46.81,46.83,200,0
DKL.US,5,20211111,175000,46.91,46.91,46.91,46.91,100,0
DKL.US,5,20211111,175500,46.85,46.85,46.85,46.85,100,0
DKL.US,5,20211111,180500,46.865,47.035,46.865,47.035,600,0
DKL.US,5,20211111,181000,47.03,47.03,46.7,46.86,1301,0
DKL.US,5,20211111,181500,46.91,46.91,46.91,46.91,100,0
DKL.US,5,20211111,182000,46.91,46.91,46.621,46.621,200,0
DKL.US,5,20211111,182500,46.62,46.89,46.62,46.89,250,0
DKL.US,5,20211111,183000,46.62,46.62,46.62,46.62,100,0
DKL.US,5,20211111,183500,46.72,46.91,46.72,46.72,550,0
DKL.US,5,20211111,184500,46.89,46.89,46.67,46.6995,600,0
DKL.US,5,20211111,185000,46.69,46.71,46.59,46.59,2252,0
DKL.US,5,20211111,185500,46.09,46.09,46.09,46.09,100,0
DKL.US,5,20211111,190000,46.81,46.81,45.95,45.95,200,0
DKL.US,5,20211111,191000,45.96,45.96,45.96,45.96,100,0
DKL.US,5,20211111,191500,46.7095,46.7095,46.23,46.23,200,0
DKL.US,5,20211111,192000,47.03,47.65,46.41,46.41,500,0
DKL.US,5,20211111,192500,46.58,46.58,46.58,46.58,100,0
DKL.US,5,20211111,193000,46.87,46.87,46.87,46.87,100,0
DKL.US,5,20211111,193500,46.91,46.91,46.91,46.91,100,0
DKL.US,5,20211111,194000,46.29,46.9,46.29,46.63,300,0
DKL.US,5,20211111,194500,46.85,46.85,46.63,46.63,200,0
DKL.US,5,20211111,195000,46.96,46.96,46.34,46.34,200,0
DKL.US,5,20211111,200000,46.54,46.54,46.54,46.54,100,0
DKL.US,5,20211111,200500,46.44,46.48,46.22,46.22,1300,0
DKL.US,5,20211111,201000,46.38,46.4,46.38,46.4,293,0
DKL.US,5,20211111,202000,47.6,47.6,46.37,46.37,200,0
DKL.US,5,20211111,203000,46.36,46.36,46.36,46.36,100,0
DKL.US,5,20211111,203500,47.28,47.28,46.35,46.35,200,0
DKL.US,5,20211111,204500,46.855,46.855,46.37,46.37,300,0
DKL.US,5,20211111,205500,46.42,47.2139,46.42,46.56,850,0
DKL.US,5,20211111,210000,46.47,46.75,46.47,46.75,200,0
DKL.US,5,20211111,210500,46.8,47.225,46.79,47.15,700,0
DKL.US,5,20211111,211500,46.78,47.015,46.78,47.015,200,0
DKL.US,5,20211111,212000,47.25,47.25,46.87,47.16,400,0
DKL.US,5,20211111,212500,46.93,47.19,46.93,47.19,200,0
DKL.US,5,20211111,213500,47.19,47.19,47.19,47.19,100,0
DKL.US,5,20211111,214000,47,47.15,47,47.15,200,0
DKL.US,5,20211111,214500,47.05,47.05,46.85,46.85,300,0
DKL.US,5,20211111,215000,46.81,47.15,46.71,46.71,700,0
DKL.US,5,20211111,215500,46.83,47.17,46.81,46.91,5111,0
