<TICKER>,<PER>,<DATE>,<TIME>,<OPEN>,<HIGH>,<LOW>,<CLOSE>,<VOL>,<OPENINT>
EP_C.US,5,20210922,164000,50.213,50.213,50.213,50.213,150,0
EP_C.US,5,20210922,175000,50.2,50.2,50.2,50.2,497,0
EP_C.US,5,20210922,201000,50.2,50.2,50.17,50.17,325,0
EP_C.US,5,20210922,215000,50.15,50.15,50.15,50.15,114,0
EP_C.US,5,20210923,153000,50.1,50.1,50.1,50.1,200,0
EP_C.US,5,20210923,161500,50.15,50.16,50.15,50.16,375,0
EP_C.US,5,20210923,194000,50.1899,50.1899,50.1899,50.1899,300,0
EP_C.US,5,20210923,200500,50.1,50.1,49.99,49.99,817,0
EP_C.US,5,20210923,201500,50.01,50.01,50.01,50.01,100,0
EP_C.US,5,20210923,202000,50,50.057,50,50.057,400,0
EP_C.US,5,20210923,210000,50.15,50.15,50.15,50.15,300,0
EP_C.US,5,20210923,210500,50.17,50.17,50.15,50.15,500,0
EP_C.US,5,20210923,214000,50.15,50.15,50.15,50.15,300,0
EP_C.US,5,20210923,214500,50.15,50.15,50.15,50.15,991,0
EP_C.US,5,20210924,165000,50.1499,50.1499,50.1499,50.1499,1000,0
EP_C.US,5,20210924,170000,50.15,50.15,50.15,50.15,3083,0
EP_C.US,5,20210924,183500,50.042,50.042,50.042,50.042,125,0
EP_C.US,5,20210924,185000,50.03,50.03,50.03,50.03,100,0
EP_C.US,5,20210924,200500,50.05,50.05,50.05,50.05,100,0
EP_C.US,5,20210924,202500,50.05,50.05,50.05,50.05,400,0
EP_C.US,5,20210924,212500,50.0999,50.0999,50.0999,50.0999,200,0
EP_C.US,5,20210924,213500,50.1,50.1,50.1,50.1,473,0
EP_C.US,5,20210927,165000,50.1,50.1,50.1,50.1,100,0
EP_C.US,5,20210927,202500,50.05,50.05,50.05,50.05,100,0
EP_C.US,5,20210927,203500,50.0433,50.0433,50,50,200,0
EP_C.US,5,20210927,205500,50,50,50,50,150,0
EP_C.US,5,20210927,215000,50.05,50.05,50.05,50.05,200,0
EP_C.US,5,20210927,215500,50.0245,50.0245,50.0245,50.0245,100,0
EP_C.US,5,20210928,154500,50.01,50.01,50.01,50.01,850,0
EP_C.US,5,20210928,155000,50.01,50.01,50.01,50.01,200,0
EP_C.US,5,20210928,155500,50.01,50.01,50.01,50.01,500,0
EP_C.US,5,20210928,160500,50.01,50.01,50.01,50.01,300,0
EP_C.US,5,20210928,162500,50,50,50,50,100,0
EP_C.US,5,20210928,165000,50.0001,50.0001,50.0001,50.0001,100,0
EP_C.US,5,20210928,170500,50,50,49.99,49.99,4428,0
EP_C.US,5,20210928,172000,50.0126,50.0126,50.0126,50.0126,100,0
EP_C.US,5,20210928,172500,50.0001,50.0001,50.0001,50.0001,200,0
EP_C.US,5,20210928,180500,50,50,50,50,100,0
EP_C.US,5,20210928,181000,50,50,50,50,200,0
EP_C.US,5,20210928,193000,50.01,50.01,50,50.0073,670,0
EP_C.US,5,20210928,202500,50.005,50.005,50.005,50.005,200,0
EP_C.US,5,20210928,205000,50.01,50.01,50.0066,50.0066,1670,0
EP_C.US,5,20210928,212000,50.005,50.005,50.005,50.005,100,0
EP_C.US,5,20210928,212500,50,50,50,50,100,0
EP_C.US,5,20210928,213000,50,50,50,50,327,0
EP_C.US,5,20210929,153000,50,50,50,50,1500,0
EP_C.US,5,20210929,155500,50.03,50.03,50.03,50.03,100,0
EP_C.US,5,20210929,170500,50.05,50.05,50.05,50.05,200,0
EP_C.US,5,20210929,181500,50.0201,50.0201,50.0201,50.0201,100,0
EP_C.US,5,20210929,201000,50.05,50.1,50.05,50.1,900,0
EP_C.US,5,20210929,214500,50.08,50.08,50.08,50.08,199,0
EP_C.US,5,20210930,153000,50.08,50.09,50.08,50.09,489,0
EP_C.US,5,20210930,174000,50.011,50.011,50.011,50.011,100,0
EP_C.US,5,20210930,174500,50,50,50,50,200,0
EP_C.US,5,20210930,184500,50.02,50.02,50.02,50.02,100,0
EP_C.US,5,20210930,200000,50,50,50,50,200,0
EP_C.US,5,20210930,200500,50,50,50,50,200,0
EP_C.US,5,20210930,201000,50,50,50,50,100,0
EP_C.US,5,20210930,201500,50,50,50,50,200,0
EP_C.US,5,20210930,202000,50,50,50,50,200,0
EP_C.US,5,20210930,202500,50,50.0499,50,50,300,0
EP_C.US,5,20210930,203000,50,50,50,50,200,0
EP_C.US,5,20210930,203500,50,50,50,50,200,0
EP_C.US,5,20210930,204000,50,50,50,50,1048,0
EP_C.US,5,20210930,205500,49.99,49.99,49.99,49.99,200,0
EP_C.US,5,20210930,210000,49.99,49.99,49.99,49.99,200,0
EP_C.US,5,20210930,210500,49.99,49.99,49.99,49.99,200,0
EP_C.US,5,20210930,211000,49.99,49.99,49.99,49.99,100,0
EP_C.US,5,20210930,211500,49.99,49.99,49.99,49.99,200,0
EP_C.US,5,20210930,212000,49.99,49.99,49.99,49.99,200,0
EP_C.US,5,20210930,215000,49.99,49.99,49.26,49.28,11300,0
EP_C.US,5,20210930,215500,49.9,49.9,49.55,49.55,19596,0
EP_C.US,5,20211001,153000,49.69,49.69,49.69,49.69,249,0
EP_C.US,5,20211001,153500,49.8,49.8,49.8,49.8,944,0
EP_C.US,5,20211001,154000,49.8,49.8,49.8,49.8,500,0
EP_C.US,5,20211001,155000,49.9022,49.9022,49.9022,49.9022,100,0
EP_C.US,5,20211001,155500,49.8,49.8,49.8,49.8,400,0
EP_C.US,5,20211001,164000,49.8,49.8,49.8,49.8,717,0
EP_C.US,5,20211001,174000,49.86,49.86,49.86,49.86,200,0
EP_C.US,5,20211001,175000,49.81,49.81,49.8,49.8,1231,0
EP_C.US,5,20211001,185000,49.82,49.82,49.82,49.82,444,0
EP_C.US,5,20211001,214000,49.9,49.9,49.9,49.9,250,0
EP_C.US,5,20211004,153000,49.9,49.9,49.9,49.9,100,0
EP_C.US,5,20211004,163500,49.74,49.74,49.74,49.74,130,0
EP_C.US,5,20211004,172500,49.74,49.74,49.74,49.74,150,0
EP_C.US,5,20211004,181500,49.5117,49.5117,49.5117,49.5117,450,0
EP_C.US,5,20211004,194000,49.6,49.6,49.6,49.6,100,0
EP_C.US,5,20211004,211000,49.8,49.839,49.8,49.839,700,0
EP_C.US,5,20211004,215000,49.8,49.8,49.8,49.8,142,0
EP_C.US,5,20211005,165500,49.615,49.615,49.615,49.615,400,0
EP_C.US,5,20211005,170000,49.665,49.665,49.665,49.665,100,0
EP_C.US,5,20211005,180000,49.65,49.65,49.65,49.65,123,0
EP_C.US,5,20211005,211000,49.78,49.78,49.78,49.78,100,0
EP_C.US,5,20211005,213500,49.77,49.77,49.77,49.77,500,0
EP_C.US,5,20211005,215000,49.75,49.75,49.75,49.75,100,0
EP_C.US,5,20211005,215500,49.75,49.76,49.75,49.76,300,0
EP_C.US,5,20211006,155000,49.75,49.75,49.75,49.75,100,0
EP_C.US,5,20211006,180000,49.75,49.75,49.75,49.75,100,0
EP_C.US,5,20211006,181000,49.705,49.705,49.705,49.705,100,0
EP_C.US,5,20211006,204000,49.75,49.75,49.75,49.75,200,0
EP_C.US,5,20211006,204500,49.75,49.75,49.75,49.75,100,0
EP_C.US,5,20211006,212000,49.88,49.88,49.8399,49.8399,400,0
EP_C.US,5,20211006,213500,49.815,49.815,49.815,49.815,130,0
EP_C.US,5,20211007,153000,49.82,49.82,49.82,49.82,100,0
EP_C.US,5,20211007,154000,49.8356,49.8356,49.8356,49.8356,100,0
EP_C.US,5,20211007,160000,49.849,49.849,49.8,49.8,465,0
EP_C.US,5,20211007,171500,49.8,49.8,49.8,49.8,110,0
EP_C.US,5,20211007,173000,49.81,49.81,49.77,49.77,1200,0
EP_C.US,5,20211007,173500,49.81,49.81,49.801,49.801,400,0
EP_C.US,5,20211007,204500,49.95,49.95,49.94,49.94,594,0
EP_C.US,5,20211007,215000,49.9,49.9,49.9,49.9,100,0
EP_C.US,5,20211008,153000,49.95,49.95,49.95,49.95,300,0
EP_C.US,5,20211008,160500,49.95,50.005,49.95,50.005,400,0
EP_C.US,5,20211008,203500,49.95,49.95,49.95,49.95,121,0
EP_C.US,5,20211008,212500,49.97,49.97,49.97,49.97,100,0
EP_C.US,5,20211011,153000,50,50,50,50,100,0
EP_C.US,5,20211011,155000,50.0367,50.0367,50,50,416,0
EP_C.US,5,20211011,170500,50,50,50,50,625,0
EP_C.US,5,20211012,160500,50.0999,50.1,50.0166,50.0166,911,0
EP_C.US,5,20211012,201500,50.1,50.1,50.1,50.1,100,0
EP_C.US,5,20211012,213500,50.1,50.1722,50.1,50.1722,980,0
EP_C.US,5,20211012,215500,50.15,50.15,50.15,50.15,200,0
EP_C.US,5,20211013,154000,50.135,50.135,50.135,50.135,360,0
EP_C.US,5,20211013,155500,50.23,50.23,50.23,50.23,100,0
EP_C.US,5,20211013,191000,50.17,50.17,50.17,50.17,100,0
EP_C.US,5,20211013,204500,50.05,50.05,50.05,50.05,100,0
EP_C.US,5,20211013,211500,50.15,50.15,50.15,50.15,132,0
EP_C.US,5,20211013,214500,50.17,50.17,50.17,50.17,100,0
EP_C.US,5,20211013,215000,50.12,50.12,50.12,50.12,150,0
EP_C.US,5,20211014,153000,50.02,50.02,50.02,50.02,100,0
EP_C.US,5,20211014,160000,50.1,50.1,50.1,50.1,106,0
EP_C.US,5,20211014,164000,50.11,50.11,50.1,50.1,200,0
EP_C.US,5,20211014,180000,50.1,50.1,50.1,50.1,289,0
EP_C.US,5,20211014,180500,50.1,50.1,50.1,50.1,100,0
EP_C.US,5,20211014,202000,50.105,50.105,50.105,50.105,100,0
EP_C.US,5,20211014,202500,50.07,50.07,50.05,50.05,800,0
EP_C.US,5,20211014,205000,50.08,50.08,50.08,50.08,116,0
EP_C.US,5,20211014,214000,50.08,50.08,50.08,50.08,100,0
EP_C.US,5,20211014,214500,50.14,50.14,50.14,50.14,100,0
EP_C.US,5,20211014,215500,50.1,50.1,50.05,50.05,410,0
EP_C.US,5,20211015,153000,50.02,50.02,50.02,50.02,100,0
EP_C.US,5,20211015,180500,50.115,50.115,50.115,50.115,100,0
EP_C.US,5,20211015,184000,50.1,50.1,50.1,50.1,100,0
EP_C.US,5,20211015,203000,50.0452,50.0452,50.0452,50.0452,107,0
EP_C.US,5,20211018,153000,50.05,50.05,50.05,50.05,120,0
EP_C.US,5,20211018,174000,50.2,50.2,50.2,50.2,150,0
EP_C.US,5,20211018,192500,50.135,50.135,50.135,50.135,200,0
EP_C.US,5,20211018,195000,50.11,50.11,50.11,50.11,100,0
EP_C.US,5,20211018,200500,50.12,50.12,50.12,50.12,204,0
EP_C.US,5,20211018,215000,50.13,50.13,50.13,50.13,100,0
EP_C.US,5,20211019,162500,50.14,50.14,50.14,50.14,100,0
EP_C.US,5,20211019,172500,50.1,50.1,50.1,50.1,100,0
EP_C.US,5,20211019,181000,50.09,50.09,50.05,50.05,880,0
EP_C.US,5,20211019,203000,50.0928,50.0928,50.0928,50.0928,840,0
EP_C.US,5,20211019,215500,50.05,50.05,50.05,50.05,200,0
EP_C.US,5,20211020,174000,50.1124,50.1124,50.1124,50.1124,100,0
EP_C.US,5,20211020,185500,50.05,50.05,50.05,50.05,100,0
EP_C.US,5,20211020,200500,50.1586,50.1586,50.1586,50.1586,189,0
EP_C.US,5,20211020,211500,50.03,50.0301,50.03,50.03,816,0
EP_C.US,5,20211021,153000,50,50,49.995,49.995,308,0
EP_C.US,5,20211021,160500,50,50,50,50,100,0
EP_C.US,5,20211021,170000,50,50,50,50,200,0
EP_C.US,5,20211021,172000,50,50,50,50,100,0
EP_C.US,5,20211021,172500,50,50,50,50,100,0
EP_C.US,5,20211021,173500,50,50,50,50,100,0
EP_C.US,5,20211021,174000,50,50,50,50,100,0
EP_C.US,5,20211021,180000,50.08,50.08,50.08,50.08,100,0
EP_C.US,5,20211021,204000,50.05,50.0647,50.05,50.0647,341,0
EP_C.US,5,20211022,161500,50.1,50.1,50.1,50.1,200,0
EP_C.US,5,20211022,162500,50.16,50.16,50.16,50.16,100,0
EP_C.US,5,20211022,204000,50.0601,50.0615,50.06,50.0615,400,0
EP_C.US,5,20211025,155500,50.06,50.06,50.06,50.06,101,0
EP_C.US,5,20211025,161500,50.01,50.01,50.01,50.01,100,0
EP_C.US,5,20211025,165500,50.18,50.18,50.18,50.18,100,0
EP_C.US,5,20211026,191500,50.12,50.12,50.12,50.12,200,0
EP_C.US,5,20211026,192000,50.1223,50.1223,50.1223,50.1223,200,0
EP_C.US,5,20211026,200000,50.13,50.13,50.13,50.13,100,0
EP_C.US,5,20211026,202000,50.1899,50.1899,50.1899,50.1899,100,0
EP_C.US,5,20211026,211500,50.18,50.25,50.18,50.25,554,0
EP_C.US,5,20211027,153000,50.23,50.23,50.23,50.23,200,0
EP_C.US,5,20211027,162500,50.22,50.22,50.22,50.22,100,0
EP_C.US,5,20211027,170500,50.24,50.24,50.24,50.24,100,0
EP_C.US,5,20211027,172000,50.25,50.25,50.2499,50.2499,433,0
EP_C.US,5,20211027,185000,50.2592,50.2592,50.2592,50.2592,300,0
EP_C.US,5,20211027,191500,50.38,50.38,50.38,50.38,100,0
EP_C.US,5,20211027,200500,50.44,50.44,50.44,50.44,100,0
EP_C.US,5,20211027,205500,50.26,50.26,50.24,50.252,800,0
EP_C.US,5,20211028,194000,50.2501,50.2501,50.2501,50.2501,227,0
EP_C.US,5,20211029,172500,50.3666,50.3666,50.3666,50.3666,200,0
EP_C.US,5,20211029,200500,50.4673,50.4673,50.4673,50.4673,200,0
EP_C.US,5,20211101,204000,50.44,50.44,50.44,50.44,139,0
EP_C.US,5,20211101,204500,50.46,50.47,50.46,50.47,250,0
EP_C.US,5,20211101,205000,50.5,50.5,50.5,50.5,100,0
EP_C.US,5,20211101,205500,50.6,50.6,50.6,50.6,170,0
EP_C.US,5,20211102,180500,50.2523,50.2523,50.2523,50.2523,155,0
EP_C.US,5,20211102,185000,50.49,50.49,50.49,50.49,100,0
EP_C.US,5,20211102,193500,50.44,50.44,50.3501,50.3501,937,0
EP_C.US,5,20211103,145500,50.5,50.5,50.5,50.5,500,0
EP_C.US,5,20211103,154500,50.4,50.4,50.4,50.4,100,0
EP_C.US,5,20211104,160500,50.52,50.52,50.49,50.49,500,0
EP_C.US,5,20211104,162000,50.45,50.45,50.45,50.45,100,0
EP_C.US,5,20211104,164000,50.4,50.4,50.33,50.33,1100,0
EP_C.US,5,20211104,180000,50.42,50.42,50.42,50.42,126,0
EP_C.US,5,20211104,204500,50.35,50.35,50.35,50.35,400,0
EP_C.US,5,20211105,182500,50.44,50.44,50.43,50.43,1119,0
EP_C.US,5,20211105,204500,50.55,50.55,50.55,50.55,100,0
EP_C.US,5,20211105,205000,50.54,50.55,50.54,50.55,200,0
EP_C.US,5,20211108,153000,50.6,50.6,50.6,50.6,200,0
EP_C.US,5,20211108,161000,50.63,50.63,50.6298,50.6298,493,0
EP_C.US,5,20211108,184000,50.35,50.35,50.35,50.35,100,0
EP_C.US,5,20211108,201500,50.52,50.55,50.52,50.55,200,0
EP_C.US,5,20211108,205000,50.52,50.55,50.52,50.55,400,0
EP_C.US,5,20211108,211500,50.55,50.55,50.55,50.55,100,0
EP_C.US,5,20211108,213500,50.59,50.59,50.35,50.35,460,0
EP_C.US,5,20211108,214000,50.35,50.35,50.35,50.35,300,0
EP_C.US,5,20211108,214500,50.3,50.3,50.27,50.27,600,0
EP_C.US,5,20211108,215000,50.2,50.2,50.18,50.2,300,0
EP_C.US,5,20211108,215500,50.2,50.49,49.42,50.49,9888,0
EP_C.US,5,20211109,161000,50.15,50.15,50.15,50.15,200,0
EP_C.US,5,20211109,162500,50.07,50.4399,50.07,50.4399,300,0
EP_C.US,5,20211109,163000,50.04,50.15,50.03,50.15,300,0
EP_C.US,5,20211109,163500,50.2,50.2,50.2,50.2,200,0
EP_C.US,5,20211109,194000,50.28,50.3135,50.28,50.3135,2200,0
EP_C.US,5,20211109,205500,50.3501,50.3501,50.3501,50.3501,400,0
EP_C.US,5,20211109,215500,50.33,50.4122,50.33,50.4122,369,0
EP_C.US,5,20211110,190000,50.36,50.36,50.36,50.36,113,0
EP_C.US,5,20211110,190500,50.33,50.33,50.33,50.33,147,0
EP_C.US,5,20211110,192000,50.235,50.235,50.235,50.235,182,0
EP_C.US,5,20211110,212500,50.25,50.2592,50.25,50.2592,542,0
EP_C.US,5,20211110,213000,50.2345,50.2345,50.2345,50.2345,800,0
EP_C.US,5,20211110,215000,50.225,50.26,50.225,50.26,200,0
EP_C.US,5,20211110,215500,50.2699,50.4,50.2699,50.271,1252,0
EP_C.US,5,20211111,153000,50.45,50.45,50.45,50.45,100,0
EP_C.US,5,20211111,195000,50.335,50.335,50.335,50.335,130,0
EP_C.US,5,20211111,210000,50.32,50.32,50.32,50.32,182,0
EP_C.US,5,20211111,215000,50.3,50.3,50.3,50.3,200,0
EP_C.US,5,20211111,215500,50.31,50.31,50.31,50.31,100,0
