<TICKER>,<PER>,<DATE>,<TIME>,<OPEN>,<HIGH>,<LOW>,<CLOSE>,<VOL>,<OPENINT>
GAM_B.US,5,20210922,153000,26.38,26.38,26.38,26.38,274,0
GAM_B.US,5,20210922,164000,26.37,26.37,26.37,26.37,274,0
GAM_B.US,5,20210922,172000,26.37,26.37,26.37,26.37,100,0
GAM_B.US,5,20210922,181000,26.3699,26.3699,26.3425,26.3425,700,0
GAM_B.US,5,20210922,181500,26.37,26.37,26.37,26.37,356,0
GAM_B.US,5,20210922,183500,26.4,26.44,26.4,26.4,328,0
GAM_B.US,5,20210922,185500,26.4,26.4,26.35,26.35,3900,0
GAM_B.US,5,20210922,193500,26.4999,26.4999,26.4999,26.4999,250,0
GAM_B.US,5,20210922,194000,26.49,26.5,26.49,26.5,4300,0
GAM_B.US,5,20210922,203500,26.5,26.51,26.5,26.51,300,0
GAM_B.US,5,20210922,215500,26.51,26.51,26.51,26.51,200,0
GAM_B.US,5,20210923,163500,26.68,26.75,26.68,26.75,2350,0
GAM_B.US,5,20210923,205500,26.53,26.5763,26.51,26.5763,1920,0
GAM_B.US,5,20210923,212500,26.5732,26.5732,26.5732,26.5732,666,0
GAM_B.US,5,20210923,213000,26.6206,26.6206,26.6206,26.6206,400,0
GAM_B.US,5,20210923,215500,26.6938,26.6938,26.6938,26.6938,3200,0
GAM_B.US,5,20210924,153000,26.72,26.72,26.72,26.72,1396,0
GAM_B.US,5,20210924,161500,26.6789,26.6789,26.6789,26.6789,214,0
GAM_B.US,5,20210924,175500,26.595,26.595,26.595,26.595,400,0
GAM_B.US,5,20210924,180500,26.51,26.5101,26.51,26.51,516,0
GAM_B.US,5,20210924,194000,26.66,26.7,26.66,26.7,1857,0
GAM_B.US,5,20210924,195000,26.73,26.85,26.73,26.85,400,0
GAM_B.US,5,20210924,213500,26.72,26.72,26.72,26.72,943,0
GAM_B.US,5,20210924,215500,26.72,26.72,26.51,26.5202,7000,0
GAM_B.US,5,20210927,153000,26.53,26.53,26.53,26.53,535,0
GAM_B.US,5,20210927,160000,26.722,26.7974,26.722,26.7974,1120,0
GAM_B.US,5,20210927,175000,26.55,26.64,26.55,26.64,1000,0
GAM_B.US,5,20210927,183500,26.6349,26.6349,26.6349,26.6349,100,0
GAM_B.US,5,20210927,201000,26.7432,26.7432,26.7432,26.7432,1000,0
GAM_B.US,5,20210928,153000,26.59,26.59,26.59,26.59,300,0
GAM_B.US,5,20210928,180500,26.57,26.6364,26.54,26.54,1262,0
GAM_B.US,5,20210928,205500,26.7825,26.7825,26.7825,26.7825,400,0
GAM_B.US,5,20210928,210000,26.85,26.85,26.85,26.85,475,0
GAM_B.US,5,20210929,172500,26.6495,26.6495,26.6495,26.6495,376,0
GAM_B.US,5,20210929,174000,26.8088,26.8088,26.8088,26.8088,400,0
GAM_B.US,5,20210929,175000,26.7289,26.7289,26.7289,26.7289,100,0
GAM_B.US,5,20210929,183000,26.8264,26.8264,26.8264,26.8264,1000,0
GAM_B.US,5,20210929,204500,26.55,26.6,26.55,26.55,800,0
GAM_B.US,5,20210929,210500,27.02,27.02,27.02,27.02,200,0
GAM_B.US,5,20210930,191500,26.75,26.75,26.75,26.75,100,0
GAM_B.US,5,20210930,212000,26.8046,26.8046,26.8046,26.8046,883,0
GAM_B.US,5,20210930,215500,26.8613,26.8613,26.8613,26.8613,100,0
GAM_B.US,5,20211001,194000,26.86,26.86,26.75,26.75,381,0
GAM_B.US,5,20211001,195500,26.75,26.75,26.75,26.75,100,0
GAM_B.US,5,20211001,212500,26.61,26.61,26.57,26.57,747,0
GAM_B.US,5,20211001,214000,26.775,26.775,26.775,26.775,700,0
GAM_B.US,5,20211004,153000,26.93,26.93,26.93,26.93,100,0
GAM_B.US,5,20211004,185500,26.78,26.78,26.78,26.78,124,0
GAM_B.US,5,20211004,190500,26.78,26.78,26.78,26.78,224,0
GAM_B.US,5,20211004,195500,26.659,26.659,26.659,26.659,250,0
GAM_B.US,5,20211005,175000,26.7644,26.7644,26.7644,26.7644,800,0
GAM_B.US,5,20211006,153000,26.85,26.85,26.85,26.85,250,0
GAM_B.US,5,20211006,161000,26.69,26.69,26.6634,26.6634,500,0
GAM_B.US,5,20211006,184000,26.6634,26.6634,26.6634,26.6634,300,0
GAM_B.US,5,20211007,200500,26.8652,26.8652,26.8652,26.8652,800,0
GAM_B.US,5,20211007,201000,26.94,26.94,26.8663,26.8663,550,0
GAM_B.US,5,20211007,202000,26.9499,26.9499,26.94,26.94,800,0
GAM_B.US,5,20211007,203000,26.9247,26.9247,26.9247,26.9247,1000,0
GAM_B.US,5,20211008,205500,26.95,26.95,26.95,26.95,400,0
GAM_B.US,5,20211012,200500,26.73,26.73,26.73,26.73,300,0
GAM_B.US,5,20211012,210000,26.9015,26.9015,26.9015,26.9015,100,0
GAM_B.US,5,20211012,215500,26.79,26.79,26.79,26.79,100,0
GAM_B.US,5,20211014,155000,26.9804,26.9804,26.9804,26.9804,100,0
GAM_B.US,5,20211014,164500,26.7039,26.7039,26.7039,26.7039,500,0
GAM_B.US,5,20211014,171500,27.06,27.06,27.06,27.06,141,0
GAM_B.US,5,20211014,190500,26.83,26.83,26.83,26.83,200,0
GAM_B.US,5,20211015,153000,26.75,26.75,26.75,26.75,100,0
GAM_B.US,5,20211015,164500,26.74,26.74,26.7017,26.7017,567,0
GAM_B.US,5,20211015,185000,26.9262,26.9262,26.9262,26.9262,600,0
GAM_B.US,5,20211015,195500,26.75,26.75,26.57,26.57,800,0
GAM_B.US,5,20211015,205500,26.72,26.72,26.72,26.72,500,0
GAM_B.US,5,20211018,171500,26.8013,26.8013,26.8013,26.8013,100,0
GAM_B.US,5,20211018,215000,26.8,26.8,26.8,26.8,185,0
GAM_B.US,5,20211019,153000,26.91,26.91,26.91,26.91,1000,0
GAM_B.US,5,20211019,163500,26.751,26.751,26.6147,26.6147,500,0
GAM_B.US,5,20211019,172000,26.9325,26.9325,26.9325,26.9325,900,0
GAM_B.US,5,20211019,172500,26.9231,26.9231,26.9231,26.9231,200,0
GAM_B.US,5,20211019,173000,27.07,27.07,26.9395,26.9395,700,0
GAM_B.US,5,20211019,175500,27.06,27.08,27.06,27.0776,1196,0
GAM_B.US,5,20211019,212000,27.06,27.07,27.06,27.07,300,0
GAM_B.US,5,20211020,190500,26.74,26.74,26.74,26.74,200,0
GAM_B.US,5,20211021,215500,26.96,26.96,26.96,26.96,200,0
GAM_B.US,5,20211022,212500,26.7405,26.7405,26.7405,26.7405,372,0
GAM_B.US,5,20211025,161500,27.05,27.05,27.05,27.05,200,0
GAM_B.US,5,20211025,163500,27.05,27.1,26.9361,26.9361,2000,0
GAM_B.US,5,20211025,165000,26.91,26.91,26.91,26.91,400,0
GAM_B.US,5,20211025,183500,27.09,27.09,27.09,27.09,250,0
GAM_B.US,5,20211025,194500,27.1,27.1,27.1,27.1,100,0
GAM_B.US,5,20211025,200000,26.7436,26.7436,26.7436,26.7436,100,0
GAM_B.US,5,20211025,200500,27.1,27.1,27.1,27.1,100,0
GAM_B.US,5,20211025,202000,27.1,27.1,27.1,27.1,100,0
GAM_B.US,5,20211025,204000,27.1,27.1,27.1,27.1,100,0
GAM_B.US,5,20211025,205500,26.93,26.93,26.7402,26.76,1000,0
GAM_B.US,5,20211025,215500,27,27,27,27,100,0
GAM_B.US,5,20211026,194500,26.8,26.89,26.8,26.89,400,0
GAM_B.US,5,20211026,195000,26.96,26.96,26.96,26.96,200,0
GAM_B.US,5,20211026,203000,26.8,26.8,26.8,26.8,300,0
GAM_B.US,5,20211026,203500,26.89,26.89,26.89,26.89,200,0
GAM_B.US,5,20211026,210500,26.73,26.73,26.6,26.6,2067,0
GAM_B.US,5,20211026,211000,26.63,26.63,26.63,26.63,100,0
GAM_B.US,5,20211026,212500,26.7,26.7,26.6501,26.7,4950,0
GAM_B.US,5,20211026,214500,26.63,26.63,26.6,26.6,847,0
GAM_B.US,5,20211027,153000,26.59,26.59,26.59,26.59,1216,0
GAM_B.US,5,20211027,174500,26.64,26.64,26.64,26.64,100,0
GAM_B.US,5,20211027,203500,26.71,26.735,26.7,26.7,700,0
GAM_B.US,5,20211027,210000,26.72,26.72,26.72,26.72,200,0
GAM_B.US,5,20211028,153000,26.63,26.63,26.63,26.63,201,0
GAM_B.US,5,20211028,172500,26.69,26.695,26.69,26.695,200,0
GAM_B.US,5,20211028,202500,26.6622,26.6622,26.6622,26.6622,500,0
GAM_B.US,5,20211028,214000,26.73,26.73,26.73,26.73,635,0
GAM_B.US,5,20211029,153000,26.57,26.57,26.57,26.57,3298,0
GAM_B.US,5,20211029,154000,26.5801,26.5801,26.5801,26.5801,580,0
GAM_B.US,5,20211029,180500,26.58,26.5801,26.53,26.53,2015,0
GAM_B.US,5,20211029,182000,26.25,26.25,26.02,26.02,700,0
GAM_B.US,5,20211029,182500,26.1,26.5399,26.1,26.5399,400,0
GAM_B.US,5,20211029,184500,26.27,26.27,26.27,26.27,100,0
GAM_B.US,5,20211029,185500,26.25,26.25,26.25,26.25,100,0
GAM_B.US,5,20211029,191000,26.36,26.36,26.36,26.36,200,0
GAM_B.US,5,20211029,192500,26.36,26.36,26.35,26.35,1700,0
GAM_B.US,5,20211029,193500,26.36,26.36,26.36,26.36,100,0
GAM_B.US,5,20211029,195000,26.35,26.35,26.35,26.35,100,0
GAM_B.US,5,20211029,200000,26.35,26.35,26.35,26.35,100,0
GAM_B.US,5,20211029,201000,26.3701,26.3701,26.37,26.37,662,0
GAM_B.US,5,20211029,202000,26.37,26.37,26.37,26.37,100,0
GAM_B.US,5,20211029,203500,26.36,26.36,26.36,26.36,305,0
GAM_B.US,5,20211029,204000,26.36,26.36,26.36,26.36,100,0
GAM_B.US,5,20211029,204500,26.36,26.36,26.36,26.36,180,0
GAM_B.US,5,20211029,205000,26.36,26.36,26.36,26.36,100,0
GAM_B.US,5,20211029,205500,26.35,26.35,26.35,26.35,200,0
GAM_B.US,5,20211029,211000,26.36,26.36,26.36,26.36,100,0
GAM_B.US,5,20211029,211500,26.36,26.36,26.36,26.36,100,0
GAM_B.US,5,20211029,212000,26.45,26.45,26.45,26.45,100,0
GAM_B.US,5,20211029,213000,26.45,26.4537,26.45,26.4537,546,0
GAM_B.US,5,20211029,213500,26.36,26.36,26.36,26.36,100,0
GAM_B.US,5,20211029,214500,26.36,26.36,26.36,26.36,100,0
GAM_B.US,5,20211029,215000,26.36,26.36,26.36,26.36,300,0
GAM_B.US,5,20211029,215500,26.4,26.4,26.35,26.35,200,0
GAM_B.US,5,20211101,143000,26.27,26.27,26.27,26.27,400,0
GAM_B.US,5,20211101,155000,26.59,26.59,26.59,26.59,100,0
GAM_B.US,5,20211101,194500,26.34,26.34,26.3035,26.3035,400,0
GAM_B.US,5,20211101,204000,26.38,26.38,26.38,26.38,100,0
GAM_B.US,5,20211101,205000,26.43,26.43,26.43,26.43,101,0
GAM_B.US,5,20211102,200500,26.39,26.39,26.39,26.39,134,0
GAM_B.US,5,20211103,144500,26.5,26.5,26.5,26.5,190,0
GAM_B.US,5,20211103,155500,26.562,26.562,26.562,26.562,150,0
GAM_B.US,5,20211103,175500,26.5301,26.5301,26.5301,26.5301,700,0
GAM_B.US,5,20211103,200500,26.53,26.53,26.3,26.3,6753,0
GAM_B.US,5,20211103,201000,26.2,26.261,25.6214,26,10735,0
GAM_B.US,5,20211103,201500,25.95,26.18,25.95,26.18,300,0
GAM_B.US,5,20211103,204500,26.13,26.13,26.13,26.13,2000,0
GAM_B.US,5,20211103,205000,26.125,26.13,26.125,26.13,1100,0
GAM_B.US,5,20211103,205500,26.095,26.095,26.095,26.095,195,0
GAM_B.US,5,20211104,143000,26.51,26.51,26.51,26.51,3764,0
GAM_B.US,5,20211104,151500,26.28,26.41,26.28,26.41,1600,0
GAM_B.US,5,20211104,161500,26.47,26.48,26.47,26.48,200,0
GAM_B.US,5,20211104,164000,26.16,26.16,26.16,26.16,400,0
GAM_B.US,5,20211104,172000,26.47,26.49,26.47,26.47,400,0
GAM_B.US,5,20211104,172500,26.4011,26.4011,26.4011,26.4011,500,0
GAM_B.US,5,20211104,173500,26.51,26.51,26.51,26.51,190,0
GAM_B.US,5,20211104,174500,26.44,26.44,26.44,26.44,100,0
GAM_B.US,5,20211104,175000,26.4542,26.4542,26.4542,26.4542,204,0
GAM_B.US,5,20211104,175500,26.5503,26.5503,26.5503,26.5503,100,0
GAM_B.US,5,20211104,192000,26.46,26.49,26.46,26.48,500,0
GAM_B.US,5,20211104,192500,26.345,26.345,26.345,26.345,1000,0
GAM_B.US,5,20211104,203500,26.24,26.24,26.24,26.24,162,0
GAM_B.US,5,20211105,162500,26.44,26.58,26.44,26.5797,1200,0
GAM_B.US,5,20211105,164500,26.47,26.6,26.47,26.6,2575,0
GAM_B.US,5,20211105,181000,26.3146,26.3146,26.3146,26.3146,100,0
GAM_B.US,5,20211105,192500,26.28,26.3883,26.28,26.281,2000,0
GAM_B.US,5,20211105,194500,26.28,26.284,26.28,26.284,417,0
GAM_B.US,5,20211108,153000,26.29,26.29,26.28,26.28,500,0
GAM_B.US,5,20211108,155000,26.29,26.29,26.29,26.29,100,0
GAM_B.US,5,20211108,161000,26.2,26.2,26.2,26.2,100,0
GAM_B.US,5,20211108,162000,26.2499,26.29,26.2499,26.29,2300,0
GAM_B.US,5,20211108,164500,26.4,26.4,26.4,26.4,400,0
GAM_B.US,5,20211108,200000,26.3271,26.3271,26.3271,26.3271,100,0
GAM_B.US,5,20211108,201000,26.4,26.49,26.4,26.4,700,0
GAM_B.US,5,20211108,205000,26.35,26.35,26.35,26.35,300,0
GAM_B.US,5,20211108,213500,26.49,26.49,26.4898,26.4898,400,0
GAM_B.US,5,20211109,153000,26.2,26.2,26.2,26.2,2600,0
GAM_B.US,5,20211109,160500,26.27,26.27,26.27,26.27,100,0
GAM_B.US,5,20211109,165500,26.3167,26.35,26.3167,26.35,215,0
GAM_B.US,5,20211109,183000,26.345,26.345,26.345,26.345,500,0
GAM_B.US,5,20211109,190000,26.32,26.32,26.32,26.32,200,0
GAM_B.US,5,20211110,173500,26.44,26.44,26.44,26.44,100,0
GAM_B.US,5,20211110,195500,26.28,26.28,26.24,26.26,800,0
GAM_B.US,5,20211110,210000,26.25,26.26,26.21,26.21,500,0
