<TICKER>,<PER>,<DATE>,<TIME>,<OPEN>,<HIGH>,<LOW>,<CLOSE>,<VOL>,<OPENINT>
IGA.US,5,20210922,153000,9.919,9.919,9.872,9.872,3020,0
IGA.US,5,20210922,154000,9.958,9.958,9.958,9.958,204,0
IGA.US,5,20210922,154500,9.958,9.958,9.899,9.929,1326,0
IGA.US,5,20210922,155000,9.914,9.929,9.899,9.899,806,0
IGA.US,5,20210922,155500,9.929,9.929,9.929,9.929,204,0
IGA.US,5,20210922,160000,9.929,9.929,9.929,9.929,306,0
IGA.US,5,20210922,162500,9.909,9.909,9.909,9.909,102,0
IGA.US,5,20210922,163000,9.909,9.909,9.909,9.909,102,0
IGA.US,5,20210922,164000,9.909,9.909,9.909,9.909,816,0
IGA.US,5,20210922,165000,9.909,9.909,9.909,9.909,102,0
IGA.US,5,20210922,170000,9.909,9.909,9.909,9.909,102,0
IGA.US,5,20210922,171000,9.909,9.909,9.909,9.909,102,0
IGA.US,5,20210922,172500,9.909,9.909,9.909,9.909,102,0
IGA.US,5,20210922,173500,9.914,9.914,9.909,9.909,408,0
IGA.US,5,20210922,174500,9.909,9.909,9.909,9.909,102,0
IGA.US,5,20210922,180000,9.909,9.909,9.909,9.909,102,0
IGA.US,5,20210922,181000,9.918,9.918,9.909,9.909,1122,0
IGA.US,5,20210922,182500,9.909,9.909,9.909,9.909,102,0
IGA.US,5,20210922,184000,9.909,9.909,9.909,9.909,102,0
IGA.US,5,20210922,190000,9.909,9.909,9.909,9.909,275,0
IGA.US,5,20210922,191500,9.909,9.909,9.909,9.909,102,0
IGA.US,5,20210922,192500,9.914,9.914,9.914,9.914,204,0
IGA.US,5,20210922,193500,9.919,9.919,9.914,9.919,306,0
IGA.US,5,20210922,195500,9.909,9.909,9.909,9.909,102,0
IGA.US,5,20210922,200000,9.909,9.909,9.909,9.909,204,0
IGA.US,5,20210922,200500,9.909,9.909,9.909,9.909,102,0
IGA.US,5,20210922,201000,9.934,9.938,9.934,9.938,1302,0
IGA.US,5,20210922,203000,9.929,9.929,9.929,9.929,102,0
IGA.US,5,20210922,204000,9.929,9.938,9.929,9.929,1122,0
IGA.US,5,20210922,204500,9.929,9.929,9.929,9.929,102,0
IGA.US,5,20210922,205000,9.929,9.938,9.919,9.919,1447,0
IGA.US,5,20210922,210000,9.919,9.919,9.919,9.919,102,0
IGA.US,5,20210922,210500,9.919,9.919,9.919,9.919,102,0
IGA.US,5,20210922,211500,9.919,9.919,9.919,9.919,102,0
IGA.US,5,20210922,212000,9.919,9.919,9.919,9.919,102,0
IGA.US,5,20210922,213000,9.919,9.919,9.919,9.919,102,0
IGA.US,5,20210922,213500,9.919,9.919,9.919,9.919,102,0
IGA.US,5,20210922,214500,9.919,9.919,9.919,9.919,204,0
IGA.US,5,20210922,215000,9.919,9.919,9.919,9.919,102,0
IGA.US,5,20210922,215500,9.919,9.919,9.909,9.909,806,0
IGA.US,5,20210923,153000,9.978,9.978,9.978,9.978,3268,0
IGA.US,5,20210923,160000,10.002,10.007,9.997,9.997,701,0
IGA.US,5,20210923,160500,10.007,10.007,10.007,10.007,306,0
IGA.US,5,20210923,162000,9.997,9.997,9.987,9.987,534,0
IGA.US,5,20210923,163000,9.978,9.978,9.978,9.978,102,0
IGA.US,5,20210923,163500,9.992,9.992,9.978,9.978,306,0
IGA.US,5,20210923,164500,9.978,9.978,9.978,9.978,102,0
IGA.US,5,20210923,165000,9.983,9.983,9.978,9.978,204,0
IGA.US,5,20210923,165500,9.968,9.968,9.968,9.968,103,0
IGA.US,5,20210923,170000,9.968,9.968,9.968,9.968,207,0
IGA.US,5,20210923,171000,9.968,9.968,9.938,9.938,4015,0
IGA.US,5,20210923,171500,9.958,9.958,9.938,9.938,204,0
IGA.US,5,20210923,172000,9.938,9.938,9.938,9.938,204,0
IGA.US,5,20210923,172500,9.938,9.938,9.938,9.938,204,0
IGA.US,5,20210923,173000,9.938,9.938,9.938,9.938,102,0
IGA.US,5,20210923,173500,9.938,9.938,9.938,9.938,430,0
IGA.US,5,20210923,174000,9.938,9.938,9.938,9.938,102,0
IGA.US,5,20210923,174500,9.938,9.938,9.938,9.938,516,0
IGA.US,5,20210923,175000,9.938,9.938,9.938,9.938,102,0
IGA.US,5,20210923,175500,9.938,9.938,9.938,9.938,493,0
IGA.US,5,20210923,180000,9.958,9.958,9.919,9.919,1164,0
IGA.US,5,20210923,180500,9.938,9.938,9.938,9.938,204,0
IGA.US,5,20210923,181000,9.938,9.938,9.929,9.929,204,0
IGA.US,5,20210923,181500,9.929,9.929,9.929,9.929,566,0
IGA.US,5,20210923,182000,9.929,9.929,9.929,9.929,223,0
IGA.US,5,20210923,182500,9.929,9.929,9.929,9.929,364,0
IGA.US,5,20210923,183000,9.929,9.929,9.929,9.929,102,0
IGA.US,5,20210923,183500,9.929,9.929,9.929,9.929,414,0
IGA.US,5,20210923,184000,9.929,9.968,9.929,9.968,5942,0
IGA.US,5,20210923,184500,9.948,9.968,9.948,9.968,1224,0
IGA.US,5,20210923,185000,9.968,9.987,9.958,9.958,4634,0
IGA.US,5,20210923,185500,9.958,9.958,9.958,9.958,102,0
IGA.US,5,20210923,192000,9.958,9.958,9.958,9.958,102,0
IGA.US,5,20210923,192500,9.958,9.958,9.958,9.958,102,0
IGA.US,5,20210923,193500,9.958,9.987,9.958,9.987,685,0
IGA.US,5,20210923,194000,9.958,9.958,9.958,9.958,102,0
IGA.US,5,20210923,194500,9.958,9.958,9.938,9.938,3046,0
IGA.US,5,20210923,195000,9.948,9.958,9.943,9.943,408,0
IGA.US,5,20210923,195500,9.943,9.958,9.943,9.958,355,0
IGA.US,5,20210923,200000,9.958,9.958,9.943,9.958,612,0
IGA.US,5,20210923,200500,9.958,9.958,9.943,9.943,306,0
IGA.US,5,20210923,201000,9.943,9.943,9.933,9.933,2260,0
IGA.US,5,20210923,201500,9.955,9.958,9.943,9.943,7761,0
IGA.US,5,20210923,202500,9.957,9.958,9.957,9.958,1648,0
IGA.US,5,20210923,204000,9.929,9.943,9.929,9.943,229,0
IGA.US,5,20210923,204500,9.929,9.929,9.929,9.929,102,0
IGA.US,5,20210923,205000,9.929,9.929,9.929,9.929,510,0
IGA.US,5,20210923,205500,9.929,9.929,9.929,9.929,204,0
IGA.US,5,20210923,210000,9.929,9.929,9.929,9.929,102,0
IGA.US,5,20210923,210500,9.929,9.929,9.929,9.929,204,0
IGA.US,5,20210923,211000,9.929,9.929,9.919,9.919,306,0
IGA.US,5,20210923,211500,9.919,9.919,9.909,9.909,204,0
IGA.US,5,20210923,212000,9.91,9.91,9.909,9.909,306,0
IGA.US,5,20210923,212500,9.909,9.909,9.899,9.899,306,0
IGA.US,5,20210923,213000,9.899,9.899,9.899,9.899,306,0
IGA.US,5,20210923,213500,9.899,9.924,9.899,9.899,1036,0
IGA.US,5,20210923,214000,9.87,9.87,9.87,9.87,612,0
IGA.US,5,20210923,214500,9.87,9.889,9.87,9.87,714,0
IGA.US,5,20210923,215000,9.87,9.889,9.87,9.87,1020,0
IGA.US,5,20210923,215500,9.87,9.899,9.86,9.889,3451,0
IGA.US,5,20210924,153000,9.899,9.899,9.899,9.899,4453,0
IGA.US,5,20210924,153500,9.914,9.929,9.914,9.929,382,0
IGA.US,5,20210924,154000,9.958,9.958,9.958,9.958,1087,0
IGA.US,5,20210924,154500,9.934,9.958,9.934,9.958,833,0
IGA.US,5,20210924,155000,9.934,9.934,9.899,9.908,2280,0
IGA.US,5,20210924,155500,9.909,9.909,9.89,9.909,1600,0
IGA.US,5,20210924,160000,9.909,9.909,9.909,9.909,204,0
IGA.US,5,20210924,160500,9.909,9.909,9.899,9.899,306,0
IGA.US,5,20210924,161000,9.909,9.909,9.899,9.899,204,0
IGA.US,5,20210924,161500,9.909,9.909,9.899,9.909,510,0
IGA.US,5,20210924,162000,9.909,9.909,9.899,9.909,510,0
IGA.US,5,20210924,162500,9.909,9.909,9.889,9.909,306,0
IGA.US,5,20210924,163000,9.909,9.909,9.909,9.909,306,0
IGA.US,5,20210924,163500,9.909,9.909,9.865,9.88,2312,0
IGA.US,5,20210924,164000,9.865,9.87,9.865,9.87,1777,0
IGA.US,5,20210924,164500,9.88,9.88,9.88,9.88,102,0
IGA.US,5,20210924,165000,9.899,9.899,9.899,9.899,102,0
IGA.US,5,20210924,165500,9.899,9.899,9.899,9.899,204,0
IGA.US,5,20210924,170000,9.899,9.899,9.88,9.88,777,0
IGA.US,5,20210924,171000,9.88,9.88,9.88,9.88,102,0
IGA.US,5,20210924,171500,9.899,9.899,9.88,9.88,1199,0
IGA.US,5,20210924,172000,9.899,9.899,9.88,9.88,2731,0
IGA.US,5,20210924,172500,9.899,9.899,9.899,9.899,102,0
IGA.US,5,20210924,173000,9.894,9.894,9.894,9.894,102,0
IGA.US,5,20210924,173500,9.894,9.894,9.894,9.894,204,0
IGA.US,5,20210924,174500,9.894,9.899,9.894,9.899,435,0
IGA.US,5,20210924,180000,9.894,9.894,9.894,9.894,102,0
IGA.US,5,20210924,180500,9.899,9.899,9.899,9.899,102,0
IGA.US,5,20210924,181000,9.899,9.899,9.899,9.899,392,0
IGA.US,5,20210924,181500,9.889,9.894,9.874,9.874,2245,0
IGA.US,5,20210924,183500,9.875,9.875,9.875,9.875,102,0
IGA.US,5,20210924,184000,9.875,9.875,9.875,9.875,102,0
IGA.US,5,20210924,184500,9.87,9.87,9.87,9.87,102,0
IGA.US,5,20210924,185000,9.87,9.87,9.87,9.87,102,0
IGA.US,5,20210924,185500,9.875,9.875,9.875,9.875,102,0
IGA.US,5,20210924,190000,9.875,9.88,9.875,9.88,306,0
IGA.US,5,20210924,191000,9.88,9.88,9.88,9.88,102,0
IGA.US,5,20210924,192000,9.88,9.88,9.88,9.88,102,0
IGA.US,5,20210924,193500,9.88,9.88,9.88,9.88,102,0
IGA.US,5,20210924,194000,9.87,9.88,9.87,9.87,1951,0
IGA.US,5,20210924,195000,9.855,9.87,9.855,9.87,204,0
IGA.US,5,20210924,195500,9.868,9.868,9.86,9.86,2857,0
IGA.US,5,20210924,201000,9.86,9.86,9.86,9.86,338,0
IGA.US,5,20210924,201500,9.865,9.865,9.865,9.865,102,0
IGA.US,5,20210924,202000,9.861,9.861,9.861,9.861,708,0
IGA.US,5,20210924,202500,9.865,9.865,9.865,9.865,102,0
IGA.US,5,20210924,203500,9.865,9.865,9.865,9.865,102,0
IGA.US,5,20210924,204500,9.87,9.87,9.87,9.87,257,0
IGA.US,5,20210924,205500,9.88,9.88,9.88,9.88,347,0
IGA.US,5,20210924,211000,9.87,9.87,9.86,9.86,383,0
IGA.US,5,20210924,212500,9.86,9.86,9.86,9.86,102,0
IGA.US,5,20210924,213500,9.86,9.866,9.86,9.866,1632,0
IGA.US,5,20210924,214000,9.86,9.86,9.86,9.86,102,0
IGA.US,5,20210924,214500,9.88,9.88,9.86,9.86,204,0
IGA.US,5,20210924,215000,9.86,9.86,9.86,9.86,102,0
IGA.US,5,20210924,215500,9.86,9.88,9.86,9.87,845,0
IGA.US,5,20210927,153000,9.87,9.87,9.84,9.845,6937,0
IGA.US,5,20210927,153500,9.84,9.85,9.791,9.791,2347,0
IGA.US,5,20210927,154000,9.84,9.84,9.84,9.84,1020,0
IGA.US,5,20210927,154500,9.84,9.84,9.811,9.811,1224,0
IGA.US,5,20210927,155000,9.811,9.811,9.811,9.811,102,0
IGA.US,5,20210927,155500,9.816,9.821,9.811,9.821,5908,0
IGA.US,5,20210927,160000,9.84,9.84,9.821,9.821,8162,0
IGA.US,5,20210927,160500,9.84,9.84,9.831,9.831,1224,0
IGA.US,5,20210927,161000,9.823,9.84,9.823,9.84,2245,0
IGA.US,5,20210927,161500,9.84,9.87,9.821,9.87,5483,0
IGA.US,5,20210927,164500,9.87,9.87,9.85,9.85,1020,0
IGA.US,5,20210927,170500,9.86,9.86,9.86,9.86,510,0
IGA.US,5,20210927,172500,9.84,9.84,9.84,9.84,153,0
IGA.US,5,20210927,174500,9.86,9.86,9.86,9.86,102,0
IGA.US,5,20210927,181500,9.831,9.84,9.831,9.84,2886,0
IGA.US,5,20210927,200500,9.84,9.84,9.831,9.832,1632,0
IGA.US,5,20210927,201500,9.831,9.831,9.831,9.831,518,0
IGA.US,5,20210927,202500,9.84,9.84,9.84,9.84,406,0
IGA.US,5,20210927,204500,9.843,9.843,9.843,9.843,332,0
IGA.US,5,20210927,215500,9.84,9.85,9.84,9.84,2041,0
IGA.US,5,20210928,153000,9.84,9.885,9.84,9.885,3771,0
IGA.US,5,20210928,153500,9.84,9.85,9.84,9.85,612,0
IGA.US,5,20210928,154500,9.831,9.831,9.831,9.831,510,0
IGA.US,5,20210928,155000,9.821,9.821,9.782,9.782,2290,0
IGA.US,5,20210928,160000,9.791,9.791,9.772,9.772,1632,0
IGA.US,5,20210928,161000,9.762,9.772,9.762,9.772,2143,0
IGA.US,5,20210928,161500,9.772,9.772,9.772,9.772,204,0
IGA.US,5,20210928,162000,9.772,9.772,9.772,9.772,102,0
IGA.US,5,20210928,162500,9.772,9.772,9.772,9.772,306,0
IGA.US,5,20210928,163000,9.742,9.772,9.742,9.772,707,0
IGA.US,5,20210928,163500,9.772,9.772,9.772,9.772,204,0
IGA.US,5,20210928,164000,9.772,9.772,9.772,9.772,204,0
IGA.US,5,20210928,164500,9.772,9.772,9.757,9.757,306,0
IGA.US,5,20210928,165500,9.772,9.772,9.757,9.767,612,0
IGA.US,5,20210928,170000,9.772,9.772,9.772,9.772,204,0
IGA.US,5,20210928,170500,9.743,9.772,9.743,9.772,714,0
IGA.US,5,20210928,171000,9.757,9.757,9.713,9.713,5816,0
IGA.US,5,20210928,171500,9.723,9.723,9.723,9.723,102,0
IGA.US,5,20210928,172000,9.723,9.723,9.723,9.723,204,0
IGA.US,5,20210928,172500,9.703,9.723,9.703,9.713,306,0
IGA.US,5,20210928,173000,9.723,9.723,9.723,9.723,102,0
IGA.US,5,20210928,173500,9.718,9.718,9.718,9.718,510,0
IGA.US,5,20210928,174000,9.723,9.723,9.723,9.723,102,0
IGA.US,5,20210928,174500,9.718,9.718,9.713,9.718,612,0
IGA.US,5,20210928,175000,9.713,9.713,9.713,9.713,1530,0
IGA.US,5,20210928,175500,9.703,9.703,9.703,9.703,510,0
IGA.US,5,20210928,180000,9.708,9.712,9.708,9.712,308,0
IGA.US,5,20210928,180500,9.703,9.713,9.703,9.713,204,0
IGA.US,5,20210928,181000,9.713,9.713,9.703,9.708,510,0
IGA.US,5,20210928,181500,9.703,9.713,9.703,9.713,204,0
IGA.US,5,20210928,182000,9.713,9.713,9.713,9.713,102,0
IGA.US,5,20210928,182500,9.703,9.708,9.703,9.703,612,0
IGA.US,5,20210928,183000,9.713,9.713,9.713,9.713,102,0
IGA.US,5,20210928,183500,9.713,9.713,9.696,9.696,2228,0
IGA.US,5,20210928,184000,9.703,9.703,9.703,9.703,102,0
IGA.US,5,20210928,184500,9.703,9.703,9.697,9.703,1810,0
IGA.US,5,20210928,185000,9.703,9.703,9.703,9.703,102,0
IGA.US,5,20210928,185500,9.703,9.703,9.703,9.703,204,0
IGA.US,5,20210928,190000,9.698,9.703,9.698,9.703,205,0
IGA.US,5,20210928,190500,9.703,9.703,9.703,9.703,204,0
IGA.US,5,20210928,191000,9.698,9.702,9.693,9.693,2234,0
IGA.US,5,20210928,191500,9.688,9.693,9.688,9.693,2959,0
IGA.US,5,20210928,192000,9.693,9.693,9.693,9.693,102,0
IGA.US,5,20210928,192500,9.703,9.703,9.693,9.703,3306,0
IGA.US,5,20210928,193000,9.703,9.703,9.703,9.703,306,0
IGA.US,5,20210928,193500,9.703,9.703,9.703,9.703,1224,0
IGA.US,5,20210928,194000,9.703,9.703,9.697,9.697,1275,0
IGA.US,5,20210928,194500,9.703,9.703,9.703,9.703,204,0
IGA.US,5,20210928,195000,9.703,9.703,9.703,9.703,204,0
IGA.US,5,20210928,195500,9.703,9.703,9.703,9.703,306,0
IGA.US,5,20210928,200000,9.703,9.703,9.703,9.703,306,0
IGA.US,5,20210928,200500,9.703,9.703,9.703,9.703,510,0
IGA.US,5,20210928,203000,9.693,9.693,9.693,9.693,102,0
IGA.US,5,20210928,204500,9.693,9.693,9.693,9.693,102,0
IGA.US,5,20210928,205000,9.699,9.699,9.684,9.688,3660,0
IGA.US,5,20210928,205500,9.688,9.693,9.688,9.693,1684,0
IGA.US,5,20210928,210000,9.691,9.691,9.684,9.684,1122,0
IGA.US,5,20210928,211000,9.684,9.684,9.684,9.684,102,0
IGA.US,5,20210928,211500,9.693,9.693,9.693,9.693,204,0
IGA.US,5,20210928,212000,9.693,9.693,9.693,9.693,753,0
IGA.US,5,20210928,212500,9.698,9.733,9.698,9.733,556,0
IGA.US,5,20210928,213000,9.735,9.735,9.735,9.735,204,0
IGA.US,5,20210928,213500,9.733,9.733,9.733,9.733,102,0
IGA.US,5,20210928,214000,9.723,9.723,9.723,9.723,102,0
IGA.US,5,20210928,214500,9.723,9.723,9.723,9.723,102,0
IGA.US,5,20210928,215000,9.723,9.723,9.723,9.723,204,0
IGA.US,5,20210928,215500,9.723,9.742,9.723,9.742,328,0
IGA.US,5,20210929,153000,9.752,9.752,9.713,9.742,5474,0
IGA.US,5,20210929,153500,9.757,9.772,9.757,9.772,1428,0
IGA.US,5,20210929,154000,9.762,9.772,9.762,9.772,306,0
IGA.US,5,20210929,154500,9.772,9.772,9.733,9.752,5002,0
IGA.US,5,20210929,155000,9.733,9.733,9.733,9.733,102,0
IGA.US,5,20210929,155500,9.741,9.741,9.733,9.733,969,0
IGA.US,5,20210929,161000,9.752,9.752,9.752,9.752,4887,0
IGA.US,5,20210929,162000,9.703,9.703,9.703,9.703,102,0
IGA.US,5,20210929,162500,9.744,9.744,9.703,9.703,204,0
IGA.US,5,20210929,163000,9.723,9.723,9.723,9.723,408,0
IGA.US,5,20210929,163500,9.723,9.742,9.723,9.742,204,0
IGA.US,5,20210929,164000,9.742,9.742,9.733,9.742,306,0
IGA.US,5,20210929,164500,9.742,9.752,9.742,9.752,918,0
IGA.US,5,20210929,165500,9.752,9.752,9.734,9.734,1428,0
IGA.US,5,20210929,170000,9.772,9.772,9.772,9.772,102,0
IGA.US,5,20210929,170500,9.772,9.772,9.772,9.772,306,0
IGA.US,5,20210929,171000,9.772,9.772,9.772,9.772,204,0
IGA.US,5,20210929,171500,9.772,9.772,9.772,9.772,306,0
IGA.US,5,20210929,172000,9.762,9.762,9.762,9.762,306,0
IGA.US,5,20210929,172500,9.762,9.762,9.762,9.762,102,0
IGA.US,5,20210929,173000,9.762,9.762,9.762,9.762,204,0
IGA.US,5,20210929,173500,9.762,9.772,9.762,9.772,408,0
IGA.US,5,20210929,174000,9.772,9.772,9.735,9.762,1837,0
IGA.US,5,20210929,174500,9.762,9.762,9.762,9.762,204,0
IGA.US,5,20210929,175000,9.772,9.772,9.772,9.772,102,0
IGA.US,5,20210929,175500,9.772,9.801,9.772,9.801,408,0
IGA.US,5,20210929,180000,9.801,9.801,9.801,9.801,204,0
IGA.US,5,20210929,180500,9.801,9.801,9.739,9.757,1837,0
IGA.US,5,20210929,181000,9.733,9.742,9.733,9.742,1449,0
IGA.US,5,20210929,181500,9.733,9.734,9.733,9.733,306,0
IGA.US,5,20210929,182500,9.733,9.733,9.728,9.733,551,0
IGA.US,5,20210929,183000,9.733,9.733,9.723,9.723,2449,0
IGA.US,5,20210929,183500,9.713,9.713,9.713,9.713,5305,0
IGA.US,5,20210929,185500,9.738,9.738,9.738,9.738,169,0
IGA.US,5,20210929,190000,9.723,9.752,9.723,9.752,612,0
IGA.US,5,20210929,190500,9.724,9.724,9.724,9.724,169,0
IGA.US,5,20210929,191000,9.733,9.733,9.723,9.723,408,0
IGA.US,5,20210929,192500,9.723,9.752,9.723,9.738,1224,0
IGA.US,5,20210929,193000,9.752,9.752,9.752,9.752,204,0
IGA.US,5,20210929,193500,9.752,9.752,9.723,9.723,204,0
IGA.US,5,20210929,194000,9.752,9.752,9.752,9.752,204,0
IGA.US,5,20210929,194500,9.738,9.742,9.733,9.733,759,0
IGA.US,5,20210929,195500,9.742,9.742,9.733,9.733,306,0
IGA.US,5,20210929,200000,9.729,9.729,9.729,9.729,102,0
IGA.US,5,20210929,200500,9.752,9.752,9.742,9.752,408,0
IGA.US,5,20210929,201000,9.742,9.744,9.742,9.742,714,0
IGA.US,5,20210929,201500,9.752,9.752,9.747,9.747,1509,0
IGA.US,5,20210929,202000,9.752,9.762,9.752,9.762,204,0
IGA.US,5,20210929,202500,9.752,9.752,9.742,9.742,724,0
IGA.US,5,20210929,203000,9.762,9.762,9.762,9.762,102,0
IGA.US,5,20210929,203500,9.762,9.762,9.733,9.748,1020,0
IGA.US,5,20210929,204500,9.762,9.762,9.762,9.762,306,0
IGA.US,5,20210929,205000,9.762,9.762,9.762,9.762,102,0
IGA.US,5,20210929,205500,9.762,9.762,9.747,9.762,306,0
IGA.US,5,20210929,210000,9.762,9.762,9.762,9.762,408,0
IGA.US,5,20210929,210500,9.762,9.762,9.747,9.747,204,0
IGA.US,5,20210929,211000,9.762,9.762,9.762,9.762,336,0
IGA.US,5,20210929,211500,9.762,9.762,9.762,9.762,408,0
IGA.US,5,20210929,212000,9.772,9.772,9.765,9.772,816,0
IGA.US,5,20210929,212500,9.772,9.772,9.772,9.772,510,0
IGA.US,5,20210929,214000,9.752,9.766,9.752,9.766,2833,0
IGA.US,5,20210929,214500,9.733,9.773,9.733,9.773,1939,0
IGA.US,5,20210929,215000,9.782,9.782,9.782,9.782,918,0
IGA.US,5,20210929,215500,9.772,9.791,9.772,9.791,2199,0
IGA.US,5,20210930,153000,9.811,9.811,9.811,9.811,7311,0
IGA.US,5,20210930,153500,9.816,9.855,9.811,9.811,8984,0
IGA.US,5,20210930,154000,9.831,9.831,9.831,9.831,102,0
IGA.US,5,20210930,154500,9.831,9.831,9.831,9.831,102,0
IGA.US,5,20210930,155000,9.831,9.831,9.831,9.831,102,0
IGA.US,5,20210930,155500,9.831,9.831,9.831,9.831,204,0
IGA.US,5,20210930,160000,9.831,9.831,9.831,9.831,204,0
IGA.US,5,20210930,160500,9.811,9.831,9.811,9.826,1203,0
IGA.US,5,20210930,161000,9.831,9.831,9.831,9.831,204,0
IGA.US,5,20210930,161500,9.831,9.831,9.831,9.831,102,0
IGA.US,5,20210930,162000,9.831,9.831,9.831,9.831,204,0
IGA.US,5,20210930,162500,9.831,9.831,9.831,9.831,102,0
IGA.US,5,20210930,163000,9.811,9.811,9.811,9.811,1530,0
IGA.US,5,20210930,163500,9.811,9.831,9.811,9.831,204,0
IGA.US,5,20210930,164000,9.831,9.831,9.831,9.831,102,0
IGA.US,5,20210930,164500,9.831,9.831,9.811,9.814,2041,0
IGA.US,5,20210930,165000,9.825,9.825,9.801,9.801,306,0
IGA.US,5,20210930,170000,9.816,9.816,9.791,9.791,408,0
IGA.US,5,20210930,170500,9.791,9.791,9.791,9.791,204,0
IGA.US,5,20210930,171500,9.801,9.801,9.801,9.801,204,0
IGA.US,5,20210930,172000,9.801,9.801,9.791,9.791,204,0
IGA.US,5,20210930,172500,9.791,9.791,9.791,9.791,102,0
IGA.US,5,20210930,173000,9.801,9.801,9.801,9.801,204,0
IGA.US,5,20210930,173500,9.801,9.801,9.801,9.801,204,0
IGA.US,5,20210930,174000,9.801,9.801,9.801,9.801,102,0
IGA.US,5,20210930,174500,9.801,9.801,9.791,9.791,306,0
IGA.US,5,20210930,175000,9.801,9.801,9.791,9.791,204,0
IGA.US,5,20210930,175500,9.801,9.801,9.791,9.791,204,0
IGA.US,5,20210930,180000,9.791,9.791,9.791,9.791,102,0
IGA.US,5,20210930,180500,9.801,9.801,9.791,9.791,204,0
IGA.US,5,20210930,181500,9.801,9.801,9.791,9.791,204,0
IGA.US,5,20210930,182500,9.782,9.782,9.752,9.752,4019,0
IGA.US,5,20210930,183000,9.742,9.752,9.742,9.752,204,0
IGA.US,5,20210930,184000,9.762,9.762,9.742,9.742,204,0
IGA.US,5,20210930,184500,9.733,9.747,9.703,9.703,2258,0
IGA.US,5,20210930,185000,9.733,9.733,9.723,9.723,1428,0
IGA.US,5,20210930,190000,9.703,9.703,9.703,9.703,102,0
IGA.US,5,20210930,191000,9.727,9.727,9.727,9.727,102,0
IGA.US,5,20210930,191500,9.721,9.721,9.721,9.721,1749,0
IGA.US,5,20210930,195000,9.733,9.733,9.733,9.733,1526,0
IGA.US,5,20210930,200000,9.733,9.733,9.733,9.733,510,0
IGA.US,5,20210930,203000,9.728,9.733,9.728,9.733,326,0
IGA.US,5,20210930,203500,9.733,9.762,9.733,9.733,6155,0
IGA.US,5,20210930,204000,9.733,9.733,9.733,9.733,2041,0
IGA.US,5,20210930,204500,9.733,9.733,9.733,9.733,1326,0
IGA.US,5,20210930,215500,9.756,9.756,9.713,9.713,13150,0
IGA.US,5,20211001,153000,9.73,9.73,9.68,9.7082,6559,0
IGA.US,5,20211001,153500,9.68,9.71,9.6737,9.71,1050,0
IGA.US,5,20211001,154500,9.71,9.71,9.71,9.71,150,0
IGA.US,5,20211001,155500,9.71,9.71,9.7,9.7,2269,0
IGA.US,5,20211001,161000,9.71,9.71,9.7005,9.7005,200,0
IGA.US,5,20211001,161500,9.71,9.71,9.71,9.71,198,0
IGA.US,5,20211001,163000,9.717,9.717,9.717,9.717,100,0
IGA.US,5,20211001,163500,9.72,9.72,9.72,9.72,1300,0
IGA.US,5,20211001,164000,9.7028,9.7028,9.7028,9.7028,570,0
IGA.US,5,20211001,164500,9.71,9.71,9.7,9.71,5100,0
IGA.US,5,20211001,170000,9.71,9.71,9.71,9.71,621,0
IGA.US,5,20211001,170500,9.7021,9.7021,9.7021,9.7021,2500,0
IGA.US,5,20211001,171500,9.71,9.71,9.7015,9.7015,488,0
IGA.US,5,20211001,172500,9.7,9.7,9.7,9.7,100,0
IGA.US,5,20211001,173500,9.7,9.7,9.7,9.7,100,0
IGA.US,5,20211001,174500,9.7,9.7,9.7,9.7,200,0
IGA.US,5,20211001,175000,9.7001,9.7001,9.7001,9.7001,3701,0
IGA.US,5,20211001,180000,9.7,9.7,9.7,9.7,100,0
IGA.US,5,20211001,180500,9.7,9.7176,9.7,9.7176,300,0
IGA.US,5,20211001,181000,9.7,9.7,9.7,9.7,100,0
IGA.US,5,20211001,182500,9.7,9.7,9.7,9.7,100,0
IGA.US,5,20211001,183500,9.71,9.71,9.71,9.71,500,0
IGA.US,5,20211001,184000,9.7,9.7,9.7,9.7,900,0
IGA.US,5,20211001,184500,9.7,9.7,9.7,9.7,1444,0
IGA.US,5,20211001,192000,9.7203,9.7203,9.71,9.7103,1516,0
IGA.US,5,20211001,192500,9.69,9.7,9.65,9.65,10844,0
IGA.US,5,20211001,193000,9.65,9.65,9.65,9.65,100,0
IGA.US,5,20211001,193500,9.6319,9.6319,9.6319,9.6319,165,0
IGA.US,5,20211001,194000,9.67,9.67,9.67,9.67,900,0
IGA.US,5,20211001,194500,9.7131,9.7131,9.7131,9.7131,102,0
IGA.US,5,20211001,195000,9.6901,9.6901,9.6901,9.6901,124,0
IGA.US,5,20211001,195500,9.705,9.705,9.705,9.705,200,0
IGA.US,5,20211001,203000,9.7155,9.7155,9.7,9.7,2840,0
IGA.US,5,20211001,203500,9.75,9.75,9.75,9.75,410,0
IGA.US,5,20211001,204500,9.73,9.73,9.73,9.73,200,0
IGA.US,5,20211001,214500,9.75,9.75,9.75,9.75,100,0
IGA.US,5,20211001,215000,9.74,9.75,9.74,9.75,1650,0
IGA.US,5,20211001,215500,9.7307,9.75,9.72,9.74,2124,0
IGA.US,5,20211004,153000,9.75,9.75,9.75,9.75,2162,0
IGA.US,5,20211004,153500,9.74,9.74,9.74,9.74,100,0
IGA.US,5,20211004,154000,9.74,9.7539,9.74,9.75,800,0
IGA.US,5,20211004,154500,9.75,9.75,9.75,9.75,100,0
IGA.US,5,20211004,155000,9.75,9.75,9.75,9.75,200,0
IGA.US,5,20211004,155500,9.75,9.75,9.75,9.75,400,0
IGA.US,5,20211004,160000,9.75,9.75,9.75,9.75,320,0
IGA.US,5,20211004,160500,9.75,9.75,9.75,9.75,300,0
IGA.US,5,20211004,161000,9.75,9.77,9.75,9.75,1107,0
IGA.US,5,20211004,161500,9.75,9.7634,9.75,9.75,2300,0
IGA.US,5,20211004,162000,9.75,9.765,9.75,9.75,1294,0
IGA.US,5,20211004,162500,9.75,9.75,9.725,9.75,1000,0
IGA.US,5,20211004,163500,9.75,9.75,9.7,9.7,1000,0
IGA.US,5,20211004,164500,9.7,9.7,9.7,9.7,300,0
IGA.US,5,20211004,165000,9.68,9.68,9.68,9.68,100,0
IGA.US,5,20211004,165500,9.66,9.66,9.66,9.66,200,0
IGA.US,5,20211004,171000,9.65,9.65,9.65,9.65,200,0
IGA.US,5,20211004,171500,9.65,9.65,9.65,9.65,300,0
IGA.US,5,20211004,172000,9.65,9.65,9.65,9.65,400,0
IGA.US,5,20211004,172500,9.62,9.64,9.61,9.61,3283,0
IGA.US,5,20211004,173000,9.62,9.6268,9.62,9.62,2196,0
IGA.US,5,20211004,173500,9.62,9.62,9.62,9.62,350,0
IGA.US,5,20211004,174000,9.61,9.61,9.5,9.5569,7065,0
IGA.US,5,20211004,174500,9.535,9.535,9.535,9.535,400,0
IGA.US,5,20211004,175000,9.535,9.58,9.505,9.58,4641,0
IGA.US,5,20211004,175500,9.59,9.6,9.59,9.595,1300,0
IGA.US,5,20211004,180000,9.6,9.6,9.6,9.6,300,0
IGA.US,5,20211004,182000,9.6267,9.63,9.6267,9.63,1400,0
IGA.US,5,20211004,183500,9.6,9.6,9.6,9.6,200,0
IGA.US,5,20211004,184500,9.6,9.6,9.6,9.6,200,0
IGA.US,5,20211004,185500,9.6,9.6,9.6,9.6,200,0
IGA.US,5,20211004,190500,9.6,9.6,9.6,9.6,150,0
IGA.US,5,20211004,192000,9.59,9.59,9.59,9.59,200,0
IGA.US,5,20211004,194000,9.59,9.59,9.59,9.59,200,0
IGA.US,5,20211004,200000,9.59,9.59,9.59,9.59,200,0
IGA.US,5,20211004,201000,9.59,9.62,9.59,9.62,261,0
IGA.US,5,20211004,201500,9.59,9.59,9.59,9.59,200,0
IGA.US,5,20211004,202500,9.61,9.615,9.59,9.59,5926,0
IGA.US,5,20211004,203000,9.62,9.62,9.6146,9.6146,200,0
IGA.US,5,20211004,203500,9.6093,9.6093,9.6093,9.6093,100,0
IGA.US,5,20211004,204500,9.6,9.6,9.6,9.6,200,0
IGA.US,5,20211004,211000,9.6,9.6,9.6,9.6,200,0
IGA.US,5,20211004,211500,9.63,9.63,9.63,9.63,300,0
IGA.US,5,20211004,212000,9.6,9.6,9.6,9.6,200,0
IGA.US,5,20211004,212500,9.609,9.609,9.609,9.609,1000,0
IGA.US,5,20211004,214000,9.62,9.64,9.6,9.62,3181,0
IGA.US,5,20211004,214500,9.6329,9.64,9.6329,9.64,473,0
IGA.US,5,20211004,215000,9.63,9.63,9.63,9.63,600,0
IGA.US,5,20211004,215500,9.6347,9.64,9.63,9.64,4966,0
IGA.US,5,20211005,153000,9.62,9.7,9.62,9.7,10812,0
IGA.US,5,20211005,153500,9.7,9.7,9.655,9.655,2700,0
IGA.US,5,20211005,154000,9.655,9.655,9.635,9.635,400,0
IGA.US,5,20211005,154500,9.635,9.635,9.635,9.635,500,0
IGA.US,5,20211005,155000,9.63,9.63,9.63,9.63,100,0
IGA.US,5,20211005,155500,9.65,9.65,9.63,9.63,1800,0
IGA.US,5,20211005,160000,9.64,9.67,9.64,9.65,800,0
IGA.US,5,20211005,160500,9.64,9.65,9.64,9.65,1800,0
IGA.US,5,20211005,161000,9.64,9.67,9.64,9.67,3100,0
IGA.US,5,20211005,161500,9.675,9.68,9.675,9.675,700,0
IGA.US,5,20211005,162000,9.68,9.68,9.675,9.675,2000,0
IGA.US,5,20211005,162500,9.67,9.675,9.67,9.675,300,0
IGA.US,5,20211005,163000,9.67,9.68,9.67,9.675,1100,0
IGA.US,5,20211005,163500,9.67,9.675,9.67,9.67,500,0
IGA.US,5,20211005,164000,9.68,9.68,9.675,9.675,3100,0
IGA.US,5,20211005,164500,9.675,9.69,9.675,9.69,1500,0
IGA.US,5,20211005,165000,9.69,9.69,9.69,9.69,1000,0
IGA.US,5,20211005,165500,9.69,9.69,9.68,9.68,950,0
IGA.US,5,20211005,170000,9.6731,9.69,9.6731,9.69,3400,0
IGA.US,5,20211005,170500,9.6888,9.69,9.6888,9.69,200,0
IGA.US,5,20211005,171000,9.69,9.69,9.69,9.69,100,0
IGA.US,5,20211005,171500,9.69,9.695,9.69,9.695,1100,0
IGA.US,5,20211005,172000,9.69,9.6999,9.69,9.6999,1900,0
IGA.US,5,20211005,172500,9.6828,9.6828,9.6828,9.6828,120,0
IGA.US,5,20211005,174500,9.7,9.7,9.7,9.7,100,0
IGA.US,5,20211005,175500,9.69,9.69,9.69,9.69,1200,0
IGA.US,5,20211005,180500,9.69,9.69,9.69,9.69,1048,0
IGA.US,5,20211005,185000,9.68,9.68,9.68,9.68,400,0
IGA.US,5,20211005,192000,9.7,9.7,9.7,9.7,3150,0
IGA.US,5,20211005,195000,9.7,9.7,9.7,9.7,400,0
IGA.US,5,20211005,195500,9.6934,9.6934,9.6934,9.6934,235,0
IGA.US,5,20211005,200000,9.7,9.7,9.6982,9.6982,1209,0
IGA.US,5,20211005,201000,9.71,9.71,9.71,9.71,106,0
IGA.US,5,20211005,202000,9.7024,9.7024,9.696,9.696,2725,0
IGA.US,5,20211005,204500,9.705,9.71,9.705,9.71,300,0
IGA.US,5,20211005,205500,9.7018,9.7018,9.69,9.7,3200,0
IGA.US,5,20211005,213000,9.69,9.7,9.68,9.6902,3005,0
IGA.US,5,20211005,213500,9.6964,9.71,9.6964,9.71,812,0
IGA.US,5,20211005,214000,9.6982,9.6982,9.6982,9.6982,1000,0
IGA.US,5,20211005,215000,9.68,9.7064,9.68,9.7,1938,0
IGA.US,5,20211005,215500,9.685,9.69,9.685,9.69,4529,0
IGA.US,5,20211006,153000,9.64,9.72,9.54,9.72,9469,0
IGA.US,5,20211006,153500,9.66,9.66,9.61,9.61,2000,0
IGA.US,5,20211006,154000,9.6,9.64,9.59,9.59,2021,0
IGA.US,5,20211006,154500,9.59,9.635,9.59,9.61,1600,0
IGA.US,5,20211006,155000,9.61,9.64,9.6,9.6,1601,0
IGA.US,5,20211006,155500,9.6,9.6,9.57,9.57,1380,0
IGA.US,5,20211006,160000,9.59,9.59,9.57,9.57,600,0
IGA.US,5,20211006,160500,9.57,9.57,9.56,9.56,1500,0
IGA.US,5,20211006,161000,9.56,9.56,9.56,9.56,1600,0
IGA.US,5,20211006,161500,9.56,9.56,9.56,9.56,1400,0
IGA.US,5,20211006,162000,9.56,9.57,9.55,9.565,5470,0
IGA.US,5,20211006,162500,9.57,9.61,9.57,9.61,5440,0
IGA.US,5,20211006,163000,9.59,9.61,9.59,9.595,620,0
IGA.US,5,20211006,163500,9.62,9.62,9.595,9.595,3300,0
IGA.US,5,20211006,164000,9.595,9.595,9.595,9.595,1700,0
IGA.US,5,20211006,164500,9.595,9.62,9.595,9.62,200,0
IGA.US,5,20211006,165000,9.57,9.57,9.56,9.56,1000,0
IGA.US,5,20211006,165500,9.56,9.56,9.56,9.56,800,0
IGA.US,5,20211006,170000,9.56,9.57,9.56,9.56,1500,0
IGA.US,5,20211006,170500,9.56,9.565,9.55,9.55,2499,0
IGA.US,5,20211006,171000,9.55,9.55,9.55,9.55,800,0
IGA.US,5,20211006,171500,9.55,9.57,9.55,9.56,1100,0
IGA.US,5,20211006,172000,9.56,9.565,9.56,9.56,1000,0
IGA.US,5,20211006,172500,9.56,9.56,9.56,9.56,1200,0
IGA.US,5,20211006,173000,9.565,9.57,9.55,9.55,800,0
IGA.US,5,20211006,173500,9.54,9.57,9.54,9.57,2003,0
IGA.US,5,20211006,174000,9.56,9.56,9.54,9.54,200,0
IGA.US,5,20211006,174500,9.55,9.56,9.54,9.54,600,0
IGA.US,5,20211006,175000,9.55,9.59,9.55,9.565,2400,0
IGA.US,5,20211006,175500,9.565,9.6,9.54,9.54,2000,0
IGA.US,5,20211006,180000,9.6,9.6,9.6,9.6,100,0
IGA.US,5,20211006,180500,9.6,9.6,9.6,9.6,400,0
IGA.US,5,20211006,181000,9.6,9.6,9.6,9.6,900,0
IGA.US,5,20211006,181500,9.6,9.6,9.6,9.6,500,0
IGA.US,5,20211006,182000,9.6,9.6,9.6,9.6,670,0
IGA.US,5,20211006,185500,9.63,9.63,9.6109,9.63,810,0
IGA.US,5,20211006,191000,9.63,9.63,9.615,9.615,300,0
IGA.US,5,20211006,191500,9.63,9.63,9.63,9.63,100,0
IGA.US,5,20211006,193000,9.615,9.615,9.615,9.615,100,0
IGA.US,5,20211006,193500,9.63,9.63,9.63,9.63,1660,0
IGA.US,5,20211006,205500,9.65,9.65,9.65,9.65,500,0
IGA.US,5,20211006,210500,9.65,9.65,9.63,9.64,2406,0
IGA.US,5,20211006,213500,9.66,9.66,9.66,9.66,210,0
IGA.US,5,20211006,214000,9.66,9.66,9.66,9.66,800,0
IGA.US,5,20211006,214500,9.66,9.67,9.655,9.67,3630,0
IGA.US,5,20211006,215000,9.66,9.66,9.65,9.66,1236,0
IGA.US,5,20211006,215500,9.67,9.67,9.65,9.66,6684,0
IGA.US,5,20211007,153000,9.75,9.75,9.75,9.75,7903,0
IGA.US,5,20211007,153500,9.67,9.7441,9.67,9.7441,600,0
IGA.US,5,20211007,155000,9.7,9.72,9.7,9.72,200,0
IGA.US,5,20211007,160000,9.7,9.7,9.7,9.7,100,0
IGA.US,5,20211007,160500,9.715,9.75,9.7,9.7,1203,0
IGA.US,5,20211007,161000,9.7,9.744,9.7,9.744,300,0
IGA.US,5,20211007,161500,9.7,9.7,9.7,9.7,200,0
IGA.US,5,20211007,162000,9.7,9.7,9.7,9.7,300,0
IGA.US,5,20211007,162500,9.7,9.7,9.7,9.7,200,0
IGA.US,5,20211007,163000,9.75,9.75,9.72,9.735,1000,0
IGA.US,5,20211007,163500,9.72,9.72,9.72,9.72,200,0
IGA.US,5,20211007,164000,9.72,9.72,9.72,9.72,200,0
IGA.US,5,20211007,164500,9.73,9.75,9.73,9.73,300,0
IGA.US,5,20211007,165000,9.73,9.73,9.73,9.73,300,0
IGA.US,5,20211007,165500,9.73,9.73,9.73,9.73,312,0
IGA.US,5,20211007,170500,9.75,9.75,9.7498,9.7498,2598,0
IGA.US,5,20211007,174500,9.7301,9.7301,9.7301,9.7301,200,0
IGA.US,5,20211007,180000,9.73,9.75,9.73,9.75,1824,0
IGA.US,5,20211007,183000,9.7101,9.7101,9.7101,9.7101,100,0
IGA.US,5,20211007,183500,9.7101,9.7101,9.7101,9.7101,1000,0
IGA.US,5,20211007,190000,9.75,9.75,9.75,9.75,320,0
IGA.US,5,20211007,195500,9.75,9.75,9.75,9.75,110,0
IGA.US,5,20211007,203000,9.71,9.74,9.71,9.71,400,0
IGA.US,5,20211007,203500,9.71,9.7152,9.71,9.71,1900,0
IGA.US,5,20211007,212000,9.7121,9.7121,9.7121,9.7121,265,0
IGA.US,5,20211007,213000,9.7185,9.7185,9.7185,9.7185,1698,0
IGA.US,5,20211007,213500,9.7,9.71,9.67,9.71,2644,0
IGA.US,5,20211007,214500,9.7099,9.7099,9.7041,9.7041,6148,0
IGA.US,5,20211007,215000,9.68,9.68,9.68,9.68,100,0
IGA.US,5,20211007,215500,9.6999,9.71,9.6995,9.7,13815,0
IGA.US,5,20211008,153000,9.74,9.74,9.6718,9.6718,5442,0
IGA.US,5,20211008,153500,9.75,9.75,9.75,9.75,300,0
IGA.US,5,20211008,154000,9.75,9.75,9.75,9.75,100,0
IGA.US,5,20211008,154500,9.75,9.75,9.75,9.75,200,0
IGA.US,5,20211008,155000,9.75,9.75,9.75,9.75,200,0
IGA.US,5,20211008,155500,9.75,9.75,9.75,9.75,100,0
IGA.US,5,20211008,160000,9.75,9.75,9.75,9.75,200,0
IGA.US,5,20211008,160500,9.75,9.75,9.75,9.75,100,0
IGA.US,5,20211008,161000,9.75,9.75,9.75,9.75,100,0
IGA.US,5,20211008,161500,9.75,9.75,9.75,9.75,100,0
IGA.US,5,20211008,162500,9.73,9.73,9.73,9.73,227,0
IGA.US,5,20211008,163000,9.73,9.73,9.73,9.73,308,0
IGA.US,5,20211008,164000,9.7497,9.75,9.7497,9.75,300,0
IGA.US,5,20211008,164500,9.75,9.75,9.75,9.75,200,0
IGA.US,5,20211008,165000,9.75,9.75,9.75,9.75,100,0
IGA.US,5,20211008,165500,9.75,9.75,9.75,9.75,100,0
IGA.US,5,20211008,170000,9.7237,9.75,9.7237,9.75,1060,0
IGA.US,5,20211008,171000,9.75,9.75,9.75,9.75,850,0
IGA.US,5,20211008,171500,9.75,9.75,9.75,9.75,100,0
IGA.US,5,20211008,172000,9.75,9.75,9.75,9.75,100,0
IGA.US,5,20211008,172500,9.75,9.75,9.75,9.75,100,0
IGA.US,5,20211008,173000,9.75,9.75,9.75,9.75,100,0
IGA.US,5,20211008,173500,9.75,9.75,9.75,9.75,100,0
IGA.US,5,20211008,174500,9.75,9.75,9.75,9.75,100,0
IGA.US,5,20211008,175000,9.75,9.75,9.75,9.75,100,0
IGA.US,5,20211008,180500,9.75,9.75,9.75,9.75,100,0
IGA.US,5,20211008,181000,9.75,9.75,9.75,9.75,100,0
IGA.US,5,20211008,182000,9.75,9.75,9.75,9.75,100,0
IGA.US,5,20211008,182500,9.75,9.75,9.75,9.75,100,0
IGA.US,5,20211008,183000,9.75,9.75,9.75,9.75,100,0
IGA.US,5,20211008,184000,9.75,9.75,9.75,9.75,100,0
IGA.US,5,20211008,184500,9.75,9.75,9.75,9.75,100,0
IGA.US,5,20211008,185500,9.75,9.75,9.75,9.75,100,0
IGA.US,5,20211008,190000,9.75,9.75,9.75,9.75,100,0
IGA.US,5,20211008,191000,9.75,9.75,9.75,9.75,100,0
IGA.US,5,20211008,192000,9.75,9.75,9.74,9.74,400,0
IGA.US,5,20211008,193000,9.75,9.75,9.75,9.75,100,0
IGA.US,5,20211008,194500,9.74,9.74,9.7237,9.7237,1728,0
IGA.US,5,20211008,195500,9.75,9.75,9.75,9.75,100,0
IGA.US,5,20211008,201000,9.75,9.75,9.75,9.75,100,0
IGA.US,5,20211008,201500,9.75,9.75,9.75,9.75,100,0
IGA.US,5,20211008,202000,9.75,9.75,9.75,9.75,100,0
IGA.US,5,20211008,204000,9.7501,9.7501,9.7501,9.7501,600,0
IGA.US,5,20211008,204500,9.75,9.75,9.75,9.75,188,0
IGA.US,5,20211008,210000,9.75,9.752,9.75,9.75,1000,0
IGA.US,5,20211008,211500,9.76,9.76,9.76,9.76,388,0
IGA.US,5,20211008,212500,9.76,9.76,9.76,9.76,142,0
IGA.US,5,20211008,213000,9.76,9.76,9.753,9.753,1800,0
IGA.US,5,20211008,213500,9.76,9.76,9.76,9.76,200,0
IGA.US,5,20211008,214000,9.76,9.76,9.76,9.76,300,0
IGA.US,5,20211008,214500,9.76,9.76,9.76,9.76,600,0
IGA.US,5,20211008,215000,9.755,9.755,9.73,9.75,1551,0
IGA.US,5,20211008,215500,9.75,9.75,9.73,9.73,6363,0
IGA.US,5,20211011,153000,9.76,9.76,9.76,9.76,2693,0
IGA.US,5,20211011,153500,9.8,9.8,9.7904,9.7904,342,0
IGA.US,5,20211011,154500,9.755,9.755,9.755,9.755,100,0
IGA.US,5,20211011,155000,9.77,9.77,9.77,9.77,300,0
IGA.US,5,20211011,155500,9.765,9.765,9.76,9.7636,1200,0
IGA.US,5,20211011,160000,9.77,9.77,9.77,9.77,100,0
IGA.US,5,20211011,160500,9.77,9.77,9.77,9.77,200,0
IGA.US,5,20211011,161000,9.77,9.77,9.77,9.77,100,0
IGA.US,5,20211011,161500,9.77,9.77,9.77,9.77,100,0
IGA.US,5,20211011,162000,9.765,9.77,9.765,9.77,1100,0
IGA.US,5,20211011,162500,9.77,9.77,9.77,9.77,200,0
IGA.US,5,20211011,163000,9.77,9.77,9.77,9.77,100,0
IGA.US,5,20211011,163500,9.77,9.77,9.77,9.77,200,0
IGA.US,5,20211011,164000,9.77,9.77,9.77,9.77,100,0
IGA.US,5,20211011,164500,9.77,9.8,9.77,9.8,300,0
IGA.US,5,20211011,165000,9.8,9.8,9.8,9.8,100,0
IGA.US,5,20211011,165500,9.8,9.8,9.8,9.8,200,0
IGA.US,5,20211011,170000,9.78,9.8,9.7709,9.7709,1235,0
IGA.US,5,20211011,170500,9.8,9.8,9.8,9.8,100,0
IGA.US,5,20211011,171000,9.8,9.8,9.8,9.8,100,0
IGA.US,5,20211011,171500,9.8,9.8,9.8,9.8,100,0
IGA.US,5,20211011,172500,9.8,9.8,9.8,9.8,100,0
IGA.US,5,20211011,173000,9.8,9.8,9.8,9.8,200,0
IGA.US,5,20211011,173500,9.8,9.8,9.8,9.8,100,0
IGA.US,5,20211011,174000,9.8,9.8,9.8,9.8,100,0
IGA.US,5,20211011,175000,9.8,9.8,9.8,9.8,100,0
IGA.US,5,20211011,175500,9.8,9.8,9.8,9.8,100,0
IGA.US,5,20211011,180000,9.8,9.8,9.8,9.8,100,0
IGA.US,5,20211011,180500,9.8,9.8,9.8,9.8,100,0
IGA.US,5,20211011,181000,9.7918,9.8,9.79,9.8,6846,0
IGA.US,5,20211011,181500,9.8,9.8,9.8,9.8,100,0
IGA.US,5,20211011,182000,9.79,9.8,9.7602,9.8,4003,0
IGA.US,5,20211011,182500,9.8,9.8,9.8,9.8,100,0
IGA.US,5,20211011,183500,9.8,9.8,9.8,9.8,100,0
IGA.US,5,20211011,184000,9.8,9.82,9.799,9.82,1975,0
IGA.US,5,20211011,184500,9.81,9.82,9.81,9.82,3303,0
IGA.US,5,20211011,185000,9.82,9.84,9.82,9.84,4100,0
IGA.US,5,20211011,185500,9.83,9.84,9.83,9.84,2000,0
IGA.US,5,20211011,190500,9.83,9.83,9.83,9.83,200,0
IGA.US,5,20211011,191000,9.82,9.83,9.82,9.83,200,0
IGA.US,5,20211011,191500,9.83,9.83,9.83,9.83,100,0
IGA.US,5,20211011,192000,9.83,9.83,9.83,9.83,100,0
IGA.US,5,20211011,192500,9.82,9.82,9.8,9.8,1300,0
IGA.US,5,20211011,193000,9.8,9.8,9.785,9.785,400,0
IGA.US,5,20211011,193500,9.785,9.785,9.785,9.785,100,0
IGA.US,5,20211011,194000,9.8,9.8,9.8,9.8,200,0
IGA.US,5,20211011,194500,9.8,9.8,9.8,9.8,200,0
IGA.US,5,20211011,195000,9.8,9.8,9.7715,9.7715,500,0
IGA.US,5,20211011,195500,9.8,9.8,9.8,9.8,100,0
IGA.US,5,20211011,200000,9.8,9.8,9.79,9.79,300,0
IGA.US,5,20211011,200500,9.79,9.8,9.79,9.8,300,0
IGA.US,5,20211011,201000,9.8,9.8,9.8,9.8,100,0
IGA.US,5,20211011,201500,9.8,9.8,9.78,9.78,382,0
IGA.US,5,20211011,202000,9.8,9.8,9.78,9.8,380,0
IGA.US,5,20211011,202500,9.8,9.8,9.8,9.8,200,0
IGA.US,5,20211011,203000,9.79,9.8,9.79,9.79,481,0
IGA.US,5,20211011,205000,9.78,9.785,9.78,9.78,555,0
IGA.US,5,20211011,211000,9.79,9.79,9.78,9.7803,1102,0
IGA.US,5,20211011,213000,9.77,9.77,9.77,9.77,100,0
IGA.US,5,20211011,213500,9.76,9.76,9.75,9.76,3977,0
IGA.US,5,20211011,214000,9.75,9.75,9.75,9.75,100,0
IGA.US,5,20211011,214500,9.75,9.7667,9.75,9.7667,500,0
IGA.US,5,20211011,215000,9.76,9.76,9.74,9.74,1277,0
IGA.US,5,20211011,215500,9.74,9.7458,9.7,9.7,5650,0
IGA.US,5,20211012,153000,9.75,9.75,9.73,9.74,7639,0
IGA.US,5,20211012,153500,9.73,9.74,9.73,9.74,750,0
IGA.US,5,20211012,154500,9.71,9.71,9.71,9.71,500,0
IGA.US,5,20211012,161500,9.7,9.7,9.7,9.7,515,0
IGA.US,5,20211012,162500,9.6913,9.6913,9.6913,9.6913,100,0
IGA.US,5,20211012,163000,9.69,9.6902,9.69,9.6902,4954,0
IGA.US,5,20211012,165000,9.69,9.6941,9.69,9.6941,881,0
IGA.US,5,20211012,170000,9.6999,9.7,9.6999,9.7,2314,0
IGA.US,5,20211012,181500,9.707,9.707,9.707,9.707,300,0
IGA.US,5,20211012,184000,9.7,9.7,9.7,9.7,100,0
IGA.US,5,20211012,184500,9.7,9.7,9.7,9.7,100,0
IGA.US,5,20211012,185000,9.7,9.7,9.7,9.7,642,0
IGA.US,5,20211012,185500,9.7,9.7,9.7,9.7,100,0
IGA.US,5,20211012,190000,9.7,9.7,9.7,9.7,900,0
IGA.US,5,20211012,190500,9.7,9.7,9.7,9.7,100,0
IGA.US,5,20211012,191000,9.7,9.7,9.7,9.7,100,0
IGA.US,5,20211012,191500,9.7,9.7,9.7,9.7,100,0
IGA.US,5,20211012,192000,9.7,9.7,9.7,9.7,200,0
IGA.US,5,20211012,192500,9.7,9.7,9.7,9.7,100,0
IGA.US,5,20211012,193000,9.7,9.7,9.7,9.7,100,0
IGA.US,5,20211012,193500,9.7,9.7,9.7,9.7,200,0
IGA.US,5,20211012,194000,9.7,9.7,9.7,9.7,100,0
IGA.US,5,20211012,194500,9.7,9.7,9.7,9.7,200,0
IGA.US,5,20211012,195000,9.7,9.7,9.7,9.7,100,0
IGA.US,5,20211012,195500,9.7,9.7,9.7,9.7,200,0
IGA.US,5,20211012,200000,9.7,9.7,9.7,9.7,100,0
IGA.US,5,20211012,200500,9.7,9.7,9.7,9.7,100,0
IGA.US,5,20211012,201000,9.7,9.71,9.7,9.7099,4792,0
IGA.US,5,20211012,202000,9.705,9.705,9.705,9.705,100,0
IGA.US,5,20211012,203500,9.7,9.7,9.7,9.7,200,0
IGA.US,5,20211012,204000,9.7,9.7,9.7,9.7,100,0
IGA.US,5,20211012,204500,9.7,9.7,9.7,9.7,646,0
IGA.US,5,20211012,205000,9.7,9.7,9.7,9.7,100,0
IGA.US,5,20211012,205500,9.7,9.7,9.69,9.69,300,0
IGA.US,5,20211012,210000,9.69,9.69,9.69,9.69,100,0
IGA.US,5,20211012,210500,9.69,9.69,9.69,9.69,100,0
IGA.US,5,20211012,211000,9.68,9.6851,9.68,9.68,1030,0
IGA.US,5,20211012,211500,9.68,9.68,9.68,9.68,100,0
IGA.US,5,20211012,212000,9.68,9.68,9.68,9.68,200,0
IGA.US,5,20211012,212500,9.68,9.68,9.68,9.68,200,0
IGA.US,5,20211012,213000,9.68,9.68,9.68,9.68,200,0
IGA.US,5,20211012,213500,9.68,9.685,9.68,9.685,609,0
IGA.US,5,20211012,214000,9.68,9.6893,9.68,9.685,1300,0
IGA.US,5,20211012,214500,9.67,9.67,9.67,9.67,100,0
IGA.US,5,20211012,215000,9.67,9.67,9.66,9.66,1406,0
IGA.US,5,20211012,215500,9.66,9.68,9.66,9.67,5796,0
IGA.US,5,20211013,153000,9.69,9.69,9.69,9.69,2924,0
IGA.US,5,20211013,153500,9.77,9.77,9.77,9.77,100,0
IGA.US,5,20211013,154000,9.7613,9.7613,9.73,9.73,1100,0
IGA.US,5,20211013,154500,9.77,9.77,9.77,9.77,100,0
IGA.US,5,20211013,155500,9.74,9.74,9.74,9.74,100,0
IGA.US,5,20211013,160000,9.74,9.74,9.74,9.74,100,0
IGA.US,5,20211013,160500,9.715,9.715,9.715,9.715,116,0
IGA.US,5,20211013,161000,9.715,9.74,9.69,9.69,701,0
IGA.US,5,20211013,162000,9.73,9.73,9.73,9.73,100,0
IGA.US,5,20211013,163500,9.7266,9.73,9.7245,9.7245,2899,0
IGA.US,5,20211013,164000,9.73,9.73,9.73,9.73,100,0
IGA.US,5,20211013,165000,9.73,9.73,9.73,9.73,100,0
IGA.US,5,20211013,170500,9.73,9.73,9.73,9.73,100,0
IGA.US,5,20211013,171000,9.73,9.73,9.73,9.73,100,0
IGA.US,5,20211013,172000,9.73,9.7399,9.73,9.7399,1370,0
IGA.US,5,20211013,172500,9.715,9.74,9.715,9.74,1110,0
IGA.US,5,20211013,173500,9.74,9.74,9.74,9.74,100,0
IGA.US,5,20211013,174500,9.74,9.74,9.6913,9.6913,3100,0
IGA.US,5,20211013,175000,9.74,9.74,9.74,9.74,100,0
IGA.US,5,20211013,180000,9.75,9.75,9.75,9.75,100,0
IGA.US,5,20211013,180500,9.75,9.75,9.75,9.75,100,0
IGA.US,5,20211013,181500,9.75,9.75,9.75,9.75,100,0
IGA.US,5,20211013,182000,9.75,9.75,9.75,9.75,100,0
IGA.US,5,20211013,183500,9.7,9.7,9.7,9.7,100,0
IGA.US,5,20211013,184000,9.75,9.75,9.7,9.7,200,0
IGA.US,5,20211013,184500,9.7,9.75,9.7,9.75,200,0
IGA.US,5,20211013,185500,9.75,9.75,9.7,9.7,200,0
IGA.US,5,20211013,190000,9.72,9.72,9.72,9.72,100,0
IGA.US,5,20211013,192000,9.72,9.75,9.72,9.75,200,0
IGA.US,5,20211013,192500,9.72,9.72,9.72,9.72,100,0
IGA.US,5,20211013,193000,9.72,9.75,9.72,9.75,200,0
IGA.US,5,20211013,193500,9.72,9.75,9.72,9.72,300,0
IGA.US,5,20211013,194000,9.72,9.72,9.72,9.72,100,0
IGA.US,5,20211013,194500,9.75,9.75,9.72,9.72,200,0
IGA.US,5,20211013,195000,9.72,9.75,9.72,9.75,200,0
IGA.US,5,20211013,195500,9.72,9.72,9.72,9.72,100,0
IGA.US,5,20211013,200000,9.72,9.72,9.72,9.72,100,0
IGA.US,5,20211013,201000,9.75,9.75,9.72,9.7342,879,0
IGA.US,5,20211013,201500,9.72,9.75,9.72,9.75,200,0
IGA.US,5,20211013,202000,9.72,9.75,9.72,9.75,4276,0
IGA.US,5,20211013,202500,9.7268,9.7364,9.72,9.7364,960,0
IGA.US,5,20211013,203000,9.75,9.75,9.72,9.72,200,0
IGA.US,5,20211013,203500,9.73,9.75,9.73,9.75,200,0
IGA.US,5,20211013,204000,9.72,9.72,9.72,9.72,200,0
IGA.US,5,20211013,204500,9.75,9.75,9.72,9.72,200,0
IGA.US,5,20211013,205000,9.72,9.75,9.72,9.75,200,0
IGA.US,5,20211013,205500,9.72,9.75,9.72,9.72,439,0
IGA.US,5,20211013,210000,9.72,9.72,9.72,9.72,100,0
IGA.US,5,20211013,210500,9.72,9.72,9.72,9.72,200,0
IGA.US,5,20211013,211000,9.72,9.72,9.72,9.72,100,0
IGA.US,5,20211013,211500,9.72,9.75,9.72,9.7375,900,0
IGA.US,5,20211013,212000,9.72,9.72,9.72,9.72,200,0
IGA.US,5,20211013,212500,9.72,9.72,9.72,9.72,100,0
IGA.US,5,20211013,213000,9.72,9.72,9.72,9.72,200,0
IGA.US,5,20211013,213500,9.72,9.72,9.72,9.72,200,0
IGA.US,5,20211013,214000,9.73,9.73,9.73,9.73,100,0
IGA.US,5,20211013,214500,9.73,9.73,9.73,9.73,300,0
IGA.US,5,20211013,215000,9.73,9.75,9.72,9.72,1110,0
IGA.US,5,20211013,215500,9.74,9.76,9.73,9.73,14931,0
IGA.US,5,20211014,153000,9.81,9.81,9.81,9.81,4099,0
IGA.US,5,20211014,154000,9.8123,9.8123,9.8,9.8,7000,0
IGA.US,5,20211014,154500,9.81,9.81,9.78,9.78,1121,0
IGA.US,5,20211014,155000,9.7851,9.7851,9.78,9.78,650,0
IGA.US,5,20211014,155500,9.78,9.78,9.78,9.78,200,0
IGA.US,5,20211014,160000,9.78,9.78,9.78,9.78,400,0
IGA.US,5,20211014,160500,9.78,9.78,9.78,9.78,200,0
IGA.US,5,20211014,161000,9.8024,9.8024,9.78,9.78,720,0
IGA.US,5,20211014,161500,9.78,9.78,9.78,9.78,300,0
IGA.US,5,20211014,162000,9.78,9.78,9.78,9.78,200,0
IGA.US,5,20211014,162500,9.78,9.78,9.78,9.78,200,0
IGA.US,5,20211014,163000,9.78,9.78,9.78,9.78,300,0
IGA.US,5,20211014,163500,9.78,9.78,9.78,9.78,600,0
IGA.US,5,20211014,164000,9.78,9.78,9.78,9.78,200,0
IGA.US,5,20211014,164500,9.78,9.78,9.78,9.78,200,0
IGA.US,5,20211014,165000,9.78,9.78,9.78,9.78,300,0
IGA.US,5,20211014,165500,9.7899,9.79,9.78,9.78,7600,0
IGA.US,5,20211014,170000,9.78,9.78,9.78,9.78,200,0
IGA.US,5,20211014,170500,9.78,9.79,9.78,9.79,300,0
IGA.US,5,20211014,171000,9.79,9.79,9.79,9.79,200,0
IGA.US,5,20211014,171500,9.79,9.79,9.78,9.78,2080,0
IGA.US,5,20211014,172000,9.78,9.78,9.78,9.78,100,0
IGA.US,5,20211014,172500,9.78,9.78,9.78,9.78,200,0
IGA.US,5,20211014,173000,9.78,9.78,9.78,9.78,200,0
IGA.US,5,20211014,173500,9.78,9.78,9.78,9.78,200,0
IGA.US,5,20211014,174000,9.78,9.78,9.78,9.78,100,0
IGA.US,5,20211014,174500,9.78,9.81,9.78,9.8028,410,0
IGA.US,5,20211014,175000,9.78,9.795,9.78,9.78,2739,0
IGA.US,5,20211014,175500,9.79,9.8,9.79,9.8,300,0
IGA.US,5,20211014,182000,9.8063,9.8063,9.8063,9.8063,1509,0
IGA.US,5,20211014,182500,9.8,9.8,9.8,9.8,100,0
IGA.US,5,20211014,183000,9.8099,9.8099,9.8099,9.8099,3000,0
IGA.US,5,20211014,184000,9.808,9.808,9.808,9.808,1020,0
IGA.US,5,20211014,184500,9.8015,9.8015,9.8015,9.8015,353,0
IGA.US,5,20211014,191500,9.8045,9.8045,9.8045,9.8045,400,0
IGA.US,5,20211014,195500,9.81,9.81,9.8097,9.8097,1952,0
IGA.US,5,20211014,200500,9.8167,9.8167,9.81,9.81,2000,0
IGA.US,5,20211014,204500,9.81,9.815,9.81,9.815,225,0
IGA.US,5,20211014,205000,9.81,9.815,9.81,9.81,500,0
IGA.US,5,20211014,205500,9.81,9.81,9.81,9.81,100,0
IGA.US,5,20211014,210000,9.81,9.81,9.81,9.81,200,0
IGA.US,5,20211014,210500,9.81,9.81,9.81,9.81,200,0
IGA.US,5,20211014,211000,9.81,9.81,9.81,9.81,100,0
IGA.US,5,20211014,211500,9.81,9.8114,9.81,9.81,324,0
IGA.US,5,20211014,212000,9.81,9.81,9.81,9.81,200,0
IGA.US,5,20211014,212500,9.81,9.81,9.81,9.81,100,0
IGA.US,5,20211014,213000,9.81,9.82,9.81,9.82,727,0
IGA.US,5,20211014,213500,9.815,9.83,9.815,9.83,3100,0
IGA.US,5,20211014,214000,9.83,9.83,9.83,9.83,250,0
IGA.US,5,20211014,214500,9.825,9.825,9.825,9.825,100,0
IGA.US,5,20211014,215000,9.82,9.83,9.82,9.83,1245,0
IGA.US,5,20211014,215500,9.83,9.85,9.82,9.82,9183,0
IGA.US,5,20211015,153000,9.91,9.91,9.86,9.8876,14072,0
IGA.US,5,20211015,153500,9.83,9.83,9.82,9.83,3221,0
IGA.US,5,20211015,154000,9.86,9.86,9.86,9.86,100,0
IGA.US,5,20211015,154500,9.85,9.85,9.85,9.85,400,0
IGA.US,5,20211015,155000,9.86,9.86,9.86,9.86,100,0
IGA.US,5,20211015,155500,9.86,9.86,9.86,9.86,329,0
IGA.US,5,20211015,160000,9.87,9.9,9.87,9.9,7092,0
IGA.US,5,20211015,160500,9.9,9.9,9.9,9.9,100,0
IGA.US,5,20211015,161000,9.9,9.9,9.9,9.9,100,0
IGA.US,5,20211015,161500,9.9,9.9,9.9,9.9,100,0
IGA.US,5,20211015,162000,9.84,9.9,9.84,9.8999,1429,0
IGA.US,5,20211015,162500,9.9,9.9,9.9,9.9,100,0
IGA.US,5,20211015,163000,9.9,9.9,9.9,9.9,100,0
IGA.US,5,20211015,163500,9.88,9.88,9.88,9.88,400,0
IGA.US,5,20211015,164000,9.88,9.9,9.8756,9.9,4200,0
IGA.US,5,20211015,165000,9.9,9.9,9.9,9.9,100,0
IGA.US,5,20211015,165500,9.9,9.9,9.9,9.9,100,0
IGA.US,5,20211015,170000,9.9,9.9,9.9,9.9,100,0
IGA.US,5,20211015,171000,9.9,9.91,9.9,9.91,6900,0
IGA.US,5,20211015,171500,9.91,9.91,9.91,9.91,100,0
IGA.US,5,20211015,172000,9.91,9.91,9.91,9.91,100,0
IGA.US,5,20211015,173000,9.903,9.903,9.903,9.903,300,0
IGA.US,5,20211015,174000,9.9,9.9,9.9,9.9,200,0
IGA.US,5,20211015,174500,9.9,9.91,9.9,9.91,300,0
IGA.US,5,20211015,175000,9.9,9.9,9.9,9.9,100,0
IGA.US,5,20211015,175500,9.9,9.91,9.9,9.9,500,0
IGA.US,5,20211015,180000,9.91,9.91,9.91,9.91,100,0
IGA.US,5,20211015,180500,9.9,9.91,9.9,9.91,200,0
IGA.US,5,20211015,181000,9.9,9.91,9.9,9.91,200,0
IGA.US,5,20211015,181500,9.9,9.9,9.9,9.9,100,0
IGA.US,5,20211015,182000,9.9,9.91,9.9,9.91,200,0
IGA.US,5,20211015,182500,9.9,9.9,9.9,9.9,200,0
IGA.US,5,20211015,183000,9.9,9.91,9.9,9.91,2200,0
IGA.US,5,20211015,183500,9.9,9.91,9.9,9.91,245,0
IGA.US,5,20211015,184000,9.9,9.9,9.9,9.9,100,0
IGA.US,5,20211015,184500,9.9,9.9,9.89,9.89,200,0
IGA.US,5,20211015,185000,9.89,9.89,9.89,9.89,300,0
IGA.US,5,20211015,185500,9.89,9.89,9.89,9.89,300,0
IGA.US,5,20211015,190000,9.9,9.91,9.9,9.9,2000,0
IGA.US,5,20211015,191000,9.9083,9.9083,9.9083,9.9083,624,0
IGA.US,5,20211015,191500,9.9,9.9,9.9,9.9,200,0
IGA.US,5,20211015,192000,9.9,9.9,9.9,9.9,300,0
IGA.US,5,20211015,192500,9.9,9.9,9.9,9.9,200,0
IGA.US,5,20211015,193000,9.9,9.9,9.89,9.89,200,0
IGA.US,5,20211015,193500,9.89,9.905,9.89,9.89,1314,0
IGA.US,5,20211015,194000,9.89,9.89,9.89,9.89,100,0
IGA.US,5,20211015,194500,9.91,9.91,9.91,9.91,100,0
IGA.US,5,20211015,195000,9.89,9.89,9.89,9.89,100,0
IGA.US,5,20211015,195500,9.89,9.89,9.89,9.89,100,0
IGA.US,5,20211015,200000,9.89,9.89,9.88,9.88,300,0
IGA.US,5,20211015,200500,9.88,9.88,9.88,9.88,200,0
IGA.US,5,20211015,201000,9.88,9.9026,9.88,9.9026,1617,0
IGA.US,5,20211015,201500,9.895,9.91,9.895,9.9099,1616,0
IGA.US,5,20211015,202500,9.895,9.905,9.895,9.905,300,0
IGA.US,5,20211015,203000,9.905,9.905,9.9,9.9,200,0
IGA.US,5,20211015,203500,9.9,9.9,9.9,9.9,200,0
IGA.US,5,20211015,204000,9.9,9.9,9.9,9.9,200,0
IGA.US,5,20211015,204500,9.9,9.905,9.9,9.905,200,0
IGA.US,5,20211015,205000,9.9,9.9,9.9,9.9,200,0
IGA.US,5,20211015,205500,9.9,9.9,9.9,9.9,200,0
IGA.US,5,20211015,210000,9.9,9.9,9.9,9.9,200,0
IGA.US,5,20211015,210500,9.9,9.9,9.9,9.9,200,0
IGA.US,5,20211015,211000,9.9,9.905,9.9,9.905,400,0
IGA.US,5,20211015,211500,9.905,9.905,9.905,9.905,200,0
IGA.US,5,20211015,212000,9.9,9.93,9.9,9.93,905,0
IGA.US,5,20211015,212500,9.9,9.9,9.9,9.9,100,0
IGA.US,5,20211015,213000,9.91,9.91,9.9,9.9,300,0
IGA.US,5,20211015,213500,9.9,9.9,9.9,9.9,300,0
IGA.US,5,20211015,214000,9.9,9.9,9.9,9.9,400,0
IGA.US,5,20211015,214500,9.9,9.92,9.9,9.9,900,0
IGA.US,5,20211015,215000,9.9,9.92,9.9,9.92,1887,0
IGA.US,5,20211015,215500,9.9,9.9293,9.88,9.88,7676,0
IGA.US,5,20211018,153000,9.88,9.88,9.88,9.88,7722,0
IGA.US,5,20211018,153500,9.8102,9.84,9.81,9.81,8835,0
IGA.US,5,20211018,154000,9.8125,9.84,9.8125,9.84,1335,0
IGA.US,5,20211018,154500,9.84,9.84,9.84,9.84,100,0
IGA.US,5,20211018,155000,9.84,9.84,9.84,9.84,200,0
IGA.US,5,20211018,155500,9.84,9.84,9.84,9.84,200,0
IGA.US,5,20211018,160000,9.8313,9.87,9.8313,9.87,4104,0
IGA.US,5,20211018,160500,9.8694,9.8694,9.8369,9.8369,410,0
IGA.US,5,20211018,161500,9.87,9.87,9.87,9.87,900,0
IGA.US,5,20211018,162000,9.87,9.87,9.87,9.87,300,0
IGA.US,5,20211018,162500,9.87,9.87,9.85,9.87,1400,0
IGA.US,5,20211018,163000,9.86,9.87,9.85,9.85,500,0
IGA.US,5,20211018,163500,9.85,9.87,9.85,9.85,1200,0
IGA.US,5,20211018,164000,9.87,9.87,9.87,9.87,1100,0
IGA.US,5,20211018,165000,9.85,9.87,9.85,9.87,300,0
IGA.US,5,20211018,165500,9.85,9.87,9.85,9.87,790,0
IGA.US,5,20211018,170000,9.85,9.85,9.85,9.85,300,0
IGA.US,5,20211018,170500,9.85,9.85,9.85,9.85,200,0
IGA.US,5,20211018,171000,9.84,9.84,9.83,9.83,200,0
IGA.US,5,20211018,171500,9.83,9.83,9.83,9.83,200,0
IGA.US,5,20211018,172000,9.83,9.83,9.83,9.83,200,0
IGA.US,5,20211018,172500,9.83,9.87,9.83,9.85,700,0
IGA.US,5,20211018,173000,9.85,9.85,9.85,9.85,100,0
IGA.US,5,20211018,173500,9.83,9.87,9.83,9.87,300,0
IGA.US,5,20211018,174500,9.83,9.83,9.83,9.83,300,0
IGA.US,5,20211018,175000,9.83,9.83,9.83,9.83,200,0
IGA.US,5,20211018,175500,9.83,9.83,9.83,9.83,100,0
IGA.US,5,20211018,180000,9.83,9.83,9.83,9.83,200,0
IGA.US,5,20211018,180500,9.83,9.83,9.83,9.83,200,0
IGA.US,5,20211018,181000,9.83,9.87,9.83,9.87,891,0
IGA.US,5,20211018,181500,9.83,9.83,9.83,9.83,200,0
IGA.US,5,20211018,182000,9.83,9.86,9.83,9.83,300,0
IGA.US,5,20211018,182500,9.83,9.83,9.83,9.83,200,0
IGA.US,5,20211018,183000,9.83,9.83,9.83,9.83,200,0
IGA.US,5,20211018,183500,9.83,9.83,9.83,9.83,200,0
IGA.US,5,20211018,184000,9.83,9.83,9.83,9.83,200,0
IGA.US,5,20211018,184500,9.83,9.83,9.82,9.82,1393,0
IGA.US,5,20211018,185000,9.81,9.81,9.81,9.81,200,0
IGA.US,5,20211018,185500,9.81,9.81,9.81,9.81,200,0
IGA.US,5,20211018,190000,9.81,9.83,9.81,9.8217,900,0
IGA.US,5,20211018,191000,9.82,9.82,9.82,9.82,100,0
IGA.US,5,20211018,191500,9.81,9.81,9.81,9.81,200,0
IGA.US,5,20211018,192000,9.81,9.81,9.81,9.81,200,0
IGA.US,5,20211018,192500,9.82,9.82,9.81,9.81,200,0
IGA.US,5,20211018,193000,9.81,9.82,9.81,9.82,300,0
IGA.US,5,20211018,193500,9.81,9.83,9.8,9.83,2485,0
IGA.US,5,20211018,194000,9.8,9.8,9.8,9.8,200,0
IGA.US,5,20211018,194500,9.8,9.8,9.8,9.8,200,0
IGA.US,5,20211018,195000,9.8,9.8,9.8,9.8,200,0
IGA.US,5,20211018,195500,9.8,9.8,9.8,9.8,200,0
IGA.US,5,20211018,200000,9.8,9.81,9.8,9.81,1300,0
IGA.US,5,20211018,201000,9.825,9.825,9.82,9.82,405,0
IGA.US,5,20211018,201500,9.83,9.83,9.82,9.82,1300,0
IGA.US,5,20211018,202000,9.81,9.82,9.81,9.82,400,0
IGA.US,5,20211018,202500,9.81,9.82,9.81,9.82,300,0
IGA.US,5,20211018,203000,9.81,9.81,9.81,9.81,200,0
IGA.US,5,20211018,203500,9.815,9.815,9.81,9.81,300,0
IGA.US,5,20211018,204000,9.81,9.815,9.81,9.815,441,0
IGA.US,5,20211018,204500,9.81,9.815,9.81,9.815,830,0
IGA.US,5,20211018,205000,9.815,9.84,9.81,9.834,4200,0
IGA.US,5,20211018,210500,9.82,9.83,9.82,9.82,300,0
IGA.US,5,20211018,211000,9.82,9.82,9.82,9.82,300,0
IGA.US,5,20211018,211500,9.82,9.82,9.82,9.82,300,0
IGA.US,5,20211018,212000,9.82,9.82,9.82,9.82,300,0
IGA.US,5,20211018,212500,9.82,9.82,9.82,9.82,300,0
IGA.US,5,20211018,213000,9.81,9.8275,9.81,9.81,600,0
IGA.US,5,20211018,213500,9.81,9.81,9.81,9.81,300,0
IGA.US,5,20211018,214000,9.81,9.825,9.81,9.825,1000,0
IGA.US,5,20211018,214500,9.825,9.825,9.825,9.825,1001,0
IGA.US,5,20211018,215000,9.81,9.81,9.81,9.81,1220,0
IGA.US,5,20211018,215500,9.81,9.81,9.8,9.8,5850,0
IGA.US,5,20211019,153000,9.85,9.85,9.85,9.85,2491,0
IGA.US,5,20211019,153500,9.85,9.85,9.85,9.85,1000,0
IGA.US,5,20211019,154000,9.8465,9.85,9.8465,9.85,400,0
IGA.US,5,20211019,161500,9.85,9.85,9.85,9.85,320,0
IGA.US,5,20211019,162500,9.8,9.8,9.8,9.8,279,0
IGA.US,5,20211019,163000,9.825,9.85,9.8159,9.85,1140,0
IGA.US,5,20211019,163500,9.85,9.85,9.83,9.83,900,0
IGA.US,5,20211019,164000,9.85,9.85,9.83,9.85,1400,0
IGA.US,5,20211019,164500,9.83,9.83,9.83,9.83,500,0
IGA.US,5,20211019,165500,9.81,9.8466,9.81,9.8466,1938,0
IGA.US,5,20211019,170000,9.81,9.81,9.81,9.81,196,0
IGA.US,5,20211019,170500,9.81,9.813,9.81,9.813,296,0
IGA.US,5,20211019,171500,9.81,9.815,9.81,9.81,400,0
IGA.US,5,20211019,172000,9.815,9.815,9.81,9.81,300,0
IGA.US,5,20211019,172500,9.81,9.81,9.81,9.81,200,0
IGA.US,5,20211019,173000,9.81,9.81,9.81,9.81,200,0
IGA.US,5,20211019,173500,9.815,9.845,9.81,9.84,4988,0
IGA.US,5,20211019,175500,9.85,9.85,9.85,9.85,158,0
IGA.US,5,20211019,180000,9.84,9.85,9.84,9.84,900,0
IGA.US,5,20211019,180500,9.8401,9.845,9.84,9.845,2450,0
IGA.US,5,20211019,181500,9.84,9.84,9.84,9.84,100,0
IGA.US,5,20211019,182000,9.84,9.84,9.84,9.84,200,0
IGA.US,5,20211019,182500,9.84,9.84,9.84,9.84,100,0
IGA.US,5,20211019,183500,9.84,9.84,9.84,9.84,100,0
IGA.US,5,20211019,184000,9.84,9.84,9.83,9.83,1500,0
IGA.US,5,20211019,184500,9.8399,9.84,9.8,9.8,28829,0
IGA.US,5,20211019,185500,9.8,9.82,9.8,9.82,31459,0
IGA.US,5,20211019,190500,9.83,9.83,9.83,9.83,200,0
IGA.US,5,20211019,191000,9.82,9.83,9.81,9.81,7203,0
IGA.US,5,20211019,192500,9.8,9.8,9.8,9.8,541,0
IGA.US,5,20211019,193000,9.8,9.8,9.795,9.8,21992,0
IGA.US,5,20211019,193500,9.7984,9.7984,9.79,9.7919,600,0
IGA.US,5,20211019,194000,9.7999,9.8,9.795,9.8,35801,0
IGA.US,5,20211019,194500,9.8,9.8,9.79,9.79,6946,0
IGA.US,5,20211019,200500,9.8,9.8,9.8,9.8,100,0
IGA.US,5,20211019,201500,9.81,9.81,9.81,9.81,473,0
IGA.US,5,20211019,202000,9.82,9.82,9.82,9.82,200,0
IGA.US,5,20211019,202500,9.81,9.81,9.81,9.81,800,0
IGA.US,5,20211019,203000,9.81,9.81,9.81,9.81,100,0
IGA.US,5,20211019,203500,9.81,9.81,9.81,9.81,100,0
IGA.US,5,20211019,204000,9.81,9.82,9.81,9.82,200,0
IGA.US,5,20211019,205000,9.81,9.81,9.81,9.81,100,0
IGA.US,5,20211019,205500,9.81,9.81,9.81,9.81,100,0
IGA.US,5,20211019,210000,9.81,9.815,9.81,9.81,1557,0
IGA.US,5,20211019,210500,9.81,9.81,9.81,9.81,100,0
IGA.US,5,20211019,211000,9.81,9.81,9.81,9.81,200,0
IGA.US,5,20211019,211500,9.81,9.81,9.81,9.81,100,0
IGA.US,5,20211019,212000,9.81,9.815,9.81,9.815,205,0
IGA.US,5,20211019,212500,9.81,9.81,9.81,9.81,370,0
IGA.US,5,20211019,213000,9.81,9.81,9.81,9.81,400,0
IGA.US,5,20211019,213500,9.81,9.815,9.81,9.81,1052,0
IGA.US,5,20211019,214000,9.815,9.815,9.8,9.8,1200,0
IGA.US,5,20211019,214500,9.8,9.82,9.8,9.82,9647,0
IGA.US,5,20211019,215000,9.83,9.83,9.82,9.83,500,0
IGA.US,5,20211019,215500,9.83,9.84,9.82,9.83,1941,0
IGA.US,5,20211020,153000,9.818,9.82,9.818,9.82,268,0
IGA.US,5,20211020,161000,9.8599,9.8599,9.835,9.835,1500,0
IGA.US,5,20211020,161500,9.86,9.86,9.8598,9.8598,3000,0
IGA.US,5,20211020,162000,9.86,9.86,9.86,9.86,100,0
IGA.US,5,20211020,162500,9.87,9.87,9.87,9.87,400,0
IGA.US,5,20211020,163000,9.87,9.87,9.85,9.87,5300,0
IGA.US,5,20211020,163500,9.87,9.88,9.87,9.88,400,0
IGA.US,5,20211020,165500,9.89,9.89,9.84,9.84,4033,0
IGA.US,5,20211020,170000,9.86,9.86,9.86,9.86,400,0
IGA.US,5,20211020,170500,9.86,9.86,9.86,9.86,1000,0
IGA.US,5,20211020,171000,9.84,9.84,9.84,9.84,1300,0
IGA.US,5,20211020,171500,9.835,9.835,9.835,9.835,100,0
IGA.US,5,20211020,172500,9.83,9.83,9.8243,9.8243,1019,0
IGA.US,5,20211020,173000,9.82,9.82,9.82,9.82,2100,0
IGA.US,5,20211020,181500,9.8315,9.8315,9.8315,9.8315,580,0
IGA.US,5,20211020,182500,9.84,9.84,9.84,9.84,1300,0
IGA.US,5,20211020,190000,9.83,9.83,9.83,9.83,400,0
IGA.US,5,20211020,190500,9.83,9.83,9.82,9.82,1300,0
IGA.US,5,20211020,191000,9.81,9.8268,9.81,9.81,300,0
IGA.US,5,20211020,191500,9.81,9.8242,9.81,9.8242,250,0
IGA.US,5,20211020,192000,9.81,9.81,9.81,9.81,200,0
IGA.US,5,20211020,192500,9.81,9.81,9.81,9.81,200,0
IGA.US,5,20211020,193000,9.81,9.81,9.81,9.81,300,0
IGA.US,5,20211020,193500,9.81,9.81,9.81,9.81,200,0
IGA.US,5,20211020,194000,9.81,9.81,9.81,9.81,300,0
IGA.US,5,20211020,194500,9.8101,9.8101,9.8,9.8,600,0
IGA.US,5,20211020,195000,9.8,9.8,9.8,9.8,200,0
IGA.US,5,20211020,195500,9.8156,9.8156,9.8,9.8,800,0
IGA.US,5,20211020,200000,9.8,9.8,9.8,9.8,200,0
IGA.US,5,20211020,200500,9.8,9.8,9.8,9.8,200,0
IGA.US,5,20211020,201000,9.8,9.8,9.8,9.8,300,0
IGA.US,5,20211020,201500,9.8,9.8,9.8,9.8,100,0
IGA.US,5,20211020,202000,9.8,9.8,9.8,9.8,200,0
IGA.US,5,20211020,202500,9.8,9.8,9.8,9.8,200,0
IGA.US,5,20211020,203000,9.8,9.81,9.8,9.81,300,0
IGA.US,5,20211020,203500,9.81,9.8145,9.81,9.8145,1900,0
IGA.US,5,20211020,204000,9.8,9.815,9.8,9.8,466,0
IGA.US,5,20211020,204500,9.8,9.8,9.8,9.8,300,0
IGA.US,5,20211020,205000,9.8,9.8002,9.8,9.8002,309,0
IGA.US,5,20211020,205500,9.8,9.8,9.8,9.8,300,0
IGA.US,5,20211020,210000,9.8,9.8,9.8,9.8,300,0
IGA.US,5,20211020,210500,9.8,9.8284,9.8,9.82,1300,0
IGA.US,5,20211020,211000,9.825,9.825,9.82,9.82,300,0
IGA.US,5,20211020,211500,9.82,9.829,9.82,9.829,2200,0
IGA.US,5,20211020,212000,9.82,9.82,9.82,9.82,300,0
IGA.US,5,20211020,212500,9.82,9.825,9.82,9.82,500,0
IGA.US,5,20211020,213000,9.82,9.82,9.82,9.82,400,0
IGA.US,5,20211020,213500,9.82,9.825,9.8,9.8,2648,0
IGA.US,5,20211020,214000,9.8,9.8178,9.8,9.8,1000,0
IGA.US,5,20211020,214500,9.8,9.8,9.79,9.79,5936,0
IGA.US,5,20211020,215000,9.79,9.84,9.79,9.83,5700,0
IGA.US,5,20211020,215500,9.82,9.86,9.82,9.84,1642,0
IGA.US,5,20211021,153000,9.81,9.84,9.81,9.84,3795,0
IGA.US,5,20211021,155000,9.845,9.845,9.845,9.845,500,0
IGA.US,5,20211021,163500,9.88,9.88,9.88,9.88,700,0
IGA.US,5,20211021,164000,9.88,9.88,9.84,9.84,1809,0
IGA.US,5,20211021,164500,9.84,9.84,9.84,9.84,500,0
IGA.US,5,20211021,165000,9.84,9.84,9.84,9.84,500,0
IGA.US,5,20211021,165500,9.84,9.84,9.84,9.84,500,0
IGA.US,5,20211021,172500,9.84,9.84,9.84,9.84,195,0
IGA.US,5,20211021,173500,9.83,9.83,9.8186,9.8186,1200,0
IGA.US,5,20211021,175000,9.84,9.85,9.84,9.84,3500,0
IGA.US,5,20211021,180500,9.8,9.8,9.8,9.8,1000,0
IGA.US,5,20211021,185500,9.82,9.82,9.82,9.82,1052,0
IGA.US,5,20211021,190500,9.81,9.81,9.81,9.81,200,0
IGA.US,5,20211021,191000,9.8,9.8,9.8,9.8,100,0
IGA.US,5,20211021,191500,9.8,9.8,9.8,9.8,100,0
IGA.US,5,20211021,192000,9.81,9.81,9.81,9.81,100,0
IGA.US,5,20211021,192500,9.81,9.81,9.81,9.81,300,0
IGA.US,5,20211021,193500,9.8,9.8,9.8,9.8,200,0
IGA.US,5,20211021,194500,9.79,9.79,9.78,9.78,800,0
IGA.US,5,20211021,195000,9.79,9.79,9.79,9.79,100,0
IGA.US,5,20211021,195500,9.79,9.7966,9.78,9.7966,839,0
IGA.US,5,20211021,200000,9.79,9.79,9.79,9.79,200,0
IGA.US,5,20211021,200500,9.79,9.79,9.79,9.79,100,0
IGA.US,5,20211021,201000,9.78,9.78,9.78,9.78,100,0
IGA.US,5,20211021,201500,9.79,9.79,9.785,9.785,400,0
IGA.US,5,20211021,202000,9.78,9.79,9.78,9.78,900,0
IGA.US,5,20211021,202500,9.78,9.79,9.78,9.78,300,0
IGA.US,5,20211021,203000,9.785,9.785,9.78,9.78,200,0
IGA.US,5,20211021,203500,9.79,9.79,9.785,9.785,682,0
IGA.US,5,20211021,204000,9.785,9.785,9.785,9.785,100,0
IGA.US,5,20211021,204500,9.78,9.78,9.78,9.78,200,0
IGA.US,5,20211021,205000,9.78,9.785,9.78,9.78,400,0
IGA.US,5,20211021,205500,9.78,9.79,9.78,9.79,300,0
IGA.US,5,20211021,210000,9.785,9.79,9.78,9.79,865,0
IGA.US,5,20211021,210500,9.785,9.79,9.78,9.78,1207,0
IGA.US,5,20211021,211000,9.78,9.785,9.78,9.785,300,0
IGA.US,5,20211021,211500,9.78,9.78,9.78,9.78,300,0
IGA.US,5,20211021,212000,9.79,9.79,9.78,9.78,500,0
IGA.US,5,20211021,212500,9.78,9.79,9.78,9.79,500,0
IGA.US,5,20211021,213000,9.78,9.785,9.78,9.785,400,0
IGA.US,5,20211021,213500,9.785,9.79,9.78,9.79,500,0
IGA.US,5,20211021,214000,9.78,9.78,9.78,9.78,100,0
IGA.US,5,20211021,214500,9.78,9.78,9.78,9.78,200,0
IGA.US,5,20211021,215000,9.78,9.79,9.77,9.77,1496,0
IGA.US,5,20211021,215500,9.77,9.8,9.77,9.8,2907,0
IGA.US,5,20211022,153000,9.84,9.84,9.84,9.84,6194,0
IGA.US,5,20211022,155500,9.85,9.85,9.85,9.85,162,0
IGA.US,5,20211022,160000,9.85,9.85,9.85,9.85,1400,0
IGA.US,5,20211022,161000,9.86,9.86,9.86,9.86,2078,0
IGA.US,5,20211022,161500,9.86,9.86,9.86,9.86,1000,0
IGA.US,5,20211022,162000,9.86,9.87,9.86,9.87,1100,0
IGA.US,5,20211022,162500,9.87,9.87,9.87,9.87,1000,0
IGA.US,5,20211022,163000,9.87,9.88,9.87,9.88,1300,0
IGA.US,5,20211022,163500,9.8701,9.8701,9.8701,9.8701,6846,0
IGA.US,5,20211022,164000,9.88,9.88,9.88,9.88,400,0
IGA.US,5,20211022,165500,9.875,9.875,9.87,9.87,361,0
IGA.US,5,20211022,170500,9.8699,9.8699,9.8699,9.8699,1000,0
IGA.US,5,20211022,172000,9.87,9.88,9.8592,9.8592,1775,0
IGA.US,5,20211022,172500,9.88,9.88,9.88,9.88,400,0
IGA.US,5,20211022,173000,9.865,9.865,9.85,9.85,1700,0
IGA.US,5,20211022,173500,9.85,9.85,9.85,9.85,200,0
IGA.US,5,20211022,174500,9.84,9.84,9.84,9.84,1900,0
IGA.US,5,20211022,180500,9.85,9.85,9.85,9.85,1000,0
IGA.US,5,20211022,201500,9.85,9.85,9.85,9.85,210,0
IGA.US,5,20211022,202500,9.841,9.841,9.841,9.841,360,0
IGA.US,5,20211022,203000,9.85,9.85,9.85,9.85,300,0
IGA.US,5,20211022,204000,9.85,9.85,9.85,9.85,802,0
IGA.US,5,20211022,210500,9.85,9.86,9.85,9.86,1120,0
IGA.US,5,20211022,212000,9.852,9.852,9.852,9.852,237,0
IGA.US,5,20211022,213000,9.85,9.85,9.85,9.85,100,0
IGA.US,5,20211022,215000,9.86,9.87,9.86,9.87,1761,0
IGA.US,5,20211022,215500,9.89,9.9,9.89,9.9,2934,0
IGA.US,5,20211025,153000,9.92,9.92,9.92,9.92,4040,0
IGA.US,5,20211025,153500,9.8501,9.9,9.8501,9.9,810,0
IGA.US,5,20211025,154500,9.87,9.87,9.87,9.87,1200,0
IGA.US,5,20211025,160000,9.89,9.89,9.89,9.89,200,0
IGA.US,5,20211025,160500,9.89,9.89,9.89,9.89,500,0
IGA.US,5,20211025,161000,9.89,9.89,9.89,9.89,800,0
IGA.US,5,20211025,161500,9.89,9.89,9.89,9.89,700,0
IGA.US,5,20211025,162000,9.89,9.89,9.89,9.89,500,0
IGA.US,5,20211025,162500,9.89,9.89,9.88,9.89,1200,0
IGA.US,5,20211025,163000,9.89,9.89,9.89,9.89,800,0
IGA.US,5,20211025,163500,9.89,9.89,9.89,9.89,400,0
IGA.US,5,20211025,164000,9.89,9.89,9.885,9.89,900,0
IGA.US,5,20211025,164500,9.89,9.89,9.89,9.89,600,0
IGA.US,5,20211025,165000,9.89,9.9,9.89,9.89,3519,0
IGA.US,5,20211025,165500,9.9,9.9,9.9,9.9,500,0
IGA.US,5,20211025,170000,9.9,9.905,9.875,9.875,4186,0
IGA.US,5,20211025,170500,9.88,9.88,9.8733,9.88,2400,0
IGA.US,5,20211025,171000,9.875,9.88,9.875,9.88,2326,0
IGA.US,5,20211025,171500,9.88,9.88,9.8701,9.88,2500,0
IGA.US,5,20211025,172000,9.88,9.88,9.88,9.88,498,0
IGA.US,5,20211025,172500,9.88,9.88,9.88,9.88,400,0
IGA.US,5,20211025,173000,9.89,9.89,9.89,9.89,300,0
IGA.US,5,20211025,173500,9.89,9.89,9.89,9.89,500,0
IGA.US,5,20211025,174000,9.882,9.9,9.882,9.9,400,0
IGA.US,5,20211025,174500,9.9,9.9,9.9,9.9,500,0
IGA.US,5,20211025,175000,9.9,9.9,9.9,9.9,500,0
IGA.US,5,20211025,175500,9.9,9.9,9.88,9.89,2848,0
IGA.US,5,20211025,180000,9.9,9.9,9.9,9.9,400,0
IGA.US,5,20211025,180500,9.9,9.9,9.9,9.9,400,0
IGA.US,5,20211025,181000,9.9,9.9,9.9,9.9,400,0
IGA.US,5,20211025,182500,9.91,9.91,9.91,9.91,200,0
IGA.US,5,20211025,183000,9.91,9.91,9.91,9.91,500,0
IGA.US,5,20211025,183500,9.91,9.91,9.9,9.91,7354,0
IGA.US,5,20211025,184000,9.91,9.91,9.91,9.91,400,0
IGA.US,5,20211025,184500,9.91,9.91,9.91,9.91,500,0
IGA.US,5,20211025,185000,9.91,9.91,9.91,9.91,400,0
IGA.US,5,20211025,185500,9.91,9.91,9.91,9.91,500,0
IGA.US,5,20211025,190000,9.91,9.91,9.91,9.91,400,0
IGA.US,5,20211025,190500,9.91,9.91,9.9,9.91,3560,0
IGA.US,5,20211025,191000,9.91,9.91,9.9002,9.91,3198,0
IGA.US,5,20211025,191500,9.91,9.91,9.91,9.91,367,0
IGA.US,5,20211025,192000,9.91,9.92,9.905,9.92,9100,0
IGA.US,5,20211025,193500,9.92,9.92,9.92,9.92,100,0
IGA.US,5,20211025,194000,9.92,9.92,9.92,9.92,205,0
IGA.US,5,20211025,194500,9.92,9.92,9.91,9.91,1000,0
IGA.US,5,20211025,195000,9.92,9.92,9.92,9.92,100,0
IGA.US,5,20211025,195500,9.9161,9.92,9.9161,9.92,1950,0
IGA.US,5,20211025,200000,9.925,9.925,9.925,9.925,500,0
IGA.US,5,20211025,201000,9.9363,9.9363,9.9363,9.9363,740,0
IGA.US,5,20211025,201500,9.9135,9.9136,9.9135,9.9136,1114,0
IGA.US,5,20211025,203000,9.94,9.94,9.94,9.94,300,0
IGA.US,5,20211025,203500,9.94,9.94,9.94,9.94,400,0
IGA.US,5,20211025,204000,9.94,9.94,9.94,9.94,400,0
IGA.US,5,20211025,204500,9.94,9.94,9.94,9.94,400,0
IGA.US,5,20211025,205000,9.94,9.94,9.94,9.94,400,0
IGA.US,5,20211025,205500,9.94,9.94,9.94,9.94,300,0
IGA.US,5,20211025,210000,9.94,9.94,9.94,9.94,500,0
IGA.US,5,20211025,210500,9.94,9.94,9.94,9.94,300,0
IGA.US,5,20211025,211000,9.94,9.94,9.94,9.94,500,0
IGA.US,5,20211025,211500,9.94,9.94,9.94,9.94,400,0
IGA.US,5,20211025,212000,9.94,9.94,9.935,9.935,1553,0
IGA.US,5,20211025,212500,9.935,9.94,9.935,9.94,1400,0
IGA.US,5,20211025,213000,9.94,9.94,9.94,9.94,3700,0
IGA.US,5,20211025,213500,9.93,9.93,9.93,9.93,6000,0
IGA.US,5,20211025,214000,9.932,9.932,9.9301,9.9301,200,0
IGA.US,5,20211025,214500,9.94,9.94,9.94,9.94,139,0
IGA.US,5,20211025,215500,9.9381,9.95,9.9381,9.95,912,0
IGA.US,5,20211026,153000,9.99,9.99,9.91,9.97,5388,0
IGA.US,5,20211026,153500,9.97,9.97,9.96,9.97,26410,0
IGA.US,5,20211026,154000,9.97,9.98,9.97,9.98,300,0
IGA.US,5,20211026,154500,9.975,9.975,9.95,9.95,2269,0
IGA.US,5,20211026,155000,9.96,9.96,9.96,9.96,300,0
IGA.US,5,20211026,155500,9.96,9.96,9.96,9.96,600,0
IGA.US,5,20211026,160000,9.9591,9.97,9.9591,9.97,1628,0
IGA.US,5,20211026,160500,9.97,9.97,9.9599,9.9599,245,0
IGA.US,5,20211026,161500,9.98,9.98,9.98,9.98,200,0
IGA.US,5,20211026,162500,9.995,9.995,9.97,9.97,3938,0
IGA.US,5,20211026,163500,9.9798,9.99,9.9798,9.98,5431,0
IGA.US,5,20211026,164500,9.99,9.99,9.99,9.99,100,0
IGA.US,5,20211026,165000,9.99,9.99,9.99,9.99,672,0
IGA.US,5,20211026,170000,10,10,10,10,237,0
IGA.US,5,20211026,171500,9.995,9.995,9.99,9.99,1427,0
IGA.US,5,20211026,172500,9.985,9.985,9.98,9.98,400,0
IGA.US,5,20211026,174000,9.98,9.99,9.98,9.98,3725,0
IGA.US,5,20211026,174500,9.98,9.98,9.98,9.98,1250,0
IGA.US,5,20211026,175500,9.97,9.97,9.97,9.97,417,0
IGA.US,5,20211026,180000,9.97,9.98,9.96,9.96,3447,0
IGA.US,5,20211026,180500,9.95,9.95,9.95,9.95,430,0
IGA.US,5,20211026,181000,9.96,9.96,9.96,9.96,500,0
IGA.US,5,20211026,182500,9.96,9.96,9.95,9.96,300,0
IGA.US,5,20211026,184000,9.97,9.97,9.97,9.97,200,0
IGA.US,5,20211026,190000,9.9538,9.98,9.9538,9.98,1577,0
IGA.US,5,20211026,190500,9.98,9.99,9.98,9.99,2470,0
IGA.US,5,20211026,191000,9.95,10,9.95,9.97,3274,0
IGA.US,5,20211026,192500,9.99,10,9.98,10,4921,0
IGA.US,5,20211026,195500,9.985,9.985,9.98,9.98,1220,0
IGA.US,5,20211026,201500,9.98,10,9.98,10,5809,0
IGA.US,5,20211026,202000,9.99,9.99,9.99,9.99,124,0
IGA.US,5,20211026,203500,9.98,9.98,9.98,9.98,383,0
IGA.US,5,20211026,204500,10,10,10,10,5545,0
IGA.US,5,20211026,211000,10,10,9.99,10,3566,0
IGA.US,5,20211026,212000,10.02,10.02,10.02,10.02,241,0
IGA.US,5,20211026,213000,10.01,10.01,10.01,10.01,1679,0
IGA.US,5,20211026,213500,9.9916,10.01,9.9916,10.01,426,0
IGA.US,5,20211026,214000,10.01,10.03,10.0016,10.03,7358,0
IGA.US,5,20211026,215000,10.029,10.029,10.015,10.015,3115,0
IGA.US,5,20211026,215500,10,10,10,10,1051,0
IGA.US,5,20211027,153000,10.05,10.05,10,10.04,8966,0
IGA.US,5,20211027,153500,10.05,10.05,10,10.05,12468,0
IGA.US,5,20211027,154000,10.05,10.05,10.05,10.05,200,0
IGA.US,5,20211027,155000,10.02,10.02,10.02,10.02,499,0
IGA.US,5,20211027,155500,10.05,10.05,10.02,10.02,292,0
IGA.US,5,20211027,161500,10.0008,10.0008,10.0008,10.0008,100,0
IGA.US,5,20211027,162500,9.99,9.99,9.99,9.99,500,0
IGA.US,5,20211027,163000,10.01,10.01,10.01,10.01,326,0
IGA.US,5,20211027,172500,9.98,9.98,9.98,9.98,271,0
IGA.US,5,20211027,174500,9.98,9.98,9.98,9.98,1500,0
IGA.US,5,20211027,180000,9.9727,9.9727,9.9727,9.9727,100,0
IGA.US,5,20211027,181500,9.9841,9.9841,9.9841,9.9841,500,0
IGA.US,5,20211027,182500,9.97,9.97,9.97,9.97,1248,0
IGA.US,5,20211027,183000,9.97,9.97,9.97,9.97,600,0
IGA.US,5,20211027,183500,9.97,9.97,9.97,9.97,800,0
IGA.US,5,20211027,184500,9.96,9.962,9.96,9.962,1800,0
IGA.US,5,20211027,185000,9.95,9.95,9.95,9.95,1965,0
IGA.US,5,20211027,185500,9.95,9.95,9.95,9.95,1250,0
IGA.US,5,20211027,210500,9.9826,9.9826,9.9826,9.9826,200,0
IGA.US,5,20211027,214500,9.96,9.96,9.96,9.96,300,0
IGA.US,5,20211027,215500,9.96,9.97,9.96,9.97,2105,0
IGA.US,5,20211028,153000,9.98,9.98,9.97,9.97,8145,0
IGA.US,5,20211028,153500,9.96,9.96,9.96,9.96,100,0
IGA.US,5,20211028,154500,9.9373,9.96,9.9373,9.96,1100,0
IGA.US,5,20211028,161500,9.935,9.95,9.935,9.945,500,0
IGA.US,5,20211028,164000,9.945,9.945,9.945,9.945,100,0
IGA.US,5,20211028,170000,9.95,9.95,9.95,9.95,100,0
IGA.US,5,20211028,171000,9.95,9.95,9.95,9.95,100,0
IGA.US,5,20211028,172000,9.955,9.96,9.955,9.955,2240,0
IGA.US,5,20211028,173000,9.955,9.955,9.95,9.955,1360,0
IGA.US,5,20211028,174000,9.96,9.96,9.96,9.96,200,0
IGA.US,5,20211028,174500,9.96,9.98,9.955,9.98,4075,0
IGA.US,5,20211028,175500,9.98,9.98,9.98,9.98,2000,0
IGA.US,5,20211028,180000,9.98,9.98,9.98,9.98,500,0
IGA.US,5,20211028,180500,9.97,9.97,9.97,9.97,511,0
IGA.US,5,20211028,181500,9.96,9.96,9.95,9.96,902,0
IGA.US,5,20211028,182500,9.95,9.95,9.95,9.95,1000,0
IGA.US,5,20211028,183000,9.94,9.94,9.94,9.94,400,0
IGA.US,5,20211028,184000,9.93,9.93,9.93,9.93,1400,0
IGA.US,5,20211028,185000,9.93,9.93,9.93,9.93,1500,0
IGA.US,5,20211028,185500,9.93,9.93,9.93,9.93,400,0
IGA.US,5,20211028,190000,9.93,9.93,9.93,9.93,100,0
IGA.US,5,20211028,193500,9.93,9.93,9.93,9.93,100,0
IGA.US,5,20211028,194500,9.93,9.93,9.93,9.93,100,0
IGA.US,5,20211028,195000,9.93,9.93,9.93,9.93,400,0
IGA.US,5,20211028,202000,9.9464,9.9464,9.9464,9.9464,975,0
IGA.US,5,20211028,202500,9.9499,9.9499,9.9499,9.9499,2010,0
IGA.US,5,20211028,204000,9.9317,9.9317,9.9317,9.9317,302,0
IGA.US,5,20211028,210000,9.95,9.95,9.9499,9.9499,1100,0
IGA.US,5,20211028,211500,9.95,9.95,9.95,9.95,180,0
IGA.US,5,20211028,214500,9.9599,9.9599,9.9599,9.9599,100,0
IGA.US,5,20211028,215000,9.96,9.98,9.96,9.98,2201,0
IGA.US,5,20211028,215500,9.98,10,9.98,10,4381,0
IGA.US,5,20211029,153000,9.98,9.98,9.91,9.91,6253,0
IGA.US,5,20211029,154000,9.95,9.97,9.93,9.97,1170,0
IGA.US,5,20211029,155500,10,10,9.99,9.99,300,0
IGA.US,5,20211029,160000,9.99,9.99,9.98,9.98,1300,0
IGA.US,5,20211029,161500,9.98,9.98,9.97,9.97,1200,0
IGA.US,5,20211029,162500,9.99,9.99,9.99,9.99,200,0
IGA.US,5,20211029,163500,9.98,9.98,9.98,9.98,300,0
IGA.US,5,20211029,164000,9.98,9.98,9.9711,9.9711,466,0
IGA.US,5,20211029,164500,9.98,9.98,9.98,9.98,100,0
IGA.US,5,20211029,165000,9.99,9.99,9.99,9.99,200,0
IGA.US,5,20211029,165500,9.99,9.99,9.99,9.99,200,0
IGA.US,5,20211029,170000,9.9723,9.99,9.97,9.97,602,0
IGA.US,5,20211029,170500,9.99,9.99,9.98,9.98,300,0
IGA.US,5,20211029,171500,9.99,9.99,9.99,9.99,300,0
IGA.US,5,20211029,172000,9.99,9.99,9.972,9.98,657,0
IGA.US,5,20211029,173000,9.975,9.98,9.97,9.98,1406,0
IGA.US,5,20211029,173500,9.98,9.98,9.98,9.98,200,0
IGA.US,5,20211029,174000,9.97,9.97,9.97,9.97,854,0
IGA.US,5,20211029,174500,9.97,9.98,9.97,9.97,700,0
IGA.US,5,20211029,175000,9.97,9.99,9.97,9.98,900,0
IGA.US,5,20211029,175500,9.97,9.97,9.965,9.965,1300,0
IGA.US,5,20211029,180000,9.96,9.965,9.96,9.96,2900,0
IGA.US,5,20211029,180500,9.95,9.95,9.95,9.95,1500,0
IGA.US,5,20211029,183500,9.98,9.98,9.98,9.98,100,0
IGA.US,5,20211029,184000,9.98,9.98,9.98,9.98,200,0
IGA.US,5,20211029,184500,9.98,9.98,9.98,9.98,100,0
IGA.US,5,20211029,185000,9.98,9.98,9.98,9.98,200,0
IGA.US,5,20211029,185500,9.98,9.98,9.98,9.98,100,0
IGA.US,5,20211029,190000,9.98,9.98,9.98,9.98,100,0
IGA.US,5,20211029,190500,9.98,9.98,9.98,9.98,200,0
IGA.US,5,20211029,191000,9.98,9.98,9.98,9.98,100,0
IGA.US,5,20211029,191500,9.98,9.98,9.98,9.98,100,0
IGA.US,5,20211029,192000,9.98,9.98,9.98,9.98,200,0
IGA.US,5,20211029,192500,9.98,9.98,9.98,9.98,100,0
IGA.US,5,20211029,193000,9.98,9.98,9.9601,9.9601,360,0
IGA.US,5,20211029,193500,9.98,9.98,9.98,9.98,200,0
IGA.US,5,20211029,194000,9.98,9.98,9.9769,9.9769,1100,0
IGA.US,5,20211029,194500,9.98,9.98,9.9633,9.9633,450,0
IGA.US,5,20211029,195000,9.98,9.98,9.98,9.98,200,0
IGA.US,5,20211029,195500,9.98,9.98,9.98,9.98,100,0
IGA.US,5,20211029,200000,9.98,9.98,9.965,9.98,390,0
IGA.US,5,20211029,200500,9.98,9.98,9.98,9.98,100,0
IGA.US,5,20211029,201000,9.98,9.98,9.98,9.98,100,0
IGA.US,5,20211029,201500,9.98,9.98,9.98,9.98,200,0
IGA.US,5,20211029,202000,9.98,9.98,9.98,9.98,100,0
IGA.US,5,20211029,202500,9.98,9.98,9.98,9.98,200,0
IGA.US,5,20211029,203000,9.98,9.98,9.98,9.98,200,0
IGA.US,5,20211029,203500,9.98,9.98,9.98,9.98,100,0
IGA.US,5,20211029,204000,9.98,9.98,9.98,9.98,200,0
IGA.US,5,20211029,204500,9.98,9.98,9.98,9.98,100,0
IGA.US,5,20211029,205000,9.98,9.98,9.98,9.98,300,0
IGA.US,5,20211029,205500,9.98,9.98,9.98,9.98,200,0
IGA.US,5,20211029,210000,9.98,9.98,9.98,9.98,100,0
IGA.US,5,20211029,210500,9.98,9.98,9.975,9.98,500,0
IGA.US,5,20211029,211000,9.98,9.99,9.98,9.99,500,0
IGA.US,5,20211029,211500,9.99,9.99,9.99,9.99,300,0
IGA.US,5,20211029,212000,9.99,9.99,9.99,9.99,200,0
IGA.US,5,20211029,212500,9.99,9.99,9.99,9.99,200,0
IGA.US,5,20211029,215500,9.95,9.96,9.95,9.95,3925,0
IGA.US,5,20211101,143000,10.01,10.03,10.01,10.03,3898,0
IGA.US,5,20211101,143500,10.03,10.04,10.03,10.04,300,0
IGA.US,5,20211101,144000,10.04,10.06,10.04,10.06,800,0
IGA.US,5,20211101,144500,10.06,10.06,10.06,10.06,300,0
IGA.US,5,20211101,145000,10.06,10.06,9.99,9.99,400,0
IGA.US,5,20211101,145500,10.06,10.06,9.97,10,10180,0
IGA.US,5,20211101,150000,10.01,10.01,10.01,10.01,135,0
IGA.US,5,20211101,150500,10.02,10.02,10.02,10.02,100,0
IGA.US,5,20211101,151000,10.02,10.02,9.98,9.98,400,0
IGA.US,5,20211101,152500,10,10.02,9.98,10.02,300,0
IGA.US,5,20211101,153000,9.995,10,9.97,10,1140,0
IGA.US,5,20211101,153500,9.9984,9.9984,9.9984,9.9984,1000,0
IGA.US,5,20211101,154000,9.995,10,9.97,9.995,400,0
IGA.US,5,20211101,155500,9.995,9.995,9.97,9.97,500,0
IGA.US,5,20211101,160500,10.02,10.02,9.995,10.02,300,0
IGA.US,5,20211101,161000,9.995,9.995,9.97,9.97,400,0
IGA.US,5,20211101,162000,9.97,9.97,9.97,9.97,100,0
IGA.US,5,20211101,162500,10.02,10.02,10.02,10.02,100,0
IGA.US,5,20211101,163000,10.005,10.005,10.005,10.005,100,0
IGA.US,5,20211101,163500,9.99,9.99,9.99,9.99,300,0
IGA.US,5,20211101,164000,10.02,10.02,10.02,10.02,100,0
IGA.US,5,20211101,164500,10,10,10,10,100,0
IGA.US,5,20211101,165000,10.02,10.02,10.01,10.02,400,0
IGA.US,5,20211101,170000,10.01,10.01,10.01,10.01,100,0
IGA.US,5,20211101,171000,10.01,10.01,10.01,10.01,320,0
IGA.US,5,20211101,173000,10.01,10.01,10.01,10.01,100,0
IGA.US,5,20211101,173500,9.98,9.98,9.98,9.98,100,0
IGA.US,5,20211101,174500,9.98,9.98,9.98,9.98,400,0
IGA.US,5,20211101,180000,9.98,9.98,9.98,9.98,400,0
IGA.US,5,20211101,180500,9.998,9.998,9.998,9.998,1000,0
IGA.US,5,20211101,182000,9.98,9.98,9.98,9.98,400,0
IGA.US,5,20211101,183000,9.98,9.98,9.98,9.98,400,0
IGA.US,5,20211101,183500,9.9977,9.9977,9.9922,9.9922,1000,0
IGA.US,5,20211101,184500,9.98,9.98,9.98,9.98,200,0
IGA.US,5,20211101,185000,9.98,9.98,9.98,9.98,100,0
IGA.US,5,20211101,190500,9.97,9.9783,9.97,9.9783,780,0
IGA.US,5,20211101,192000,9.97,9.97,9.97,9.97,100,0
IGA.US,5,20211101,192500,9.97,9.988,9.95,9.95,9768,0
IGA.US,5,20211101,193000,9.95,9.95,9.95,9.95,100,0
IGA.US,5,20211101,194500,9.9499,9.9499,9.9499,9.9499,100,0
IGA.US,5,20211101,195000,9.94,9.94,9.94,9.94,400,0
IGA.US,5,20211101,195500,9.95,9.95,9.95,9.95,2500,0
IGA.US,5,20211101,200000,9.95,9.95,9.95,9.95,400,0
IGA.US,5,20211101,200500,9.95,9.95,9.95,9.95,700,0
IGA.US,5,20211101,201000,9.96,9.96,9.9558,9.9558,400,0
IGA.US,5,20211101,201500,9.95,9.95,9.95,9.95,200,0
IGA.US,5,20211101,202000,9.95,9.95,9.95,9.95,200,0
IGA.US,5,20211101,202500,9.95,9.95,9.95,9.95,200,0
IGA.US,5,20211101,203000,9.96,9.96,9.95,9.95,404,0
IGA.US,5,20211101,203500,9.95,9.95,9.95,9.95,600,0
IGA.US,5,20211101,204000,9.95,9.96,9.95,9.96,1537,0
IGA.US,5,20211101,205500,9.97,10.02,9.97,10.02,3221,0
IGA.US,5,20211102,143000,10,10,10,10,2413,0
IGA.US,5,20211102,145000,10.03,10.03,10.03,10.03,100,0
IGA.US,5,20211102,150000,10.03,10.03,10.03,10.03,100,0
IGA.US,5,20211102,151000,10.03,10.03,9.99,9.99,600,0
IGA.US,5,20211102,152000,10.02,10.02,10.02,10.02,100,0
IGA.US,5,20211102,152500,9.99,9.99,9.99,9.99,300,0
IGA.US,5,20211102,153000,10.005,10.0197,10.005,10.0197,590,0
IGA.US,5,20211102,153500,9.99,9.99,9.99,9.99,400,0
IGA.US,5,20211102,154500,10.02,10.02,10,10,299,0
IGA.US,5,20211102,155500,10,10.005,10,10,400,0
IGA.US,5,20211102,160000,10.005,10.005,10.005,10.005,200,0
IGA.US,5,20211102,160500,9.99,9.99,9.99,9.99,301,0
IGA.US,5,20211102,162000,10.01,10.01,10.01,10.01,100,0
IGA.US,5,20211102,162500,10.02,10.02,10.01,10.01,300,0
IGA.US,5,20211102,163000,10.01,10.01,10,10,400,0
IGA.US,5,20211102,163500,10.02,10.02,10.02,10.02,200,0
IGA.US,5,20211102,164000,10.02,10.02,10.02,10.02,100,0
IGA.US,5,20211102,164500,10.01,10.01,10,10.01,660,0
IGA.US,5,20211102,165000,10.02,10.02,10.02,10.02,2600,0
IGA.US,5,20211102,165500,10,10,10,10,100,0
IGA.US,5,20211102,170000,10,10,10,10,200,0
IGA.US,5,20211102,172500,10,10.02,10,10.02,500,0
IGA.US,5,20211102,174500,10.01,10.01,10.01,10.01,300,0
IGA.US,5,20211102,175000,10.01,10.01,10.01,10.01,100,0
IGA.US,5,20211102,175500,10.01,10.01,10.01,10.01,100,0
IGA.US,5,20211102,181000,10.02,10.02,10.02,10.02,100,0
IGA.US,5,20211102,182000,10.01,10.01,10.01,10.01,300,0
IGA.US,5,20211102,183000,10,10,10,10,100,0
IGA.US,5,20211102,183500,10.015,10.015,10,10,395,0
IGA.US,5,20211102,185000,10.02,10.02,10.02,10.02,100,0
IGA.US,5,20211102,185500,10.01,10.02,10.01,10.0166,1609,0
IGA.US,5,20211102,190000,10.015,10.02,10.015,10.02,678,0
IGA.US,5,20211102,190500,10.02,10.02,10.02,10.02,162,0
IGA.US,5,20211102,191000,10.03,10.03,10.03,10.03,1300,0
IGA.US,5,20211102,192000,10.02,10.02,10.02,10.02,100,0
IGA.US,5,20211102,192500,10.01,10.01,10.01,10.01,400,0
IGA.US,5,20211102,193500,10.01,10.01,10.01,10.01,100,0
IGA.US,5,20211102,194000,10.03,10.03,10.03,10.03,124,0
IGA.US,5,20211102,194500,10.01,10.01,10.01,10.01,300,0
IGA.US,5,20211102,195500,10.03,10.03,10.03,10.03,100,0
IGA.US,5,20211102,200000,10.01,10.01,10.01,10.01,300,0
IGA.US,5,20211102,201500,10,10,10,10,400,0
IGA.US,5,20211102,202500,10.01,10.01,10.01,10.01,376,0
IGA.US,5,20211102,203000,10.01,10.01,10.01,10.01,100,0
IGA.US,5,20211102,203500,10.01,10.01,10,10,300,0
IGA.US,5,20211102,204000,10.01,10.01,10,10.01,500,0
IGA.US,5,20211102,205000,9.98,9.98,9.98,9.98,300,0
IGA.US,5,20211102,205500,9.98,10.03,9.97,10.03,4335,0
IGA.US,5,20211103,143000,10.03,10.03,10.03,10.03,6690,0
IGA.US,5,20211103,150000,10.0138,10.02,10.0138,10.02,800,0
IGA.US,5,20211103,150500,9.99,10.02,9.99,10.02,1313,0
IGA.US,5,20211103,152000,10,10,10,10,262,0
IGA.US,5,20211103,152500,9.9704,10.01,9.97,10.01,3125,0
IGA.US,5,20211103,154500,10.01,10.01,9.98,10.01,3898,0
IGA.US,5,20211103,155000,10.01,10.01,10.01,10.01,220,0
IGA.US,5,20211103,160000,10.01,10.01,9.98,9.98,1201,0
IGA.US,5,20211103,161000,9.98,9.98,9.98,9.98,201,0
IGA.US,5,20211103,162500,9.97,9.995,9.97,9.995,600,0
IGA.US,5,20211103,165000,9.98,9.98,9.97,9.97,400,0
IGA.US,5,20211103,170000,9.982,10.0099,9.982,10.0099,239,0
IGA.US,5,20211103,171500,9.97,9.97,9.97,9.97,400,0
IGA.US,5,20211103,173000,9.97,9.97,9.97,9.97,400,0
IGA.US,5,20211103,175000,9.98,9.98,9.98,9.98,100,0
IGA.US,5,20211103,175500,9.97,9.97,9.97,9.97,400,0
IGA.US,5,20211103,181500,9.96,9.96,9.96,9.96,302,0
IGA.US,5,20211103,183000,9.96,9.96,9.96,9.96,100,0
IGA.US,5,20211103,183500,9.96,9.96,9.96,9.96,346,0
IGA.US,5,20211103,185000,9.96,9.96,9.96,9.96,100,0
IGA.US,5,20211103,185500,9.96,9.96,9.96,9.96,346,0
IGA.US,5,20211103,190500,9.97,9.98,9.97,9.98,200,0
IGA.US,5,20211103,191000,9.97,9.97,9.97,9.97,399,0
IGA.US,5,20211103,192000,9.97,9.97,9.97,9.97,100,0
IGA.US,5,20211103,192500,9.97,9.97,9.97,9.97,400,0
IGA.US,5,20211103,194000,9.99,9.99,9.99,9.99,300,0
IGA.US,5,20211103,195000,9.98,9.98,9.98,9.98,100,0
IGA.US,5,20211103,195500,9.98,9.98,9.98,9.98,400,0
IGA.US,5,20211103,200500,9.98,9.98,9.98,9.98,100,0
IGA.US,5,20211103,201000,10,10,10,10,100,0
IGA.US,5,20211103,201500,10.0078,10.0078,10,10,790,0
IGA.US,5,20211103,202000,10,10,10,10,400,0
IGA.US,5,20211103,203000,10,10,10,10,400,0
IGA.US,5,20211103,204000,10,10,10,10,300,0
IGA.US,5,20211103,204500,9.98,9.98,9.98,9.98,400,0
IGA.US,5,20211103,205000,10.01,10.01,9.97,9.97,555,0
IGA.US,5,20211103,205500,9.97,10.02,9.97,10.02,1910,0
IGA.US,5,20211104,143000,10,10,10,10,2985,0
IGA.US,5,20211104,144000,10.005,10.005,9.96,9.965,5600,0
IGA.US,5,20211104,145000,9.97,9.97,9.97,9.97,100,0
IGA.US,5,20211104,145500,9.97,9.99,9.97,9.99,500,0
IGA.US,5,20211104,150500,9.99,10.0107,9.97,9.97,3276,0
IGA.US,5,20211104,151000,9.97,9.97,9.97,9.97,100,0
IGA.US,5,20211104,151500,9.97,9.97,9.97,9.97,400,0
IGA.US,5,20211104,152500,9.99,9.99,9.99,9.99,100,0
IGA.US,5,20211104,153000,9.99,9.99,9.99,9.99,400,0
IGA.US,5,20211104,153500,9.99,9.99,9.99,9.99,400,0
IGA.US,5,20211104,154000,9.99,9.99,9.99,9.99,100,0
IGA.US,5,20211104,154500,9.99,9.99,9.99,9.99,100,0
IGA.US,5,20211104,155000,9.99,9.99,9.99,9.99,300,0
IGA.US,5,20211104,155500,9.99,9.99,9.99,9.99,500,0
IGA.US,5,20211104,160000,10,10,9.99,9.99,1100,0
IGA.US,5,20211104,160500,9.985,9.985,9.985,9.985,300,0
IGA.US,5,20211104,163000,9.99,9.99,9.99,9.99,100,0
IGA.US,5,20211104,163500,9.99,9.99,9.99,9.99,300,0
IGA.US,5,20211104,164500,9.98,9.98,9.98,9.98,200,0
IGA.US,5,20211104,165500,9.99,9.99,9.99,9.99,400,0
IGA.US,5,20211104,170000,9.99,9.99,9.98,9.98,300,0
IGA.US,5,20211104,171000,9.99,9.99,9.99,9.99,400,0
IGA.US,5,20211104,172500,9.99,9.99,9.98,9.99,820,0
IGA.US,5,20211104,174000,9.9971,9.9971,9.99,9.99,658,0
IGA.US,5,20211104,175500,9.999,9.999,9.99,9.99,900,0
IGA.US,5,20211104,180500,9.99,9.9925,9.99,9.9925,604,0
IGA.US,5,20211104,181000,9.98,9.99,9.98,9.99,900,0
IGA.US,5,20211104,181500,9.9915,9.9915,9.99,9.99,513,0
IGA.US,5,20211104,183000,9.99,9.99,9.99,9.99,399,0
IGA.US,5,20211104,183500,9.99,9.99,9.98,9.99,400,0
IGA.US,5,20211104,184500,9.99,9.99,9.99,9.99,100,0
IGA.US,5,20211104,185500,9.99,9.99,9.99,9.99,400,0
IGA.US,5,20211104,191500,9.9916,9.9916,9.99,9.99,538,0
IGA.US,5,20211104,192000,9.99,9.99,9.99,9.99,100,0
IGA.US,5,20211104,192500,9.9934,9.9934,9.99,9.99,2200,0
IGA.US,5,20211104,193000,9.99,9.99,9.99,9.99,400,0
IGA.US,5,20211104,193500,9.99,9.99,9.99,9.99,200,0
IGA.US,5,20211104,194000,9.99,9.99,9.99,9.99,600,0
IGA.US,5,20211104,194500,9.99,9.99,9.98,9.985,4000,0
IGA.US,5,20211104,195000,9.99,9.99,9.985,9.985,500,0
IGA.US,5,20211104,195500,9.98,9.99,9.98,9.99,600,0
IGA.US,5,20211104,200000,9.99,9.99,9.98,9.985,500,0
IGA.US,5,20211104,200500,9.98,9.99,9.98,9.99,900,0
IGA.US,5,20211104,201000,9.98,9.985,9.98,9.98,300,0
IGA.US,5,20211104,201500,9.985,9.9885,9.98,9.9885,306,0
IGA.US,5,20211104,202000,9.985,9.985,9.98,9.98,200,0
IGA.US,5,20211104,202500,9.98,9.985,9.98,9.985,200,0
IGA.US,5,20211104,203000,9.98,9.985,9.98,9.985,800,0
IGA.US,5,20211104,203500,9.985,9.985,9.98,9.98,288,0
IGA.US,5,20211104,204000,9.98,9.99,9.98,9.98,1099,0
IGA.US,5,20211104,204500,9.98,9.98,9.98,9.98,800,0
IGA.US,5,20211104,205000,9.98,9.98,9.98,9.98,700,0
IGA.US,5,20211104,205500,9.98,10,9.98,9.98,1800,0
IGA.US,5,20211105,143000,10.04,10.04,10.04,10.04,3532,0
IGA.US,5,20211105,151000,10.03,10.03,10.03,10.03,100,0
IGA.US,5,20211105,151500,10.02,10.02,10.02,10.02,400,0
IGA.US,5,20211105,152000,10.05,10.05,10.05,10.05,100,0
IGA.US,5,20211105,152500,10.03,10.04,10.03,10.03,400,0
IGA.US,5,20211105,153000,10.035,10.035,10.035,10.035,200,0
IGA.US,5,20211105,153500,10.02,10.02,10.02,10.02,400,0
IGA.US,5,20211105,154500,10,10,10,10,100,0
IGA.US,5,20211105,155000,10.02,10.02,10,10,400,0
IGA.US,5,20211105,160000,9.98,10.01,9.98,9.98,300,0
IGA.US,5,20211105,161000,9.98,9.98,9.98,9.98,100,0
IGA.US,5,20211105,161500,9.98,9.98,9.98,9.98,400,0
IGA.US,5,20211105,163000,10.025,10.025,10.01,10.01,300,0
IGA.US,5,20211105,163500,10.0064,10.0064,10.0064,10.0064,1100,0
IGA.US,5,20211105,164500,10,10,10,10,400,0
IGA.US,5,20211105,165000,10.005,10.005,9.99,9.99,500,0
IGA.US,5,20211105,170500,9.995,9.995,9.99,9.99,500,0
IGA.US,5,20211105,173000,9.99,9.99,9.99,9.99,500,0
IGA.US,5,20211105,174500,9.98,9.98,9.98,9.98,200,0
IGA.US,5,20211105,175000,9.98,9.98,9.98,9.98,400,0
IGA.US,5,20211105,180500,9.98,9.98,9.98,9.98,100,0
IGA.US,5,20211105,181500,9.98,9.98,9.98,9.98,300,0
IGA.US,5,20211105,182000,9.98,9.98,9.98,9.98,200,0
IGA.US,5,20211105,183000,9.98,9.98,9.98,9.98,400,0
IGA.US,5,20211105,184500,9.98,9.98,9.98,9.98,100,0
IGA.US,5,20211105,185000,9.98,9.98,9.98,9.98,400,0
IGA.US,5,20211105,185500,9.98,9.98,9.98,9.98,1250,0
IGA.US,5,20211105,191000,9.98,9.98,9.98,9.98,512,0
IGA.US,5,20211105,191500,9.97,9.97,9.97,9.97,350,0
IGA.US,5,20211105,192500,9.9756,9.9756,9.96,9.96,1025,0
IGA.US,5,20211105,193000,9.94,9.94,9.94,9.94,150,0
IGA.US,5,20211105,194000,9.95,9.95,9.95,9.95,100,0
IGA.US,5,20211105,194500,9.95,9.95,9.95,9.95,400,0
IGA.US,5,20211105,200000,9.965,9.965,9.96,9.96,500,0
IGA.US,5,20211105,201500,9.96,9.965,9.96,9.965,800,0
IGA.US,5,20211105,202000,9.965,9.965,9.96,9.96,500,0
IGA.US,5,20211105,202500,9.97,9.97,9.965,9.965,300,0
IGA.US,5,20211105,203000,9.97,9.97,9.97,9.97,200,0
IGA.US,5,20211105,203500,9.97,9.99,9.97,9.99,1155,0
IGA.US,5,20211105,204000,9.99,9.99,9.99,9.99,200,0
IGA.US,5,20211105,204500,9.99,9.99,9.99,9.99,200,0
IGA.US,5,20211105,205000,9.99,9.99,9.99,9.99,300,0
IGA.US,5,20211105,205500,9.97,9.99,9.96,9.96,2061,0
IGA.US,5,20211108,153000,10.02,10.02,10.02,10.02,3522,0
IGA.US,5,20211108,153500,10.02,10.02,10.02,10.02,100,0
IGA.US,5,20211108,155000,10.03,10.03,10.03,10.03,100,0
IGA.US,5,20211108,155500,10.025,10.03,10.025,10.03,6100,0
IGA.US,5,20211108,160000,10.025,10.03,10.025,10.03,1000,0
IGA.US,5,20211108,160500,10.025,10.03,10.025,10.03,300,0
IGA.US,5,20211108,161500,10.025,10.03,10.025,10.03,800,0
IGA.US,5,20211108,162000,10.025,10.025,10.025,10.025,300,0
IGA.US,5,20211108,162500,10.03,10.03,10.03,10.03,424,0
IGA.US,5,20211108,163000,10.03,10.03,10.03,10.03,100,0
IGA.US,5,20211108,165500,10.03,10.03,10.03,10.03,465,0
IGA.US,5,20211108,170000,10.03,10.03,10.03,10.03,100,0
IGA.US,5,20211108,171000,10.02,10.02,10.02,10.02,162,0
IGA.US,5,20211108,172500,10.03,10.03,10.0263,10.0263,400,0
IGA.US,5,20211108,173000,10.025,10.025,10.025,10.025,125,0
IGA.US,5,20211108,175500,10.03,10.03,10.03,10.03,584,0
IGA.US,5,20211108,181000,10.035,10.035,10.035,10.035,100,0
IGA.US,5,20211108,183000,10.04,10.04,10.04,10.04,400,0
IGA.US,5,20211108,183500,10.04,10.04,10.03,10.03,5332,0
IGA.US,5,20211108,184500,10.03,10.04,10.0297,10.04,4088,0
IGA.US,5,20211108,185000,10.04,10.04,10.03,10.03,950,0
IGA.US,5,20211108,190000,10.03,10.03,10.03,10.03,200,0
IGA.US,5,20211108,190500,10.03,10.0365,10.03,10.03,300,0
IGA.US,5,20211108,194500,10.04,10.04,10.04,10.04,900,0
IGA.US,5,20211108,195000,10.035,10.035,10.0314,10.0314,1000,0
IGA.US,5,20211108,200000,10.04,10.04,10.04,10.04,1000,0
IGA.US,5,20211108,201000,10.04,10.04,10.04,10.04,400,0
IGA.US,5,20211108,201500,10.04,10.04,10.04,10.04,2600,0
IGA.US,5,20211108,202000,10.04,10.04,10.03,10.04,3187,0
IGA.US,5,20211108,202500,10.035,10.035,10.035,10.035,100,0
IGA.US,5,20211108,204500,10.035,10.035,10.035,10.035,500,0
IGA.US,5,20211108,205000,10.04,10.04,10.04,10.04,872,0
IGA.US,5,20211108,210000,10.04,10.04,10.04,10.04,100,0
IGA.US,5,20211108,210500,10.04,10.04,10.04,10.04,300,0
IGA.US,5,20211108,211000,10.04,10.04,10.04,10.04,211,0
IGA.US,5,20211108,211500,10.04,10.04,10.04,10.04,1300,0
IGA.US,5,20211108,212000,10.04,10.04,10.04,10.04,200,0
IGA.US,5,20211108,212500,10.04,10.045,10.04,10.045,927,0
IGA.US,5,20211108,213500,10.04,10.04,10.04,10.04,1337,0
IGA.US,5,20211108,215000,10.05,10.05,10.05,10.05,472,0
IGA.US,5,20211108,215500,10.0451,10.05,10.04,10.04,1181,0
IGA.US,5,20211109,153000,10.04,10.04,10.04,10.04,3599,0
IGA.US,5,20211109,153500,10.05,10.05,10.0356,10.0356,245,0
IGA.US,5,20211109,154500,10.04,10.04,10.04,10.04,800,0
IGA.US,5,20211109,155000,10.05,10.05,10.05,10.05,100,0
IGA.US,5,20211109,155500,10.05,10.05,10.05,10.05,100,0
IGA.US,5,20211109,161000,10.04,10.04,10.02,10.04,2100,0
IGA.US,5,20211109,162000,10.04,10.04,10.04,10.04,100,0
IGA.US,5,20211109,162500,10.04,10.04,10.04,10.04,200,0
IGA.US,5,20211109,170000,10.04,10.04,10.04,10.04,400,0
IGA.US,5,20211109,170500,10.04,10.04,10.04,10.04,300,0
IGA.US,5,20211109,171000,10.04,10.05,10.0398,10.05,6936,0
IGA.US,5,20211109,171500,10.04,10.04,10.04,10.04,400,0
IGA.US,5,20211109,172000,10.05,10.05,10.05,10.05,10360,0
IGA.US,5,20211109,172500,10.05,10.05,10.045,10.05,1096,0
IGA.US,5,20211109,173000,10.05,10.05,10.05,10.05,1125,0
IGA.US,5,20211109,173500,10.06,10.07,10.06,10.07,400,0
IGA.US,5,20211109,174000,10.07,10.07,10.07,10.07,400,0
IGA.US,5,20211109,175500,10.06,10.06,10.06,10.06,380,0
IGA.US,5,20211109,181000,10.07,10.07,10.06,10.06,1700,0
IGA.US,5,20211109,183500,10.06,10.06,10.0537,10.0537,500,0
IGA.US,5,20211109,184500,10.06,10.06,10.06,10.06,100,0
IGA.US,5,20211109,191500,10.06,10.07,10.06,10.07,397,0
IGA.US,5,20211109,192500,10.06,10.06,10.051,10.051,800,0
IGA.US,5,20211109,194000,10.07,10.07,10.07,10.07,100,0
IGA.US,5,20211109,205000,10.07,10.07,10.0621,10.07,4890,0
IGA.US,5,20211109,212000,10.07,10.07,10.07,10.07,1200,0
IGA.US,5,20211109,214000,10.07,10.07,10.06,10.06,400,0
IGA.US,5,20211109,214500,10.07,10.07,10.07,10.07,100,0
IGA.US,5,20211109,215000,10.07,10.07,10.0697,10.07,11830,0
IGA.US,5,20211109,215500,10.07,10.08,10.07,10.08,1060,0
IGA.US,5,20211110,153000,9.9501,10.09,9.9501,10.09,450,0
IGA.US,5,20211110,153500,10.085,10.1,10.085,10.1,800,0
IGA.US,5,20211110,154000,10.11,10.11,10.11,10.11,200,0
IGA.US,5,20211110,154500,10.11,10.11,10.11,10.11,100,0
IGA.US,5,20211110,155000,10.1,10.1,10.1,10.1,200,0
IGA.US,5,20211110,155500,10.11,10.11,10.1,10.11,505,0
IGA.US,5,20211110,160000,10.0942,10.0942,10.0942,10.0942,100,0
IGA.US,5,20211110,160500,10.11,10.11,10.11,10.11,100,0
IGA.US,5,20211110,161000,10.12,10.12,10.12,10.12,100,0
IGA.US,5,20211110,161500,10.12,10.13,10.1198,10.13,3341,0
IGA.US,5,20211110,162000,10.13,10.13,10.13,10.13,700,0
IGA.US,5,20211110,162500,10.13,10.14,10.13,10.14,566,0
IGA.US,5,20211110,163000,10.14,10.14,10.14,10.14,200,0
IGA.US,5,20211110,163500,10.14,10.14,10.14,10.14,300,0
IGA.US,5,20211110,164000,10.14,10.14,10.14,10.14,900,0
IGA.US,5,20211110,164500,10.1416,10.15,10.1416,10.15,596,0
IGA.US,5,20211110,165000,10.15,10.16,10.14,10.1497,2450,0
IGA.US,5,20211110,165500,10.15,10.15,10.13,10.13,2400,0
IGA.US,5,20211110,170000,10.13,10.14,10.13,10.14,2900,0
IGA.US,5,20211110,170500,10.14,10.14,10.14,10.14,100,0
IGA.US,5,20211110,171000,10.15,10.15,10.15,10.15,100,0
IGA.US,5,20211110,171500,10.15,10.15,10.15,10.15,100,0
IGA.US,5,20211110,172000,10.15,10.15,10.15,10.15,100,0
IGA.US,5,20211110,172500,10.15,10.15,10.15,10.15,400,0
IGA.US,5,20211110,173000,10.15,10.15,10.15,10.15,100,0
IGA.US,5,20211110,173500,10.147,10.147,10.147,10.147,2900,0
IGA.US,5,20211110,175000,10.143,10.143,10.1401,10.1401,500,0
IGA.US,5,20211110,175500,10.1405,10.1412,10.1405,10.1412,300,0
IGA.US,5,20211110,180000,10.14,10.14,10.14,10.14,534,0
IGA.US,5,20211110,183500,10.14,10.14,10.14,10.14,773,0
IGA.US,5,20211110,184000,10.14,10.14,10.14,10.14,500,0
IGA.US,5,20211110,185000,10.14,10.14,10.14,10.14,1000,0
IGA.US,5,20211110,185500,10.14,10.14,10.14,10.14,524,0
IGA.US,5,20211110,190000,10.14,10.14,10.14,10.14,600,0
IGA.US,5,20211110,190500,10.14,10.14,10.12,10.12,2700,0
IGA.US,5,20211110,191500,10.115,10.115,10.115,10.115,500,0
IGA.US,5,20211110,192000,10.12,10.12,10.11,10.11,3500,0
IGA.US,5,20211110,192500,10.12,10.14,10.12,10.14,2000,0
IGA.US,5,20211110,193000,10.1232,10.1232,10.12,10.12,300,0
IGA.US,5,20211110,194000,10.12,10.12,10.12,10.12,300,0
IGA.US,5,20211110,195000,10.12,10.12,10.11,10.12,1700,0
IGA.US,5,20211110,195500,10.11,10.12,10.11,10.12,679,0
IGA.US,5,20211110,200000,10.12,10.12,10.12,10.12,347,0
IGA.US,5,20211110,200500,10.11,10.11,10.11,10.11,189,0
IGA.US,5,20211110,201000,10.11,10.11,10.11,10.11,548,0
IGA.US,5,20211110,201500,10.1,10.115,10.1,10.115,1545,0
IGA.US,5,20211110,202000,10.12,10.12,10.12,10.12,1100,0
IGA.US,5,20211110,202500,10.1136,10.13,10.1136,10.13,975,0
IGA.US,5,20211110,203000,10.12,10.12,10.11,10.12,1400,0
IGA.US,5,20211110,203500,10.115,10.14,10.115,10.14,2500,0
IGA.US,5,20211110,204000,10.14,10.14,10.09,10.09,4200,0
IGA.US,5,20211110,204500,10.1,10.1,10.1,10.1,1100,0
IGA.US,5,20211110,205000,10.1,10.13,10.1,10.13,2000,0
IGA.US,5,20211110,205500,10.1,10.15,10.1,10.15,5400,0
IGA.US,5,20211110,210000,10.13,10.15,10.13,10.15,3200,0
IGA.US,5,20211110,210500,10.1307,10.1307,10.1307,10.1307,100,0
IGA.US,5,20211110,211000,10.14,10.14,10.14,10.14,394,0
IGA.US,5,20211110,211500,10.13,10.14,10.13,10.14,1247,0
IGA.US,5,20211110,212000,10.14,10.15,10.13,10.15,5950,0
IGA.US,5,20211110,212500,10.14,10.14,10.14,10.14,100,0
IGA.US,5,20211110,213000,10.14,10.16,10.14,10.14,9832,0
IGA.US,5,20211110,213500,10.14,10.14,10.14,10.14,1268,0
IGA.US,5,20211110,214000,10.14,10.14,10.13,10.13,2400,0
IGA.US,5,20211110,214500,10.135,10.135,10.13,10.13,482,0
IGA.US,5,20211110,215000,10.13,10.13,10.13,10.13,300,0
IGA.US,5,20211110,215500,10.135,10.14,10.13,10.14,3975,0
IGA.US,5,20211111,153000,10.18,10.18,10.17,10.17,7222,0
IGA.US,5,20211111,153500,10.17,10.18,10.14,10.14,4600,0
IGA.US,5,20211111,154000,10.13,10.15,10.13,10.14,1400,0
IGA.US,5,20211111,154500,10.14,10.14,10.13,10.13,700,0
IGA.US,5,20211111,155000,10.14,10.15,10.14,10.14,700,0
IGA.US,5,20211111,155500,10.14,10.14,10.14,10.14,300,0
IGA.US,5,20211111,160000,10.14,10.14,10.14,10.14,300,0
IGA.US,5,20211111,160500,10.14,10.14,10.14,10.14,1300,0
IGA.US,5,20211111,161000,10.14,10.14,10.14,10.14,300,0
IGA.US,5,20211111,161500,10.14,10.15,10.14,10.14,1175,0
IGA.US,5,20211111,162000,10.14,10.15,10.13,10.13,2376,0
IGA.US,5,20211111,162500,10.14,10.14,10.14,10.14,300,0
IGA.US,5,20211111,163000,10.14,10.14,10.14,10.14,300,0
IGA.US,5,20211111,163500,10.14,10.14,10.14,10.14,300,0
IGA.US,5,20211111,164000,10.14,10.14,10.14,10.14,400,0
IGA.US,5,20211111,165000,10.14,10.15,10.14,10.145,2175,0
IGA.US,5,20211111,165500,10.145,10.145,10.145,10.145,1600,0
IGA.US,5,20211111,172000,10.145,10.145,10.145,10.145,1000,0
IGA.US,5,20211111,172500,10.145,10.145,10.145,10.145,500,0
IGA.US,5,20211111,173500,10.1471,10.1471,10.135,10.1398,6056,0
IGA.US,5,20211111,174000,10.135,10.135,10.135,10.135,1700,0
IGA.US,5,20211111,174500,10.135,10.135,10.13,10.13,800,0
IGA.US,5,20211111,180500,10.14,10.14,10.14,10.14,300,0
IGA.US,5,20211111,181000,10.14,10.14,10.14,10.14,200,0
IGA.US,5,20211111,181500,10.14,10.14,10.14,10.14,100,0
IGA.US,5,20211111,182000,10.14,10.14,10.14,10.14,200,0
IGA.US,5,20211111,182500,10.14,10.14,10.14,10.14,200,0
IGA.US,5,20211111,183000,10.14,10.14,10.14,10.14,400,0
IGA.US,5,20211111,183500,10.14,10.14,10.14,10.14,400,0
IGA.US,5,20211111,184000,10.14,10.14,10.14,10.14,1900,0
IGA.US,5,20211111,184500,10.14,10.14,10.14,10.14,800,0
IGA.US,5,20211111,185000,10.14,10.14,10.14,10.14,500,0
IGA.US,5,20211111,185500,10.14,10.14,10.14,10.14,500,0
IGA.US,5,20211111,190000,10.14,10.14,10.14,10.14,1319,0
IGA.US,5,20211111,190500,10.14,10.14,10.14,10.14,1000,0
IGA.US,5,20211111,192500,10.145,10.145,10.14,10.145,400,0
IGA.US,5,20211111,193500,10.15,10.16,10.15,10.16,4250,0
IGA.US,5,20211111,194000,10.16,10.16,10.16,10.16,1800,0
IGA.US,5,20211111,200500,10.16,10.16,10.16,10.16,100,0
IGA.US,5,20211111,201000,10.16,10.16,10.16,10.16,300,0
IGA.US,5,20211111,201500,10.16,10.16,10.16,10.16,3950,0
IGA.US,5,20211111,202000,10.16,10.16,10.16,10.16,600,0
IGA.US,5,20211111,202500,10.16,10.16,10.16,10.16,600,0
IGA.US,5,20211111,203000,10.16,10.16,10.16,10.16,500,0
IGA.US,5,20211111,203500,10.16,10.16,10.16,10.16,700,0
IGA.US,5,20211111,204000,10.16,10.16,10.16,10.16,600,0
IGA.US,5,20211111,204500,10.16,10.16,10.16,10.16,700,0
IGA.US,5,20211111,205000,10.16,10.16,10.16,10.16,600,0
IGA.US,5,20211111,205500,10.16,10.16,10.16,10.16,900,0
IGA.US,5,20211111,210000,10.16,10.16,10.16,10.16,3300,0
IGA.US,5,20211111,211000,10.17,10.17,10.17,10.17,200,0
IGA.US,5,20211111,211500,10.17,10.17,10.17,10.17,980,0
IGA.US,5,20211111,212000,10.17,10.17,10.17,10.17,900,0
IGA.US,5,20211111,212500,10.17,10.17,10.17,10.17,1000,0
IGA.US,5,20211111,213000,10.18,10.18,10.18,10.18,200,0
IGA.US,5,20211111,213500,10.18,10.18,10.18,10.18,1800,0
IGA.US,5,20211111,214000,10.18,10.18,10.18,10.18,2300,0
IGA.US,5,20211111,214500,10.18,10.18,10.17,10.18,4800,0
IGA.US,5,20211111,215000,10.18,10.18,10.18,10.18,6500,0
IGA.US,5,20211111,215500,10.18,10.19,10.18,10.19,2022,0
